param nn:= 145;
set F:=
4
14
18
21
22
24
25
29
32
33
36
37
38
39
40
44
48
54
55
56
58
68
69
75
76
77
84
88
93
94
;
set NC:=
94
;
param: E: d:=
1 19 2.500000
21 0 2.500000
19 21 2.500000
21 4 2.500000
5 2 2.500000
6 9 2.500000
7 8 2.500000
29 10 2.500000
11 29 2.500000
30 11 2.500000
8 12 2.500000
12 28 2.500000
24 15 2.500000
4 16 2.500000
16 23 2.500000
19 17 2.500000
17 20 2.500000
22 18 2.500000
18 21 2.500000
14 26 2.500000
3 13 2.500000
131 6 1.500000
83 132 1.500000
133 84 1.500000
27 33 2.500000
33 86 2.500000
86 88 2.500000
88 90 2.500000
90 92 2.500000
92 94 2.500000
94 96 2.500000
96 97 2.500000
97 101 2.500000
101 103 2.500000
103 105 2.500000
105 107 2.500000
107 109 2.500000
109 111 2.500000
111 113 2.500000
113 114 2.500000
114 115 2.500000
118 117 2.500000
117 116 2.500000
116 112 2.500000
112 110 2.500000
110 108 2.500000
108 106 2.500000
106 104 2.500000
104 102 2.500000
102 100 2.500000
100 95 2.500000
95 93 2.500000
93 91 2.500000
91 89 2.500000
89 87 2.500000
87 85 2.500000
85 34 2.500000
34 25 2.500000
23 36 2.500000
36 49 2.500000
49 51 2.500000
51 53 2.500000
53 56 2.500000
56 57 2.500000
57 59 2.500000
59 62 2.500000
62 64 2.500000
63 61 2.500000
61 60 2.500000
60 58 2.500000
58 55 2.500000
55 54 2.500000
54 52 2.500000
52 50 2.500000
50 35 2.500000
35 24 2.500000
20 38 2.500000
38 39 2.500000
39 40 2.500000
40 41 2.500000
41 46 2.500000
46 48 2.500000
48 99 2.500000
47 45 2.500000
45 44 2.500000
44 43 2.500000
43 42 2.500000
42 37 2.500000
37 22 2.500000
9 119 2.500000
119 1 2.500000
119 120 2.500000
120 130 1.500000
9 121 2.500000
121 3 2.500000
121 7 2.500000
10 122 2.500000
122 9 2.500000
28 32 2.500000
32 65 2.500000
65 67 2.500000
67 69 2.500000
69 71 2.500000
71 73 2.500000
73 75 2.500000
75 77 2.500000
77 79 2.500000
79 81 2.500000
81 83 2.500000
84 82 2.500000
82 80 2.500000
80 78 2.500000
78 76 2.500000
76 74 2.500000
74 72 2.500000
72 70 2.500000
70 68 2.500000
66 31 2.500000
31 30 2.500000
123 121 2.500000
123 119 2.500000
0 123 2.500000
2 123 2.500000
26 123 2.500000
115 134 1.500000
135 118 1.500000
137 126 1.500000
126 124 2.500000
124 63 2.500000
64 125 2.500000
125 127 2.500000
127 136 1.500000
139 128 1.500000
128 98 2.500000
99 129 2.500000
129 138 1.500000
98 140 2.078734
140 47 0.421266
15 141 1.275782
141 5 1.224218
68 142 2.174214
142 66 0.325786
13 143 0.641447
143 27 1.858553
25 144 2.364992
144 14 0.135008
142 28 2.561390
28 143 2.885989
143 144 1.023119
144 141 1.871273
141 16 1.672341
16 140 6.830243
;
param s:=
4 133
14 133
18 135
21 137
22 139
24 133
25 131
29 135
32 135
33 133
36 133
37 133
38 135
39 135
40 137
44 133
48 139
54 135
55 135
56 139
58 135
68 135
69 131
75 131
76 131
77 131
84 131
88 131
93 131
94 142
;
param e:=
4 130
14 130
18 130
21 130
22 130
24 130
25 134
29 130
32 130
33 130
36 130
37 130
38 130
39 130
40 130
44 130
48 130
54 130
55 130
56 130
58 130
68 130
69 132
75 134
76 134
77 134
84 134
88 132
93 134
94 140
;
param v_min:=2.375
;
param v_max:=2.625
;
param :conflictsNodes: angle:=
0 21 123 1.000000
0 123 21 1.000000
1 19 119 1.000000
1 119 19 1.000000
2 5 123 1.000000
2 123 5 1.000000
3 13 121 1.000000
3 121 13 1.000000
4 16 21 1.000000
4 21 16 1.000000
7 8 121 1.000000
7 121 8 1.000000
8 7 12 1.000000
8 12 7 1.000000
9 6 119 1.000000
9 119 6 1.000000
9 6 121 1.000000
9 121 6 1.000000
9 6 122 1.000000
9 122 6 1.000000
9 119 121 1.000000
9 121 119 1.000000
9 119 122 1.000000
9 122 119 1.000000
9 121 122 1.000000
9 122 121 1.000000
10 29 122 1.000000
10 122 29 1.000000
11 29 30 1.000000
11 30 29 1.000000
12 8 28 1.000000
12 28 8 1.000000
16 4 23 1.000000
16 23 4 1.000000
17 19 20 1.000000
17 20 19 1.000000
18 21 22 1.000000
18 22 21 1.000000
19 1 21 1.000000
19 21 1 1.000000
19 1 17 1.000000
19 17 1 1.000000
19 17 21 1.000000
19 21 17 1.000000
20 17 38 1.000000
20 38 17 1.000000
21 0 19 1.000000
21 19 0 1.000000
21 0 4 1.000000
21 4 0 1.000000
21 0 18 1.000000
21 18 0 1.000000
21 4 19 1.000000
21 19 4 1.000000
21 4 18 1.478880
21 18 4 1.478880
21 18 19 1.000000
21 19 18 1.000000
22 18 37 1.000000
22 37 18 1.000000
23 16 36 1.000000
23 36 16 1.000000
24 15 35 1.000000
24 35 15 1.000000
26 14 123 1.000000
26 123 14 1.000000
28 12 32 1.000000
28 32 12 1.000000
29 10 11 1.000000
29 11 10 1.000000
30 11 31 1.000000
30 31 11 1.000000
31 30 66 1.000000
31 66 30 1.000000
32 28 65 1.000000
32 65 28 1.000000
33 27 86 1.000000
33 86 27 1.000000
34 25 85 1.000000
34 85 25 1.000000
35 24 50 1.000000
35 50 24 1.000000
36 23 49 1.000000
36 49 23 1.000000
37 22 42 1.000000
37 42 22 1.000000
38 20 39 1.000000
38 39 20 1.000000
39 38 40 1.000000
39 40 38 1.000000
40 39 41 1.000000
40 41 39 1.000000
41 40 46 1.000000
41 46 40 1.000000
42 37 43 1.000000
42 43 37 1.000000
43 42 44 1.000000
43 44 42 1.000000
44 43 45 1.000000
44 45 43 1.000000
45 44 47 1.000000
45 47 44 1.000000
46 41 48 1.000000
46 48 41 1.000000
48 46 99 1.000000
48 99 46 1.000000
49 36 51 1.000000
49 51 36 1.000000
50 35 52 1.000000
50 52 35 1.000000
51 49 53 1.000000
51 53 49 1.000000
52 50 54 1.000000
52 54 50 1.000000
53 51 56 1.000000
53 56 51 1.000000
54 52 55 1.000000
54 55 52 1.000000
55 54 58 1.000000
55 58 54 1.000000
56 53 57 1.000000
56 57 53 1.000000
57 56 59 1.000000
57 59 56 1.000000
58 55 60 1.000000
58 60 55 1.000000
59 57 62 1.000000
59 62 57 1.000000
60 58 61 1.000000
60 61 58 1.000000
61 60 63 1.000000
61 63 60 1.000000
62 59 64 1.000000
62 64 59 1.000000
63 61 124 1.000000
63 124 61 1.000000
64 62 125 1.000000
64 125 62 1.000000
65 32 67 1.000000
65 67 32 1.000000
67 65 69 1.000000
67 69 65 1.000000
69 67 71 1.000000
69 71 67 1.000000
70 68 72 1.000000
70 72 68 1.000000
71 69 73 1.000000
71 73 69 1.000000
72 70 74 1.000000
72 74 70 1.000000
73 71 75 1.000000
73 75 71 1.000000
74 72 76 1.000000
74 76 72 1.000000
75 73 77 1.000000
75 77 73 1.000000
76 74 78 1.000000
76 78 74 1.000000
77 75 79 1.000000
77 79 75 1.000000
78 76 80 1.000000
78 80 76 1.000000
79 77 81 1.000000
79 81 77 1.000000
80 78 82 1.000000
80 82 78 1.000000
81 79 83 1.000000
81 83 79 1.000000
82 80 84 1.000000
82 84 80 1.000000
85 34 87 1.000000
85 87 34 1.000000
86 33 88 1.000000
86 88 33 1.000000
87 85 89 1.000000
87 89 85 1.000000
88 86 90 1.000000
88 90 86 1.000000
89 87 91 1.000000
89 91 87 1.000000
90 88 92 1.000000
90 92 88 1.000000
91 89 93 1.000000
91 93 89 1.000000
92 90 94 1.000000
92 94 90 1.000000
93 91 95 1.000000
93 95 91 1.000000
94 92 96 1.000000
94 96 92 1.000000
95 93 100 1.000000
95 100 93 1.000000
96 94 97 1.000000
96 97 94 1.000000
97 96 101 1.000000
97 101 96 1.000000
99 48 129 1.000000
99 129 48 1.000000
100 95 102 1.000000
100 102 95 1.000000
101 97 103 1.000000
101 103 97 1.000000
102 100 104 1.000000
102 104 100 1.000000
103 101 105 1.000000
103 105 101 1.000000
104 102 106 1.000000
104 106 102 1.000000
105 103 107 1.000000
105 107 103 1.000000
106 104 108 1.000000
106 108 104 1.000000
107 105 109 1.000000
107 109 105 1.000000
108 106 110 1.000000
108 110 106 1.000000
109 107 111 1.000000
109 111 107 1.000000
110 108 112 1.000000
110 112 108 1.000000
111 109 113 1.000000
111 113 109 1.000000
112 110 116 1.000000
112 116 110 1.000000
113 111 114 1.000000
113 114 111 1.000000
114 113 115 1.000000
114 115 113 1.000000
116 112 117 1.000000
116 117 112 1.000000
117 116 118 1.000000
117 118 116 1.000000
119 9 120 1.000000
119 120 9 1.000000
119 9 123 1.000000
119 123 9 1.000000
119 1 9 1.000000
119 9 1 1.000000
119 1 120 1.000000
119 120 1 1.000000
119 1 123 1.000000
119 123 1 1.000000
119 120 123 1.000000
119 123 120 1.000000
121 9 123 1.000000
121 123 9 1.000000
121 3 9 1.000000
121 9 3 1.000000
121 3 7 1.416150
121 7 3 1.416150
121 3 123 1.000000
121 123 3 1.000000
121 7 9 1.000000
121 9 7 1.000000
121 7 123 1.000000
121 123 7 1.000000
122 9 10 1.000000
122 10 9 1.000000
123 0 2 1.478880
123 2 0 1.478880
123 0 26 1.000000
123 26 0 1.000000
123 0 121 1.000000
123 121 0 1.000000
123 0 119 1.000000
123 119 0 1.000000
123 2 26 1.357350
123 26 2 1.357350
123 2 121 1.000000
123 121 2 1.000000
123 2 119 1.000000
123 119 2 1.000000
123 26 121 1.000000
123 121 26 1.000000
123 26 119 1.000000
123 119 26 1.000000
123 119 121 1.000000
123 121 119 1.000000
124 63 126 1.000000
124 126 63 1.000000
125 64 127 1.000000
125 127 64 1.000000
140 98 47 1.000000
140 47 98 1.000000
47 140 45 1.000000
47 45 140 1.000000
98 140 128 1.000000
98 128 140 1.000000
141 15 5 1.000000
141 5 15 1.000000
5 141 2 1.000000
5 2 141 1.000000
15 141 24 1.000000
15 24 141 1.000000
142 68 66 1.000000
142 66 68 1.000000
66 142 31 1.000000
66 31 142 1.000000
68 142 70 1.000000
68 70 142 1.000000
143 13 27 1.000000
143 27 13 1.000000
13 143 3 1.000000
13 3 143 1.000000
27 143 33 1.000000
27 33 143 1.000000
144 25 14 1.000000
144 14 25 1.000000
14 144 26 1.000000
14 26 144 1.000000
25 144 34 1.000000
25 34 144 1.000000
28 142 143 1.000000
28 143 142 1.000000
143 28 144 1.000000
143 144 28 1.000000
144 143 141 1.000000
144 141 143 1.000000
141 144 16 1.000000
141 16 144 1.000000
16 141 140 1.000000
16 140 141 1.000000
142 68 28 1.000000
142 28 68 1.000000
142 66 28 1.809776
142 28 66 1.809776
28 12 142 1.000000
28 142 12 1.000000
28 12 143 1.809776
28 143 12 1.809776
28 32 142 1.809776
28 142 32 1.809776
28 32 143 1.000000
28 143 32 1.000000
143 13 28 1.000000
143 28 13 1.000000
143 13 144 1.020197
143 144 13 1.020197
143 27 28 1.020197
143 28 27 1.020197
143 27 144 1.000000
143 144 27 1.000000
144 25 143 1.020197
144 143 25 1.020197
144 25 141 1.000000
144 141 25 1.000000
144 14 143 1.000000
144 143 14 1.000000
144 14 141 1.020197
144 141 14 1.020197
141 15 144 1.000000
141 144 15 1.000000
141 15 16 1.236596
141 16 15 1.236596
141 5 144 1.236596
141 144 5 1.236596
141 5 16 1.000000
141 16 5 1.000000
16 4 141 1.236596
16 141 4 1.236596
16 4 140 1.000000
16 140 4 1.000000
16 23 141 1.000000
16 141 23 1.000000
16 23 140 1.236596
16 140 23 1.236596
140 98 16 1.000000
140 16 98 1.000000
140 47 16 5.050555
140 16 47 5.050555
;
param D:=0.5;
param t_hat_ear:=
4 133 16.0
4 84 17.0
4 82 18.0
4 80 19.0
4 78 20.0
4 76 21.0
4 74 22.0
4 72 23.0
4 70 24.0
4 68 25.0
4 142 25.869685423975596
4 66 26.0
4 31 27.0
4 30 28.0
4 11 29.0
4 29 30.0
4 10 31.0
4 122 32.0
4 9 33.0
4 119 34.0
4 120 35.0
4 130 36.0
14 133 14.0
14 84 15.0
14 82 16.0
14 80 17.0
14 78 18.0
14 76 19.0
14 74 20.0
14 72 21.0
14 70 22.0
14 68 23.0
14 142 23.869685423975596
14 66 24.0
14 31 25.0
14 30 26.0
14 11 27.0
14 29 28.0
14 10 29.0
14 122 30.0
14 9 31.0
14 119 32.0
14 120 33.0
14 130 34.0
18 135 8.0
18 118 9.0
18 117 10.0
18 116 11.0
18 112 12.0
18 110 13.0
18 108 14.0
18 106 15.0
18 104 16.0
18 102 17.0
18 100 18.0
18 95 19.0
18 93 20.0
18 91 21.0
18 89 22.0
18 87 23.0
18 85 24.0
18 34 25.0
18 25 26.0
18 144 26.94599671736735
18 14 27.0
18 26 28.0
18 123 29.0
18 119 30.0
18 120 31.0
18 130 32.0
21 137 27.0
21 126 28.0
21 124 29.0
21 63 30.0
21 61 31.0
21 60 32.0
21 58 33.0
21 55 34.0
21 54 35.0
21 52 36.0
21 50 37.0
21 35 38.0
21 24 39.0
21 15 40.0
21 141 40.510312818736175
21 5 41.0
21 2 42.0
21 123 43.0
21 119 44.0
21 120 45.0
21 130 46.0
22 139 28.0
22 128 29.0
22 98 30.0
22 140 30.831493696887986
22 47 31.0
22 45 32.0
22 44 33.0
22 43 34.0
22 42 35.0
22 37 36.0
22 22 37.0
22 18 38.0
22 21 39.0
22 0 40.0
22 123 41.0
22 119 42.0
22 120 43.0
22 130 44.0
24 133 18.0
24 84 19.0
24 82 20.0
24 80 21.0
24 78 22.0
24 76 23.0
24 74 24.0
24 72 25.0
24 70 26.0
24 68 27.0
24 142 27.869685423975596
24 66 28.0
24 31 29.0
24 30 30.0
24 11 31.0
24 29 32.0
24 10 33.0
24 122 34.0
24 9 35.0
24 119 36.0
24 120 37.0
24 130 38.0
25 131 10.0
25 6 11.0
25 9 12.0
25 121 13.0
25 3 14.0
25 13 15.0
25 143 15.25657878824994
25 27 16.0
25 33 17.0
25 86 18.0
25 88 19.0
25 90 20.0
25 92 21.0
25 94 22.0
25 96 23.0
25 97 24.0
25 101 25.0
25 103 26.0
25 105 27.0
25 107 28.0
25 109 29.0
25 111 30.0
25 113 31.0
25 114 32.0
25 115 33.0
25 134 34.0
29 135 28.0
29 118 29.0
29 117 30.0
29 116 31.0
29 112 32.0
29 110 33.0
29 108 34.0
29 106 35.0
29 104 36.0
29 102 37.0
29 100 38.0
29 95 39.0
29 93 40.0
29 91 41.0
29 89 42.0
29 87 43.0
29 85 44.0
29 34 45.0
29 25 46.0
29 144 46.94599671736735
29 14 47.0
29 26 48.0
29 123 49.0
29 119 50.0
29 120 51.0
29 130 52.0
32 135 16.0
32 118 17.0
32 117 18.0
32 116 19.0
32 112 20.0
32 110 21.0
32 108 22.0
32 106 23.0
32 104 24.0
32 102 25.0
32 100 26.0
32 95 27.0
32 93 28.0
32 91 29.0
32 89 30.0
32 87 31.0
32 85 32.0
32 34 33.0
32 25 34.0
32 144 34.94599671736735
32 14 35.0
32 26 36.0
32 123 37.0
32 119 38.0
32 120 39.0
32 130 40.0
33 133 49.0
33 84 50.0
33 82 51.0
33 80 52.0
33 78 53.0
33 76 54.0
33 74 55.0
33 72 56.0
33 70 57.0
33 68 58.0
33 142 58.8696854239756
33 66 59.0
33 31 60.0
33 30 61.0
33 11 62.0
33 29 63.0
33 10 64.0
33 122 65.0
33 9 66.0
33 119 67.0
33 120 68.0
33 130 69.0
36 133 28.0
36 84 29.0
36 82 30.0
36 80 31.0
36 78 32.0
36 76 33.0
36 74 34.0
36 72 35.0
36 70 36.0
36 68 37.0
36 142 37.8696854239756
36 66 38.0
36 31 39.0
36 30 40.0
36 11 41.0
36 29 42.0
36 10 43.0
36 122 44.0
36 9 45.0
36 119 46.0
36 120 47.0
36 130 48.0
37 133 36.0
37 84 37.0
37 82 38.0
37 80 39.0
37 78 40.0
37 76 41.0
37 74 42.0
37 72 43.0
37 70 44.0
37 68 45.0
37 142 45.8696854239756
37 66 46.0
37 31 47.0
37 30 48.0
37 11 49.0
37 29 50.0
37 10 51.0
37 122 52.0
37 9 53.0
37 119 54.0
37 120 55.0
37 130 56.0
38 135 26.0
38 118 27.0
38 117 28.0
38 116 29.0
38 112 30.0
38 110 31.0
38 108 32.0
38 106 33.0
38 104 34.0
38 102 35.0
38 100 36.0
38 95 37.0
38 93 38.0
38 91 39.0
38 89 40.0
38 87 41.0
38 85 42.0
38 34 43.0
38 25 44.0
38 144 44.94599671736735
38 14 45.0
38 26 46.0
38 123 47.0
38 119 48.0
38 120 49.0
38 130 50.0
39 135 18.0
39 118 19.0
39 117 20.0
39 116 21.0
39 112 22.0
39 110 23.0
39 108 24.0
39 106 25.0
39 104 26.0
39 102 27.0
39 100 28.0
39 95 29.0
39 93 30.0
39 91 31.0
39 89 32.0
39 87 33.0
39 85 34.0
39 34 35.0
39 25 36.0
39 144 36.94599671736735
39 14 37.0
39 26 38.0
39 123 39.0
39 119 40.0
39 120 41.0
39 130 42.0
40 137 48.0
40 126 49.0
40 124 50.0
40 63 51.0
40 61 52.0
40 60 53.0
40 58 54.0
40 55 55.0
40 54 56.0
40 52 57.0
40 50 58.0
40 35 59.0
40 24 60.0
40 15 61.0
40 141 61.510312818736175
40 5 62.0
40 2 63.0
40 123 64.0
40 119 65.0
40 120 66.0
40 130 67.0
44 133 39.0
44 84 40.0
44 82 41.0
44 80 42.0
44 78 43.0
44 76 44.0
44 74 45.0
44 72 46.0
44 70 47.0
44 68 48.0
44 142 48.8696854239756
44 66 49.0
44 31 50.0
44 30 51.0
44 11 52.0
44 29 53.0
44 10 54.0
44 122 55.0
44 9 56.0
44 119 57.0
44 120 58.0
44 130 59.0
48 139 49.0
48 128 50.0
48 98 51.0
48 140 51.83149369688798
48 47 52.0
48 45 53.0
48 44 54.0
48 43 55.0
48 42 56.0
48 37 57.0
48 22 58.0
48 18 59.0
48 21 60.0
48 0 61.0
48 123 62.0
48 119 63.0
48 120 64.0
48 130 65.0
54 135 39.0
54 118 40.0
54 117 41.0
54 116 42.0
54 112 43.0
54 110 44.0
54 108 45.0
54 106 46.0
54 104 47.0
54 102 48.0
54 100 49.0
54 95 50.0
54 93 51.0
54 91 52.0
54 89 53.0
54 87 54.0
54 85 55.0
54 34 56.0
54 25 57.0
54 144 57.94599671736735
54 14 58.0
54 26 59.0
54 123 60.0
54 119 61.0
54 120 62.0
54 130 63.0
55 135 49.0
55 118 50.0
55 117 51.0
55 116 52.0
55 112 53.0
55 110 54.0
55 108 55.0
55 106 56.0
55 104 57.0
55 102 58.0
55 100 59.0
55 95 60.0
55 93 61.0
55 91 62.0
55 89 63.0
55 87 64.0
55 85 65.0
55 34 66.0
55 25 67.0
55 144 67.94599671736735
55 14 68.0
55 26 69.0
55 123 70.0
55 119 71.0
55 120 72.0
55 130 73.0
56 139 38.0
56 128 39.0
56 98 40.0
56 140 40.83149369688798
56 47 41.0
56 45 42.0
56 44 43.0
56 43 44.0
56 42 45.0
56 37 46.0
56 22 47.0
56 18 48.0
56 21 49.0
56 0 50.0
56 123 51.0
56 119 52.0
56 120 53.0
56 130 54.0
58 135 37.0
58 118 38.0
58 117 39.0
58 116 40.0
58 112 41.0
58 110 42.0
58 108 43.0
58 106 44.0
58 104 45.0
58 102 46.0
58 100 47.0
58 95 48.0
58 93 49.0
58 91 50.0
58 89 51.0
58 87 52.0
58 85 53.0
58 34 54.0
58 25 55.0
58 144 55.94599671736735
58 14 56.0
58 26 57.0
58 123 58.0
58 119 59.0
58 120 60.0
58 130 61.0
68 135 47.0
68 118 48.0
68 117 49.0
68 116 50.0
68 112 51.0
68 110 52.0
68 108 53.0
68 106 54.0
68 104 55.0
68 102 56.0
68 100 57.0
68 95 58.0
68 93 59.0
68 91 60.0
68 89 61.0
68 87 62.0
68 85 63.0
68 34 64.0
68 25 65.0
68 144 65.94599671736735
68 14 66.0
68 26 67.0
68 123 68.0
68 119 69.0
68 120 70.0
68 130 71.0
69 131 39.0
69 6 40.0
69 9 41.0
69 121 42.0
69 7 43.0
69 8 44.0
69 12 45.0
69 28 46.0
69 32 47.0
69 65 48.0
69 67 49.0
69 69 50.0
69 71 51.0
69 73 52.0
69 75 53.0
69 77 54.0
69 79 55.0
69 81 56.0
69 83 57.0
69 132 58.0
75 131 37.0
75 6 38.0
75 9 39.0
75 121 40.0
75 3 41.0
75 13 42.0
75 143 42.25657878824994
75 27 43.0
75 33 44.0
75 86 45.0
75 88 46.0
75 90 47.0
75 92 48.0
75 94 49.0
75 96 50.0
75 97 51.0
75 101 52.0
75 103 53.0
75 105 54.0
75 107 55.0
75 109 56.0
75 111 57.0
75 113 58.0
75 114 59.0
75 115 60.0
75 134 61.0
76 131 45.0
76 6 46.0
76 9 47.0
76 121 48.0
76 3 49.0
76 13 50.0
76 143 50.25657878824994
76 27 51.0
76 33 52.0
76 86 53.0
76 88 54.0
76 90 55.0
76 92 56.0
76 94 57.0
76 96 58.0
76 97 59.0
76 101 60.0
76 103 61.0
76 105 62.0
76 107 63.0
76 109 64.0
76 111 65.0
76 113 66.0
76 114 67.0
76 115 68.0
76 134 69.0
77 131 35.0
77 6 36.0
77 9 37.0
77 121 38.0
77 3 39.0
77 13 40.0
77 143 40.25657878824994
77 27 41.0
77 33 42.0
77 86 43.0
77 88 44.0
77 90 45.0
77 92 46.0
77 94 47.0
77 96 48.0
77 97 49.0
77 101 50.0
77 103 51.0
77 105 52.0
77 107 53.0
77 109 54.0
77 111 55.0
77 113 56.0
77 114 57.0
77 115 58.0
77 134 59.0
84 131 47.0
84 6 48.0
84 9 49.0
84 121 50.0
84 3 51.0
84 13 52.0
84 143 52.25657878824994
84 27 53.0
84 33 54.0
84 86 55.0
84 88 56.0
84 90 57.0
84 92 58.0
84 94 59.0
84 96 60.0
84 97 61.0
84 101 62.0
84 103 63.0
84 105 64.0
84 107 65.0
84 109 66.0
84 111 67.0
84 113 68.0
84 114 69.0
84 115 70.0
84 134 71.0
88 131 49.0
88 6 50.0
88 9 51.0
88 121 52.0
88 7 53.0
88 8 54.0
88 12 55.0
88 28 56.0
88 32 57.0
88 65 58.0
88 67 59.0
88 69 60.0
88 71 61.0
88 73 62.0
88 75 63.0
88 77 64.0
88 79 65.0
88 81 66.0
88 83 67.0
88 132 68.0
93 131 41.0
93 6 42.0
93 9 43.0
93 121 44.0
93 3 45.0
93 13 46.0
93 143 46.25657878824994
93 27 47.0
93 33 48.0
93 86 49.0
93 88 50.0
93 90 51.0
93 92 52.0
93 94 53.0
93 96 54.0
93 97 55.0
93 101 56.0
93 103 57.0
93 105 58.0
93 107 59.0
93 109 60.0
93 111 61.0
93 113 62.0
93 114 63.0
93 115 64.0
93 134 65.0
94 142 33
94 28 35.56138968330096
94 143 38.44737843096424
94 144 39.47049724701618
94 141 41.341770557111886
94 16 43.01411175105964
94 140 49.84435464053528
;
param t_hat_lat:=
4 133 17.0
4 84 18.0
4 82 19.0
4 80 20.0
4 78 21.0
4 76 22.0
4 74 23.0
4 72 24.0
4 70 25.0
4 68 26.0
4 142 26.869685423975596
4 66 27.0
4 31 28.0
4 30 29.0
4 11 30.0
4 29 31.0
4 10 32.0
4 122 33.0
4 9 34.0
4 119 35.0
4 120 36.0
4 130 37.0
14 133 15.0
14 84 16.0
14 82 17.0
14 80 18.0
14 78 19.0
14 76 20.0
14 74 21.0
14 72 22.0
14 70 23.0
14 68 24.0
14 142 24.869685423975596
14 66 25.0
14 31 26.0
14 30 27.0
14 11 28.0
14 29 29.0
14 10 30.0
14 122 31.0
14 9 32.0
14 119 33.0
14 120 34.0
14 130 35.0
18 135 9.0
18 118 10.0
18 117 11.0
18 116 12.0
18 112 13.0
18 110 14.0
18 108 15.0
18 106 16.0
18 104 17.0
18 102 18.0
18 100 19.0
18 95 20.0
18 93 21.0
18 91 22.0
18 89 23.0
18 87 24.0
18 85 25.0
18 34 26.0
18 25 27.0
18 144 27.94599671736735
18 14 28.0
18 26 29.0
18 123 30.0
18 119 31.0
18 120 32.0
18 130 33.0
21 137 28.0
21 126 29.0
21 124 30.0
21 63 31.0
21 61 32.0
21 60 33.0
21 58 34.0
21 55 35.0
21 54 36.0
21 52 37.0
21 50 38.0
21 35 39.0
21 24 40.0
21 15 41.0
21 141 41.510312818736175
21 5 42.0
21 2 43.0
21 123 44.0
21 119 45.0
21 120 46.0
21 130 47.0
22 139 29.0
22 128 30.0
22 98 31.0
22 140 31.831493696887986
22 47 32.0
22 45 33.0
22 44 34.0
22 43 35.0
22 42 36.0
22 37 37.0
22 22 38.0
22 18 39.0
22 21 40.0
22 0 41.0
22 123 42.0
22 119 43.0
22 120 44.0
22 130 45.0
24 133 19.0
24 84 20.0
24 82 21.0
24 80 22.0
24 78 23.0
24 76 24.0
24 74 25.0
24 72 26.0
24 70 27.0
24 68 28.0
24 142 28.869685423975596
24 66 29.0
24 31 30.0
24 30 31.0
24 11 32.0
24 29 33.0
24 10 34.0
24 122 35.0
24 9 36.0
24 119 37.0
24 120 38.0
24 130 39.0
25 131 11.0
25 6 12.0
25 9 13.0
25 121 14.0
25 3 15.0
25 13 16.0
25 143 16.25657878824994
25 27 17.0
25 33 18.0
25 86 19.0
25 88 20.0
25 90 21.0
25 92 22.0
25 94 23.0
25 96 24.0
25 97 25.0
25 101 26.0
25 103 27.0
25 105 28.0
25 107 29.0
25 109 30.0
25 111 31.0
25 113 32.0
25 114 33.0
25 115 34.0
25 134 35.0
29 135 29.0
29 118 30.0
29 117 31.0
29 116 32.0
29 112 33.0
29 110 34.0
29 108 35.0
29 106 36.0
29 104 37.0
29 102 38.0
29 100 39.0
29 95 40.0
29 93 41.0
29 91 42.0
29 89 43.0
29 87 44.0
29 85 45.0
29 34 46.0
29 25 47.0
29 144 47.94599671736735
29 14 48.0
29 26 49.0
29 123 50.0
29 119 51.0
29 120 52.0
29 130 53.0
32 135 17.0
32 118 18.0
32 117 19.0
32 116 20.0
32 112 21.0
32 110 22.0
32 108 23.0
32 106 24.0
32 104 25.0
32 102 26.0
32 100 27.0
32 95 28.0
32 93 29.0
32 91 30.0
32 89 31.0
32 87 32.0
32 85 33.0
32 34 34.0
32 25 35.0
32 144 35.94599671736735
32 14 36.0
32 26 37.0
32 123 38.0
32 119 39.0
32 120 40.0
32 130 41.0
33 133 50.0
33 84 51.0
33 82 52.0
33 80 53.0
33 78 54.0
33 76 55.0
33 74 56.0
33 72 57.0
33 70 58.0
33 68 59.0
33 142 59.8696854239756
33 66 60.0
33 31 61.0
33 30 62.0
33 11 63.0
33 29 64.0
33 10 65.0
33 122 66.0
33 9 67.0
33 119 68.0
33 120 69.0
33 130 70.0
36 133 29.0
36 84 30.0
36 82 31.0
36 80 32.0
36 78 33.0
36 76 34.0
36 74 35.0
36 72 36.0
36 70 37.0
36 68 38.0
36 142 38.8696854239756
36 66 39.0
36 31 40.0
36 30 41.0
36 11 42.0
36 29 43.0
36 10 44.0
36 122 45.0
36 9 46.0
36 119 47.0
36 120 48.0
36 130 49.0
37 133 37.0
37 84 38.0
37 82 39.0
37 80 40.0
37 78 41.0
37 76 42.0
37 74 43.0
37 72 44.0
37 70 45.0
37 68 46.0
37 142 46.8696854239756
37 66 47.0
37 31 48.0
37 30 49.0
37 11 50.0
37 29 51.0
37 10 52.0
37 122 53.0
37 9 54.0
37 119 55.0
37 120 56.0
37 130 57.0
38 135 27.0
38 118 28.0
38 117 29.0
38 116 30.0
38 112 31.0
38 110 32.0
38 108 33.0
38 106 34.0
38 104 35.0
38 102 36.0
38 100 37.0
38 95 38.0
38 93 39.0
38 91 40.0
38 89 41.0
38 87 42.0
38 85 43.0
38 34 44.0
38 25 45.0
38 144 45.94599671736735
38 14 46.0
38 26 47.0
38 123 48.0
38 119 49.0
38 120 50.0
38 130 51.0
39 135 19.0
39 118 20.0
39 117 21.0
39 116 22.0
39 112 23.0
39 110 24.0
39 108 25.0
39 106 26.0
39 104 27.0
39 102 28.0
39 100 29.0
39 95 30.0
39 93 31.0
39 91 32.0
39 89 33.0
39 87 34.0
39 85 35.0
39 34 36.0
39 25 37.0
39 144 37.94599671736735
39 14 38.0
39 26 39.0
39 123 40.0
39 119 41.0
39 120 42.0
39 130 43.0
40 137 49.0
40 126 50.0
40 124 51.0
40 63 52.0
40 61 53.0
40 60 54.0
40 58 55.0
40 55 56.0
40 54 57.0
40 52 58.0
40 50 59.0
40 35 60.0
40 24 61.0
40 15 62.0
40 141 62.510312818736175
40 5 63.0
40 2 64.0
40 123 65.0
40 119 66.0
40 120 67.0
40 130 68.0
44 133 40.0
44 84 41.0
44 82 42.0
44 80 43.0
44 78 44.0
44 76 45.0
44 74 46.0
44 72 47.0
44 70 48.0
44 68 49.0
44 142 49.8696854239756
44 66 50.0
44 31 51.0
44 30 52.0
44 11 53.0
44 29 54.0
44 10 55.0
44 122 56.0
44 9 57.0
44 119 58.0
44 120 59.0
44 130 60.0
48 139 50.0
48 128 51.0
48 98 52.0
48 140 52.83149369688798
48 47 53.0
48 45 54.0
48 44 55.0
48 43 56.0
48 42 57.0
48 37 58.0
48 22 59.0
48 18 60.0
48 21 61.0
48 0 62.0
48 123 63.0
48 119 64.0
48 120 65.0
48 130 66.0
54 135 40.0
54 118 41.0
54 117 42.0
54 116 43.0
54 112 44.0
54 110 45.0
54 108 46.0
54 106 47.0
54 104 48.0
54 102 49.0
54 100 50.0
54 95 51.0
54 93 52.0
54 91 53.0
54 89 54.0
54 87 55.0
54 85 56.0
54 34 57.0
54 25 58.0
54 144 58.94599671736735
54 14 59.0
54 26 60.0
54 123 61.0
54 119 62.0
54 120 63.0
54 130 64.0
55 135 50.0
55 118 51.0
55 117 52.0
55 116 53.0
55 112 54.0
55 110 55.0
55 108 56.0
55 106 57.0
55 104 58.0
55 102 59.0
55 100 60.0
55 95 61.0
55 93 62.0
55 91 63.0
55 89 64.0
55 87 65.0
55 85 66.0
55 34 67.0
55 25 68.0
55 144 68.94599671736735
55 14 69.0
55 26 70.0
55 123 71.0
55 119 72.0
55 120 73.0
55 130 74.0
56 139 39.0
56 128 40.0
56 98 41.0
56 140 41.83149369688798
56 47 42.0
56 45 43.0
56 44 44.0
56 43 45.0
56 42 46.0
56 37 47.0
56 22 48.0
56 18 49.0
56 21 50.0
56 0 51.0
56 123 52.0
56 119 53.0
56 120 54.0
56 130 55.0
58 135 38.0
58 118 39.0
58 117 40.0
58 116 41.0
58 112 42.0
58 110 43.0
58 108 44.0
58 106 45.0
58 104 46.0
58 102 47.0
58 100 48.0
58 95 49.0
58 93 50.0
58 91 51.0
58 89 52.0
58 87 53.0
58 85 54.0
58 34 55.0
58 25 56.0
58 144 56.94599671736735
58 14 57.0
58 26 58.0
58 123 59.0
58 119 60.0
58 120 61.0
58 130 62.0
68 135 48.0
68 118 49.0
68 117 50.0
68 116 51.0
68 112 52.0
68 110 53.0
68 108 54.0
68 106 55.0
68 104 56.0
68 102 57.0
68 100 58.0
68 95 59.0
68 93 60.0
68 91 61.0
68 89 62.0
68 87 63.0
68 85 64.0
68 34 65.0
68 25 66.0
68 144 66.94599671736735
68 14 67.0
68 26 68.0
68 123 69.0
68 119 70.0
68 120 71.0
68 130 72.0
69 131 40.0
69 6 41.0
69 9 42.0
69 121 43.0
69 7 44.0
69 8 45.0
69 12 46.0
69 28 47.0
69 32 48.0
69 65 49.0
69 67 50.0
69 69 51.0
69 71 52.0
69 73 53.0
69 75 54.0
69 77 55.0
69 79 56.0
69 81 57.0
69 83 58.0
69 132 59.0
75 131 38.0
75 6 39.0
75 9 40.0
75 121 41.0
75 3 42.0
75 13 43.0
75 143 43.25657878824994
75 27 44.0
75 33 45.0
75 86 46.0
75 88 47.0
75 90 48.0
75 92 49.0
75 94 50.0
75 96 51.0
75 97 52.0
75 101 53.0
75 103 54.0
75 105 55.0
75 107 56.0
75 109 57.0
75 111 58.0
75 113 59.0
75 114 60.0
75 115 61.0
75 134 62.0
76 131 46.0
76 6 47.0
76 9 48.0
76 121 49.0
76 3 50.0
76 13 51.0
76 143 51.25657878824994
76 27 52.0
76 33 53.0
76 86 54.0
76 88 55.0
76 90 56.0
76 92 57.0
76 94 58.0
76 96 59.0
76 97 60.0
76 101 61.0
76 103 62.0
76 105 63.0
76 107 64.0
76 109 65.0
76 111 66.0
76 113 67.0
76 114 68.0
76 115 69.0
76 134 70.0
77 131 36.0
77 6 37.0
77 9 38.0
77 121 39.0
77 3 40.0
77 13 41.0
77 143 41.25657878824994
77 27 42.0
77 33 43.0
77 86 44.0
77 88 45.0
77 90 46.0
77 92 47.0
77 94 48.0
77 96 49.0
77 97 50.0
77 101 51.0
77 103 52.0
77 105 53.0
77 107 54.0
77 109 55.0
77 111 56.0
77 113 57.0
77 114 58.0
77 115 59.0
77 134 60.0
84 131 48.0
84 6 49.0
84 9 50.0
84 121 51.0
84 3 52.0
84 13 53.0
84 143 53.25657878824994
84 27 54.0
84 33 55.0
84 86 56.0
84 88 57.0
84 90 58.0
84 92 59.0
84 94 60.0
84 96 61.0
84 97 62.0
84 101 63.0
84 103 64.0
84 105 65.0
84 107 66.0
84 109 67.0
84 111 68.0
84 113 69.0
84 114 70.0
84 115 71.0
84 134 72.0
88 131 50.0
88 6 51.0
88 9 52.0
88 121 53.0
88 7 54.0
88 8 55.0
88 12 56.0
88 28 57.0
88 32 58.0
88 65 59.0
88 67 60.0
88 69 61.0
88 71 62.0
88 73 63.0
88 75 64.0
88 77 65.0
88 79 66.0
88 81 67.0
88 83 68.0
88 132 69.0
93 131 42.0
93 6 43.0
93 9 44.0
93 121 45.0
93 3 46.0
93 13 47.0
93 143 47.25657878824994
93 27 48.0
93 33 49.0
93 86 50.0
93 88 51.0
93 90 52.0
93 92 53.0
93 94 54.0
93 96 55.0
93 97 56.0
93 101 57.0
93 103 58.0
93 105 59.0
93 107 60.0
93 109 61.0
93 111 62.0
93 113 63.0
93 114 64.0
93 115 65.0
93 134 66.0
94 142 34
94 28 36.56138968330096
94 143 39.44737843096424
94 144 40.47049724701618
94 141 42.341770557111886
94 16 44.01411175105964
94 140 50.84435464053528
;
set fixedFlights :=
4 29 10
4 11 29
4 30 11
4 133 84
4 9 119
4 119 120
4 120 130
4 10 122
4 122 9
4 84 82
4 82 80
4 80 78
4 78 76
4 76 74
4 74 72
4 72 70
4 70 68
4 66 31
4 31 30
4 68 142
4 142 66
14 29 10
14 11 29
14 30 11
14 133 84
14 9 119
14 119 120
14 120 130
14 10 122
14 122 9
14 84 82
14 82 80
14 80 78
14 78 76
14 76 74
14 74 72
14 72 70
14 70 68
14 66 31
14 31 30
14 68 142
14 142 66
18 14 26
18 118 117
18 117 116
18 116 112
18 112 110
18 110 108
18 108 106
18 106 104
18 104 102
18 102 100
18 100 95
18 95 93
18 93 91
18 91 89
18 89 87
18 87 85
18 85 34
18 34 25
18 119 120
18 120 130
18 123 119
18 26 123
18 135 118
18 25 144
18 144 14
22 21 0
22 22 18
22 18 21
22 47 45
22 45 44
22 44 43
22 43 42
22 42 37
22 37 22
22 119 120
22 120 130
22 123 119
22 0 123
22 139 128
22 128 98
22 98 140
22 140 47
24 29 10
24 11 29
24 30 11
24 133 84
24 9 119
24 119 120
24 120 130
24 10 122
24 122 9
24 84 82
24 82 80
24 80 78
24 78 76
24 76 74
24 74 72
24 72 70
24 70 68
24 66 31
24 31 30
24 68 142
24 142 66
25 6 9
25 3 13
25 131 6
25 27 33
25 33 86
25 86 88
25 88 90
25 90 92
25 92 94
25 94 96
25 96 97
25 97 101
25 101 103
25 103 105
25 105 107
25 107 109
25 109 111
25 111 113
25 113 114
25 114 115
25 9 121
25 121 3
25 115 134
25 13 143
25 143 27
29 14 26
29 118 117
29 117 116
29 116 112
29 112 110
29 110 108
29 108 106
29 106 104
29 104 102
29 102 100
29 100 95
29 95 93
29 93 91
29 91 89
29 89 87
29 87 85
29 85 34
29 34 25
29 119 120
29 120 130
29 123 119
29 26 123
29 135 118
29 25 144
29 144 14
32 14 26
32 118 117
32 117 116
32 116 112
32 112 110
32 110 108
32 108 106
32 106 104
32 104 102
32 102 100
32 100 95
32 95 93
32 93 91
32 91 89
32 89 87
32 87 85
32 85 34
32 34 25
32 119 120
32 120 130
32 123 119
32 26 123
32 135 118
32 25 144
32 144 14
33 29 10
33 11 29
33 30 11
33 133 84
33 9 119
33 119 120
33 120 130
33 10 122
33 122 9
33 84 82
33 82 80
33 80 78
33 78 76
33 76 74
33 74 72
33 72 70
33 70 68
33 66 31
33 31 30
33 68 142
33 142 66
36 29 10
36 11 29
36 30 11
36 133 84
36 9 119
36 119 120
36 120 130
36 10 122
36 122 9
36 84 82
36 82 80
36 80 78
36 78 76
36 76 74
36 74 72
36 72 70
36 70 68
36 66 31
36 31 30
36 68 142
36 142 66
37 29 10
37 11 29
37 30 11
37 133 84
37 9 119
37 119 120
37 120 130
37 10 122
37 122 9
37 84 82
37 82 80
37 80 78
37 78 76
37 76 74
37 74 72
37 72 70
37 70 68
37 66 31
37 31 30
37 68 142
37 142 66
38 14 26
38 118 117
38 117 116
38 116 112
38 112 110
38 110 108
38 108 106
38 106 104
38 104 102
38 102 100
38 100 95
38 95 93
38 93 91
38 91 89
38 89 87
38 87 85
38 85 34
38 34 25
38 119 120
38 120 130
38 123 119
38 26 123
38 135 118
38 25 144
38 144 14
39 14 26
39 118 117
39 117 116
39 116 112
39 112 110
39 110 108
39 108 106
39 106 104
39 104 102
39 102 100
39 100 95
39 95 93
39 93 91
39 91 89
39 89 87
39 87 85
39 85 34
39 34 25
39 119 120
39 120 130
39 123 119
39 26 123
39 135 118
39 25 144
39 144 14
40 5 2
40 24 15
40 63 61
40 61 60
40 60 58
40 58 55
40 55 54
40 54 52
40 52 50
40 50 35
40 35 24
40 119 120
40 120 130
40 123 119
40 2 123
40 137 126
40 126 124
40 124 63
40 15 141
40 141 5
44 29 10
44 11 29
44 30 11
44 133 84
44 9 119
44 119 120
44 120 130
44 10 122
44 122 9
44 84 82
44 82 80
44 80 78
44 78 76
44 76 74
44 74 72
44 72 70
44 70 68
44 66 31
44 31 30
44 68 142
44 142 66
54 14 26
54 118 117
54 117 116
54 116 112
54 112 110
54 110 108
54 108 106
54 106 104
54 104 102
54 102 100
54 100 95
54 95 93
54 93 91
54 91 89
54 89 87
54 87 85
54 85 34
54 34 25
54 119 120
54 120 130
54 123 119
54 26 123
54 135 118
54 25 144
54 144 14
55 14 26
55 118 117
55 117 116
55 116 112
55 112 110
55 110 108
55 108 106
55 106 104
55 104 102
55 102 100
55 100 95
55 95 93
55 93 91
55 91 89
55 89 87
55 87 85
55 85 34
55 34 25
55 119 120
55 120 130
55 123 119
55 26 123
55 135 118
55 25 144
55 144 14
56 21 0
56 22 18
56 18 21
56 47 45
56 45 44
56 44 43
56 43 42
56 42 37
56 37 22
56 119 120
56 120 130
56 123 119
56 0 123
56 139 128
56 128 98
56 98 140
56 140 47
58 14 26
58 118 117
58 117 116
58 116 112
58 112 110
58 110 108
58 108 106
58 106 104
58 104 102
58 102 100
58 100 95
58 95 93
58 93 91
58 91 89
58 89 87
58 87 85
58 85 34
58 34 25
58 119 120
58 120 130
58 123 119
58 26 123
58 135 118
58 25 144
58 144 14
68 14 26
68 118 117
68 117 116
68 116 112
68 112 110
68 110 108
68 108 106
68 106 104
68 104 102
68 102 100
68 100 95
68 95 93
68 93 91
68 91 89
68 89 87
68 87 85
68 85 34
68 34 25
68 119 120
68 120 130
68 123 119
68 26 123
68 135 118
68 25 144
68 144 14
69 6 9
69 7 8
69 8 12
69 12 28
69 131 6
69 83 132
69 9 121
69 121 7
69 28 32
69 32 65
69 65 67
69 67 69
69 69 71
69 71 73
69 73 75
69 75 77
69 77 79
69 79 81
69 81 83
75 6 9
75 3 13
75 131 6
75 27 33
75 33 86
75 86 88
75 88 90
75 90 92
75 92 94
75 94 96
75 96 97
75 97 101
75 101 103
75 103 105
75 105 107
75 107 109
75 109 111
75 111 113
75 113 114
75 114 115
75 9 121
75 121 3
75 115 134
75 13 143
75 143 27
76 6 9
76 3 13
76 131 6
76 27 33
76 33 86
76 86 88
76 88 90
76 90 92
76 92 94
76 94 96
76 96 97
76 97 101
76 101 103
76 103 105
76 105 107
76 107 109
76 109 111
76 111 113
76 113 114
76 114 115
76 9 121
76 121 3
76 115 134
76 13 143
76 143 27
77 6 9
77 3 13
77 131 6
77 27 33
77 33 86
77 86 88
77 88 90
77 90 92
77 92 94
77 94 96
77 96 97
77 97 101
77 101 103
77 103 105
77 105 107
77 107 109
77 109 111
77 111 113
77 113 114
77 114 115
77 9 121
77 121 3
77 115 134
77 13 143
77 143 27
84 6 9
84 3 13
84 131 6
84 27 33
84 33 86
84 86 88
84 88 90
84 90 92
84 92 94
84 94 96
84 96 97
84 97 101
84 101 103
84 103 105
84 105 107
84 107 109
84 109 111
84 111 113
84 113 114
84 114 115
84 9 121
84 121 3
84 115 134
84 13 143
84 143 27
88 6 9
88 7 8
88 8 12
88 12 28
88 131 6
88 83 132
88 9 121
88 121 7
88 28 32
88 32 65
88 65 67
88 67 69
88 69 71
88 71 73
88 73 75
88 75 77
88 77 79
88 79 81
88 81 83
93 6 9
93 3 13
93 131 6
93 27 33
93 33 86
93 86 88
93 88 90
93 90 92
93 92 94
93 94 96
93 96 97
93 97 101
93 101 103
93 103 105
93 105 107
93 107 109
93 109 111
93 111 113
93 113 114
93 114 115
93 9 121
93 121 3
93 115 134
93 13 143
93 143 27
94 142 28
94 28 143
94 143 144
94 144 141
94 141 16
94 16 140
;
;
set inFlight:=
4
14
18
21
22
24
25
29
32
36
38
39
;
set passedFreeF:=
21 137 126
21 126 124
21 124 63
21 63 61
21 61 60
21 60 58
21 58 55
21 55 54
21 54 52
21 52 50
21 50 35
21 35 24
21 24 15
21 15 141
21 141 5
21 5 2
21 2 123
21 123 119
21 119 120
21 120 130
48 139 128
48 128 98
48 98 140
48 140 47
48 47 45
48 45 44
48 44 43
48 43 42
48 42 37
48 37 22
48 22 18
48 18 21
48 21 0
48 0 123
48 123 119
48 119 120
48 120 130
;
param tini := 32;
