param nn:= 146;
set F:=
4
6
7
10
12
15
16
17
21
28
30
34
35
37
41
42
43
45
46
47
48
63
69
71
72
77
78
80
81
;
set NC:=
81
;
param: E: d:=
1 19 2.500000
21 0 2.500000
19 21 2.500000
21 4 2.500000
5 2 2.500000
6 9 2.500000
7 8 2.500000
29 10 2.500000
11 29 2.500000
30 11 2.500000
8 12 2.500000
12 28 2.500000
15 5 2.500000
4 16 2.500000
19 17 2.500000
17 20 2.500000
22 18 2.500000
18 21 2.500000
14 26 2.500000
3 13 2.500000
131 6 1.500000
83 132 1.500000
133 84 1.500000
13 27 2.500000
33 86 2.500000
86 88 2.500000
88 90 2.500000
90 92 2.500000
92 94 2.500000
94 96 2.500000
96 97 2.500000
97 101 2.500000
101 103 2.500000
103 105 2.500000
105 107 2.500000
107 109 2.500000
109 111 2.500000
111 113 2.500000
113 114 2.500000
114 115 2.500000
118 117 2.500000
117 116 2.500000
116 112 2.500000
112 110 2.500000
110 108 2.500000
108 106 2.500000
106 104 2.500000
104 102 2.500000
102 100 2.500000
100 95 2.500000
95 93 2.500000
93 91 2.500000
91 89 2.500000
89 87 2.500000
87 85 2.500000
85 34 2.500000
25 14 2.500000
23 36 2.500000
36 49 2.500000
49 51 2.500000
51 53 2.500000
53 56 2.500000
56 57 2.500000
57 59 2.500000
59 62 2.500000
62 64 2.500000
63 61 2.500000
61 60 2.500000
60 58 2.500000
58 55 2.500000
55 54 2.500000
54 52 2.500000
52 50 2.500000
50 35 2.500000
35 24 2.500000
20 38 2.500000
38 39 2.500000
39 40 2.500000
40 41 2.500000
41 46 2.500000
46 48 2.500000
48 99 2.500000
98 47 2.500000
47 45 2.500000
45 44 2.500000
44 43 2.500000
43 42 2.500000
42 37 2.500000
37 22 2.500000
9 119 2.500000
119 1 2.500000
119 120 2.500000
120 130 1.500000
9 121 2.500000
121 3 2.500000
121 7 2.500000
10 122 2.500000
122 9 2.500000
28 32 2.500000
32 65 2.500000
65 67 2.500000
67 69 2.500000
69 71 2.500000
71 73 2.500000
73 75 2.500000
75 77 2.500000
77 79 2.500000
79 81 2.500000
81 83 2.500000
84 82 2.500000
82 80 2.500000
80 78 2.500000
76 74 2.500000
74 72 2.500000
72 70 2.500000
70 68 2.500000
68 66 2.500000
66 31 2.500000
31 30 2.500000
123 121 2.500000
123 119 2.500000
0 123 2.500000
2 123 2.500000
26 123 2.500000
115 134 1.500000
135 118 1.500000
137 126 1.500000
126 124 2.500000
124 63 2.500000
64 125 2.500000
125 127 2.500000
127 136 1.500000
139 128 1.500000
128 98 2.500000
129 138 1.500000
99 140 1.889117
140 129 0.610894
24 141 1.378106
141 15 1.121894
16 142 1.705912
142 23 0.794088
78 143 2.461688
143 76 0.038312
27 144 1.528510
144 33 0.971490
34 145 1.876673
145 25 0.623330
143 69 3.335072
69 144 6.016673
144 145 1.066223
145 141 2.701326
141 142 1.526060
142 45 5.341191
45 140 2.929712
;
param s:=
4 135
6 137
7 137
10 133
12 135
15 137
16 135
17 131
21 133
28 135
30 135
34 133
35 139
37 135
41 131
42 135
43 135
45 135
46 135
47 135
48 131
63 135
69 131
71 135
72 135
77 135
78 131
80 131
81 143
;
param e:=
4 130
6 130
7 130
10 130
12 130
15 130
16 130
17 134
21 130
28 130
30 130
34 130
35 130
37 130
41 134
42 130
43 130
45 130
46 130
47 130
48 132
63 130
69 132
71 130
72 130
77 130
78 132
80 132
81 140
;
param v_min:=2.375
;
param v_max:=2.625
;
param :conflictsNodes: angle:=
0 21 123 1.000000
0 123 21 1.000000
1 19 119 1.000000
1 119 19 1.000000
2 5 123 1.000000
2 123 5 1.000000
3 13 121 1.000000
3 121 13 1.000000
4 16 21 1.000000
4 21 16 1.000000
5 2 15 1.000000
5 15 2 1.000000
7 8 121 1.000000
7 121 8 1.000000
8 7 12 1.000000
8 12 7 1.000000
9 6 119 1.000000
9 119 6 1.000000
9 6 121 1.000000
9 121 6 1.000000
9 6 122 1.000000
9 122 6 1.000000
9 119 121 1.000000
9 121 119 1.000000
9 119 122 1.000000
9 122 119 1.000000
9 121 122 1.000000
9 122 121 1.000000
10 29 122 1.000000
10 122 29 1.000000
11 29 30 1.000000
11 30 29 1.000000
12 8 28 1.000000
12 28 8 1.000000
13 3 27 1.000000
13 27 3 1.000000
14 25 26 1.000000
14 26 25 1.000000
17 19 20 1.000000
17 20 19 1.000000
18 21 22 1.000000
18 22 21 1.000000
19 1 21 1.000000
19 21 1 1.000000
19 1 17 1.000000
19 17 1 1.000000
19 17 21 1.000000
19 21 17 1.000000
20 17 38 1.000000
20 38 17 1.000000
21 0 19 1.000000
21 19 0 1.000000
21 0 4 1.000000
21 4 0 1.000000
21 0 18 1.000000
21 18 0 1.000000
21 4 19 1.000000
21 19 4 1.000000
21 4 18 1.478880
21 18 4 1.478880
21 18 19 1.000000
21 19 18 1.000000
22 18 37 1.000000
22 37 18 1.000000
26 14 123 1.000000
26 123 14 1.000000
28 12 32 1.000000
28 32 12 1.000000
29 10 11 1.000000
29 11 10 1.000000
30 11 31 1.000000
30 31 11 1.000000
31 30 66 1.000000
31 66 30 1.000000
32 28 65 1.000000
32 65 28 1.000000
35 24 50 1.000000
35 50 24 1.000000
36 23 49 1.000000
36 49 23 1.000000
37 22 42 1.000000
37 42 22 1.000000
38 20 39 1.000000
38 39 20 1.000000
39 38 40 1.000000
39 40 38 1.000000
40 39 41 1.000000
40 41 39 1.000000
41 40 46 1.000000
41 46 40 1.000000
42 37 43 1.000000
42 43 37 1.000000
43 42 44 1.000000
43 44 42 1.000000
44 43 45 1.000000
44 45 43 1.000000
45 44 47 1.000000
45 47 44 1.000000
46 41 48 1.000000
46 48 41 1.000000
47 45 98 1.000000
47 98 45 1.000000
48 46 99 1.000000
48 99 46 1.000000
49 36 51 1.000000
49 51 36 1.000000
50 35 52 1.000000
50 52 35 1.000000
51 49 53 1.000000
51 53 49 1.000000
52 50 54 1.000000
52 54 50 1.000000
53 51 56 1.000000
53 56 51 1.000000
54 52 55 1.000000
54 55 52 1.000000
55 54 58 1.000000
55 58 54 1.000000
56 53 57 1.000000
56 57 53 1.000000
57 56 59 1.000000
57 59 56 1.000000
58 55 60 1.000000
58 60 55 1.000000
59 57 62 1.000000
59 62 57 1.000000
60 58 61 1.000000
60 61 58 1.000000
61 60 63 1.000000
61 63 60 1.000000
62 59 64 1.000000
62 64 59 1.000000
63 61 124 1.000000
63 124 61 1.000000
64 62 125 1.000000
64 125 62 1.000000
65 32 67 1.000000
65 67 32 1.000000
66 31 68 1.000000
66 68 31 1.000000
67 65 69 1.000000
67 69 65 1.000000
68 66 70 1.000000
68 70 66 1.000000
69 67 71 1.000000
69 71 67 1.000000
70 68 72 1.000000
70 72 68 1.000000
71 69 73 1.000000
71 73 69 1.000000
72 70 74 1.000000
72 74 70 1.000000
73 71 75 1.000000
73 75 71 1.000000
74 72 76 1.000000
74 76 72 1.000000
75 73 77 1.000000
75 77 73 1.000000
77 75 79 1.000000
77 79 75 1.000000
79 77 81 1.000000
79 81 77 1.000000
80 78 82 1.000000
80 82 78 1.000000
81 79 83 1.000000
81 83 79 1.000000
82 80 84 1.000000
82 84 80 1.000000
85 34 87 1.000000
85 87 34 1.000000
86 33 88 1.000000
86 88 33 1.000000
87 85 89 1.000000
87 89 85 1.000000
88 86 90 1.000000
88 90 86 1.000000
89 87 91 1.000000
89 91 87 1.000000
90 88 92 1.000000
90 92 88 1.000000
91 89 93 1.000000
91 93 89 1.000000
92 90 94 1.000000
92 94 90 1.000000
93 91 95 1.000000
93 95 91 1.000000
94 92 96 1.000000
94 96 92 1.000000
95 93 100 1.000000
95 100 93 1.000000
96 94 97 1.000000
96 97 94 1.000000
97 96 101 1.000000
97 101 96 1.000000
98 47 128 1.000000
98 128 47 1.000000
100 95 102 1.000000
100 102 95 1.000000
101 97 103 1.000000
101 103 97 1.000000
102 100 104 1.000000
102 104 100 1.000000
103 101 105 1.000000
103 105 101 1.000000
104 102 106 1.000000
104 106 102 1.000000
105 103 107 1.000000
105 107 103 1.000000
106 104 108 1.000000
106 108 104 1.000000
107 105 109 1.000000
107 109 105 1.000000
108 106 110 1.000000
108 110 106 1.000000
109 107 111 1.000000
109 111 107 1.000000
110 108 112 1.000000
110 112 108 1.000000
111 109 113 1.000000
111 113 109 1.000000
112 110 116 1.000000
112 116 110 1.000000
113 111 114 1.000000
113 114 111 1.000000
114 113 115 1.000000
114 115 113 1.000000
116 112 117 1.000000
116 117 112 1.000000
117 116 118 1.000000
117 118 116 1.000000
119 9 120 1.000000
119 120 9 1.000000
119 9 123 1.000000
119 123 9 1.000000
119 1 9 1.000000
119 9 1 1.000000
119 1 120 1.000000
119 120 1 1.000000
119 1 123 1.000000
119 123 1 1.000000
119 120 123 1.000000
119 123 120 1.000000
121 9 123 1.000000
121 123 9 1.000000
121 3 9 1.000000
121 9 3 1.000000
121 3 7 1.416150
121 7 3 1.416150
121 3 123 1.000000
121 123 3 1.000000
121 7 9 1.000000
121 9 7 1.000000
121 7 123 1.000000
121 123 7 1.000000
122 9 10 1.000000
122 10 9 1.000000
123 0 2 1.478880
123 2 0 1.478880
123 0 26 1.000000
123 26 0 1.000000
123 0 121 1.000000
123 121 0 1.000000
123 0 119 1.000000
123 119 0 1.000000
123 2 26 1.357350
123 26 2 1.357350
123 2 121 1.000000
123 121 2 1.000000
123 2 119 1.000000
123 119 2 1.000000
123 26 121 1.000000
123 121 26 1.000000
123 26 119 1.000000
123 119 26 1.000000
123 119 121 1.000000
123 121 119 1.000000
124 63 126 1.000000
124 126 63 1.000000
125 64 127 1.000000
125 127 64 1.000000
140 99 129 1.000000
140 129 99 1.000000
99 140 48 1.000000
99 48 140 1.000000
141 24 15 1.000000
141 15 24 1.000000
15 141 5 1.000000
15 5 141 1.000000
24 141 35 1.000000
24 35 141 1.000000
142 16 23 1.000000
142 23 16 1.000000
16 142 4 1.000000
16 4 142 1.000000
23 142 36 1.000000
23 36 142 1.000000
143 78 76 1.000000
143 76 78 1.000000
76 143 74 1.000000
76 74 143 1.000000
78 143 80 1.000000
78 80 143 1.000000
144 27 33 1.000000
144 33 27 1.000000
27 144 13 1.000000
27 13 144 1.000000
33 144 86 1.000000
33 86 144 1.000000
145 34 25 1.000000
145 25 34 1.000000
25 145 14 1.000000
25 14 145 1.000000
34 145 85 1.000000
34 85 145 1.000000
69 143 144 1.000000
69 144 143 1.000000
144 69 145 1.000000
144 145 69 1.000000
145 144 141 1.000000
145 141 144 1.000000
141 145 142 1.000000
141 142 145 1.000000
142 141 45 1.000000
142 45 141 1.000000
45 142 140 1.000000
45 140 142 1.000000
143 78 69 1.000000
143 69 78 1.000000
143 76 69 2.356429
143 69 76 2.356429
69 67 143 1.000000
69 143 67 1.000000
69 67 144 2.356429
69 144 67 2.356429
69 71 143 2.356429
69 143 71 2.356429
69 71 144 1.000000
69 144 71 1.000000
144 27 69 1.000000
144 69 27 1.000000
144 27 145 1.063178
144 145 27 1.063178
144 33 69 1.063178
144 69 33 1.063178
144 33 145 1.000000
144 145 33 1.000000
145 34 144 1.064652
145 144 34 1.064652
145 34 141 1.000000
145 141 34 1.000000
145 25 144 1.000000
145 144 25 1.000000
145 25 141 1.063178
145 141 25 1.063178
141 24 145 1.000000
141 145 24 1.000000
141 24 142 1.128430
141 142 24 1.128430
141 15 145 1.128430
141 145 15 1.128430
141 15 142 1.000000
141 142 15 1.000000
142 16 141 1.128430
142 141 16 1.128430
142 16 45 1.000000
142 45 16 1.000000
142 23 141 1.000000
142 141 23 1.000000
142 23 45 1.128430
142 45 23 1.128430
45 47 142 1.000000
45 142 47 1.000000
45 47 140 2.944783
45 140 47 2.944783
45 44 142 2.987167
45 142 44 2.987167
45 44 140 1.000000
45 140 44 1.000000
140 99 45 2.890622
140 45 99 2.890622
140 129 45 1.000000
140 45 129 1.000000
;
param D:=0.5;
param t_hat_ear:=
4 135 6.0
4 118 7.0
4 117 8.0
4 116 9.0
4 112 10.0
4 110 11.0
4 108 12.0
4 106 13.0
4 104 14.0
4 102 15.0
4 100 16.0
4 95 17.0
4 93 18.0
4 91 19.0
4 89 20.0
4 87 21.0
4 85 22.0
4 34 23.0
4 145 23.750669232648693
4 25 24.0
4 14 25.0
4 26 26.0
4 123 27.0
4 119 28.0
4 120 29.0
4 130 30.0
6 137 15.0
6 126 16.0
6 124 17.0
6 63 18.0
6 61 19.0
6 60 20.0
6 58 21.0
6 55 22.0
6 54 23.0
6 52 24.0
6 50 25.0
6 35 26.0
6 24 27.0
6 141 27.551242453877826
6 15 28.0
6 5 29.0
6 2 30.0
6 123 31.0
6 119 32.0
6 120 33.0
6 130 34.0
7 137 45.0
7 126 46.0
7 124 47.0
7 63 48.0
7 61 49.0
7 60 50.0
7 58 51.0
7 55 52.0
7 54 53.0
7 52 54.0
7 50 55.0
7 35 56.0
7 24 57.0
7 141 57.551242453877826
7 15 58.0
7 5 59.0
7 2 60.0
7 123 61.0
7 119 62.0
7 120 63.0
7 130 64.0
10 133 18.0
10 84 19.0
10 82 20.0
10 80 21.0
10 78 22.0
10 143 22.98467514409169
10 76 23.0
10 74 24.0
10 72 25.0
10 70 26.0
10 68 27.0
10 66 28.0
10 31 29.0
10 30 30.0
10 11 31.0
10 29 32.0
10 10 33.0
10 122 34.0
10 9 35.0
10 119 36.0
10 120 37.0
10 130 38.0
12 135 8.0
12 118 9.0
12 117 10.0
12 116 11.0
12 112 12.0
12 110 13.0
12 108 14.0
12 106 15.0
12 104 16.0
12 102 17.0
12 100 18.0
12 95 19.0
12 93 20.0
12 91 21.0
12 89 22.0
12 87 23.0
12 85 24.0
12 34 25.0
12 145 25.750669232648693
12 25 26.0
12 14 27.0
12 26 28.0
12 123 29.0
12 119 30.0
12 120 31.0
12 130 32.0
15 137 17.0
15 126 18.0
15 124 19.0
15 63 20.0
15 61 21.0
15 60 22.0
15 58 23.0
15 55 24.0
15 54 25.0
15 52 26.0
15 50 27.0
15 35 28.0
15 24 29.0
15 141 29.551242453877826
15 15 30.0
15 5 31.0
15 2 32.0
15 123 33.0
15 119 34.0
15 120 35.0
15 130 36.0
16 135 18.0
16 118 19.0
16 117 20.0
16 116 21.0
16 112 22.0
16 110 23.0
16 108 24.0
16 106 25.0
16 104 26.0
16 102 27.0
16 100 28.0
16 95 29.0
16 93 30.0
16 91 31.0
16 89 32.0
16 87 33.0
16 85 34.0
16 34 35.0
16 145 35.75066923264869
16 25 36.0
16 14 37.0
16 26 38.0
16 123 39.0
16 119 40.0
16 120 41.0
16 130 42.0
17 131 6.0
17 6 7.0
17 9 8.0
17 121 9.0
17 3 10.0
17 13 11.0
17 27 12.0
17 144 12.611403929114525
17 33 13.0
17 86 14.0
17 88 15.0
17 90 16.0
17 92 17.0
17 94 18.0
17 96 19.0
17 97 20.0
17 101 21.0
17 103 22.0
17 105 23.0
17 107 24.0
17 109 25.0
17 111 26.0
17 113 27.0
17 114 28.0
17 115 29.0
17 134 30.0
21 133 28.0
21 84 29.0
21 82 30.0
21 80 31.0
21 78 32.0
21 143 32.98467514409169
21 76 33.0
21 74 34.0
21 72 35.0
21 70 36.0
21 68 37.0
21 66 38.0
21 31 39.0
21 30 40.0
21 11 41.0
21 29 42.0
21 10 43.0
21 122 44.0
21 9 45.0
21 119 46.0
21 120 47.0
21 130 48.0
28 135 26.0
28 118 27.0
28 117 28.0
28 116 29.0
28 112 30.0
28 110 31.0
28 108 32.0
28 106 33.0
28 104 34.0
28 102 35.0
28 100 36.0
28 95 37.0
28 93 38.0
28 91 39.0
28 89 40.0
28 87 41.0
28 85 42.0
28 34 43.0
28 145 43.75066923264869
28 25 44.0
28 14 45.0
28 26 46.0
28 123 47.0
28 119 48.0
28 120 49.0
28 130 50.0
30 135 16.0
30 118 17.0
30 117 18.0
30 116 19.0
30 112 20.0
30 110 21.0
30 108 22.0
30 106 23.0
30 104 24.0
30 102 25.0
30 100 26.0
30 95 27.0
30 93 28.0
30 91 29.0
30 89 30.0
30 87 31.0
30 85 32.0
30 34 33.0
30 145 33.75066923264869
30 25 34.0
30 14 35.0
30 26 36.0
30 123 37.0
30 119 38.0
30 120 39.0
30 130 40.0
34 133 26.0
34 84 27.0
34 82 28.0
34 80 29.0
34 78 30.0
34 143 30.98467514409169
34 76 31.0
34 74 32.0
34 72 33.0
34 70 34.0
34 68 35.0
34 66 36.0
34 31 37.0
34 30 38.0
34 11 39.0
34 29 40.0
34 10 41.0
34 122 42.0
34 9 43.0
34 119 44.0
34 120 45.0
34 130 46.0
35 139 28.0
35 128 29.0
35 98 30.0
35 47 31.0
35 45 32.0
35 44 33.0
35 43 34.0
35 42 35.0
35 37 36.0
35 22 37.0
35 18 38.0
35 21 39.0
35 0 40.0
35 123 41.0
35 119 42.0
35 120 43.0
35 130 44.0
37 135 28.0
37 118 29.0
37 117 30.0
37 116 31.0
37 112 32.0
37 110 33.0
37 108 34.0
37 106 35.0
37 104 36.0
37 102 37.0
37 100 38.0
37 95 39.0
37 93 40.0
37 91 41.0
37 89 42.0
37 87 43.0
37 85 44.0
37 34 45.0
37 145 45.75066923264869
37 25 46.0
37 14 47.0
37 26 48.0
37 123 49.0
37 119 50.0
37 120 51.0
37 130 52.0
41 131 25.0
41 6 26.0
41 9 27.0
41 121 28.0
41 3 29.0
41 13 30.0
41 27 31.0
41 144 31.611403929114527
41 33 32.0
41 86 33.0
41 88 34.0
41 90 35.0
41 92 36.0
41 94 37.0
41 96 38.0
41 97 39.0
41 101 40.0
41 103 41.0
41 105 42.0
41 107 43.0
41 109 44.0
41 111 45.0
41 113 46.0
41 114 47.0
41 115 48.0
41 134 49.0
42 135 32.0
42 118 33.0
42 117 34.0
42 116 35.0
42 112 36.0
42 110 37.0
42 108 38.0
42 106 39.0
42 104 40.0
42 102 41.0
42 100 42.0
42 95 43.0
42 93 44.0
42 91 45.0
42 89 46.0
42 87 47.0
42 85 48.0
42 34 49.0
42 145 49.75066923264869
42 25 50.0
42 14 51.0
42 26 52.0
42 123 53.0
42 119 54.0
42 120 55.0
42 130 56.0
43 135 30.0
43 118 31.0
43 117 32.0
43 116 33.0
43 112 34.0
43 110 35.0
43 108 36.0
43 106 37.0
43 104 38.0
43 102 39.0
43 100 40.0
43 95 41.0
43 93 42.0
43 91 43.0
43 89 44.0
43 87 45.0
43 85 46.0
43 34 47.0
43 145 47.75066923264869
43 25 48.0
43 14 49.0
43 26 50.0
43 123 51.0
43 119 52.0
43 120 53.0
43 130 54.0
45 135 38.0
45 118 39.0
45 117 40.0
45 116 41.0
45 112 42.0
45 110 43.0
45 108 44.0
45 106 45.0
45 104 46.0
45 102 47.0
45 100 48.0
45 95 49.0
45 93 50.0
45 91 51.0
45 89 52.0
45 87 53.0
45 85 54.0
45 34 55.0
45 145 55.75066923264869
45 25 56.0
45 14 57.0
45 26 58.0
45 123 59.0
45 119 60.0
45 120 61.0
45 130 62.0
46 135 36.0
46 118 37.0
46 117 38.0
46 116 39.0
46 112 40.0
46 110 41.0
46 108 42.0
46 106 43.0
46 104 44.0
46 102 45.0
46 100 46.0
46 95 47.0
46 93 48.0
46 91 49.0
46 89 50.0
46 87 51.0
46 85 52.0
46 34 53.0
46 145 53.75066923264869
46 25 54.0
46 14 55.0
46 26 56.0
46 123 57.0
46 119 58.0
46 120 59.0
46 130 60.0
47 135 34.0
47 118 35.0
47 117 36.0
47 116 37.0
47 112 38.0
47 110 39.0
47 108 40.0
47 106 41.0
47 104 42.0
47 102 43.0
47 100 44.0
47 95 45.0
47 93 46.0
47 91 47.0
47 89 48.0
47 87 49.0
47 85 50.0
47 34 51.0
47 145 51.75066923264869
47 25 52.0
47 14 53.0
47 26 54.0
47 123 55.0
47 119 56.0
47 120 57.0
47 130 58.0
48 131 20.0
48 6 21.0
48 9 22.0
48 121 23.0
48 7 24.0
48 8 25.0
48 12 26.0
48 28 27.0
48 32 28.0
48 65 29.0
48 67 30.0
48 69 31.0
48 71 32.0
48 73 33.0
48 75 34.0
48 77 35.0
48 79 36.0
48 81 37.0
48 83 38.0
48 132 39.0
63 135 42.0
63 118 43.0
63 117 44.0
63 116 45.0
63 112 46.0
63 110 47.0
63 108 48.0
63 106 49.0
63 104 50.0
63 102 51.0
63 100 52.0
63 95 53.0
63 93 54.0
63 91 55.0
63 89 56.0
63 87 57.0
63 85 58.0
63 34 59.0
63 145 59.75066923264869
63 25 60.0
63 14 61.0
63 26 62.0
63 123 63.0
63 119 64.0
63 120 65.0
63 130 66.0
69 131 30.0
69 6 31.0
69 9 32.0
69 121 33.0
69 7 34.0
69 8 35.0
69 12 36.0
69 28 37.0
69 32 38.0
69 65 39.0
69 67 40.0
69 69 41.0
69 71 42.0
69 73 43.0
69 75 44.0
69 77 45.0
69 79 46.0
69 81 47.0
69 83 48.0
69 132 49.0
71 135 48.0
71 118 49.0
71 117 50.0
71 116 51.0
71 112 52.0
71 110 53.0
71 108 54.0
71 106 55.0
71 104 56.0
71 102 57.0
71 100 58.0
71 95 59.0
71 93 60.0
71 91 61.0
71 89 62.0
71 87 63.0
71 85 64.0
71 34 65.0
71 145 65.75066923264869
71 25 66.0
71 14 67.0
71 26 68.0
71 123 69.0
71 119 70.0
71 120 71.0
71 130 72.0
72 135 44.0
72 118 45.0
72 117 46.0
72 116 47.0
72 112 48.0
72 110 49.0
72 108 50.0
72 106 51.0
72 104 52.0
72 102 53.0
72 100 54.0
72 95 55.0
72 93 56.0
72 91 57.0
72 89 58.0
72 87 59.0
72 85 60.0
72 34 61.0
72 145 61.75066923264869
72 25 62.0
72 14 63.0
72 26 64.0
72 123 65.0
72 119 66.0
72 120 67.0
72 130 68.0
77 135 46.0
77 118 47.0
77 117 48.0
77 116 49.0
77 112 50.0
77 110 51.0
77 108 52.0
77 106 53.0
77 104 54.0
77 102 55.0
77 100 56.0
77 95 57.0
77 93 58.0
77 91 59.0
77 89 60.0
77 87 61.0
77 85 62.0
77 34 63.0
77 145 63.75066923264869
77 25 64.0
77 14 65.0
77 26 66.0
77 123 67.0
77 119 68.0
77 120 69.0
77 130 70.0
78 131 35.0
78 6 36.0
78 9 37.0
78 121 38.0
78 7 39.0
78 8 40.0
78 12 41.0
78 28 42.0
78 32 43.0
78 65 44.0
78 67 45.0
78 69 46.0
78 71 47.0
78 73 48.0
78 75 49.0
78 77 50.0
78 79 51.0
78 81 52.0
78 83 53.0
78 132 54.0
80 131 48.0
80 6 49.0
80 9 50.0
80 121 51.0
80 7 52.0
80 8 53.0
80 12 54.0
80 28 55.0
80 32 56.0
80 65 57.0
80 67 58.0
80 69 59.0
80 71 60.0
80 73 61.0
80 75 62.0
80 77 63.0
80 79 64.0
80 81 65.0
80 83 66.0
80 132 67.0
81 143 31
81 69 34.33507178826881
81 144 40.35174493871152
81 145 41.417967835026666
81 141 44.11929407015795
81 142 45.645354492551355
81 45 50.9865459843616
81 140 53.916257746516095
;
param t_hat_lat:=
4 135 7.0
4 118 8.0
4 117 9.0
4 116 10.0
4 112 11.0
4 110 12.0
4 108 13.0
4 106 14.0
4 104 15.0
4 102 16.0
4 100 17.0
4 95 18.0
4 93 19.0
4 91 20.0
4 89 21.0
4 87 22.0
4 85 23.0
4 34 24.0
4 145 24.750669232648693
4 25 25.0
4 14 26.0
4 26 27.0
4 123 28.0
4 119 29.0
4 120 30.0
4 130 31.0
6 137 16.0
6 126 17.0
6 124 18.0
6 63 19.0
6 61 20.0
6 60 21.0
6 58 22.0
6 55 23.0
6 54 24.0
6 52 25.0
6 50 26.0
6 35 27.0
6 24 28.0
6 141 28.551242453877826
6 15 29.0
6 5 30.0
6 2 31.0
6 123 32.0
6 119 33.0
6 120 34.0
6 130 35.0
7 137 46.0
7 126 47.0
7 124 48.0
7 63 49.0
7 61 50.0
7 60 51.0
7 58 52.0
7 55 53.0
7 54 54.0
7 52 55.0
7 50 56.0
7 35 57.0
7 24 58.0
7 141 58.551242453877826
7 15 59.0
7 5 60.0
7 2 61.0
7 123 62.0
7 119 63.0
7 120 64.0
7 130 65.0
10 133 19.0
10 84 20.0
10 82 21.0
10 80 22.0
10 78 23.0
10 143 23.98467514409169
10 76 24.0
10 74 25.0
10 72 26.0
10 70 27.0
10 68 28.0
10 66 29.0
10 31 30.0
10 30 31.0
10 11 32.0
10 29 33.0
10 10 34.0
10 122 35.0
10 9 36.0
10 119 37.0
10 120 38.0
10 130 39.0
12 135 9.0
12 118 10.0
12 117 11.0
12 116 12.0
12 112 13.0
12 110 14.0
12 108 15.0
12 106 16.0
12 104 17.0
12 102 18.0
12 100 19.0
12 95 20.0
12 93 21.0
12 91 22.0
12 89 23.0
12 87 24.0
12 85 25.0
12 34 26.0
12 145 26.750669232648693
12 25 27.0
12 14 28.0
12 26 29.0
12 123 30.0
12 119 31.0
12 120 32.0
12 130 33.0
15 137 18.0
15 126 19.0
15 124 20.0
15 63 21.0
15 61 22.0
15 60 23.0
15 58 24.0
15 55 25.0
15 54 26.0
15 52 27.0
15 50 28.0
15 35 29.0
15 24 30.0
15 141 30.551242453877826
15 15 31.0
15 5 32.0
15 2 33.0
15 123 34.0
15 119 35.0
15 120 36.0
15 130 37.0
16 135 19.0
16 118 20.0
16 117 21.0
16 116 22.0
16 112 23.0
16 110 24.0
16 108 25.0
16 106 26.0
16 104 27.0
16 102 28.0
16 100 29.0
16 95 30.0
16 93 31.0
16 91 32.0
16 89 33.0
16 87 34.0
16 85 35.0
16 34 36.0
16 145 36.75066923264869
16 25 37.0
16 14 38.0
16 26 39.0
16 123 40.0
16 119 41.0
16 120 42.0
16 130 43.0
17 131 7.0
17 6 8.0
17 9 9.0
17 121 10.0
17 3 11.0
17 13 12.0
17 27 13.0
17 144 13.611403929114525
17 33 14.0
17 86 15.0
17 88 16.0
17 90 17.0
17 92 18.0
17 94 19.0
17 96 20.0
17 97 21.0
17 101 22.0
17 103 23.0
17 105 24.0
17 107 25.0
17 109 26.0
17 111 27.0
17 113 28.0
17 114 29.0
17 115 30.0
17 134 31.0
21 133 29.0
21 84 30.0
21 82 31.0
21 80 32.0
21 78 33.0
21 143 33.98467514409169
21 76 34.0
21 74 35.0
21 72 36.0
21 70 37.0
21 68 38.0
21 66 39.0
21 31 40.0
21 30 41.0
21 11 42.0
21 29 43.0
21 10 44.0
21 122 45.0
21 9 46.0
21 119 47.0
21 120 48.0
21 130 49.0
28 135 27.0
28 118 28.0
28 117 29.0
28 116 30.0
28 112 31.0
28 110 32.0
28 108 33.0
28 106 34.0
28 104 35.0
28 102 36.0
28 100 37.0
28 95 38.0
28 93 39.0
28 91 40.0
28 89 41.0
28 87 42.0
28 85 43.0
28 34 44.0
28 145 44.75066923264869
28 25 45.0
28 14 46.0
28 26 47.0
28 123 48.0
28 119 49.0
28 120 50.0
28 130 51.0
30 135 17.0
30 118 18.0
30 117 19.0
30 116 20.0
30 112 21.0
30 110 22.0
30 108 23.0
30 106 24.0
30 104 25.0
30 102 26.0
30 100 27.0
30 95 28.0
30 93 29.0
30 91 30.0
30 89 31.0
30 87 32.0
30 85 33.0
30 34 34.0
30 145 34.75066923264869
30 25 35.0
30 14 36.0
30 26 37.0
30 123 38.0
30 119 39.0
30 120 40.0
30 130 41.0
34 133 27.0
34 84 28.0
34 82 29.0
34 80 30.0
34 78 31.0
34 143 31.98467514409169
34 76 32.0
34 74 33.0
34 72 34.0
34 70 35.0
34 68 36.0
34 66 37.0
34 31 38.0
34 30 39.0
34 11 40.0
34 29 41.0
34 10 42.0
34 122 43.0
34 9 44.0
34 119 45.0
34 120 46.0
34 130 47.0
35 139 29.0
35 128 30.0
35 98 31.0
35 47 32.0
35 45 33.0
35 44 34.0
35 43 35.0
35 42 36.0
35 37 37.0
35 22 38.0
35 18 39.0
35 21 40.0
35 0 41.0
35 123 42.0
35 119 43.0
35 120 44.0
35 130 45.0
37 135 29.0
37 118 30.0
37 117 31.0
37 116 32.0
37 112 33.0
37 110 34.0
37 108 35.0
37 106 36.0
37 104 37.0
37 102 38.0
37 100 39.0
37 95 40.0
37 93 41.0
37 91 42.0
37 89 43.0
37 87 44.0
37 85 45.0
37 34 46.0
37 145 46.75066923264869
37 25 47.0
37 14 48.0
37 26 49.0
37 123 50.0
37 119 51.0
37 120 52.0
37 130 53.0
41 131 26.0
41 6 27.0
41 9 28.0
41 121 29.0
41 3 30.0
41 13 31.0
41 27 32.0
41 144 32.61140392911452
41 33 33.0
41 86 34.0
41 88 35.0
41 90 36.0
41 92 37.0
41 94 38.0
41 96 39.0
41 97 40.0
41 101 41.0
41 103 42.0
41 105 43.0
41 107 44.0
41 109 45.0
41 111 46.0
41 113 47.0
41 114 48.0
41 115 49.0
41 134 50.0
42 135 33.0
42 118 34.0
42 117 35.0
42 116 36.0
42 112 37.0
42 110 38.0
42 108 39.0
42 106 40.0
42 104 41.0
42 102 42.0
42 100 43.0
42 95 44.0
42 93 45.0
42 91 46.0
42 89 47.0
42 87 48.0
42 85 49.0
42 34 50.0
42 145 50.75066923264869
42 25 51.0
42 14 52.0
42 26 53.0
42 123 54.0
42 119 55.0
42 120 56.0
42 130 57.0
43 135 31.0
43 118 32.0
43 117 33.0
43 116 34.0
43 112 35.0
43 110 36.0
43 108 37.0
43 106 38.0
43 104 39.0
43 102 40.0
43 100 41.0
43 95 42.0
43 93 43.0
43 91 44.0
43 89 45.0
43 87 46.0
43 85 47.0
43 34 48.0
43 145 48.75066923264869
43 25 49.0
43 14 50.0
43 26 51.0
43 123 52.0
43 119 53.0
43 120 54.0
43 130 55.0
45 135 39.0
45 118 40.0
45 117 41.0
45 116 42.0
45 112 43.0
45 110 44.0
45 108 45.0
45 106 46.0
45 104 47.0
45 102 48.0
45 100 49.0
45 95 50.0
45 93 51.0
45 91 52.0
45 89 53.0
45 87 54.0
45 85 55.0
45 34 56.0
45 145 56.75066923264869
45 25 57.0
45 14 58.0
45 26 59.0
45 123 60.0
45 119 61.0
45 120 62.0
45 130 63.0
46 135 37.0
46 118 38.0
46 117 39.0
46 116 40.0
46 112 41.0
46 110 42.0
46 108 43.0
46 106 44.0
46 104 45.0
46 102 46.0
46 100 47.0
46 95 48.0
46 93 49.0
46 91 50.0
46 89 51.0
46 87 52.0
46 85 53.0
46 34 54.0
46 145 54.75066923264869
46 25 55.0
46 14 56.0
46 26 57.0
46 123 58.0
46 119 59.0
46 120 60.0
46 130 61.0
47 135 35.0
47 118 36.0
47 117 37.0
47 116 38.0
47 112 39.0
47 110 40.0
47 108 41.0
47 106 42.0
47 104 43.0
47 102 44.0
47 100 45.0
47 95 46.0
47 93 47.0
47 91 48.0
47 89 49.0
47 87 50.0
47 85 51.0
47 34 52.0
47 145 52.75066923264869
47 25 53.0
47 14 54.0
47 26 55.0
47 123 56.0
47 119 57.0
47 120 58.0
47 130 59.0
48 131 21.0
48 6 22.0
48 9 23.0
48 121 24.0
48 7 25.0
48 8 26.0
48 12 27.0
48 28 28.0
48 32 29.0
48 65 30.0
48 67 31.0
48 69 32.0
48 71 33.0
48 73 34.0
48 75 35.0
48 77 36.0
48 79 37.0
48 81 38.0
48 83 39.0
48 132 40.0
63 135 43.0
63 118 44.0
63 117 45.0
63 116 46.0
63 112 47.0
63 110 48.0
63 108 49.0
63 106 50.0
63 104 51.0
63 102 52.0
63 100 53.0
63 95 54.0
63 93 55.0
63 91 56.0
63 89 57.0
63 87 58.0
63 85 59.0
63 34 60.0
63 145 60.75066923264869
63 25 61.0
63 14 62.0
63 26 63.0
63 123 64.0
63 119 65.0
63 120 66.0
63 130 67.0
69 131 31.0
69 6 32.0
69 9 33.0
69 121 34.0
69 7 35.0
69 8 36.0
69 12 37.0
69 28 38.0
69 32 39.0
69 65 40.0
69 67 41.0
69 69 42.0
69 71 43.0
69 73 44.0
69 75 45.0
69 77 46.0
69 79 47.0
69 81 48.0
69 83 49.0
69 132 50.0
71 135 49.0
71 118 50.0
71 117 51.0
71 116 52.0
71 112 53.0
71 110 54.0
71 108 55.0
71 106 56.0
71 104 57.0
71 102 58.0
71 100 59.0
71 95 60.0
71 93 61.0
71 91 62.0
71 89 63.0
71 87 64.0
71 85 65.0
71 34 66.0
71 145 66.75066923264869
71 25 67.0
71 14 68.0
71 26 69.0
71 123 70.0
71 119 71.0
71 120 72.0
71 130 73.0
72 135 45.0
72 118 46.0
72 117 47.0
72 116 48.0
72 112 49.0
72 110 50.0
72 108 51.0
72 106 52.0
72 104 53.0
72 102 54.0
72 100 55.0
72 95 56.0
72 93 57.0
72 91 58.0
72 89 59.0
72 87 60.0
72 85 61.0
72 34 62.0
72 145 62.75066923264869
72 25 63.0
72 14 64.0
72 26 65.0
72 123 66.0
72 119 67.0
72 120 68.0
72 130 69.0
77 135 47.0
77 118 48.0
77 117 49.0
77 116 50.0
77 112 51.0
77 110 52.0
77 108 53.0
77 106 54.0
77 104 55.0
77 102 56.0
77 100 57.0
77 95 58.0
77 93 59.0
77 91 60.0
77 89 61.0
77 87 62.0
77 85 63.0
77 34 64.0
77 145 64.75066923264869
77 25 65.0
77 14 66.0
77 26 67.0
77 123 68.0
77 119 69.0
77 120 70.0
77 130 71.0
78 131 36.0
78 6 37.0
78 9 38.0
78 121 39.0
78 7 40.0
78 8 41.0
78 12 42.0
78 28 43.0
78 32 44.0
78 65 45.0
78 67 46.0
78 69 47.0
78 71 48.0
78 73 49.0
78 75 50.0
78 77 51.0
78 79 52.0
78 81 53.0
78 83 54.0
78 132 55.0
80 131 49.0
80 6 50.0
80 9 51.0
80 121 52.0
80 7 53.0
80 8 54.0
80 12 55.0
80 28 56.0
80 32 57.0
80 65 58.0
80 67 59.0
80 69 60.0
80 71 61.0
80 73 62.0
80 75 63.0
80 77 64.0
80 79 65.0
80 81 66.0
80 83 67.0
80 132 68.0
81 143 32
81 69 35.33507178826881
81 144 41.35174493871152
81 145 42.417967835026666
81 141 45.11929407015795
81 142 46.645354492551355
81 45 51.9865459843616
81 140 54.916257746516095
;
set fixedFlights :=
4 14 26
4 118 117
4 117 116
4 116 112
4 112 110
4 110 108
4 108 106
4 106 104
4 104 102
4 102 100
4 100 95
4 95 93
4 93 91
4 91 89
4 89 87
4 87 85
4 85 34
4 25 14
4 119 120
4 120 130
4 123 119
4 26 123
4 135 118
4 34 145
4 145 25
6 5 2
6 15 5
6 63 61
6 61 60
6 60 58
6 58 55
6 55 54
6 54 52
6 52 50
6 50 35
6 35 24
6 119 120
6 120 130
6 123 119
6 2 123
6 137 126
6 126 124
6 124 63
6 24 141
6 141 15
7 5 2
7 15 5
7 63 61
7 61 60
7 60 58
7 58 55
7 55 54
7 54 52
7 52 50
7 50 35
7 35 24
7 119 120
7 120 130
7 123 119
7 2 123
7 137 126
7 126 124
7 124 63
7 24 141
7 141 15
10 29 10
10 11 29
10 30 11
10 133 84
10 9 119
10 119 120
10 120 130
10 10 122
10 122 9
10 84 82
10 82 80
10 80 78
10 76 74
10 74 72
10 72 70
10 70 68
10 68 66
10 66 31
10 31 30
10 78 143
10 143 76
12 14 26
12 118 117
12 117 116
12 116 112
12 112 110
12 110 108
12 108 106
12 106 104
12 104 102
12 102 100
12 100 95
12 95 93
12 93 91
12 91 89
12 89 87
12 87 85
12 85 34
12 25 14
12 119 120
12 120 130
12 123 119
12 26 123
12 135 118
12 34 145
12 145 25
15 5 2
15 15 5
15 63 61
15 61 60
15 60 58
15 58 55
15 55 54
15 54 52
15 52 50
15 50 35
15 35 24
15 119 120
15 120 130
15 123 119
15 2 123
15 137 126
15 126 124
15 124 63
15 24 141
15 141 15
16 14 26
16 118 117
16 117 116
16 116 112
16 112 110
16 110 108
16 108 106
16 106 104
16 104 102
16 102 100
16 100 95
16 95 93
16 93 91
16 91 89
16 89 87
16 87 85
16 85 34
16 25 14
16 119 120
16 120 130
16 123 119
16 26 123
16 135 118
16 34 145
16 145 25
17 6 9
17 3 13
17 131 6
17 13 27
17 33 86
17 86 88
17 88 90
17 90 92
17 92 94
17 94 96
17 96 97
17 97 101
17 101 103
17 103 105
17 105 107
17 107 109
17 109 111
17 111 113
17 113 114
17 114 115
17 9 121
17 121 3
17 115 134
17 27 144
17 144 33
21 29 10
21 11 29
21 30 11
21 133 84
21 9 119
21 119 120
21 120 130
21 10 122
21 122 9
21 84 82
21 82 80
21 80 78
21 76 74
21 74 72
21 72 70
21 70 68
21 68 66
21 66 31
21 31 30
21 78 143
21 143 76
28 14 26
28 118 117
28 117 116
28 116 112
28 112 110
28 110 108
28 108 106
28 106 104
28 104 102
28 102 100
28 100 95
28 95 93
28 93 91
28 91 89
28 89 87
28 87 85
28 85 34
28 25 14
28 119 120
28 120 130
28 123 119
28 26 123
28 135 118
28 34 145
28 145 25
30 14 26
30 118 117
30 117 116
30 116 112
30 112 110
30 110 108
30 108 106
30 106 104
30 104 102
30 102 100
30 100 95
30 95 93
30 93 91
30 91 89
30 89 87
30 87 85
30 85 34
30 25 14
30 119 120
30 120 130
30 123 119
30 26 123
30 135 118
30 34 145
30 145 25
34 29 10
34 11 29
34 30 11
34 133 84
34 9 119
34 119 120
34 120 130
34 10 122
34 122 9
34 84 82
34 82 80
34 80 78
34 76 74
34 74 72
34 72 70
34 70 68
34 68 66
34 66 31
34 31 30
34 78 143
34 143 76
35 21 0
35 22 18
35 18 21
35 98 47
35 47 45
35 45 44
35 44 43
35 43 42
35 42 37
35 37 22
35 119 120
35 120 130
35 123 119
35 0 123
35 139 128
35 128 98
37 14 26
37 118 117
37 117 116
37 116 112
37 112 110
37 110 108
37 108 106
37 106 104
37 104 102
37 102 100
37 100 95
37 95 93
37 93 91
37 91 89
37 89 87
37 87 85
37 85 34
37 25 14
37 119 120
37 120 130
37 123 119
37 26 123
37 135 118
37 34 145
37 145 25
41 6 9
41 3 13
41 131 6
41 13 27
41 33 86
41 86 88
41 88 90
41 90 92
41 92 94
41 94 96
41 96 97
41 97 101
41 101 103
41 103 105
41 105 107
41 107 109
41 109 111
41 111 113
41 113 114
41 114 115
41 9 121
41 121 3
41 115 134
41 27 144
41 144 33
42 14 26
42 118 117
42 117 116
42 116 112
42 112 110
42 110 108
42 108 106
42 106 104
42 104 102
42 102 100
42 100 95
42 95 93
42 93 91
42 91 89
42 89 87
42 87 85
42 85 34
42 25 14
42 119 120
42 120 130
42 123 119
42 26 123
42 135 118
42 34 145
42 145 25
43 14 26
43 118 117
43 117 116
43 116 112
43 112 110
43 110 108
43 108 106
43 106 104
43 104 102
43 102 100
43 100 95
43 95 93
43 93 91
43 91 89
43 89 87
43 87 85
43 85 34
43 25 14
43 119 120
43 120 130
43 123 119
43 26 123
43 135 118
43 34 145
43 145 25
45 14 26
45 118 117
45 117 116
45 116 112
45 112 110
45 110 108
45 108 106
45 106 104
45 104 102
45 102 100
45 100 95
45 95 93
45 93 91
45 91 89
45 89 87
45 87 85
45 85 34
45 25 14
45 119 120
45 120 130
45 123 119
45 26 123
45 135 118
45 34 145
45 145 25
46 14 26
46 118 117
46 117 116
46 116 112
46 112 110
46 110 108
46 108 106
46 106 104
46 104 102
46 102 100
46 100 95
46 95 93
46 93 91
46 91 89
46 89 87
46 87 85
46 85 34
46 25 14
46 119 120
46 120 130
46 123 119
46 26 123
46 135 118
46 34 145
46 145 25
47 14 26
47 118 117
47 117 116
47 116 112
47 112 110
47 110 108
47 108 106
47 106 104
47 104 102
47 102 100
47 100 95
47 95 93
47 93 91
47 91 89
47 89 87
47 87 85
47 85 34
47 25 14
47 119 120
47 120 130
47 123 119
47 26 123
47 135 118
47 34 145
47 145 25
48 6 9
48 7 8
48 8 12
48 12 28
48 131 6
48 83 132
48 9 121
48 121 7
48 28 32
48 32 65
48 65 67
48 67 69
48 69 71
48 71 73
48 73 75
48 75 77
48 77 79
48 79 81
48 81 83
63 14 26
63 118 117
63 117 116
63 116 112
63 112 110
63 110 108
63 108 106
63 106 104
63 104 102
63 102 100
63 100 95
63 95 93
63 93 91
63 91 89
63 89 87
63 87 85
63 85 34
63 25 14
63 119 120
63 120 130
63 123 119
63 26 123
63 135 118
63 34 145
63 145 25
69 6 9
69 7 8
69 8 12
69 12 28
69 131 6
69 83 132
69 9 121
69 121 7
69 28 32
69 32 65
69 65 67
69 67 69
69 69 71
69 71 73
69 73 75
69 75 77
69 77 79
69 79 81
69 81 83
71 14 26
71 118 117
71 117 116
71 116 112
71 112 110
71 110 108
71 108 106
71 106 104
71 104 102
71 102 100
71 100 95
71 95 93
71 93 91
71 91 89
71 89 87
71 87 85
71 85 34
71 25 14
71 119 120
71 120 130
71 123 119
71 26 123
71 135 118
71 34 145
71 145 25
72 14 26
72 118 117
72 117 116
72 116 112
72 112 110
72 110 108
72 108 106
72 106 104
72 104 102
72 102 100
72 100 95
72 95 93
72 93 91
72 91 89
72 89 87
72 87 85
72 85 34
72 25 14
72 119 120
72 120 130
72 123 119
72 26 123
72 135 118
72 34 145
72 145 25
77 14 26
77 118 117
77 117 116
77 116 112
77 112 110
77 110 108
77 108 106
77 106 104
77 104 102
77 102 100
77 100 95
77 95 93
77 93 91
77 91 89
77 89 87
77 87 85
77 85 34
77 25 14
77 119 120
77 120 130
77 123 119
77 26 123
77 135 118
77 34 145
77 145 25
78 6 9
78 7 8
78 8 12
78 12 28
78 131 6
78 83 132
78 9 121
78 121 7
78 28 32
78 32 65
78 65 67
78 67 69
78 69 71
78 71 73
78 73 75
78 75 77
78 77 79
78 79 81
78 81 83
80 6 9
80 7 8
80 8 12
80 12 28
80 131 6
80 83 132
80 9 121
80 121 7
80 28 32
80 32 65
80 65 67
80 67 69
80 69 71
80 71 73
80 73 75
80 75 77
80 77 79
80 79 81
80 81 83
81 143 69
81 69 144
81 144 145
81 145 141
81 141 142
81 142 45
81 45 140
;
;
set inFlight:=
4
6
10
12
15
16
17
21
28
30
34
35
37
41
48
;
param tini := 30;
