param nn:= 142;
set F:=
0
1
2
3
4
5
6
7
8
9
10
12
14
16
18
19
20
21
22
23
26
28
31
32
33
39
42
44
46
47
49
50
51
58
61
67
75
76
82
93
94
;
set NC:=
94
;
param: E: d:=
1 19 2.500000
21 0 2.500000
19 21 2.500000
21 4 2.500000
5 2 2.500000
6 9 2.500000
7 8 2.500000
29 10 2.500000
11 29 2.500000
30 11 2.500000
8 12 2.500000
12 28 2.500000
24 15 2.500000
4 16 2.500000
16 23 2.500000
17 20 2.500000
22 18 2.500000
18 21 2.500000
14 26 2.500000
3 13 2.500000
131 6 1.500000
83 132 1.500000
133 84 1.500000
13 27 2.500000
27 33 2.500000
33 86 2.500000
86 88 2.500000
88 90 2.500000
90 92 2.500000
92 94 2.500000
94 96 2.500000
96 97 2.500000
97 101 2.500000
101 103 2.500000
103 105 2.500000
105 107 2.500000
107 109 2.500000
109 111 2.500000
111 113 2.500000
113 114 2.500000
114 115 2.500000
118 117 2.500000
117 116 2.500000
116 112 2.500000
112 110 2.500000
110 108 2.500000
108 106 2.500000
106 104 2.500000
104 102 2.500000
102 100 2.500000
100 95 2.500000
95 93 2.500000
93 91 2.500000
91 89 2.500000
89 87 2.500000
87 85 2.500000
85 34 2.500000
34 25 2.500000
25 14 2.500000
23 36 2.500000
36 49 2.500000
49 51 2.500000
51 53 2.500000
53 56 2.500000
56 57 2.500000
57 59 2.500000
59 62 2.500000
62 64 2.500000
63 61 2.500000
61 60 2.500000
60 58 2.500000
58 55 2.500000
55 54 2.500000
54 52 2.500000
52 50 2.500000
50 35 2.500000
35 24 2.500000
20 38 2.500000
38 39 2.500000
39 40 2.500000
40 41 2.500000
41 46 2.500000
46 48 2.500000
48 99 2.500000
98 47 2.500000
47 45 2.500000
45 44 2.500000
44 43 2.500000
43 42 2.500000
42 37 2.500000
37 22 2.500000
9 119 2.500000
119 1 2.500000
119 120 2.500000
120 130 1.500000
9 121 2.500000
121 3 2.500000
121 7 2.500000
10 122 2.500000
122 9 2.500000
28 32 2.500000
32 65 2.500000
65 67 2.500000
67 69 2.500000
69 71 2.500000
71 73 2.500000
73 75 2.500000
75 77 2.500000
77 79 2.500000
79 81 2.500000
81 83 2.500000
84 82 2.500000
82 80 2.500000
80 78 2.500000
78 76 2.500000
76 74 2.500000
74 72 2.500000
72 70 2.500000
70 68 2.500000
68 66 2.500000
66 31 2.500000
31 30 2.500000
123 121 2.500000
123 119 2.500000
0 123 2.500000
2 123 2.500000
26 123 2.500000
115 134 1.500000
135 118 1.500000
137 126 1.500000
126 124 2.500000
124 63 2.500000
64 125 2.500000
125 127 2.500000
127 136 1.500000
139 128 1.500000
128 98 2.500000
99 129 2.500000
129 138 1.500000
19 140 0.293032
140 17 2.206968
15 141 1.375515
141 5 1.124485
112 141 15.449589
141 21 1.667977
21 140 1.001763
;
param s:=
0 137
1 131
2 139
3 133
4 137
5 131
6 133
7 131
8 135
9 135
10 137
12 131
14 131
16 137
18 137
19 139
20 137
21 131
22 133
23 135
26 133
28 135
31 139
32 135
33 135
39 137
42 131
44 137
46 135
47 139
49 131
50 131
51 135
58 131
61 135
67 133
75 131
76 135
82 131
93 131
94 112
;
param e:=
0 130
1 132
2 130
3 130
4 130
5 134
6 130
7 136
8 130
9 130
10 130
12 138
14 136
16 130
18 130
19 130
20 130
21 134
22 130
23 130
26 130
28 130
31 130
32 130
33 130
39 130
42 132
44 130
46 130
47 130
49 134
50 132
51 130
58 132
61 130
67 130
75 132
76 130
82 132
93 132
94 140
;
param v_min:=2.375
;
param v_max:=2.625
;
param :conflictsNodes: angle:=
0 21 123 1.000000
0 123 21 1.000000
1 19 119 1.000000
1 119 19 1.000000
2 5 123 1.000000
2 123 5 1.000000
3 13 121 1.000000
3 121 13 1.000000
4 16 21 1.000000
4 21 16 1.000000
7 8 121 1.000000
7 121 8 1.000000
8 7 12 1.000000
8 12 7 1.000000
9 6 119 1.000000
9 119 6 1.000000
9 6 121 1.000000
9 121 6 1.000000
9 6 122 1.000000
9 122 6 1.000000
9 119 121 1.000000
9 121 119 1.000000
9 119 122 1.000000
9 122 119 1.000000
9 121 122 1.000000
9 122 121 1.000000
10 29 122 1.000000
10 122 29 1.000000
11 29 30 1.000000
11 30 29 1.000000
12 8 28 1.000000
12 28 8 1.000000
13 3 27 1.000000
13 27 3 1.000000
14 25 26 1.000000
14 26 25 1.000000
16 4 23 1.000000
16 23 4 1.000000
18 21 22 1.000000
18 22 21 1.000000
19 1 21 1.000000
19 21 1 1.000000
20 17 38 1.000000
20 38 17 1.000000
21 0 19 1.000000
21 19 0 1.000000
21 0 4 1.000000
21 4 0 1.000000
21 0 18 1.000000
21 18 0 1.000000
21 4 19 1.000000
21 19 4 1.000000
21 4 18 1.478880
21 18 4 1.478880
21 18 19 1.000000
21 19 18 1.000000
22 18 37 1.000000
22 37 18 1.000000
23 16 36 1.000000
23 36 16 1.000000
24 15 35 1.000000
24 35 15 1.000000
25 14 34 1.000000
25 34 14 1.000000
26 14 123 1.000000
26 123 14 1.000000
27 13 33 1.000000
27 33 13 1.000000
28 12 32 1.000000
28 32 12 1.000000
29 10 11 1.000000
29 11 10 1.000000
30 11 31 1.000000
30 31 11 1.000000
31 30 66 1.000000
31 66 30 1.000000
32 28 65 1.000000
32 65 28 1.000000
33 27 86 1.000000
33 86 27 1.000000
34 25 85 1.000000
34 85 25 1.000000
35 24 50 1.000000
35 50 24 1.000000
36 23 49 1.000000
36 49 23 1.000000
37 22 42 1.000000
37 42 22 1.000000
38 20 39 1.000000
38 39 20 1.000000
39 38 40 1.000000
39 40 38 1.000000
40 39 41 1.000000
40 41 39 1.000000
41 40 46 1.000000
41 46 40 1.000000
42 37 43 1.000000
42 43 37 1.000000
43 42 44 1.000000
43 44 42 1.000000
44 43 45 1.000000
44 45 43 1.000000
45 44 47 1.000000
45 47 44 1.000000
46 41 48 1.000000
46 48 41 1.000000
47 45 98 1.000000
47 98 45 1.000000
48 46 99 1.000000
48 99 46 1.000000
49 36 51 1.000000
49 51 36 1.000000
50 35 52 1.000000
50 52 35 1.000000
51 49 53 1.000000
51 53 49 1.000000
52 50 54 1.000000
52 54 50 1.000000
53 51 56 1.000000
53 56 51 1.000000
54 52 55 1.000000
54 55 52 1.000000
55 54 58 1.000000
55 58 54 1.000000
56 53 57 1.000000
56 57 53 1.000000
57 56 59 1.000000
57 59 56 1.000000
58 55 60 1.000000
58 60 55 1.000000
59 57 62 1.000000
59 62 57 1.000000
60 58 61 1.000000
60 61 58 1.000000
61 60 63 1.000000
61 63 60 1.000000
62 59 64 1.000000
62 64 59 1.000000
63 61 124 1.000000
63 124 61 1.000000
64 62 125 1.000000
64 125 62 1.000000
65 32 67 1.000000
65 67 32 1.000000
66 31 68 1.000000
66 68 31 1.000000
67 65 69 1.000000
67 69 65 1.000000
68 66 70 1.000000
68 70 66 1.000000
69 67 71 1.000000
69 71 67 1.000000
70 68 72 1.000000
70 72 68 1.000000
71 69 73 1.000000
71 73 69 1.000000
72 70 74 1.000000
72 74 70 1.000000
73 71 75 1.000000
73 75 71 1.000000
74 72 76 1.000000
74 76 72 1.000000
75 73 77 1.000000
75 77 73 1.000000
76 74 78 1.000000
76 78 74 1.000000
77 75 79 1.000000
77 79 75 1.000000
78 76 80 1.000000
78 80 76 1.000000
79 77 81 1.000000
79 81 77 1.000000
80 78 82 1.000000
80 82 78 1.000000
81 79 83 1.000000
81 83 79 1.000000
82 80 84 1.000000
82 84 80 1.000000
85 34 87 1.000000
85 87 34 1.000000
86 33 88 1.000000
86 88 33 1.000000
87 85 89 1.000000
87 89 85 1.000000
88 86 90 1.000000
88 90 86 1.000000
89 87 91 1.000000
89 91 87 1.000000
90 88 92 1.000000
90 92 88 1.000000
91 89 93 1.000000
91 93 89 1.000000
92 90 94 1.000000
92 94 90 1.000000
93 91 95 1.000000
93 95 91 1.000000
94 92 96 1.000000
94 96 92 1.000000
95 93 100 1.000000
95 100 93 1.000000
96 94 97 1.000000
96 97 94 1.000000
97 96 101 1.000000
97 101 96 1.000000
98 47 128 1.000000
98 128 47 1.000000
99 48 129 1.000000
99 129 48 1.000000
100 95 102 1.000000
100 102 95 1.000000
101 97 103 1.000000
101 103 97 1.000000
102 100 104 1.000000
102 104 100 1.000000
103 101 105 1.000000
103 105 101 1.000000
104 102 106 1.000000
104 106 102 1.000000
105 103 107 1.000000
105 107 103 1.000000
106 104 108 1.000000
106 108 104 1.000000
107 105 109 1.000000
107 109 105 1.000000
108 106 110 1.000000
108 110 106 1.000000
109 107 111 1.000000
109 111 107 1.000000
110 108 112 1.000000
110 112 108 1.000000
111 109 113 1.000000
111 113 109 1.000000
112 110 116 1.000000
112 116 110 1.000000
113 111 114 1.000000
113 114 111 1.000000
114 113 115 1.000000
114 115 113 1.000000
116 112 117 1.000000
116 117 112 1.000000
117 116 118 1.000000
117 118 116 1.000000
119 9 120 1.000000
119 120 9 1.000000
119 9 123 1.000000
119 123 9 1.000000
119 1 9 1.000000
119 9 1 1.000000
119 1 120 1.000000
119 120 1 1.000000
119 1 123 1.000000
119 123 1 1.000000
119 120 123 1.000000
119 123 120 1.000000
121 9 123 1.000000
121 123 9 1.000000
121 3 9 1.000000
121 9 3 1.000000
121 3 7 1.416150
121 7 3 1.416150
121 3 123 1.000000
121 123 3 1.000000
121 7 9 1.000000
121 9 7 1.000000
121 7 123 1.000000
121 123 7 1.000000
122 9 10 1.000000
122 10 9 1.000000
123 0 2 1.478880
123 2 0 1.478880
123 0 26 1.000000
123 26 0 1.000000
123 0 121 1.000000
123 121 0 1.000000
123 0 119 1.000000
123 119 0 1.000000
123 2 26 1.357350
123 26 2 1.357350
123 2 121 1.000000
123 121 2 1.000000
123 2 119 1.000000
123 119 2 1.000000
123 26 121 1.000000
123 121 26 1.000000
123 26 119 1.000000
123 119 26 1.000000
123 119 121 1.000000
123 121 119 1.000000
124 63 126 1.000000
124 126 63 1.000000
125 64 127 1.000000
125 127 64 1.000000
140 19 17 1.000000
140 17 19 1.000000
19 140 1 1.000000
19 1 140 1.000000
17 140 20 1.000000
17 20 140 1.000000
19 140 21 1.000000
19 21 140 1.000000
141 15 5 1.000000
141 5 15 1.000000
5 141 2 1.000000
5 2 141 1.000000
15 141 24 1.000000
15 24 141 1.000000
141 112 21 1.000000
141 21 112 1.000000
21 141 140 1.000000
21 140 141 1.000000
112 116 141 1.000000
112 141 116 1.000000
112 110 141 8.546546
112 141 110 8.546546
141 15 112 1.233369
141 112 15 1.233369
141 15 21 1.000000
141 21 15 1.000000
141 5 112 1.000000
141 112 5 1.000000
141 5 21 1.233369
141 21 5 1.233369
21 0 141 1.006916
21 141 0 1.006916
21 0 140 1.000000
21 140 0 1.000000
21 19 141 1.000000
21 141 19 1.000000
21 19 140 8.546546
21 140 19 8.546546
21 4 141 1.233369
21 141 4 1.233369
21 4 140 1.000000
21 140 4 1.000000
21 18 141 1.000000
21 141 18 1.000000
21 18 140 1.006916
21 140 18 1.006916
140 19 21 1.006916
140 21 19 1.006916
140 17 21 1.000000
140 21 17 1.000000
;
param D:=0.5;
param t_hat_ear:=
0 137 7.0
0 126 8.0
0 124 9.0
0 63 10.0
0 61 11.0
0 60 12.0
0 58 13.0
0 55 14.0
0 54 15.0
0 52 16.0
0 50 17.0
0 35 18.0
0 24 19.0
0 15 20.0
0 141 20.550205952136974
0 5 21.0
0 2 22.0
0 123 23.0
0 119 24.0
0 120 25.0
0 130 26.0
1 131 6.0
1 6 7.0
1 9 8.0
1 121 9.0
1 7 10.0
1 8 11.0
1 12 12.0
1 28 13.0
1 32 14.0
1 65 15.0
1 67 16.0
1 69 17.0
1 71 18.0
1 73 19.0
1 75 20.0
1 77 21.0
1 79 22.0
1 81 23.0
1 83 24.0
1 132 25.0
2 139 18.0
2 128 19.0
2 98 20.0
2 47 21.0
2 45 22.0
2 44 23.0
2 43 24.0
2 42 25.0
2 37 26.0
2 22 27.0
2 18 28.0
2 21 29.0
2 0 30.0
2 123 31.0
2 119 32.0
2 120 33.0
2 130 34.0
3 133 0.0
3 84 1.0
3 82 2.0
3 80 3.0
3 78 4.0
3 76 5.0
3 74 6.0
3 72 7.0
3 70 8.0
3 68 9.0
3 66 10.0
3 31 11.0
3 30 12.0
3 11 13.0
3 29 14.0
3 10 15.0
3 122 16.0
3 9 17.0
3 119 18.0
3 120 19.0
3 130 20.0
4 137 19.0
4 126 20.0
4 124 21.0
4 63 22.0
4 61 23.0
4 60 24.0
4 58 25.0
4 55 26.0
4 54 27.0
4 52 28.0
4 50 29.0
4 35 30.0
4 24 31.0
4 15 32.0
4 141 32.55020595213698
4 5 33.0
4 2 34.0
4 123 35.0
4 119 36.0
4 120 37.0
4 130 38.0
5 131 4.0
5 6 5.0
5 9 6.0
5 121 7.0
5 3 8.0
5 13 9.0
5 27 10.0
5 33 11.0
5 86 12.0
5 88 13.0
5 90 14.0
5 92 15.0
5 94 16.0
5 96 17.0
5 97 18.0
5 101 19.0
5 103 20.0
5 105 21.0
5 107 22.0
5 109 23.0
5 111 24.0
5 113 25.0
5 114 26.0
5 115 27.0
5 134 28.0
6 133 8.0
6 84 9.0
6 82 10.0
6 80 11.0
6 78 12.0
6 76 13.0
6 74 14.0
6 72 15.0
6 70 16.0
6 68 17.0
6 66 18.0
6 31 19.0
6 30 20.0
6 11 21.0
6 29 22.0
6 10 23.0
6 122 24.0
6 9 25.0
6 119 26.0
6 120 27.0
6 130 28.0
7 131 2.0
7 6 3.0
7 9 4.0
7 119 5.0
7 1 6.0
7 19 7.0
7 21 8.0
7 4 9.0
7 16 10.0
7 23 11.0
7 36 12.0
7 49 13.0
7 51 14.0
7 53 15.0
7 56 16.0
7 57 17.0
7 59 18.0
7 62 19.0
7 64 20.0
7 125 21.0
7 127 22.0
7 136 23.0
8 135 8.0
8 118 9.0
8 117 10.0
8 116 11.0
8 112 12.0
8 110 13.0
8 108 14.0
8 106 15.0
8 104 16.0
8 102 17.0
8 100 18.0
8 95 19.0
8 93 20.0
8 91 21.0
8 89 22.0
8 87 23.0
8 85 24.0
8 34 25.0
8 25 26.0
8 14 27.0
8 26 28.0
8 123 29.0
8 119 30.0
8 120 31.0
8 130 32.0
9 135 6.0
9 118 7.0
9 117 8.0
9 116 9.0
9 112 10.0
9 110 11.0
9 108 12.0
9 106 13.0
9 104 14.0
9 102 15.0
9 100 16.0
9 95 17.0
9 93 18.0
9 91 19.0
9 89 20.0
9 87 21.0
9 85 22.0
9 34 23.0
9 25 24.0
9 14 25.0
9 26 26.0
9 123 27.0
9 119 28.0
9 120 29.0
9 130 30.0
10 137 5.0
10 126 6.0
10 124 7.0
10 63 8.0
10 61 9.0
10 60 10.0
10 58 11.0
10 55 12.0
10 54 13.0
10 52 14.0
10 50 15.0
10 35 16.0
10 24 17.0
10 15 18.0
10 141 18.550205952136974
10 5 19.0
10 2 20.0
10 123 21.0
10 119 22.0
10 120 23.0
10 130 24.0
12 131 8.0
12 6 9.0
12 9 10.0
12 119 11.0
12 1 12.0
12 19 13.0
12 140 13.11721261213398
12 17 14.0
12 20 15.0
12 38 16.0
12 39 17.0
12 40 18.0
12 41 19.0
12 46 20.0
12 48 21.0
12 99 22.0
12 129 23.0
12 138 24.0
14 131 0.0
14 6 1.0
14 9 2.0
14 119 3.0
14 1 4.0
14 19 5.0
14 21 6.0
14 4 7.0
14 16 8.0
14 23 9.0
14 36 10.0
14 49 11.0
14 51 12.0
14 53 13.0
14 56 14.0
14 57 15.0
14 59 16.0
14 62 17.0
14 64 18.0
14 125 19.0
14 127 20.0
14 136 21.0
16 137 3.0
16 126 4.0
16 124 5.0
16 63 6.0
16 61 7.0
16 60 8.0
16 58 9.0
16 55 10.0
16 54 11.0
16 52 12.0
16 50 13.0
16 35 14.0
16 24 15.0
16 15 16.0
16 141 16.550205952136974
16 5 17.0
16 2 18.0
16 123 19.0
16 119 20.0
16 120 21.0
16 130 22.0
18 137 17.0
18 126 18.0
18 124 19.0
18 63 20.0
18 61 21.0
18 60 22.0
18 58 23.0
18 55 24.0
18 54 25.0
18 52 26.0
18 50 27.0
18 35 28.0
18 24 29.0
18 15 30.0
18 141 30.550205952136974
18 5 31.0
18 2 32.0
18 123 33.0
18 119 34.0
18 120 35.0
18 130 36.0
19 139 29.0
19 128 30.0
19 98 31.0
19 47 32.0
19 45 33.0
19 44 34.0
19 43 35.0
19 42 36.0
19 37 37.0
19 22 38.0
19 18 39.0
19 21 40.0
19 0 41.0
19 123 42.0
19 119 43.0
19 120 44.0
19 130 45.0
20 137 28.0
20 126 29.0
20 124 30.0
20 63 31.0
20 61 32.0
20 60 33.0
20 58 34.0
20 55 35.0
20 54 36.0
20 52 37.0
20 50 38.0
20 35 39.0
20 24 40.0
20 15 41.0
20 141 41.55020595213698
20 5 42.0
20 2 43.0
20 123 44.0
20 119 45.0
20 120 46.0
20 130 47.0
21 131 13.0
21 6 14.0
21 9 15.0
21 121 16.0
21 3 17.0
21 13 18.0
21 27 19.0
21 33 20.0
21 86 21.0
21 88 22.0
21 90 23.0
21 92 24.0
21 94 25.0
21 96 26.0
21 97 27.0
21 101 28.0
21 103 29.0
21 105 30.0
21 107 31.0
21 109 32.0
21 111 33.0
21 113 34.0
21 114 35.0
21 115 36.0
21 134 37.0
22 133 39.0
22 84 40.0
22 82 41.0
22 80 42.0
22 78 43.0
22 76 44.0
22 74 45.0
22 72 46.0
22 70 47.0
22 68 48.0
22 66 49.0
22 31 50.0
22 30 51.0
22 11 52.0
22 29 53.0
22 10 54.0
22 122 55.0
22 9 56.0
22 119 57.0
22 120 58.0
22 130 59.0
23 135 27.0
23 118 28.0
23 117 29.0
23 116 30.0
23 112 31.0
23 110 32.0
23 108 33.0
23 106 34.0
23 104 35.0
23 102 36.0
23 100 37.0
23 95 38.0
23 93 39.0
23 91 40.0
23 89 41.0
23 87 42.0
23 85 43.0
23 34 44.0
23 25 45.0
23 14 46.0
23 26 47.0
23 123 48.0
23 119 49.0
23 120 50.0
23 130 51.0
26 133 29.0
26 84 30.0
26 82 31.0
26 80 32.0
26 78 33.0
26 76 34.0
26 74 35.0
26 72 36.0
26 70 37.0
26 68 38.0
26 66 39.0
26 31 40.0
26 30 41.0
26 11 42.0
26 29 43.0
26 10 44.0
26 122 45.0
26 9 46.0
26 119 47.0
26 120 48.0
26 130 49.0
28 135 16.0
28 118 17.0
28 117 18.0
28 116 19.0
28 112 20.0
28 110 21.0
28 108 22.0
28 106 23.0
28 104 24.0
28 102 25.0
28 100 26.0
28 95 27.0
28 93 28.0
28 91 29.0
28 89 30.0
28 87 31.0
28 85 32.0
28 34 33.0
28 25 34.0
28 14 35.0
28 26 36.0
28 123 37.0
28 119 38.0
28 120 39.0
28 130 40.0
31 139 49.0
31 128 50.0
31 98 51.0
31 47 52.0
31 45 53.0
31 44 54.0
31 43 55.0
31 42 56.0
31 37 57.0
31 22 58.0
31 18 59.0
31 21 60.0
31 0 61.0
31 123 62.0
31 119 63.0
31 120 64.0
31 130 65.0
32 135 29.0
32 118 30.0
32 117 31.0
32 116 32.0
32 112 33.0
32 110 34.0
32 108 35.0
32 106 36.0
32 104 37.0
32 102 38.0
32 100 39.0
32 95 40.0
32 93 41.0
32 91 42.0
32 89 43.0
32 87 44.0
32 85 45.0
32 34 46.0
32 25 47.0
32 14 48.0
32 26 49.0
32 123 50.0
32 119 51.0
32 120 52.0
32 130 53.0
33 135 19.0
33 118 20.0
33 117 21.0
33 116 22.0
33 112 23.0
33 110 24.0
33 108 25.0
33 106 26.0
33 104 27.0
33 102 28.0
33 100 29.0
33 95 30.0
33 93 31.0
33 91 32.0
33 89 33.0
33 87 34.0
33 85 35.0
33 34 36.0
33 25 37.0
33 14 38.0
33 26 39.0
33 123 40.0
33 119 41.0
33 120 42.0
33 130 43.0
39 137 38.0
39 126 39.0
39 124 40.0
39 63 41.0
39 61 42.0
39 60 43.0
39 58 44.0
39 55 45.0
39 54 46.0
39 52 47.0
39 50 48.0
39 35 49.0
39 24 50.0
39 15 51.0
39 141 51.55020595213698
39 5 52.0
39 2 53.0
39 123 54.0
39 119 55.0
39 120 56.0
39 130 57.0
42 131 20.0
42 6 21.0
42 9 22.0
42 121 23.0
42 7 24.0
42 8 25.0
42 12 26.0
42 28 27.0
42 32 28.0
42 65 29.0
42 67 30.0
42 69 31.0
42 71 32.0
42 73 33.0
42 75 34.0
42 77 35.0
42 79 36.0
42 81 37.0
42 83 38.0
42 132 39.0
44 137 48.0
44 126 49.0
44 124 50.0
44 63 51.0
44 61 52.0
44 60 53.0
44 58 54.0
44 55 55.0
44 54 56.0
44 52 57.0
44 50 58.0
44 35 59.0
44 24 60.0
44 15 61.0
44 141 61.55020595213698
44 5 62.0
44 2 63.0
44 123 64.0
44 119 65.0
44 120 66.0
44 130 67.0
46 135 37.0
46 118 38.0
46 117 39.0
46 116 40.0
46 112 41.0
46 110 42.0
46 108 43.0
46 106 44.0
46 104 45.0
46 102 46.0
46 100 47.0
46 95 48.0
46 93 49.0
46 91 50.0
46 89 51.0
46 87 52.0
46 85 53.0
46 34 54.0
46 25 55.0
46 14 56.0
46 26 57.0
46 123 58.0
46 119 59.0
46 120 60.0
46 130 61.0
47 139 39.0
47 128 40.0
47 98 41.0
47 47 42.0
47 45 43.0
47 44 44.0
47 43 45.0
47 42 46.0
47 37 47.0
47 22 48.0
47 18 49.0
47 21 50.0
47 0 51.0
47 123 52.0
47 119 53.0
47 120 54.0
47 130 55.0
49 131 29.0
49 6 30.0
49 9 31.0
49 121 32.0
49 3 33.0
49 13 34.0
49 27 35.0
49 33 36.0
49 86 37.0
49 88 38.0
49 90 39.0
49 92 40.0
49 94 41.0
49 96 42.0
49 97 43.0
49 101 44.0
49 103 45.0
49 105 46.0
49 107 47.0
49 109 48.0
49 111 49.0
49 113 50.0
49 114 51.0
49 115 52.0
49 134 53.0
50 131 27.0
50 6 28.0
50 9 29.0
50 121 30.0
50 7 31.0
50 8 32.0
50 12 33.0
50 28 34.0
50 32 35.0
50 65 36.0
50 67 37.0
50 69 38.0
50 71 39.0
50 73 40.0
50 75 41.0
50 77 42.0
50 79 43.0
50 81 44.0
50 83 45.0
50 132 46.0
51 135 39.0
51 118 40.0
51 117 41.0
51 116 42.0
51 112 43.0
51 110 44.0
51 108 45.0
51 106 46.0
51 104 47.0
51 102 48.0
51 100 49.0
51 95 50.0
51 93 51.0
51 91 52.0
51 89 53.0
51 87 54.0
51 85 55.0
51 34 56.0
51 25 57.0
51 14 58.0
51 26 59.0
51 123 60.0
51 119 61.0
51 120 62.0
51 130 63.0
58 131 25.0
58 6 26.0
58 9 27.0
58 121 28.0
58 7 29.0
58 8 30.0
58 12 31.0
58 28 32.0
58 32 33.0
58 65 34.0
58 67 35.0
58 69 36.0
58 71 37.0
58 73 38.0
58 75 39.0
58 77 40.0
58 79 41.0
58 81 42.0
58 83 43.0
58 132 44.0
61 135 47.0
61 118 48.0
61 117 49.0
61 116 50.0
61 112 51.0
61 110 52.0
61 108 53.0
61 106 54.0
61 104 55.0
61 102 56.0
61 100 57.0
61 95 58.0
61 93 59.0
61 91 60.0
61 89 61.0
61 87 62.0
61 85 63.0
61 34 64.0
61 25 65.0
61 14 66.0
61 26 67.0
61 123 68.0
61 119 69.0
61 120 70.0
61 130 71.0
67 133 49.0
67 84 50.0
67 82 51.0
67 80 52.0
67 78 53.0
67 76 54.0
67 74 55.0
67 72 56.0
67 70 57.0
67 68 58.0
67 66 59.0
67 31 60.0
67 30 61.0
67 11 62.0
67 29 63.0
67 10 64.0
67 122 65.0
67 9 66.0
67 119 67.0
67 120 68.0
67 130 69.0
75 131 39.0
75 6 40.0
75 9 41.0
75 121 42.0
75 7 43.0
75 8 44.0
75 12 45.0
75 28 46.0
75 32 47.0
75 65 48.0
75 67 49.0
75 69 50.0
75 71 51.0
75 73 52.0
75 75 53.0
75 77 54.0
75 79 55.0
75 81 56.0
75 83 57.0
75 132 58.0
76 135 49.0
76 118 50.0
76 117 51.0
76 116 52.0
76 112 53.0
76 110 54.0
76 108 55.0
76 106 56.0
76 104 57.0
76 102 58.0
76 100 59.0
76 95 60.0
76 93 61.0
76 91 62.0
76 89 63.0
76 87 64.0
76 85 65.0
76 34 66.0
76 25 67.0
76 14 68.0
76 26 69.0
76 123 70.0
76 119 71.0
76 120 72.0
76 130 73.0
82 131 46.0
82 6 47.0
82 9 48.0
82 121 49.0
82 7 50.0
82 8 51.0
82 12 52.0
82 28 53.0
82 32 54.0
82 65 55.0
82 67 56.0
82 69 57.0
82 71 58.0
82 73 59.0
82 75 60.0
82 77 61.0
82 79 62.0
82 81 63.0
82 83 64.0
82 132 65.0
93 131 41.0
93 6 42.0
93 9 43.0
93 121 44.0
93 7 45.0
93 8 46.0
93 12 47.0
93 28 48.0
93 32 49.0
93 65 50.0
93 67 51.0
93 69 52.0
93 71 53.0
93 73 54.0
93 75 55.0
93 77 56.0
93 79 57.0
93 81 58.0
93 83 59.0
93 132 60.0
94 112 21
94 141 36.449588687079384
94 21 38.11756536893137
94 140 39.11932835076781
;
param t_hat_lat:=
0 137 8.0
0 126 9.0
0 124 10.0
0 63 11.0
0 61 12.0
0 60 13.0
0 58 14.0
0 55 15.0
0 54 16.0
0 52 17.0
0 50 18.0
0 35 19.0
0 24 20.0
0 15 21.0
0 141 21.550205952136974
0 5 22.0
0 2 23.0
0 123 24.0
0 119 25.0
0 120 26.0
0 130 27.0
1 131 7.0
1 6 8.0
1 9 9.0
1 121 10.0
1 7 11.0
1 8 12.0
1 12 13.0
1 28 14.0
1 32 15.0
1 65 16.0
1 67 17.0
1 69 18.0
1 71 19.0
1 73 20.0
1 75 21.0
1 77 22.0
1 79 23.0
1 81 24.0
1 83 25.0
1 132 26.0
2 139 19.0
2 128 20.0
2 98 21.0
2 47 22.0
2 45 23.0
2 44 24.0
2 43 25.0
2 42 26.0
2 37 27.0
2 22 28.0
2 18 29.0
2 21 30.0
2 0 31.0
2 123 32.0
2 119 33.0
2 120 34.0
2 130 35.0
3 133 1.0
3 84 2.0
3 82 3.0
3 80 4.0
3 78 5.0
3 76 6.0
3 74 7.0
3 72 8.0
3 70 9.0
3 68 10.0
3 66 11.0
3 31 12.0
3 30 13.0
3 11 14.0
3 29 15.0
3 10 16.0
3 122 17.0
3 9 18.0
3 119 19.0
3 120 20.0
3 130 21.0
4 137 20.0
4 126 21.0
4 124 22.0
4 63 23.0
4 61 24.0
4 60 25.0
4 58 26.0
4 55 27.0
4 54 28.0
4 52 29.0
4 50 30.0
4 35 31.0
4 24 32.0
4 15 33.0
4 141 33.55020595213698
4 5 34.0
4 2 35.0
4 123 36.0
4 119 37.0
4 120 38.0
4 130 39.0
5 131 5.0
5 6 6.0
5 9 7.0
5 121 8.0
5 3 9.0
5 13 10.0
5 27 11.0
5 33 12.0
5 86 13.0
5 88 14.0
5 90 15.0
5 92 16.0
5 94 17.0
5 96 18.0
5 97 19.0
5 101 20.0
5 103 21.0
5 105 22.0
5 107 23.0
5 109 24.0
5 111 25.0
5 113 26.0
5 114 27.0
5 115 28.0
5 134 29.0
6 133 9.0
6 84 10.0
6 82 11.0
6 80 12.0
6 78 13.0
6 76 14.0
6 74 15.0
6 72 16.0
6 70 17.0
6 68 18.0
6 66 19.0
6 31 20.0
6 30 21.0
6 11 22.0
6 29 23.0
6 10 24.0
6 122 25.0
6 9 26.0
6 119 27.0
6 120 28.0
6 130 29.0
7 131 3.0
7 6 4.0
7 9 5.0
7 119 6.0
7 1 7.0
7 19 8.0
7 21 9.0
7 4 10.0
7 16 11.0
7 23 12.0
7 36 13.0
7 49 14.0
7 51 15.0
7 53 16.0
7 56 17.0
7 57 18.0
7 59 19.0
7 62 20.0
7 64 21.0
7 125 22.0
7 127 23.0
7 136 24.0
8 135 9.0
8 118 10.0
8 117 11.0
8 116 12.0
8 112 13.0
8 110 14.0
8 108 15.0
8 106 16.0
8 104 17.0
8 102 18.0
8 100 19.0
8 95 20.0
8 93 21.0
8 91 22.0
8 89 23.0
8 87 24.0
8 85 25.0
8 34 26.0
8 25 27.0
8 14 28.0
8 26 29.0
8 123 30.0
8 119 31.0
8 120 32.0
8 130 33.0
9 135 7.0
9 118 8.0
9 117 9.0
9 116 10.0
9 112 11.0
9 110 12.0
9 108 13.0
9 106 14.0
9 104 15.0
9 102 16.0
9 100 17.0
9 95 18.0
9 93 19.0
9 91 20.0
9 89 21.0
9 87 22.0
9 85 23.0
9 34 24.0
9 25 25.0
9 14 26.0
9 26 27.0
9 123 28.0
9 119 29.0
9 120 30.0
9 130 31.0
10 137 6.0
10 126 7.0
10 124 8.0
10 63 9.0
10 61 10.0
10 60 11.0
10 58 12.0
10 55 13.0
10 54 14.0
10 52 15.0
10 50 16.0
10 35 17.0
10 24 18.0
10 15 19.0
10 141 19.550205952136974
10 5 20.0
10 2 21.0
10 123 22.0
10 119 23.0
10 120 24.0
10 130 25.0
12 131 9.0
12 6 10.0
12 9 11.0
12 119 12.0
12 1 13.0
12 19 14.0
12 140 14.11721261213398
12 17 15.0
12 20 16.0
12 38 17.0
12 39 18.0
12 40 19.0
12 41 20.0
12 46 21.0
12 48 22.0
12 99 23.0
12 129 24.0
12 138 25.0
14 131 1.0
14 6 2.0
14 9 3.0
14 119 4.0
14 1 5.0
14 19 6.0
14 21 7.0
14 4 8.0
14 16 9.0
14 23 10.0
14 36 11.0
14 49 12.0
14 51 13.0
14 53 14.0
14 56 15.0
14 57 16.0
14 59 17.0
14 62 18.0
14 64 19.0
14 125 20.0
14 127 21.0
14 136 22.0
16 137 4.0
16 126 5.0
16 124 6.0
16 63 7.0
16 61 8.0
16 60 9.0
16 58 10.0
16 55 11.0
16 54 12.0
16 52 13.0
16 50 14.0
16 35 15.0
16 24 16.0
16 15 17.0
16 141 17.550205952136974
16 5 18.0
16 2 19.0
16 123 20.0
16 119 21.0
16 120 22.0
16 130 23.0
18 137 18.0
18 126 19.0
18 124 20.0
18 63 21.0
18 61 22.0
18 60 23.0
18 58 24.0
18 55 25.0
18 54 26.0
18 52 27.0
18 50 28.0
18 35 29.0
18 24 30.0
18 15 31.0
18 141 31.550205952136974
18 5 32.0
18 2 33.0
18 123 34.0
18 119 35.0
18 120 36.0
18 130 37.0
19 139 30.0
19 128 31.0
19 98 32.0
19 47 33.0
19 45 34.0
19 44 35.0
19 43 36.0
19 42 37.0
19 37 38.0
19 22 39.0
19 18 40.0
19 21 41.0
19 0 42.0
19 123 43.0
19 119 44.0
19 120 45.0
19 130 46.0
20 137 29.0
20 126 30.0
20 124 31.0
20 63 32.0
20 61 33.0
20 60 34.0
20 58 35.0
20 55 36.0
20 54 37.0
20 52 38.0
20 50 39.0
20 35 40.0
20 24 41.0
20 15 42.0
20 141 42.55020595213698
20 5 43.0
20 2 44.0
20 123 45.0
20 119 46.0
20 120 47.0
20 130 48.0
21 131 14.0
21 6 15.0
21 9 16.0
21 121 17.0
21 3 18.0
21 13 19.0
21 27 20.0
21 33 21.0
21 86 22.0
21 88 23.0
21 90 24.0
21 92 25.0
21 94 26.0
21 96 27.0
21 97 28.0
21 101 29.0
21 103 30.0
21 105 31.0
21 107 32.0
21 109 33.0
21 111 34.0
21 113 35.0
21 114 36.0
21 115 37.0
21 134 38.0
22 133 40.0
22 84 41.0
22 82 42.0
22 80 43.0
22 78 44.0
22 76 45.0
22 74 46.0
22 72 47.0
22 70 48.0
22 68 49.0
22 66 50.0
22 31 51.0
22 30 52.0
22 11 53.0
22 29 54.0
22 10 55.0
22 122 56.0
22 9 57.0
22 119 58.0
22 120 59.0
22 130 60.0
23 135 28.0
23 118 29.0
23 117 30.0
23 116 31.0
23 112 32.0
23 110 33.0
23 108 34.0
23 106 35.0
23 104 36.0
23 102 37.0
23 100 38.0
23 95 39.0
23 93 40.0
23 91 41.0
23 89 42.0
23 87 43.0
23 85 44.0
23 34 45.0
23 25 46.0
23 14 47.0
23 26 48.0
23 123 49.0
23 119 50.0
23 120 51.0
23 130 52.0
26 133 30.0
26 84 31.0
26 82 32.0
26 80 33.0
26 78 34.0
26 76 35.0
26 74 36.0
26 72 37.0
26 70 38.0
26 68 39.0
26 66 40.0
26 31 41.0
26 30 42.0
26 11 43.0
26 29 44.0
26 10 45.0
26 122 46.0
26 9 47.0
26 119 48.0
26 120 49.0
26 130 50.0
28 135 17.0
28 118 18.0
28 117 19.0
28 116 20.0
28 112 21.0
28 110 22.0
28 108 23.0
28 106 24.0
28 104 25.0
28 102 26.0
28 100 27.0
28 95 28.0
28 93 29.0
28 91 30.0
28 89 31.0
28 87 32.0
28 85 33.0
28 34 34.0
28 25 35.0
28 14 36.0
28 26 37.0
28 123 38.0
28 119 39.0
28 120 40.0
28 130 41.0
31 139 50.0
31 128 51.0
31 98 52.0
31 47 53.0
31 45 54.0
31 44 55.0
31 43 56.0
31 42 57.0
31 37 58.0
31 22 59.0
31 18 60.0
31 21 61.0
31 0 62.0
31 123 63.0
31 119 64.0
31 120 65.0
31 130 66.0
32 135 30.0
32 118 31.0
32 117 32.0
32 116 33.0
32 112 34.0
32 110 35.0
32 108 36.0
32 106 37.0
32 104 38.0
32 102 39.0
32 100 40.0
32 95 41.0
32 93 42.0
32 91 43.0
32 89 44.0
32 87 45.0
32 85 46.0
32 34 47.0
32 25 48.0
32 14 49.0
32 26 50.0
32 123 51.0
32 119 52.0
32 120 53.0
32 130 54.0
33 135 20.0
33 118 21.0
33 117 22.0
33 116 23.0
33 112 24.0
33 110 25.0
33 108 26.0
33 106 27.0
33 104 28.0
33 102 29.0
33 100 30.0
33 95 31.0
33 93 32.0
33 91 33.0
33 89 34.0
33 87 35.0
33 85 36.0
33 34 37.0
33 25 38.0
33 14 39.0
33 26 40.0
33 123 41.0
33 119 42.0
33 120 43.0
33 130 44.0
39 137 39.0
39 126 40.0
39 124 41.0
39 63 42.0
39 61 43.0
39 60 44.0
39 58 45.0
39 55 46.0
39 54 47.0
39 52 48.0
39 50 49.0
39 35 50.0
39 24 51.0
39 15 52.0
39 141 52.55020595213698
39 5 53.0
39 2 54.0
39 123 55.0
39 119 56.0
39 120 57.0
39 130 58.0
42 131 21.0
42 6 22.0
42 9 23.0
42 121 24.0
42 7 25.0
42 8 26.0
42 12 27.0
42 28 28.0
42 32 29.0
42 65 30.0
42 67 31.0
42 69 32.0
42 71 33.0
42 73 34.0
42 75 35.0
42 77 36.0
42 79 37.0
42 81 38.0
42 83 39.0
42 132 40.0
44 137 49.0
44 126 50.0
44 124 51.0
44 63 52.0
44 61 53.0
44 60 54.0
44 58 55.0
44 55 56.0
44 54 57.0
44 52 58.0
44 50 59.0
44 35 60.0
44 24 61.0
44 15 62.0
44 141 62.55020595213698
44 5 63.0
44 2 64.0
44 123 65.0
44 119 66.0
44 120 67.0
44 130 68.0
46 135 38.0
46 118 39.0
46 117 40.0
46 116 41.0
46 112 42.0
46 110 43.0
46 108 44.0
46 106 45.0
46 104 46.0
46 102 47.0
46 100 48.0
46 95 49.0
46 93 50.0
46 91 51.0
46 89 52.0
46 87 53.0
46 85 54.0
46 34 55.0
46 25 56.0
46 14 57.0
46 26 58.0
46 123 59.0
46 119 60.0
46 120 61.0
46 130 62.0
47 139 40.0
47 128 41.0
47 98 42.0
47 47 43.0
47 45 44.0
47 44 45.0
47 43 46.0
47 42 47.0
47 37 48.0
47 22 49.0
47 18 50.0
47 21 51.0
47 0 52.0
47 123 53.0
47 119 54.0
47 120 55.0
47 130 56.0
49 131 30.0
49 6 31.0
49 9 32.0
49 121 33.0
49 3 34.0
49 13 35.0
49 27 36.0
49 33 37.0
49 86 38.0
49 88 39.0
49 90 40.0
49 92 41.0
49 94 42.0
49 96 43.0
49 97 44.0
49 101 45.0
49 103 46.0
49 105 47.0
49 107 48.0
49 109 49.0
49 111 50.0
49 113 51.0
49 114 52.0
49 115 53.0
49 134 54.0
50 131 28.0
50 6 29.0
50 9 30.0
50 121 31.0
50 7 32.0
50 8 33.0
50 12 34.0
50 28 35.0
50 32 36.0
50 65 37.0
50 67 38.0
50 69 39.0
50 71 40.0
50 73 41.0
50 75 42.0
50 77 43.0
50 79 44.0
50 81 45.0
50 83 46.0
50 132 47.0
51 135 40.0
51 118 41.0
51 117 42.0
51 116 43.0
51 112 44.0
51 110 45.0
51 108 46.0
51 106 47.0
51 104 48.0
51 102 49.0
51 100 50.0
51 95 51.0
51 93 52.0
51 91 53.0
51 89 54.0
51 87 55.0
51 85 56.0
51 34 57.0
51 25 58.0
51 14 59.0
51 26 60.0
51 123 61.0
51 119 62.0
51 120 63.0
51 130 64.0
58 131 26.0
58 6 27.0
58 9 28.0
58 121 29.0
58 7 30.0
58 8 31.0
58 12 32.0
58 28 33.0
58 32 34.0
58 65 35.0
58 67 36.0
58 69 37.0
58 71 38.0
58 73 39.0
58 75 40.0
58 77 41.0
58 79 42.0
58 81 43.0
58 83 44.0
58 132 45.0
61 135 48.0
61 118 49.0
61 117 50.0
61 116 51.0
61 112 52.0
61 110 53.0
61 108 54.0
61 106 55.0
61 104 56.0
61 102 57.0
61 100 58.0
61 95 59.0
61 93 60.0
61 91 61.0
61 89 62.0
61 87 63.0
61 85 64.0
61 34 65.0
61 25 66.0
61 14 67.0
61 26 68.0
61 123 69.0
61 119 70.0
61 120 71.0
61 130 72.0
67 133 50.0
67 84 51.0
67 82 52.0
67 80 53.0
67 78 54.0
67 76 55.0
67 74 56.0
67 72 57.0
67 70 58.0
67 68 59.0
67 66 60.0
67 31 61.0
67 30 62.0
67 11 63.0
67 29 64.0
67 10 65.0
67 122 66.0
67 9 67.0
67 119 68.0
67 120 69.0
67 130 70.0
75 131 40.0
75 6 41.0
75 9 42.0
75 121 43.0
75 7 44.0
75 8 45.0
75 12 46.0
75 28 47.0
75 32 48.0
75 65 49.0
75 67 50.0
75 69 51.0
75 71 52.0
75 73 53.0
75 75 54.0
75 77 55.0
75 79 56.0
75 81 57.0
75 83 58.0
75 132 59.0
76 135 50.0
76 118 51.0
76 117 52.0
76 116 53.0
76 112 54.0
76 110 55.0
76 108 56.0
76 106 57.0
76 104 58.0
76 102 59.0
76 100 60.0
76 95 61.0
76 93 62.0
76 91 63.0
76 89 64.0
76 87 65.0
76 85 66.0
76 34 67.0
76 25 68.0
76 14 69.0
76 26 70.0
76 123 71.0
76 119 72.0
76 120 73.0
76 130 74.0
82 131 47.0
82 6 48.0
82 9 49.0
82 121 50.0
82 7 51.0
82 8 52.0
82 12 53.0
82 28 54.0
82 32 55.0
82 65 56.0
82 67 57.0
82 69 58.0
82 71 59.0
82 73 60.0
82 75 61.0
82 77 62.0
82 79 63.0
82 81 64.0
82 83 65.0
82 132 66.0
93 131 42.0
93 6 43.0
93 9 44.0
93 121 45.0
93 7 46.0
93 8 47.0
93 12 48.0
93 28 49.0
93 32 50.0
93 65 51.0
93 67 52.0
93 69 53.0
93 71 54.0
93 73 55.0
93 75 56.0
93 77 57.0
93 79 58.0
93 81 59.0
93 83 60.0
93 132 61.0
94 112 22
94 141 37.449588687079384
94 21 39.11756536893137
94 140 40.11932835076781
;
set fixedFlights :=
0 5 2
0 24 15
0 63 61
0 61 60
0 60 58
0 58 55
0 55 54
0 54 52
0 52 50
0 50 35
0 35 24
0 119 120
0 120 130
0 123 119
0 2 123
0 137 126
0 126 124
0 124 63
0 15 141
0 141 5
1 6 9
1 7 8
1 8 12
1 12 28
1 131 6
1 83 132
1 9 121
1 121 7
1 28 32
1 32 65
1 65 67
1 67 69
1 69 71
1 71 73
1 73 75
1 75 77
1 77 79
1 79 81
1 81 83
2 21 0
2 22 18
2 18 21
2 98 47
2 47 45
2 45 44
2 44 43
2 43 42
2 42 37
2 37 22
2 119 120
2 120 130
2 123 119
2 0 123
2 139 128
2 128 98
3 29 10
3 11 29
3 30 11
3 133 84
3 9 119
3 119 120
3 120 130
3 10 122
3 122 9
3 84 82
3 82 80
3 80 78
3 78 76
3 76 74
3 74 72
3 72 70
3 70 68
3 68 66
3 66 31
3 31 30
4 5 2
4 24 15
4 63 61
4 61 60
4 60 58
4 58 55
4 55 54
4 54 52
4 52 50
4 50 35
4 35 24
4 119 120
4 120 130
4 123 119
4 2 123
4 137 126
4 126 124
4 124 63
4 15 141
4 141 5
5 6 9
5 3 13
5 131 6
5 13 27
5 27 33
5 33 86
5 86 88
5 88 90
5 90 92
5 92 94
5 94 96
5 96 97
5 97 101
5 101 103
5 103 105
5 105 107
5 107 109
5 109 111
5 111 113
5 113 114
5 114 115
5 9 121
5 121 3
5 115 134
6 29 10
6 11 29
6 30 11
6 133 84
6 9 119
6 119 120
6 120 130
6 10 122
6 122 9
6 84 82
6 82 80
6 80 78
6 78 76
6 76 74
6 74 72
6 72 70
6 70 68
6 68 66
6 66 31
6 31 30
7 1 19
7 19 21
7 21 4
7 6 9
7 4 16
7 16 23
7 131 6
7 23 36
7 36 49
7 49 51
7 51 53
7 53 56
7 56 57
7 57 59
7 59 62
7 62 64
7 9 119
7 119 1
7 64 125
7 125 127
7 127 136
8 14 26
8 118 117
8 117 116
8 116 112
8 112 110
8 110 108
8 108 106
8 106 104
8 104 102
8 102 100
8 100 95
8 95 93
8 93 91
8 91 89
8 89 87
8 87 85
8 85 34
8 34 25
8 25 14
8 119 120
8 120 130
8 123 119
8 26 123
8 135 118
9 14 26
9 118 117
9 117 116
9 116 112
9 112 110
9 110 108
9 108 106
9 106 104
9 104 102
9 102 100
9 100 95
9 95 93
9 93 91
9 91 89
9 89 87
9 87 85
9 85 34
9 34 25
9 25 14
9 119 120
9 120 130
9 123 119
9 26 123
9 135 118
10 5 2
10 24 15
10 63 61
10 61 60
10 60 58
10 58 55
10 55 54
10 54 52
10 52 50
10 50 35
10 35 24
10 119 120
10 120 130
10 123 119
10 2 123
10 137 126
10 126 124
10 124 63
10 15 141
10 141 5
12 1 19
12 6 9
12 17 20
12 131 6
12 20 38
12 38 39
12 39 40
12 40 41
12 41 46
12 46 48
12 48 99
12 9 119
12 119 1
12 99 129
12 129 138
12 19 140
12 140 17
14 1 19
14 19 21
14 21 4
14 6 9
14 4 16
14 16 23
14 131 6
14 23 36
14 36 49
14 49 51
14 51 53
14 53 56
14 56 57
14 57 59
14 59 62
14 62 64
14 9 119
14 119 1
14 64 125
14 125 127
14 127 136
16 5 2
16 24 15
16 63 61
16 61 60
16 60 58
16 58 55
16 55 54
16 54 52
16 52 50
16 50 35
16 35 24
16 119 120
16 120 130
16 123 119
16 2 123
16 137 126
16 126 124
16 124 63
16 15 141
16 141 5
18 5 2
18 24 15
18 63 61
18 61 60
18 60 58
18 58 55
18 55 54
18 54 52
18 52 50
18 50 35
18 35 24
18 119 120
18 120 130
18 123 119
18 2 123
18 137 126
18 126 124
18 124 63
18 15 141
18 141 5
19 21 0
19 22 18
19 18 21
19 98 47
19 47 45
19 45 44
19 44 43
19 43 42
19 42 37
19 37 22
19 119 120
19 120 130
19 123 119
19 0 123
19 139 128
19 128 98
20 5 2
20 24 15
20 63 61
20 61 60
20 60 58
20 58 55
20 55 54
20 54 52
20 52 50
20 50 35
20 35 24
20 119 120
20 120 130
20 123 119
20 2 123
20 137 126
20 126 124
20 124 63
20 15 141
20 141 5
21 6 9
21 3 13
21 131 6
21 13 27
21 27 33
21 33 86
21 86 88
21 88 90
21 90 92
21 92 94
21 94 96
21 96 97
21 97 101
21 101 103
21 103 105
21 105 107
21 107 109
21 109 111
21 111 113
21 113 114
21 114 115
21 9 121
21 121 3
21 115 134
22 29 10
22 11 29
22 30 11
22 133 84
22 9 119
22 119 120
22 120 130
22 10 122
22 122 9
22 84 82
22 82 80
22 80 78
22 78 76
22 76 74
22 74 72
22 72 70
22 70 68
22 68 66
22 66 31
22 31 30
23 14 26
23 118 117
23 117 116
23 116 112
23 112 110
23 110 108
23 108 106
23 106 104
23 104 102
23 102 100
23 100 95
23 95 93
23 93 91
23 91 89
23 89 87
23 87 85
23 85 34
23 34 25
23 25 14
23 119 120
23 120 130
23 123 119
23 26 123
23 135 118
26 29 10
26 11 29
26 30 11
26 133 84
26 9 119
26 119 120
26 120 130
26 10 122
26 122 9
26 84 82
26 82 80
26 80 78
26 78 76
26 76 74
26 74 72
26 72 70
26 70 68
26 68 66
26 66 31
26 31 30
31 21 0
31 22 18
31 18 21
31 98 47
31 47 45
31 45 44
31 44 43
31 43 42
31 42 37
31 37 22
31 119 120
31 120 130
31 123 119
31 0 123
31 139 128
31 128 98
32 14 26
32 118 117
32 117 116
32 116 112
32 112 110
32 110 108
32 108 106
32 106 104
32 104 102
32 102 100
32 100 95
32 95 93
32 93 91
32 91 89
32 89 87
32 87 85
32 85 34
32 34 25
32 25 14
32 119 120
32 120 130
32 123 119
32 26 123
32 135 118
39 5 2
39 24 15
39 63 61
39 61 60
39 60 58
39 58 55
39 55 54
39 54 52
39 52 50
39 50 35
39 35 24
39 119 120
39 120 130
39 123 119
39 2 123
39 137 126
39 126 124
39 124 63
39 15 141
39 141 5
42 6 9
42 7 8
42 8 12
42 12 28
42 131 6
42 83 132
42 9 121
42 121 7
42 28 32
42 32 65
42 65 67
42 67 69
42 69 71
42 71 73
42 73 75
42 75 77
42 77 79
42 79 81
42 81 83
44 5 2
44 24 15
44 63 61
44 61 60
44 60 58
44 58 55
44 55 54
44 54 52
44 52 50
44 50 35
44 35 24
44 119 120
44 120 130
44 123 119
44 2 123
44 137 126
44 126 124
44 124 63
44 15 141
44 141 5
46 14 26
46 118 117
46 117 116
46 116 112
46 112 110
46 110 108
46 108 106
46 106 104
46 104 102
46 102 100
46 100 95
46 95 93
46 93 91
46 91 89
46 89 87
46 87 85
46 85 34
46 34 25
46 25 14
46 119 120
46 120 130
46 123 119
46 26 123
46 135 118
47 21 0
47 22 18
47 18 21
47 98 47
47 47 45
47 45 44
47 44 43
47 43 42
47 42 37
47 37 22
47 119 120
47 120 130
47 123 119
47 0 123
47 139 128
47 128 98
49 6 9
49 3 13
49 131 6
49 13 27
49 27 33
49 33 86
49 86 88
49 88 90
49 90 92
49 92 94
49 94 96
49 96 97
49 97 101
49 101 103
49 103 105
49 105 107
49 107 109
49 109 111
49 111 113
49 113 114
49 114 115
49 9 121
49 121 3
49 115 134
50 6 9
50 7 8
50 8 12
50 12 28
50 131 6
50 83 132
50 9 121
50 121 7
50 28 32
50 32 65
50 65 67
50 67 69
50 69 71
50 71 73
50 73 75
50 75 77
50 77 79
50 79 81
50 81 83
51 14 26
51 118 117
51 117 116
51 116 112
51 112 110
51 110 108
51 108 106
51 106 104
51 104 102
51 102 100
51 100 95
51 95 93
51 93 91
51 91 89
51 89 87
51 87 85
51 85 34
51 34 25
51 25 14
51 119 120
51 120 130
51 123 119
51 26 123
51 135 118
58 6 9
58 7 8
58 8 12
58 12 28
58 131 6
58 83 132
58 9 121
58 121 7
58 28 32
58 32 65
58 65 67
58 67 69
58 69 71
58 71 73
58 73 75
58 75 77
58 77 79
58 79 81
58 81 83
61 14 26
61 118 117
61 117 116
61 116 112
61 112 110
61 110 108
61 108 106
61 106 104
61 104 102
61 102 100
61 100 95
61 95 93
61 93 91
61 91 89
61 89 87
61 87 85
61 85 34
61 34 25
61 25 14
61 119 120
61 120 130
61 123 119
61 26 123
61 135 118
67 29 10
67 11 29
67 30 11
67 133 84
67 9 119
67 119 120
67 120 130
67 10 122
67 122 9
67 84 82
67 82 80
67 80 78
67 78 76
67 76 74
67 74 72
67 72 70
67 70 68
67 68 66
67 66 31
67 31 30
75 6 9
75 7 8
75 8 12
75 12 28
75 131 6
75 83 132
75 9 121
75 121 7
75 28 32
75 32 65
75 65 67
75 67 69
75 69 71
75 71 73
75 73 75
75 75 77
75 77 79
75 79 81
75 81 83
76 14 26
76 118 117
76 117 116
76 116 112
76 112 110
76 110 108
76 108 106
76 106 104
76 104 102
76 102 100
76 100 95
76 95 93
76 93 91
76 91 89
76 89 87
76 87 85
76 85 34
76 34 25
76 25 14
76 119 120
76 120 130
76 123 119
76 26 123
76 135 118
82 6 9
82 7 8
82 8 12
82 12 28
82 131 6
82 83 132
82 9 121
82 121 7
82 28 32
82 32 65
82 65 67
82 67 69
82 69 71
82 71 73
82 73 75
82 75 77
82 77 79
82 79 81
82 81 83
93 6 9
93 7 8
93 8 12
93 12 28
93 131 6
93 83 132
93 9 121
93 121 7
93 28 32
93 32 65
93 65 67
93 67 69
93 69 71
93 71 73
93 73 75
93 75 77
93 77 79
93 79 81
93 81 83
94 112 141
94 141 21
94 21 140
;
;
set inFlight:=
0
1
2
3
4
5
6
7
8
9
10
12
14
16
18
21
28
33
;
set passedFreeF:=
28 135 118
28 118 117
28 117 116
28 116 112
28 112 110
28 110 108
28 108 106
28 106 104
28 104 102
28 102 100
28 100 95
28 95 93
28 93 91
28 91 89
28 89 87
28 87 85
28 85 34
28 34 25
28 25 14
28 14 26
28 26 123
28 123 119
28 119 120
28 120 130
33 135 118
33 118 117
33 117 116
33 116 112
33 112 110
33 110 108
33 108 106
33 106 104
33 104 102
33 102 100
33 100 95
33 95 93
33 93 91
33 91 89
33 89 87
33 87 85
33 85 34
33 34 25
33 25 14
33 14 26
33 26 123
33 123 119
33 119 120
33 120 130
;
param tini := 20;
