param nn:= 151;
set F:=
0
3
4
5
6
7
8
9
10
11
12
13
15
16
17
18
19
20
21
22
23
24
25
26
27
28
29
30
31
32
33
34
35
36
37
38
39
40
41
42
43
44
45
46
47
48
49
50
51
52
53
54
55
56
57
58
59
60
61
62
63
64
65
66
67
68
69
70
71
72
74
75
76
77
78
79
82
83
86
88
91
92
94
96
97
;
set NC:=
97
;
param: E: d:=
0 1 2.500000
2 10 1.500000
11 3 1.500000
4 8 1.500000
9 5 1.500000
12 13 2.500000
0 13 2.500000
12 1 2.500000
14 15 2.500000
16 17 2.500000
14 17 2.500000
16 15 2.500000
18 19 2.500000
20 21 2.500000
18 21 2.500000
20 19 2.500000
22 23 2.500000
24 25 2.500000
22 25 2.500000
24 23 2.500000
34 35 2.500000
35 32 2.500000
32 30 2.500000
30 28 2.500000
28 26 2.500000
29 27 2.500000
27 33 2.500000
33 31 2.500000
31 36 2.500000
36 37 2.500000
37 12 2.500000
17 46 2.500000
46 47 2.500000
47 44 2.500000
42 40 2.500000
40 38 2.500000
41 39 2.500000
39 45 2.500000
43 48 2.500000
48 49 2.500000
49 16 2.500000
19 50 2.500000
50 51 2.500000
51 52 2.500000
52 53 2.500000
53 54 2.500000
54 55 2.500000
55 22 2.500000
25 56 2.500000
56 57 2.500000
57 58 2.500000
58 59 2.500000
59 60 2.500000
60 61 2.500000
61 20 2.500000
3 62 2.500000
62 63 2.500000
63 64 2.500000
64 65 2.500000
65 66 2.500000
66 67 2.500000
67 0 2.500000
1 68 2.500000
68 69 2.500000
69 70 2.500000
70 71 2.500000
71 72 2.500000
72 73 2.500000
73 14 2.500000
17 74 2.500000
74 75 2.500000
75 76 2.500000
76 77 2.500000
77 78 2.500000
78 79 2.500000
79 12 2.500000
13 80 2.500000
80 81 2.500000
81 82 2.500000
82 83 2.500000
83 84 2.500000
84 85 2.500000
85 2 2.500000
26 94 2.500000
94 95 2.500000
95 18 2.500000
19 96 2.500000
96 97 2.500000
97 29 2.500000
38 98 2.500000
98 99 2.500000
99 22 2.500000
23 100 2.500000
100 101 2.500000
101 41 2.500000
92 102 2.500000
102 103 2.500000
103 104 2.500000
104 105 2.500000
105 106 2.500000
106 107 2.500000
107 18 2.500000
21 108 2.500000
108 109 2.500000
109 110 2.500000
110 111 2.500000
111 112 2.500000
112 113 2.500000
113 93 2.500000
21 89 2.500000
88 20 2.500000
25 91 2.500000
90 24 2.500000
5 114 2.500000
114 115 2.500000
115 116 2.500000
116 117 2.500000
117 118 2.500000
118 119 2.500000
119 0 2.500000
1 120 2.500000
120 121 2.500000
121 122 2.500000
122 123 2.500000
123 124 2.500000
124 125 2.500000
125 4 2.500000
7 126 1.500000
126 127 2.500000
127 128 2.500000
128 129 2.500000
129 130 2.500000
130 131 2.500000
131 14 2.500000
15 132 2.500000
132 133 2.500000
133 134 2.500000
134 135 2.500000
135 136 2.500000
136 137 2.500000
137 6 1.500000
87 6 1.500000
7 86 1.500000
144 88 1.500000
143 90 1.500000
145 92 1.500000
93 140 1.500000
89 139 1.500000
91 138 1.500000
48 142 1.500000
47 142 1.500000
36 141 1.500000
35 141 1.500000
146 37 1.500000
146 34 1.500000
147 46 1.500000
147 49 1.500000
45 148 0.833333
148 43 1.666667
13 149 1.666667
149 34 0.833333
44 150 0.833333
150 42 1.666667
148 150 1.054093
150 37 7.378648
37 149 1.054093
149 81 2.108185
81 63 3.162278
;
param s:=
0 144
3 9
4 147
5 143
6 7
7 146
8 7
9 147
10 143
11 9
12 11
13 146
15 145
16 143
17 146
18 147
19 145
20 146
21 9
22 147
23 144
24 7
25 144
26 9
27 146
28 145
29 11
30 144
31 143
32 11
33 11
34 146
35 7
36 7
37 9
38 147
39 145
40 7
41 9
42 144
43 7
44 144
45 146
46 147
47 143
48 9
49 147
50 144
51 143
52 143
53 11
54 143
55 144
56 144
57 143
58 146
59 144
60 144
61 146
62 9
63 7
64 147
65 146
66 7
67 9
68 9
69 7
70 7
71 145
72 145
74 11
75 11
76 146
77 143
78 144
79 9
82 11
83 11
86 7
88 145
91 143
92 9
94 9
96 147
97 148
;
param e:=
0 141
3 10
4 10
5 141
6 8
7 140
8 141
9 139
10 139
11 6
12 8
13 139
15 139
16 6
17 6
18 138
19 138
20 8
21 141
22 139
23 142
24 142
25 140
26 142
27 140
28 142
29 8
30 138
31 6
32 139
33 8
34 139
35 8
36 142
37 139
38 6
39 141
40 8
41 6
42 138
43 138
44 142
45 140
46 141
47 6
48 6
49 139
50 8
51 140
52 141
53 142
54 141
55 142
56 140
57 141
58 140
59 138
60 10
61 140
62 142
63 10
64 10
65 6
66 10
67 139
68 142
69 10
70 142
71 139
72 139
74 8
75 6
76 139
77 142
78 142
79 10
82 142
83 139
86 141
88 141
91 6
92 139
94 6
96 138
97 63
;
param v_min:=2.375
;
param v_max:=2.625
;
param :conflictsNodes: angle:=
0 1 13 1.000000
0 13 1 1.000000
0 1 67 1.000000
0 67 1 1.000000
0 1 119 1.000000
0 119 1 1.000000
0 13 67 1.000000
0 67 13 1.000000
0 13 119 1.000000
0 119 13 1.000000
0 67 119 1.000000
0 119 67 1.000000
1 0 68 1.000000
1 68 0 1.000000
1 0 120 1.000000
1 120 0 1.000000
1 0 12 1.000000
1 12 0 1.000000
1 68 120 1.000000
1 120 68 1.000000
1 12 68 1.000000
1 68 12 1.000000
1 12 120 1.000000
1 120 12 1.000000
12 13 37 1.000000
12 37 13 1.000000
12 13 79 1.000000
12 79 13 1.000000
12 1 13 1.000000
12 13 1 1.000000
12 1 37 1.000000
12 37 1 1.000000
12 1 79 1.000000
12 79 1 1.000000
12 37 79 1.000000
12 79 37 1.000000
13 0 12 1.000000
13 12 0 1.000000
13 0 80 1.000000
13 80 0 1.000000
13 12 80 1.000000
13 80 12 1.000000
14 15 17 1.000000
14 17 15 1.000000
14 15 73 1.000000
14 73 15 1.000000
14 15 131 1.000000
14 131 15 1.000000
14 17 73 1.000000
14 73 17 1.000000
14 17 131 1.000000
14 131 17 1.000000
14 73 131 1.000000
14 131 73 1.000000
15 14 132 1.000000
15 132 14 1.000000
15 14 16 1.000000
15 16 14 1.000000
15 16 132 1.000000
15 132 16 1.000000
16 17 49 1.000000
16 49 17 1.000000
16 15 17 1.000000
16 17 15 1.000000
16 15 49 1.000000
16 49 15 1.000000
17 14 16 1.000000
17 16 14 1.000000
17 14 46 1.000000
17 46 14 1.000000
17 14 74 1.000000
17 74 14 1.000000
17 16 46 1.000000
17 46 16 1.000000
17 16 74 1.000000
17 74 16 1.000000
17 46 74 1.000000
17 74 46 1.000000
18 19 21 1.000000
18 21 19 1.000000
18 19 95 1.000000
18 95 19 1.000000
18 19 107 1.000000
18 107 19 1.000000
18 21 95 1.000000
18 95 21 1.000000
18 21 107 1.000000
18 107 21 1.000000
18 95 107 1.000000
18 107 95 1.000000
19 18 50 1.000000
19 50 18 1.000000
19 18 96 1.000000
19 96 18 1.000000
19 18 20 1.000000
19 20 18 1.000000
19 50 96 1.000000
19 96 50 1.000000
19 20 50 1.000000
19 50 20 1.000000
19 20 96 1.000000
19 96 20 1.000000
20 21 61 1.000000
20 61 21 1.000000
20 21 88 1.000000
20 88 21 1.000000
20 19 21 1.000000
20 21 19 1.000000
20 19 61 1.000000
20 61 19 1.000000
20 19 88 1.000000
20 88 19 1.000000
20 61 88 1.000000
20 88 61 1.000000
21 18 20 1.000000
21 20 18 1.000000
21 18 108 1.000000
21 108 18 1.000000
21 18 89 1.000000
21 89 18 1.000000
21 20 108 1.000000
21 108 20 1.000000
21 20 89 1.000000
21 89 20 1.000000
21 89 108 1.000000
21 108 89 1.000000
22 23 25 1.000000
22 25 23 1.000000
22 23 55 1.000000
22 55 23 1.000000
22 23 99 1.000000
22 99 23 1.000000
22 25 55 1.000000
22 55 25 1.000000
22 25 99 1.000000
22 99 25 1.000000
22 55 99 1.000000
22 99 55 1.000000
23 22 100 1.000000
23 100 22 1.000000
23 22 24 1.000000
23 24 22 1.000000
23 24 100 1.000000
23 100 24 1.000000
24 25 90 1.000000
24 90 25 1.000000
24 23 25 1.000000
24 25 23 1.000000
24 23 90 1.000000
24 90 23 1.000000
25 22 24 1.000000
25 24 22 1.000000
25 22 56 1.000000
25 56 22 1.000000
25 22 91 1.000000
25 91 22 1.000000
25 24 56 1.000000
25 56 24 1.000000
25 24 91 1.000000
25 91 24 1.000000
25 56 91 1.000000
25 91 56 1.000000
26 28 94 1.000000
26 94 28 1.000000
27 29 33 1.000000
27 33 29 1.000000
28 26 30 1.000000
28 30 26 1.000000
29 27 97 1.000000
29 97 27 1.000000
30 28 32 1.000000
30 32 28 1.000000
31 33 36 1.000000
31 36 33 1.000000
32 30 35 1.000000
32 35 30 1.000000
33 27 31 1.000000
33 31 27 1.000000
35 32 34 1.000000
35 34 32 1.000000
36 31 37 1.000000
36 37 31 1.000000
37 12 36 1.000000
37 36 12 1.000000
38 40 98 1.000000
38 98 40 1.000000
39 41 45 1.000000
39 45 41 1.000000
40 38 42 1.000000
40 42 38 1.000000
41 39 101 1.000000
41 101 39 1.000000
46 17 47 1.000000
46 47 17 1.000000
47 44 46 1.000000
47 46 44 1.000000
48 43 49 1.000000
48 49 43 1.000000
49 16 48 1.000000
49 48 16 1.000000
50 19 51 1.000000
50 51 19 1.000000
51 50 52 1.000000
51 52 50 1.000000
52 51 53 1.000000
52 53 51 1.000000
53 52 54 1.000000
53 54 52 1.000000
54 53 55 1.000000
54 55 53 1.000000
55 22 54 1.000000
55 54 22 1.000000
56 25 57 1.000000
56 57 25 1.000000
57 56 58 1.000000
57 58 56 1.000000
58 57 59 1.000000
58 59 57 1.000000
59 58 60 1.000000
59 60 58 1.000000
60 59 61 1.000000
60 61 59 1.000000
61 20 60 1.000000
61 60 20 1.000000
62 3 63 1.000000
62 63 3 1.000000
63 62 64 1.000000
63 64 62 1.000000
64 63 65 1.000000
64 65 63 1.000000
65 64 66 1.000000
65 66 64 1.000000
66 65 67 1.000000
66 67 65 1.000000
67 0 66 1.000000
67 66 0 1.000000
68 1 69 1.000000
68 69 1 1.000000
69 68 70 1.000000
69 70 68 1.000000
70 69 71 1.000000
70 71 69 1.000000
71 70 72 1.000000
71 72 70 1.000000
72 71 73 1.000000
72 73 71 1.000000
73 14 72 1.000000
73 72 14 1.000000
74 17 75 1.000000
74 75 17 1.000000
75 74 76 1.000000
75 76 74 1.000000
76 75 77 1.000000
76 77 75 1.000000
77 76 78 1.000000
77 78 76 1.000000
78 77 79 1.000000
78 79 77 1.000000
79 12 78 1.000000
79 78 12 1.000000
80 13 81 1.000000
80 81 13 1.000000
81 80 82 1.000000
81 82 80 1.000000
82 81 83 1.000000
82 83 81 1.000000
83 82 84 1.000000
83 84 82 1.000000
84 83 85 1.000000
84 85 83 1.000000
85 2 84 1.000000
85 84 2 1.000000
94 26 95 1.000000
94 95 26 1.000000
95 18 94 1.000000
95 94 18 1.000000
96 19 97 1.000000
96 97 19 1.000000
97 29 96 1.000000
97 96 29 1.000000
98 38 99 1.000000
98 99 38 1.000000
99 22 98 1.000000
99 98 22 1.000000
100 23 101 1.000000
100 101 23 1.000000
101 41 100 1.000000
101 100 41 1.000000
102 92 103 1.000000
102 103 92 1.000000
103 102 104 1.000000
103 104 102 1.000000
104 103 105 1.000000
104 105 103 1.000000
105 104 106 1.000000
105 106 104 1.000000
106 105 107 1.000000
106 107 105 1.000000
107 18 106 1.000000
107 106 18 1.000000
108 21 109 1.000000
108 109 21 1.000000
109 108 110 1.000000
109 110 108 1.000000
110 109 111 1.000000
110 111 109 1.000000
111 110 112 1.000000
111 112 110 1.000000
112 111 113 1.000000
112 113 111 1.000000
113 93 112 1.000000
113 112 93 1.000000
114 5 115 1.000000
114 115 5 1.000000
115 114 116 1.000000
115 116 114 1.000000
116 115 117 1.000000
116 117 115 1.000000
117 116 118 1.000000
117 118 116 1.000000
118 117 119 1.000000
118 119 117 1.000000
119 0 118 1.000000
119 118 0 1.000000
120 1 121 1.000000
120 121 1 1.000000
121 120 122 1.000000
121 122 120 1.000000
122 121 123 1.000000
122 123 121 1.000000
123 122 124 1.000000
123 124 122 1.000000
124 123 125 1.000000
124 125 123 1.000000
125 4 124 1.000000
125 124 4 1.000000
127 126 128 1.000000
127 128 126 1.000000
128 127 129 1.000000
128 129 127 1.000000
129 128 130 1.000000
129 130 128 1.000000
130 129 131 1.000000
130 131 129 1.000000
131 14 130 1.000000
131 130 14 1.000000
132 15 133 1.000000
132 133 15 1.000000
133 132 134 1.000000
133 134 132 1.000000
134 133 135 1.000000
134 135 133 1.000000
135 134 136 1.000000
135 136 134 1.000000
136 135 137 1.000000
136 137 135 1.000000
148 45 43 1.000000
148 43 45 1.000000
45 148 39 1.000000
45 39 148 1.000000
43 148 48 1.000000
43 48 148 1.000000
149 13 34 1.000000
149 34 13 1.000000
13 149 0 1.000000
13 0 149 1.000000
13 149 12 1.000000
13 12 149 1.000000
34 149 35 1.000000
34 35 149 1.000000
13 149 80 1.000000
13 80 149 1.000000
150 44 42 1.000000
150 42 44 1.000000
42 150 40 1.000000
42 40 150 1.000000
44 150 47 1.000000
44 47 150 1.000000
150 148 37 1.000000
150 37 148 1.000000
37 150 149 1.000000
37 149 150 1.000000
149 37 81 1.000000
149 81 37 1.000000
81 149 63 1.000000
81 63 149 1.000000
148 45 150 1.000000
148 150 45 1.000000
148 43 150 1.054093
148 150 43 1.054093
150 44 148 1.000000
150 148 44 1.000000
150 44 37 1.054093
150 37 44 1.054093
150 42 148 1.054093
150 148 42 1.054093
150 42 37 1.000000
150 37 42 1.000000
37 36 150 1.054093
37 150 36 1.054093
37 36 149 1.000000
37 149 36 1.000000
37 12 150 1.000000
37 150 12 1.000000
37 12 149 1.054093
37 149 12 1.054093
149 13 37 1.000000
149 37 13 1.000000
149 13 81 1.054093
149 81 13 1.054093
149 34 37 1.054093
149 37 34 1.054093
149 34 81 1.000000
149 81 34 1.000000
81 80 149 3.162278
81 149 80 3.162278
81 80 63 1.000000
81 63 80 1.000000
81 82 149 1.000000
81 149 82 1.000000
81 82 63 3.162278
81 63 82 3.162278
63 62 81 1.000000
63 81 62 1.000000
63 64 81 3.162278
63 81 64 3.162278
;
param D:=0.5;
param t_hat_ear:=
0 144 3.0
0 88 4.0
0 20 5.0
0 19 6.0
0 96 7.0
0 97 8.0
0 29 9.0
0 27 10.0
0 33 11.0
0 31 12.0
0 36 13.0
0 141 14.0
3 9 4.0
3 5 5.0
3 114 6.0
3 115 7.0
3 116 8.0
3 117 9.0
3 118 10.0
3 119 11.0
3 0 12.0
3 13 13.0
3 80 14.0
3 81 15.0
3 82 16.0
3 83 17.0
3 84 18.0
3 85 19.0
3 2 20.0
3 10 21.0
4 147 4.0
4 49 5.0
4 16 6.0
4 17 7.0
4 74 8.0
4 75 9.0
4 76 10.0
4 77 11.0
4 78 12.0
4 79 13.0
4 12 14.0
4 13 15.0
4 80 16.0
4 81 17.0
4 82 18.0
4 83 19.0
4 84 20.0
4 85 21.0
4 2 22.0
4 10 23.0
5 143 5.0
5 90 6.0
5 24 7.0
5 25 8.0
5 56 9.0
5 57 10.0
5 58 11.0
5 59 12.0
5 60 13.0
5 61 14.0
5 20 15.0
5 19 16.0
5 96 17.0
5 97 18.0
5 29 19.0
5 27 20.0
5 33 21.0
5 31 22.0
5 36 23.0
5 141 24.0
6 7 1.0
6 126 2.0
6 127 3.0
6 128 4.0
6 129 5.0
6 130 6.0
6 131 7.0
6 14 8.0
6 17 9.0
6 74 10.0
6 75 11.0
6 76 12.0
6 77 13.0
6 78 14.0
6 79 15.0
6 12 16.0
6 1 17.0
6 120 18.0
6 121 19.0
6 122 20.0
6 123 21.0
6 124 22.0
6 125 23.0
6 4 24.0
6 8 25.0
7 146 1.0
7 34 2.0
7 35 3.0
7 32 4.0
7 30 5.0
7 28 6.0
7 26 7.0
7 94 8.0
7 95 9.0
7 18 10.0
7 21 11.0
7 108 12.0
7 109 13.0
7 110 14.0
7 111 15.0
7 112 16.0
7 113 17.0
7 93 18.0
7 140 19.0
8 7 3.0
8 126 4.0
8 127 5.0
8 128 6.0
8 129 7.0
8 130 8.0
8 131 9.0
8 14 10.0
8 17 11.0
8 74 12.0
8 75 13.0
8 76 14.0
8 77 15.0
8 78 16.0
8 79 17.0
8 12 18.0
8 13 19.0
8 149 19.666666666666664
8 34 20.0
8 35 21.0
8 141 22.0
9 147 7.0
9 46 8.0
9 47 9.0
9 44 10.0
9 150 10.333333333333332
9 42 11.0
9 40 12.0
9 38 13.0
9 98 14.0
9 99 15.0
9 22 16.0
9 25 17.0
9 56 18.0
9 57 19.0
9 58 20.0
9 59 21.0
9 60 22.0
9 61 23.0
9 20 24.0
9 21 25.0
9 89 26.0
9 139 27.0
10 143 2.0
10 90 3.0
10 24 4.0
10 25 5.0
10 56 6.0
10 57 7.0
10 58 8.0
10 59 9.0
10 60 10.0
10 61 11.0
10 20 12.0
10 21 13.0
10 89 14.0
10 139 15.0
11 9 2.0
11 5 3.0
11 114 4.0
11 115 5.0
11 116 6.0
11 117 7.0
11 118 8.0
11 119 9.0
11 0 10.0
11 1 11.0
11 68 12.0
11 69 13.0
11 70 14.0
11 71 15.0
11 72 16.0
11 73 17.0
11 14 18.0
11 15 19.0
11 132 20.0
11 133 21.0
11 134 22.0
11 135 23.0
11 136 24.0
11 137 25.0
11 6 26.0
12 11 6.0
12 3 7.0
12 62 8.0
12 63 9.0
12 64 10.0
12 65 11.0
12 66 12.0
12 67 13.0
12 0 14.0
12 1 15.0
12 120 16.0
12 121 17.0
12 122 18.0
12 123 19.0
12 124 20.0
12 125 21.0
12 4 22.0
12 8 23.0
13 146 7.0
13 34 8.0
13 35 9.0
13 32 10.0
13 30 11.0
13 28 12.0
13 26 13.0
13 94 14.0
13 95 15.0
13 18 16.0
13 21 17.0
13 89 18.0
13 139 19.0
15 145 6.0
15 92 7.0
15 102 8.0
15 103 9.0
15 104 10.0
15 105 11.0
15 106 12.0
15 107 13.0
15 18 14.0
15 21 15.0
15 89 16.0
15 139 17.0
16 143 0.0
16 90 1.0
16 24 2.0
16 23 3.0
16 100 4.0
16 101 5.0
16 41 6.0
16 39 7.0
16 45 8.0
16 148 8.333333333333332
16 43 9.0
16 48 10.0
16 49 11.0
16 16 12.0
16 15 13.0
16 132 14.0
16 133 15.0
16 134 16.0
16 135 17.0
16 136 18.0
16 137 19.0
16 6 20.0
17 146 4.0
17 37 5.0
17 12 6.0
17 1 7.0
17 68 8.0
17 69 9.0
17 70 10.0
17 71 11.0
17 72 12.0
17 73 13.0
17 14 14.0
17 15 15.0
17 132 16.0
17 133 17.0
17 134 18.0
17 135 19.0
17 136 20.0
17 137 21.0
17 6 22.0
18 147 2.0
18 46 3.0
18 47 4.0
18 44 5.0
18 150 5.333333333333333
18 42 6.0
18 40 7.0
18 38 8.0
18 98 9.0
18 99 10.0
18 22 11.0
18 25 12.0
18 91 13.0
18 138 14.0
19 145 4.0
19 92 5.0
19 102 6.0
19 103 7.0
19 104 8.0
19 105 9.0
19 106 10.0
19 107 11.0
19 18 12.0
19 19 13.0
19 50 14.0
19 51 15.0
19 52 16.0
19 53 17.0
19 54 18.0
19 55 19.0
19 22 20.0
19 25 21.0
19 91 22.0
19 138 23.0
20 146 10.0
20 37 11.0
20 12 12.0
20 1 13.0
20 120 14.0
20 121 15.0
20 122 16.0
20 123 17.0
20 124 18.0
20 125 19.0
20 4 20.0
20 8 21.0
21 9 14.0
21 5 15.0
21 114 16.0
21 115 17.0
21 116 18.0
21 117 19.0
21 118 20.0
21 119 21.0
21 0 22.0
21 13 23.0
21 149 23.666666666666664
21 34 24.0
21 35 25.0
21 141 26.0
22 147 18.0
22 46 19.0
22 47 20.0
22 44 21.0
22 150 21.333333333333332
22 42 22.0
22 40 23.0
22 38 24.0
22 98 25.0
22 99 26.0
22 22 27.0
22 25 28.0
22 56 29.0
22 57 30.0
22 58 31.0
22 59 32.0
22 60 33.0
22 61 34.0
22 20 35.0
22 21 36.0
22 89 37.0
22 139 38.0
23 144 15.0
23 88 16.0
23 20 17.0
23 19 18.0
23 50 19.0
23 51 20.0
23 52 21.0
23 53 22.0
23 54 23.0
23 55 24.0
23 22 25.0
23 23 26.0
23 100 27.0
23 101 28.0
23 41 29.0
23 39 30.0
23 45 31.0
23 148 31.333333333333332
23 43 32.0
23 48 33.0
23 142 34.0
24 7 13.0
24 126 14.0
24 127 15.0
24 128 16.0
24 129 17.0
24 130 18.0
24 131 19.0
24 14 20.0
24 17 21.0
24 46 22.0
24 47 23.0
24 142 24.0
25 144 17.0
25 88 18.0
25 20 19.0
25 21 20.0
25 108 21.0
25 109 22.0
25 110 23.0
25 111 24.0
25 112 25.0
25 113 26.0
25 93 27.0
25 140 28.0
26 9 17.0
26 5 18.0
26 114 19.0
26 115 20.0
26 116 21.0
26 117 22.0
26 118 23.0
26 119 24.0
26 0 25.0
26 1 26.0
26 68 27.0
26 69 28.0
26 70 29.0
26 71 30.0
26 72 31.0
26 73 32.0
26 14 33.0
26 17 34.0
26 46 35.0
26 47 36.0
26 142 37.0
27 146 12.0
27 34 13.0
27 35 14.0
27 32 15.0
27 30 16.0
27 28 17.0
27 26 18.0
27 94 19.0
27 95 20.0
27 18 21.0
27 21 22.0
27 108 23.0
27 109 24.0
27 110 25.0
27 111 26.0
27 112 27.0
27 113 28.0
27 93 29.0
27 140 30.0
28 145 15.0
28 92 16.0
28 102 17.0
28 103 18.0
28 104 19.0
28 105 20.0
28 106 21.0
28 107 22.0
28 18 23.0
28 19 24.0
28 50 25.0
28 51 26.0
28 52 27.0
28 53 28.0
28 54 29.0
28 55 30.0
28 22 31.0
28 23 32.0
28 100 33.0
28 101 34.0
28 41 35.0
28 39 36.0
28 45 37.0
28 148 37.333333333333336
28 43 38.0
28 48 39.0
28 142 40.0
29 11 10.0
29 3 11.0
29 62 12.0
29 63 13.0
29 64 14.0
29 65 15.0
29 66 16.0
29 67 17.0
29 0 18.0
29 1 19.0
29 120 20.0
29 121 21.0
29 122 22.0
29 123 23.0
29 124 24.0
29 125 25.0
29 4 26.0
29 8 27.0
30 144 19.0
30 88 20.0
30 20 21.0
30 19 22.0
30 50 23.0
30 51 24.0
30 52 25.0
30 53 26.0
30 54 27.0
30 55 28.0
30 22 29.0
30 25 30.0
30 91 31.0
30 138 32.0
31 143 11.0
31 90 12.0
31 24 13.0
31 23 14.0
31 100 15.0
31 101 16.0
31 41 17.0
31 39 18.0
31 45 19.0
31 148 19.333333333333332
31 43 20.0
31 48 21.0
31 49 22.0
31 16 23.0
31 15 24.0
31 132 25.0
31 133 26.0
31 134 27.0
31 135 28.0
31 136 29.0
31 137 30.0
31 6 31.0
32 11 12.0
32 3 13.0
32 62 14.0
32 63 15.0
32 64 16.0
32 65 17.0
32 66 18.0
32 67 19.0
32 0 20.0
32 13 21.0
32 149 21.666666666666664
32 34 22.0
32 35 23.0
32 32 24.0
32 30 25.0
32 28 26.0
32 26 27.0
32 94 28.0
32 95 29.0
32 18 30.0
32 21 31.0
32 89 32.0
32 139 33.0
33 11 19.0
33 3 20.0
33 62 21.0
33 63 22.0
33 64 23.0
33 65 24.0
33 66 25.0
33 67 26.0
33 0 27.0
33 1 28.0
33 120 29.0
33 121 30.0
33 122 31.0
33 123 32.0
33 124 33.0
33 125 34.0
33 4 35.0
33 8 36.0
34 146 17.0
34 34 18.0
34 35 19.0
34 32 20.0
34 30 21.0
34 28 22.0
34 26 23.0
34 94 24.0
34 95 25.0
34 18 26.0
34 21 27.0
34 89 28.0
34 139 29.0
35 7 15.0
35 126 16.0
35 127 17.0
35 128 18.0
35 129 19.0
35 130 20.0
35 131 21.0
35 14 22.0
35 17 23.0
35 74 24.0
35 75 25.0
35 76 26.0
35 77 27.0
35 78 28.0
35 79 29.0
35 12 30.0
35 1 31.0
35 120 32.0
35 121 33.0
35 122 34.0
35 123 35.0
35 124 36.0
35 125 37.0
35 4 38.0
35 8 39.0
36 7 17.0
36 126 18.0
36 127 19.0
36 128 20.0
36 129 21.0
36 130 22.0
36 131 23.0
36 14 24.0
36 17 25.0
36 46 26.0
36 47 27.0
36 142 28.0
37 9 21.0
37 5 22.0
37 114 23.0
37 115 24.0
37 116 25.0
37 117 26.0
37 118 27.0
37 119 28.0
37 0 29.0
37 13 30.0
37 149 30.666666666666664
37 34 31.0
37 35 32.0
37 32 33.0
37 30 34.0
37 28 35.0
37 26 36.0
37 94 37.0
37 95 38.0
37 18 39.0
37 21 40.0
37 89 41.0
37 139 42.0
38 147 14.0
38 49 15.0
38 16 16.0
38 15 17.0
38 132 18.0
38 133 19.0
38 134 20.0
38 135 21.0
38 136 22.0
38 137 23.0
38 6 24.0
39 145 11.0
39 92 12.0
39 102 13.0
39 103 14.0
39 104 15.0
39 105 16.0
39 106 17.0
39 107 18.0
39 18 19.0
39 19 20.0
39 96 21.0
39 97 22.0
39 29 23.0
39 27 24.0
39 33 25.0
39 31 26.0
39 36 27.0
39 141 28.0
40 7 24.0
40 126 25.0
40 127 26.0
40 128 27.0
40 129 28.0
40 130 29.0
40 131 30.0
40 14 31.0
40 17 32.0
40 74 33.0
40 75 34.0
40 76 35.0
40 77 36.0
40 78 37.0
40 79 38.0
40 12 39.0
40 1 40.0
40 120 41.0
40 121 42.0
40 122 43.0
40 123 44.0
40 124 45.0
40 125 46.0
40 4 47.0
40 8 48.0
41 9 27.0
41 5 28.0
41 114 29.0
41 115 30.0
41 116 31.0
41 117 32.0
41 118 33.0
41 119 34.0
41 0 35.0
41 1 36.0
41 68 37.0
41 69 38.0
41 70 39.0
41 71 40.0
41 72 41.0
41 73 42.0
41 14 43.0
41 15 44.0
41 132 45.0
41 133 46.0
41 134 47.0
41 135 48.0
41 136 49.0
41 137 50.0
41 6 51.0
42 144 39.0
42 88 40.0
42 20 41.0
42 19 42.0
42 50 43.0
42 51 44.0
42 52 45.0
42 53 46.0
42 54 47.0
42 55 48.0
42 22 49.0
42 25 50.0
42 91 51.0
42 138 52.0
43 7 22.0
43 126 23.0
43 127 24.0
43 128 25.0
43 129 26.0
43 130 27.0
43 131 28.0
43 14 29.0
43 17 30.0
43 46 31.0
43 47 32.0
43 44 33.0
43 150 33.333333333333336
43 42 34.0
43 40 35.0
43 38 36.0
43 98 37.0
43 99 38.0
43 22 39.0
43 25 40.0
43 91 41.0
43 138 42.0
44 144 41.0
44 88 42.0
44 20 43.0
44 19 44.0
44 50 45.0
44 51 46.0
44 52 47.0
44 53 48.0
44 54 49.0
44 55 50.0
44 22 51.0
44 23 52.0
44 100 53.0
44 101 54.0
44 41 55.0
44 39 56.0
44 45 57.0
44 148 57.333333333333336
44 43 58.0
44 48 59.0
44 142 60.0
45 146 28.0
45 34 29.0
45 35 30.0
45 32 31.0
45 30 32.0
45 28 33.0
45 26 34.0
45 94 35.0
45 95 36.0
45 18 37.0
45 21 38.0
45 108 39.0
45 109 40.0
45 110 41.0
45 111 42.0
45 112 43.0
45 113 44.0
45 93 45.0
45 140 46.0
46 147 25.0
46 49 26.0
46 16 27.0
46 17 28.0
46 74 29.0
46 75 30.0
46 76 31.0
46 77 32.0
46 78 33.0
46 79 34.0
46 12 35.0
46 13 36.0
46 149 36.666666666666664
46 34 37.0
46 35 38.0
46 141 39.0
47 143 27.0
47 90 28.0
47 24 29.0
47 23 30.0
47 100 31.0
47 101 32.0
47 41 33.0
47 39 34.0
47 45 35.0
47 148 35.333333333333336
47 43 36.0
47 48 37.0
47 49 38.0
47 16 39.0
47 15 40.0
47 132 41.0
47 133 42.0
47 134 43.0
47 135 44.0
47 136 45.0
47 137 46.0
47 6 47.0
48 9 29.0
48 5 30.0
48 114 31.0
48 115 32.0
48 116 33.0
48 117 34.0
48 118 35.0
48 119 36.0
48 0 37.0
48 1 38.0
48 68 39.0
48 69 40.0
48 70 41.0
48 71 42.0
48 72 43.0
48 73 44.0
48 14 45.0
48 15 46.0
48 132 47.0
48 133 48.0
48 134 49.0
48 135 50.0
48 136 51.0
48 137 52.0
48 6 53.0
49 147 28.0
49 46 29.0
49 47 30.0
49 44 31.0
49 150 31.333333333333332
49 42 32.0
49 40 33.0
49 38 34.0
49 98 35.0
49 99 36.0
49 22 37.0
49 25 38.0
49 56 39.0
49 57 40.0
49 58 41.0
49 59 42.0
49 60 43.0
49 61 44.0
49 20 45.0
49 21 46.0
49 89 47.0
49 139 48.0
50 144 29.0
50 88 30.0
50 20 31.0
50 19 32.0
50 96 33.0
50 97 34.0
50 29 35.0
50 27 36.0
50 33 37.0
50 31 38.0
50 36 39.0
50 37 40.0
50 12 41.0
50 1 42.0
50 120 43.0
50 121 44.0
50 122 45.0
50 123 46.0
50 124 47.0
50 125 48.0
50 4 49.0
50 8 50.0
51 143 49.0
51 90 50.0
51 24 51.0
51 25 52.0
51 56 53.0
51 57 54.0
51 58 55.0
51 59 56.0
51 60 57.0
51 61 58.0
51 20 59.0
51 21 60.0
51 108 61.0
51 109 62.0
51 110 63.0
51 111 64.0
51 112 65.0
51 113 66.0
51 93 67.0
51 140 68.0
52 143 29.0
52 90 30.0
52 24 31.0
52 25 32.0
52 56 33.0
52 57 34.0
52 58 35.0
52 59 36.0
52 60 37.0
52 61 38.0
52 20 39.0
52 19 40.0
52 96 41.0
52 97 42.0
52 29 43.0
52 27 44.0
52 33 45.0
52 31 46.0
52 36 47.0
52 141 48.0
53 11 25.0
53 3 26.0
53 62 27.0
53 63 28.0
53 64 29.0
53 65 30.0
53 66 31.0
53 67 32.0
53 0 33.0
53 1 34.0
53 68 35.0
53 69 36.0
53 70 37.0
53 71 38.0
53 72 39.0
53 73 40.0
53 14 41.0
53 17 42.0
53 46 43.0
53 47 44.0
53 142 45.0
54 143 23.0
54 90 24.0
54 24 25.0
54 25 26.0
54 56 27.0
54 57 28.0
54 58 29.0
54 59 30.0
54 60 31.0
54 61 32.0
54 20 33.0
54 19 34.0
54 96 35.0
54 97 36.0
54 29 37.0
54 27 38.0
54 33 39.0
54 31 40.0
54 36 41.0
54 141 42.0
55 144 35.0
55 88 36.0
55 20 37.0
55 19 38.0
55 50 39.0
55 51 40.0
55 52 41.0
55 53 42.0
55 54 43.0
55 55 44.0
55 22 45.0
55 23 46.0
55 100 47.0
55 101 48.0
55 41 49.0
55 39 50.0
55 45 51.0
55 148 51.333333333333336
55 43 52.0
55 48 53.0
55 142 54.0
56 144 26.0
56 88 27.0
56 20 28.0
56 21 29.0
56 108 30.0
56 109 31.0
56 110 32.0
56 111 33.0
56 112 34.0
56 113 35.0
56 93 36.0
56 140 37.0
57 143 39.0
57 90 40.0
57 24 41.0
57 25 42.0
57 56 43.0
57 57 44.0
57 58 45.0
57 59 46.0
57 60 47.0
57 61 48.0
57 20 49.0
57 19 50.0
57 96 51.0
57 97 52.0
57 29 53.0
57 27 54.0
57 33 55.0
57 31 56.0
57 36 57.0
57 141 58.0
58 146 32.0
58 34 33.0
58 35 34.0
58 32 35.0
58 30 36.0
58 28 37.0
58 26 38.0
58 94 39.0
58 95 40.0
58 18 41.0
58 21 42.0
58 108 43.0
58 109 44.0
58 110 45.0
58 111 46.0
58 112 47.0
58 113 48.0
58 93 49.0
58 140 50.0
59 144 24.0
59 88 25.0
59 20 26.0
59 19 27.0
59 50 28.0
59 51 29.0
59 52 30.0
59 53 31.0
59 54 32.0
59 55 33.0
59 22 34.0
59 25 35.0
59 91 36.0
59 138 37.0
60 144 49.0
60 88 50.0
60 20 51.0
60 19 52.0
60 96 53.0
60 97 54.0
60 29 55.0
60 27 56.0
60 33 57.0
60 31 58.0
60 36 59.0
60 37 60.0
60 12 61.0
60 13 62.0
60 80 63.0
60 81 64.0
60 82 65.0
60 83 66.0
60 84 67.0
60 85 68.0
60 2 69.0
60 10 70.0
61 146 46.0
61 34 47.0
61 35 48.0
61 32 49.0
61 30 50.0
61 28 51.0
61 26 52.0
61 94 53.0
61 95 54.0
61 18 55.0
61 21 56.0
61 108 57.0
61 109 58.0
61 110 59.0
61 111 60.0
61 112 61.0
61 113 62.0
61 93 63.0
61 140 64.0
62 9 47.0
62 5 48.0
62 114 49.0
62 115 50.0
62 116 51.0
62 117 52.0
62 118 53.0
62 119 54.0
62 0 55.0
62 1 56.0
62 68 57.0
62 69 58.0
62 70 59.0
62 71 60.0
62 72 61.0
62 73 62.0
62 14 63.0
62 17 64.0
62 46 65.0
62 47 66.0
62 142 67.0
63 7 30.0
63 126 31.0
63 127 32.0
63 128 33.0
63 129 34.0
63 130 35.0
63 131 36.0
63 14 37.0
63 17 38.0
63 74 39.0
63 75 40.0
63 76 41.0
63 77 42.0
63 78 43.0
63 79 44.0
63 12 45.0
63 13 46.0
63 80 47.0
63 81 48.0
63 82 49.0
63 83 50.0
63 84 51.0
63 85 52.0
63 2 53.0
63 10 54.0
64 147 33.0
64 49 34.0
64 16 35.0
64 17 36.0
64 74 37.0
64 75 38.0
64 76 39.0
64 77 40.0
64 78 41.0
64 79 42.0
64 12 43.0
64 13 44.0
64 80 45.0
64 81 46.0
64 82 47.0
64 83 48.0
64 84 49.0
64 85 50.0
64 2 51.0
64 10 52.0
65 146 49.0
65 37 50.0
65 12 51.0
65 1 52.0
65 68 53.0
65 69 54.0
65 70 55.0
65 71 56.0
65 72 57.0
65 73 58.0
65 14 59.0
65 15 60.0
65 132 61.0
65 133 62.0
65 134 63.0
65 135 64.0
65 136 65.0
65 137 66.0
65 6 67.0
66 7 32.0
66 126 33.0
66 127 34.0
66 128 35.0
66 129 36.0
66 130 37.0
66 131 38.0
66 14 39.0
66 17 40.0
66 74 41.0
66 75 42.0
66 76 43.0
66 77 44.0
66 78 45.0
66 79 46.0
66 12 47.0
66 13 48.0
66 80 49.0
66 81 50.0
66 82 51.0
66 83 52.0
66 84 53.0
66 85 54.0
66 2 55.0
66 10 56.0
67 9 33.0
67 5 34.0
67 114 35.0
67 115 36.0
67 116 37.0
67 117 38.0
67 118 39.0
67 119 40.0
67 0 41.0
67 13 42.0
67 149 42.666666666666664
67 34 43.0
67 35 44.0
67 32 45.0
67 30 46.0
67 28 47.0
67 26 48.0
67 94 49.0
67 95 50.0
67 18 51.0
67 21 52.0
67 89 53.0
67 139 54.0
68 9 37.0
68 5 38.0
68 114 39.0
68 115 40.0
68 116 41.0
68 117 42.0
68 118 43.0
68 119 44.0
68 0 45.0
68 1 46.0
68 68 47.0
68 69 48.0
68 70 49.0
68 71 50.0
68 72 51.0
68 73 52.0
68 14 53.0
68 17 54.0
68 46 55.0
68 47 56.0
68 142 57.0
69 7 44.0
69 126 45.0
69 127 46.0
69 128 47.0
69 129 48.0
69 130 49.0
69 131 50.0
69 14 51.0
69 17 52.0
69 74 53.0
69 75 54.0
69 76 55.0
69 77 56.0
69 78 57.0
69 79 58.0
69 12 59.0
69 13 60.0
69 80 61.0
69 81 62.0
69 82 63.0
69 83 64.0
69 84 65.0
69 85 66.0
69 2 67.0
69 10 68.0
70 7 40.0
70 126 41.0
70 127 42.0
70 128 43.0
70 129 44.0
70 130 45.0
70 131 46.0
70 14 47.0
70 17 48.0
70 46 49.0
70 47 50.0
70 142 51.0
71 145 45.0
71 92 46.0
71 102 47.0
71 103 48.0
71 104 49.0
71 105 50.0
71 106 51.0
71 107 52.0
71 18 53.0
71 21 54.0
71 89 55.0
71 139 56.0
72 145 35.0
72 92 36.0
72 102 37.0
72 103 38.0
72 104 39.0
72 105 40.0
72 106 41.0
72 107 42.0
72 18 43.0
72 21 44.0
72 89 45.0
72 139 46.0
74 11 35.0
74 3 36.0
74 62 37.0
74 63 38.0
74 64 39.0
74 65 40.0
74 66 41.0
74 67 42.0
74 0 43.0
74 1 44.0
74 120 45.0
74 121 46.0
74 122 47.0
74 123 48.0
74 124 49.0
74 125 50.0
74 4 51.0
74 8 52.0
75 11 39.0
75 3 40.0
75 62 41.0
75 63 42.0
75 64 43.0
75 65 44.0
75 66 45.0
75 67 46.0
75 0 47.0
75 1 48.0
75 68 49.0
75 69 50.0
75 70 51.0
75 71 52.0
75 72 53.0
75 73 54.0
75 14 55.0
75 15 56.0
75 132 57.0
75 133 58.0
75 134 59.0
75 135 60.0
75 136 61.0
75 137 62.0
75 6 63.0
76 146 39.0
76 34 40.0
76 35 41.0
76 32 42.0
76 30 43.0
76 28 44.0
76 26 45.0
76 94 46.0
76 95 47.0
76 18 48.0
76 21 49.0
76 89 50.0
76 139 51.0
77 143 37.0
77 90 38.0
77 24 39.0
77 23 40.0
77 100 41.0
77 101 42.0
77 41 43.0
77 39 44.0
77 45 45.0
77 148 45.333333333333336
77 43 46.0
77 48 47.0
77 142 48.0
78 144 45.0
78 88 46.0
78 20 47.0
78 19 48.0
78 50 49.0
78 51 50.0
78 52 51.0
78 53 52.0
78 54 53.0
78 55 54.0
78 22 55.0
78 23 56.0
78 100 57.0
78 101 58.0
78 41 59.0
78 39 60.0
78 45 61.0
78 148 61.333333333333336
78 43 62.0
78 48 63.0
78 142 64.0
79 9 31.0
79 5 32.0
79 114 33.0
79 115 34.0
79 116 35.0
79 117 36.0
79 118 37.0
79 119 38.0
79 0 39.0
79 13 40.0
79 80 41.0
79 81 42.0
79 82 43.0
79 83 44.0
79 84 45.0
79 85 46.0
79 2 47.0
79 10 48.0
82 11 49.0
82 3 50.0
82 62 51.0
82 63 52.0
82 64 53.0
82 65 54.0
82 66 55.0
82 67 56.0
82 0 57.0
82 1 58.0
82 68 59.0
82 69 60.0
82 70 61.0
82 71 62.0
82 72 63.0
82 73 64.0
82 14 65.0
82 17 66.0
82 46 67.0
82 47 68.0
82 142 69.0
83 11 45.0
83 3 46.0
83 62 47.0
83 63 48.0
83 64 49.0
83 65 50.0
83 66 51.0
83 67 52.0
83 0 53.0
83 13 54.0
83 149 54.666666666666664
83 34 55.0
83 35 56.0
83 32 57.0
83 30 58.0
83 28 59.0
83 26 60.0
83 94 61.0
83 95 62.0
83 18 63.0
83 21 64.0
83 89 65.0
83 139 66.0
86 7 42.0
86 126 43.0
86 127 44.0
86 128 45.0
86 129 46.0
86 130 47.0
86 131 48.0
86 14 49.0
86 17 50.0
86 74 51.0
86 75 52.0
86 76 53.0
86 77 54.0
86 78 55.0
86 79 56.0
86 12 57.0
86 13 58.0
86 149 58.666666666666664
86 34 59.0
86 35 60.0
86 141 61.0
88 145 49.0
88 92 50.0
88 102 51.0
88 103 52.0
88 104 53.0
88 105 54.0
88 106 55.0
88 107 56.0
88 18 57.0
88 19 58.0
88 96 59.0
88 97 60.0
88 29 61.0
88 27 62.0
88 33 63.0
88 31 64.0
88 36 65.0
88 141 66.0
91 143 41.0
91 90 42.0
91 24 43.0
91 23 44.0
91 100 45.0
91 101 46.0
91 41 47.0
91 39 48.0
91 45 49.0
91 148 49.333333333333336
91 43 50.0
91 48 51.0
91 49 52.0
91 16 53.0
91 15 54.0
91 132 55.0
91 133 56.0
91 134 57.0
91 135 58.0
91 136 59.0
91 137 60.0
91 6 61.0
92 9 43.0
92 5 44.0
92 114 45.0
92 115 46.0
92 116 47.0
92 117 48.0
92 118 49.0
92 119 50.0
92 0 51.0
92 13 52.0
92 149 52.666666666666664
92 34 53.0
92 35 54.0
92 32 55.0
92 30 56.0
92 28 57.0
92 26 58.0
92 94 59.0
92 95 60.0
92 18 61.0
92 21 62.0
92 89 63.0
92 139 64.0
94 9 41.0
94 5 42.0
94 114 43.0
94 115 44.0
94 116 45.0
94 117 46.0
94 118 47.0
94 119 48.0
94 0 49.0
94 1 50.0
94 68 51.0
94 69 52.0
94 70 53.0
94 71 54.0
94 72 55.0
94 73 56.0
94 14 57.0
94 15 58.0
94 132 59.0
94 133 60.0
94 134 61.0
94 135 62.0
94 136 63.0
94 137 64.0
94 6 65.0
96 147 44.0
96 46 45.0
96 47 46.0
96 44 47.0
96 150 47.333333333333336
96 42 48.0
96 40 49.0
96 38 50.0
96 98 51.0
96 99 52.0
96 22 53.0
96 25 54.0
96 91 55.0
96 138 56.0
97 148 14
97 150 15.05409255338946
97 37 22.43274042711568
97 149 23.486832980505138
97 81 25.595018087284057
97 63 28.757295747452435
;
param t_hat_lat:=
0 144 4.0
0 88 5.0
0 20 6.0
0 19 7.0
0 96 8.0
0 97 9.0
0 29 10.0
0 27 11.0
0 33 12.0
0 31 13.0
0 36 14.0
0 141 15.0
3 9 5.0
3 5 6.0
3 114 7.0
3 115 8.0
3 116 9.0
3 117 10.0
3 118 11.0
3 119 12.0
3 0 13.0
3 13 14.0
3 80 15.0
3 81 16.0
3 82 17.0
3 83 18.0
3 84 19.0
3 85 20.0
3 2 21.0
3 10 22.0
4 147 5.0
4 49 6.0
4 16 7.0
4 17 8.0
4 74 9.0
4 75 10.0
4 76 11.0
4 77 12.0
4 78 13.0
4 79 14.0
4 12 15.0
4 13 16.0
4 80 17.0
4 81 18.0
4 82 19.0
4 83 20.0
4 84 21.0
4 85 22.0
4 2 23.0
4 10 24.0
5 143 6.0
5 90 7.0
5 24 8.0
5 25 9.0
5 56 10.0
5 57 11.0
5 58 12.0
5 59 13.0
5 60 14.0
5 61 15.0
5 20 16.0
5 19 17.0
5 96 18.0
5 97 19.0
5 29 20.0
5 27 21.0
5 33 22.0
5 31 23.0
5 36 24.0
5 141 25.0
6 7 2.0
6 126 3.0
6 127 4.0
6 128 5.0
6 129 6.0
6 130 7.0
6 131 8.0
6 14 9.0
6 17 10.0
6 74 11.0
6 75 12.0
6 76 13.0
6 77 14.0
6 78 15.0
6 79 16.0
6 12 17.0
6 1 18.0
6 120 19.0
6 121 20.0
6 122 21.0
6 123 22.0
6 124 23.0
6 125 24.0
6 4 25.0
6 8 26.0
7 146 2.0
7 34 3.0
7 35 4.0
7 32 5.0
7 30 6.0
7 28 7.0
7 26 8.0
7 94 9.0
7 95 10.0
7 18 11.0
7 21 12.0
7 108 13.0
7 109 14.0
7 110 15.0
7 111 16.0
7 112 17.0
7 113 18.0
7 93 19.0
7 140 20.0
8 7 4.0
8 126 5.0
8 127 6.0
8 128 7.0
8 129 8.0
8 130 9.0
8 131 10.0
8 14 11.0
8 17 12.0
8 74 13.0
8 75 14.0
8 76 15.0
8 77 16.0
8 78 17.0
8 79 18.0
8 12 19.0
8 13 20.0
8 149 20.666666666666664
8 34 21.0
8 35 22.0
8 141 23.0
9 147 8.0
9 46 9.0
9 47 10.0
9 44 11.0
9 150 11.333333333333332
9 42 12.0
9 40 13.0
9 38 14.0
9 98 15.0
9 99 16.0
9 22 17.0
9 25 18.0
9 56 19.0
9 57 20.0
9 58 21.0
9 59 22.0
9 60 23.0
9 61 24.0
9 20 25.0
9 21 26.0
9 89 27.0
9 139 28.0
10 143 3.0
10 90 4.0
10 24 5.0
10 25 6.0
10 56 7.0
10 57 8.0
10 58 9.0
10 59 10.0
10 60 11.0
10 61 12.0
10 20 13.0
10 21 14.0
10 89 15.0
10 139 16.0
11 9 3.0
11 5 4.0
11 114 5.0
11 115 6.0
11 116 7.0
11 117 8.0
11 118 9.0
11 119 10.0
11 0 11.0
11 1 12.0
11 68 13.0
11 69 14.0
11 70 15.0
11 71 16.0
11 72 17.0
11 73 18.0
11 14 19.0
11 15 20.0
11 132 21.0
11 133 22.0
11 134 23.0
11 135 24.0
11 136 25.0
11 137 26.0
11 6 27.0
12 11 7.0
12 3 8.0
12 62 9.0
12 63 10.0
12 64 11.0
12 65 12.0
12 66 13.0
12 67 14.0
12 0 15.0
12 1 16.0
12 120 17.0
12 121 18.0
12 122 19.0
12 123 20.0
12 124 21.0
12 125 22.0
12 4 23.0
12 8 24.0
13 146 8.0
13 34 9.0
13 35 10.0
13 32 11.0
13 30 12.0
13 28 13.0
13 26 14.0
13 94 15.0
13 95 16.0
13 18 17.0
13 21 18.0
13 89 19.0
13 139 20.0
15 145 7.0
15 92 8.0
15 102 9.0
15 103 10.0
15 104 11.0
15 105 12.0
15 106 13.0
15 107 14.0
15 18 15.0
15 21 16.0
15 89 17.0
15 139 18.0
16 143 1.0
16 90 2.0
16 24 3.0
16 23 4.0
16 100 5.0
16 101 6.0
16 41 7.0
16 39 8.0
16 45 9.0
16 148 9.333333333333332
16 43 10.0
16 48 11.0
16 49 12.0
16 16 13.0
16 15 14.0
16 132 15.0
16 133 16.0
16 134 17.0
16 135 18.0
16 136 19.0
16 137 20.0
16 6 21.0
17 146 5.0
17 37 6.0
17 12 7.0
17 1 8.0
17 68 9.0
17 69 10.0
17 70 11.0
17 71 12.0
17 72 13.0
17 73 14.0
17 14 15.0
17 15 16.0
17 132 17.0
17 133 18.0
17 134 19.0
17 135 20.0
17 136 21.0
17 137 22.0
17 6 23.0
18 147 3.0
18 46 4.0
18 47 5.0
18 44 6.0
18 150 6.333333333333333
18 42 7.0
18 40 8.0
18 38 9.0
18 98 10.0
18 99 11.0
18 22 12.0
18 25 13.0
18 91 14.0
18 138 15.0
19 145 5.0
19 92 6.0
19 102 7.0
19 103 8.0
19 104 9.0
19 105 10.0
19 106 11.0
19 107 12.0
19 18 13.0
19 19 14.0
19 50 15.0
19 51 16.0
19 52 17.0
19 53 18.0
19 54 19.0
19 55 20.0
19 22 21.0
19 25 22.0
19 91 23.0
19 138 24.0
20 146 11.0
20 37 12.0
20 12 13.0
20 1 14.0
20 120 15.0
20 121 16.0
20 122 17.0
20 123 18.0
20 124 19.0
20 125 20.0
20 4 21.0
20 8 22.0
21 9 15.0
21 5 16.0
21 114 17.0
21 115 18.0
21 116 19.0
21 117 20.0
21 118 21.0
21 119 22.0
21 0 23.0
21 13 24.0
21 149 24.666666666666664
21 34 25.0
21 35 26.0
21 141 27.0
22 147 19.0
22 46 20.0
22 47 21.0
22 44 22.0
22 150 22.333333333333332
22 42 23.0
22 40 24.0
22 38 25.0
22 98 26.0
22 99 27.0
22 22 28.0
22 25 29.0
22 56 30.0
22 57 31.0
22 58 32.0
22 59 33.0
22 60 34.0
22 61 35.0
22 20 36.0
22 21 37.0
22 89 38.0
22 139 39.0
23 144 16.0
23 88 17.0
23 20 18.0
23 19 19.0
23 50 20.0
23 51 21.0
23 52 22.0
23 53 23.0
23 54 24.0
23 55 25.0
23 22 26.0
23 23 27.0
23 100 28.0
23 101 29.0
23 41 30.0
23 39 31.0
23 45 32.0
23 148 32.333333333333336
23 43 33.0
23 48 34.0
23 142 35.0
24 7 14.0
24 126 15.0
24 127 16.0
24 128 17.0
24 129 18.0
24 130 19.0
24 131 20.0
24 14 21.0
24 17 22.0
24 46 23.0
24 47 24.0
24 142 25.0
25 144 18.0
25 88 19.0
25 20 20.0
25 21 21.0
25 108 22.0
25 109 23.0
25 110 24.0
25 111 25.0
25 112 26.0
25 113 27.0
25 93 28.0
25 140 29.0
26 9 18.0
26 5 19.0
26 114 20.0
26 115 21.0
26 116 22.0
26 117 23.0
26 118 24.0
26 119 25.0
26 0 26.0
26 1 27.0
26 68 28.0
26 69 29.0
26 70 30.0
26 71 31.0
26 72 32.0
26 73 33.0
26 14 34.0
26 17 35.0
26 46 36.0
26 47 37.0
26 142 38.0
27 146 13.0
27 34 14.0
27 35 15.0
27 32 16.0
27 30 17.0
27 28 18.0
27 26 19.0
27 94 20.0
27 95 21.0
27 18 22.0
27 21 23.0
27 108 24.0
27 109 25.0
27 110 26.0
27 111 27.0
27 112 28.0
27 113 29.0
27 93 30.0
27 140 31.0
28 145 16.0
28 92 17.0
28 102 18.0
28 103 19.0
28 104 20.0
28 105 21.0
28 106 22.0
28 107 23.0
28 18 24.0
28 19 25.0
28 50 26.0
28 51 27.0
28 52 28.0
28 53 29.0
28 54 30.0
28 55 31.0
28 22 32.0
28 23 33.0
28 100 34.0
28 101 35.0
28 41 36.0
28 39 37.0
28 45 38.0
28 148 38.333333333333336
28 43 39.0
28 48 40.0
28 142 41.0
29 11 11.0
29 3 12.0
29 62 13.0
29 63 14.0
29 64 15.0
29 65 16.0
29 66 17.0
29 67 18.0
29 0 19.0
29 1 20.0
29 120 21.0
29 121 22.0
29 122 23.0
29 123 24.0
29 124 25.0
29 125 26.0
29 4 27.0
29 8 28.0
30 144 20.0
30 88 21.0
30 20 22.0
30 19 23.0
30 50 24.0
30 51 25.0
30 52 26.0
30 53 27.0
30 54 28.0
30 55 29.0
30 22 30.0
30 25 31.0
30 91 32.0
30 138 33.0
31 143 12.0
31 90 13.0
31 24 14.0
31 23 15.0
31 100 16.0
31 101 17.0
31 41 18.0
31 39 19.0
31 45 20.0
31 148 20.333333333333332
31 43 21.0
31 48 22.0
31 49 23.0
31 16 24.0
31 15 25.0
31 132 26.0
31 133 27.0
31 134 28.0
31 135 29.0
31 136 30.0
31 137 31.0
31 6 32.0
32 11 13.0
32 3 14.0
32 62 15.0
32 63 16.0
32 64 17.0
32 65 18.0
32 66 19.0
32 67 20.0
32 0 21.0
32 13 22.0
32 149 22.666666666666664
32 34 23.0
32 35 24.0
32 32 25.0
32 30 26.0
32 28 27.0
32 26 28.0
32 94 29.0
32 95 30.0
32 18 31.0
32 21 32.0
32 89 33.0
32 139 34.0
33 11 20.0
33 3 21.0
33 62 22.0
33 63 23.0
33 64 24.0
33 65 25.0
33 66 26.0
33 67 27.0
33 0 28.0
33 1 29.0
33 120 30.0
33 121 31.0
33 122 32.0
33 123 33.0
33 124 34.0
33 125 35.0
33 4 36.0
33 8 37.0
34 146 18.0
34 34 19.0
34 35 20.0
34 32 21.0
34 30 22.0
34 28 23.0
34 26 24.0
34 94 25.0
34 95 26.0
34 18 27.0
34 21 28.0
34 89 29.0
34 139 30.0
35 7 16.0
35 126 17.0
35 127 18.0
35 128 19.0
35 129 20.0
35 130 21.0
35 131 22.0
35 14 23.0
35 17 24.0
35 74 25.0
35 75 26.0
35 76 27.0
35 77 28.0
35 78 29.0
35 79 30.0
35 12 31.0
35 1 32.0
35 120 33.0
35 121 34.0
35 122 35.0
35 123 36.0
35 124 37.0
35 125 38.0
35 4 39.0
35 8 40.0
36 7 18.0
36 126 19.0
36 127 20.0
36 128 21.0
36 129 22.0
36 130 23.0
36 131 24.0
36 14 25.0
36 17 26.0
36 46 27.0
36 47 28.0
36 142 29.0
37 9 22.0
37 5 23.0
37 114 24.0
37 115 25.0
37 116 26.0
37 117 27.0
37 118 28.0
37 119 29.0
37 0 30.0
37 13 31.0
37 149 31.666666666666664
37 34 32.0
37 35 33.0
37 32 34.0
37 30 35.0
37 28 36.0
37 26 37.0
37 94 38.0
37 95 39.0
37 18 40.0
37 21 41.0
37 89 42.0
37 139 43.0
38 147 15.0
38 49 16.0
38 16 17.0
38 15 18.0
38 132 19.0
38 133 20.0
38 134 21.0
38 135 22.0
38 136 23.0
38 137 24.0
38 6 25.0
39 145 12.0
39 92 13.0
39 102 14.0
39 103 15.0
39 104 16.0
39 105 17.0
39 106 18.0
39 107 19.0
39 18 20.0
39 19 21.0
39 96 22.0
39 97 23.0
39 29 24.0
39 27 25.0
39 33 26.0
39 31 27.0
39 36 28.0
39 141 29.0
40 7 25.0
40 126 26.0
40 127 27.0
40 128 28.0
40 129 29.0
40 130 30.0
40 131 31.0
40 14 32.0
40 17 33.0
40 74 34.0
40 75 35.0
40 76 36.0
40 77 37.0
40 78 38.0
40 79 39.0
40 12 40.0
40 1 41.0
40 120 42.0
40 121 43.0
40 122 44.0
40 123 45.0
40 124 46.0
40 125 47.0
40 4 48.0
40 8 49.0
41 9 28.0
41 5 29.0
41 114 30.0
41 115 31.0
41 116 32.0
41 117 33.0
41 118 34.0
41 119 35.0
41 0 36.0
41 1 37.0
41 68 38.0
41 69 39.0
41 70 40.0
41 71 41.0
41 72 42.0
41 73 43.0
41 14 44.0
41 15 45.0
41 132 46.0
41 133 47.0
41 134 48.0
41 135 49.0
41 136 50.0
41 137 51.0
41 6 52.0
42 144 40.0
42 88 41.0
42 20 42.0
42 19 43.0
42 50 44.0
42 51 45.0
42 52 46.0
42 53 47.0
42 54 48.0
42 55 49.0
42 22 50.0
42 25 51.0
42 91 52.0
42 138 53.0
43 7 23.0
43 126 24.0
43 127 25.0
43 128 26.0
43 129 27.0
43 130 28.0
43 131 29.0
43 14 30.0
43 17 31.0
43 46 32.0
43 47 33.0
43 44 34.0
43 150 34.333333333333336
43 42 35.0
43 40 36.0
43 38 37.0
43 98 38.0
43 99 39.0
43 22 40.0
43 25 41.0
43 91 42.0
43 138 43.0
44 144 42.0
44 88 43.0
44 20 44.0
44 19 45.0
44 50 46.0
44 51 47.0
44 52 48.0
44 53 49.0
44 54 50.0
44 55 51.0
44 22 52.0
44 23 53.0
44 100 54.0
44 101 55.0
44 41 56.0
44 39 57.0
44 45 58.0
44 148 58.333333333333336
44 43 59.0
44 48 60.0
44 142 61.0
45 146 29.0
45 34 30.0
45 35 31.0
45 32 32.0
45 30 33.0
45 28 34.0
45 26 35.0
45 94 36.0
45 95 37.0
45 18 38.0
45 21 39.0
45 108 40.0
45 109 41.0
45 110 42.0
45 111 43.0
45 112 44.0
45 113 45.0
45 93 46.0
45 140 47.0
46 147 26.0
46 49 27.0
46 16 28.0
46 17 29.0
46 74 30.0
46 75 31.0
46 76 32.0
46 77 33.0
46 78 34.0
46 79 35.0
46 12 36.0
46 13 37.0
46 149 37.666666666666664
46 34 38.0
46 35 39.0
46 141 40.0
47 143 28.0
47 90 29.0
47 24 30.0
47 23 31.0
47 100 32.0
47 101 33.0
47 41 34.0
47 39 35.0
47 45 36.0
47 148 36.333333333333336
47 43 37.0
47 48 38.0
47 49 39.0
47 16 40.0
47 15 41.0
47 132 42.0
47 133 43.0
47 134 44.0
47 135 45.0
47 136 46.0
47 137 47.0
47 6 48.0
48 9 30.0
48 5 31.0
48 114 32.0
48 115 33.0
48 116 34.0
48 117 35.0
48 118 36.0
48 119 37.0
48 0 38.0
48 1 39.0
48 68 40.0
48 69 41.0
48 70 42.0
48 71 43.0
48 72 44.0
48 73 45.0
48 14 46.0
48 15 47.0
48 132 48.0
48 133 49.0
48 134 50.0
48 135 51.0
48 136 52.0
48 137 53.0
48 6 54.0
49 147 29.0
49 46 30.0
49 47 31.0
49 44 32.0
49 150 32.333333333333336
49 42 33.0
49 40 34.0
49 38 35.0
49 98 36.0
49 99 37.0
49 22 38.0
49 25 39.0
49 56 40.0
49 57 41.0
49 58 42.0
49 59 43.0
49 60 44.0
49 61 45.0
49 20 46.0
49 21 47.0
49 89 48.0
49 139 49.0
50 144 30.0
50 88 31.0
50 20 32.0
50 19 33.0
50 96 34.0
50 97 35.0
50 29 36.0
50 27 37.0
50 33 38.0
50 31 39.0
50 36 40.0
50 37 41.0
50 12 42.0
50 1 43.0
50 120 44.0
50 121 45.0
50 122 46.0
50 123 47.0
50 124 48.0
50 125 49.0
50 4 50.0
50 8 51.0
51 143 50.0
51 90 51.0
51 24 52.0
51 25 53.0
51 56 54.0
51 57 55.0
51 58 56.0
51 59 57.0
51 60 58.0
51 61 59.0
51 20 60.0
51 21 61.0
51 108 62.0
51 109 63.0
51 110 64.0
51 111 65.0
51 112 66.0
51 113 67.0
51 93 68.0
51 140 69.0
52 143 30.0
52 90 31.0
52 24 32.0
52 25 33.0
52 56 34.0
52 57 35.0
52 58 36.0
52 59 37.0
52 60 38.0
52 61 39.0
52 20 40.0
52 19 41.0
52 96 42.0
52 97 43.0
52 29 44.0
52 27 45.0
52 33 46.0
52 31 47.0
52 36 48.0
52 141 49.0
53 11 26.0
53 3 27.0
53 62 28.0
53 63 29.0
53 64 30.0
53 65 31.0
53 66 32.0
53 67 33.0
53 0 34.0
53 1 35.0
53 68 36.0
53 69 37.0
53 70 38.0
53 71 39.0
53 72 40.0
53 73 41.0
53 14 42.0
53 17 43.0
53 46 44.0
53 47 45.0
53 142 46.0
54 143 24.0
54 90 25.0
54 24 26.0
54 25 27.0
54 56 28.0
54 57 29.0
54 58 30.0
54 59 31.0
54 60 32.0
54 61 33.0
54 20 34.0
54 19 35.0
54 96 36.0
54 97 37.0
54 29 38.0
54 27 39.0
54 33 40.0
54 31 41.0
54 36 42.0
54 141 43.0
55 144 36.0
55 88 37.0
55 20 38.0
55 19 39.0
55 50 40.0
55 51 41.0
55 52 42.0
55 53 43.0
55 54 44.0
55 55 45.0
55 22 46.0
55 23 47.0
55 100 48.0
55 101 49.0
55 41 50.0
55 39 51.0
55 45 52.0
55 148 52.333333333333336
55 43 53.0
55 48 54.0
55 142 55.0
56 144 27.0
56 88 28.0
56 20 29.0
56 21 30.0
56 108 31.0
56 109 32.0
56 110 33.0
56 111 34.0
56 112 35.0
56 113 36.0
56 93 37.0
56 140 38.0
57 143 40.0
57 90 41.0
57 24 42.0
57 25 43.0
57 56 44.0
57 57 45.0
57 58 46.0
57 59 47.0
57 60 48.0
57 61 49.0
57 20 50.0
57 19 51.0
57 96 52.0
57 97 53.0
57 29 54.0
57 27 55.0
57 33 56.0
57 31 57.0
57 36 58.0
57 141 59.0
58 146 33.0
58 34 34.0
58 35 35.0
58 32 36.0
58 30 37.0
58 28 38.0
58 26 39.0
58 94 40.0
58 95 41.0
58 18 42.0
58 21 43.0
58 108 44.0
58 109 45.0
58 110 46.0
58 111 47.0
58 112 48.0
58 113 49.0
58 93 50.0
58 140 51.0
59 144 25.0
59 88 26.0
59 20 27.0
59 19 28.0
59 50 29.0
59 51 30.0
59 52 31.0
59 53 32.0
59 54 33.0
59 55 34.0
59 22 35.0
59 25 36.0
59 91 37.0
59 138 38.0
60 144 50.0
60 88 51.0
60 20 52.0
60 19 53.0
60 96 54.0
60 97 55.0
60 29 56.0
60 27 57.0
60 33 58.0
60 31 59.0
60 36 60.0
60 37 61.0
60 12 62.0
60 13 63.0
60 80 64.0
60 81 65.0
60 82 66.0
60 83 67.0
60 84 68.0
60 85 69.0
60 2 70.0
60 10 71.0
61 146 47.0
61 34 48.0
61 35 49.0
61 32 50.0
61 30 51.0
61 28 52.0
61 26 53.0
61 94 54.0
61 95 55.0
61 18 56.0
61 21 57.0
61 108 58.0
61 109 59.0
61 110 60.0
61 111 61.0
61 112 62.0
61 113 63.0
61 93 64.0
61 140 65.0
62 9 48.0
62 5 49.0
62 114 50.0
62 115 51.0
62 116 52.0
62 117 53.0
62 118 54.0
62 119 55.0
62 0 56.0
62 1 57.0
62 68 58.0
62 69 59.0
62 70 60.0
62 71 61.0
62 72 62.0
62 73 63.0
62 14 64.0
62 17 65.0
62 46 66.0
62 47 67.0
62 142 68.0
63 7 31.0
63 126 32.0
63 127 33.0
63 128 34.0
63 129 35.0
63 130 36.0
63 131 37.0
63 14 38.0
63 17 39.0
63 74 40.0
63 75 41.0
63 76 42.0
63 77 43.0
63 78 44.0
63 79 45.0
63 12 46.0
63 13 47.0
63 80 48.0
63 81 49.0
63 82 50.0
63 83 51.0
63 84 52.0
63 85 53.0
63 2 54.0
63 10 55.0
64 147 34.0
64 49 35.0
64 16 36.0
64 17 37.0
64 74 38.0
64 75 39.0
64 76 40.0
64 77 41.0
64 78 42.0
64 79 43.0
64 12 44.0
64 13 45.0
64 80 46.0
64 81 47.0
64 82 48.0
64 83 49.0
64 84 50.0
64 85 51.0
64 2 52.0
64 10 53.0
65 146 50.0
65 37 51.0
65 12 52.0
65 1 53.0
65 68 54.0
65 69 55.0
65 70 56.0
65 71 57.0
65 72 58.0
65 73 59.0
65 14 60.0
65 15 61.0
65 132 62.0
65 133 63.0
65 134 64.0
65 135 65.0
65 136 66.0
65 137 67.0
65 6 68.0
66 7 33.0
66 126 34.0
66 127 35.0
66 128 36.0
66 129 37.0
66 130 38.0
66 131 39.0
66 14 40.0
66 17 41.0
66 74 42.0
66 75 43.0
66 76 44.0
66 77 45.0
66 78 46.0
66 79 47.0
66 12 48.0
66 13 49.0
66 80 50.0
66 81 51.0
66 82 52.0
66 83 53.0
66 84 54.0
66 85 55.0
66 2 56.0
66 10 57.0
67 9 34.0
67 5 35.0
67 114 36.0
67 115 37.0
67 116 38.0
67 117 39.0
67 118 40.0
67 119 41.0
67 0 42.0
67 13 43.0
67 149 43.666666666666664
67 34 44.0
67 35 45.0
67 32 46.0
67 30 47.0
67 28 48.0
67 26 49.0
67 94 50.0
67 95 51.0
67 18 52.0
67 21 53.0
67 89 54.0
67 139 55.0
68 9 38.0
68 5 39.0
68 114 40.0
68 115 41.0
68 116 42.0
68 117 43.0
68 118 44.0
68 119 45.0
68 0 46.0
68 1 47.0
68 68 48.0
68 69 49.0
68 70 50.0
68 71 51.0
68 72 52.0
68 73 53.0
68 14 54.0
68 17 55.0
68 46 56.0
68 47 57.0
68 142 58.0
69 7 45.0
69 126 46.0
69 127 47.0
69 128 48.0
69 129 49.0
69 130 50.0
69 131 51.0
69 14 52.0
69 17 53.0
69 74 54.0
69 75 55.0
69 76 56.0
69 77 57.0
69 78 58.0
69 79 59.0
69 12 60.0
69 13 61.0
69 80 62.0
69 81 63.0
69 82 64.0
69 83 65.0
69 84 66.0
69 85 67.0
69 2 68.0
69 10 69.0
70 7 41.0
70 126 42.0
70 127 43.0
70 128 44.0
70 129 45.0
70 130 46.0
70 131 47.0
70 14 48.0
70 17 49.0
70 46 50.0
70 47 51.0
70 142 52.0
71 145 46.0
71 92 47.0
71 102 48.0
71 103 49.0
71 104 50.0
71 105 51.0
71 106 52.0
71 107 53.0
71 18 54.0
71 21 55.0
71 89 56.0
71 139 57.0
72 145 36.0
72 92 37.0
72 102 38.0
72 103 39.0
72 104 40.0
72 105 41.0
72 106 42.0
72 107 43.0
72 18 44.0
72 21 45.0
72 89 46.0
72 139 47.0
74 11 36.0
74 3 37.0
74 62 38.0
74 63 39.0
74 64 40.0
74 65 41.0
74 66 42.0
74 67 43.0
74 0 44.0
74 1 45.0
74 120 46.0
74 121 47.0
74 122 48.0
74 123 49.0
74 124 50.0
74 125 51.0
74 4 52.0
74 8 53.0
75 11 40.0
75 3 41.0
75 62 42.0
75 63 43.0
75 64 44.0
75 65 45.0
75 66 46.0
75 67 47.0
75 0 48.0
75 1 49.0
75 68 50.0
75 69 51.0
75 70 52.0
75 71 53.0
75 72 54.0
75 73 55.0
75 14 56.0
75 15 57.0
75 132 58.0
75 133 59.0
75 134 60.0
75 135 61.0
75 136 62.0
75 137 63.0
75 6 64.0
76 146 40.0
76 34 41.0
76 35 42.0
76 32 43.0
76 30 44.0
76 28 45.0
76 26 46.0
76 94 47.0
76 95 48.0
76 18 49.0
76 21 50.0
76 89 51.0
76 139 52.0
77 143 38.0
77 90 39.0
77 24 40.0
77 23 41.0
77 100 42.0
77 101 43.0
77 41 44.0
77 39 45.0
77 45 46.0
77 148 46.333333333333336
77 43 47.0
77 48 48.0
77 142 49.0
78 144 46.0
78 88 47.0
78 20 48.0
78 19 49.0
78 50 50.0
78 51 51.0
78 52 52.0
78 53 53.0
78 54 54.0
78 55 55.0
78 22 56.0
78 23 57.0
78 100 58.0
78 101 59.0
78 41 60.0
78 39 61.0
78 45 62.0
78 148 62.333333333333336
78 43 63.0
78 48 64.0
78 142 65.0
79 9 32.0
79 5 33.0
79 114 34.0
79 115 35.0
79 116 36.0
79 117 37.0
79 118 38.0
79 119 39.0
79 0 40.0
79 13 41.0
79 80 42.0
79 81 43.0
79 82 44.0
79 83 45.0
79 84 46.0
79 85 47.0
79 2 48.0
79 10 49.0
82 11 50.0
82 3 51.0
82 62 52.0
82 63 53.0
82 64 54.0
82 65 55.0
82 66 56.0
82 67 57.0
82 0 58.0
82 1 59.0
82 68 60.0
82 69 61.0
82 70 62.0
82 71 63.0
82 72 64.0
82 73 65.0
82 14 66.0
82 17 67.0
82 46 68.0
82 47 69.0
82 142 70.0
83 11 46.0
83 3 47.0
83 62 48.0
83 63 49.0
83 64 50.0
83 65 51.0
83 66 52.0
83 67 53.0
83 0 54.0
83 13 55.0
83 149 55.666666666666664
83 34 56.0
83 35 57.0
83 32 58.0
83 30 59.0
83 28 60.0
83 26 61.0
83 94 62.0
83 95 63.0
83 18 64.0
83 21 65.0
83 89 66.0
83 139 67.0
86 7 43.0
86 126 44.0
86 127 45.0
86 128 46.0
86 129 47.0
86 130 48.0
86 131 49.0
86 14 50.0
86 17 51.0
86 74 52.0
86 75 53.0
86 76 54.0
86 77 55.0
86 78 56.0
86 79 57.0
86 12 58.0
86 13 59.0
86 149 59.666666666666664
86 34 60.0
86 35 61.0
86 141 62.0
88 145 50.0
88 92 51.0
88 102 52.0
88 103 53.0
88 104 54.0
88 105 55.0
88 106 56.0
88 107 57.0
88 18 58.0
88 19 59.0
88 96 60.0
88 97 61.0
88 29 62.0
88 27 63.0
88 33 64.0
88 31 65.0
88 36 66.0
88 141 67.0
91 143 42.0
91 90 43.0
91 24 44.0
91 23 45.0
91 100 46.0
91 101 47.0
91 41 48.0
91 39 49.0
91 45 50.0
91 148 50.333333333333336
91 43 51.0
91 48 52.0
91 49 53.0
91 16 54.0
91 15 55.0
91 132 56.0
91 133 57.0
91 134 58.0
91 135 59.0
91 136 60.0
91 137 61.0
91 6 62.0
92 9 44.0
92 5 45.0
92 114 46.0
92 115 47.0
92 116 48.0
92 117 49.0
92 118 50.0
92 119 51.0
92 0 52.0
92 13 53.0
92 149 53.666666666666664
92 34 54.0
92 35 55.0
92 32 56.0
92 30 57.0
92 28 58.0
92 26 59.0
92 94 60.0
92 95 61.0
92 18 62.0
92 21 63.0
92 89 64.0
92 139 65.0
94 9 42.0
94 5 43.0
94 114 44.0
94 115 45.0
94 116 46.0
94 117 47.0
94 118 48.0
94 119 49.0
94 0 50.0
94 1 51.0
94 68 52.0
94 69 53.0
94 70 54.0
94 71 55.0
94 72 56.0
94 73 57.0
94 14 58.0
94 15 59.0
94 132 60.0
94 133 61.0
94 134 62.0
94 135 63.0
94 136 64.0
94 137 65.0
94 6 66.0
96 147 45.0
96 46 46.0
96 47 47.0
96 44 48.0
96 150 48.333333333333336
96 42 49.0
96 40 50.0
96 38 51.0
96 98 52.0
96 99 53.0
96 22 54.0
96 25 55.0
96 91 56.0
96 138 57.0
97 148 15
97 150 16.05409255338946
97 37 23.43274042711568
97 149 24.486832980505138
97 81 26.595018087284057
97 63 29.757295747452435
;
set fixedFlights :=
0 20 19
0 29 27
0 27 33
0 33 31
0 31 36
0 19 96
0 96 97
0 97 29
0 88 20
0 144 88
0 36 141
3 2 10
3 9 5
3 0 13
3 13 80
3 80 81
3 81 82
3 82 83
3 83 84
3 84 85
3 85 2
3 5 114
3 114 115
3 115 116
3 116 117
3 117 118
3 118 119
3 119 0
4 2 10
4 12 13
4 16 17
4 49 16
4 17 74
4 74 75
4 75 76
4 76 77
4 77 78
4 78 79
4 79 12
4 13 80
4 80 81
4 81 82
4 82 83
4 83 84
4 84 85
4 85 2
4 147 49
5 20 19
5 24 25
5 29 27
5 27 33
5 33 31
5 31 36
5 25 56
5 56 57
5 57 58
5 58 59
5 59 60
5 60 61
5 61 20
5 19 96
5 96 97
5 97 29
5 90 24
5 143 90
5 36 141
6 4 8
6 12 1
6 14 17
6 17 74
6 74 75
6 75 76
6 76 77
6 77 78
6 78 79
6 79 12
6 1 120
6 120 121
6 121 122
6 122 123
6 123 124
6 124 125
6 125 4
6 7 126
6 126 127
6 127 128
6 128 129
6 129 130
6 130 131
6 131 14
7 18 21
7 34 35
7 35 32
7 32 30
7 30 28
7 28 26
7 26 94
7 94 95
7 95 18
7 21 108
7 108 109
7 109 110
7 110 111
7 111 112
7 112 113
7 113 93
7 93 140
7 146 34
8 12 13
8 14 17
8 34 35
8 17 74
8 74 75
8 75 76
8 76 77
8 77 78
8 78 79
8 79 12
8 7 126
8 126 127
8 127 128
8 128 129
8 129 130
8 130 131
8 131 14
8 35 141
8 13 149
8 149 34
9 20 21
9 22 25
9 46 47
9 47 44
9 42 40
9 40 38
9 25 56
9 56 57
9 57 58
9 58 59
9 59 60
9 60 61
9 61 20
9 38 98
9 98 99
9 99 22
9 21 89
9 89 139
9 147 46
9 44 150
9 150 42
10 20 21
10 24 25
10 25 56
10 56 57
10 57 58
10 58 59
10 59 60
10 60 61
10 61 20
10 21 89
10 90 24
10 143 90
10 89 139
11 0 1
11 9 5
11 14 15
11 1 68
11 68 69
11 69 70
11 70 71
11 71 72
11 72 73
11 73 14
11 5 114
11 114 115
11 115 116
11 116 117
11 117 118
11 118 119
11 119 0
11 15 132
11 132 133
11 133 134
11 134 135
11 135 136
11 136 137
11 137 6
12 0 1
12 11 3
12 4 8
12 3 62
12 62 63
12 63 64
12 64 65
12 65 66
12 66 67
12 67 0
12 1 120
12 120 121
12 121 122
12 122 123
12 123 124
12 124 125
12 125 4
13 18 21
13 34 35
13 35 32
13 32 30
13 30 28
13 28 26
13 26 94
13 94 95
13 95 18
13 21 89
13 89 139
13 146 34
15 18 21
15 92 102
15 102 103
15 103 104
15 104 105
15 105 106
15 106 107
15 107 18
15 21 89
15 145 92
15 89 139
16 16 15
16 24 23
16 41 39
16 39 45
16 43 48
16 48 49
16 49 16
16 23 100
16 100 101
16 101 41
16 90 24
16 15 132
16 132 133
16 133 134
16 134 135
16 135 136
16 136 137
16 137 6
16 143 90
16 45 148
16 148 43
17 12 1
17 14 15
17 37 12
17 1 68
17 68 69
17 69 70
17 70 71
17 71 72
17 72 73
17 73 14
17 15 132
17 132 133
17 133 134
17 134 135
17 135 136
17 136 137
17 137 6
17 146 37
18 22 25
18 46 47
18 47 44
18 42 40
18 40 38
18 38 98
18 98 99
18 99 22
18 25 91
18 91 138
18 147 46
18 44 150
18 150 42
19 18 19
19 22 25
19 19 50
19 50 51
19 51 52
19 52 53
19 53 54
19 54 55
19 55 22
19 92 102
19 102 103
19 103 104
19 104 105
19 105 106
19 106 107
19 107 18
19 25 91
19 145 92
19 91 138
20 4 8
20 12 1
20 37 12
20 1 120
20 120 121
20 121 122
20 122 123
20 123 124
20 124 125
20 125 4
20 146 37
21 9 5
21 0 13
21 34 35
21 5 114
21 114 115
21 115 116
21 116 117
21 117 118
21 118 119
21 119 0
21 35 141
21 13 149
21 149 34
22 20 21
22 22 25
22 46 47
22 47 44
22 42 40
22 40 38
22 25 56
22 56 57
22 57 58
22 58 59
22 59 60
22 60 61
22 61 20
22 38 98
22 98 99
22 99 22
22 21 89
22 89 139
22 147 46
22 44 150
22 150 42
23 20 19
23 22 23
23 41 39
23 39 45
23 43 48
23 19 50
23 50 51
23 51 52
23 52 53
23 53 54
23 54 55
23 55 22
23 23 100
23 100 101
23 101 41
23 88 20
23 144 88
23 48 142
23 45 148
23 148 43
24 14 17
24 17 46
24 46 47
24 7 126
24 126 127
24 127 128
24 128 129
24 129 130
24 130 131
24 131 14
24 47 142
25 20 21
25 21 108
25 108 109
25 109 110
25 110 111
25 111 112
25 112 113
25 113 93
25 88 20
25 144 88
25 93 140
26 0 1
26 9 5
26 14 17
26 17 46
26 46 47
26 1 68
26 68 69
26 69 70
26 70 71
26 71 72
26 72 73
26 73 14
26 5 114
26 114 115
26 115 116
26 116 117
26 117 118
26 118 119
26 119 0
26 47 142
27 18 21
27 34 35
27 35 32
27 32 30
27 30 28
27 28 26
27 26 94
27 94 95
27 95 18
27 21 108
27 108 109
27 109 110
27 110 111
27 111 112
27 112 113
27 113 93
27 93 140
27 146 34
28 18 19
28 22 23
28 41 39
28 39 45
28 43 48
28 19 50
28 50 51
28 51 52
28 52 53
28 53 54
28 54 55
28 55 22
28 23 100
28 100 101
28 101 41
28 92 102
28 102 103
28 103 104
28 104 105
28 105 106
28 106 107
28 107 18
28 145 92
28 48 142
28 45 148
28 148 43
29 0 1
29 11 3
29 4 8
29 3 62
29 62 63
29 63 64
29 64 65
29 65 66
29 66 67
29 67 0
29 1 120
29 120 121
29 121 122
29 122 123
29 123 124
29 124 125
29 125 4
30 20 19
30 22 25
30 19 50
30 50 51
30 51 52
30 52 53
30 53 54
30 54 55
30 55 22
30 88 20
30 25 91
30 144 88
30 91 138
31 12 1
31 14 15
31 16 17
31 20 19
31 22 25
31 24 23
31 29 27
31 27 33
31 33 31
31 31 36
31 36 37
31 37 12
31 17 46
31 46 47
31 47 44
31 42 40
31 40 38
31 41 39
31 39 45
31 43 48
31 48 49
31 49 16
31 25 56
31 56 57
31 57 58
31 58 59
31 59 60
31 60 61
31 61 20
31 1 68
31 68 69
31 69 70
31 70 71
31 71 72
31 72 73
31 73 14
31 19 96
31 96 97
31 97 29
31 38 98
31 98 99
31 99 22
31 23 100
31 100 101
31 101 41
31 90 24
31 15 132
31 132 133
31 133 134
31 134 135
31 135 136
31 136 137
31 137 6
31 143 90
31 45 148
31 148 43
31 44 150
31 150 42
32 11 3
32 0 13
32 18 21
32 34 35
32 35 32
32 32 30
32 30 28
32 28 26
32 3 62
32 62 63
32 63 64
32 64 65
32 65 66
32 66 67
32 67 0
32 26 94
32 94 95
32 95 18
32 21 89
32 89 139
32 13 149
32 149 34
33 0 1
33 11 3
33 4 8
33 3 62
33 62 63
33 63 64
33 64 65
33 65 66
33 66 67
33 67 0
33 1 120
33 120 121
33 121 122
33 122 123
33 123 124
33 124 125
33 125 4
34 18 21
34 34 35
34 35 32
34 32 30
34 30 28
34 28 26
34 26 94
34 94 95
34 95 18
34 21 89
34 89 139
34 146 34
35 4 8
35 12 1
35 14 17
35 17 74
35 74 75
35 75 76
35 76 77
35 77 78
35 78 79
35 79 12
35 1 120
35 120 121
35 121 122
35 122 123
35 123 124
35 124 125
35 125 4
35 7 126
35 126 127
35 127 128
35 128 129
35 129 130
35 130 131
35 131 14
36 14 17
36 17 46
36 46 47
36 7 126
36 126 127
36 127 128
36 128 129
36 129 130
36 130 131
36 131 14
36 47 142
37 9 5
37 0 13
37 18 21
37 34 35
37 35 32
37 32 30
37 30 28
37 28 26
37 26 94
37 94 95
37 95 18
37 21 89
37 5 114
37 114 115
37 115 116
37 116 117
37 117 118
37 118 119
37 119 0
37 89 139
37 13 149
37 149 34
38 16 15
38 49 16
38 15 132
38 132 133
38 133 134
38 134 135
38 135 136
38 136 137
38 137 6
38 147 49
39 18 19
39 29 27
39 27 33
39 33 31
39 31 36
39 19 96
39 96 97
39 97 29
39 92 102
39 102 103
39 103 104
39 104 105
39 105 106
39 106 107
39 107 18
39 145 92
39 36 141
40 4 8
40 12 1
40 14 17
40 17 74
40 74 75
40 75 76
40 76 77
40 77 78
40 78 79
40 79 12
40 1 120
40 120 121
40 121 122
40 122 123
40 123 124
40 124 125
40 125 4
40 7 126
40 126 127
40 127 128
40 128 129
40 129 130
40 130 131
40 131 14
41 0 1
41 9 5
41 14 15
41 1 68
41 68 69
41 69 70
41 70 71
41 71 72
41 72 73
41 73 14
41 5 114
41 114 115
41 115 116
41 116 117
41 117 118
41 118 119
41 119 0
41 15 132
41 132 133
41 133 134
41 134 135
41 135 136
41 136 137
41 137 6
42 20 19
42 22 25
42 19 50
42 50 51
42 51 52
42 52 53
42 53 54
42 54 55
42 55 22
42 88 20
42 25 91
42 144 88
42 91 138
43 14 17
43 22 25
43 17 46
43 46 47
43 47 44
43 42 40
43 40 38
43 38 98
43 98 99
43 99 22
43 25 91
43 7 126
43 126 127
43 127 128
43 128 129
43 129 130
43 130 131
43 131 14
43 91 138
43 44 150
43 150 42
44 20 19
44 22 23
44 41 39
44 39 45
44 43 48
44 19 50
44 50 51
44 51 52
44 52 53
44 53 54
44 54 55
44 55 22
44 23 100
44 100 101
44 101 41
44 88 20
44 144 88
44 48 142
44 45 148
44 148 43
45 18 21
45 34 35
45 35 32
45 32 30
45 30 28
45 28 26
45 26 94
45 94 95
45 95 18
45 21 108
45 108 109
45 109 110
45 110 111
45 111 112
45 112 113
45 113 93
45 93 140
45 146 34
46 12 13
46 16 17
46 34 35
46 49 16
46 17 74
46 74 75
46 75 76
46 76 77
46 77 78
46 78 79
46 79 12
46 35 141
46 147 49
46 13 149
46 149 34
47 16 15
47 24 23
47 41 39
47 39 45
47 43 48
47 48 49
47 49 16
47 23 100
47 100 101
47 101 41
47 90 24
47 15 132
47 132 133
47 133 134
47 134 135
47 135 136
47 136 137
47 137 6
47 143 90
47 45 148
47 148 43
48 0 1
48 9 5
48 14 15
48 1 68
48 68 69
48 69 70
48 70 71
48 71 72
48 72 73
48 73 14
48 5 114
48 114 115
48 115 116
48 116 117
48 117 118
48 118 119
48 119 0
48 15 132
48 132 133
48 133 134
48 134 135
48 135 136
48 136 137
48 137 6
49 20 21
49 22 25
49 46 47
49 47 44
49 42 40
49 40 38
49 25 56
49 56 57
49 57 58
49 58 59
49 59 60
49 60 61
49 61 20
49 38 98
49 98 99
49 99 22
49 21 89
49 89 139
49 147 46
49 44 150
49 150 42
50 4 8
50 12 1
50 20 19
50 29 27
50 27 33
50 33 31
50 31 36
50 36 37
50 37 12
50 19 96
50 96 97
50 97 29
50 88 20
50 1 120
50 120 121
50 121 122
50 122 123
50 123 124
50 124 125
50 125 4
50 144 88
51 20 21
51 24 25
51 25 56
51 56 57
51 57 58
51 58 59
51 59 60
51 60 61
51 61 20
51 21 108
51 108 109
51 109 110
51 110 111
51 111 112
51 112 113
51 113 93
51 90 24
51 143 90
51 93 140
52 20 19
52 24 25
52 29 27
52 27 33
52 33 31
52 31 36
52 25 56
52 56 57
52 57 58
52 58 59
52 59 60
52 60 61
52 61 20
52 19 96
52 96 97
52 97 29
52 90 24
52 143 90
52 36 141
54 20 19
54 24 25
54 29 27
54 27 33
54 33 31
54 31 36
54 25 56
54 56 57
54 57 58
54 58 59
54 59 60
54 60 61
54 61 20
54 19 96
54 96 97
54 97 29
54 90 24
54 143 90
54 36 141
55 20 19
55 22 23
55 41 39
55 39 45
55 43 48
55 19 50
55 50 51
55 51 52
55 52 53
55 53 54
55 54 55
55 55 22
55 23 100
55 100 101
55 101 41
55 88 20
55 144 88
55 48 142
55 45 148
55 148 43
56 20 21
56 21 108
56 108 109
56 109 110
56 110 111
56 111 112
56 112 113
56 113 93
56 88 20
56 144 88
56 93 140
57 20 19
57 24 25
57 29 27
57 27 33
57 33 31
57 31 36
57 25 56
57 56 57
57 57 58
57 58 59
57 59 60
57 60 61
57 61 20
57 19 96
57 96 97
57 97 29
57 90 24
57 143 90
57 36 141
58 18 21
58 34 35
58 35 32
58 32 30
58 30 28
58 28 26
58 26 94
58 94 95
58 95 18
58 21 108
58 108 109
58 109 110
58 110 111
58 111 112
58 112 113
58 113 93
58 93 140
58 146 34
59 20 19
59 22 25
59 19 50
59 50 51
59 51 52
59 52 53
59 53 54
59 54 55
59 55 22
59 88 20
59 25 91
59 144 88
59 91 138
60 2 10
60 12 13
60 20 19
60 29 27
60 27 33
60 33 31
60 31 36
60 36 37
60 37 12
60 13 80
60 80 81
60 81 82
60 82 83
60 83 84
60 84 85
60 85 2
60 19 96
60 96 97
60 97 29
60 88 20
60 144 88
61 18 21
61 34 35
61 35 32
61 32 30
61 30 28
61 28 26
61 26 94
61 94 95
61 95 18
61 21 108
61 108 109
61 109 110
61 110 111
61 111 112
61 112 113
61 113 93
61 93 140
61 146 34
62 0 1
62 9 5
62 14 17
62 17 46
62 46 47
62 1 68
62 68 69
62 69 70
62 70 71
62 71 72
62 72 73
62 73 14
62 5 114
62 114 115
62 115 116
62 116 117
62 117 118
62 118 119
62 119 0
62 47 142
63 2 10
63 12 13
63 14 17
63 17 74
63 74 75
63 75 76
63 76 77
63 77 78
63 78 79
63 79 12
63 13 80
63 80 81
63 81 82
63 82 83
63 83 84
63 84 85
63 85 2
63 7 126
63 126 127
63 127 128
63 128 129
63 129 130
63 130 131
63 131 14
64 2 10
64 12 13
64 16 17
64 49 16
64 17 74
64 74 75
64 75 76
64 76 77
64 77 78
64 78 79
64 79 12
64 13 80
64 80 81
64 81 82
64 82 83
64 83 84
64 84 85
64 85 2
64 147 49
65 12 1
65 14 15
65 37 12
65 1 68
65 68 69
65 69 70
65 70 71
65 71 72
65 72 73
65 73 14
65 15 132
65 132 133
65 133 134
65 134 135
65 135 136
65 136 137
65 137 6
65 146 37
66 2 10
66 12 13
66 14 17
66 17 74
66 74 75
66 75 76
66 76 77
66 77 78
66 78 79
66 79 12
66 13 80
66 80 81
66 81 82
66 82 83
66 83 84
66 84 85
66 85 2
66 7 126
66 126 127
66 127 128
66 128 129
66 129 130
66 130 131
66 131 14
67 9 5
67 0 13
67 18 21
67 34 35
67 35 32
67 32 30
67 30 28
67 28 26
67 26 94
67 94 95
67 95 18
67 21 89
67 5 114
67 114 115
67 115 116
67 116 117
67 117 118
67 118 119
67 119 0
67 89 139
67 13 149
67 149 34
68 0 1
68 9 5
68 14 17
68 17 46
68 46 47
68 1 68
68 68 69
68 69 70
68 70 71
68 71 72
68 72 73
68 73 14
68 5 114
68 114 115
68 115 116
68 116 117
68 117 118
68 118 119
68 119 0
68 47 142
69 2 10
69 12 13
69 14 17
69 17 74
69 74 75
69 75 76
69 76 77
69 77 78
69 78 79
69 79 12
69 13 80
69 80 81
69 81 82
69 82 83
69 83 84
69 84 85
69 85 2
69 7 126
69 126 127
69 127 128
69 128 129
69 129 130
69 130 131
69 131 14
70 14 17
70 17 46
70 46 47
70 7 126
70 126 127
70 127 128
70 128 129
70 129 130
70 130 131
70 131 14
70 47 142
71 18 21
71 92 102
71 102 103
71 103 104
71 104 105
71 105 106
71 106 107
71 107 18
71 21 89
71 145 92
71 89 139
72 18 21
72 92 102
72 102 103
72 103 104
72 104 105
72 105 106
72 106 107
72 107 18
72 21 89
72 145 92
72 89 139
74 0 1
74 11 3
74 4 8
74 3 62
74 62 63
74 63 64
74 64 65
74 65 66
74 66 67
74 67 0
74 1 120
74 120 121
74 121 122
74 122 123
74 123 124
74 124 125
74 125 4
75 0 1
75 11 3
75 14 15
75 3 62
75 62 63
75 63 64
75 64 65
75 65 66
75 66 67
75 67 0
75 1 68
75 68 69
75 69 70
75 70 71
75 71 72
75 72 73
75 73 14
75 15 132
75 132 133
75 133 134
75 134 135
75 135 136
75 136 137
75 137 6
76 18 21
76 34 35
76 35 32
76 32 30
76 30 28
76 28 26
76 26 94
76 94 95
76 95 18
76 21 89
76 89 139
76 146 34
77 24 23
77 41 39
77 39 45
77 43 48
77 23 100
77 100 101
77 101 41
77 90 24
77 143 90
77 48 142
77 45 148
77 148 43
78 20 19
78 22 23
78 41 39
78 39 45
78 43 48
78 19 50
78 50 51
78 51 52
78 52 53
78 53 54
78 54 55
78 55 22
78 23 100
78 100 101
78 101 41
78 88 20
78 144 88
78 48 142
78 45 148
78 148 43
79 2 10
79 9 5
79 0 13
79 13 80
79 80 81
79 81 82
79 82 83
79 83 84
79 84 85
79 85 2
79 5 114
79 114 115
79 115 116
79 116 117
79 117 118
79 118 119
79 119 0
82 0 1
82 11 3
82 14 17
82 17 46
82 46 47
82 3 62
82 62 63
82 63 64
82 64 65
82 65 66
82 66 67
82 67 0
82 1 68
82 68 69
82 69 70
82 70 71
82 71 72
82 72 73
82 73 14
82 47 142
83 11 3
83 0 13
83 18 21
83 34 35
83 35 32
83 32 30
83 30 28
83 28 26
83 3 62
83 62 63
83 63 64
83 64 65
83 65 66
83 66 67
83 67 0
83 26 94
83 94 95
83 95 18
83 21 89
83 89 139
83 13 149
83 149 34
86 12 13
86 14 17
86 34 35
86 17 74
86 74 75
86 75 76
86 76 77
86 77 78
86 78 79
86 79 12
86 7 126
86 126 127
86 127 128
86 128 129
86 129 130
86 130 131
86 131 14
86 35 141
86 13 149
86 149 34
88 12 13
88 16 17
88 18 19
88 22 23
88 34 35
88 41 39
88 39 45
88 43 48
88 48 49
88 49 16
88 19 50
88 50 51
88 51 52
88 52 53
88 53 54
88 54 55
88 55 22
88 17 74
88 74 75
88 75 76
88 76 77
88 77 78
88 78 79
88 79 12
88 23 100
88 100 101
88 101 41
88 92 102
88 102 103
88 103 104
88 104 105
88 105 106
88 106 107
88 107 18
88 145 92
88 35 141
88 45 148
88 148 43
88 13 149
88 149 34
91 16 15
91 24 23
91 41 39
91 39 45
91 43 48
91 48 49
91 49 16
91 23 100
91 100 101
91 101 41
91 90 24
91 15 132
91 132 133
91 133 134
91 134 135
91 135 136
91 136 137
91 137 6
91 143 90
91 45 148
91 148 43
92 9 5
92 0 13
92 18 21
92 34 35
92 35 32
92 32 30
92 30 28
92 28 26
92 26 94
92 94 95
92 95 18
92 21 89
92 5 114
92 114 115
92 115 116
92 116 117
92 117 118
92 118 119
92 119 0
92 89 139
92 13 149
92 149 34
94 0 1
94 9 5
94 14 15
94 1 68
94 68 69
94 69 70
94 70 71
94 71 72
94 72 73
94 73 14
94 5 114
94 114 115
94 115 116
94 116 117
94 117 118
94 118 119
94 119 0
94 15 132
94 132 133
94 133 134
94 134 135
94 135 136
94 136 137
94 137 6
96 22 25
96 46 47
96 47 44
96 42 40
96 40 38
96 38 98
96 98 99
96 99 22
96 25 91
96 91 138
96 147 46
96 44 150
96 150 42
97 148 150
97 150 37
97 37 149
97 149 81
97 81 63
;
;
set inFlight:=
0
3
4
5
6
7
8
9
10
11
12
13
15
16
17
18
19
20
27
29
31
32
39
;
set passedFreeF:=
53 11 3
53 3 62
53 62 63
53 63 64
53 64 65
53 65 66
53 66 67
53 67 0
53 0 1
53 1 68
53 68 69
53 69 70
53 70 71
53 71 72
53 72 73
53 73 14
53 14 17
53 17 46
53 46 47
53 47 142
;
param tini := 13;
