param nn:= 156;
set F:=
22
24
32
35
41
42
45
46
47
48
49
50
51
52
53
54
55
56
58
59
60
61
62
63
64
65
66
67
68
69
70
71
72
73
74
75
76
77
78
79
80
82
85
86
87
88
89
90
91
92
94
95
97
98
99
;
set NC:=
99
;
param: E: d:=
2 3 2.500000
3 4 2.500000
4 5 2.500000
5 6 2.500000
6 7 2.500000
7 0 2.500000
0 8 2.500000
9 10 2.500000
8 9 2.500000
12 11 2.500000
13 12 2.500000
14 13 2.500000
15 14 2.500000
16 15 2.500000
17 16 2.500000
18 17 2.500000
19 18 2.500000
20 19 2.500000
10 21 2.500000
21 22 2.500000
22 23 2.500000
23 24 2.500000
24 25 2.500000
26 20 2.500000
27 26 2.500000
28 27 2.500000
29 28 2.500000
30 29 2.500000
34 35 2.500000
36 31 2.500000
37 36 2.500000
41 40 2.500000
35 41 2.500000
41 42 2.500000
32 38 2.500000
38 43 2.500000
43 44 2.500000
45 37 2.500000
31 32 2.500000
45 44 2.500000
44 46 2.500000
46 47 2.500000
47 48 2.500000
42 48 2.500000
49 50 2.500000
51 52 2.500000
52 45 2.500000
44 51 2.500000
48 49 2.500000
50 47 2.500000
47 53 2.500000
53 40 2.500000
40 34 2.500000
54 143 1.500000
57 55 2.500000
56 58 2.500000
59 57 2.500000
58 60 2.500000
60 141 1.500000
142 59 1.500000
48 61 2.500000
61 62 2.500000
62 63 2.500000
66 65 2.500000
67 66 2.500000
68 67 2.500000
144 68 1.500000
2 1 2.500000
64 51 2.500000
63 54 2.500000
65 49 2.500000
50 64 2.500000
25 33 2.500000
33 69 2.500000
69 71 2.500000
71 73 2.500000
73 75 2.500000
75 77 2.500000
77 31 2.500000
40 80 2.500000
80 38 2.500000
38 36 2.500000
36 78 2.500000
78 76 2.500000
76 74 2.500000
74 72 2.500000
72 70 2.500000
70 39 2.500000
39 30 2.500000
32 79 2.500000
79 34 2.500000
148 95 1.500000
94 147 1.500000
152 100 1.500000
101 151 1.500000
154 98 1.500000
99 153 1.500000
96 149 1.500000
150 97 1.500000
97 35 2.500000
95 32 2.500000
31 94 2.500000
34 96 2.500000
51 101 2.500000
100 52 2.500000
98 50 2.500000
49 99 2.500000
35 81 2.500000
81 82 2.500000
82 83 2.500000
84 85 2.500000
85 86 2.500000
93 92 2.500000
92 91 2.500000
91 90 2.500000
90 89 2.500000
89 88 2.500000
88 87 2.500000
87 41 2.500000
86 139 1.500000
140 93 1.500000
108 145 1.500000
146 107 1.500000
11 56 2.500000
2 11 2.500000
107 18 2.500000
18 8 2.500000
9 19 2.500000
19 108 2.500000
55 106 2.500000
106 1 2.500000
1 121 2.500000
121 122 2.500000
109 2 2.500000
110 109 2.500000
104 102 2.500000
102 114 2.500000
115 102 2.500000
102 103 2.500000
105 104 2.500000
104 134 2.500000
134 133 2.500000
103 105 2.500000
116 115 2.500000
8 117 2.500000
117 118 2.500000
118 119 2.500000
119 120 2.500000
120 116 2.500000
133 132 2.500000
132 131 2.500000
131 130 2.500000
130 129 2.500000
129 128 2.500000
128 9 2.500000
122 123 2.500000
123 124 2.500000
124 125 2.500000
125 126 2.500000
126 127 2.500000
127 103 2.500000
114 113 2.500000
113 112 2.500000
112 111 2.500000
111 110 2.500000
103 135 2.500000
135 137 1.500000
138 136 1.500000
136 105 2.500000
83 155 1.990941
155 84 0.509059
92 155 1.862266
155 106 29.350470
;
param s:=
22 150
24 148
32 148
35 148
41 142
42 146
45 142
46 144
47 138
48 144
49 140
50 140
51 140
52 148
53 154
54 142
55 140
56 140
58 144
59 150
60 138
61 140
62 148
63 138
64 152
65 154
66 154
67 140
68 142
69 140
70 154
71 138
72 140
73 146
74 148
75 152
76 154
77 148
78 148
79 152
80 150
82 146
85 144
86 144
87 146
88 146
89 146
90 138
91 146
92 148
94 148
95 138
97 138
98 152
99 92
;
param e:=
22 145
24 153
32 145
35 143
41 137
42 149
45 137
46 151
47 141
48 139
49 149
50 149
51 147
52 145
53 143
54 137
55 143
56 143
58 153
59 147
60 141
61 147
62 153
63 141
64 149
65 145
66 139
67 149
68 137
69 147
70 149
71 145
72 143
73 137
74 143
75 149
76 149
77 143
78 139
79 145
80 139
82 147
85 151
86 151
87 147
88 151
89 147
90 141
91 141
92 139
94 145
95 141
97 141
98 147
99 106
;
param v_min:=2.375
;
param v_max:=2.625
;
param :conflictsNodes: angle:=
0 7 8 1.000000
0 8 7 1.000000
1 2 121 1.154701
1 121 2 1.154701
1 2 106 1.000000
1 106 2 1.000000
1 106 121 1.000000
1 121 106 1.000000
2 3 11 1.000000
2 11 3 1.000000
2 3 109 1.154701
2 109 3 1.154701
2 1 3 1.000000
2 3 1 1.000000
2 1 11 1.000000
2 11 1 1.000000
2 1 109 1.000000
2 109 1 1.000000
2 11 109 1.000000
2 109 11 1.000000
3 2 4 1.000000
3 4 2 1.000000
4 3 5 1.000000
4 5 3 1.000000
5 4 6 1.000000
5 6 4 1.000000
6 5 7 1.000000
6 7 5 1.000000
7 0 6 1.000000
7 6 0 1.000000
8 0 9 1.000000
8 9 0 1.000000
8 0 117 1.154701
8 117 0 1.154701
8 0 18 1.000000
8 18 0 1.000000
8 9 117 1.000000
8 117 9 1.000000
8 9 18 1.000000
8 18 9 1.000000
8 18 117 1.000000
8 117 18 1.000000
9 8 10 1.000000
9 10 8 1.000000
9 8 19 1.000000
9 19 8 1.000000
9 8 128 1.154701
9 128 8 1.154701
9 10 19 1.000000
9 19 10 1.000000
9 10 128 1.000000
9 128 10 1.000000
9 19 128 1.000000
9 128 19 1.000000
10 9 21 1.000000
10 21 9 1.000000
11 2 12 1.000000
11 12 2 1.000000
11 2 56 1.000000
11 56 2 1.000000
11 12 56 1.000000
11 56 12 1.000000
12 11 13 1.000000
12 13 11 1.000000
13 12 14 1.000000
13 14 12 1.000000
14 13 15 1.000000
14 15 13 1.000000
15 14 16 1.000000
15 16 14 1.000000
16 15 17 1.000000
16 17 15 1.000000
17 16 18 1.000000
17 18 16 1.000000
18 17 19 1.000000
18 19 17 1.000000
18 17 107 1.000000
18 107 17 1.000000
18 8 17 1.000000
18 17 8 1.000000
18 8 19 1.000000
18 19 8 1.000000
18 8 107 1.000000
18 107 8 1.000000
18 19 107 1.000000
18 107 19 1.000000
19 9 18 1.000000
19 18 9 1.000000
19 9 108 1.000000
19 108 9 1.000000
19 9 20 1.000000
19 20 9 1.000000
19 18 108 1.000000
19 108 18 1.000000
19 18 20 1.000000
19 20 18 1.000000
19 20 108 1.000000
19 108 20 1.000000
20 19 26 1.000000
20 26 19 1.000000
21 10 22 1.000000
21 22 10 1.000000
22 21 23 1.000000
22 23 21 1.000000
23 22 24 1.000000
23 24 22 1.000000
24 23 25 1.000000
24 25 23 1.000000
25 24 33 1.000000
25 33 24 1.000000
26 20 27 1.000000
26 27 20 1.000000
27 26 28 1.000000
27 28 26 1.000000
28 27 29 1.000000
28 29 27 1.000000
29 28 30 1.000000
29 30 28 1.000000
30 29 39 1.000000
30 39 29 1.000000
31 36 94 1.000000
31 94 36 1.000000
31 36 77 1.000000
31 77 36 1.000000
31 32 36 1.000000
31 36 32 1.000000
31 32 94 1.000000
31 94 32 1.000000
31 32 77 1.000000
31 77 32 1.000000
31 77 94 1.000000
31 94 77 1.000000
32 31 38 1.000000
32 38 31 1.000000
32 31 79 1.000000
32 79 31 1.000000
32 31 95 1.000000
32 95 31 1.000000
32 38 79 1.000000
32 79 38 1.000000
32 38 95 1.000000
32 95 38 1.000000
32 79 95 1.000000
32 95 79 1.000000
33 25 69 1.000000
33 69 25 1.000000
34 35 96 1.000000
34 96 35 1.000000
34 35 40 1.000000
34 40 35 1.000000
34 35 79 1.000000
34 79 35 1.000000
34 40 96 1.000000
34 96 40 1.000000
34 40 79 1.000000
34 79 40 1.000000
34 79 96 1.000000
34 96 79 1.000000
35 34 41 1.000000
35 41 34 1.000000
35 34 81 1.000000
35 81 34 1.000000
35 34 97 1.000000
35 97 34 1.000000
35 41 81 1.000000
35 81 41 1.000000
35 41 97 1.000000
35 97 41 1.000000
35 81 97 1.189773
35 97 81 1.189773
36 31 78 1.000000
36 78 31 1.000000
36 31 37 1.000000
36 37 31 1.000000
36 31 38 1.000000
36 38 31 1.000000
36 37 78 1.000000
36 78 37 1.000000
36 37 38 1.000000
36 38 37 1.000000
36 38 78 1.000000
36 78 38 1.000000
37 36 45 1.000000
37 45 36 1.000000
38 32 43 1.000000
38 43 32 1.000000
38 32 36 1.000000
38 36 32 1.000000
38 32 80 1.000000
38 80 32 1.000000
38 43 80 1.000000
38 80 43 1.000000
38 36 43 1.000000
38 43 36 1.000000
38 36 80 1.000000
38 80 36 1.000000
39 30 70 1.000000
39 70 30 1.000000
40 41 80 1.000000
40 80 41 1.000000
40 41 53 1.000000
40 53 41 1.000000
40 34 41 1.000000
40 41 34 1.000000
40 34 80 1.000000
40 80 34 1.000000
40 34 53 1.000000
40 53 34 1.000000
40 53 80 1.000000
40 80 53 1.000000
41 35 40 1.000000
41 40 35 1.000000
41 35 42 1.000000
41 42 35 1.000000
41 35 87 1.189773
41 87 35 1.189773
41 40 42 1.000000
41 42 40 1.000000
41 40 87 1.000000
41 87 40 1.000000
41 42 87 1.000000
41 87 42 1.000000
42 41 48 1.000000
42 48 41 1.000000
43 38 44 1.000000
43 44 38 1.000000
44 43 46 1.000000
44 46 43 1.000000
44 43 51 1.000000
44 51 43 1.000000
44 43 45 1.000000
44 45 43 1.000000
44 46 51 1.000000
44 51 46 1.000000
44 45 46 1.000000
44 46 45 1.000000
44 45 51 1.000000
44 51 45 1.000000
45 37 44 1.000000
45 44 37 1.000000
45 37 52 1.000000
45 52 37 1.000000
45 44 52 1.000000
45 52 44 1.000000
46 44 47 1.000000
46 47 44 1.000000
47 46 48 1.000000
47 48 46 1.000000
47 46 53 1.000000
47 53 46 1.000000
47 46 50 1.000000
47 50 46 1.000000
47 48 53 1.000000
47 53 48 1.000000
47 48 50 1.000000
47 50 48 1.000000
47 50 53 1.000000
47 53 50 1.000000
48 42 47 1.000000
48 47 42 1.000000
48 42 49 1.000000
48 49 42 1.000000
48 42 61 1.000000
48 61 42 1.000000
48 47 49 1.000000
48 49 47 1.000000
48 47 61 1.000000
48 61 47 1.000000
48 49 61 1.000000
48 61 49 1.000000
49 48 50 1.000000
49 50 48 1.000000
49 48 99 1.000000
49 99 48 1.000000
49 48 65 1.000000
49 65 48 1.000000
49 50 99 1.000000
49 99 50 1.000000
49 50 65 1.000000
49 65 50 1.000000
49 65 99 1.000000
49 99 65 1.000000
50 49 64 1.000000
50 64 49 1.000000
50 49 98 1.000000
50 98 49 1.000000
50 47 49 1.000000
50 49 47 1.000000
50 47 64 1.000000
50 64 47 1.000000
50 47 98 1.000000
50 98 47 1.000000
50 64 98 1.000000
50 98 64 1.000000
51 44 52 1.000000
51 52 44 1.000000
51 44 101 1.000000
51 101 44 1.000000
51 44 64 1.000000
51 64 44 1.000000
51 52 101 1.000000
51 101 52 1.000000
51 52 64 1.000000
51 64 52 1.000000
51 64 101 1.000000
51 101 64 1.000000
52 51 100 1.000000
52 100 51 1.000000
52 45 51 1.000000
52 51 45 1.000000
52 45 100 1.000000
52 100 45 1.000000
53 40 47 1.000000
53 47 40 1.000000
55 57 106 1.000000
55 106 57 1.000000
56 11 58 1.000000
56 58 11 1.000000
57 55 59 1.000000
57 59 55 1.000000
58 56 60 1.000000
58 60 56 1.000000
61 48 62 1.000000
61 62 48 1.000000
62 61 63 1.000000
62 63 61 1.000000
63 54 62 1.000000
63 62 54 1.000000
64 50 51 1.000000
64 51 50 1.000000
65 49 66 1.000000
65 66 49 1.000000
66 65 67 1.000000
66 67 65 1.000000
67 66 68 1.000000
67 68 66 1.000000
69 33 71 1.000000
69 71 33 1.000000
70 39 72 1.000000
70 72 39 1.000000
71 69 73 1.000000
71 73 69 1.000000
72 70 74 1.000000
72 74 70 1.000000
73 71 75 1.000000
73 75 71 1.000000
74 72 76 1.000000
74 76 72 1.000000
75 73 77 1.000000
75 77 73 1.000000
76 74 78 1.000000
76 78 74 1.000000
77 31 75 1.000000
77 75 31 1.000000
78 36 76 1.000000
78 76 36 1.000000
79 32 34 1.000000
79 34 32 1.000000
80 38 40 1.000000
80 40 38 1.000000
81 35 82 1.000000
81 82 35 1.000000
82 81 83 1.000000
82 83 81 1.000000
85 84 86 1.000000
85 86 84 1.000000
87 41 88 1.000000
87 88 41 1.000000
88 87 89 1.000000
88 89 87 1.000000
89 88 90 1.000000
89 90 88 1.000000
90 89 91 1.000000
90 91 89 1.000000
91 90 92 1.000000
91 92 90 1.000000
92 91 93 1.000000
92 93 91 1.000000
102 104 114 1.000000
102 114 104 1.000000
102 104 115 1.000000
102 115 104 1.000000
102 114 115 1.154701
102 115 114 1.154701
102 103 104 1.154701
102 104 103 1.154701
102 103 114 1.000000
102 114 103 1.000000
102 103 115 1.000000
102 115 103 1.000000
103 102 105 1.000000
103 105 102 1.000000
103 102 135 1.000000
103 135 102 1.000000
103 102 127 1.154701
103 127 102 1.154701
103 105 135 1.154701
103 135 105 1.154701
103 105 127 1.000000
103 127 105 1.000000
103 127 135 1.000000
103 135 127 1.000000
104 102 134 1.154701
104 134 102 1.154701
104 102 105 1.000000
104 105 102 1.000000
104 105 134 1.000000
104 134 105 1.000000
105 103 104 1.154701
105 104 103 1.154701
105 103 136 1.000000
105 136 103 1.000000
105 104 136 1.000000
105 136 104 1.000000
106 1 55 1.000000
106 55 1 1.000000
109 2 110 1.000000
109 110 2 1.000000
110 109 111 1.000000
110 111 109 1.000000
111 110 112 1.000000
111 112 110 1.000000
112 111 113 1.000000
112 113 111 1.000000
113 112 114 1.000000
113 114 112 1.000000
114 102 113 1.000000
114 113 102 1.000000
115 102 116 1.000000
115 116 102 1.000000
116 115 120 1.000000
116 120 115 1.000000
117 8 118 1.000000
117 118 8 1.000000
118 117 119 1.000000
118 119 117 1.000000
119 118 120 1.000000
119 120 118 1.000000
120 116 119 1.000000
120 119 116 1.000000
121 1 122 1.000000
121 122 1 1.000000
122 121 123 1.000000
122 123 121 1.000000
123 122 124 1.000000
123 124 122 1.000000
124 123 125 1.000000
124 125 123 1.000000
125 124 126 1.000000
125 126 124 1.000000
126 125 127 1.000000
126 127 125 1.000000
127 103 126 1.000000
127 126 103 1.000000
128 9 129 1.000000
128 129 9 1.000000
129 128 130 1.000000
129 130 128 1.000000
130 129 131 1.000000
130 131 129 1.000000
131 130 132 1.000000
131 132 130 1.000000
132 131 133 1.000000
132 133 131 1.000000
133 132 134 1.000000
133 134 132 1.000000
134 104 133 1.000000
134 133 104 1.000000
155 83 84 1.000000
155 84 83 1.000000
83 155 82 1.000000
83 82 155 1.000000
84 155 85 1.000000
84 85 155 1.000000
155 92 106 1.000000
155 106 92 1.000000
92 93 155 1.000000
92 155 93 1.000000
92 91 155 2.215674
92 155 91 2.215674
155 83 92 1.000000
155 92 83 1.000000
155 83 106 2.215674
155 106 83 2.215674
155 84 92 2.215674
155 92 84 2.215674
155 84 106 1.000000
155 106 84 1.000000
106 55 155 1.000000
106 155 55 1.000000
106 1 155 1.005468
106 155 1 1.005468
;
param D:=0.5;
param t_hat_ear:=
22 150 19.0
22 97 20.0
22 35 21.0
22 41 22.0
22 40 23.0
22 80 24.0
22 38 25.0
22 36 26.0
22 78 27.0
22 76 28.0
22 74 29.0
22 72 30.0
22 70 31.0
22 39 32.0
22 30 33.0
22 29 34.0
22 28 35.0
22 27 36.0
22 26 37.0
22 20 38.0
22 19 39.0
22 108 40.0
22 145 41.0
24 148 26.0
24 95 27.0
24 32 28.0
24 38 29.0
24 43 30.0
24 44 31.0
24 46 32.0
24 47 33.0
24 48 34.0
24 49 35.0
24 99 36.0
24 153 37.0
32 148 19.0
32 95 20.0
32 32 21.0
32 38 22.0
32 36 23.0
32 78 24.0
32 76 25.0
32 74 26.0
32 72 27.0
32 70 28.0
32 39 29.0
32 30 30.0
32 29 31.0
32 28 32.0
32 27 33.0
32 26 34.0
32 20 35.0
32 19 36.0
32 108 37.0
32 145 38.0
35 148 28.0
35 95 29.0
35 32 30.0
35 38 31.0
35 43 32.0
35 44 33.0
35 46 34.0
35 47 35.0
35 48 36.0
35 61 37.0
35 62 38.0
35 63 39.0
35 54 40.0
35 143 41.0
41 142 23.0
41 59 24.0
41 57 25.0
41 55 26.0
41 106 27.0
41 1 28.0
41 121 29.0
41 122 30.0
41 123 31.0
41 124 32.0
41 125 33.0
41 126 34.0
41 127 35.0
41 103 36.0
41 135 37.0
41 137 38.0
42 146 22.0
42 107 23.0
42 18 24.0
42 8 25.0
42 9 26.0
42 10 27.0
42 21 28.0
42 22 29.0
42 23 30.0
42 24 31.0
42 25 32.0
42 33 33.0
42 69 34.0
42 71 35.0
42 73 36.0
42 75 37.0
42 77 38.0
42 31 39.0
42 32 40.0
42 79 41.0
42 34 42.0
42 96 43.0
42 149 44.0
45 142 25.0
45 59 26.0
45 57 27.0
45 55 28.0
45 106 29.0
45 1 30.0
45 121 31.0
45 122 32.0
45 123 33.0
45 124 34.0
45 125 35.0
45 126 36.0
45 127 37.0
45 103 38.0
45 135 39.0
45 137 40.0
46 144 34.0
46 68 35.0
46 67 36.0
46 66 37.0
46 65 38.0
46 49 39.0
46 50 40.0
46 64 41.0
46 51 42.0
46 101 43.0
46 151 44.0
47 138 20.0
47 136 21.0
47 105 22.0
47 104 23.0
47 102 24.0
47 114 25.0
47 113 26.0
47 112 27.0
47 111 28.0
47 110 29.0
47 109 30.0
47 2 31.0
47 11 32.0
47 56 33.0
47 58 34.0
47 60 35.0
47 141 36.0
48 144 38.0
48 68 39.0
48 67 40.0
48 66 41.0
48 65 42.0
48 49 43.0
48 50 44.0
48 47 45.0
48 53 46.0
48 40 47.0
48 34 48.0
48 35 49.0
48 81 50.0
48 82 51.0
48 83 52.0
48 155 52.79637651159342
48 84 53.0
48 85 54.0
48 86 55.0
48 139 56.0
49 140 26.0
49 93 27.0
49 92 28.0
49 91 29.0
49 90 30.0
49 89 31.0
49 88 32.0
49 87 33.0
49 41 34.0
49 40 35.0
49 34 36.0
49 96 37.0
49 149 38.0
50 140 28.0
50 93 29.0
50 92 30.0
50 91 31.0
50 90 32.0
50 89 33.0
50 88 34.0
50 87 35.0
50 41 36.0
50 40 37.0
50 34 38.0
50 96 39.0
50 149 40.0
51 140 24.0
51 93 25.0
51 92 26.0
51 91 27.0
51 90 28.0
51 89 29.0
51 88 30.0
51 87 31.0
51 41 32.0
51 40 33.0
51 80 34.0
51 38 35.0
51 36 36.0
51 31 37.0
51 94 38.0
51 147 39.0
52 148 36.0
52 95 37.0
52 32 38.0
52 38 39.0
52 36 40.0
52 78 41.0
52 76 42.0
52 74 43.0
52 72 44.0
52 70 45.0
52 39 46.0
52 30 47.0
52 29 48.0
52 28 49.0
52 27 50.0
52 26 51.0
52 20 52.0
52 19 53.0
52 108 54.0
52 145 55.0
53 154 28.0
53 98 29.0
53 50 30.0
53 47 31.0
53 48 32.0
53 61 33.0
53 62 34.0
53 63 35.0
53 54 36.0
53 143 37.0
54 142 20.0
54 59 21.0
54 57 22.0
54 55 23.0
54 106 24.0
54 1 25.0
54 121 26.0
54 122 27.0
54 123 28.0
54 124 29.0
54 125 30.0
54 126 31.0
54 127 32.0
54 103 33.0
54 135 34.0
54 137 35.0
55 140 30.0
55 93 31.0
55 92 32.0
55 91 33.0
55 90 34.0
55 89 35.0
55 88 36.0
55 87 37.0
55 41 38.0
55 42 39.0
55 48 40.0
55 61 41.0
55 62 42.0
55 63 43.0
55 54 44.0
55 143 45.0
56 140 38.0
56 93 39.0
56 92 40.0
56 91 41.0
56 90 42.0
56 89 43.0
56 88 44.0
56 87 45.0
56 41 46.0
56 42 47.0
56 48 48.0
56 61 49.0
56 62 50.0
56 63 51.0
56 54 52.0
56 143 53.0
58 144 28.0
58 68 29.0
58 67 30.0
58 66 31.0
58 65 32.0
58 49 33.0
58 99 34.0
58 153 35.0
59 150 27.0
59 97 28.0
59 35 29.0
59 41 30.0
59 40 31.0
59 80 32.0
59 38 33.0
59 36 34.0
59 31 35.0
59 94 36.0
59 147 37.0
60 138 30.0
60 136 31.0
60 105 32.0
60 104 33.0
60 102 34.0
60 114 35.0
60 113 36.0
60 112 37.0
60 111 38.0
60 110 39.0
60 109 40.0
60 2 41.0
60 11 42.0
60 56 43.0
60 58 44.0
60 60 45.0
60 141 46.0
61 140 47.0
61 93 48.0
61 92 49.0
61 91 50.0
61 90 51.0
61 89 52.0
61 88 53.0
61 87 54.0
61 41 55.0
61 40 56.0
61 80 57.0
61 38 58.0
61 36 59.0
61 31 60.0
61 94 61.0
61 147 62.0
62 148 49.0
62 95 50.0
62 32 51.0
62 38 52.0
62 43 53.0
62 44 54.0
62 46 55.0
62 47 56.0
62 48 57.0
62 49 58.0
62 99 59.0
62 153 60.0
63 138 32.0
63 136 33.0
63 105 34.0
63 104 35.0
63 102 36.0
63 114 37.0
63 113 38.0
63 112 39.0
63 111 40.0
63 110 41.0
63 109 42.0
63 2 43.0
63 11 44.0
63 56 45.0
63 58 46.0
63 60 47.0
63 141 48.0
64 152 31.0
64 100 32.0
64 52 33.0
64 45 34.0
64 44 35.0
64 46 36.0
64 47 37.0
64 53 38.0
64 40 39.0
64 34 40.0
64 96 41.0
64 149 42.0
65 154 36.0
65 98 37.0
65 50 38.0
65 47 39.0
65 53 40.0
65 40 41.0
65 80 42.0
65 38 43.0
65 36 44.0
65 78 45.0
65 76 46.0
65 74 47.0
65 72 48.0
65 70 49.0
65 39 50.0
65 30 51.0
65 29 52.0
65 28 53.0
65 27 54.0
65 26 55.0
65 20 56.0
65 19 57.0
65 108 58.0
65 145 59.0
66 154 44.0
66 98 45.0
66 50 46.0
66 47 47.0
66 53 48.0
66 40 49.0
66 34 50.0
66 35 51.0
66 81 52.0
66 82 53.0
66 83 54.0
66 155 54.79637651159342
66 84 55.0
66 85 56.0
66 86 57.0
66 139 58.0
67 140 49.0
67 93 50.0
67 92 51.0
67 91 52.0
67 90 53.0
67 89 54.0
67 88 55.0
67 87 56.0
67 41 57.0
67 40 58.0
67 34 59.0
67 96 60.0
67 149 61.0
68 142 30.0
68 59 31.0
68 57 32.0
68 55 33.0
68 106 34.0
68 1 35.0
68 121 36.0
68 122 37.0
68 123 38.0
68 124 39.0
68 125 40.0
68 126 41.0
68 127 42.0
68 103 43.0
68 135 44.0
68 137 45.0
69 140 34.0
69 93 35.0
69 92 36.0
69 91 37.0
69 90 38.0
69 89 39.0
69 88 40.0
69 87 41.0
69 41 42.0
69 40 43.0
69 80 44.0
69 38 45.0
69 36 46.0
69 31 47.0
69 94 48.0
69 147 49.0
70 154 47.0
70 98 48.0
70 50 49.0
70 47 50.0
70 53 51.0
70 40 52.0
70 34 53.0
70 96 54.0
70 149 55.0
71 138 36.0
71 136 37.0
71 105 38.0
71 104 39.0
71 134 40.0
71 133 41.0
71 132 42.0
71 131 43.0
71 130 44.0
71 129 45.0
71 128 46.0
71 9 47.0
71 19 48.0
71 108 49.0
71 145 50.0
72 140 36.0
72 93 37.0
72 92 38.0
72 91 39.0
72 90 40.0
72 89 41.0
72 88 42.0
72 87 43.0
72 41 44.0
72 42 45.0
72 48 46.0
72 61 47.0
72 62 48.0
72 63 49.0
72 54 50.0
72 143 51.0
73 146 30.0
73 107 31.0
73 18 32.0
73 8 33.0
73 117 34.0
73 118 35.0
73 119 36.0
73 120 37.0
73 116 38.0
73 115 39.0
73 102 40.0
73 103 41.0
73 135 42.0
73 137 43.0
74 148 34.0
74 95 35.0
74 32 36.0
74 38 37.0
74 43 38.0
74 44 39.0
74 46 40.0
74 47 41.0
74 48 42.0
74 61 43.0
74 62 44.0
74 63 45.0
74 54 46.0
74 143 47.0
75 152 37.0
75 100 38.0
75 52 39.0
75 45 40.0
75 44 41.0
75 46 42.0
75 47 43.0
75 53 44.0
75 40 45.0
75 34 46.0
75 96 47.0
75 149 48.0
76 154 49.0
76 98 50.0
76 50 51.0
76 47 52.0
76 53 53.0
76 40 54.0
76 34 55.0
76 96 56.0
76 149 57.0
77 148 47.0
77 95 48.0
77 32 49.0
77 38 50.0
77 43 51.0
77 44 52.0
77 46 53.0
77 47 54.0
77 48 55.0
77 61 56.0
77 62 57.0
77 63 58.0
77 54 59.0
77 143 60.0
78 148 30.0
78 95 31.0
78 32 32.0
78 79 33.0
78 34 34.0
78 35 35.0
78 81 36.0
78 82 37.0
78 83 38.0
78 155 38.79637651159342
78 84 39.0
78 85 40.0
78 86 41.0
78 139 42.0
79 152 33.0
79 100 34.0
79 52 35.0
79 45 36.0
79 37 37.0
79 36 38.0
79 78 39.0
79 76 40.0
79 74 41.0
79 72 42.0
79 70 43.0
79 39 44.0
79 30 45.0
79 29 46.0
79 28 47.0
79 27 48.0
79 26 49.0
79 20 50.0
79 19 51.0
79 108 52.0
79 145 53.0
80 150 41.0
80 97 42.0
80 35 43.0
80 81 44.0
80 82 45.0
80 83 46.0
80 155 46.79637651159342
80 84 47.0
80 85 48.0
80 86 49.0
80 139 50.0
82 146 45.0
82 107 46.0
82 18 47.0
82 8 48.0
82 9 49.0
82 10 50.0
82 21 51.0
82 22 52.0
82 23 53.0
82 24 54.0
82 25 55.0
82 33 56.0
82 69 57.0
82 71 58.0
82 73 59.0
82 75 60.0
82 77 61.0
82 31 62.0
82 94 63.0
82 147 64.0
85 144 47.0
85 68 48.0
85 67 49.0
85 66 50.0
85 65 51.0
85 49 52.0
85 50 53.0
85 64 54.0
85 51 55.0
85 101 56.0
85 151 57.0
86 144 49.0
86 68 50.0
86 67 51.0
86 66 52.0
86 65 53.0
86 49 54.0
86 50 55.0
86 64 56.0
86 51 57.0
86 101 58.0
86 151 59.0
87 146 49.0
87 107 50.0
87 18 51.0
87 8 52.0
87 9 53.0
87 10 54.0
87 21 55.0
87 22 56.0
87 23 57.0
87 24 58.0
87 25 59.0
87 33 60.0
87 69 61.0
87 71 62.0
87 73 63.0
87 75 64.0
87 77 65.0
87 31 66.0
87 94 67.0
87 147 68.0
88 146 47.0
88 107 48.0
88 18 49.0
88 8 50.0
88 9 51.0
88 10 52.0
88 21 53.0
88 22 54.0
88 23 55.0
88 24 56.0
88 25 57.0
88 33 58.0
88 69 59.0
88 71 60.0
88 73 61.0
88 75 62.0
88 77 63.0
88 31 64.0
88 32 65.0
88 38 66.0
88 43 67.0
88 44 68.0
88 51 69.0
88 101 70.0
88 151 71.0
89 146 40.0
89 107 41.0
89 18 42.0
89 8 43.0
89 9 44.0
89 10 45.0
89 21 46.0
89 22 47.0
89 23 48.0
89 24 49.0
89 25 50.0
89 33 51.0
89 69 52.0
89 71 53.0
89 73 54.0
89 75 55.0
89 77 56.0
89 31 57.0
89 94 58.0
89 147 59.0
90 138 41.0
90 136 42.0
90 105 43.0
90 104 44.0
90 102 45.0
90 114 46.0
90 113 47.0
90 112 48.0
90 111 49.0
90 110 50.0
90 109 51.0
90 2 52.0
90 11 53.0
90 56 54.0
90 58 55.0
90 60 56.0
90 141 57.0
91 146 42.0
91 107 43.0
91 18 44.0
91 17 45.0
91 16 46.0
91 15 47.0
91 14 48.0
91 13 49.0
91 12 50.0
91 11 51.0
91 56 52.0
91 58 53.0
91 60 54.0
91 141 55.0
92 148 40.0
92 95 41.0
92 32 42.0
92 79 43.0
92 34 44.0
92 35 45.0
92 81 46.0
92 82 47.0
92 83 48.0
92 155 48.79637651159342
92 84 49.0
92 85 50.0
92 86 51.0
92 139 52.0
94 148 45.0
94 95 46.0
94 32 47.0
94 38 48.0
94 36 49.0
94 78 50.0
94 76 51.0
94 74 52.0
94 72 53.0
94 70 54.0
94 39 55.0
94 30 56.0
94 29 57.0
94 28 58.0
94 27 59.0
94 26 60.0
94 20 61.0
94 19 62.0
94 108 63.0
94 145 64.0
95 138 43.0
95 136 44.0
95 105 45.0
95 104 46.0
95 102 47.0
95 114 48.0
95 113 49.0
95 112 50.0
95 111 51.0
95 110 52.0
95 109 53.0
95 2 54.0
95 11 55.0
95 56 56.0
95 58 57.0
95 60 58.0
95 141 59.0
97 138 49.0
97 136 50.0
97 105 51.0
97 104 52.0
97 102 53.0
97 114 54.0
97 113 55.0
97 112 56.0
97 111 57.0
97 110 58.0
97 109 59.0
97 2 60.0
97 11 61.0
97 56 62.0
97 58 63.0
97 60 64.0
97 141 65.0
98 152 49.0
98 100 50.0
98 52 51.0
98 45 52.0
98 37 53.0
98 36 54.0
98 31 55.0
98 94 56.0
98 147 57.0
99 92 35
99 155 36.86226610136945
99 106 66.21273614619794
;
param t_hat_lat:=
22 150 20.0
22 97 21.0
22 35 22.0
22 41 23.0
22 40 24.0
22 80 25.0
22 38 26.0
22 36 27.0
22 78 28.0
22 76 29.0
22 74 30.0
22 72 31.0
22 70 32.0
22 39 33.0
22 30 34.0
22 29 35.0
22 28 36.0
22 27 37.0
22 26 38.0
22 20 39.0
22 19 40.0
22 108 41.0
22 145 42.0
24 148 27.0
24 95 28.0
24 32 29.0
24 38 30.0
24 43 31.0
24 44 32.0
24 46 33.0
24 47 34.0
24 48 35.0
24 49 36.0
24 99 37.0
24 153 38.0
32 148 20.0
32 95 21.0
32 32 22.0
32 38 23.0
32 36 24.0
32 78 25.0
32 76 26.0
32 74 27.0
32 72 28.0
32 70 29.0
32 39 30.0
32 30 31.0
32 29 32.0
32 28 33.0
32 27 34.0
32 26 35.0
32 20 36.0
32 19 37.0
32 108 38.0
32 145 39.0
35 148 29.0
35 95 30.0
35 32 31.0
35 38 32.0
35 43 33.0
35 44 34.0
35 46 35.0
35 47 36.0
35 48 37.0
35 61 38.0
35 62 39.0
35 63 40.0
35 54 41.0
35 143 42.0
41 142 24.0
41 59 25.0
41 57 26.0
41 55 27.0
41 106 28.0
41 1 29.0
41 121 30.0
41 122 31.0
41 123 32.0
41 124 33.0
41 125 34.0
41 126 35.0
41 127 36.0
41 103 37.0
41 135 38.0
41 137 39.0
42 146 23.0
42 107 24.0
42 18 25.0
42 8 26.0
42 9 27.0
42 10 28.0
42 21 29.0
42 22 30.0
42 23 31.0
42 24 32.0
42 25 33.0
42 33 34.0
42 69 35.0
42 71 36.0
42 73 37.0
42 75 38.0
42 77 39.0
42 31 40.0
42 32 41.0
42 79 42.0
42 34 43.0
42 96 44.0
42 149 45.0
45 142 26.0
45 59 27.0
45 57 28.0
45 55 29.0
45 106 30.0
45 1 31.0
45 121 32.0
45 122 33.0
45 123 34.0
45 124 35.0
45 125 36.0
45 126 37.0
45 127 38.0
45 103 39.0
45 135 40.0
45 137 41.0
46 144 35.0
46 68 36.0
46 67 37.0
46 66 38.0
46 65 39.0
46 49 40.0
46 50 41.0
46 64 42.0
46 51 43.0
46 101 44.0
46 151 45.0
47 138 21.0
47 136 22.0
47 105 23.0
47 104 24.0
47 102 25.0
47 114 26.0
47 113 27.0
47 112 28.0
47 111 29.0
47 110 30.0
47 109 31.0
47 2 32.0
47 11 33.0
47 56 34.0
47 58 35.0
47 60 36.0
47 141 37.0
48 144 39.0
48 68 40.0
48 67 41.0
48 66 42.0
48 65 43.0
48 49 44.0
48 50 45.0
48 47 46.0
48 53 47.0
48 40 48.0
48 34 49.0
48 35 50.0
48 81 51.0
48 82 52.0
48 83 53.0
48 155 53.79637651159342
48 84 54.0
48 85 55.0
48 86 56.0
48 139 57.0
49 140 27.0
49 93 28.0
49 92 29.0
49 91 30.0
49 90 31.0
49 89 32.0
49 88 33.0
49 87 34.0
49 41 35.0
49 40 36.0
49 34 37.0
49 96 38.0
49 149 39.0
50 140 29.0
50 93 30.0
50 92 31.0
50 91 32.0
50 90 33.0
50 89 34.0
50 88 35.0
50 87 36.0
50 41 37.0
50 40 38.0
50 34 39.0
50 96 40.0
50 149 41.0
51 140 25.0
51 93 26.0
51 92 27.0
51 91 28.0
51 90 29.0
51 89 30.0
51 88 31.0
51 87 32.0
51 41 33.0
51 40 34.0
51 80 35.0
51 38 36.0
51 36 37.0
51 31 38.0
51 94 39.0
51 147 40.0
52 148 37.0
52 95 38.0
52 32 39.0
52 38 40.0
52 36 41.0
52 78 42.0
52 76 43.0
52 74 44.0
52 72 45.0
52 70 46.0
52 39 47.0
52 30 48.0
52 29 49.0
52 28 50.0
52 27 51.0
52 26 52.0
52 20 53.0
52 19 54.0
52 108 55.0
52 145 56.0
53 154 29.0
53 98 30.0
53 50 31.0
53 47 32.0
53 48 33.0
53 61 34.0
53 62 35.0
53 63 36.0
53 54 37.0
53 143 38.0
54 142 21.0
54 59 22.0
54 57 23.0
54 55 24.0
54 106 25.0
54 1 26.0
54 121 27.0
54 122 28.0
54 123 29.0
54 124 30.0
54 125 31.0
54 126 32.0
54 127 33.0
54 103 34.0
54 135 35.0
54 137 36.0
55 140 31.0
55 93 32.0
55 92 33.0
55 91 34.0
55 90 35.0
55 89 36.0
55 88 37.0
55 87 38.0
55 41 39.0
55 42 40.0
55 48 41.0
55 61 42.0
55 62 43.0
55 63 44.0
55 54 45.0
55 143 46.0
56 140 39.0
56 93 40.0
56 92 41.0
56 91 42.0
56 90 43.0
56 89 44.0
56 88 45.0
56 87 46.0
56 41 47.0
56 42 48.0
56 48 49.0
56 61 50.0
56 62 51.0
56 63 52.0
56 54 53.0
56 143 54.0
58 144 29.0
58 68 30.0
58 67 31.0
58 66 32.0
58 65 33.0
58 49 34.0
58 99 35.0
58 153 36.0
59 150 28.0
59 97 29.0
59 35 30.0
59 41 31.0
59 40 32.0
59 80 33.0
59 38 34.0
59 36 35.0
59 31 36.0
59 94 37.0
59 147 38.0
60 138 31.0
60 136 32.0
60 105 33.0
60 104 34.0
60 102 35.0
60 114 36.0
60 113 37.0
60 112 38.0
60 111 39.0
60 110 40.0
60 109 41.0
60 2 42.0
60 11 43.0
60 56 44.0
60 58 45.0
60 60 46.0
60 141 47.0
61 140 48.0
61 93 49.0
61 92 50.0
61 91 51.0
61 90 52.0
61 89 53.0
61 88 54.0
61 87 55.0
61 41 56.0
61 40 57.0
61 80 58.0
61 38 59.0
61 36 60.0
61 31 61.0
61 94 62.0
61 147 63.0
62 148 50.0
62 95 51.0
62 32 52.0
62 38 53.0
62 43 54.0
62 44 55.0
62 46 56.0
62 47 57.0
62 48 58.0
62 49 59.0
62 99 60.0
62 153 61.0
63 138 33.0
63 136 34.0
63 105 35.0
63 104 36.0
63 102 37.0
63 114 38.0
63 113 39.0
63 112 40.0
63 111 41.0
63 110 42.0
63 109 43.0
63 2 44.0
63 11 45.0
63 56 46.0
63 58 47.0
63 60 48.0
63 141 49.0
64 152 32.0
64 100 33.0
64 52 34.0
64 45 35.0
64 44 36.0
64 46 37.0
64 47 38.0
64 53 39.0
64 40 40.0
64 34 41.0
64 96 42.0
64 149 43.0
65 154 37.0
65 98 38.0
65 50 39.0
65 47 40.0
65 53 41.0
65 40 42.0
65 80 43.0
65 38 44.0
65 36 45.0
65 78 46.0
65 76 47.0
65 74 48.0
65 72 49.0
65 70 50.0
65 39 51.0
65 30 52.0
65 29 53.0
65 28 54.0
65 27 55.0
65 26 56.0
65 20 57.0
65 19 58.0
65 108 59.0
65 145 60.0
66 154 45.0
66 98 46.0
66 50 47.0
66 47 48.0
66 53 49.0
66 40 50.0
66 34 51.0
66 35 52.0
66 81 53.0
66 82 54.0
66 83 55.0
66 155 55.79637651159342
66 84 56.0
66 85 57.0
66 86 58.0
66 139 59.0
67 140 50.0
67 93 51.0
67 92 52.0
67 91 53.0
67 90 54.0
67 89 55.0
67 88 56.0
67 87 57.0
67 41 58.0
67 40 59.0
67 34 60.0
67 96 61.0
67 149 62.0
68 142 31.0
68 59 32.0
68 57 33.0
68 55 34.0
68 106 35.0
68 1 36.0
68 121 37.0
68 122 38.0
68 123 39.0
68 124 40.0
68 125 41.0
68 126 42.0
68 127 43.0
68 103 44.0
68 135 45.0
68 137 46.0
69 140 35.0
69 93 36.0
69 92 37.0
69 91 38.0
69 90 39.0
69 89 40.0
69 88 41.0
69 87 42.0
69 41 43.0
69 40 44.0
69 80 45.0
69 38 46.0
69 36 47.0
69 31 48.0
69 94 49.0
69 147 50.0
70 154 48.0
70 98 49.0
70 50 50.0
70 47 51.0
70 53 52.0
70 40 53.0
70 34 54.0
70 96 55.0
70 149 56.0
71 138 37.0
71 136 38.0
71 105 39.0
71 104 40.0
71 134 41.0
71 133 42.0
71 132 43.0
71 131 44.0
71 130 45.0
71 129 46.0
71 128 47.0
71 9 48.0
71 19 49.0
71 108 50.0
71 145 51.0
72 140 37.0
72 93 38.0
72 92 39.0
72 91 40.0
72 90 41.0
72 89 42.0
72 88 43.0
72 87 44.0
72 41 45.0
72 42 46.0
72 48 47.0
72 61 48.0
72 62 49.0
72 63 50.0
72 54 51.0
72 143 52.0
73 146 31.0
73 107 32.0
73 18 33.0
73 8 34.0
73 117 35.0
73 118 36.0
73 119 37.0
73 120 38.0
73 116 39.0
73 115 40.0
73 102 41.0
73 103 42.0
73 135 43.0
73 137 44.0
74 148 35.0
74 95 36.0
74 32 37.0
74 38 38.0
74 43 39.0
74 44 40.0
74 46 41.0
74 47 42.0
74 48 43.0
74 61 44.0
74 62 45.0
74 63 46.0
74 54 47.0
74 143 48.0
75 152 38.0
75 100 39.0
75 52 40.0
75 45 41.0
75 44 42.0
75 46 43.0
75 47 44.0
75 53 45.0
75 40 46.0
75 34 47.0
75 96 48.0
75 149 49.0
76 154 50.0
76 98 51.0
76 50 52.0
76 47 53.0
76 53 54.0
76 40 55.0
76 34 56.0
76 96 57.0
76 149 58.0
77 148 48.0
77 95 49.0
77 32 50.0
77 38 51.0
77 43 52.0
77 44 53.0
77 46 54.0
77 47 55.0
77 48 56.0
77 61 57.0
77 62 58.0
77 63 59.0
77 54 60.0
77 143 61.0
78 148 31.0
78 95 32.0
78 32 33.0
78 79 34.0
78 34 35.0
78 35 36.0
78 81 37.0
78 82 38.0
78 83 39.0
78 155 39.79637651159342
78 84 40.0
78 85 41.0
78 86 42.0
78 139 43.0
79 152 34.0
79 100 35.0
79 52 36.0
79 45 37.0
79 37 38.0
79 36 39.0
79 78 40.0
79 76 41.0
79 74 42.0
79 72 43.0
79 70 44.0
79 39 45.0
79 30 46.0
79 29 47.0
79 28 48.0
79 27 49.0
79 26 50.0
79 20 51.0
79 19 52.0
79 108 53.0
79 145 54.0
80 150 42.0
80 97 43.0
80 35 44.0
80 81 45.0
80 82 46.0
80 83 47.0
80 155 47.79637651159342
80 84 48.0
80 85 49.0
80 86 50.0
80 139 51.0
82 146 46.0
82 107 47.0
82 18 48.0
82 8 49.0
82 9 50.0
82 10 51.0
82 21 52.0
82 22 53.0
82 23 54.0
82 24 55.0
82 25 56.0
82 33 57.0
82 69 58.0
82 71 59.0
82 73 60.0
82 75 61.0
82 77 62.0
82 31 63.0
82 94 64.0
82 147 65.0
85 144 48.0
85 68 49.0
85 67 50.0
85 66 51.0
85 65 52.0
85 49 53.0
85 50 54.0
85 64 55.0
85 51 56.0
85 101 57.0
85 151 58.0
86 144 50.0
86 68 51.0
86 67 52.0
86 66 53.0
86 65 54.0
86 49 55.0
86 50 56.0
86 64 57.0
86 51 58.0
86 101 59.0
86 151 60.0
87 146 50.0
87 107 51.0
87 18 52.0
87 8 53.0
87 9 54.0
87 10 55.0
87 21 56.0
87 22 57.0
87 23 58.0
87 24 59.0
87 25 60.0
87 33 61.0
87 69 62.0
87 71 63.0
87 73 64.0
87 75 65.0
87 77 66.0
87 31 67.0
87 94 68.0
87 147 69.0
88 146 48.0
88 107 49.0
88 18 50.0
88 8 51.0
88 9 52.0
88 10 53.0
88 21 54.0
88 22 55.0
88 23 56.0
88 24 57.0
88 25 58.0
88 33 59.0
88 69 60.0
88 71 61.0
88 73 62.0
88 75 63.0
88 77 64.0
88 31 65.0
88 32 66.0
88 38 67.0
88 43 68.0
88 44 69.0
88 51 70.0
88 101 71.0
88 151 72.0
89 146 41.0
89 107 42.0
89 18 43.0
89 8 44.0
89 9 45.0
89 10 46.0
89 21 47.0
89 22 48.0
89 23 49.0
89 24 50.0
89 25 51.0
89 33 52.0
89 69 53.0
89 71 54.0
89 73 55.0
89 75 56.0
89 77 57.0
89 31 58.0
89 94 59.0
89 147 60.0
90 138 42.0
90 136 43.0
90 105 44.0
90 104 45.0
90 102 46.0
90 114 47.0
90 113 48.0
90 112 49.0
90 111 50.0
90 110 51.0
90 109 52.0
90 2 53.0
90 11 54.0
90 56 55.0
90 58 56.0
90 60 57.0
90 141 58.0
91 146 43.0
91 107 44.0
91 18 45.0
91 17 46.0
91 16 47.0
91 15 48.0
91 14 49.0
91 13 50.0
91 12 51.0
91 11 52.0
91 56 53.0
91 58 54.0
91 60 55.0
91 141 56.0
92 148 41.0
92 95 42.0
92 32 43.0
92 79 44.0
92 34 45.0
92 35 46.0
92 81 47.0
92 82 48.0
92 83 49.0
92 155 49.79637651159342
92 84 50.0
92 85 51.0
92 86 52.0
92 139 53.0
94 148 46.0
94 95 47.0
94 32 48.0
94 38 49.0
94 36 50.0
94 78 51.0
94 76 52.0
94 74 53.0
94 72 54.0
94 70 55.0
94 39 56.0
94 30 57.0
94 29 58.0
94 28 59.0
94 27 60.0
94 26 61.0
94 20 62.0
94 19 63.0
94 108 64.0
94 145 65.0
95 138 44.0
95 136 45.0
95 105 46.0
95 104 47.0
95 102 48.0
95 114 49.0
95 113 50.0
95 112 51.0
95 111 52.0
95 110 53.0
95 109 54.0
95 2 55.0
95 11 56.0
95 56 57.0
95 58 58.0
95 60 59.0
95 141 60.0
97 138 50.0
97 136 51.0
97 105 52.0
97 104 53.0
97 102 54.0
97 114 55.0
97 113 56.0
97 112 57.0
97 111 58.0
97 110 59.0
97 109 60.0
97 2 61.0
97 11 62.0
97 56 63.0
97 58 64.0
97 60 65.0
97 141 66.0
98 152 50.0
98 100 51.0
98 52 52.0
98 45 53.0
98 37 54.0
98 36 55.0
98 31 56.0
98 94 57.0
98 147 58.0
99 92 36
99 155 37.86226610136945
99 106 67.21273614619794
;
set fixedFlights :=
22 20 19
22 26 20
22 27 26
22 28 27
22 29 28
22 30 29
22 41 40
22 35 41
22 40 80
22 80 38
22 38 36
22 36 78
22 78 76
22 76 74
22 74 72
22 72 70
22 70 39
22 39 30
22 150 97
22 97 35
22 108 145
22 19 108
24 32 38
24 38 43
24 43 44
24 44 46
24 46 47
24 47 48
24 48 49
24 148 95
24 99 153
24 95 32
24 49 99
32 20 19
32 26 20
32 27 26
32 28 27
32 29 28
32 30 29
32 32 38
32 38 36
32 36 78
32 78 76
32 76 74
32 74 72
32 72 70
32 70 39
32 39 30
32 148 95
32 95 32
32 108 145
32 19 108
35 32 38
35 38 43
35 43 44
35 44 46
35 46 47
35 47 48
35 54 143
35 48 61
35 61 62
35 62 63
35 63 54
35 148 95
35 95 32
41 57 55
41 59 57
41 142 59
41 55 106
41 106 1
41 1 121
41 121 122
41 122 123
41 123 124
41 124 125
41 125 126
41 126 127
41 127 103
41 103 135
41 135 137
42 9 10
42 8 9
42 10 21
42 21 22
42 22 23
42 23 24
42 24 25
42 31 32
42 25 33
42 33 69
42 69 71
42 71 73
42 73 75
42 75 77
42 77 31
42 32 79
42 79 34
42 96 149
42 34 96
42 146 107
42 107 18
42 18 8
45 57 55
45 59 57
45 142 59
45 55 106
45 106 1
45 1 121
45 121 122
45 122 123
45 123 124
45 124 125
45 125 126
45 126 127
45 127 103
45 103 135
45 135 137
46 49 50
46 66 65
46 67 66
46 68 67
46 144 68
46 64 51
46 65 49
46 50 64
46 101 151
46 51 101
47 56 58
47 58 60
47 60 141
47 11 56
47 2 11
47 109 2
47 110 109
47 104 102
47 102 114
47 105 104
47 114 113
47 113 112
47 112 111
47 111 110
47 138 136
47 136 105
48 34 35
48 49 50
48 50 47
48 47 53
48 53 40
48 40 34
48 66 65
48 67 66
48 68 67
48 144 68
48 65 49
48 35 81
48 81 82
48 82 83
48 84 85
48 85 86
48 86 139
48 83 155
48 155 84
49 41 40
49 40 34
49 96 149
49 34 96
49 93 92
49 92 91
49 91 90
49 90 89
49 89 88
49 88 87
49 87 41
49 140 93
50 41 40
50 40 34
50 96 149
50 34 96
50 93 92
50 92 91
50 91 90
50 90 89
50 89 88
50 88 87
50 87 41
50 140 93
51 36 31
51 41 40
51 40 80
51 80 38
51 38 36
51 94 147
51 31 94
51 93 92
51 92 91
51 91 90
51 90 89
51 89 88
51 88 87
51 87 41
51 140 93
52 20 19
52 26 20
52 27 26
52 28 27
52 29 28
52 30 29
52 32 38
52 38 36
52 36 78
52 78 76
52 76 74
52 74 72
52 72 70
52 70 39
52 39 30
52 148 95
52 95 32
52 108 145
52 19 108
53 47 48
53 50 47
53 54 143
53 48 61
53 61 62
53 62 63
53 63 54
53 154 98
53 98 50
54 57 55
54 59 57
54 142 59
54 55 106
54 106 1
54 1 121
54 121 122
54 122 123
54 123 124
54 124 125
54 125 126
54 126 127
54 127 103
54 103 135
54 135 137
55 41 42
55 42 48
55 54 143
55 48 61
55 61 62
55 62 63
55 63 54
55 93 92
55 92 91
55 91 90
55 90 89
55 89 88
55 88 87
55 87 41
55 140 93
56 41 42
56 42 48
56 54 143
56 48 61
56 61 62
56 62 63
56 63 54
56 93 92
56 92 91
56 91 90
56 90 89
56 89 88
56 88 87
56 87 41
56 140 93
58 66 65
58 67 66
58 68 67
58 144 68
58 65 49
58 99 153
58 49 99
59 36 31
59 41 40
59 35 41
59 40 80
59 80 38
59 38 36
59 94 147
59 150 97
59 97 35
59 31 94
60 56 58
60 58 60
60 60 141
60 11 56
60 2 11
60 109 2
60 110 109
60 104 102
60 102 114
60 105 104
60 114 113
60 113 112
60 112 111
60 111 110
60 138 136
60 136 105
61 36 31
61 41 40
61 40 80
61 80 38
61 38 36
61 94 147
61 31 94
61 93 92
61 92 91
61 91 90
61 90 89
61 89 88
61 88 87
61 87 41
61 140 93
62 32 38
62 38 43
62 43 44
62 44 46
62 46 47
62 47 48
62 48 49
62 148 95
62 99 153
62 95 32
62 49 99
63 56 58
63 58 60
63 60 141
63 11 56
63 2 11
63 109 2
63 110 109
63 104 102
63 102 114
63 105 104
63 114 113
63 113 112
63 112 111
63 111 110
63 138 136
63 136 105
64 45 44
64 44 46
64 46 47
64 52 45
64 47 53
64 53 40
64 40 34
64 152 100
64 96 149
64 34 96
64 100 52
65 20 19
65 26 20
65 27 26
65 28 27
65 29 28
65 30 29
65 37 36
65 45 37
65 51 52
65 52 45
65 64 51
65 50 64
65 36 78
65 78 76
65 76 74
65 74 72
65 72 70
65 70 39
65 39 30
65 154 98
65 98 50
65 108 145
65 19 108
66 34 35
66 50 47
66 47 53
66 53 40
66 40 34
66 154 98
66 98 50
66 35 81
66 81 82
66 82 83
66 84 85
66 85 86
66 86 139
66 83 155
66 155 84
67 41 40
67 40 34
67 96 149
67 34 96
67 93 92
67 92 91
67 91 90
67 90 89
67 89 88
67 88 87
67 87 41
67 140 93
68 57 55
68 59 57
68 142 59
68 55 106
68 106 1
68 1 121
68 121 122
68 122 123
68 123 124
68 124 125
68 125 126
68 126 127
68 127 103
68 103 135
68 135 137
70 50 47
70 47 53
70 53 40
70 40 34
70 154 98
70 96 149
70 34 96
70 98 50
71 108 145
71 9 19
71 19 108
71 105 104
71 104 134
71 134 133
71 133 132
71 132 131
71 131 130
71 130 129
71 129 128
71 128 9
71 138 136
71 136 105
72 41 42
72 42 48
72 54 143
72 48 61
72 61 62
72 62 63
72 63 54
72 93 92
72 92 91
72 91 90
72 90 89
72 89 88
72 88 87
72 87 41
72 140 93
73 146 107
73 107 18
73 18 8
73 115 102
73 102 103
73 116 115
73 8 117
73 117 118
73 118 119
73 119 120
73 120 116
73 103 135
73 135 137
74 32 38
74 38 43
74 43 44
74 44 46
74 46 47
74 47 48
74 54 143
74 48 61
74 61 62
74 62 63
74 63 54
74 148 95
74 95 32
75 36 31
75 37 36
75 45 37
75 31 32
75 52 45
75 32 79
75 79 34
75 152 100
75 96 149
75 34 96
75 100 52
76 50 47
76 47 53
76 53 40
76 40 34
76 154 98
76 96 149
76 34 96
76 98 50
77 34 35
77 35 41
77 41 42
77 42 48
77 54 143
77 48 61
77 61 62
77 62 63
77 63 54
77 32 79
77 79 34
77 148 95
77 95 32
78 34 35
78 32 79
78 79 34
78 148 95
78 95 32
78 35 81
78 81 82
78 82 83
78 84 85
78 85 86
78 86 139
78 83 155
78 155 84
79 20 19
79 26 20
79 27 26
79 28 27
79 29 28
79 30 29
79 37 36
79 45 37
79 52 45
79 36 78
79 78 76
79 76 74
79 74 72
79 72 70
79 70 39
79 39 30
79 152 100
79 100 52
79 108 145
79 19 108
80 150 97
80 97 35
80 35 81
80 81 82
80 82 83
80 84 85
80 85 86
80 86 139
80 83 155
80 155 84
82 9 10
82 8 9
82 10 21
82 21 22
82 22 23
82 23 24
82 24 25
82 25 33
82 33 69
82 69 71
82 71 73
82 73 75
82 75 77
82 77 31
82 94 147
82 31 94
82 146 107
82 107 18
82 18 8
85 49 50
85 66 65
85 67 66
85 68 67
85 144 68
85 64 51
85 65 49
85 50 64
85 101 151
85 51 101
86 49 50
86 66 65
86 67 66
86 68 67
86 144 68
86 64 51
86 65 49
86 50 64
86 101 151
86 51 101
87 9 10
87 8 9
87 10 21
87 21 22
87 22 23
87 23 24
87 24 25
87 25 33
87 33 69
87 69 71
87 71 73
87 73 75
87 75 77
87 77 31
87 94 147
87 31 94
87 146 107
87 107 18
87 18 8
88 9 10
88 8 9
88 10 21
88 21 22
88 22 23
88 23 24
88 24 25
88 32 38
88 38 43
88 43 44
88 31 32
88 44 51
88 25 33
88 33 69
88 69 71
88 71 73
88 73 75
88 75 77
88 77 31
88 101 151
88 51 101
88 146 107
88 107 18
88 18 8
89 9 10
89 8 9
89 10 21
89 21 22
89 22 23
89 23 24
89 24 25
89 25 33
89 33 69
89 69 71
89 71 73
89 73 75
89 75 77
89 77 31
89 94 147
89 31 94
89 146 107
89 107 18
89 18 8
90 56 58
90 58 60
90 60 141
90 11 56
90 2 11
90 109 2
90 110 109
90 104 102
90 102 114
90 105 104
90 114 113
90 113 112
90 112 111
90 111 110
90 138 136
90 136 105
91 12 11
91 13 12
91 14 13
91 15 14
91 16 15
91 17 16
91 18 17
91 56 58
91 58 60
91 60 141
91 146 107
91 11 56
91 107 18
92 34 35
92 32 79
92 79 34
92 148 95
92 95 32
92 35 81
92 81 82
92 82 83
92 84 85
92 85 86
92 86 139
92 83 155
92 155 84
94 20 19
94 26 20
94 27 26
94 28 27
94 29 28
94 30 29
94 32 38
94 38 36
94 36 78
94 78 76
94 76 74
94 74 72
94 72 70
94 70 39
94 39 30
94 148 95
94 95 32
94 108 145
94 19 108
95 56 58
95 58 60
95 60 141
95 11 56
95 2 11
95 109 2
95 110 109
95 104 102
95 102 114
95 105 104
95 114 113
95 113 112
95 112 111
95 111 110
95 138 136
95 136 105
97 56 58
97 58 60
97 60 141
97 11 56
97 2 11
97 109 2
97 110 109
97 104 102
97 102 114
97 105 104
97 114 113
97 113 112
97 112 111
97 111 110
97 138 136
97 136 105
98 36 31
98 37 36
98 45 37
98 52 45
98 94 147
98 152 100
98 31 94
98 100 52
99 92 155
99 155 106
;
;
set inFlight:=
22
24
32
35
41
42
45
47
49
50
51
53
54
55
58
59
60
63
64
68
73
78
79
;
set passedFreeF:=
69 140 93
69 93 92
69 92 91
69 91 90
69 90 89
69 89 88
69 88 87
69 87 41
69 41 40
69 40 80
69 80 38
69 38 36
69 36 31
69 31 94
69 94 147
;
param tini := 34;
