param nn:= 157;
set F:=
3
5
7
8
9
12
14
15
17
20
21
22
23
24
25
26
27
28
29
30
31
32
33
34
35
36
37
38
39
40
41
42
43
44
45
46
47
48
49
50
51
52
53
54
55
56
57
58
59
60
61
62
63
64
66
67
68
69
70
71
72
73
74
75
76
77
78
79
80
82
83
84
85
87
88
89
92
93
94
95
96
98
99
100
;
set NC:=
100
;
param: E: d:=
2 3 2.500000
3 4 2.500000
4 5 2.500000
5 6 2.500000
6 7 2.500000
7 0 2.500000
0 8 2.500000
9 10 2.500000
8 9 2.500000
12 11 2.500000
13 12 2.500000
14 13 2.500000
15 14 2.500000
16 15 2.500000
17 16 2.500000
18 17 2.500000
19 18 2.500000
20 19 2.500000
10 21 2.500000
21 22 2.500000
22 23 2.500000
23 24 2.500000
24 25 2.500000
26 20 2.500000
27 26 2.500000
28 27 2.500000
29 28 2.500000
30 29 2.500000
34 35 2.500000
36 31 2.500000
37 36 2.500000
41 40 2.500000
35 41 2.500000
41 42 2.500000
32 38 2.500000
38 43 2.500000
43 44 2.500000
45 37 2.500000
31 32 2.500000
45 44 2.500000
44 46 2.500000
46 47 2.500000
47 48 2.500000
42 48 2.500000
49 50 2.500000
51 52 2.500000
52 45 2.500000
44 51 2.500000
48 49 2.500000
50 47 2.500000
47 53 2.500000
53 40 2.500000
40 34 2.500000
54 143 1.500000
57 55 2.500000
56 58 2.500000
59 57 2.500000
58 60 2.500000
60 141 1.500000
142 59 1.500000
48 61 2.500000
61 62 2.500000
62 63 2.500000
66 65 2.500000
67 66 2.500000
68 67 2.500000
144 68 1.500000
2 1 2.500000
64 51 2.500000
63 54 2.500000
65 49 2.500000
50 64 2.500000
25 33 2.500000
33 69 2.500000
69 71 2.500000
71 73 2.500000
73 75 2.500000
75 77 2.500000
77 31 2.500000
40 80 2.500000
80 38 2.500000
38 36 2.500000
36 78 2.500000
78 76 2.500000
76 74 2.500000
74 72 2.500000
72 70 2.500000
70 39 2.500000
39 30 2.500000
32 79 2.500000
79 34 2.500000
148 95 1.500000
94 147 1.500000
152 100 1.500000
101 151 1.500000
154 98 1.500000
99 153 1.500000
96 149 1.500000
150 97 1.500000
97 35 2.500000
95 32 2.500000
31 94 2.500000
34 96 2.500000
51 101 2.500000
100 52 2.500000
98 50 2.500000
49 99 2.500000
35 81 2.500000
81 82 2.500000
82 83 2.500000
83 84 2.500000
84 85 2.500000
85 86 2.500000
93 92 2.500000
92 91 2.500000
91 90 2.500000
90 89 2.500000
89 88 2.500000
88 87 2.500000
87 41 2.500000
86 139 1.500000
140 93 1.500000
108 145 1.500000
146 107 1.500000
11 56 2.500000
2 11 2.500000
107 18 2.500000
18 8 2.500000
9 19 2.500000
19 108 2.500000
55 106 2.500000
106 1 2.500000
1 121 2.500000
121 122 2.500000
109 2 2.500000
110 109 2.500000
104 102 2.500000
102 114 2.500000
115 102 2.500000
102 103 2.500000
105 104 2.500000
104 134 2.500000
134 133 2.500000
103 105 2.500000
116 115 2.500000
8 117 2.500000
117 118 2.500000
118 119 2.500000
119 120 2.500000
120 116 2.500000
132 131 2.500000
131 130 2.500000
130 129 2.500000
129 128 2.500000
128 9 2.500000
122 123 2.500000
123 124 2.500000
124 125 2.500000
125 126 2.500000
126 127 2.500000
127 103 2.500000
114 113 2.500000
113 112 2.500000
112 111 2.500000
103 135 2.500000
135 137 1.500000
138 136 1.500000
136 105 2.500000
111 155 1.666667
155 110 0.833333
133 156 1.071429
156 132 1.428571
156 116 0.868966
116 155 4.055175
155 121 2.027588
;
param s:=
3 140
5 140
7 142
8 144
9 152
12 144
14 146
15 146
17 138
20 146
21 146
22 154
23 152
24 152
25 154
26 144
27 144
28 146
29 154
30 140
31 140
32 146
33 140
34 140
35 146
36 144
37 144
38 140
39 142
40 154
41 146
42 154
43 146
44 148
45 148
46 142
47 140
48 148
49 152
50 152
51 146
52 144
53 138
54 144
55 148
56 152
57 142
58 154
59 140
60 148
61 150
62 142
63 154
64 146
66 144
67 144
68 140
69 138
70 148
71 154
72 146
73 154
74 152
75 142
76 152
77 150
78 144
79 146
80 148
82 140
83 140
84 138
85 144
87 142
88 142
89 150
92 140
93 140
94 150
95 146
96 144
98 146
99 138
100 156
;
param e:=
3 151
5 143
7 137
8 139
9 145
12 149
14 137
15 137
17 145
20 147
21 141
22 147
23 153
24 153
25 147
26 153
27 153
28 147
29 143
30 151
31 153
32 137
33 143
34 143
35 149
36 149
37 153
38 149
39 137
40 147
41 141
42 143
43 141
44 145
45 151
46 137
47 153
48 153
49 139
50 147
51 151
52 149
53 141
54 153
55 143
56 145
57 137
58 149
59 143
60 143
61 139
62 137
63 149
64 149
66 147
67 151
68 149
69 141
70 153
71 149
72 147
73 149
74 143
75 137
76 143
77 139
78 149
79 151
80 151
82 153
83 143
84 141
85 153
87 137
88 137
89 139
92 149
93 149
94 139
95 147
96 151
98 149
99 145
100 121
;
param v_min:=2.375
;
param v_max:=2.625
;
param :conflictsNodes: angle:=
0 7 8 1.000000
0 8 7 1.000000
1 2 121 1.154701
1 121 2 1.154701
1 2 106 1.000000
1 106 2 1.000000
1 106 121 1.000000
1 121 106 1.000000
2 3 11 1.000000
2 11 3 1.000000
2 3 109 1.154701
2 109 3 1.154701
2 1 3 1.000000
2 3 1 1.000000
2 1 11 1.000000
2 11 1 1.000000
2 1 109 1.000000
2 109 1 1.000000
2 11 109 1.000000
2 109 11 1.000000
3 2 4 1.000000
3 4 2 1.000000
4 3 5 1.000000
4 5 3 1.000000
5 4 6 1.000000
5 6 4 1.000000
6 5 7 1.000000
6 7 5 1.000000
7 0 6 1.000000
7 6 0 1.000000
8 0 9 1.000000
8 9 0 1.000000
8 0 117 1.154701
8 117 0 1.154701
8 0 18 1.000000
8 18 0 1.000000
8 9 117 1.000000
8 117 9 1.000000
8 9 18 1.000000
8 18 9 1.000000
8 18 117 1.000000
8 117 18 1.000000
9 8 10 1.000000
9 10 8 1.000000
9 8 19 1.000000
9 19 8 1.000000
9 8 128 1.154701
9 128 8 1.154701
9 10 19 1.000000
9 19 10 1.000000
9 10 128 1.000000
9 128 10 1.000000
9 19 128 1.000000
9 128 19 1.000000
10 9 21 1.000000
10 21 9 1.000000
11 2 12 1.000000
11 12 2 1.000000
11 2 56 1.000000
11 56 2 1.000000
11 12 56 1.000000
11 56 12 1.000000
12 11 13 1.000000
12 13 11 1.000000
13 12 14 1.000000
13 14 12 1.000000
14 13 15 1.000000
14 15 13 1.000000
15 14 16 1.000000
15 16 14 1.000000
16 15 17 1.000000
16 17 15 1.000000
17 16 18 1.000000
17 18 16 1.000000
18 17 19 1.000000
18 19 17 1.000000
18 17 107 1.000000
18 107 17 1.000000
18 8 17 1.000000
18 17 8 1.000000
18 8 19 1.000000
18 19 8 1.000000
18 8 107 1.000000
18 107 8 1.000000
18 19 107 1.000000
18 107 19 1.000000
19 9 18 1.000000
19 18 9 1.000000
19 9 108 1.000000
19 108 9 1.000000
19 9 20 1.000000
19 20 9 1.000000
19 18 108 1.000000
19 108 18 1.000000
19 18 20 1.000000
19 20 18 1.000000
19 20 108 1.000000
19 108 20 1.000000
20 19 26 1.000000
20 26 19 1.000000
21 10 22 1.000000
21 22 10 1.000000
22 21 23 1.000000
22 23 21 1.000000
23 22 24 1.000000
23 24 22 1.000000
24 23 25 1.000000
24 25 23 1.000000
25 24 33 1.000000
25 33 24 1.000000
26 20 27 1.000000
26 27 20 1.000000
27 26 28 1.000000
27 28 26 1.000000
28 27 29 1.000000
28 29 27 1.000000
29 28 30 1.000000
29 30 28 1.000000
30 29 39 1.000000
30 39 29 1.000000
31 36 94 1.000000
31 94 36 1.000000
31 36 77 1.000000
31 77 36 1.000000
31 32 36 1.000000
31 36 32 1.000000
31 32 94 1.000000
31 94 32 1.000000
31 32 77 1.000000
31 77 32 1.000000
31 77 94 1.000000
31 94 77 1.000000
32 31 38 1.000000
32 38 31 1.000000
32 31 79 1.000000
32 79 31 1.000000
32 31 95 1.000000
32 95 31 1.000000
32 38 79 1.000000
32 79 38 1.000000
32 38 95 1.000000
32 95 38 1.000000
32 79 95 1.000000
32 95 79 1.000000
33 25 69 1.000000
33 69 25 1.000000
34 35 96 1.000000
34 96 35 1.000000
34 35 40 1.000000
34 40 35 1.000000
34 35 79 1.000000
34 79 35 1.000000
34 40 96 1.000000
34 96 40 1.000000
34 40 79 1.000000
34 79 40 1.000000
34 79 96 1.000000
34 96 79 1.000000
35 34 41 1.000000
35 41 34 1.000000
35 34 81 1.000000
35 81 34 1.000000
35 34 97 1.000000
35 97 34 1.000000
35 41 81 1.000000
35 81 41 1.000000
35 41 97 1.000000
35 97 41 1.000000
35 81 97 1.189773
35 97 81 1.189773
36 31 78 1.000000
36 78 31 1.000000
36 31 37 1.000000
36 37 31 1.000000
36 31 38 1.000000
36 38 31 1.000000
36 37 78 1.000000
36 78 37 1.000000
36 37 38 1.000000
36 38 37 1.000000
36 38 78 1.000000
36 78 38 1.000000
37 36 45 1.000000
37 45 36 1.000000
38 32 43 1.000000
38 43 32 1.000000
38 32 36 1.000000
38 36 32 1.000000
38 32 80 1.000000
38 80 32 1.000000
38 43 80 1.000000
38 80 43 1.000000
38 36 43 1.000000
38 43 36 1.000000
38 36 80 1.000000
38 80 36 1.000000
39 30 70 1.000000
39 70 30 1.000000
40 41 80 1.000000
40 80 41 1.000000
40 41 53 1.000000
40 53 41 1.000000
40 34 41 1.000000
40 41 34 1.000000
40 34 80 1.000000
40 80 34 1.000000
40 34 53 1.000000
40 53 34 1.000000
40 53 80 1.000000
40 80 53 1.000000
41 35 40 1.000000
41 40 35 1.000000
41 35 42 1.000000
41 42 35 1.000000
41 35 87 1.189773
41 87 35 1.189773
41 40 42 1.000000
41 42 40 1.000000
41 40 87 1.000000
41 87 40 1.000000
41 42 87 1.000000
41 87 42 1.000000
42 41 48 1.000000
42 48 41 1.000000
43 38 44 1.000000
43 44 38 1.000000
44 43 46 1.000000
44 46 43 1.000000
44 43 51 1.000000
44 51 43 1.000000
44 43 45 1.000000
44 45 43 1.000000
44 46 51 1.000000
44 51 46 1.000000
44 45 46 1.000000
44 46 45 1.000000
44 45 51 1.000000
44 51 45 1.000000
45 37 44 1.000000
45 44 37 1.000000
45 37 52 1.000000
45 52 37 1.000000
45 44 52 1.000000
45 52 44 1.000000
46 44 47 1.000000
46 47 44 1.000000
47 46 48 1.000000
47 48 46 1.000000
47 46 53 1.000000
47 53 46 1.000000
47 46 50 1.000000
47 50 46 1.000000
47 48 53 1.000000
47 53 48 1.000000
47 48 50 1.000000
47 50 48 1.000000
47 50 53 1.000000
47 53 50 1.000000
48 42 47 1.000000
48 47 42 1.000000
48 42 49 1.000000
48 49 42 1.000000
48 42 61 1.000000
48 61 42 1.000000
48 47 49 1.000000
48 49 47 1.000000
48 47 61 1.000000
48 61 47 1.000000
48 49 61 1.000000
48 61 49 1.000000
49 48 50 1.000000
49 50 48 1.000000
49 48 99 1.000000
49 99 48 1.000000
49 48 65 1.000000
49 65 48 1.000000
49 50 99 1.000000
49 99 50 1.000000
49 50 65 1.000000
49 65 50 1.000000
49 65 99 1.000000
49 99 65 1.000000
50 49 64 1.000000
50 64 49 1.000000
50 49 98 1.000000
50 98 49 1.000000
50 47 49 1.000000
50 49 47 1.000000
50 47 64 1.000000
50 64 47 1.000000
50 47 98 1.000000
50 98 47 1.000000
50 64 98 1.000000
50 98 64 1.000000
51 44 52 1.000000
51 52 44 1.000000
51 44 101 1.000000
51 101 44 1.000000
51 44 64 1.000000
51 64 44 1.000000
51 52 101 1.000000
51 101 52 1.000000
51 52 64 1.000000
51 64 52 1.000000
51 64 101 1.000000
51 101 64 1.000000
52 51 100 1.000000
52 100 51 1.000000
52 45 51 1.000000
52 51 45 1.000000
52 45 100 1.000000
52 100 45 1.000000
53 40 47 1.000000
53 47 40 1.000000
55 57 106 1.000000
55 106 57 1.000000
56 11 58 1.000000
56 58 11 1.000000
57 55 59 1.000000
57 59 55 1.000000
58 56 60 1.000000
58 60 56 1.000000
61 48 62 1.000000
61 62 48 1.000000
62 61 63 1.000000
62 63 61 1.000000
63 54 62 1.000000
63 62 54 1.000000
64 50 51 1.000000
64 51 50 1.000000
65 49 66 1.000000
65 66 49 1.000000
66 65 67 1.000000
66 67 65 1.000000
67 66 68 1.000000
67 68 66 1.000000
69 33 71 1.000000
69 71 33 1.000000
70 39 72 1.000000
70 72 39 1.000000
71 69 73 1.000000
71 73 69 1.000000
72 70 74 1.000000
72 74 70 1.000000
73 71 75 1.000000
73 75 71 1.000000
74 72 76 1.000000
74 76 72 1.000000
75 73 77 1.000000
75 77 73 1.000000
76 74 78 1.000000
76 78 74 1.000000
77 31 75 1.000000
77 75 31 1.000000
78 36 76 1.000000
78 76 36 1.000000
79 32 34 1.000000
79 34 32 1.000000
80 38 40 1.000000
80 40 38 1.000000
81 35 82 1.000000
81 82 35 1.000000
82 81 83 1.000000
82 83 81 1.000000
83 82 84 1.000000
83 84 82 1.000000
84 83 85 1.000000
84 85 83 1.000000
85 84 86 1.000000
85 86 84 1.000000
87 41 88 1.000000
87 88 41 1.000000
88 87 89 1.000000
88 89 87 1.000000
89 88 90 1.000000
89 90 88 1.000000
90 89 91 1.000000
90 91 89 1.000000
91 90 92 1.000000
91 92 90 1.000000
92 91 93 1.000000
92 93 91 1.000000
102 104 114 1.000000
102 114 104 1.000000
102 104 115 1.000000
102 115 104 1.000000
102 114 115 1.154701
102 115 114 1.154701
102 103 104 1.154701
102 104 103 1.154701
102 103 114 1.000000
102 114 103 1.000000
102 103 115 1.000000
102 115 103 1.000000
103 102 105 1.000000
103 105 102 1.000000
103 102 135 1.000000
103 135 102 1.000000
103 102 127 1.154701
103 127 102 1.154701
103 105 135 1.154701
103 135 105 1.154701
103 105 127 1.000000
103 127 105 1.000000
103 127 135 1.000000
103 135 127 1.000000
104 102 134 1.154701
104 134 102 1.154701
104 102 105 1.000000
104 105 102 1.000000
104 105 134 1.000000
104 134 105 1.000000
105 103 104 1.154701
105 104 103 1.154701
105 103 136 1.000000
105 136 103 1.000000
105 104 136 1.000000
105 136 104 1.000000
106 1 55 1.000000
106 55 1 1.000000
109 2 110 1.000000
109 110 2 1.000000
112 111 113 1.000000
112 113 111 1.000000
113 112 114 1.000000
113 114 112 1.000000
114 102 113 1.000000
114 113 102 1.000000
115 102 116 1.000000
115 116 102 1.000000
116 115 120 1.000000
116 120 115 1.000000
117 8 118 1.000000
117 118 8 1.000000
118 117 119 1.000000
118 119 117 1.000000
119 118 120 1.000000
119 120 118 1.000000
120 116 119 1.000000
120 119 116 1.000000
121 1 122 1.000000
121 122 1 1.000000
122 121 123 1.000000
122 123 121 1.000000
123 122 124 1.000000
123 124 122 1.000000
124 123 125 1.000000
124 125 123 1.000000
125 124 126 1.000000
125 126 124 1.000000
126 125 127 1.000000
126 127 125 1.000000
127 103 126 1.000000
127 126 103 1.000000
128 9 129 1.000000
128 129 9 1.000000
129 128 130 1.000000
129 130 128 1.000000
130 129 131 1.000000
130 131 129 1.000000
131 130 132 1.000000
131 132 130 1.000000
134 104 133 1.000000
134 133 104 1.000000
155 111 110 1.000000
155 110 111 1.000000
110 155 109 1.000000
110 109 155 1.000000
111 155 112 1.000000
111 112 155 1.000000
156 133 132 1.000000
156 132 133 1.000000
132 156 131 1.000000
132 131 156 1.000000
133 156 134 1.000000
133 134 156 1.000000
116 156 155 1.000000
116 155 156 1.000000
155 116 121 1.000000
155 121 116 1.000000
156 133 116 1.000000
156 116 133 1.000000
156 132 116 1.003396
156 116 132 1.003396
116 115 156 1.003396
116 156 115 1.003396
116 115 155 1.000000
116 155 115 1.000000
116 120 156 1.000000
116 156 120 1.000000
116 120 155 1.003396
116 155 120 1.003396
155 111 116 2.341256
155 116 111 2.341256
155 111 121 1.000000
155 121 111 1.000000
155 110 116 1.000000
155 116 110 1.000000
155 110 121 2.341256
155 121 110 2.341256
121 1 155 1.000000
121 155 1 1.000000
121 122 155 2.341256
121 155 122 2.341256
;
param D:=0.5;
param t_hat_ear:=
3 140 0.0
3 93 1.0
3 92 2.0
3 91 3.0
3 90 4.0
3 89 5.0
3 88 6.0
3 87 7.0
3 41 8.0
3 40 9.0
3 80 10.0
3 38 11.0
3 43 12.0
3 44 13.0
3 51 14.0
3 101 15.0
3 151 16.0
5 140 2.0
5 93 3.0
5 92 4.0
5 91 5.0
5 90 6.0
5 89 7.0
5 88 8.0
5 87 9.0
5 41 10.0
5 42 11.0
5 48 12.0
5 61 13.0
5 62 14.0
5 63 15.0
5 54 16.0
5 143 17.0
7 142 7.0
7 59 8.0
7 57 9.0
7 55 10.0
7 106 11.0
7 1 12.0
7 121 13.0
7 122 14.0
7 123 15.0
7 124 16.0
7 125 17.0
7 126 18.0
7 127 19.0
7 103 20.0
7 135 21.0
7 137 22.0
8 144 8.0
8 68 9.0
8 67 10.0
8 66 11.0
8 65 12.0
8 49 13.0
8 50 14.0
8 47 15.0
8 53 16.0
8 40 17.0
8 34 18.0
8 35 19.0
8 81 20.0
8 82 21.0
8 83 22.0
8 84 23.0
8 85 24.0
8 86 25.0
8 139 26.0
9 152 8.0
9 100 9.0
9 52 10.0
9 45 11.0
9 37 12.0
9 36 13.0
9 78 14.0
9 76 15.0
9 74 16.0
9 72 17.0
9 70 18.0
9 39 19.0
9 30 20.0
9 29 21.0
9 28 22.0
9 27 23.0
9 26 24.0
9 20 25.0
9 19 26.0
9 108 27.0
9 145 28.0
12 144 5.0
12 68 6.0
12 67 7.0
12 66 8.0
12 65 9.0
12 49 10.0
12 50 11.0
12 47 12.0
12 53 13.0
12 40 14.0
12 34 15.0
12 96 16.0
12 149 17.0
14 146 4.0
14 107 5.0
14 18 6.0
14 8 7.0
14 117 8.0
14 118 9.0
14 119 10.0
14 120 11.0
14 116 12.0
14 115 13.0
14 102 14.0
14 103 15.0
14 135 16.0
14 137 17.0
15 146 7.0
15 107 8.0
15 18 9.0
15 8 10.0
15 117 11.0
15 118 12.0
15 119 13.0
15 120 14.0
15 116 15.0
15 115 16.0
15 102 17.0
15 103 18.0
15 135 19.0
15 137 20.0
17 138 2.0
17 136 3.0
17 105 4.0
17 104 5.0
17 134 6.0
17 133 7.0
17 156 7.428571428571602
17 132 8.0
17 131 9.0
17 130 10.0
17 129 11.0
17 128 12.0
17 9 13.0
17 19 14.0
17 108 15.0
17 145 16.0
20 146 12.0
20 107 13.0
20 18 14.0
20 8 15.0
20 9 16.0
20 10 17.0
20 21 18.0
20 22 19.0
20 23 20.0
20 24 21.0
20 25 22.0
20 33 23.0
20 69 24.0
20 71 25.0
20 73 26.0
20 75 27.0
20 77 28.0
20 31 29.0
20 94 30.0
20 147 31.0
21 146 10.0
21 107 11.0
21 18 12.0
21 17 13.0
21 16 14.0
21 15 15.0
21 14 16.0
21 13 17.0
21 12 18.0
21 11 19.0
21 56 20.0
21 58 21.0
21 60 22.0
21 141 23.0
22 154 18.0
22 98 19.0
22 50 20.0
22 64 21.0
22 51 22.0
22 52 23.0
22 45 24.0
22 37 25.0
22 36 26.0
22 31 27.0
22 94 28.0
22 147 29.0
23 152 13.0
23 100 14.0
23 52 15.0
23 45 16.0
23 44 17.0
23 46 18.0
23 47 19.0
23 48 20.0
23 49 21.0
23 99 22.0
23 153 23.0
24 152 17.0
24 100 18.0
24 52 19.0
24 45 20.0
24 44 21.0
24 46 22.0
24 47 23.0
24 48 24.0
24 49 25.0
24 99 26.0
24 153 27.0
25 154 16.0
25 98 17.0
25 50 18.0
25 64 19.0
25 51 20.0
25 52 21.0
25 45 22.0
25 37 23.0
25 36 24.0
25 31 25.0
25 94 26.0
25 147 27.0
26 144 10.0
26 68 11.0
26 67 12.0
26 66 13.0
26 65 14.0
26 49 15.0
26 99 16.0
26 153 17.0
27 144 14.0
27 68 15.0
27 67 16.0
27 66 17.0
27 65 18.0
27 49 19.0
27 99 20.0
27 153 21.0
28 146 18.0
28 107 19.0
28 18 20.0
28 8 21.0
28 9 22.0
28 10 23.0
28 21 24.0
28 22 25.0
28 23 26.0
28 24 27.0
28 25 28.0
28 33 29.0
28 69 30.0
28 71 31.0
28 73 32.0
28 75 33.0
28 77 34.0
28 31 35.0
28 94 36.0
28 147 37.0
29 154 14.0
29 98 15.0
29 50 16.0
29 47 17.0
29 48 18.0
29 61 19.0
29 62 20.0
29 63 21.0
29 54 22.0
29 143 23.0
30 140 10.0
30 93 11.0
30 92 12.0
30 91 13.0
30 90 14.0
30 89 15.0
30 88 16.0
30 87 17.0
30 41 18.0
30 40 19.0
30 80 20.0
30 38 21.0
30 43 22.0
30 44 23.0
30 51 24.0
30 101 25.0
30 151 26.0
31 140 18.0
31 93 19.0
31 92 20.0
31 91 21.0
31 90 22.0
31 89 23.0
31 88 24.0
31 87 25.0
31 41 26.0
31 42 27.0
31 48 28.0
31 49 29.0
31 99 30.0
31 153 31.0
32 146 14.0
32 107 15.0
32 18 16.0
32 8 17.0
32 117 18.0
32 118 19.0
32 119 20.0
32 120 21.0
32 116 22.0
32 115 23.0
32 102 24.0
32 103 25.0
32 135 26.0
32 137 27.0
33 140 12.0
33 93 13.0
33 92 14.0
33 91 15.0
33 90 16.0
33 89 17.0
33 88 18.0
33 87 19.0
33 41 20.0
33 42 21.0
33 48 22.0
33 61 23.0
33 62 24.0
33 63 25.0
33 54 26.0
33 143 27.0
34 140 16.0
34 93 17.0
34 92 18.0
34 91 19.0
34 90 20.0
34 89 21.0
34 88 22.0
34 87 23.0
34 41 24.0
34 42 25.0
34 48 26.0
34 61 27.0
34 62 28.0
34 63 29.0
34 54 30.0
34 143 31.0
35 146 16.0
35 107 17.0
35 18 18.0
35 8 19.0
35 9 20.0
35 10 21.0
35 21 22.0
35 22 23.0
35 23 24.0
35 24 25.0
35 25 26.0
35 33 27.0
35 69 28.0
35 71 29.0
35 73 30.0
35 75 31.0
35 77 32.0
35 31 33.0
35 32 34.0
35 79 35.0
35 34 36.0
35 96 37.0
35 149 38.0
36 144 18.0
36 68 19.0
36 67 20.0
36 66 21.0
36 65 22.0
36 49 23.0
36 50 24.0
36 47 25.0
36 53 26.0
36 40 27.0
36 34 28.0
36 96 29.0
36 149 30.0
37 144 12.0
37 68 13.0
37 67 14.0
37 66 15.0
37 65 16.0
37 49 17.0
37 99 18.0
37 153 19.0
38 140 14.0
38 93 15.0
38 92 16.0
38 91 17.0
38 90 18.0
38 89 19.0
38 88 20.0
38 87 21.0
38 41 22.0
38 40 23.0
38 34 24.0
38 96 25.0
38 149 26.0
39 142 10.0
39 59 11.0
39 57 12.0
39 55 13.0
39 106 14.0
39 1 15.0
39 121 16.0
39 122 17.0
39 123 18.0
39 124 19.0
39 125 20.0
39 126 21.0
39 127 22.0
39 103 23.0
39 135 24.0
39 137 25.0
40 154 28.0
40 98 29.0
40 50 30.0
40 64 31.0
40 51 32.0
40 52 33.0
40 45 34.0
40 37 35.0
40 36 36.0
40 31 37.0
40 94 38.0
40 147 39.0
41 146 22.0
41 107 23.0
41 18 24.0
41 17 25.0
41 16 26.0
41 15 27.0
41 14 28.0
41 13 29.0
41 12 30.0
41 11 31.0
41 56 32.0
41 58 33.0
41 60 34.0
41 141 35.0
42 154 26.0
42 98 27.0
42 50 28.0
42 47 29.0
42 48 30.0
42 61 31.0
42 62 32.0
42 63 33.0
42 54 34.0
42 143 35.0
43 146 20.0
43 107 21.0
43 18 22.0
43 17 23.0
43 16 24.0
43 15 25.0
43 14 26.0
43 13 27.0
43 12 28.0
43 11 29.0
43 56 30.0
43 58 31.0
43 60 32.0
43 141 33.0
44 148 28.0
44 95 29.0
44 32 30.0
44 38 31.0
44 36 32.0
44 78 33.0
44 76 34.0
44 74 35.0
44 72 36.0
44 70 37.0
44 39 38.0
44 30 39.0
44 29 40.0
44 28 41.0
44 27 42.0
44 26 43.0
44 20 44.0
44 19 45.0
44 108 46.0
44 145 47.0
45 148 20.0
45 95 21.0
45 32 22.0
45 38 23.0
45 43 24.0
45 44 25.0
45 51 26.0
45 101 27.0
45 151 28.0
46 142 22.0
46 59 23.0
46 57 24.0
46 55 25.0
46 106 26.0
46 1 27.0
46 121 28.0
46 122 29.0
46 123 30.0
46 124 31.0
46 125 32.0
46 126 33.0
46 127 34.0
46 103 35.0
46 135 36.0
46 137 37.0
47 140 28.0
47 93 29.0
47 92 30.0
47 91 31.0
47 90 32.0
47 89 33.0
47 88 34.0
47 87 35.0
47 41 36.0
47 42 37.0
47 48 38.0
47 49 39.0
47 99 40.0
47 153 41.0
48 148 26.0
48 95 27.0
48 32 28.0
48 38 29.0
48 43 30.0
48 44 31.0
48 46 32.0
48 47 33.0
48 48 34.0
48 49 35.0
48 99 36.0
48 153 37.0
49 152 37.0
49 100 38.0
49 52 39.0
49 45 40.0
49 44 41.0
49 46 42.0
49 47 43.0
49 53 44.0
49 40 45.0
49 34 46.0
49 35 47.0
49 81 48.0
49 82 49.0
49 83 50.0
49 84 51.0
49 85 52.0
49 86 53.0
49 139 54.0
50 152 25.0
50 100 26.0
50 52 27.0
50 45 28.0
50 37 29.0
50 36 30.0
50 31 31.0
50 94 32.0
50 147 33.0
51 146 24.0
51 107 25.0
51 18 26.0
51 8 27.0
51 9 28.0
51 10 29.0
51 21 30.0
51 22 31.0
51 23 32.0
51 24 33.0
51 25 34.0
51 33 35.0
51 69 36.0
51 71 37.0
51 73 38.0
51 75 39.0
51 77 40.0
51 31 41.0
51 32 42.0
51 38 43.0
51 43 44.0
51 44 45.0
51 51 46.0
51 101 47.0
51 151 48.0
52 144 28.0
52 68 29.0
52 67 30.0
52 66 31.0
52 65 32.0
52 49 33.0
52 50 34.0
52 47 35.0
52 53 36.0
52 40 37.0
52 34 38.0
52 96 39.0
52 149 40.0
53 138 22.0
53 136 23.0
53 105 24.0
53 104 25.0
53 102 26.0
53 114 27.0
53 113 28.0
53 112 29.0
53 111 30.0
53 155 30.66666666666653
53 110 31.0
53 109 32.0
53 2 33.0
53 11 34.0
53 56 35.0
53 58 36.0
53 60 37.0
53 141 38.0
54 144 22.0
54 68 23.0
54 67 24.0
54 66 25.0
54 65 26.0
54 49 27.0
54 99 28.0
54 153 29.0
55 148 24.0
55 95 25.0
55 32 26.0
55 38 27.0
55 43 28.0
55 44 29.0
55 46 30.0
55 47 31.0
55 48 32.0
55 61 33.0
55 62 34.0
55 63 35.0
55 54 36.0
55 143 37.0
56 152 23.0
56 100 24.0
56 52 25.0
56 45 26.0
56 37 27.0
56 36 28.0
56 78 29.0
56 76 30.0
56 74 31.0
56 72 32.0
56 70 33.0
56 39 34.0
56 30 35.0
56 29 36.0
56 28 37.0
56 27 38.0
56 26 39.0
56 20 40.0
56 19 41.0
56 108 42.0
56 145 43.0
57 142 20.0
57 59 21.0
57 57 22.0
57 55 23.0
57 106 24.0
57 1 25.0
57 121 26.0
57 122 27.0
57 123 28.0
57 124 29.0
57 125 30.0
57 126 31.0
57 127 32.0
57 103 33.0
57 135 34.0
57 137 35.0
58 154 24.0
58 98 25.0
58 50 26.0
58 47 27.0
58 53 28.0
58 40 29.0
58 34 30.0
58 96 31.0
58 149 32.0
59 140 26.0
59 93 27.0
59 92 28.0
59 91 29.0
59 90 30.0
59 89 31.0
59 88 32.0
59 87 33.0
59 41 34.0
59 42 35.0
59 48 36.0
59 61 37.0
59 62 38.0
59 63 39.0
59 54 40.0
59 143 41.0
60 148 44.0
60 95 45.0
60 32 46.0
60 38 47.0
60 43 48.0
60 44 49.0
60 46 50.0
60 47 51.0
60 48 52.0
60 61 53.0
60 62 54.0
60 63 55.0
60 54 56.0
60 143 57.0
61 150 32.0
61 97 33.0
61 35 34.0
61 81 35.0
61 82 36.0
61 83 37.0
61 84 38.0
61 85 39.0
61 86 40.0
61 139 41.0
62 142 32.0
62 59 33.0
62 57 34.0
62 55 35.0
62 106 36.0
62 1 37.0
62 121 38.0
62 122 39.0
62 123 40.0
62 124 41.0
62 125 42.0
62 126 43.0
62 127 44.0
62 103 45.0
62 135 46.0
62 137 47.0
63 154 34.0
63 98 35.0
63 50 36.0
63 47 37.0
63 53 38.0
63 40 39.0
63 34 40.0
63 96 41.0
63 149 42.0
64 146 30.0
64 107 31.0
64 18 32.0
64 8 33.0
64 9 34.0
64 10 35.0
64 21 36.0
64 22 37.0
64 23 38.0
64 24 39.0
64 25 40.0
64 33 41.0
64 69 42.0
64 71 43.0
64 73 44.0
64 75 45.0
64 77 46.0
64 31 47.0
64 32 48.0
64 79 49.0
64 34 50.0
64 96 51.0
64 149 52.0
66 144 40.0
66 68 41.0
66 67 42.0
66 66 43.0
66 65 44.0
66 49 45.0
66 50 46.0
66 47 47.0
66 53 48.0
66 40 49.0
66 80 50.0
66 38 51.0
66 36 52.0
66 31 53.0
66 94 54.0
66 147 55.0
67 144 36.0
67 68 37.0
67 67 38.0
67 66 39.0
67 65 40.0
67 49 41.0
67 50 42.0
67 64 43.0
67 51 44.0
67 101 45.0
67 151 46.0
68 140 38.0
68 93 39.0
68 92 40.0
68 91 41.0
68 90 42.0
68 89 43.0
68 88 44.0
68 87 45.0
68 41 46.0
68 40 47.0
68 34 48.0
68 96 49.0
68 149 50.0
69 138 30.0
69 136 31.0
69 105 32.0
69 104 33.0
69 102 34.0
69 114 35.0
69 113 36.0
69 112 37.0
69 111 38.0
69 155 38.66666666666653
69 110 39.0
69 109 40.0
69 2 41.0
69 11 42.0
69 56 43.0
69 58 44.0
69 60 45.0
69 141 46.0
70 148 38.0
70 95 39.0
70 32 40.0
70 38 41.0
70 43 42.0
70 44 43.0
70 46 44.0
70 47 45.0
70 48 46.0
70 49 47.0
70 99 48.0
70 153 49.0
71 154 38.0
71 98 39.0
71 50 40.0
71 47 41.0
71 53 42.0
71 40 43.0
71 34 44.0
71 96 45.0
71 149 46.0
72 146 32.0
72 107 33.0
72 18 34.0
72 8 35.0
72 9 36.0
72 10 37.0
72 21 38.0
72 22 39.0
72 23 40.0
72 24 41.0
72 25 42.0
72 33 43.0
72 69 44.0
72 71 45.0
72 73 46.0
72 75 47.0
72 77 48.0
72 31 49.0
72 94 50.0
72 147 51.0
73 154 46.0
73 98 47.0
73 50 48.0
73 47 49.0
73 53 50.0
73 40 51.0
73 34 52.0
73 96 53.0
73 149 54.0
74 152 33.0
74 100 34.0
74 52 35.0
74 45 36.0
74 44 37.0
74 46 38.0
74 47 39.0
74 48 40.0
74 61 41.0
74 62 42.0
74 63 43.0
74 54 44.0
74 143 45.0
75 142 30.0
75 59 31.0
75 57 32.0
75 55 33.0
75 106 34.0
75 1 35.0
75 121 36.0
75 122 37.0
75 123 38.0
75 124 39.0
75 125 40.0
75 126 41.0
75 127 42.0
75 103 43.0
75 135 44.0
75 137 45.0
76 152 47.0
76 100 48.0
76 52 49.0
76 45 50.0
76 44 51.0
76 46 52.0
76 47 53.0
76 48 54.0
76 61 55.0
76 62 56.0
76 63 57.0
76 54 58.0
76 143 59.0
77 150 30.0
77 97 31.0
77 35 32.0
77 81 33.0
77 82 34.0
77 83 35.0
77 84 36.0
77 85 37.0
77 86 38.0
77 139 39.0
78 144 48.0
78 68 49.0
78 67 50.0
78 66 51.0
78 65 52.0
78 49 53.0
78 50 54.0
78 47 55.0
78 53 56.0
78 40 57.0
78 34 58.0
78 96 59.0
78 149 60.0
79 146 34.0
79 107 35.0
79 18 36.0
79 8 37.0
79 9 38.0
79 10 39.0
79 21 40.0
79 22 41.0
79 23 42.0
79 24 43.0
79 25 44.0
79 33 45.0
79 69 46.0
79 71 47.0
79 73 48.0
79 75 49.0
79 77 50.0
79 31 51.0
79 32 52.0
79 38 53.0
79 43 54.0
79 44 55.0
79 51 56.0
79 101 57.0
79 151 58.0
80 148 42.0
80 95 43.0
80 32 44.0
80 38 45.0
80 43 46.0
80 44 47.0
80 51 48.0
80 101 49.0
80 151 50.0
82 140 48.0
82 93 49.0
82 92 50.0
82 91 51.0
82 90 52.0
82 89 53.0
82 88 54.0
82 87 55.0
82 41 56.0
82 42 57.0
82 48 58.0
82 49 59.0
82 99 60.0
82 153 61.0
83 140 40.0
83 93 41.0
83 92 42.0
83 91 43.0
83 90 44.0
83 89 45.0
83 88 46.0
83 87 47.0
83 41 48.0
83 42 49.0
83 48 50.0
83 61 51.0
83 62 52.0
83 63 53.0
83 54 54.0
83 143 55.0
84 138 42.0
84 136 43.0
84 105 44.0
84 104 45.0
84 102 46.0
84 114 47.0
84 113 48.0
84 112 49.0
84 111 50.0
84 155 50.66666666666653
84 110 51.0
84 109 52.0
84 2 53.0
84 11 54.0
84 56 55.0
84 58 56.0
84 60 57.0
84 141 58.0
85 144 46.0
85 68 47.0
85 67 48.0
85 66 49.0
85 65 50.0
85 49 51.0
85 99 52.0
85 153 53.0
87 142 40.0
87 59 41.0
87 57 42.0
87 55 43.0
87 106 44.0
87 1 45.0
87 121 46.0
87 122 47.0
87 123 48.0
87 124 49.0
87 125 50.0
87 126 51.0
87 127 52.0
87 103 53.0
87 135 54.0
87 137 55.0
88 142 42.0
88 59 43.0
88 57 44.0
88 55 45.0
88 106 46.0
88 1 47.0
88 121 48.0
88 122 49.0
88 123 50.0
88 124 51.0
88 125 52.0
88 126 53.0
88 127 54.0
88 103 55.0
88 135 56.0
88 137 57.0
89 150 42.0
89 97 43.0
89 35 44.0
89 81 45.0
89 82 46.0
89 83 47.0
89 84 48.0
89 85 49.0
89 86 50.0
89 139 51.0
92 140 44.0
92 93 45.0
92 92 46.0
92 91 47.0
92 90 48.0
92 89 49.0
92 88 50.0
92 87 51.0
92 41 52.0
92 40 53.0
92 34 54.0
92 96 55.0
92 149 56.0
93 140 46.0
93 93 47.0
93 92 48.0
93 91 49.0
93 90 50.0
93 89 51.0
93 88 52.0
93 87 53.0
93 41 54.0
93 40 55.0
93 34 56.0
93 96 57.0
93 149 58.0
94 150 40.0
94 97 41.0
94 35 42.0
94 81 43.0
94 82 44.0
94 83 45.0
94 84 46.0
94 85 47.0
94 86 48.0
94 139 49.0
95 146 42.0
95 107 43.0
95 18 44.0
95 8 45.0
95 9 46.0
95 10 47.0
95 21 48.0
95 22 49.0
95 23 50.0
95 24 51.0
95 25 52.0
95 33 53.0
95 69 54.0
95 71 55.0
95 73 56.0
95 75 57.0
95 77 58.0
95 31 59.0
95 94 60.0
95 147 61.0
96 144 44.0
96 68 45.0
96 67 46.0
96 66 47.0
96 65 48.0
96 49 49.0
96 50 50.0
96 64 51.0
96 51 52.0
96 101 53.0
96 151 54.0
98 146 40.0
98 107 41.0
98 18 42.0
98 8 43.0
98 9 44.0
98 10 45.0
98 21 46.0
98 22 47.0
98 23 48.0
98 24 49.0
98 25 50.0
98 33 51.0
98 69 52.0
98 71 53.0
98 73 54.0
98 75 55.0
98 77 56.0
98 31 57.0
98 32 58.0
98 79 59.0
98 34 60.0
98 96 61.0
98 149 62.0
99 138 40.0
99 136 41.0
99 105 42.0
99 104 43.0
99 134 44.0
99 133 45.0
99 156 45.4285714285716
99 132 46.0
99 131 47.0
99 130 48.0
99 129 49.0
99 128 50.0
99 9 51.0
99 19 52.0
99 108 53.0
99 145 54.0
100 156 17
100 116 17.86896607575689
100 155 21.924141095955633
100 121 23.951728606055084
;
param t_hat_lat:=
3 140 1.0
3 93 2.0
3 92 3.0
3 91 4.0
3 90 5.0
3 89 6.0
3 88 7.0
3 87 8.0
3 41 9.0
3 40 10.0
3 80 11.0
3 38 12.0
3 43 13.0
3 44 14.0
3 51 15.0
3 101 16.0
3 151 17.0
5 140 3.0
5 93 4.0
5 92 5.0
5 91 6.0
5 90 7.0
5 89 8.0
5 88 9.0
5 87 10.0
5 41 11.0
5 42 12.0
5 48 13.0
5 61 14.0
5 62 15.0
5 63 16.0
5 54 17.0
5 143 18.0
7 142 8.0
7 59 9.0
7 57 10.0
7 55 11.0
7 106 12.0
7 1 13.0
7 121 14.0
7 122 15.0
7 123 16.0
7 124 17.0
7 125 18.0
7 126 19.0
7 127 20.0
7 103 21.0
7 135 22.0
7 137 23.0
8 144 9.0
8 68 10.0
8 67 11.0
8 66 12.0
8 65 13.0
8 49 14.0
8 50 15.0
8 47 16.0
8 53 17.0
8 40 18.0
8 34 19.0
8 35 20.0
8 81 21.0
8 82 22.0
8 83 23.0
8 84 24.0
8 85 25.0
8 86 26.0
8 139 27.0
9 152 9.0
9 100 10.0
9 52 11.0
9 45 12.0
9 37 13.0
9 36 14.0
9 78 15.0
9 76 16.0
9 74 17.0
9 72 18.0
9 70 19.0
9 39 20.0
9 30 21.0
9 29 22.0
9 28 23.0
9 27 24.0
9 26 25.0
9 20 26.0
9 19 27.0
9 108 28.0
9 145 29.0
12 144 6.0
12 68 7.0
12 67 8.0
12 66 9.0
12 65 10.0
12 49 11.0
12 50 12.0
12 47 13.0
12 53 14.0
12 40 15.0
12 34 16.0
12 96 17.0
12 149 18.0
14 146 5.0
14 107 6.0
14 18 7.0
14 8 8.0
14 117 9.0
14 118 10.0
14 119 11.0
14 120 12.0
14 116 13.0
14 115 14.0
14 102 15.0
14 103 16.0
14 135 17.0
14 137 18.0
15 146 8.0
15 107 9.0
15 18 10.0
15 8 11.0
15 117 12.0
15 118 13.0
15 119 14.0
15 120 15.0
15 116 16.0
15 115 17.0
15 102 18.0
15 103 19.0
15 135 20.0
15 137 21.0
17 138 3.0
17 136 4.0
17 105 5.0
17 104 6.0
17 134 7.0
17 133 8.0
17 156 8.428571428571601
17 132 9.0
17 131 10.0
17 130 11.0
17 129 12.0
17 128 13.0
17 9 14.0
17 19 15.0
17 108 16.0
17 145 17.0
20 146 13.0
20 107 14.0
20 18 15.0
20 8 16.0
20 9 17.0
20 10 18.0
20 21 19.0
20 22 20.0
20 23 21.0
20 24 22.0
20 25 23.0
20 33 24.0
20 69 25.0
20 71 26.0
20 73 27.0
20 75 28.0
20 77 29.0
20 31 30.0
20 94 31.0
20 147 32.0
21 146 11.0
21 107 12.0
21 18 13.0
21 17 14.0
21 16 15.0
21 15 16.0
21 14 17.0
21 13 18.0
21 12 19.0
21 11 20.0
21 56 21.0
21 58 22.0
21 60 23.0
21 141 24.0
22 154 19.0
22 98 20.0
22 50 21.0
22 64 22.0
22 51 23.0
22 52 24.0
22 45 25.0
22 37 26.0
22 36 27.0
22 31 28.0
22 94 29.0
22 147 30.0
23 152 14.0
23 100 15.0
23 52 16.0
23 45 17.0
23 44 18.0
23 46 19.0
23 47 20.0
23 48 21.0
23 49 22.0
23 99 23.0
23 153 24.0
24 152 18.0
24 100 19.0
24 52 20.0
24 45 21.0
24 44 22.0
24 46 23.0
24 47 24.0
24 48 25.0
24 49 26.0
24 99 27.0
24 153 28.0
25 154 17.0
25 98 18.0
25 50 19.0
25 64 20.0
25 51 21.0
25 52 22.0
25 45 23.0
25 37 24.0
25 36 25.0
25 31 26.0
25 94 27.0
25 147 28.0
26 144 11.0
26 68 12.0
26 67 13.0
26 66 14.0
26 65 15.0
26 49 16.0
26 99 17.0
26 153 18.0
27 144 15.0
27 68 16.0
27 67 17.0
27 66 18.0
27 65 19.0
27 49 20.0
27 99 21.0
27 153 22.0
28 146 19.0
28 107 20.0
28 18 21.0
28 8 22.0
28 9 23.0
28 10 24.0
28 21 25.0
28 22 26.0
28 23 27.0
28 24 28.0
28 25 29.0
28 33 30.0
28 69 31.0
28 71 32.0
28 73 33.0
28 75 34.0
28 77 35.0
28 31 36.0
28 94 37.0
28 147 38.0
29 154 15.0
29 98 16.0
29 50 17.0
29 47 18.0
29 48 19.0
29 61 20.0
29 62 21.0
29 63 22.0
29 54 23.0
29 143 24.0
30 140 11.0
30 93 12.0
30 92 13.0
30 91 14.0
30 90 15.0
30 89 16.0
30 88 17.0
30 87 18.0
30 41 19.0
30 40 20.0
30 80 21.0
30 38 22.0
30 43 23.0
30 44 24.0
30 51 25.0
30 101 26.0
30 151 27.0
31 140 19.0
31 93 20.0
31 92 21.0
31 91 22.0
31 90 23.0
31 89 24.0
31 88 25.0
31 87 26.0
31 41 27.0
31 42 28.0
31 48 29.0
31 49 30.0
31 99 31.0
31 153 32.0
32 146 15.0
32 107 16.0
32 18 17.0
32 8 18.0
32 117 19.0
32 118 20.0
32 119 21.0
32 120 22.0
32 116 23.0
32 115 24.0
32 102 25.0
32 103 26.0
32 135 27.0
32 137 28.0
33 140 13.0
33 93 14.0
33 92 15.0
33 91 16.0
33 90 17.0
33 89 18.0
33 88 19.0
33 87 20.0
33 41 21.0
33 42 22.0
33 48 23.0
33 61 24.0
33 62 25.0
33 63 26.0
33 54 27.0
33 143 28.0
34 140 17.0
34 93 18.0
34 92 19.0
34 91 20.0
34 90 21.0
34 89 22.0
34 88 23.0
34 87 24.0
34 41 25.0
34 42 26.0
34 48 27.0
34 61 28.0
34 62 29.0
34 63 30.0
34 54 31.0
34 143 32.0
35 146 17.0
35 107 18.0
35 18 19.0
35 8 20.0
35 9 21.0
35 10 22.0
35 21 23.0
35 22 24.0
35 23 25.0
35 24 26.0
35 25 27.0
35 33 28.0
35 69 29.0
35 71 30.0
35 73 31.0
35 75 32.0
35 77 33.0
35 31 34.0
35 32 35.0
35 79 36.0
35 34 37.0
35 96 38.0
35 149 39.0
36 144 19.0
36 68 20.0
36 67 21.0
36 66 22.0
36 65 23.0
36 49 24.0
36 50 25.0
36 47 26.0
36 53 27.0
36 40 28.0
36 34 29.0
36 96 30.0
36 149 31.0
37 144 13.0
37 68 14.0
37 67 15.0
37 66 16.0
37 65 17.0
37 49 18.0
37 99 19.0
37 153 20.0
38 140 15.0
38 93 16.0
38 92 17.0
38 91 18.0
38 90 19.0
38 89 20.0
38 88 21.0
38 87 22.0
38 41 23.0
38 40 24.0
38 34 25.0
38 96 26.0
38 149 27.0
39 142 11.0
39 59 12.0
39 57 13.0
39 55 14.0
39 106 15.0
39 1 16.0
39 121 17.0
39 122 18.0
39 123 19.0
39 124 20.0
39 125 21.0
39 126 22.0
39 127 23.0
39 103 24.0
39 135 25.0
39 137 26.0
40 154 29.0
40 98 30.0
40 50 31.0
40 64 32.0
40 51 33.0
40 52 34.0
40 45 35.0
40 37 36.0
40 36 37.0
40 31 38.0
40 94 39.0
40 147 40.0
41 146 23.0
41 107 24.0
41 18 25.0
41 17 26.0
41 16 27.0
41 15 28.0
41 14 29.0
41 13 30.0
41 12 31.0
41 11 32.0
41 56 33.0
41 58 34.0
41 60 35.0
41 141 36.0
42 154 27.0
42 98 28.0
42 50 29.0
42 47 30.0
42 48 31.0
42 61 32.0
42 62 33.0
42 63 34.0
42 54 35.0
42 143 36.0
43 146 21.0
43 107 22.0
43 18 23.0
43 17 24.0
43 16 25.0
43 15 26.0
43 14 27.0
43 13 28.0
43 12 29.0
43 11 30.0
43 56 31.0
43 58 32.0
43 60 33.0
43 141 34.0
44 148 29.0
44 95 30.0
44 32 31.0
44 38 32.0
44 36 33.0
44 78 34.0
44 76 35.0
44 74 36.0
44 72 37.0
44 70 38.0
44 39 39.0
44 30 40.0
44 29 41.0
44 28 42.0
44 27 43.0
44 26 44.0
44 20 45.0
44 19 46.0
44 108 47.0
44 145 48.0
45 148 21.0
45 95 22.0
45 32 23.0
45 38 24.0
45 43 25.0
45 44 26.0
45 51 27.0
45 101 28.0
45 151 29.0
46 142 23.0
46 59 24.0
46 57 25.0
46 55 26.0
46 106 27.0
46 1 28.0
46 121 29.0
46 122 30.0
46 123 31.0
46 124 32.0
46 125 33.0
46 126 34.0
46 127 35.0
46 103 36.0
46 135 37.0
46 137 38.0
47 140 29.0
47 93 30.0
47 92 31.0
47 91 32.0
47 90 33.0
47 89 34.0
47 88 35.0
47 87 36.0
47 41 37.0
47 42 38.0
47 48 39.0
47 49 40.0
47 99 41.0
47 153 42.0
48 148 27.0
48 95 28.0
48 32 29.0
48 38 30.0
48 43 31.0
48 44 32.0
48 46 33.0
48 47 34.0
48 48 35.0
48 49 36.0
48 99 37.0
48 153 38.0
49 152 38.0
49 100 39.0
49 52 40.0
49 45 41.0
49 44 42.0
49 46 43.0
49 47 44.0
49 53 45.0
49 40 46.0
49 34 47.0
49 35 48.0
49 81 49.0
49 82 50.0
49 83 51.0
49 84 52.0
49 85 53.0
49 86 54.0
49 139 55.0
50 152 26.0
50 100 27.0
50 52 28.0
50 45 29.0
50 37 30.0
50 36 31.0
50 31 32.0
50 94 33.0
50 147 34.0
51 146 25.0
51 107 26.0
51 18 27.0
51 8 28.0
51 9 29.0
51 10 30.0
51 21 31.0
51 22 32.0
51 23 33.0
51 24 34.0
51 25 35.0
51 33 36.0
51 69 37.0
51 71 38.0
51 73 39.0
51 75 40.0
51 77 41.0
51 31 42.0
51 32 43.0
51 38 44.0
51 43 45.0
51 44 46.0
51 51 47.0
51 101 48.0
51 151 49.0
52 144 29.0
52 68 30.0
52 67 31.0
52 66 32.0
52 65 33.0
52 49 34.0
52 50 35.0
52 47 36.0
52 53 37.0
52 40 38.0
52 34 39.0
52 96 40.0
52 149 41.0
53 138 23.0
53 136 24.0
53 105 25.0
53 104 26.0
53 102 27.0
53 114 28.0
53 113 29.0
53 112 30.0
53 111 31.0
53 155 31.66666666666653
53 110 32.0
53 109 33.0
53 2 34.0
53 11 35.0
53 56 36.0
53 58 37.0
53 60 38.0
53 141 39.0
54 144 23.0
54 68 24.0
54 67 25.0
54 66 26.0
54 65 27.0
54 49 28.0
54 99 29.0
54 153 30.0
55 148 25.0
55 95 26.0
55 32 27.0
55 38 28.0
55 43 29.0
55 44 30.0
55 46 31.0
55 47 32.0
55 48 33.0
55 61 34.0
55 62 35.0
55 63 36.0
55 54 37.0
55 143 38.0
56 152 24.0
56 100 25.0
56 52 26.0
56 45 27.0
56 37 28.0
56 36 29.0
56 78 30.0
56 76 31.0
56 74 32.0
56 72 33.0
56 70 34.0
56 39 35.0
56 30 36.0
56 29 37.0
56 28 38.0
56 27 39.0
56 26 40.0
56 20 41.0
56 19 42.0
56 108 43.0
56 145 44.0
57 142 21.0
57 59 22.0
57 57 23.0
57 55 24.0
57 106 25.0
57 1 26.0
57 121 27.0
57 122 28.0
57 123 29.0
57 124 30.0
57 125 31.0
57 126 32.0
57 127 33.0
57 103 34.0
57 135 35.0
57 137 36.0
58 154 25.0
58 98 26.0
58 50 27.0
58 47 28.0
58 53 29.0
58 40 30.0
58 34 31.0
58 96 32.0
58 149 33.0
59 140 27.0
59 93 28.0
59 92 29.0
59 91 30.0
59 90 31.0
59 89 32.0
59 88 33.0
59 87 34.0
59 41 35.0
59 42 36.0
59 48 37.0
59 61 38.0
59 62 39.0
59 63 40.0
59 54 41.0
59 143 42.0
60 148 45.0
60 95 46.0
60 32 47.0
60 38 48.0
60 43 49.0
60 44 50.0
60 46 51.0
60 47 52.0
60 48 53.0
60 61 54.0
60 62 55.0
60 63 56.0
60 54 57.0
60 143 58.0
61 150 33.0
61 97 34.0
61 35 35.0
61 81 36.0
61 82 37.0
61 83 38.0
61 84 39.0
61 85 40.0
61 86 41.0
61 139 42.0
62 142 33.0
62 59 34.0
62 57 35.0
62 55 36.0
62 106 37.0
62 1 38.0
62 121 39.0
62 122 40.0
62 123 41.0
62 124 42.0
62 125 43.0
62 126 44.0
62 127 45.0
62 103 46.0
62 135 47.0
62 137 48.0
63 154 35.0
63 98 36.0
63 50 37.0
63 47 38.0
63 53 39.0
63 40 40.0
63 34 41.0
63 96 42.0
63 149 43.0
64 146 31.0
64 107 32.0
64 18 33.0
64 8 34.0
64 9 35.0
64 10 36.0
64 21 37.0
64 22 38.0
64 23 39.0
64 24 40.0
64 25 41.0
64 33 42.0
64 69 43.0
64 71 44.0
64 73 45.0
64 75 46.0
64 77 47.0
64 31 48.0
64 32 49.0
64 79 50.0
64 34 51.0
64 96 52.0
64 149 53.0
66 144 41.0
66 68 42.0
66 67 43.0
66 66 44.0
66 65 45.0
66 49 46.0
66 50 47.0
66 47 48.0
66 53 49.0
66 40 50.0
66 80 51.0
66 38 52.0
66 36 53.0
66 31 54.0
66 94 55.0
66 147 56.0
67 144 37.0
67 68 38.0
67 67 39.0
67 66 40.0
67 65 41.0
67 49 42.0
67 50 43.0
67 64 44.0
67 51 45.0
67 101 46.0
67 151 47.0
68 140 39.0
68 93 40.0
68 92 41.0
68 91 42.0
68 90 43.0
68 89 44.0
68 88 45.0
68 87 46.0
68 41 47.0
68 40 48.0
68 34 49.0
68 96 50.0
68 149 51.0
69 138 31.0
69 136 32.0
69 105 33.0
69 104 34.0
69 102 35.0
69 114 36.0
69 113 37.0
69 112 38.0
69 111 39.0
69 155 39.66666666666653
69 110 40.0
69 109 41.0
69 2 42.0
69 11 43.0
69 56 44.0
69 58 45.0
69 60 46.0
69 141 47.0
70 148 39.0
70 95 40.0
70 32 41.0
70 38 42.0
70 43 43.0
70 44 44.0
70 46 45.0
70 47 46.0
70 48 47.0
70 49 48.0
70 99 49.0
70 153 50.0
71 154 39.0
71 98 40.0
71 50 41.0
71 47 42.0
71 53 43.0
71 40 44.0
71 34 45.0
71 96 46.0
71 149 47.0
72 146 33.0
72 107 34.0
72 18 35.0
72 8 36.0
72 9 37.0
72 10 38.0
72 21 39.0
72 22 40.0
72 23 41.0
72 24 42.0
72 25 43.0
72 33 44.0
72 69 45.0
72 71 46.0
72 73 47.0
72 75 48.0
72 77 49.0
72 31 50.0
72 94 51.0
72 147 52.0
73 154 47.0
73 98 48.0
73 50 49.0
73 47 50.0
73 53 51.0
73 40 52.0
73 34 53.0
73 96 54.0
73 149 55.0
74 152 34.0
74 100 35.0
74 52 36.0
74 45 37.0
74 44 38.0
74 46 39.0
74 47 40.0
74 48 41.0
74 61 42.0
74 62 43.0
74 63 44.0
74 54 45.0
74 143 46.0
75 142 31.0
75 59 32.0
75 57 33.0
75 55 34.0
75 106 35.0
75 1 36.0
75 121 37.0
75 122 38.0
75 123 39.0
75 124 40.0
75 125 41.0
75 126 42.0
75 127 43.0
75 103 44.0
75 135 45.0
75 137 46.0
76 152 48.0
76 100 49.0
76 52 50.0
76 45 51.0
76 44 52.0
76 46 53.0
76 47 54.0
76 48 55.0
76 61 56.0
76 62 57.0
76 63 58.0
76 54 59.0
76 143 60.0
77 150 31.0
77 97 32.0
77 35 33.0
77 81 34.0
77 82 35.0
77 83 36.0
77 84 37.0
77 85 38.0
77 86 39.0
77 139 40.0
78 144 49.0
78 68 50.0
78 67 51.0
78 66 52.0
78 65 53.0
78 49 54.0
78 50 55.0
78 47 56.0
78 53 57.0
78 40 58.0
78 34 59.0
78 96 60.0
78 149 61.0
79 146 35.0
79 107 36.0
79 18 37.0
79 8 38.0
79 9 39.0
79 10 40.0
79 21 41.0
79 22 42.0
79 23 43.0
79 24 44.0
79 25 45.0
79 33 46.0
79 69 47.0
79 71 48.0
79 73 49.0
79 75 50.0
79 77 51.0
79 31 52.0
79 32 53.0
79 38 54.0
79 43 55.0
79 44 56.0
79 51 57.0
79 101 58.0
79 151 59.0
80 148 43.0
80 95 44.0
80 32 45.0
80 38 46.0
80 43 47.0
80 44 48.0
80 51 49.0
80 101 50.0
80 151 51.0
82 140 49.0
82 93 50.0
82 92 51.0
82 91 52.0
82 90 53.0
82 89 54.0
82 88 55.0
82 87 56.0
82 41 57.0
82 42 58.0
82 48 59.0
82 49 60.0
82 99 61.0
82 153 62.0
83 140 41.0
83 93 42.0
83 92 43.0
83 91 44.0
83 90 45.0
83 89 46.0
83 88 47.0
83 87 48.0
83 41 49.0
83 42 50.0
83 48 51.0
83 61 52.0
83 62 53.0
83 63 54.0
83 54 55.0
83 143 56.0
84 138 43.0
84 136 44.0
84 105 45.0
84 104 46.0
84 102 47.0
84 114 48.0
84 113 49.0
84 112 50.0
84 111 51.0
84 155 51.66666666666653
84 110 52.0
84 109 53.0
84 2 54.0
84 11 55.0
84 56 56.0
84 58 57.0
84 60 58.0
84 141 59.0
85 144 47.0
85 68 48.0
85 67 49.0
85 66 50.0
85 65 51.0
85 49 52.0
85 99 53.0
85 153 54.0
87 142 41.0
87 59 42.0
87 57 43.0
87 55 44.0
87 106 45.0
87 1 46.0
87 121 47.0
87 122 48.0
87 123 49.0
87 124 50.0
87 125 51.0
87 126 52.0
87 127 53.0
87 103 54.0
87 135 55.0
87 137 56.0
88 142 43.0
88 59 44.0
88 57 45.0
88 55 46.0
88 106 47.0
88 1 48.0
88 121 49.0
88 122 50.0
88 123 51.0
88 124 52.0
88 125 53.0
88 126 54.0
88 127 55.0
88 103 56.0
88 135 57.0
88 137 58.0
89 150 43.0
89 97 44.0
89 35 45.0
89 81 46.0
89 82 47.0
89 83 48.0
89 84 49.0
89 85 50.0
89 86 51.0
89 139 52.0
92 140 45.0
92 93 46.0
92 92 47.0
92 91 48.0
92 90 49.0
92 89 50.0
92 88 51.0
92 87 52.0
92 41 53.0
92 40 54.0
92 34 55.0
92 96 56.0
92 149 57.0
93 140 47.0
93 93 48.0
93 92 49.0
93 91 50.0
93 90 51.0
93 89 52.0
93 88 53.0
93 87 54.0
93 41 55.0
93 40 56.0
93 34 57.0
93 96 58.0
93 149 59.0
94 150 41.0
94 97 42.0
94 35 43.0
94 81 44.0
94 82 45.0
94 83 46.0
94 84 47.0
94 85 48.0
94 86 49.0
94 139 50.0
95 146 43.0
95 107 44.0
95 18 45.0
95 8 46.0
95 9 47.0
95 10 48.0
95 21 49.0
95 22 50.0
95 23 51.0
95 24 52.0
95 25 53.0
95 33 54.0
95 69 55.0
95 71 56.0
95 73 57.0
95 75 58.0
95 77 59.0
95 31 60.0
95 94 61.0
95 147 62.0
96 144 45.0
96 68 46.0
96 67 47.0
96 66 48.0
96 65 49.0
96 49 50.0
96 50 51.0
96 64 52.0
96 51 53.0
96 101 54.0
96 151 55.0
98 146 41.0
98 107 42.0
98 18 43.0
98 8 44.0
98 9 45.0
98 10 46.0
98 21 47.0
98 22 48.0
98 23 49.0
98 24 50.0
98 25 51.0
98 33 52.0
98 69 53.0
98 71 54.0
98 73 55.0
98 75 56.0
98 77 57.0
98 31 58.0
98 32 59.0
98 79 60.0
98 34 61.0
98 96 62.0
98 149 63.0
99 138 41.0
99 136 42.0
99 105 43.0
99 104 44.0
99 134 45.0
99 133 46.0
99 156 46.4285714285716
99 132 47.0
99 131 48.0
99 130 49.0
99 129 50.0
99 128 51.0
99 9 52.0
99 19 53.0
99 108 54.0
99 145 55.0
100 156 18
100 116 18.86896607575689
100 155 22.924141095955633
100 121 24.951728606055084
;
set fixedFlights :=
3 41 40
3 38 43
3 43 44
3 44 51
3 40 80
3 80 38
3 101 151
3 51 101
3 93 92
3 92 91
3 91 90
3 90 89
3 89 88
3 88 87
3 87 41
3 140 93
5 41 42
5 42 48
5 54 143
5 48 61
5 61 62
5 62 63
5 63 54
5 93 92
5 92 91
5 91 90
5 90 89
5 89 88
5 88 87
5 87 41
5 140 93
7 57 55
7 59 57
7 142 59
7 55 106
7 106 1
7 1 121
7 121 122
7 122 123
7 123 124
7 124 125
7 125 126
7 126 127
7 127 103
7 103 135
7 135 137
8 34 35
8 49 50
8 50 47
8 47 53
8 53 40
8 40 34
8 66 65
8 67 66
8 68 67
8 144 68
8 65 49
8 35 81
8 81 82
8 82 83
8 83 84
8 84 85
8 85 86
8 86 139
9 20 19
9 26 20
9 27 26
9 28 27
9 29 28
9 30 29
9 37 36
9 45 37
9 52 45
9 36 78
9 78 76
9 76 74
9 74 72
9 72 70
9 70 39
9 39 30
9 152 100
9 100 52
9 108 145
9 19 108
12 49 50
12 50 47
12 47 53
12 53 40
12 40 34
12 66 65
12 67 66
12 68 67
12 144 68
12 65 49
12 96 149
12 34 96
14 146 107
14 107 18
14 18 8
14 115 102
14 102 103
14 116 115
14 8 117
14 117 118
14 118 119
14 119 120
14 120 116
14 103 135
14 135 137
15 146 107
15 107 18
15 18 8
15 115 102
15 102 103
15 116 115
15 8 117
15 117 118
15 118 119
15 119 120
15 120 116
15 103 135
15 135 137
17 108 145
17 9 19
17 19 108
17 105 104
17 104 134
17 134 133
17 132 131
17 131 130
17 130 129
17 129 128
17 128 9
17 138 136
17 136 105
17 133 156
17 156 132
20 9 10
20 8 9
20 10 21
20 21 22
20 22 23
20 23 24
20 24 25
20 25 33
20 33 69
20 69 71
20 71 73
20 73 75
20 75 77
20 77 31
20 94 147
20 31 94
20 146 107
20 107 18
20 18 8
21 12 11
21 13 12
21 14 13
21 15 14
21 16 15
21 17 16
21 18 17
21 56 58
21 58 60
21 60 141
21 146 107
21 11 56
21 107 18
22 36 31
22 37 36
22 45 37
22 51 52
22 52 45
22 64 51
22 50 64
22 94 147
22 154 98
22 31 94
22 98 50
23 45 44
23 44 46
23 46 47
23 47 48
23 52 45
23 48 49
23 152 100
23 99 153
23 100 52
23 49 99
24 45 44
24 44 46
24 46 47
24 47 48
24 52 45
24 48 49
24 152 100
24 99 153
24 100 52
24 49 99
25 36 31
25 37 36
25 45 37
25 51 52
25 52 45
25 64 51
25 50 64
25 94 147
25 154 98
25 31 94
25 98 50
26 66 65
26 67 66
26 68 67
26 144 68
26 65 49
26 99 153
26 49 99
27 66 65
27 67 66
27 68 67
27 144 68
27 65 49
27 99 153
27 49 99
28 9 10
28 8 9
28 10 21
28 21 22
28 22 23
28 23 24
28 24 25
28 25 33
28 33 69
28 69 71
28 71 73
28 73 75
28 75 77
28 77 31
28 94 147
28 31 94
28 146 107
28 107 18
28 18 8
29 47 48
29 50 47
29 54 143
29 48 61
29 61 62
29 62 63
29 63 54
29 154 98
29 98 50
30 41 40
30 38 43
30 43 44
30 44 51
30 40 80
30 80 38
30 101 151
30 51 101
30 93 92
30 92 91
30 91 90
30 90 89
30 89 88
30 88 87
30 87 41
30 140 93
31 41 42
31 42 48
31 48 49
31 99 153
31 49 99
31 93 92
31 92 91
31 91 90
31 90 89
31 89 88
31 88 87
31 87 41
31 140 93
32 146 107
32 107 18
32 18 8
32 115 102
32 102 103
32 116 115
32 8 117
32 117 118
32 118 119
32 119 120
32 120 116
32 103 135
32 135 137
33 41 42
33 42 48
33 54 143
33 48 61
33 61 62
33 62 63
33 63 54
33 93 92
33 92 91
33 91 90
33 90 89
33 89 88
33 88 87
33 87 41
33 140 93
34 41 42
34 42 48
34 54 143
34 48 61
34 61 62
34 62 63
34 63 54
34 93 92
34 92 91
34 91 90
34 90 89
34 89 88
34 88 87
34 87 41
34 140 93
35 9 10
35 8 9
35 10 21
35 21 22
35 22 23
35 23 24
35 24 25
35 32 38
35 38 43
35 43 44
35 31 32
35 44 46
35 46 47
35 47 53
35 53 40
35 40 34
35 25 33
35 33 69
35 69 71
35 71 73
35 73 75
35 75 77
35 77 31
35 96 149
35 34 96
35 146 107
35 107 18
35 18 8
36 49 50
36 50 47
36 47 53
36 53 40
36 40 34
36 66 65
36 67 66
36 68 67
36 144 68
36 65 49
36 96 149
36 34 96
37 66 65
37 67 66
37 68 67
37 144 68
37 65 49
37 99 153
37 49 99
38 41 40
38 40 34
38 96 149
38 34 96
38 93 92
38 92 91
38 91 90
38 90 89
38 89 88
38 88 87
38 87 41
38 140 93
39 57 55
39 59 57
39 142 59
39 55 106
39 106 1
39 1 121
39 121 122
39 122 123
39 123 124
39 124 125
39 125 126
39 126 127
39 127 103
39 103 135
39 135 137
40 36 31
40 37 36
40 45 37
40 51 52
40 52 45
40 64 51
40 50 64
40 94 147
40 154 98
40 31 94
40 98 50
41 12 11
41 13 12
41 14 13
41 15 14
41 16 15
41 17 16
41 18 17
41 56 58
41 58 60
41 60 141
41 146 107
41 11 56
41 107 18
42 47 48
42 50 47
42 54 143
42 48 61
42 61 62
42 62 63
42 63 54
42 154 98
42 98 50
43 12 11
43 13 12
43 14 13
43 15 14
43 16 15
43 17 16
43 18 17
43 56 58
43 58 60
43 60 141
43 146 107
43 11 56
43 107 18
44 20 19
44 26 20
44 27 26
44 28 27
44 29 28
44 30 29
44 32 38
44 38 36
44 36 78
44 78 76
44 76 74
44 74 72
44 72 70
44 70 39
44 39 30
44 148 95
44 95 32
44 108 145
44 19 108
45 32 38
45 38 43
45 43 44
45 44 51
45 148 95
45 101 151
45 95 32
45 51 101
46 57 55
46 59 57
46 142 59
46 55 106
46 106 1
46 1 121
46 121 122
46 122 123
46 123 124
46 124 125
46 125 126
46 126 127
46 127 103
46 103 135
46 135 137
47 41 42
47 42 48
47 48 49
47 99 153
47 49 99
47 93 92
47 92 91
47 91 90
47 90 89
47 89 88
47 88 87
47 87 41
47 140 93
48 32 38
48 38 43
48 43 44
48 44 46
48 46 47
48 47 48
48 48 49
48 148 95
48 99 153
48 95 32
48 49 99
49 34 35
49 36 31
49 37 36
49 32 38
49 38 43
49 43 44
49 45 37
49 31 32
49 44 46
49 46 47
49 52 45
49 47 53
49 53 40
49 40 34
49 152 100
49 100 52
49 35 81
49 81 82
49 82 83
49 83 84
49 84 85
49 85 86
49 86 139
50 36 31
50 37 36
50 45 37
50 52 45
50 94 147
50 152 100
50 31 94
50 100 52
51 9 10
51 8 9
51 10 21
51 21 22
51 22 23
51 23 24
51 24 25
51 32 38
51 38 43
51 43 44
51 31 32
51 44 51
51 25 33
51 33 69
51 69 71
51 71 73
51 73 75
51 75 77
51 77 31
51 101 151
51 51 101
51 146 107
51 107 18
51 18 8
52 49 50
52 50 47
52 47 53
52 53 40
52 40 34
52 66 65
52 67 66
52 68 67
52 144 68
52 65 49
52 96 149
52 34 96
53 12 11
53 13 12
53 14 13
53 15 14
53 16 15
53 17 16
53 18 17
53 19 18
53 56 58
53 58 60
53 60 141
53 11 56
53 9 19
53 105 104
53 104 134
53 134 133
53 132 131
53 131 130
53 130 129
53 129 128
53 128 9
53 138 136
53 136 105
53 133 156
53 156 132
54 66 65
54 67 66
54 68 67
54 144 68
54 65 49
54 99 153
54 49 99
55 34 35
55 35 41
55 41 42
55 42 48
55 54 143
55 48 61
55 61 62
55 62 63
55 63 54
55 32 79
55 79 34
55 148 95
55 95 32
56 20 19
56 26 20
56 27 26
56 28 27
56 29 28
56 30 29
56 37 36
56 45 37
56 52 45
56 36 78
56 78 76
56 76 74
56 74 72
56 72 70
56 70 39
56 39 30
56 152 100
56 100 52
56 108 145
56 19 108
57 57 55
57 59 57
57 142 59
57 55 106
57 106 1
57 1 121
57 121 122
57 122 123
57 123 124
57 124 125
57 125 126
57 126 127
57 127 103
57 103 135
57 135 137
58 50 47
58 47 53
58 53 40
58 40 34
58 154 98
58 96 149
58 34 96
58 98 50
59 41 42
59 42 48
59 54 143
59 48 61
59 61 62
59 62 63
59 63 54
59 93 92
59 92 91
59 91 90
59 90 89
59 89 88
59 88 87
59 87 41
59 140 93
60 32 38
60 38 43
60 43 44
60 44 46
60 46 47
60 47 48
60 54 143
60 48 61
60 61 62
60 62 63
60 63 54
60 148 95
60 95 32
61 150 97
61 97 35
61 35 81
61 81 82
61 82 83
61 83 84
61 84 85
61 85 86
61 86 139
62 57 55
62 59 57
62 142 59
62 55 106
62 106 1
62 1 121
62 121 122
62 122 123
62 123 124
62 124 125
62 125 126
62 126 127
62 127 103
62 103 135
62 135 137
63 50 47
63 47 53
63 53 40
63 40 34
63 154 98
63 96 149
63 34 96
63 98 50
64 9 10
64 8 9
64 10 21
64 21 22
64 22 23
64 23 24
64 24 25
64 31 32
64 25 33
64 33 69
64 69 71
64 71 73
64 73 75
64 75 77
64 77 31
64 32 79
64 79 34
64 96 149
64 34 96
64 146 107
64 107 18
64 18 8
66 36 31
66 49 50
66 50 47
66 47 53
66 53 40
66 66 65
66 67 66
66 68 67
66 144 68
66 65 49
66 40 80
66 80 38
66 38 36
66 94 147
66 31 94
67 38 43
67 43 44
67 49 50
67 44 51
67 50 47
67 47 53
67 53 40
67 66 65
67 67 66
67 68 67
67 144 68
67 65 49
67 40 80
67 80 38
67 101 151
67 51 101
68 41 40
68 40 34
68 96 149
68 34 96
68 93 92
68 92 91
68 91 90
68 90 89
68 89 88
68 88 87
68 87 41
68 140 93
69 12 11
69 13 12
69 14 13
69 15 14
69 16 15
69 17 16
69 18 17
69 19 18
69 56 58
69 58 60
69 60 141
69 11 56
69 9 19
69 105 104
69 104 134
69 134 133
69 132 131
69 131 130
69 130 129
69 129 128
69 128 9
69 138 136
69 136 105
69 133 156
69 156 132
70 32 38
70 38 43
70 43 44
70 44 46
70 46 47
70 47 48
70 48 49
70 148 95
70 99 153
70 95 32
70 49 99
71 50 47
71 47 53
71 53 40
71 40 34
71 154 98
71 96 149
71 34 96
71 98 50
72 9 10
72 8 9
72 10 21
72 21 22
72 22 23
72 23 24
72 24 25
72 25 33
72 33 69
72 69 71
72 71 73
72 73 75
72 75 77
72 77 31
72 94 147
72 31 94
72 146 107
72 107 18
72 18 8
73 50 47
73 47 53
73 53 40
73 40 34
73 154 98
73 96 149
73 34 96
73 98 50
74 45 44
74 44 46
74 46 47
74 47 48
74 52 45
74 54 143
74 48 61
74 61 62
74 62 63
74 63 54
74 152 100
74 100 52
75 57 55
75 59 57
75 142 59
75 55 106
75 106 1
75 1 121
75 121 122
75 122 123
75 123 124
75 124 125
75 125 126
75 126 127
75 127 103
75 103 135
75 135 137
76 45 44
76 44 46
76 46 47
76 47 48
76 52 45
76 54 143
76 48 61
76 61 62
76 62 63
76 63 54
76 152 100
76 100 52
77 150 97
77 97 35
77 35 81
77 81 82
77 82 83
77 83 84
77 84 85
77 85 86
77 86 139
78 49 50
78 50 47
78 47 53
78 53 40
78 40 34
78 66 65
78 67 66
78 68 67
78 144 68
78 65 49
78 96 149
78 34 96
79 9 10
79 8 9
79 10 21
79 21 22
79 22 23
79 23 24
79 24 25
79 32 38
79 38 43
79 43 44
79 31 32
79 44 51
79 25 33
79 33 69
79 69 71
79 71 73
79 73 75
79 75 77
79 77 31
79 101 151
79 51 101
79 146 107
79 107 18
79 18 8
80 32 38
80 38 43
80 43 44
80 44 51
80 148 95
80 101 151
80 95 32
80 51 101
82 41 40
82 38 43
82 43 44
82 44 46
82 46 47
82 47 48
82 48 49
82 40 80
82 80 38
82 99 153
82 49 99
82 93 92
82 92 91
82 91 90
82 90 89
82 89 88
82 88 87
82 87 41
82 140 93
83 41 42
83 42 48
83 54 143
83 48 61
83 61 62
83 62 63
83 63 54
83 93 92
83 92 91
83 91 90
83 90 89
83 89 88
83 88 87
83 87 41
83 140 93
84 12 11
84 13 12
84 14 13
84 15 14
84 16 15
84 17 16
84 18 17
84 19 18
84 56 58
84 58 60
84 60 141
84 11 56
84 9 19
84 105 104
84 104 134
84 134 133
84 132 131
84 131 130
84 130 129
84 129 128
84 128 9
84 138 136
84 136 105
84 133 156
84 156 132
85 66 65
85 67 66
85 68 67
85 144 68
85 65 49
85 99 153
85 49 99
87 57 55
87 59 57
87 142 59
87 55 106
87 106 1
87 1 121
87 121 122
87 122 123
87 123 124
87 124 125
87 125 126
87 126 127
87 127 103
87 103 135
87 135 137
88 57 55
88 59 57
88 142 59
88 55 106
88 106 1
88 1 121
88 121 122
88 122 123
88 123 124
88 124 125
88 125 126
88 126 127
88 127 103
88 103 135
88 135 137
89 150 97
89 97 35
89 35 81
89 81 82
89 82 83
89 83 84
89 84 85
89 85 86
89 86 139
92 41 40
92 40 34
92 96 149
92 34 96
92 93 92
92 92 91
92 91 90
92 90 89
92 89 88
92 88 87
92 87 41
92 140 93
93 41 40
93 40 34
93 96 149
93 34 96
93 93 92
93 92 91
93 91 90
93 90 89
93 89 88
93 88 87
93 87 41
93 140 93
94 150 97
94 97 35
94 35 81
94 81 82
94 82 83
94 83 84
94 84 85
94 85 86
94 86 139
95 9 10
95 8 9
95 10 21
95 21 22
95 22 23
95 23 24
95 24 25
95 25 33
95 33 69
95 69 71
95 71 73
95 73 75
95 75 77
95 77 31
95 94 147
95 31 94
95 146 107
95 107 18
95 18 8
96 49 50
96 66 65
96 67 66
96 68 67
96 144 68
96 64 51
96 65 49
96 50 64
96 101 151
96 51 101
98 9 10
98 10 21
98 21 22
98 22 23
98 23 24
98 24 25
98 32 38
98 38 43
98 43 44
98 31 32
98 44 46
98 46 47
98 47 53
98 53 40
98 40 34
98 25 33
98 33 69
98 69 71
98 71 73
98 73 75
98 75 77
98 77 31
98 96 149
98 34 96
98 146 107
98 107 18
98 18 8
98 115 102
98 102 103
98 105 104
98 104 134
98 134 133
98 103 105
98 116 115
98 8 117
98 117 118
98 118 119
98 119 120
98 120 116
98 132 131
98 131 130
98 130 129
98 129 128
98 128 9
98 133 156
98 156 132
99 2 3
99 3 4
99 4 5
99 5 6
99 6 7
99 7 0
99 0 8
99 9 10
99 8 9
99 20 19
99 10 21
99 21 22
99 22 23
99 23 24
99 24 25
99 26 20
99 27 26
99 28 27
99 29 28
99 30 29
99 32 38
99 31 32
99 25 33
99 33 69
99 69 71
99 71 73
99 73 75
99 75 77
99 77 31
99 38 36
99 36 78
99 78 76
99 76 74
99 74 72
99 72 70
99 70 39
99 39 30
99 108 145
99 19 108
99 109 2
99 110 109
99 104 102
99 102 114
99 105 104
99 114 113
99 113 112
99 112 111
99 138 136
99 136 105
99 111 155
99 155 110
100 156 116
100 116 155
100 155 121
;
;
set inFlight:=
3
5
7
8
9
12
14
15
17
20
21
23
26
27
29
30
32
33
37
38
39
;
param tini := 16;
