param nn:= 159;
set F:=
0
2
3
4
5
6
7
8
9
10
11
12
13
14
15
16
17
18
19
20
21
22
23
24
25
26
27
28
29
30
31
32
33
34
35
36
37
38
39
40
41
42
43
44
45
46
47
48
49
50
51
52
53
54
55
56
57
58
59
60
61
62
63
64
65
66
67
68
69
70
71
72
73
74
75
76
77
78
79
80
81
82
83
86
87
88
89
91
92
93
94
96
97
98
99
;
set NC:=
99
;
param: E: d:=
2 3 2.500000
3 4 2.500000
4 5 2.500000
5 6 2.500000
6 7 2.500000
7 0 2.500000
0 8 2.500000
9 10 2.500000
8 9 2.500000
12 11 2.500000
13 12 2.500000
14 13 2.500000
15 14 2.500000
16 15 2.500000
17 16 2.500000
18 17 2.500000
19 18 2.500000
20 19 2.500000
10 21 2.500000
21 22 2.500000
22 23 2.500000
23 24 2.500000
24 25 2.500000
26 20 2.500000
27 26 2.500000
28 27 2.500000
29 28 2.500000
30 29 2.500000
34 35 2.500000
36 31 2.500000
37 36 2.500000
41 40 2.500000
35 41 2.500000
41 42 2.500000
32 38 2.500000
38 43 2.500000
43 44 2.500000
45 37 2.500000
31 32 2.500000
45 44 2.500000
44 46 2.500000
46 47 2.500000
47 48 2.500000
42 48 2.500000
49 50 2.500000
51 52 2.500000
52 45 2.500000
44 51 2.500000
48 49 2.500000
50 47 2.500000
47 53 2.500000
53 40 2.500000
40 34 2.500000
54 143 1.500000
57 55 2.500000
56 58 2.500000
59 57 2.500000
58 60 2.500000
60 141 1.500000
142 59 1.500000
48 61 2.500000
61 62 2.500000
62 63 2.500000
66 65 2.500000
67 66 2.500000
68 67 2.500000
144 68 1.500000
2 1 2.500000
64 51 2.500000
63 54 2.500000
65 49 2.500000
50 64 2.500000
25 33 2.500000
33 69 2.500000
69 71 2.500000
71 73 2.500000
73 75 2.500000
77 31 2.500000
40 80 2.500000
38 36 2.500000
36 78 2.500000
78 76 2.500000
76 74 2.500000
74 72 2.500000
72 70 2.500000
70 39 2.500000
39 30 2.500000
32 79 2.500000
79 34 2.500000
148 95 1.500000
94 147 1.500000
152 100 1.500000
101 151 1.500000
154 98 1.500000
99 153 1.500000
96 149 1.500000
150 97 1.500000
97 35 2.500000
95 32 2.500000
31 94 2.500000
34 96 2.500000
51 101 2.500000
100 52 2.500000
98 50 2.500000
49 99 2.500000
35 81 2.500000
81 82 2.500000
82 83 2.500000
83 84 2.500000
84 85 2.500000
85 86 2.500000
93 92 2.500000
92 91 2.500000
91 90 2.500000
90 89 2.500000
89 88 2.500000
88 87 2.500000
87 41 2.500000
86 139 1.500000
140 93 1.500000
108 145 1.500000
146 107 1.500000
11 56 2.500000
2 11 2.500000
107 18 2.500000
18 8 2.500000
9 19 2.500000
19 108 2.500000
55 106 2.500000
106 1 2.500000
1 121 2.500000
121 122 2.500000
109 2 2.500000
110 109 2.500000
102 114 2.500000
115 102 2.500000
102 103 2.500000
105 104 2.500000
104 134 2.500000
134 133 2.500000
103 105 2.500000
116 115 2.500000
8 117 2.500000
117 118 2.500000
118 119 2.500000
119 120 2.500000
120 116 2.500000
133 132 2.500000
132 131 2.500000
131 130 2.500000
130 129 2.500000
129 128 2.500000
128 9 2.500000
122 123 2.500000
123 124 2.500000
124 125 2.500000
125 126 2.500000
126 127 2.500000
114 113 2.500000
113 112 2.500000
112 111 2.500000
111 110 2.500000
103 135 2.500000
135 137 1.500000
138 136 1.500000
136 105 2.500000
80 155 2.423224
155 38 0.076776
75 156 1.385752
156 77 1.114277
127 157 1.886958
157 103 0.613042
104 158 1.556521
158 102 0.943479
157 158 0.874662
158 134 0.874662
134 156 16.229934
156 155 2.669806
155 62 5.352383
;
param s:=
0 154
2 138
3 146
4 138
5 138
6 152
7 152
8 144
9 138
10 138
11 144
12 152
13 142
14 152
15 146
16 144
17 148
18 146
19 146
20 154
21 148
22 148
23 144
24 152
25 150
26 154
27 138
28 152
29 150
30 142
31 140
32 148
33 154
34 150
35 152
36 144
37 140
38 154
39 150
40 146
41 152
42 140
43 150
44 142
45 144
46 150
47 146
48 146
49 150
50 152
51 154
52 148
53 146
54 138
55 148
56 144
57 154
58 144
59 138
60 138
61 138
62 146
63 140
64 148
65 146
66 142
67 154
68 150
69 140
70 140
71 140
72 152
73 148
74 154
75 148
76 150
77 142
78 146
79 142
80 152
81 146
82 146
83 142
86 146
87 144
88 152
89 138
91 148
92 142
93 140
94 138
96 152
97 150
98 138
99 157
;
param e:=
0 139
2 141
3 149
4 145
5 141
6 139
7 147
8 149
9 141
10 145
11 139
12 149
13 137
14 149
15 149
16 149
17 139
18 147
19 149
20 139
21 143
22 151
23 139
24 147
25 153
26 143
27 141
28 143
29 153
30 137
31 147
32 139
33 147
34 153
35 149
36 153
37 153
38 145
39 139
40 149
41 145
42 147
43 153
44 137
45 139
46 147
47 149
48 137
49 139
50 149
51 143
52 139
53 151
54 145
55 151
56 147
57 147
58 139
59 141
60 141
61 145
62 137
63 143
64 143
65 137
66 137
67 147
68 147
69 149
70 151
71 147
72 149
73 151
74 147
75 151
76 145
77 137
78 151
79 137
80 139
81 151
82 149
83 137
86 151
87 151
88 153
89 141
91 139
92 137
93 143
94 141
96 143
97 139
98 145
99 62
;
param v_min:=2.375
;
param v_max:=2.625
;
param :conflictsNodes: angle:=
0 7 8 1.000000
0 8 7 1.000000
1 2 121 1.154701
1 121 2 1.154701
1 2 106 1.000000
1 106 2 1.000000
1 106 121 1.000000
1 121 106 1.000000
2 3 11 1.000000
2 11 3 1.000000
2 3 109 1.154701
2 109 3 1.154701
2 1 3 1.000000
2 3 1 1.000000
2 1 11 1.000000
2 11 1 1.000000
2 1 109 1.000000
2 109 1 1.000000
2 11 109 1.000000
2 109 11 1.000000
3 2 4 1.000000
3 4 2 1.000000
4 3 5 1.000000
4 5 3 1.000000
5 4 6 1.000000
5 6 4 1.000000
6 5 7 1.000000
6 7 5 1.000000
7 0 6 1.000000
7 6 0 1.000000
8 0 9 1.000000
8 9 0 1.000000
8 0 117 1.154701
8 117 0 1.154701
8 0 18 1.000000
8 18 0 1.000000
8 9 117 1.000000
8 117 9 1.000000
8 9 18 1.000000
8 18 9 1.000000
8 18 117 1.000000
8 117 18 1.000000
9 8 10 1.000000
9 10 8 1.000000
9 8 19 1.000000
9 19 8 1.000000
9 8 128 1.154701
9 128 8 1.154701
9 10 19 1.000000
9 19 10 1.000000
9 10 128 1.000000
9 128 10 1.000000
9 19 128 1.000000
9 128 19 1.000000
10 9 21 1.000000
10 21 9 1.000000
11 2 12 1.000000
11 12 2 1.000000
11 2 56 1.000000
11 56 2 1.000000
11 12 56 1.000000
11 56 12 1.000000
12 11 13 1.000000
12 13 11 1.000000
13 12 14 1.000000
13 14 12 1.000000
14 13 15 1.000000
14 15 13 1.000000
15 14 16 1.000000
15 16 14 1.000000
16 15 17 1.000000
16 17 15 1.000000
17 16 18 1.000000
17 18 16 1.000000
18 17 19 1.000000
18 19 17 1.000000
18 17 107 1.000000
18 107 17 1.000000
18 8 17 1.000000
18 17 8 1.000000
18 8 19 1.000000
18 19 8 1.000000
18 8 107 1.000000
18 107 8 1.000000
18 19 107 1.000000
18 107 19 1.000000
19 9 18 1.000000
19 18 9 1.000000
19 9 108 1.000000
19 108 9 1.000000
19 9 20 1.000000
19 20 9 1.000000
19 18 108 1.000000
19 108 18 1.000000
19 18 20 1.000000
19 20 18 1.000000
19 20 108 1.000000
19 108 20 1.000000
20 19 26 1.000000
20 26 19 1.000000
21 10 22 1.000000
21 22 10 1.000000
22 21 23 1.000000
22 23 21 1.000000
23 22 24 1.000000
23 24 22 1.000000
24 23 25 1.000000
24 25 23 1.000000
25 24 33 1.000000
25 33 24 1.000000
26 20 27 1.000000
26 27 20 1.000000
27 26 28 1.000000
27 28 26 1.000000
28 27 29 1.000000
28 29 27 1.000000
29 28 30 1.000000
29 30 28 1.000000
30 29 39 1.000000
30 39 29 1.000000
31 36 94 1.000000
31 94 36 1.000000
31 36 77 1.000000
31 77 36 1.000000
31 32 36 1.000000
31 36 32 1.000000
31 32 94 1.000000
31 94 32 1.000000
31 32 77 1.000000
31 77 32 1.000000
31 77 94 1.000000
31 94 77 1.000000
32 31 38 1.000000
32 38 31 1.000000
32 31 79 1.000000
32 79 31 1.000000
32 31 95 1.000000
32 95 31 1.000000
32 38 79 1.000000
32 79 38 1.000000
32 38 95 1.000000
32 95 38 1.000000
32 79 95 1.000000
32 95 79 1.000000
33 25 69 1.000000
33 69 25 1.000000
34 35 96 1.000000
34 96 35 1.000000
34 35 40 1.000000
34 40 35 1.000000
34 35 79 1.000000
34 79 35 1.000000
34 40 96 1.000000
34 96 40 1.000000
34 40 79 1.000000
34 79 40 1.000000
34 79 96 1.000000
34 96 79 1.000000
35 34 41 1.000000
35 41 34 1.000000
35 34 81 1.000000
35 81 34 1.000000
35 34 97 1.000000
35 97 34 1.000000
35 41 81 1.000000
35 81 41 1.000000
35 41 97 1.000000
35 97 41 1.000000
35 81 97 1.189773
35 97 81 1.189773
36 31 78 1.000000
36 78 31 1.000000
36 31 37 1.000000
36 37 31 1.000000
36 31 38 1.000000
36 38 31 1.000000
36 37 78 1.000000
36 78 37 1.000000
36 37 38 1.000000
36 38 37 1.000000
36 38 78 1.000000
36 78 38 1.000000
37 36 45 1.000000
37 45 36 1.000000
38 32 43 1.000000
38 43 32 1.000000
38 32 36 1.000000
38 36 32 1.000000
38 36 43 1.000000
38 43 36 1.000000
39 30 70 1.000000
39 70 30 1.000000
40 41 80 1.000000
40 80 41 1.000000
40 41 53 1.000000
40 53 41 1.000000
40 34 41 1.000000
40 41 34 1.000000
40 34 80 1.000000
40 80 34 1.000000
40 34 53 1.000000
40 53 34 1.000000
40 53 80 1.000000
40 80 53 1.000000
41 35 40 1.000000
41 40 35 1.000000
41 35 42 1.000000
41 42 35 1.000000
41 35 87 1.189773
41 87 35 1.189773
41 40 42 1.000000
41 42 40 1.000000
41 40 87 1.000000
41 87 40 1.000000
41 42 87 1.000000
41 87 42 1.000000
42 41 48 1.000000
42 48 41 1.000000
43 38 44 1.000000
43 44 38 1.000000
44 43 46 1.000000
44 46 43 1.000000
44 43 51 1.000000
44 51 43 1.000000
44 43 45 1.000000
44 45 43 1.000000
44 46 51 1.000000
44 51 46 1.000000
44 45 46 1.000000
44 46 45 1.000000
44 45 51 1.000000
44 51 45 1.000000
45 37 44 1.000000
45 44 37 1.000000
45 37 52 1.000000
45 52 37 1.000000
45 44 52 1.000000
45 52 44 1.000000
46 44 47 1.000000
46 47 44 1.000000
47 46 48 1.000000
47 48 46 1.000000
47 46 53 1.000000
47 53 46 1.000000
47 46 50 1.000000
47 50 46 1.000000
47 48 53 1.000000
47 53 48 1.000000
47 48 50 1.000000
47 50 48 1.000000
47 50 53 1.000000
47 53 50 1.000000
48 42 47 1.000000
48 47 42 1.000000
48 42 49 1.000000
48 49 42 1.000000
48 42 61 1.000000
48 61 42 1.000000
48 47 49 1.000000
48 49 47 1.000000
48 47 61 1.000000
48 61 47 1.000000
48 49 61 1.000000
48 61 49 1.000000
49 48 50 1.000000
49 50 48 1.000000
49 48 99 1.000000
49 99 48 1.000000
49 48 65 1.000000
49 65 48 1.000000
49 50 99 1.000000
49 99 50 1.000000
49 50 65 1.000000
49 65 50 1.000000
49 65 99 1.000000
49 99 65 1.000000
50 49 64 1.000000
50 64 49 1.000000
50 49 98 1.000000
50 98 49 1.000000
50 47 49 1.000000
50 49 47 1.000000
50 47 64 1.000000
50 64 47 1.000000
50 47 98 1.000000
50 98 47 1.000000
50 64 98 1.000000
50 98 64 1.000000
51 44 52 1.000000
51 52 44 1.000000
51 44 101 1.000000
51 101 44 1.000000
51 44 64 1.000000
51 64 44 1.000000
51 52 101 1.000000
51 101 52 1.000000
51 52 64 1.000000
51 64 52 1.000000
51 64 101 1.000000
51 101 64 1.000000
52 51 100 1.000000
52 100 51 1.000000
52 45 51 1.000000
52 51 45 1.000000
52 45 100 1.000000
52 100 45 1.000000
53 40 47 1.000000
53 47 40 1.000000
55 57 106 1.000000
55 106 57 1.000000
56 11 58 1.000000
56 58 11 1.000000
57 55 59 1.000000
57 59 55 1.000000
58 56 60 1.000000
58 60 56 1.000000
61 48 62 1.000000
61 62 48 1.000000
62 61 63 1.000000
62 63 61 1.000000
63 54 62 1.000000
63 62 54 1.000000
64 50 51 1.000000
64 51 50 1.000000
65 49 66 1.000000
65 66 49 1.000000
66 65 67 1.000000
66 67 65 1.000000
67 66 68 1.000000
67 68 66 1.000000
69 33 71 1.000000
69 71 33 1.000000
70 39 72 1.000000
70 72 39 1.000000
71 69 73 1.000000
71 73 69 1.000000
72 70 74 1.000000
72 74 70 1.000000
73 71 75 1.000000
73 75 71 1.000000
74 72 76 1.000000
74 76 72 1.000000
76 74 78 1.000000
76 78 74 1.000000
78 36 76 1.000000
78 76 36 1.000000
79 32 34 1.000000
79 34 32 1.000000
81 35 82 1.000000
81 82 35 1.000000
82 81 83 1.000000
82 83 81 1.000000
83 82 84 1.000000
83 84 82 1.000000
84 83 85 1.000000
84 85 83 1.000000
85 84 86 1.000000
85 86 84 1.000000
87 41 88 1.000000
87 88 41 1.000000
88 87 89 1.000000
88 89 87 1.000000
89 88 90 1.000000
89 90 88 1.000000
90 89 91 1.000000
90 91 89 1.000000
91 90 92 1.000000
91 92 90 1.000000
92 91 93 1.000000
92 93 91 1.000000
102 114 115 1.154701
102 115 114 1.154701
102 103 114 1.000000
102 114 103 1.000000
102 103 115 1.000000
102 115 103 1.000000
103 102 105 1.000000
103 105 102 1.000000
103 102 135 1.000000
103 135 102 1.000000
103 105 135 1.154701
103 135 105 1.154701
104 105 134 1.000000
104 134 105 1.000000
105 103 104 1.154701
105 104 103 1.154701
105 103 136 1.000000
105 136 103 1.000000
105 104 136 1.000000
105 136 104 1.000000
106 1 55 1.000000
106 55 1 1.000000
109 2 110 1.000000
109 110 2 1.000000
110 109 111 1.000000
110 111 109 1.000000
111 110 112 1.000000
111 112 110 1.000000
112 111 113 1.000000
112 113 111 1.000000
113 112 114 1.000000
113 114 112 1.000000
114 102 113 1.000000
114 113 102 1.000000
115 102 116 1.000000
115 116 102 1.000000
116 115 120 1.000000
116 120 115 1.000000
117 8 118 1.000000
117 118 8 1.000000
118 117 119 1.000000
118 119 117 1.000000
119 118 120 1.000000
119 120 118 1.000000
120 116 119 1.000000
120 119 116 1.000000
121 1 122 1.000000
121 122 1 1.000000
122 121 123 1.000000
122 123 121 1.000000
123 122 124 1.000000
123 124 122 1.000000
124 123 125 1.000000
124 125 123 1.000000
125 124 126 1.000000
125 126 124 1.000000
126 125 127 1.000000
126 127 125 1.000000
128 9 129 1.000000
128 129 9 1.000000
129 128 130 1.000000
129 130 128 1.000000
130 129 131 1.000000
130 131 129 1.000000
131 130 132 1.000000
131 132 130 1.000000
132 131 133 1.000000
132 133 131 1.000000
133 132 134 1.000000
133 134 132 1.000000
134 104 133 1.000000
134 133 104 1.000000
155 80 38 1.000000
155 38 80 1.000000
38 155 32 1.000000
38 32 155 1.000000
38 155 36 1.000000
38 36 155 1.000000
80 155 40 1.000000
80 40 155 1.000000
38 155 43 1.000000
38 43 155 1.000000
156 75 77 1.000000
156 77 75 1.000000
77 156 31 1.000000
77 31 156 1.000000
75 156 73 1.000000
75 73 156 1.000000
157 127 103 1.000000
157 103 127 1.000000
103 157 102 1.154701
103 102 157 1.154701
103 157 105 1.000000
103 105 157 1.000000
127 157 126 1.000000
127 126 157 1.000000
103 157 135 1.000000
103 135 157 1.000000
158 104 102 1.000000
158 102 104 1.000000
102 158 103 1.154701
102 103 158 1.154701
104 158 105 1.000000
104 105 158 1.000000
102 158 114 1.000000
102 114 158 1.000000
102 158 115 1.000000
102 115 158 1.000000
104 158 134 1.154701
104 134 158 1.154701
158 157 134 1.000000
158 134 157 1.000000
134 158 156 1.000000
134 156 158 1.000000
156 134 155 1.000000
156 155 134 1.000000
155 156 62 1.000000
155 62 156 1.000000
157 127 158 1.000000
157 158 127 1.000000
157 103 158 1.009972
157 158 103 1.009972
158 104 157 1.000000
158 157 104 1.000000
158 104 134 1.009972
158 134 104 1.009972
158 102 157 1.009972
158 157 102 1.009972
158 102 134 1.000000
158 134 102 1.000000
134 104 158 1.622163
134 158 104 1.622163
134 104 156 1.000000
134 156 104 1.000000
134 133 158 1.000000
134 158 133 1.000000
134 133 156 1.622163
134 156 133 1.622163
156 75 134 2.705121
156 134 75 2.705121
156 75 155 1.000000
156 155 75 1.000000
156 77 134 1.000000
156 134 77 1.000000
156 77 155 2.641132
156 155 77 2.641132
155 80 156 1.000000
155 156 80 1.000000
155 80 62 2.676191
155 62 80 2.676191
155 38 156 2.676191
155 156 38 2.676191
155 38 62 1.000000
155 62 38 1.000000
62 61 155 2.676191
62 155 61 2.676191
62 63 155 1.000000
62 155 63 1.000000
;
param D:=0.5;
param t_hat_ear:=
0 154 0.0
0 98 1.0
0 50 2.0
0 47 3.0
0 53 4.0
0 40 5.0
0 34 6.0
0 35 7.0
0 81 8.0
0 82 9.0
0 83 10.0
0 84 11.0
0 85 12.0
0 86 13.0
0 139 14.0
2 138 2.0
2 136 3.0
2 105 4.0
2 104 5.0
2 158 5.622608404136823
2 102 6.0
2 114 7.0
2 113 8.0
2 112 9.0
2 111 10.0
2 110 11.0
2 109 12.0
2 2 13.0
2 11 14.0
2 56 15.0
2 58 16.0
2 60 17.0
2 141 18.0
3 146 1.0
3 107 2.0
3 18 3.0
3 8 4.0
3 9 5.0
3 10 6.0
3 21 7.0
3 22 8.0
3 23 9.0
3 24 10.0
3 25 11.0
3 33 12.0
3 69 13.0
3 71 14.0
3 73 15.0
3 75 16.0
3 156 16.55430074810522
3 77 17.0
3 31 18.0
3 32 19.0
3 79 20.0
3 34 21.0
3 96 22.0
3 149 23.0
4 138 0.0
4 136 1.0
4 105 2.0
4 104 3.0
4 134 4.0
4 133 5.0
4 132 6.0
4 131 7.0
4 130 8.0
4 129 9.0
4 128 10.0
4 9 11.0
4 19 12.0
4 108 13.0
4 145 14.0
5 138 9.0
5 136 10.0
5 105 11.0
5 104 12.0
5 158 12.622608404136823
5 102 13.0
5 114 14.0
5 113 15.0
5 112 16.0
5 111 17.0
5 110 18.0
5 109 19.0
5 2 20.0
5 11 21.0
5 56 22.0
5 58 23.0
5 60 24.0
5 141 25.0
6 152 0.0
6 100 1.0
6 52 2.0
6 45 3.0
6 44 4.0
6 46 5.0
6 47 6.0
6 53 7.0
6 40 8.0
6 34 9.0
6 35 10.0
6 81 11.0
6 82 12.0
6 83 13.0
6 84 14.0
6 85 15.0
6 86 16.0
6 139 17.0
7 152 4.0
7 100 5.0
7 52 6.0
7 45 7.0
7 37 8.0
7 36 9.0
7 31 10.0
7 94 11.0
7 147 12.0
8 144 3.0
8 68 4.0
8 67 5.0
8 66 6.0
8 65 7.0
8 49 8.0
8 50 9.0
8 47 10.0
8 53 11.0
8 40 12.0
8 34 13.0
8 96 14.0
8 149 15.0
9 138 4.0
9 136 5.0
9 105 6.0
9 104 7.0
9 158 7.622608404136823
9 102 8.0
9 114 9.0
9 113 10.0
9 112 11.0
9 111 12.0
9 110 13.0
9 109 14.0
9 2 15.0
9 11 16.0
9 56 17.0
9 58 18.0
9 60 19.0
9 141 20.0
10 138 7.0
10 136 8.0
10 105 9.0
10 104 10.0
10 134 11.0
10 133 12.0
10 132 13.0
10 131 14.0
10 130 15.0
10 129 16.0
10 128 17.0
10 9 18.0
10 19 19.0
10 108 20.0
10 145 21.0
11 144 5.0
11 68 6.0
11 67 7.0
11 66 8.0
11 65 9.0
11 49 10.0
11 50 11.0
11 47 12.0
11 53 13.0
11 40 14.0
11 34 15.0
11 35 16.0
11 81 17.0
11 82 18.0
11 83 19.0
11 84 20.0
11 85 21.0
11 86 22.0
11 139 23.0
12 152 8.0
12 100 9.0
12 52 10.0
12 45 11.0
12 44 12.0
12 46 13.0
12 47 14.0
12 53 15.0
12 40 16.0
12 34 17.0
12 96 18.0
12 149 19.0
13 142 0.0
13 59 1.0
13 57 2.0
13 55 3.0
13 106 4.0
13 1 5.0
13 121 6.0
13 122 7.0
13 123 8.0
13 124 9.0
13 125 10.0
13 126 11.0
13 127 12.0
13 157 12.7547831917265
13 103 13.0
13 135 14.0
13 137 15.0
14 152 2.0
14 100 3.0
14 52 4.0
14 45 5.0
14 44 6.0
14 46 7.0
14 47 8.0
14 53 9.0
14 40 10.0
14 34 11.0
14 96 12.0
14 149 13.0
15 146 3.0
15 107 4.0
15 18 5.0
15 8 6.0
15 9 7.0
15 10 8.0
15 21 9.0
15 22 10.0
15 23 11.0
15 24 12.0
15 25 13.0
15 33 14.0
15 69 15.0
15 71 16.0
15 73 17.0
15 75 18.0
15 156 18.55430074810522
15 77 19.0
15 31 20.0
15 32 21.0
15 79 22.0
15 34 23.0
15 96 24.0
15 149 25.0
16 144 9.0
16 68 10.0
16 67 11.0
16 66 12.0
16 65 13.0
16 49 14.0
16 50 15.0
16 47 16.0
16 53 17.0
16 40 18.0
16 34 19.0
16 96 20.0
16 149 21.0
17 148 0.0
17 95 1.0
17 32 2.0
17 79 3.0
17 34 4.0
17 35 5.0
17 81 6.0
17 82 7.0
17 83 8.0
17 84 9.0
17 85 10.0
17 86 11.0
17 139 12.0
18 146 5.0
18 107 6.0
18 18 7.0
18 8 8.0
18 9 9.0
18 10 10.0
18 21 11.0
18 22 12.0
18 23 13.0
18 24 14.0
18 25 15.0
18 33 16.0
18 69 17.0
18 71 18.0
18 73 19.0
18 75 20.0
18 156 20.55430074810522
18 77 21.0
18 31 22.0
18 94 23.0
18 147 24.0
19 146 9.0
19 107 10.0
19 18 11.0
19 8 12.0
19 9 13.0
19 10 14.0
19 21 15.0
19 22 16.0
19 23 17.0
19 24 18.0
19 25 19.0
19 33 20.0
19 69 21.0
19 71 22.0
19 73 23.0
19 75 24.0
19 156 24.55430074810522
19 77 25.0
19 31 26.0
19 32 27.0
19 79 28.0
19 34 29.0
19 96 30.0
19 149 31.0
20 154 27.0
20 98 28.0
20 50 29.0
20 47 30.0
20 53 31.0
20 40 32.0
20 34 33.0
20 35 34.0
20 81 35.0
20 82 36.0
20 83 37.0
20 84 38.0
20 85 39.0
20 86 40.0
20 139 41.0
21 148 14.0
21 95 15.0
21 32 16.0
21 38 17.0
21 43 18.0
21 44 19.0
21 46 20.0
21 47 21.0
21 48 22.0
21 61 23.0
21 62 24.0
21 63 25.0
21 54 26.0
21 143 27.0
22 148 10.0
22 95 11.0
22 32 12.0
22 38 13.0
22 43 14.0
22 44 15.0
22 51 16.0
22 101 17.0
22 151 18.0
23 144 27.0
23 68 28.0
23 67 29.0
23 66 30.0
23 65 31.0
23 49 32.0
23 50 33.0
23 47 34.0
23 53 35.0
23 40 36.0
23 34 37.0
23 35 38.0
23 81 39.0
23 82 40.0
23 83 41.0
23 84 42.0
23 85 43.0
23 86 44.0
23 139 45.0
24 152 10.0
24 100 11.0
24 52 12.0
24 45 13.0
24 37 14.0
24 36 15.0
24 31 16.0
24 94 17.0
24 147 18.0
25 150 19.0
25 97 20.0
25 35 21.0
25 41 22.0
25 42 23.0
25 48 24.0
25 49 25.0
25 99 26.0
25 153 27.0
26 154 25.0
26 98 26.0
26 50 27.0
26 47 28.0
26 48 29.0
26 61 30.0
26 62 31.0
26 63 32.0
26 54 33.0
26 143 34.0
27 138 19.0
27 136 20.0
27 105 21.0
27 104 22.0
27 158 22.622608404136823
27 102 23.0
27 114 24.0
27 113 25.0
27 112 26.0
27 111 27.0
27 110 28.0
27 109 29.0
27 2 30.0
27 11 31.0
27 56 32.0
27 58 33.0
27 60 34.0
27 141 35.0
28 152 19.0
28 100 20.0
28 52 21.0
28 45 22.0
28 44 23.0
28 46 24.0
28 47 25.0
28 48 26.0
28 61 27.0
28 62 28.0
28 63 29.0
28 54 30.0
28 143 31.0
29 150 12.0
29 97 13.0
29 35 14.0
29 41 15.0
29 42 16.0
29 48 17.0
29 49 18.0
29 99 19.0
29 153 20.0
30 142 10.0
30 59 11.0
30 57 12.0
30 55 13.0
30 106 14.0
30 1 15.0
30 121 16.0
30 122 17.0
30 123 18.0
30 124 19.0
30 125 20.0
30 126 21.0
30 127 22.0
30 157 22.7547831917265
30 103 23.0
30 135 24.0
30 137 25.0
31 140 18.0
31 93 19.0
31 92 20.0
31 91 21.0
31 90 22.0
31 89 23.0
31 88 24.0
31 87 25.0
31 41 26.0
31 40 27.0
31 80 28.0
31 155 28.969289496860103
31 38 29.0
31 36 30.0
31 31 31.0
31 94 32.0
31 147 33.0
32 148 27.0
32 95 28.0
32 32 29.0
32 79 30.0
32 34 31.0
32 35 32.0
32 81 33.0
32 82 34.0
32 83 35.0
32 84 36.0
32 85 37.0
32 86 38.0
32 139 39.0
33 154 19.0
33 98 20.0
33 50 21.0
33 64 22.0
33 51 23.0
33 52 24.0
33 45 25.0
33 37 26.0
33 36 27.0
33 31 28.0
33 94 29.0
33 147 30.0
34 150 10.0
34 97 11.0
34 35 12.0
34 41 13.0
34 42 14.0
34 48 15.0
34 49 16.0
34 99 17.0
34 153 18.0
35 152 17.0
35 100 18.0
35 52 19.0
35 45 20.0
35 44 21.0
35 46 22.0
35 47 23.0
35 53 24.0
35 40 25.0
35 34 26.0
35 96 27.0
35 149 28.0
36 144 18.0
36 68 19.0
36 67 20.0
36 66 21.0
36 65 22.0
36 49 23.0
36 99 24.0
36 153 25.0
37 140 10.0
37 93 11.0
37 92 12.0
37 91 13.0
37 90 14.0
37 89 15.0
37 88 16.0
37 87 17.0
37 41 18.0
37 42 19.0
37 48 20.0
37 49 21.0
37 99 22.0
37 153 23.0
38 154 15.0
38 98 16.0
38 50 17.0
38 47 18.0
38 53 19.0
38 40 20.0
38 80 21.0
38 155 21.969289496860103
38 38 22.0
38 36 23.0
38 78 24.0
38 76 25.0
38 74 26.0
38 72 27.0
38 70 28.0
38 39 29.0
38 30 30.0
38 29 31.0
38 28 32.0
38 27 33.0
38 26 34.0
38 20 35.0
38 19 36.0
38 108 37.0
38 145 38.0
39 150 16.0
39 97 17.0
39 35 18.0
39 81 19.0
39 82 20.0
39 83 21.0
39 84 22.0
39 85 23.0
39 86 24.0
39 139 25.0
40 146 29.0
40 107 30.0
40 18 31.0
40 8 32.0
40 9 33.0
40 10 34.0
40 21 35.0
40 22 36.0
40 23 37.0
40 24 38.0
40 25 39.0
40 33 40.0
40 69 41.0
40 71 42.0
40 73 43.0
40 75 44.0
40 156 44.55430074810522
40 77 45.0
40 31 46.0
40 32 47.0
40 79 48.0
40 34 49.0
40 96 50.0
40 149 51.0
41 152 29.0
41 100 30.0
41 52 31.0
41 45 32.0
41 37 33.0
41 36 34.0
41 78 35.0
41 76 36.0
41 74 37.0
41 72 38.0
41 70 39.0
41 39 40.0
41 30 41.0
41 29 42.0
41 28 43.0
41 27 44.0
41 26 45.0
41 20 46.0
41 19 47.0
41 108 48.0
41 145 49.0
42 140 29.0
42 93 30.0
42 92 31.0
42 91 32.0
42 90 33.0
42 89 34.0
42 88 35.0
42 87 36.0
42 41 37.0
42 40 38.0
42 80 39.0
42 155 39.9692894968601
42 38 40.0
42 36 41.0
42 31 42.0
42 94 43.0
42 147 44.0
43 150 28.0
43 97 29.0
43 35 30.0
43 41 31.0
43 42 32.0
43 48 33.0
43 49 34.0
43 99 35.0
43 153 36.0
44 142 20.0
44 59 21.0
44 57 22.0
44 55 23.0
44 106 24.0
44 1 25.0
44 121 26.0
44 122 27.0
44 123 28.0
44 124 29.0
44 125 30.0
44 126 31.0
44 127 32.0
44 157 32.754783191726496
44 103 33.0
44 135 34.0
44 137 35.0
45 144 31.0
45 68 32.0
45 67 33.0
45 66 34.0
45 65 35.0
45 49 36.0
45 50 37.0
45 47 38.0
45 53 39.0
45 40 40.0
45 34 41.0
45 35 42.0
45 81 43.0
45 82 44.0
45 83 45.0
45 84 46.0
45 85 47.0
45 86 48.0
45 139 49.0
46 150 25.0
46 97 26.0
46 35 27.0
46 41 28.0
46 40 29.0
46 80 30.0
46 155 30.969289496860103
46 38 31.0
46 36 32.0
46 31 33.0
46 94 34.0
46 147 35.0
47 146 27.0
47 107 28.0
47 18 29.0
47 8 30.0
47 9 31.0
47 10 32.0
47 21 33.0
47 22 34.0
47 23 35.0
47 24 36.0
47 25 37.0
47 33 38.0
47 69 39.0
47 71 40.0
47 73 41.0
47 75 42.0
47 156 42.55430074810522
47 77 43.0
47 31 44.0
47 32 45.0
47 79 46.0
47 34 47.0
47 96 48.0
47 149 49.0
48 146 20.0
48 107 21.0
48 18 22.0
48 8 23.0
48 117 24.0
48 118 25.0
48 119 26.0
48 120 27.0
48 116 28.0
48 115 29.0
48 102 30.0
48 103 31.0
48 135 32.0
48 137 33.0
49 150 21.0
49 97 22.0
49 35 23.0
49 81 24.0
49 82 25.0
49 83 26.0
49 84 27.0
49 85 28.0
49 86 29.0
49 139 30.0
50 152 26.0
50 100 27.0
50 52 28.0
50 45 29.0
50 44 30.0
50 46 31.0
50 47 32.0
50 53 33.0
50 40 34.0
50 34 35.0
50 96 36.0
50 149 37.0
51 154 33.0
51 98 34.0
51 50 35.0
51 47 36.0
51 48 37.0
51 61 38.0
51 62 39.0
51 63 40.0
51 54 41.0
51 143 42.0
52 148 35.0
52 95 36.0
52 32 37.0
52 79 38.0
52 34 39.0
52 35 40.0
52 81 41.0
52 82 42.0
52 83 43.0
52 84 44.0
52 85 45.0
52 86 46.0
52 139 47.0
53 146 23.0
53 107 24.0
53 18 25.0
53 8 26.0
53 9 27.0
53 10 28.0
53 21 29.0
53 22 30.0
53 23 31.0
53 24 32.0
53 25 33.0
53 33 34.0
53 69 35.0
53 71 36.0
53 73 37.0
53 75 38.0
53 156 38.55430074810522
53 77 39.0
53 31 40.0
53 32 41.0
53 38 42.0
53 43 43.0
53 44 44.0
53 51 45.0
53 101 46.0
53 151 47.0
54 138 26.0
54 136 27.0
54 105 28.0
54 104 29.0
54 134 30.0
54 133 31.0
54 132 32.0
54 131 33.0
54 130 34.0
54 129 35.0
54 128 36.0
54 9 37.0
54 19 38.0
54 108 39.0
54 145 40.0
55 148 21.0
55 95 22.0
55 32 23.0
55 38 24.0
55 43 25.0
55 44 26.0
55 51 27.0
55 101 28.0
55 151 29.0
56 144 39.0
56 68 40.0
56 67 41.0
56 66 42.0
56 65 43.0
56 49 44.0
56 50 45.0
56 47 46.0
56 53 47.0
56 40 48.0
56 80 49.0
56 155 49.9692894968601
56 38 50.0
56 36 51.0
56 31 52.0
56 94 53.0
56 147 54.0
57 154 29.0
57 98 30.0
57 50 31.0
57 64 32.0
57 51 33.0
57 52 34.0
57 45 35.0
57 37 36.0
57 36 37.0
57 31 38.0
57 94 39.0
57 147 40.0
58 144 33.0
58 68 34.0
58 67 35.0
58 66 36.0
58 65 37.0
58 49 38.0
58 50 39.0
58 47 40.0
58 53 41.0
58 40 42.0
58 34 43.0
58 35 44.0
58 81 45.0
58 82 46.0
58 83 47.0
58 84 48.0
58 85 49.0
58 86 50.0
58 139 51.0
59 138 24.0
59 136 25.0
59 105 26.0
59 104 27.0
59 158 27.622608404136823
59 102 28.0
59 114 29.0
59 113 30.0
59 112 31.0
59 111 32.0
59 110 33.0
59 109 34.0
59 2 35.0
59 11 36.0
59 56 37.0
59 58 38.0
59 60 39.0
59 141 40.0
60 138 30.0
60 136 31.0
60 105 32.0
60 104 33.0
60 158 33.62260840413682
60 102 34.0
60 114 35.0
60 113 36.0
60 112 37.0
60 111 38.0
60 110 39.0
60 109 40.0
60 2 41.0
60 11 42.0
60 56 43.0
60 58 44.0
60 60 45.0
60 141 46.0
61 138 32.0
61 136 33.0
61 105 34.0
61 104 35.0
61 134 36.0
61 133 37.0
61 132 38.0
61 131 39.0
61 130 40.0
61 129 41.0
61 128 42.0
61 9 43.0
61 19 44.0
61 108 45.0
61 145 46.0
62 146 33.0
62 107 34.0
62 18 35.0
62 8 36.0
62 117 37.0
62 118 38.0
62 119 39.0
62 120 40.0
62 116 41.0
62 115 42.0
62 102 43.0
62 103 44.0
62 135 45.0
62 137 46.0
63 140 31.0
63 93 32.0
63 92 33.0
63 91 34.0
63 90 35.0
63 89 36.0
63 88 37.0
63 87 38.0
63 41 39.0
63 42 40.0
63 48 41.0
63 61 42.0
63 62 43.0
63 63 44.0
63 54 45.0
63 143 46.0
64 148 41.0
64 95 42.0
64 32 43.0
64 38 44.0
64 43 45.0
64 44 46.0
64 46 47.0
64 47 48.0
64 48 49.0
64 61 50.0
64 62 51.0
64 63 52.0
64 54 53.0
64 143 54.0
65 146 31.0
65 107 32.0
65 18 33.0
65 8 34.0
65 117 35.0
65 118 36.0
65 119 37.0
65 120 38.0
65 116 39.0
65 115 40.0
65 102 41.0
65 103 42.0
65 135 43.0
65 137 44.0
66 142 33.0
66 59 34.0
66 57 35.0
66 55 36.0
66 106 37.0
66 1 38.0
66 121 39.0
66 122 40.0
66 123 41.0
66 124 42.0
66 125 43.0
66 126 44.0
66 127 45.0
66 157 45.754783191726496
66 103 46.0
66 135 47.0
66 137 48.0
67 154 49.0
67 98 50.0
67 50 51.0
67 64 52.0
67 51 53.0
67 52 54.0
67 45 55.0
67 37 56.0
67 36 57.0
67 31 58.0
67 94 59.0
67 147 60.0
68 150 48.0
68 97 49.0
68 35 50.0
68 41 51.0
68 40 52.0
68 80 53.0
68 155 53.9692894968601
68 38 54.0
68 36 55.0
68 31 56.0
68 94 57.0
68 147 58.0
69 140 45.0
69 93 46.0
69 92 47.0
69 91 48.0
69 90 49.0
69 89 50.0
69 88 51.0
69 87 52.0
69 41 53.0
69 40 54.0
69 34 55.0
69 96 56.0
69 149 57.0
70 140 49.0
70 93 50.0
70 92 51.0
70 91 52.0
70 90 53.0
70 89 54.0
70 88 55.0
70 87 56.0
70 41 57.0
70 40 58.0
70 80 59.0
70 155 59.9692894968601
70 38 60.0
70 43 61.0
70 44 62.0
70 51 63.0
70 101 64.0
70 151 65.0
71 140 37.0
71 93 38.0
71 92 39.0
71 91 40.0
71 90 41.0
71 89 42.0
71 88 43.0
71 87 44.0
71 41 45.0
71 40 46.0
71 80 47.0
71 155 47.9692894968601
71 38 48.0
71 36 49.0
71 31 50.0
71 94 51.0
71 147 52.0
72 152 36.0
72 100 37.0
72 52 38.0
72 45 39.0
72 44 40.0
72 46 41.0
72 47 42.0
72 53 43.0
72 40 44.0
72 34 45.0
72 96 46.0
72 149 47.0
73 148 30.0
73 95 31.0
73 32 32.0
73 38 33.0
73 43 34.0
73 44 35.0
73 51 36.0
73 101 37.0
73 151 38.0
74 154 39.0
74 98 40.0
74 50 41.0
74 64 42.0
74 51 43.0
74 52 44.0
74 45 45.0
74 37 46.0
74 36 47.0
74 31 48.0
74 94 49.0
74 147 50.0
75 148 32.0
75 95 33.0
75 32 34.0
75 38 35.0
75 43 36.0
75 44 37.0
75 51 38.0
75 101 39.0
75 151 40.0
76 150 46.0
76 97 47.0
76 35 48.0
76 41 49.0
76 40 50.0
76 80 51.0
76 155 51.9692894968601
76 38 52.0
76 36 53.0
76 78 54.0
76 76 55.0
76 74 56.0
76 72 57.0
76 70 58.0
76 39 59.0
76 30 60.0
76 29 61.0
76 28 62.0
76 27 63.0
76 26 64.0
76 20 65.0
76 19 66.0
76 108 67.0
76 145 68.0
77 142 35.0
77 59 36.0
77 57 37.0
77 55 38.0
77 106 39.0
77 1 40.0
77 121 41.0
77 122 42.0
77 123 43.0
77 124 44.0
77 125 45.0
77 126 46.0
77 127 47.0
77 157 47.754783191726496
77 103 48.0
77 135 49.0
77 137 50.0
78 146 37.0
78 107 38.0
78 18 39.0
78 8 40.0
78 9 41.0
78 10 42.0
78 21 43.0
78 22 44.0
78 23 45.0
78 24 46.0
78 25 47.0
78 33 48.0
78 69 49.0
78 71 50.0
78 73 51.0
78 75 52.0
78 156 52.55430074810522
78 77 53.0
78 31 54.0
78 32 55.0
78 38 56.0
78 43 57.0
78 44 58.0
78 51 59.0
78 101 60.0
78 151 61.0
79 142 39.0
79 59 40.0
79 57 41.0
79 55 42.0
79 106 43.0
79 1 44.0
79 121 45.0
79 122 46.0
79 123 47.0
79 124 48.0
79 125 49.0
79 126 50.0
79 127 51.0
79 157 51.754783191726496
79 103 52.0
79 135 53.0
79 137 54.0
80 152 48.0
80 100 49.0
80 52 50.0
80 45 51.0
80 44 52.0
80 46 53.0
80 47 54.0
80 53 55.0
80 40 56.0
80 34 57.0
80 35 58.0
80 81 59.0
80 82 60.0
80 83 61.0
80 84 62.0
80 85 63.0
80 86 64.0
80 139 65.0
81 146 43.0
81 107 44.0
81 18 45.0
81 8 46.0
81 9 47.0
81 10 48.0
81 21 49.0
81 22 50.0
81 23 51.0
81 24 52.0
81 25 53.0
81 33 54.0
81 69 55.0
81 71 56.0
81 73 57.0
81 75 58.0
81 156 58.55430074810522
81 77 59.0
81 31 60.0
81 32 61.0
81 38 62.0
81 43 63.0
81 44 64.0
81 51 65.0
81 101 66.0
81 151 67.0
82 146 49.0
82 107 50.0
82 18 51.0
82 8 52.0
82 9 53.0
82 10 54.0
82 21 55.0
82 22 56.0
82 23 57.0
82 24 58.0
82 25 59.0
82 33 60.0
82 69 61.0
82 71 62.0
82 73 63.0
82 75 64.0
82 156 64.55430074810522
82 77 65.0
82 31 66.0
82 32 67.0
82 79 68.0
82 34 69.0
82 96 70.0
82 149 71.0
83 142 41.0
83 59 42.0
83 57 43.0
83 55 44.0
83 106 45.0
83 1 46.0
83 121 47.0
83 122 48.0
83 123 49.0
83 124 50.0
83 125 51.0
83 126 52.0
83 127 53.0
83 157 53.754783191726496
83 103 54.0
83 135 55.0
83 137 56.0
86 146 45.0
86 107 46.0
86 18 47.0
86 8 48.0
86 9 49.0
86 10 50.0
86 21 51.0
86 22 52.0
86 23 53.0
86 24 54.0
86 25 55.0
86 33 56.0
86 69 57.0
86 71 58.0
86 73 59.0
86 75 60.0
86 156 60.55430074810522
86 77 61.0
86 31 62.0
86 32 63.0
86 38 64.0
86 43 65.0
86 44 66.0
86 51 67.0
86 101 68.0
86 151 69.0
87 144 41.0
87 68 42.0
87 67 43.0
87 66 44.0
87 65 45.0
87 49 46.0
87 50 47.0
87 64 48.0
87 51 49.0
87 101 50.0
87 151 51.0
88 152 44.0
88 100 45.0
88 52 46.0
88 45 47.0
88 44 48.0
88 46 49.0
88 47 50.0
88 48 51.0
88 49 52.0
88 99 53.0
88 153 54.0
89 138 42.0
89 136 43.0
89 105 44.0
89 104 45.0
89 158 45.62260840413682
89 102 46.0
89 114 47.0
89 113 48.0
89 112 49.0
89 111 50.0
89 110 51.0
89 109 52.0
89 2 53.0
89 11 54.0
89 56 55.0
89 58 56.0
89 60 57.0
89 141 58.0
91 148 47.0
91 95 48.0
91 32 49.0
91 79 50.0
91 34 51.0
91 35 52.0
91 81 53.0
91 82 54.0
91 83 55.0
91 84 56.0
91 85 57.0
91 86 58.0
91 139 59.0
92 142 43.0
92 59 44.0
92 57 45.0
92 55 46.0
92 106 47.0
92 1 48.0
92 121 49.0
92 122 50.0
92 123 51.0
92 124 52.0
92 125 53.0
92 126 54.0
92 127 55.0
92 157 55.754783191726496
92 103 56.0
92 135 57.0
92 137 58.0
93 140 47.0
93 93 48.0
93 92 49.0
93 91 50.0
93 90 51.0
93 89 52.0
93 88 53.0
93 87 54.0
93 41 55.0
93 42 56.0
93 48 57.0
93 61 58.0
93 62 59.0
93 63 60.0
93 54 61.0
93 143 62.0
94 138 49.0
94 136 50.0
94 105 51.0
94 104 52.0
94 158 52.62260840413682
94 102 53.0
94 114 54.0
94 113 55.0
94 112 56.0
94 111 57.0
94 110 58.0
94 109 59.0
94 2 60.0
94 11 61.0
94 56 62.0
94 58 63.0
94 60 64.0
94 141 65.0
96 152 46.0
96 100 47.0
96 52 48.0
96 45 49.0
96 44 50.0
96 46 51.0
96 47 52.0
96 48 53.0
96 61 54.0
96 62 55.0
96 63 56.0
96 54 57.0
96 143 58.0
97 150 44.0
97 97 45.0
97 35 46.0
97 81 47.0
97 82 48.0
97 83 49.0
97 84 50.0
97 85 51.0
97 86 52.0
97 139 53.0
98 138 40.0
98 136 41.0
98 105 42.0
98 104 43.0
98 134 44.0
98 133 45.0
98 132 46.0
98 131 47.0
98 130 48.0
98 129 49.0
98 128 50.0
98 9 51.0
98 19 52.0
98 108 53.0
98 145 54.0
99 157 13
99 158 13.874661546408117
99 134 14.749323092816192
99 156 30.979256879940152
99 155 33.64906294282156
99 62 39.00144582366897
;
param t_hat_lat:=
0 154 1.0
0 98 2.0
0 50 3.0
0 47 4.0
0 53 5.0
0 40 6.0
0 34 7.0
0 35 8.0
0 81 9.0
0 82 10.0
0 83 11.0
0 84 12.0
0 85 13.0
0 86 14.0
0 139 15.0
2 138 3.0
2 136 4.0
2 105 5.0
2 104 6.0
2 158 6.622608404136823
2 102 7.0
2 114 8.0
2 113 9.0
2 112 10.0
2 111 11.0
2 110 12.0
2 109 13.0
2 2 14.0
2 11 15.0
2 56 16.0
2 58 17.0
2 60 18.0
2 141 19.0
3 146 2.0
3 107 3.0
3 18 4.0
3 8 5.0
3 9 6.0
3 10 7.0
3 21 8.0
3 22 9.0
3 23 10.0
3 24 11.0
3 25 12.0
3 33 13.0
3 69 14.0
3 71 15.0
3 73 16.0
3 75 17.0
3 156 17.55430074810522
3 77 18.0
3 31 19.0
3 32 20.0
3 79 21.0
3 34 22.0
3 96 23.0
3 149 24.0
4 138 1.0
4 136 2.0
4 105 3.0
4 104 4.0
4 134 5.0
4 133 6.0
4 132 7.0
4 131 8.0
4 130 9.0
4 129 10.0
4 128 11.0
4 9 12.0
4 19 13.0
4 108 14.0
4 145 15.0
5 138 10.0
5 136 11.0
5 105 12.0
5 104 13.0
5 158 13.622608404136823
5 102 14.0
5 114 15.0
5 113 16.0
5 112 17.0
5 111 18.0
5 110 19.0
5 109 20.0
5 2 21.0
5 11 22.0
5 56 23.0
5 58 24.0
5 60 25.0
5 141 26.0
6 152 1.0
6 100 2.0
6 52 3.0
6 45 4.0
6 44 5.0
6 46 6.0
6 47 7.0
6 53 8.0
6 40 9.0
6 34 10.0
6 35 11.0
6 81 12.0
6 82 13.0
6 83 14.0
6 84 15.0
6 85 16.0
6 86 17.0
6 139 18.0
7 152 5.0
7 100 6.0
7 52 7.0
7 45 8.0
7 37 9.0
7 36 10.0
7 31 11.0
7 94 12.0
7 147 13.0
8 144 4.0
8 68 5.0
8 67 6.0
8 66 7.0
8 65 8.0
8 49 9.0
8 50 10.0
8 47 11.0
8 53 12.0
8 40 13.0
8 34 14.0
8 96 15.0
8 149 16.0
9 138 5.0
9 136 6.0
9 105 7.0
9 104 8.0
9 158 8.622608404136823
9 102 9.0
9 114 10.0
9 113 11.0
9 112 12.0
9 111 13.0
9 110 14.0
9 109 15.0
9 2 16.0
9 11 17.0
9 56 18.0
9 58 19.0
9 60 20.0
9 141 21.0
10 138 8.0
10 136 9.0
10 105 10.0
10 104 11.0
10 134 12.0
10 133 13.0
10 132 14.0
10 131 15.0
10 130 16.0
10 129 17.0
10 128 18.0
10 9 19.0
10 19 20.0
10 108 21.0
10 145 22.0
11 144 6.0
11 68 7.0
11 67 8.0
11 66 9.0
11 65 10.0
11 49 11.0
11 50 12.0
11 47 13.0
11 53 14.0
11 40 15.0
11 34 16.0
11 35 17.0
11 81 18.0
11 82 19.0
11 83 20.0
11 84 21.0
11 85 22.0
11 86 23.0
11 139 24.0
12 152 9.0
12 100 10.0
12 52 11.0
12 45 12.0
12 44 13.0
12 46 14.0
12 47 15.0
12 53 16.0
12 40 17.0
12 34 18.0
12 96 19.0
12 149 20.0
13 142 1.0
13 59 2.0
13 57 3.0
13 55 4.0
13 106 5.0
13 1 6.0
13 121 7.0
13 122 8.0
13 123 9.0
13 124 10.0
13 125 11.0
13 126 12.0
13 127 13.0
13 157 13.7547831917265
13 103 14.0
13 135 15.0
13 137 16.0
14 152 3.0
14 100 4.0
14 52 5.0
14 45 6.0
14 44 7.0
14 46 8.0
14 47 9.0
14 53 10.0
14 40 11.0
14 34 12.0
14 96 13.0
14 149 14.0
15 146 4.0
15 107 5.0
15 18 6.0
15 8 7.0
15 9 8.0
15 10 9.0
15 21 10.0
15 22 11.0
15 23 12.0
15 24 13.0
15 25 14.0
15 33 15.0
15 69 16.0
15 71 17.0
15 73 18.0
15 75 19.0
15 156 19.55430074810522
15 77 20.0
15 31 21.0
15 32 22.0
15 79 23.0
15 34 24.0
15 96 25.0
15 149 26.0
16 144 10.0
16 68 11.0
16 67 12.0
16 66 13.0
16 65 14.0
16 49 15.0
16 50 16.0
16 47 17.0
16 53 18.0
16 40 19.0
16 34 20.0
16 96 21.0
16 149 22.0
17 148 1.0
17 95 2.0
17 32 3.0
17 79 4.0
17 34 5.0
17 35 6.0
17 81 7.0
17 82 8.0
17 83 9.0
17 84 10.0
17 85 11.0
17 86 12.0
17 139 13.0
18 146 6.0
18 107 7.0
18 18 8.0
18 8 9.0
18 9 10.0
18 10 11.0
18 21 12.0
18 22 13.0
18 23 14.0
18 24 15.0
18 25 16.0
18 33 17.0
18 69 18.0
18 71 19.0
18 73 20.0
18 75 21.0
18 156 21.55430074810522
18 77 22.0
18 31 23.0
18 94 24.0
18 147 25.0
19 146 10.0
19 107 11.0
19 18 12.0
19 8 13.0
19 9 14.0
19 10 15.0
19 21 16.0
19 22 17.0
19 23 18.0
19 24 19.0
19 25 20.0
19 33 21.0
19 69 22.0
19 71 23.0
19 73 24.0
19 75 25.0
19 156 25.55430074810522
19 77 26.0
19 31 27.0
19 32 28.0
19 79 29.0
19 34 30.0
19 96 31.0
19 149 32.0
20 154 28.0
20 98 29.0
20 50 30.0
20 47 31.0
20 53 32.0
20 40 33.0
20 34 34.0
20 35 35.0
20 81 36.0
20 82 37.0
20 83 38.0
20 84 39.0
20 85 40.0
20 86 41.0
20 139 42.0
21 148 15.0
21 95 16.0
21 32 17.0
21 38 18.0
21 43 19.0
21 44 20.0
21 46 21.0
21 47 22.0
21 48 23.0
21 61 24.0
21 62 25.0
21 63 26.0
21 54 27.0
21 143 28.0
22 148 11.0
22 95 12.0
22 32 13.0
22 38 14.0
22 43 15.0
22 44 16.0
22 51 17.0
22 101 18.0
22 151 19.0
23 144 28.0
23 68 29.0
23 67 30.0
23 66 31.0
23 65 32.0
23 49 33.0
23 50 34.0
23 47 35.0
23 53 36.0
23 40 37.0
23 34 38.0
23 35 39.0
23 81 40.0
23 82 41.0
23 83 42.0
23 84 43.0
23 85 44.0
23 86 45.0
23 139 46.0
24 152 11.0
24 100 12.0
24 52 13.0
24 45 14.0
24 37 15.0
24 36 16.0
24 31 17.0
24 94 18.0
24 147 19.0
25 150 20.0
25 97 21.0
25 35 22.0
25 41 23.0
25 42 24.0
25 48 25.0
25 49 26.0
25 99 27.0
25 153 28.0
26 154 26.0
26 98 27.0
26 50 28.0
26 47 29.0
26 48 30.0
26 61 31.0
26 62 32.0
26 63 33.0
26 54 34.0
26 143 35.0
27 138 20.0
27 136 21.0
27 105 22.0
27 104 23.0
27 158 23.622608404136823
27 102 24.0
27 114 25.0
27 113 26.0
27 112 27.0
27 111 28.0
27 110 29.0
27 109 30.0
27 2 31.0
27 11 32.0
27 56 33.0
27 58 34.0
27 60 35.0
27 141 36.0
28 152 20.0
28 100 21.0
28 52 22.0
28 45 23.0
28 44 24.0
28 46 25.0
28 47 26.0
28 48 27.0
28 61 28.0
28 62 29.0
28 63 30.0
28 54 31.0
28 143 32.0
29 150 13.0
29 97 14.0
29 35 15.0
29 41 16.0
29 42 17.0
29 48 18.0
29 49 19.0
29 99 20.0
29 153 21.0
30 142 11.0
30 59 12.0
30 57 13.0
30 55 14.0
30 106 15.0
30 1 16.0
30 121 17.0
30 122 18.0
30 123 19.0
30 124 20.0
30 125 21.0
30 126 22.0
30 127 23.0
30 157 23.7547831917265
30 103 24.0
30 135 25.0
30 137 26.0
31 140 19.0
31 93 20.0
31 92 21.0
31 91 22.0
31 90 23.0
31 89 24.0
31 88 25.0
31 87 26.0
31 41 27.0
31 40 28.0
31 80 29.0
31 155 29.969289496860103
31 38 30.0
31 36 31.0
31 31 32.0
31 94 33.0
31 147 34.0
32 148 28.0
32 95 29.0
32 32 30.0
32 79 31.0
32 34 32.0
32 35 33.0
32 81 34.0
32 82 35.0
32 83 36.0
32 84 37.0
32 85 38.0
32 86 39.0
32 139 40.0
33 154 20.0
33 98 21.0
33 50 22.0
33 64 23.0
33 51 24.0
33 52 25.0
33 45 26.0
33 37 27.0
33 36 28.0
33 31 29.0
33 94 30.0
33 147 31.0
34 150 11.0
34 97 12.0
34 35 13.0
34 41 14.0
34 42 15.0
34 48 16.0
34 49 17.0
34 99 18.0
34 153 19.0
35 152 18.0
35 100 19.0
35 52 20.0
35 45 21.0
35 44 22.0
35 46 23.0
35 47 24.0
35 53 25.0
35 40 26.0
35 34 27.0
35 96 28.0
35 149 29.0
36 144 19.0
36 68 20.0
36 67 21.0
36 66 22.0
36 65 23.0
36 49 24.0
36 99 25.0
36 153 26.0
37 140 11.0
37 93 12.0
37 92 13.0
37 91 14.0
37 90 15.0
37 89 16.0
37 88 17.0
37 87 18.0
37 41 19.0
37 42 20.0
37 48 21.0
37 49 22.0
37 99 23.0
37 153 24.0
38 154 16.0
38 98 17.0
38 50 18.0
38 47 19.0
38 53 20.0
38 40 21.0
38 80 22.0
38 155 22.969289496860103
38 38 23.0
38 36 24.0
38 78 25.0
38 76 26.0
38 74 27.0
38 72 28.0
38 70 29.0
38 39 30.0
38 30 31.0
38 29 32.0
38 28 33.0
38 27 34.0
38 26 35.0
38 20 36.0
38 19 37.0
38 108 38.0
38 145 39.0
39 150 17.0
39 97 18.0
39 35 19.0
39 81 20.0
39 82 21.0
39 83 22.0
39 84 23.0
39 85 24.0
39 86 25.0
39 139 26.0
40 146 30.0
40 107 31.0
40 18 32.0
40 8 33.0
40 9 34.0
40 10 35.0
40 21 36.0
40 22 37.0
40 23 38.0
40 24 39.0
40 25 40.0
40 33 41.0
40 69 42.0
40 71 43.0
40 73 44.0
40 75 45.0
40 156 45.55430074810522
40 77 46.0
40 31 47.0
40 32 48.0
40 79 49.0
40 34 50.0
40 96 51.0
40 149 52.0
41 152 30.0
41 100 31.0
41 52 32.0
41 45 33.0
41 37 34.0
41 36 35.0
41 78 36.0
41 76 37.0
41 74 38.0
41 72 39.0
41 70 40.0
41 39 41.0
41 30 42.0
41 29 43.0
41 28 44.0
41 27 45.0
41 26 46.0
41 20 47.0
41 19 48.0
41 108 49.0
41 145 50.0
42 140 30.0
42 93 31.0
42 92 32.0
42 91 33.0
42 90 34.0
42 89 35.0
42 88 36.0
42 87 37.0
42 41 38.0
42 40 39.0
42 80 40.0
42 155 40.9692894968601
42 38 41.0
42 36 42.0
42 31 43.0
42 94 44.0
42 147 45.0
43 150 29.0
43 97 30.0
43 35 31.0
43 41 32.0
43 42 33.0
43 48 34.0
43 49 35.0
43 99 36.0
43 153 37.0
44 142 21.0
44 59 22.0
44 57 23.0
44 55 24.0
44 106 25.0
44 1 26.0
44 121 27.0
44 122 28.0
44 123 29.0
44 124 30.0
44 125 31.0
44 126 32.0
44 127 33.0
44 157 33.754783191726496
44 103 34.0
44 135 35.0
44 137 36.0
45 144 32.0
45 68 33.0
45 67 34.0
45 66 35.0
45 65 36.0
45 49 37.0
45 50 38.0
45 47 39.0
45 53 40.0
45 40 41.0
45 34 42.0
45 35 43.0
45 81 44.0
45 82 45.0
45 83 46.0
45 84 47.0
45 85 48.0
45 86 49.0
45 139 50.0
46 150 26.0
46 97 27.0
46 35 28.0
46 41 29.0
46 40 30.0
46 80 31.0
46 155 31.969289496860103
46 38 32.0
46 36 33.0
46 31 34.0
46 94 35.0
46 147 36.0
47 146 28.0
47 107 29.0
47 18 30.0
47 8 31.0
47 9 32.0
47 10 33.0
47 21 34.0
47 22 35.0
47 23 36.0
47 24 37.0
47 25 38.0
47 33 39.0
47 69 40.0
47 71 41.0
47 73 42.0
47 75 43.0
47 156 43.55430074810522
47 77 44.0
47 31 45.0
47 32 46.0
47 79 47.0
47 34 48.0
47 96 49.0
47 149 50.0
48 146 21.0
48 107 22.0
48 18 23.0
48 8 24.0
48 117 25.0
48 118 26.0
48 119 27.0
48 120 28.0
48 116 29.0
48 115 30.0
48 102 31.0
48 103 32.0
48 135 33.0
48 137 34.0
49 150 22.0
49 97 23.0
49 35 24.0
49 81 25.0
49 82 26.0
49 83 27.0
49 84 28.0
49 85 29.0
49 86 30.0
49 139 31.0
50 152 27.0
50 100 28.0
50 52 29.0
50 45 30.0
50 44 31.0
50 46 32.0
50 47 33.0
50 53 34.0
50 40 35.0
50 34 36.0
50 96 37.0
50 149 38.0
51 154 34.0
51 98 35.0
51 50 36.0
51 47 37.0
51 48 38.0
51 61 39.0
51 62 40.0
51 63 41.0
51 54 42.0
51 143 43.0
52 148 36.0
52 95 37.0
52 32 38.0
52 79 39.0
52 34 40.0
52 35 41.0
52 81 42.0
52 82 43.0
52 83 44.0
52 84 45.0
52 85 46.0
52 86 47.0
52 139 48.0
53 146 24.0
53 107 25.0
53 18 26.0
53 8 27.0
53 9 28.0
53 10 29.0
53 21 30.0
53 22 31.0
53 23 32.0
53 24 33.0
53 25 34.0
53 33 35.0
53 69 36.0
53 71 37.0
53 73 38.0
53 75 39.0
53 156 39.55430074810522
53 77 40.0
53 31 41.0
53 32 42.0
53 38 43.0
53 43 44.0
53 44 45.0
53 51 46.0
53 101 47.0
53 151 48.0
54 138 27.0
54 136 28.0
54 105 29.0
54 104 30.0
54 134 31.0
54 133 32.0
54 132 33.0
54 131 34.0
54 130 35.0
54 129 36.0
54 128 37.0
54 9 38.0
54 19 39.0
54 108 40.0
54 145 41.0
55 148 22.0
55 95 23.0
55 32 24.0
55 38 25.0
55 43 26.0
55 44 27.0
55 51 28.0
55 101 29.0
55 151 30.0
56 144 40.0
56 68 41.0
56 67 42.0
56 66 43.0
56 65 44.0
56 49 45.0
56 50 46.0
56 47 47.0
56 53 48.0
56 40 49.0
56 80 50.0
56 155 50.9692894968601
56 38 51.0
56 36 52.0
56 31 53.0
56 94 54.0
56 147 55.0
57 154 30.0
57 98 31.0
57 50 32.0
57 64 33.0
57 51 34.0
57 52 35.0
57 45 36.0
57 37 37.0
57 36 38.0
57 31 39.0
57 94 40.0
57 147 41.0
58 144 34.0
58 68 35.0
58 67 36.0
58 66 37.0
58 65 38.0
58 49 39.0
58 50 40.0
58 47 41.0
58 53 42.0
58 40 43.0
58 34 44.0
58 35 45.0
58 81 46.0
58 82 47.0
58 83 48.0
58 84 49.0
58 85 50.0
58 86 51.0
58 139 52.0
59 138 25.0
59 136 26.0
59 105 27.0
59 104 28.0
59 158 28.622608404136823
59 102 29.0
59 114 30.0
59 113 31.0
59 112 32.0
59 111 33.0
59 110 34.0
59 109 35.0
59 2 36.0
59 11 37.0
59 56 38.0
59 58 39.0
59 60 40.0
59 141 41.0
60 138 31.0
60 136 32.0
60 105 33.0
60 104 34.0
60 158 34.62260840413682
60 102 35.0
60 114 36.0
60 113 37.0
60 112 38.0
60 111 39.0
60 110 40.0
60 109 41.0
60 2 42.0
60 11 43.0
60 56 44.0
60 58 45.0
60 60 46.0
60 141 47.0
61 138 33.0
61 136 34.0
61 105 35.0
61 104 36.0
61 134 37.0
61 133 38.0
61 132 39.0
61 131 40.0
61 130 41.0
61 129 42.0
61 128 43.0
61 9 44.0
61 19 45.0
61 108 46.0
61 145 47.0
62 146 34.0
62 107 35.0
62 18 36.0
62 8 37.0
62 117 38.0
62 118 39.0
62 119 40.0
62 120 41.0
62 116 42.0
62 115 43.0
62 102 44.0
62 103 45.0
62 135 46.0
62 137 47.0
63 140 32.0
63 93 33.0
63 92 34.0
63 91 35.0
63 90 36.0
63 89 37.0
63 88 38.0
63 87 39.0
63 41 40.0
63 42 41.0
63 48 42.0
63 61 43.0
63 62 44.0
63 63 45.0
63 54 46.0
63 143 47.0
64 148 42.0
64 95 43.0
64 32 44.0
64 38 45.0
64 43 46.0
64 44 47.0
64 46 48.0
64 47 49.0
64 48 50.0
64 61 51.0
64 62 52.0
64 63 53.0
64 54 54.0
64 143 55.0
65 146 32.0
65 107 33.0
65 18 34.0
65 8 35.0
65 117 36.0
65 118 37.0
65 119 38.0
65 120 39.0
65 116 40.0
65 115 41.0
65 102 42.0
65 103 43.0
65 135 44.0
65 137 45.0
66 142 34.0
66 59 35.0
66 57 36.0
66 55 37.0
66 106 38.0
66 1 39.0
66 121 40.0
66 122 41.0
66 123 42.0
66 124 43.0
66 125 44.0
66 126 45.0
66 127 46.0
66 157 46.754783191726496
66 103 47.0
66 135 48.0
66 137 49.0
67 154 50.0
67 98 51.0
67 50 52.0
67 64 53.0
67 51 54.0
67 52 55.0
67 45 56.0
67 37 57.0
67 36 58.0
67 31 59.0
67 94 60.0
67 147 61.0
68 150 49.0
68 97 50.0
68 35 51.0
68 41 52.0
68 40 53.0
68 80 54.0
68 155 54.9692894968601
68 38 55.0
68 36 56.0
68 31 57.0
68 94 58.0
68 147 59.0
69 140 46.0
69 93 47.0
69 92 48.0
69 91 49.0
69 90 50.0
69 89 51.0
69 88 52.0
69 87 53.0
69 41 54.0
69 40 55.0
69 34 56.0
69 96 57.0
69 149 58.0
70 140 50.0
70 93 51.0
70 92 52.0
70 91 53.0
70 90 54.0
70 89 55.0
70 88 56.0
70 87 57.0
70 41 58.0
70 40 59.0
70 80 60.0
70 155 60.9692894968601
70 38 61.0
70 43 62.0
70 44 63.0
70 51 64.0
70 101 65.0
70 151 66.0
71 140 38.0
71 93 39.0
71 92 40.0
71 91 41.0
71 90 42.0
71 89 43.0
71 88 44.0
71 87 45.0
71 41 46.0
71 40 47.0
71 80 48.0
71 155 48.9692894968601
71 38 49.0
71 36 50.0
71 31 51.0
71 94 52.0
71 147 53.0
72 152 37.0
72 100 38.0
72 52 39.0
72 45 40.0
72 44 41.0
72 46 42.0
72 47 43.0
72 53 44.0
72 40 45.0
72 34 46.0
72 96 47.0
72 149 48.0
73 148 31.0
73 95 32.0
73 32 33.0
73 38 34.0
73 43 35.0
73 44 36.0
73 51 37.0
73 101 38.0
73 151 39.0
74 154 40.0
74 98 41.0
74 50 42.0
74 64 43.0
74 51 44.0
74 52 45.0
74 45 46.0
74 37 47.0
74 36 48.0
74 31 49.0
74 94 50.0
74 147 51.0
75 148 33.0
75 95 34.0
75 32 35.0
75 38 36.0
75 43 37.0
75 44 38.0
75 51 39.0
75 101 40.0
75 151 41.0
76 150 47.0
76 97 48.0
76 35 49.0
76 41 50.0
76 40 51.0
76 80 52.0
76 155 52.9692894968601
76 38 53.0
76 36 54.0
76 78 55.0
76 76 56.0
76 74 57.0
76 72 58.0
76 70 59.0
76 39 60.0
76 30 61.0
76 29 62.0
76 28 63.0
76 27 64.0
76 26 65.0
76 20 66.0
76 19 67.0
76 108 68.0
76 145 69.0
77 142 36.0
77 59 37.0
77 57 38.0
77 55 39.0
77 106 40.0
77 1 41.0
77 121 42.0
77 122 43.0
77 123 44.0
77 124 45.0
77 125 46.0
77 126 47.0
77 127 48.0
77 157 48.754783191726496
77 103 49.0
77 135 50.0
77 137 51.0
78 146 38.0
78 107 39.0
78 18 40.0
78 8 41.0
78 9 42.0
78 10 43.0
78 21 44.0
78 22 45.0
78 23 46.0
78 24 47.0
78 25 48.0
78 33 49.0
78 69 50.0
78 71 51.0
78 73 52.0
78 75 53.0
78 156 53.55430074810522
78 77 54.0
78 31 55.0
78 32 56.0
78 38 57.0
78 43 58.0
78 44 59.0
78 51 60.0
78 101 61.0
78 151 62.0
79 142 40.0
79 59 41.0
79 57 42.0
79 55 43.0
79 106 44.0
79 1 45.0
79 121 46.0
79 122 47.0
79 123 48.0
79 124 49.0
79 125 50.0
79 126 51.0
79 127 52.0
79 157 52.754783191726496
79 103 53.0
79 135 54.0
79 137 55.0
80 152 49.0
80 100 50.0
80 52 51.0
80 45 52.0
80 44 53.0
80 46 54.0
80 47 55.0
80 53 56.0
80 40 57.0
80 34 58.0
80 35 59.0
80 81 60.0
80 82 61.0
80 83 62.0
80 84 63.0
80 85 64.0
80 86 65.0
80 139 66.0
81 146 44.0
81 107 45.0
81 18 46.0
81 8 47.0
81 9 48.0
81 10 49.0
81 21 50.0
81 22 51.0
81 23 52.0
81 24 53.0
81 25 54.0
81 33 55.0
81 69 56.0
81 71 57.0
81 73 58.0
81 75 59.0
81 156 59.55430074810522
81 77 60.0
81 31 61.0
81 32 62.0
81 38 63.0
81 43 64.0
81 44 65.0
81 51 66.0
81 101 67.0
81 151 68.0
82 146 50.0
82 107 51.0
82 18 52.0
82 8 53.0
82 9 54.0
82 10 55.0
82 21 56.0
82 22 57.0
82 23 58.0
82 24 59.0
82 25 60.0
82 33 61.0
82 69 62.0
82 71 63.0
82 73 64.0
82 75 65.0
82 156 65.55430074810522
82 77 66.0
82 31 67.0
82 32 68.0
82 79 69.0
82 34 70.0
82 96 71.0
82 149 72.0
83 142 42.0
83 59 43.0
83 57 44.0
83 55 45.0
83 106 46.0
83 1 47.0
83 121 48.0
83 122 49.0
83 123 50.0
83 124 51.0
83 125 52.0
83 126 53.0
83 127 54.0
83 157 54.754783191726496
83 103 55.0
83 135 56.0
83 137 57.0
86 146 46.0
86 107 47.0
86 18 48.0
86 8 49.0
86 9 50.0
86 10 51.0
86 21 52.0
86 22 53.0
86 23 54.0
86 24 55.0
86 25 56.0
86 33 57.0
86 69 58.0
86 71 59.0
86 73 60.0
86 75 61.0
86 156 61.55430074810522
86 77 62.0
86 31 63.0
86 32 64.0
86 38 65.0
86 43 66.0
86 44 67.0
86 51 68.0
86 101 69.0
86 151 70.0
87 144 42.0
87 68 43.0
87 67 44.0
87 66 45.0
87 65 46.0
87 49 47.0
87 50 48.0
87 64 49.0
87 51 50.0
87 101 51.0
87 151 52.0
88 152 45.0
88 100 46.0
88 52 47.0
88 45 48.0
88 44 49.0
88 46 50.0
88 47 51.0
88 48 52.0
88 49 53.0
88 99 54.0
88 153 55.0
89 138 43.0
89 136 44.0
89 105 45.0
89 104 46.0
89 158 46.62260840413682
89 102 47.0
89 114 48.0
89 113 49.0
89 112 50.0
89 111 51.0
89 110 52.0
89 109 53.0
89 2 54.0
89 11 55.0
89 56 56.0
89 58 57.0
89 60 58.0
89 141 59.0
91 148 48.0
91 95 49.0
91 32 50.0
91 79 51.0
91 34 52.0
91 35 53.0
91 81 54.0
91 82 55.0
91 83 56.0
91 84 57.0
91 85 58.0
91 86 59.0
91 139 60.0
92 142 44.0
92 59 45.0
92 57 46.0
92 55 47.0
92 106 48.0
92 1 49.0
92 121 50.0
92 122 51.0
92 123 52.0
92 124 53.0
92 125 54.0
92 126 55.0
92 127 56.0
92 157 56.754783191726496
92 103 57.0
92 135 58.0
92 137 59.0
93 140 48.0
93 93 49.0
93 92 50.0
93 91 51.0
93 90 52.0
93 89 53.0
93 88 54.0
93 87 55.0
93 41 56.0
93 42 57.0
93 48 58.0
93 61 59.0
93 62 60.0
93 63 61.0
93 54 62.0
93 143 63.0
94 138 50.0
94 136 51.0
94 105 52.0
94 104 53.0
94 158 53.62260840413682
94 102 54.0
94 114 55.0
94 113 56.0
94 112 57.0
94 111 58.0
94 110 59.0
94 109 60.0
94 2 61.0
94 11 62.0
94 56 63.0
94 58 64.0
94 60 65.0
94 141 66.0
96 152 47.0
96 100 48.0
96 52 49.0
96 45 50.0
96 44 51.0
96 46 52.0
96 47 53.0
96 48 54.0
96 61 55.0
96 62 56.0
96 63 57.0
96 54 58.0
96 143 59.0
97 150 45.0
97 97 46.0
97 35 47.0
97 81 48.0
97 82 49.0
97 83 50.0
97 84 51.0
97 85 52.0
97 86 53.0
97 139 54.0
98 138 41.0
98 136 42.0
98 105 43.0
98 104 44.0
98 134 45.0
98 133 46.0
98 132 47.0
98 131 48.0
98 130 49.0
98 129 50.0
98 128 51.0
98 9 52.0
98 19 53.0
98 108 54.0
98 145 55.0
99 157 14
99 158 14.874661546408117
99 134 15.749323092816192
99 156 31.979256879940152
99 155 34.64906294282156
99 62 40.00144582366897
;
set fixedFlights :=
0 34 35
0 50 47
0 47 53
0 53 40
0 40 34
0 154 98
0 98 50
0 35 81
0 81 82
0 82 83
0 83 84
0 84 85
0 85 86
0 86 139
2 56 58
2 58 60
2 60 141
2 11 56
2 2 11
2 109 2
2 110 109
2 102 114
2 105 104
2 114 113
2 113 112
2 112 111
2 111 110
2 138 136
2 136 105
2 104 158
2 158 102
3 9 10
3 8 9
3 10 21
3 21 22
3 22 23
3 23 24
3 24 25
3 31 32
3 25 33
3 33 69
3 69 71
3 71 73
3 73 75
3 77 31
3 32 79
3 79 34
3 96 149
3 34 96
3 146 107
3 107 18
3 18 8
3 75 156
3 156 77
4 108 145
4 9 19
4 19 108
4 105 104
4 104 134
4 134 133
4 133 132
4 132 131
4 131 130
4 130 129
4 129 128
4 128 9
4 138 136
4 136 105
6 34 35
6 45 44
6 44 46
6 46 47
6 52 45
6 47 53
6 53 40
6 40 34
6 152 100
6 100 52
6 35 81
6 81 82
6 82 83
6 83 84
6 84 85
6 85 86
6 86 139
7 36 31
7 37 36
7 45 37
7 52 45
7 94 147
7 152 100
7 31 94
7 100 52
8 49 50
8 50 47
8 47 53
8 53 40
8 40 34
8 66 65
8 67 66
8 68 67
8 144 68
8 65 49
8 96 149
8 34 96
9 56 58
9 58 60
9 60 141
9 11 56
9 2 11
9 109 2
9 110 109
9 102 114
9 105 104
9 114 113
9 113 112
9 112 111
9 111 110
9 138 136
9 136 105
9 104 158
9 158 102
10 108 145
10 9 19
10 19 108
10 105 104
10 104 134
10 134 133
10 133 132
10 132 131
10 131 130
10 130 129
10 129 128
10 128 9
10 138 136
10 136 105
11 34 35
11 49 50
11 50 47
11 47 53
11 53 40
11 40 34
11 66 65
11 67 66
11 68 67
11 144 68
11 65 49
11 35 81
11 81 82
11 82 83
11 83 84
11 84 85
11 85 86
11 86 139
12 45 44
12 44 46
12 46 47
12 52 45
12 47 53
12 53 40
12 40 34
12 152 100
12 96 149
12 34 96
12 100 52
13 57 55
13 59 57
13 142 59
13 55 106
13 106 1
13 1 121
13 121 122
13 122 123
13 123 124
13 124 125
13 125 126
13 126 127
13 103 135
13 135 137
13 127 157
13 157 103
14 45 44
14 44 46
14 46 47
14 52 45
14 47 53
14 53 40
14 40 34
14 152 100
14 96 149
14 34 96
14 100 52
15 9 10
15 8 9
15 10 21
15 21 22
15 22 23
15 23 24
15 24 25
15 31 32
15 25 33
15 33 69
15 69 71
15 71 73
15 73 75
15 77 31
15 32 79
15 79 34
15 96 149
15 34 96
15 146 107
15 107 18
15 18 8
15 75 156
15 156 77
16 49 50
16 50 47
16 47 53
16 53 40
16 40 34
16 66 65
16 67 66
16 68 67
16 144 68
16 65 49
16 96 149
16 34 96
17 34 35
17 32 79
17 79 34
17 148 95
17 95 32
17 35 81
17 81 82
17 82 83
17 83 84
17 84 85
17 85 86
17 86 139
18 9 10
18 8 9
18 10 21
18 21 22
18 22 23
18 23 24
18 24 25
18 25 33
18 33 69
18 69 71
18 71 73
18 73 75
18 77 31
18 94 147
18 31 94
18 146 107
18 107 18
18 18 8
18 75 156
18 156 77
19 9 10
19 8 9
19 10 21
19 21 22
19 22 23
19 23 24
19 24 25
19 31 32
19 25 33
19 33 69
19 69 71
19 71 73
19 73 75
19 77 31
19 32 79
19 79 34
19 96 149
19 34 96
19 146 107
19 107 18
19 18 8
19 75 156
19 156 77
20 34 35
20 50 47
20 47 53
20 53 40
20 40 34
20 154 98
20 98 50
20 35 81
20 81 82
20 82 83
20 83 84
20 84 85
20 85 86
20 86 139
21 34 35
21 35 41
21 41 42
21 42 48
21 54 143
21 48 61
21 61 62
21 62 63
21 63 54
21 32 79
21 79 34
21 148 95
21 95 32
22 32 38
22 38 43
22 43 44
22 44 51
22 148 95
22 101 151
22 95 32
22 51 101
23 34 35
23 49 50
23 50 47
23 47 53
23 53 40
23 40 34
23 66 65
23 67 66
23 68 67
23 144 68
23 65 49
23 35 81
23 81 82
23 82 83
23 83 84
23 84 85
23 85 86
23 86 139
24 36 31
24 37 36
24 45 37
24 52 45
24 94 147
24 152 100
24 31 94
24 100 52
25 35 41
25 41 42
25 42 48
25 48 49
25 99 153
25 150 97
25 97 35
25 49 99
26 47 48
26 50 47
26 54 143
26 48 61
26 61 62
26 62 63
26 63 54
26 154 98
26 98 50
27 56 58
27 58 60
27 60 141
27 11 56
27 2 11
27 109 2
27 110 109
27 102 114
27 105 104
27 114 113
27 113 112
27 112 111
27 111 110
27 138 136
27 136 105
27 104 158
27 158 102
28 45 44
28 44 46
28 46 47
28 47 48
28 52 45
28 54 143
28 48 61
28 61 62
28 62 63
28 63 54
28 152 100
28 100 52
29 35 41
29 41 42
29 42 48
29 48 49
29 99 153
29 150 97
29 97 35
29 49 99
30 57 55
30 59 57
30 142 59
30 55 106
30 106 1
30 1 121
30 121 122
30 122 123
30 123 124
30 124 125
30 125 126
30 126 127
30 103 135
30 135 137
30 127 157
30 157 103
31 36 31
31 41 40
31 40 80
31 38 36
31 94 147
31 31 94
31 93 92
31 92 91
31 91 90
31 90 89
31 89 88
31 88 87
31 87 41
31 140 93
31 80 155
31 155 38
32 34 35
32 32 79
32 79 34
32 148 95
32 95 32
32 35 81
32 81 82
32 82 83
32 83 84
32 84 85
32 85 86
32 86 139
33 36 31
33 37 36
33 45 37
33 51 52
33 52 45
33 64 51
33 50 64
33 94 147
33 154 98
33 31 94
33 98 50
34 35 41
34 41 42
34 42 48
34 48 49
34 99 153
34 150 97
34 97 35
34 49 99
35 45 44
35 44 46
35 46 47
35 52 45
35 47 53
35 53 40
35 40 34
35 152 100
35 96 149
35 34 96
35 100 52
36 66 65
36 67 66
36 68 67
36 144 68
36 65 49
36 99 153
36 49 99
37 41 42
37 42 48
37 48 49
37 99 153
37 49 99
37 93 92
37 92 91
37 91 90
37 90 89
37 89 88
37 88 87
37 87 41
37 140 93
38 20 19
38 26 20
38 27 26
38 28 27
38 29 28
38 30 29
38 37 36
38 45 37
38 51 52
38 52 45
38 64 51
38 50 64
38 36 78
38 78 76
38 76 74
38 74 72
38 72 70
38 70 39
38 39 30
38 154 98
38 98 50
38 108 145
38 19 108
39 150 97
39 97 35
39 35 81
39 81 82
39 82 83
39 83 84
39 84 85
39 85 86
39 86 139
40 9 10
40 8 9
40 10 21
40 21 22
40 22 23
40 23 24
40 24 25
40 31 32
40 25 33
40 33 69
40 69 71
40 71 73
40 73 75
40 77 31
40 32 79
40 79 34
40 96 149
40 34 96
40 146 107
40 107 18
40 18 8
40 75 156
40 156 77
41 20 19
41 26 20
41 27 26
41 28 27
41 29 28
41 30 29
41 37 36
41 45 37
41 52 45
41 36 78
41 78 76
41 76 74
41 74 72
41 72 70
41 70 39
41 39 30
41 152 100
41 100 52
41 108 145
41 19 108
42 36 31
42 41 40
42 40 80
42 38 36
42 94 147
42 31 94
42 93 92
42 92 91
42 91 90
42 90 89
42 89 88
42 88 87
42 87 41
42 140 93
42 80 155
42 155 38
43 35 41
43 41 42
43 42 48
43 48 49
43 99 153
43 150 97
43 97 35
43 49 99
44 57 55
44 59 57
44 142 59
44 55 106
44 106 1
44 1 121
44 121 122
44 122 123
44 123 124
44 124 125
44 125 126
44 126 127
44 103 135
44 135 137
44 127 157
44 157 103
45 34 35
45 49 50
45 50 47
45 47 53
45 53 40
45 40 34
45 66 65
45 67 66
45 68 67
45 144 68
45 65 49
45 35 81
45 81 82
45 82 83
45 83 84
45 84 85
45 85 86
45 86 139
46 36 31
46 41 40
46 35 41
46 40 80
46 38 36
46 94 147
46 150 97
46 97 35
46 31 94
46 80 155
46 155 38
47 9 10
47 8 9
47 10 21
47 21 22
47 22 23
47 23 24
47 24 25
47 31 32
47 25 33
47 33 69
47 69 71
47 71 73
47 73 75
47 77 31
47 32 79
47 79 34
47 96 149
47 34 96
47 146 107
47 107 18
47 18 8
47 75 156
47 156 77
48 146 107
48 107 18
48 18 8
48 115 102
48 102 103
48 116 115
48 8 117
48 117 118
48 118 119
48 119 120
48 120 116
48 103 135
48 135 137
49 150 97
49 97 35
49 35 81
49 81 82
49 82 83
49 83 84
49 84 85
49 85 86
49 86 139
50 36 31
50 37 36
50 45 37
50 31 32
50 52 45
50 32 79
50 79 34
50 152 100
50 96 149
50 34 96
50 100 52
52 34 35
52 32 79
52 79 34
52 148 95
52 95 32
52 35 81
52 81 82
52 82 83
52 83 84
52 84 85
52 85 86
52 86 139
53 9 10
53 8 9
53 10 21
53 21 22
53 22 23
53 23 24
53 24 25
53 32 38
53 38 43
53 43 44
53 31 32
53 44 51
53 25 33
53 33 69
53 69 71
53 71 73
53 73 75
53 77 31
53 101 151
53 51 101
53 146 107
53 107 18
53 18 8
53 75 156
53 156 77
54 108 145
54 9 19
54 19 108
54 105 104
54 104 134
54 134 133
54 133 132
54 132 131
54 131 130
54 130 129
54 129 128
54 128 9
54 138 136
54 136 105
55 32 38
55 38 43
55 43 44
55 44 51
55 148 95
55 101 151
55 95 32
55 51 101
56 36 31
56 49 50
56 50 47
56 47 53
56 53 40
56 66 65
56 67 66
56 68 67
56 144 68
56 65 49
56 40 80
56 38 36
56 94 147
56 31 94
56 80 155
56 155 38
57 36 31
57 37 36
57 45 37
57 51 52
57 52 45
57 64 51
57 50 64
57 94 147
57 154 98
57 31 94
57 98 50
58 34 35
58 49 50
58 50 47
58 47 53
58 53 40
58 40 34
58 66 65
58 67 66
58 68 67
58 144 68
58 65 49
58 35 81
58 81 82
58 82 83
58 83 84
58 84 85
58 85 86
58 86 139
59 56 58
59 58 60
59 60 141
59 11 56
59 2 11
59 109 2
59 110 109
59 102 114
59 105 104
59 114 113
59 113 112
59 112 111
59 111 110
59 138 136
59 136 105
59 104 158
59 158 102
60 56 58
60 58 60
60 60 141
60 11 56
60 2 11
60 109 2
60 110 109
60 102 114
60 105 104
60 114 113
60 113 112
60 112 111
60 111 110
60 138 136
60 136 105
60 104 158
60 158 102
61 108 145
61 9 19
61 19 108
61 105 104
61 104 134
61 134 133
61 133 132
61 132 131
61 131 130
61 130 129
61 129 128
61 128 9
61 138 136
61 136 105
62 146 107
62 107 18
62 18 8
62 115 102
62 102 103
62 116 115
62 8 117
62 117 118
62 118 119
62 119 120
62 120 116
62 103 135
62 135 137
63 41 42
63 42 48
63 54 143
63 48 61
63 61 62
63 62 63
63 63 54
63 93 92
63 92 91
63 91 90
63 90 89
63 89 88
63 88 87
63 87 41
63 140 93
64 34 35
64 35 41
64 41 42
64 42 48
64 54 143
64 48 61
64 61 62
64 62 63
64 63 54
64 32 79
64 79 34
64 148 95
64 95 32
65 146 107
65 107 18
65 18 8
65 115 102
65 102 103
65 116 115
65 8 117
65 117 118
65 118 119
65 119 120
65 120 116
65 103 135
65 135 137
66 57 55
66 59 57
66 142 59
66 55 106
66 106 1
66 1 121
66 121 122
66 122 123
66 123 124
66 124 125
66 125 126
66 126 127
66 103 135
66 135 137
66 127 157
66 157 103
67 36 31
67 37 36
67 45 37
67 51 52
67 52 45
67 64 51
67 50 64
67 94 147
67 154 98
67 31 94
67 98 50
68 36 31
68 41 40
68 35 41
68 40 80
68 38 36
68 94 147
68 150 97
68 97 35
68 31 94
68 80 155
68 155 38
69 41 40
69 40 34
69 96 149
69 34 96
69 93 92
69 92 91
69 91 90
69 90 89
69 89 88
69 88 87
69 87 41
69 140 93
70 41 42
70 42 48
70 49 50
70 48 49
70 64 51
70 50 64
70 101 151
70 51 101
70 93 92
70 92 91
70 91 90
70 90 89
70 89 88
70 88 87
70 87 41
70 140 93
71 36 31
71 41 40
71 40 80
71 38 36
71 94 147
71 31 94
71 93 92
71 92 91
71 91 90
71 90 89
71 89 88
71 88 87
71 87 41
71 140 93
71 80 155
71 155 38
72 45 44
72 44 46
72 46 47
72 52 45
72 47 53
72 53 40
72 40 34
72 152 100
72 96 149
72 34 96
72 100 52
73 32 38
73 38 43
73 43 44
73 44 51
73 148 95
73 101 151
73 95 32
73 51 101
74 36 31
74 37 36
74 45 37
74 51 52
74 52 45
74 64 51
74 50 64
74 94 147
74 154 98
74 31 94
74 98 50
75 32 38
75 38 43
75 43 44
75 44 51
75 148 95
75 101 151
75 95 32
75 51 101
76 20 19
76 26 20
76 27 26
76 28 27
76 29 28
76 30 29
76 41 40
76 35 41
76 40 80
76 38 36
76 36 78
76 78 76
76 76 74
76 74 72
76 72 70
76 70 39
76 39 30
76 150 97
76 97 35
76 108 145
76 19 108
76 80 155
76 155 38
77 57 55
77 59 57
77 142 59
77 55 106
77 106 1
77 1 121
77 121 122
77 122 123
77 123 124
77 124 125
77 125 126
77 126 127
77 103 135
77 135 137
77 127 157
77 157 103
78 9 10
78 8 9
78 10 21
78 21 22
78 22 23
78 23 24
78 24 25
78 32 38
78 38 43
78 43 44
78 31 32
78 44 51
78 25 33
78 33 69
78 69 71
78 71 73
78 73 75
78 77 31
78 101 151
78 51 101
78 146 107
78 107 18
78 18 8
78 75 156
78 156 77
79 57 55
79 59 57
79 142 59
79 55 106
79 106 1
79 1 121
79 121 122
79 122 123
79 123 124
79 124 125
79 125 126
79 126 127
79 103 135
79 135 137
79 127 157
79 157 103
80 34 35
80 45 44
80 44 46
80 46 47
80 52 45
80 47 53
80 53 40
80 40 34
80 152 100
80 100 52
80 35 81
80 81 82
80 82 83
80 83 84
80 84 85
80 85 86
80 86 139
81 9 10
81 8 9
81 10 21
81 21 22
81 22 23
81 23 24
81 24 25
81 32 38
81 38 43
81 43 44
81 31 32
81 44 51
81 25 33
81 33 69
81 69 71
81 71 73
81 73 75
81 77 31
81 101 151
81 51 101
81 146 107
81 107 18
81 18 8
81 75 156
81 156 77
82 9 10
82 8 9
82 10 21
82 21 22
82 22 23
82 23 24
82 24 25
82 31 32
82 25 33
82 33 69
82 69 71
82 71 73
82 73 75
82 77 31
82 32 79
82 79 34
82 96 149
82 34 96
82 146 107
82 107 18
82 18 8
82 75 156
82 156 77
83 57 55
83 59 57
83 142 59
83 55 106
83 106 1
83 1 121
83 121 122
83 122 123
83 123 124
83 124 125
83 125 126
83 126 127
83 103 135
83 135 137
83 127 157
83 157 103
86 9 10
86 8 9
86 10 21
86 21 22
86 22 23
86 23 24
86 24 25
86 32 38
86 38 43
86 43 44
86 31 32
86 44 51
86 25 33
86 33 69
86 69 71
86 71 73
86 73 75
86 77 31
86 101 151
86 51 101
86 146 107
86 107 18
86 18 8
86 75 156
86 156 77
87 49 50
87 66 65
87 67 66
87 68 67
87 144 68
87 64 51
87 65 49
87 50 64
87 101 151
87 51 101
88 45 44
88 44 46
88 46 47
88 47 48
88 52 45
88 48 49
88 152 100
88 99 153
88 100 52
88 49 99
89 56 58
89 58 60
89 60 141
89 11 56
89 2 11
89 109 2
89 110 109
89 102 114
89 105 104
89 114 113
89 113 112
89 112 111
89 111 110
89 138 136
89 136 105
89 104 158
89 158 102
91 34 35
91 32 79
91 79 34
91 148 95
91 95 32
91 35 81
91 81 82
91 82 83
91 83 84
91 84 85
91 85 86
91 86 139
92 57 55
92 59 57
92 142 59
92 55 106
92 106 1
92 1 121
92 121 122
92 122 123
92 123 124
92 124 125
92 125 126
92 126 127
92 103 135
92 135 137
92 127 157
92 157 103
93 41 42
93 42 48
93 54 143
93 48 61
93 61 62
93 62 63
93 63 54
93 93 92
93 92 91
93 91 90
93 90 89
93 89 88
93 88 87
93 87 41
93 140 93
94 56 58
94 58 60
94 60 141
94 11 56
94 2 11
94 109 2
94 110 109
94 102 114
94 105 104
94 114 113
94 113 112
94 112 111
94 111 110
94 138 136
94 136 105
94 104 158
94 158 102
96 45 44
96 44 46
96 46 47
96 47 48
96 52 45
96 54 143
96 48 61
96 61 62
96 62 63
96 63 54
96 152 100
96 100 52
97 150 97
97 97 35
97 35 81
97 81 82
97 82 83
97 83 84
97 84 85
97 85 86
97 86 139
98 108 145
98 9 19
98 19 108
98 105 104
98 104 134
98 134 133
98 133 132
98 132 131
98 131 130
98 130 129
98 129 128
98 128 9
98 138 136
98 136 105
99 157 158
99 158 134
99 134 156
99 156 155
99 155 62
;
;
set inFlight:=
0
2
3
4
5
6
7
8
9
10
11
12
13
14
15
16
17
18
19
22
24
30
34
37
;
set passedFreeF:=
5 138 136
5 136 105
5 105 104
5 104 158
5 158 102
5 102 114
5 114 113
5 113 112
5 112 111
5 111 110
5 110 109
5 109 2
5 2 11
5 11 56
5 56 58
5 58 60
5 60 141
51 154 98
51 98 50
51 50 47
51 47 48
51 48 61
51 61 62
51 62 63
51 63 54
51 54 143
;
param tini := 12;
