param nn:= 161;
set F:=
0
1
2
3
4
5
6
7
8
9
10
11
12
13
14
15
16
17
18
19
20
21
22
23
24
25
27
28
29
30
31
32
33
34
35
36
37
38
39
40
41
42
43
44
45
46
47
48
49
50
51
52
53
54
56
57
58
59
61
62
63
64
65
66
67
68
69
71
73
74
75
77
78
79
80
81
83
84
86
87
88
90
91
92
93
94
97
98
99
100
;
set NC:=
100
;
param: E: d:=
2 3 2.500000
3 4 2.500000
4 5 2.500000
5 6 2.500000
6 7 2.500000
7 0 2.500000
0 8 2.500000
9 10 2.500000
8 9 2.500000
12 11 2.500000
13 12 2.500000
14 13 2.500000
15 14 2.500000
16 15 2.500000
17 16 2.500000
18 17 2.500000
19 18 2.500000
20 19 2.500000
10 21 2.500000
21 22 2.500000
22 23 2.500000
24 25 2.500000
26 20 2.500000
27 26 2.500000
28 27 2.500000
29 28 2.500000
30 29 2.500000
34 35 2.500000
36 31 2.500000
37 36 2.500000
41 40 2.500000
35 41 2.500000
41 42 2.500000
32 38 2.500000
38 43 2.500000
43 44 2.500000
45 37 2.500000
31 32 2.500000
45 44 2.500000
44 46 2.500000
46 47 2.500000
47 48 2.500000
42 48 2.500000
49 50 2.500000
51 52 2.500000
52 45 2.500000
48 49 2.500000
50 47 2.500000
47 53 2.500000
53 40 2.500000
40 34 2.500000
54 143 1.500000
57 55 2.500000
56 58 2.500000
59 57 2.500000
58 60 2.500000
60 141 1.500000
142 59 1.500000
48 61 2.500000
61 62 2.500000
62 63 2.500000
66 65 2.500000
67 66 2.500000
68 67 2.500000
144 68 1.500000
2 1 2.500000
64 51 2.500000
63 54 2.500000
65 49 2.500000
25 33 2.500000
33 69 2.500000
69 71 2.500000
71 73 2.500000
73 75 2.500000
75 77 2.500000
77 31 2.500000
40 80 2.500000
80 38 2.500000
38 36 2.500000
36 78 2.500000
78 76 2.500000
76 74 2.500000
74 72 2.500000
72 70 2.500000
39 30 2.500000
32 79 2.500000
79 34 2.500000
148 95 1.500000
94 147 1.500000
152 100 1.500000
101 151 1.500000
154 98 1.500000
99 153 1.500000
96 149 1.500000
150 97 1.500000
97 35 2.500000
95 32 2.500000
31 94 2.500000
34 96 2.500000
51 101 2.500000
100 52 2.500000
98 50 2.500000
49 99 2.500000
35 81 2.500000
81 82 2.500000
82 83 2.500000
83 84 2.500000
84 85 2.500000
85 86 2.500000
93 92 2.500000
92 91 2.500000
91 90 2.500000
90 89 2.500000
89 88 2.500000
88 87 2.500000
87 41 2.500000
86 139 1.500000
140 93 1.500000
108 145 1.500000
146 107 1.500000
11 56 2.500000
2 11 2.500000
107 18 2.500000
18 8 2.500000
9 19 2.500000
19 108 2.500000
55 106 2.500000
106 1 2.500000
1 121 2.500000
121 122 2.500000
109 2 2.500000
110 109 2.500000
104 102 2.500000
102 114 2.500000
115 102 2.500000
102 103 2.500000
105 104 2.500000
104 134 2.500000
134 133 2.500000
103 105 2.500000
116 115 2.500000
8 117 2.500000
117 118 2.500000
119 120 2.500000
120 116 2.500000
133 132 2.500000
132 131 2.500000
131 130 2.500000
130 129 2.500000
129 128 2.500000
128 9 2.500000
122 123 2.500000
123 124 2.500000
125 126 2.500000
126 127 2.500000
127 103 2.500000
114 113 2.500000
113 112 2.500000
112 111 2.500000
111 110 2.500000
103 135 2.500000
135 137 1.500000
138 136 1.500000
136 105 2.500000
70 155 2.196551
155 39 0.303449
44 156 0.850540
156 51 1.649460
50 157 0.151724
157 64 2.348276
23 158 0.466664
158 24 2.033356
124 159 0.820879
159 125 1.679121
118 160 1.333446
160 119 1.166554
157 156 2.048472
156 45 1.056289
45 155 6.209523
155 158 3.099914
158 160 6.816602
160 112 3.943456
112 159 0.882872
;
param s:=
0 142
1 152
2 138
3 138
4 144
5 144
6 152
7 140
8 140
9 142
10 146
11 142
12 140
13 150
14 140
15 148
16 146
17 148
18 152
19 150
20 144
21 148
22 138
23 140
24 154
25 150
27 154
28 140
29 142
30 146
31 138
32 138
33 144
34 140
35 148
36 140
37 152
38 144
39 146
40 140
41 150
42 144
43 146
44 144
45 138
46 148
47 146
48 144
49 148
50 146
51 148
52 152
53 140
54 144
56 140
57 150
58 144
59 146
61 144
62 150
63 142
64 150
65 154
66 138
67 138
68 148
69 140
71 152
73 154
74 146
75 138
77 138
78 142
79 142
80 146
81 148
83 142
84 142
86 138
87 146
88 146
90 146
91 138
92 138
93 142
94 152
97 142
98 148
99 138
100 157
;
param e:=
0 137
1 139
2 145
3 145
4 149
5 149
6 145
7 147
8 153
9 137
10 137
11 137
12 143
13 151
14 147
15 153
16 141
17 143
18 153
19 151
20 139
21 151
22 145
23 151
24 149
25 143
27 149
28 147
29 137
30 141
31 145
32 145
33 149
34 149
35 153
36 151
37 149
38 139
39 147
40 147
41 143
42 139
43 141
44 153
45 145
46 143
47 151
48 139
49 153
50 147
51 151
52 143
53 149
54 139
56 143
57 143
58 139
59 147
61 149
62 153
63 137
64 145
65 139
66 141
67 141
68 151
69 143
71 147
73 149
74 137
75 145
77 141
78 137
79 137
80 137
81 139
83 137
84 137
86 145
87 137
88 147
90 141
91 145
92 141
93 137
94 145
97 137
98 151
99 141
100 159
;
param v_min:=2.375
;
param v_max:=2.625
;
param :conflictsNodes: angle:=
0 7 8 1.000000
0 8 7 1.000000
1 2 121 1.154701
1 121 2 1.154701
1 2 106 1.000000
1 106 2 1.000000
1 106 121 1.000000
1 121 106 1.000000
2 3 11 1.000000
2 11 3 1.000000
2 3 109 1.154701
2 109 3 1.154701
2 1 3 1.000000
2 3 1 1.000000
2 1 11 1.000000
2 11 1 1.000000
2 1 109 1.000000
2 109 1 1.000000
2 11 109 1.000000
2 109 11 1.000000
3 2 4 1.000000
3 4 2 1.000000
4 3 5 1.000000
4 5 3 1.000000
5 4 6 1.000000
5 6 4 1.000000
6 5 7 1.000000
6 7 5 1.000000
7 0 6 1.000000
7 6 0 1.000000
8 0 9 1.000000
8 9 0 1.000000
8 0 117 1.154701
8 117 0 1.154701
8 0 18 1.000000
8 18 0 1.000000
8 9 117 1.000000
8 117 9 1.000000
8 9 18 1.000000
8 18 9 1.000000
8 18 117 1.000000
8 117 18 1.000000
9 8 10 1.000000
9 10 8 1.000000
9 8 19 1.000000
9 19 8 1.000000
9 8 128 1.154701
9 128 8 1.154701
9 10 19 1.000000
9 19 10 1.000000
9 10 128 1.000000
9 128 10 1.000000
9 19 128 1.000000
9 128 19 1.000000
10 9 21 1.000000
10 21 9 1.000000
11 2 12 1.000000
11 12 2 1.000000
11 2 56 1.000000
11 56 2 1.000000
11 12 56 1.000000
11 56 12 1.000000
12 11 13 1.000000
12 13 11 1.000000
13 12 14 1.000000
13 14 12 1.000000
14 13 15 1.000000
14 15 13 1.000000
15 14 16 1.000000
15 16 14 1.000000
16 15 17 1.000000
16 17 15 1.000000
17 16 18 1.000000
17 18 16 1.000000
18 17 19 1.000000
18 19 17 1.000000
18 17 107 1.000000
18 107 17 1.000000
18 8 17 1.000000
18 17 8 1.000000
18 8 19 1.000000
18 19 8 1.000000
18 8 107 1.000000
18 107 8 1.000000
18 19 107 1.000000
18 107 19 1.000000
19 9 18 1.000000
19 18 9 1.000000
19 9 108 1.000000
19 108 9 1.000000
19 9 20 1.000000
19 20 9 1.000000
19 18 108 1.000000
19 108 18 1.000000
19 18 20 1.000000
19 20 18 1.000000
19 20 108 1.000000
19 108 20 1.000000
20 19 26 1.000000
20 26 19 1.000000
21 10 22 1.000000
21 22 10 1.000000
22 21 23 1.000000
22 23 21 1.000000
25 24 33 1.000000
25 33 24 1.000000
26 20 27 1.000000
26 27 20 1.000000
27 26 28 1.000000
27 28 26 1.000000
28 27 29 1.000000
28 29 27 1.000000
29 28 30 1.000000
29 30 28 1.000000
30 29 39 1.000000
30 39 29 1.000000
31 36 94 1.000000
31 94 36 1.000000
31 36 77 1.000000
31 77 36 1.000000
31 32 36 1.000000
31 36 32 1.000000
31 32 94 1.000000
31 94 32 1.000000
31 32 77 1.000000
31 77 32 1.000000
31 77 94 1.000000
31 94 77 1.000000
32 31 38 1.000000
32 38 31 1.000000
32 31 79 1.000000
32 79 31 1.000000
32 31 95 1.000000
32 95 31 1.000000
32 38 79 1.000000
32 79 38 1.000000
32 38 95 1.000000
32 95 38 1.000000
32 79 95 1.000000
32 95 79 1.000000
33 25 69 1.000000
33 69 25 1.000000
34 35 96 1.000000
34 96 35 1.000000
34 35 40 1.000000
34 40 35 1.000000
34 35 79 1.000000
34 79 35 1.000000
34 40 96 1.000000
34 96 40 1.000000
34 40 79 1.000000
34 79 40 1.000000
34 79 96 1.000000
34 96 79 1.000000
35 34 41 1.000000
35 41 34 1.000000
35 34 81 1.000000
35 81 34 1.000000
35 34 97 1.000000
35 97 34 1.000000
35 41 81 1.000000
35 81 41 1.000000
35 41 97 1.000000
35 97 41 1.000000
35 81 97 1.189773
35 97 81 1.189773
36 31 78 1.000000
36 78 31 1.000000
36 31 37 1.000000
36 37 31 1.000000
36 31 38 1.000000
36 38 31 1.000000
36 37 78 1.000000
36 78 37 1.000000
36 37 38 1.000000
36 38 37 1.000000
36 38 78 1.000000
36 78 38 1.000000
37 36 45 1.000000
37 45 36 1.000000
38 32 43 1.000000
38 43 32 1.000000
38 32 36 1.000000
38 36 32 1.000000
38 32 80 1.000000
38 80 32 1.000000
38 43 80 1.000000
38 80 43 1.000000
38 36 43 1.000000
38 43 36 1.000000
38 36 80 1.000000
38 80 36 1.000000
40 41 80 1.000000
40 80 41 1.000000
40 41 53 1.000000
40 53 41 1.000000
40 34 41 1.000000
40 41 34 1.000000
40 34 80 1.000000
40 80 34 1.000000
40 34 53 1.000000
40 53 34 1.000000
40 53 80 1.000000
40 80 53 1.000000
41 35 40 1.000000
41 40 35 1.000000
41 35 42 1.000000
41 42 35 1.000000
41 35 87 1.189773
41 87 35 1.189773
41 40 42 1.000000
41 42 40 1.000000
41 40 87 1.000000
41 87 40 1.000000
41 42 87 1.000000
41 87 42 1.000000
42 41 48 1.000000
42 48 41 1.000000
43 38 44 1.000000
43 44 38 1.000000
44 43 46 1.000000
44 46 43 1.000000
44 43 45 1.000000
44 45 43 1.000000
44 45 46 1.000000
44 46 45 1.000000
45 37 44 1.000000
45 44 37 1.000000
45 37 52 1.000000
45 52 37 1.000000
45 44 52 1.000000
45 52 44 1.000000
46 44 47 1.000000
46 47 44 1.000000
47 46 48 1.000000
47 48 46 1.000000
47 46 53 1.000000
47 53 46 1.000000
47 46 50 1.000000
47 50 46 1.000000
47 48 53 1.000000
47 53 48 1.000000
47 48 50 1.000000
47 50 48 1.000000
47 50 53 1.000000
47 53 50 1.000000
48 42 47 1.000000
48 47 42 1.000000
48 42 49 1.000000
48 49 42 1.000000
48 42 61 1.000000
48 61 42 1.000000
48 47 49 1.000000
48 49 47 1.000000
48 47 61 1.000000
48 61 47 1.000000
48 49 61 1.000000
48 61 49 1.000000
49 48 50 1.000000
49 50 48 1.000000
49 48 99 1.000000
49 99 48 1.000000
49 48 65 1.000000
49 65 48 1.000000
49 50 99 1.000000
49 99 50 1.000000
49 50 65 1.000000
49 65 50 1.000000
49 65 99 1.000000
49 99 65 1.000000
50 49 98 1.000000
50 98 49 1.000000
50 47 49 1.000000
50 49 47 1.000000
50 47 98 1.000000
50 98 47 1.000000
51 52 101 1.000000
51 101 52 1.000000
51 52 64 1.000000
51 64 52 1.000000
51 64 101 1.000000
51 101 64 1.000000
52 51 100 1.000000
52 100 51 1.000000
52 45 51 1.000000
52 51 45 1.000000
52 45 100 1.000000
52 100 45 1.000000
53 40 47 1.000000
53 47 40 1.000000
55 57 106 1.000000
55 106 57 1.000000
56 11 58 1.000000
56 58 11 1.000000
57 55 59 1.000000
57 59 55 1.000000
58 56 60 1.000000
58 60 56 1.000000
61 48 62 1.000000
61 62 48 1.000000
62 61 63 1.000000
62 63 61 1.000000
63 54 62 1.000000
63 62 54 1.000000
65 49 66 1.000000
65 66 49 1.000000
66 65 67 1.000000
66 67 65 1.000000
67 66 68 1.000000
67 68 66 1.000000
69 33 71 1.000000
69 71 33 1.000000
71 69 73 1.000000
71 73 69 1.000000
72 70 74 1.000000
72 74 70 1.000000
73 71 75 1.000000
73 75 71 1.000000
74 72 76 1.000000
74 76 72 1.000000
75 73 77 1.000000
75 77 73 1.000000
76 74 78 1.000000
76 78 74 1.000000
77 31 75 1.000000
77 75 31 1.000000
78 36 76 1.000000
78 76 36 1.000000
79 32 34 1.000000
79 34 32 1.000000
80 38 40 1.000000
80 40 38 1.000000
81 35 82 1.000000
81 82 35 1.000000
82 81 83 1.000000
82 83 81 1.000000
83 82 84 1.000000
83 84 82 1.000000
84 83 85 1.000000
84 85 83 1.000000
85 84 86 1.000000
85 86 84 1.000000
87 41 88 1.000000
87 88 41 1.000000
88 87 89 1.000000
88 89 87 1.000000
89 88 90 1.000000
89 90 88 1.000000
90 89 91 1.000000
90 91 89 1.000000
91 90 92 1.000000
91 92 90 1.000000
92 91 93 1.000000
92 93 91 1.000000
102 104 114 1.000000
102 114 104 1.000000
102 104 115 1.000000
102 115 104 1.000000
102 114 115 1.154701
102 115 114 1.154701
102 103 104 1.154701
102 104 103 1.154701
102 103 114 1.000000
102 114 103 1.000000
102 103 115 1.000000
102 115 103 1.000000
103 102 105 1.000000
103 105 102 1.000000
103 102 135 1.000000
103 135 102 1.000000
103 102 127 1.154701
103 127 102 1.154701
103 105 135 1.154701
103 135 105 1.154701
103 105 127 1.000000
103 127 105 1.000000
103 127 135 1.000000
103 135 127 1.000000
104 102 134 1.154701
104 134 102 1.154701
104 102 105 1.000000
104 105 102 1.000000
104 105 134 1.000000
104 134 105 1.000000
105 103 104 1.154701
105 104 103 1.154701
105 103 136 1.000000
105 136 103 1.000000
105 104 136 1.000000
105 136 104 1.000000
106 1 55 1.000000
106 55 1 1.000000
109 2 110 1.000000
109 110 2 1.000000
110 109 111 1.000000
110 111 109 1.000000
111 110 112 1.000000
111 112 110 1.000000
112 111 113 1.000000
112 113 111 1.000000
113 112 114 1.000000
113 114 112 1.000000
114 102 113 1.000000
114 113 102 1.000000
115 102 116 1.000000
115 116 102 1.000000
116 115 120 1.000000
116 120 115 1.000000
117 8 118 1.000000
117 118 8 1.000000
120 116 119 1.000000
120 119 116 1.000000
121 1 122 1.000000
121 122 1 1.000000
122 121 123 1.000000
122 123 121 1.000000
123 122 124 1.000000
123 124 122 1.000000
126 125 127 1.000000
126 127 125 1.000000
127 103 126 1.000000
127 126 103 1.000000
128 9 129 1.000000
128 129 9 1.000000
129 128 130 1.000000
129 130 128 1.000000
130 129 131 1.000000
130 131 129 1.000000
131 130 132 1.000000
131 132 130 1.000000
132 131 133 1.000000
132 133 131 1.000000
133 132 134 1.000000
133 134 132 1.000000
134 104 133 1.000000
134 133 104 1.000000
155 70 39 1.000000
155 39 70 1.000000
39 155 30 1.000000
39 30 155 1.000000
70 155 72 1.000000
70 72 155 1.000000
156 44 51 1.000000
156 51 44 1.000000
44 156 43 1.000000
44 43 156 1.000000
44 156 45 1.000000
44 45 156 1.000000
44 156 46 1.000000
44 46 156 1.000000
51 156 52 1.000000
51 52 156 1.000000
51 156 64 1.000000
51 64 156 1.000000
51 156 101 1.000000
51 101 156 1.000000
157 50 64 1.000000
157 64 50 1.000000
50 157 47 1.000000
50 47 157 1.000000
50 157 49 1.000000
50 49 157 1.000000
64 157 51 1.000000
64 51 157 1.000000
50 157 98 1.000000
50 98 157 1.000000
158 23 24 1.000000
158 24 23 1.000000
23 158 22 1.000000
23 22 158 1.000000
24 158 25 1.000000
24 25 158 1.000000
159 124 125 1.000000
159 125 124 1.000000
124 159 123 1.000000
124 123 159 1.000000
125 159 126 1.000000
125 126 159 1.000000
160 118 119 1.000000
160 119 118 1.000000
118 160 117 1.000000
118 117 160 1.000000
119 160 120 1.000000
119 120 160 1.000000
156 157 45 1.000000
156 45 157 1.000000
45 156 155 1.000000
45 155 156 1.000000
155 45 158 1.000000
155 158 45 1.000000
158 155 160 1.000000
158 160 155 1.000000
160 158 112 1.000000
160 112 158 1.000000
112 160 159 1.000000
112 159 160 1.000000
157 50 156 1.000000
157 156 50 1.000000
157 64 156 3.104762
157 156 64 3.104762
156 44 157 1.000000
156 157 44 1.000000
156 44 45 1.056289
156 45 44 1.056289
156 51 157 1.056289
156 157 51 1.056289
156 51 45 1.000000
156 45 51 1.000000
45 37 156 1.000000
45 156 37 1.000000
45 37 155 1.056289
45 155 37 1.056289
45 44 156 3.104762
45 156 44 3.104762
45 44 155 1.000000
45 155 44 1.000000
45 52 156 1.056289
45 156 52 1.056289
45 52 155 1.000000
45 155 52 1.000000
155 70 45 3.104762
155 45 70 3.104762
155 70 158 1.000000
155 158 70 1.000000
155 39 45 1.000000
155 45 39 1.000000
155 39 158 3.104762
155 158 39 3.104762
158 23 155 1.000000
158 155 23 1.000000
158 23 160 3.183140
158 160 23 3.183140
158 24 155 3.087345
158 155 24 3.087345
158 24 160 1.000000
158 160 24 1.000000
160 118 158 1.517837
160 158 118 1.517837
160 118 112 1.000000
160 112 118 1.000000
160 119 158 1.000000
160 158 119 1.000000
160 119 112 1.517837
160 112 119 1.517837
112 113 160 1.019453
112 160 113 1.019453
112 113 159 1.000000
112 159 113 1.000000
112 111 160 1.000000
112 160 111 1.000000
112 111 159 1.019453
112 159 111 1.019453
159 124 112 1.000000
159 112 124 1.000000
159 125 112 1.019453
159 112 125 1.019453
;
param D:=0.5;
param t_hat_ear:=
0 142 2.0
0 59 3.0
0 57 4.0
0 55 5.0
0 106 6.0
0 1 7.0
0 121 8.0
0 122 9.0
0 123 10.0
0 124 11.0
0 159 11.328351439926022
0 125 12.0
0 126 13.0
0 127 14.0
0 103 15.0
0 135 16.0
0 137 17.0
1 152 0.0
1 100 1.0
1 52 2.0
1 45 3.0
1 44 4.0
1 46 5.0
1 47 6.0
1 53 7.0
1 40 8.0
1 34 9.0
1 35 10.0
1 81 11.0
1 82 12.0
1 83 13.0
1 84 14.0
1 85 15.0
1 86 16.0
1 139 17.0
2 138 0.0
2 136 1.0
2 105 2.0
2 104 3.0
2 134 4.0
2 133 5.0
2 132 6.0
2 131 7.0
2 130 8.0
2 129 9.0
2 128 10.0
2 9 11.0
2 19 12.0
2 108 13.0
2 145 14.0
3 138 2.0
3 136 3.0
3 105 4.0
3 104 5.0
3 134 6.0
3 133 7.0
3 132 8.0
3 131 9.0
3 130 10.0
3 129 11.0
3 128 12.0
3 9 13.0
3 19 14.0
3 108 15.0
3 145 16.0
4 144 3.0
4 68 4.0
4 67 5.0
4 66 6.0
4 65 7.0
4 49 8.0
4 50 9.0
4 47 10.0
4 53 11.0
4 40 12.0
4 34 13.0
4 96 14.0
4 149 15.0
5 144 5.0
5 68 6.0
5 67 7.0
5 66 8.0
5 65 9.0
5 49 10.0
5 50 11.0
5 47 12.0
5 53 13.0
5 40 14.0
5 34 15.0
5 96 16.0
5 149 17.0
6 152 2.0
6 100 3.0
6 52 4.0
6 45 5.0
6 37 6.0
6 36 7.0
6 78 8.0
6 76 9.0
6 74 10.0
6 72 11.0
6 70 12.0
6 155 12.8786204584117
6 39 13.0
6 30 14.0
6 29 15.0
6 28 16.0
6 27 17.0
6 26 18.0
6 20 19.0
6 19 20.0
6 108 21.0
6 145 22.0
7 140 7.0
7 93 8.0
7 92 9.0
7 91 10.0
7 90 11.0
7 89 12.0
7 88 13.0
7 87 14.0
7 41 15.0
7 40 16.0
7 80 17.0
7 38 18.0
7 36 19.0
7 31 20.0
7 94 21.0
7 147 22.0
8 140 3.0
8 93 4.0
8 92 5.0
8 91 6.0
8 90 7.0
8 89 8.0
8 88 9.0
8 87 10.0
8 41 11.0
8 42 12.0
8 48 13.0
8 49 14.0
8 99 15.0
8 153 16.0
9 142 7.0
9 59 8.0
9 57 9.0
9 55 10.0
9 106 11.0
9 1 12.0
9 121 13.0
9 122 14.0
9 123 15.0
9 124 16.0
9 159 16.32835143992602
9 125 17.0
9 126 18.0
9 127 19.0
9 103 20.0
9 135 21.0
9 137 22.0
10 146 7.0
10 107 8.0
10 18 9.0
10 8 10.0
10 117 11.0
10 118 12.0
10 160 12.533378349430386
10 119 13.0
10 120 14.0
10 116 15.0
10 115 16.0
10 102 17.0
10 103 18.0
10 135 19.0
10 137 20.0
11 142 0.0
11 59 1.0
11 57 2.0
11 55 3.0
11 106 4.0
11 1 5.0
11 121 6.0
11 122 7.0
11 123 8.0
11 124 9.0
11 159 9.328351439926022
11 125 10.0
11 126 11.0
11 127 12.0
11 103 13.0
11 135 14.0
11 137 15.0
12 140 1.0
12 93 2.0
12 92 3.0
12 91 4.0
12 90 5.0
12 89 6.0
12 88 7.0
12 87 8.0
12 41 9.0
12 42 10.0
12 48 11.0
12 61 12.0
12 62 13.0
12 63 14.0
12 54 15.0
12 143 16.0
13 150 0.0
13 97 1.0
13 35 2.0
13 41 3.0
13 40 4.0
13 80 5.0
13 38 6.0
13 43 7.0
13 44 8.0
13 156 8.340215874480926
13 51 9.0
13 101 10.0
13 151 11.0
14 140 9.0
14 93 10.0
14 92 11.0
14 91 12.0
14 90 13.0
14 89 14.0
14 88 15.0
14 87 16.0
14 41 17.0
14 40 18.0
14 80 19.0
14 38 20.0
14 36 21.0
14 31 22.0
14 94 23.0
14 147 24.0
15 148 9.0
15 95 10.0
15 32 11.0
15 38 12.0
15 43 13.0
15 44 14.0
15 46 15.0
15 47 16.0
15 48 17.0
15 49 18.0
15 99 19.0
15 153 20.0
16 146 9.0
16 107 10.0
16 18 11.0
16 17 12.0
16 16 13.0
16 15 14.0
16 14 15.0
16 13 16.0
16 12 17.0
16 11 18.0
16 56 19.0
16 58 20.0
16 60 21.0
16 141 22.0
17 148 1.0
17 95 2.0
17 32 3.0
17 38 4.0
17 43 5.0
17 44 6.0
17 46 7.0
17 47 8.0
17 48 9.0
17 61 10.0
17 62 11.0
17 63 12.0
17 54 13.0
17 143 14.0
18 152 8.0
18 100 9.0
18 52 10.0
18 45 11.0
18 44 12.0
18 46 13.0
18 47 14.0
18 48 15.0
18 49 16.0
18 99 17.0
18 153 18.0
19 150 2.0
19 97 3.0
19 35 4.0
19 41 5.0
19 40 6.0
19 80 7.0
19 38 8.0
19 43 9.0
19 44 10.0
19 156 10.340215874480926
19 51 11.0
19 101 12.0
19 151 13.0
20 144 21.0
20 68 22.0
20 67 23.0
20 66 24.0
20 65 25.0
20 49 26.0
20 50 27.0
20 47 28.0
20 53 29.0
20 40 30.0
20 34 31.0
20 35 32.0
20 81 33.0
20 82 34.0
20 83 35.0
20 84 36.0
20 85 37.0
20 86 38.0
20 139 39.0
21 148 11.0
21 95 12.0
21 32 13.0
21 38 14.0
21 43 15.0
21 44 16.0
21 156 16.340215874480926
21 51 17.0
21 101 18.0
21 151 19.0
22 138 13.0
22 136 14.0
22 105 15.0
22 104 16.0
22 134 17.0
22 133 18.0
22 132 19.0
22 131 20.0
22 130 21.0
22 129 22.0
22 128 23.0
22 9 24.0
22 19 25.0
22 108 26.0
22 145 27.0
23 140 13.0
23 93 14.0
23 92 15.0
23 91 16.0
23 90 17.0
23 89 18.0
23 88 19.0
23 87 20.0
23 41 21.0
23 40 22.0
23 80 23.0
23 38 24.0
23 43 25.0
23 44 26.0
23 156 26.340215874480926
23 51 27.0
23 101 28.0
23 151 29.0
24 154 15.0
24 98 16.0
24 50 17.0
24 47 18.0
24 53 19.0
24 40 20.0
24 34 21.0
24 96 22.0
24 149 23.0
25 150 16.0
25 97 17.0
25 35 18.0
25 41 19.0
25 42 20.0
25 48 21.0
25 61 22.0
25 62 23.0
25 63 24.0
25 54 25.0
25 143 26.0
27 154 27.0
27 98 28.0
27 50 29.0
27 47 30.0
27 53 31.0
27 40 32.0
27 34 33.0
27 96 34.0
27 149 35.0
28 140 25.0
28 93 26.0
28 92 27.0
28 91 28.0
28 90 29.0
28 89 30.0
28 88 31.0
28 87 32.0
28 41 33.0
28 40 34.0
28 80 35.0
28 38 36.0
28 36 37.0
28 31 38.0
28 94 39.0
28 147 40.0
29 142 10.0
29 59 11.0
29 57 12.0
29 55 13.0
29 106 14.0
29 1 15.0
29 121 16.0
29 122 17.0
29 123 18.0
29 124 19.0
29 159 19.32835143992602
29 125 20.0
29 126 21.0
29 127 22.0
29 103 23.0
29 135 24.0
29 137 25.0
30 146 13.0
30 107 14.0
30 18 15.0
30 17 16.0
30 16 17.0
30 15 18.0
30 14 19.0
30 13 20.0
30 12 21.0
30 11 22.0
30 56 23.0
30 58 24.0
30 60 25.0
30 141 26.0
31 138 10.0
31 136 11.0
31 105 12.0
31 104 13.0
31 134 14.0
31 133 15.0
31 132 16.0
31 131 17.0
31 130 18.0
31 129 19.0
31 128 20.0
31 9 21.0
31 19 22.0
31 108 23.0
31 145 24.0
32 138 15.0
32 136 16.0
32 105 17.0
32 104 18.0
32 134 19.0
32 133 20.0
32 132 21.0
32 131 22.0
32 130 23.0
32 129 24.0
32 128 25.0
32 9 26.0
32 19 27.0
32 108 28.0
32 145 29.0
33 144 15.0
33 68 16.0
33 67 17.0
33 66 18.0
33 65 19.0
33 49 20.0
33 50 21.0
33 47 22.0
33 53 23.0
33 40 24.0
33 34 25.0
33 96 26.0
33 149 27.0
34 140 19.0
34 93 20.0
34 92 21.0
34 91 22.0
34 90 23.0
34 89 24.0
34 88 25.0
34 87 26.0
34 41 27.0
34 40 28.0
34 34 29.0
34 96 30.0
34 149 31.0
35 148 19.0
35 95 20.0
35 32 21.0
35 38 22.0
35 43 23.0
35 44 24.0
35 46 25.0
35 47 26.0
35 48 27.0
35 49 28.0
35 99 29.0
35 153 30.0
36 140 27.0
36 93 28.0
36 92 29.0
36 91 30.0
36 90 31.0
36 89 32.0
36 88 33.0
36 87 34.0
36 41 35.0
36 40 36.0
36 80 37.0
36 38 38.0
36 43 39.0
36 44 40.0
36 156 40.340215874480926
36 51 41.0
36 101 42.0
36 151 43.0
37 152 18.0
37 100 19.0
37 52 20.0
37 45 21.0
37 44 22.0
37 46 23.0
37 47 24.0
37 53 25.0
37 40 26.0
37 34 27.0
37 96 28.0
37 149 29.0
38 144 29.0
38 68 30.0
38 67 31.0
38 66 32.0
38 65 33.0
38 49 34.0
38 50 35.0
38 47 36.0
38 53 37.0
38 40 38.0
38 34 39.0
38 35 40.0
38 81 41.0
38 82 42.0
38 83 43.0
38 84 44.0
38 85 45.0
38 86 46.0
38 139 47.0
39 146 11.0
39 107 12.0
39 18 13.0
39 8 14.0
39 9 15.0
39 10 16.0
39 21 17.0
39 22 18.0
39 23 19.0
39 158 19.18666559142389
39 24 20.0
39 25 21.0
39 33 22.0
39 69 23.0
39 71 24.0
39 73 25.0
39 75 26.0
39 77 27.0
39 31 28.0
39 94 29.0
39 147 30.0
40 140 35.0
40 93 36.0
40 92 37.0
40 91 38.0
40 90 39.0
40 89 40.0
40 88 41.0
40 87 42.0
40 41 43.0
40 40 44.0
40 80 45.0
40 38 46.0
40 36 47.0
40 31 48.0
40 94 49.0
40 147 50.0
41 150 26.0
41 97 27.0
41 35 28.0
41 41 29.0
41 42 30.0
41 48 31.0
41 61 32.0
41 62 33.0
41 63 34.0
41 54 35.0
41 143 36.0
42 144 39.0
42 68 40.0
42 67 41.0
42 66 42.0
42 65 43.0
42 49 44.0
42 50 45.0
42 47 46.0
42 53 47.0
42 40 48.0
42 34 49.0
42 35 50.0
42 81 51.0
42 82 52.0
42 83 53.0
42 84 54.0
42 85 55.0
42 86 56.0
42 139 57.0
43 146 20.0
43 107 21.0
43 18 22.0
43 17 23.0
43 16 24.0
43 15 25.0
43 14 26.0
43 13 27.0
43 12 28.0
43 11 29.0
43 56 30.0
43 58 31.0
43 60 32.0
43 141 33.0
44 144 27.0
44 68 28.0
44 67 29.0
44 66 30.0
44 65 31.0
44 49 32.0
44 99 33.0
44 153 34.0
45 138 23.0
45 136 24.0
45 105 25.0
45 104 26.0
45 134 27.0
45 133 28.0
45 132 29.0
45 131 30.0
45 130 31.0
45 129 32.0
45 128 33.0
45 9 34.0
45 19 35.0
45 108 36.0
45 145 37.0
46 148 25.0
46 95 26.0
46 32 27.0
46 38 28.0
46 43 29.0
46 44 30.0
46 46 31.0
46 47 32.0
46 48 33.0
46 61 34.0
46 62 35.0
46 63 36.0
46 54 37.0
46 143 38.0
47 146 24.0
47 107 25.0
47 18 26.0
47 8 27.0
47 9 28.0
47 10 29.0
47 21 30.0
47 22 31.0
47 23 32.0
47 158 32.18666559142389
47 24 33.0
47 25 34.0
47 33 35.0
47 69 36.0
47 71 37.0
47 73 38.0
47 75 39.0
47 77 40.0
47 31 41.0
47 32 42.0
47 38 43.0
47 43 44.0
47 44 45.0
47 156 45.340215874480926
47 51 46.0
47 101 47.0
47 151 48.0
48 144 49.0
48 68 50.0
48 67 51.0
48 66 52.0
48 65 53.0
48 49 54.0
48 50 55.0
48 47 56.0
48 53 57.0
48 40 58.0
48 34 59.0
48 35 60.0
48 81 61.0
48 82 62.0
48 83 63.0
48 84 64.0
48 85 65.0
48 86 66.0
48 139 67.0
49 148 37.0
49 95 38.0
49 32 39.0
49 38 40.0
49 43 41.0
49 44 42.0
49 46 43.0
49 47 44.0
49 48 45.0
49 49 46.0
49 99 47.0
49 153 48.0
50 146 28.0
50 107 29.0
50 18 30.0
50 8 31.0
50 9 32.0
50 10 33.0
50 21 34.0
50 22 35.0
50 23 36.0
50 158 36.18666559142389
50 24 37.0
50 25 38.0
50 33 39.0
50 69 40.0
50 71 41.0
50 73 42.0
50 75 43.0
50 77 44.0
50 31 45.0
50 94 46.0
50 147 47.0
51 148 23.0
51 95 24.0
51 32 25.0
51 38 26.0
51 43 27.0
51 44 28.0
51 156 28.340215874480926
51 51 29.0
51 101 30.0
51 151 31.0
52 152 28.0
52 100 29.0
52 52 30.0
52 45 31.0
52 44 32.0
52 46 33.0
52 47 34.0
52 48 35.0
52 61 36.0
52 62 37.0
52 63 38.0
52 54 39.0
52 143 40.0
53 140 37.0
53 93 38.0
53 92 39.0
53 91 40.0
53 90 41.0
53 89 42.0
53 88 43.0
53 87 44.0
53 41 45.0
53 40 46.0
53 34 47.0
53 96 48.0
53 149 49.0
54 144 33.0
54 68 34.0
54 67 35.0
54 66 36.0
54 65 37.0
54 49 38.0
54 50 39.0
54 47 40.0
54 53 41.0
54 40 42.0
54 34 43.0
54 35 44.0
54 81 45.0
54 82 46.0
54 83 47.0
54 84 48.0
54 85 49.0
54 86 50.0
54 139 51.0
56 140 29.0
56 93 30.0
56 92 31.0
56 91 32.0
56 90 33.0
56 89 34.0
56 88 35.0
56 87 36.0
56 41 37.0
56 42 38.0
56 48 39.0
56 61 40.0
56 62 41.0
56 63 42.0
56 54 43.0
56 143 44.0
57 150 20.0
57 97 21.0
57 35 22.0
57 41 23.0
57 42 24.0
57 48 25.0
57 61 26.0
57 62 27.0
57 63 28.0
57 54 29.0
57 143 30.0
58 144 31.0
58 68 32.0
58 67 33.0
58 66 34.0
58 65 35.0
58 49 36.0
58 50 37.0
58 47 38.0
58 53 39.0
58 40 40.0
58 34 41.0
58 35 42.0
58 81 43.0
58 82 44.0
58 83 45.0
58 84 46.0
58 85 47.0
58 86 48.0
58 139 49.0
59 146 26.0
59 107 27.0
59 18 28.0
59 8 29.0
59 9 30.0
59 10 31.0
59 21 32.0
59 22 33.0
59 23 34.0
59 158 34.18666559142389
59 24 35.0
59 25 36.0
59 33 37.0
59 69 38.0
59 71 39.0
59 73 40.0
59 75 41.0
59 77 42.0
59 31 43.0
59 94 44.0
59 147 45.0
61 144 47.0
61 68 48.0
61 67 49.0
61 66 50.0
61 65 51.0
61 49 52.0
61 50 53.0
61 47 54.0
61 53 55.0
61 40 56.0
61 34 57.0
61 96 58.0
61 149 59.0
62 150 36.0
62 97 37.0
62 35 38.0
62 41 39.0
62 42 40.0
62 48 41.0
62 49 42.0
62 99 43.0
62 153 44.0
63 142 30.0
63 59 31.0
63 57 32.0
63 55 33.0
63 106 34.0
63 1 35.0
63 121 36.0
63 122 37.0
63 123 38.0
63 124 39.0
63 159 39.328351439926024
63 125 40.0
63 126 41.0
63 127 42.0
63 103 43.0
63 135 44.0
63 137 45.0
64 150 46.0
64 97 47.0
64 35 48.0
64 41 49.0
64 40 50.0
64 80 51.0
64 38 52.0
64 36 53.0
64 78 54.0
64 76 55.0
64 74 56.0
64 72 57.0
64 70 58.0
64 155 58.8786204584117
64 39 59.0
64 30 60.0
64 29 61.0
64 28 62.0
64 27 63.0
64 26 64.0
64 20 65.0
64 19 66.0
64 108 67.0
64 145 68.0
65 154 47.0
65 98 48.0
65 50 49.0
65 47 50.0
65 53 51.0
65 40 52.0
65 34 53.0
65 35 54.0
65 81 55.0
65 82 56.0
65 83 57.0
65 84 58.0
65 85 59.0
65 86 60.0
65 139 61.0
66 138 30.0
66 136 31.0
66 105 32.0
66 104 33.0
66 102 34.0
66 114 35.0
66 113 36.0
66 112 37.0
66 111 38.0
66 110 39.0
66 109 40.0
66 2 41.0
66 11 42.0
66 56 43.0
66 58 44.0
66 60 45.0
66 141 46.0
67 138 32.0
67 136 33.0
67 105 34.0
67 104 35.0
67 102 36.0
67 114 37.0
67 113 38.0
67 112 39.0
67 111 40.0
67 110 41.0
67 109 42.0
67 2 43.0
67 11 44.0
67 56 45.0
67 58 46.0
67 60 47.0
67 141 48.0
68 148 30.0
68 95 31.0
68 32 32.0
68 38 33.0
68 43 34.0
68 44 35.0
68 156 35.340215874480926
68 51 36.0
68 101 37.0
68 151 38.0
69 140 33.0
69 93 34.0
69 92 35.0
69 91 36.0
69 90 37.0
69 89 38.0
69 88 39.0
69 87 40.0
69 41 41.0
69 42 42.0
69 48 43.0
69 61 44.0
69 62 45.0
69 63 46.0
69 54 47.0
69 143 48.0
71 152 30.0
71 100 31.0
71 52 32.0
71 45 33.0
71 37 34.0
71 36 35.0
71 31 36.0
71 94 37.0
71 147 38.0
73 154 49.0
73 98 50.0
73 50 51.0
73 47 52.0
73 53 53.0
73 40 54.0
73 34 55.0
73 96 56.0
73 149 57.0
74 146 34.0
74 107 35.0
74 18 36.0
74 8 37.0
74 117 38.0
74 118 39.0
74 160 39.533378349430386
74 119 40.0
74 120 41.0
74 116 42.0
74 115 43.0
74 102 44.0
74 103 45.0
74 135 46.0
74 137 47.0
75 138 34.0
75 136 35.0
75 105 36.0
75 104 37.0
75 134 38.0
75 133 39.0
75 132 40.0
75 131 41.0
75 130 42.0
75 129 43.0
75 128 44.0
75 9 45.0
75 19 46.0
75 108 47.0
75 145 48.0
77 138 38.0
77 136 39.0
77 105 40.0
77 104 41.0
77 102 42.0
77 114 43.0
77 113 44.0
77 112 45.0
77 111 46.0
77 110 47.0
77 109 48.0
77 2 49.0
77 11 50.0
77 56 51.0
77 58 52.0
77 60 53.0
77 141 54.0
78 142 34.0
78 59 35.0
78 57 36.0
78 55 37.0
78 106 38.0
78 1 39.0
78 121 40.0
78 122 41.0
78 123 42.0
78 124 43.0
78 159 43.328351439926024
78 125 44.0
78 126 45.0
78 127 46.0
78 103 47.0
78 135 48.0
78 137 49.0
79 142 36.0
79 59 37.0
79 57 38.0
79 55 39.0
79 106 40.0
79 1 41.0
79 121 42.0
79 122 43.0
79 123 44.0
79 124 45.0
79 159 45.328351439926024
79 125 46.0
79 126 47.0
79 127 48.0
79 103 49.0
79 135 50.0
79 137 51.0
80 146 40.0
80 107 41.0
80 18 42.0
80 8 43.0
80 117 44.0
80 118 45.0
80 160 45.533378349430386
80 119 46.0
80 120 47.0
80 116 48.0
80 115 49.0
80 102 50.0
80 103 51.0
80 135 52.0
80 137 53.0
81 148 47.0
81 95 48.0
81 32 49.0
81 79 50.0
81 34 51.0
81 35 52.0
81 81 53.0
81 82 54.0
81 83 55.0
81 84 56.0
81 85 57.0
81 86 58.0
81 139 59.0
83 142 40.0
83 59 41.0
83 57 42.0
83 55 43.0
83 106 44.0
83 1 45.0
83 121 46.0
83 122 47.0
83 123 48.0
83 124 49.0
83 159 49.328351439926024
83 125 50.0
83 126 51.0
83 127 52.0
83 103 53.0
83 135 54.0
83 137 55.0
84 142 42.0
84 59 43.0
84 57 44.0
84 55 45.0
84 106 46.0
84 1 47.0
84 121 48.0
84 122 49.0
84 123 50.0
84 124 51.0
84 159 51.328351439926024
84 125 52.0
84 126 53.0
84 127 54.0
84 103 55.0
84 135 56.0
84 137 57.0
86 138 42.0
86 136 43.0
86 105 44.0
86 104 45.0
86 134 46.0
86 133 47.0
86 132 48.0
86 131 49.0
86 130 50.0
86 129 51.0
86 128 52.0
86 9 53.0
86 19 54.0
86 108 55.0
86 145 56.0
87 146 46.0
87 107 47.0
87 18 48.0
87 8 49.0
87 117 50.0
87 118 51.0
87 160 51.533378349430386
87 119 52.0
87 120 53.0
87 116 54.0
87 115 55.0
87 102 56.0
87 103 57.0
87 135 58.0
87 137 59.0
88 146 44.0
88 107 45.0
88 18 46.0
88 8 47.0
88 9 48.0
88 10 49.0
88 21 50.0
88 22 51.0
88 23 52.0
88 158 52.18666559142389
88 24 53.0
88 25 54.0
88 33 55.0
88 69 56.0
88 71 57.0
88 73 58.0
88 75 59.0
88 77 60.0
88 31 61.0
88 94 62.0
88 147 63.0
90 146 49.0
90 107 50.0
90 18 51.0
90 17 52.0
90 16 53.0
90 15 54.0
90 14 55.0
90 13 56.0
90 12 57.0
90 11 58.0
90 56 59.0
90 58 60.0
90 60 61.0
90 141 62.0
91 138 40.0
91 136 41.0
91 105 42.0
91 104 43.0
91 134 44.0
91 133 45.0
91 132 46.0
91 131 47.0
91 130 48.0
91 129 49.0
91 128 50.0
91 9 51.0
91 19 52.0
91 108 53.0
91 145 54.0
92 138 49.0
92 136 50.0
92 105 51.0
92 104 52.0
92 102 53.0
92 114 54.0
92 113 55.0
92 112 56.0
92 111 57.0
92 110 58.0
92 109 59.0
92 2 60.0
92 11 61.0
92 56 62.0
92 58 63.0
92 60 64.0
92 141 65.0
93 142 46.0
93 59 47.0
93 57 48.0
93 55 49.0
93 106 50.0
93 1 51.0
93 121 52.0
93 122 53.0
93 123 54.0
93 124 55.0
93 159 55.328351439926024
93 125 56.0
93 126 57.0
93 127 58.0
93 103 59.0
93 135 60.0
93 137 61.0
94 152 40.0
94 100 41.0
94 52 42.0
94 45 43.0
94 37 44.0
94 36 45.0
94 78 46.0
94 76 47.0
94 74 48.0
94 72 49.0
94 70 50.0
94 155 50.8786204584117
94 39 51.0
94 30 52.0
94 29 53.0
94 28 54.0
94 27 55.0
94 26 56.0
94 20 57.0
94 19 58.0
94 108 59.0
94 145 60.0
97 142 48.0
97 59 49.0
97 57 50.0
97 55 51.0
97 106 52.0
97 1 53.0
97 121 54.0
97 122 55.0
97 123 56.0
97 124 57.0
97 159 57.328351439926024
97 125 58.0
97 126 59.0
97 127 60.0
97 103 61.0
97 135 62.0
97 137 63.0
98 148 45.0
98 95 46.0
98 32 47.0
98 38 48.0
98 43 49.0
98 44 50.0
98 156 50.340215874480926
98 51 51.0
98 101 52.0
98 151 53.0
99 138 44.0
99 136 45.0
99 105 46.0
99 104 47.0
99 102 48.0
99 114 49.0
99 113 50.0
99 112 51.0
99 111 52.0
99 110 53.0
99 109 54.0
99 2 55.0
99 11 56.0
99 56 57.0
99 58 58.0
99 60 59.0
99 141 60.0
100 157 12
100 156 14.048472420461017
100 45 15.104761604940732
100 155 21.314284814822194
100 158 24.414198318871765
100 160 31.230800263005932
100 112 35.17425611005531
100 159 36.057128257184004
;
param t_hat_lat:=
0 142 3.0
0 59 4.0
0 57 5.0
0 55 6.0
0 106 7.0
0 1 8.0
0 121 9.0
0 122 10.0
0 123 11.0
0 124 12.0
0 159 12.328351439926022
0 125 13.0
0 126 14.0
0 127 15.0
0 103 16.0
0 135 17.0
0 137 18.0
1 152 1.0
1 100 2.0
1 52 3.0
1 45 4.0
1 44 5.0
1 46 6.0
1 47 7.0
1 53 8.0
1 40 9.0
1 34 10.0
1 35 11.0
1 81 12.0
1 82 13.0
1 83 14.0
1 84 15.0
1 85 16.0
1 86 17.0
1 139 18.0
2 138 1.0
2 136 2.0
2 105 3.0
2 104 4.0
2 134 5.0
2 133 6.0
2 132 7.0
2 131 8.0
2 130 9.0
2 129 10.0
2 128 11.0
2 9 12.0
2 19 13.0
2 108 14.0
2 145 15.0
3 138 3.0
3 136 4.0
3 105 5.0
3 104 6.0
3 134 7.0
3 133 8.0
3 132 9.0
3 131 10.0
3 130 11.0
3 129 12.0
3 128 13.0
3 9 14.0
3 19 15.0
3 108 16.0
3 145 17.0
4 144 4.0
4 68 5.0
4 67 6.0
4 66 7.0
4 65 8.0
4 49 9.0
4 50 10.0
4 47 11.0
4 53 12.0
4 40 13.0
4 34 14.0
4 96 15.0
4 149 16.0
5 144 6.0
5 68 7.0
5 67 8.0
5 66 9.0
5 65 10.0
5 49 11.0
5 50 12.0
5 47 13.0
5 53 14.0
5 40 15.0
5 34 16.0
5 96 17.0
5 149 18.0
6 152 3.0
6 100 4.0
6 52 5.0
6 45 6.0
6 37 7.0
6 36 8.0
6 78 9.0
6 76 10.0
6 74 11.0
6 72 12.0
6 70 13.0
6 155 13.8786204584117
6 39 14.0
6 30 15.0
6 29 16.0
6 28 17.0
6 27 18.0
6 26 19.0
6 20 20.0
6 19 21.0
6 108 22.0
6 145 23.0
7 140 8.0
7 93 9.0
7 92 10.0
7 91 11.0
7 90 12.0
7 89 13.0
7 88 14.0
7 87 15.0
7 41 16.0
7 40 17.0
7 80 18.0
7 38 19.0
7 36 20.0
7 31 21.0
7 94 22.0
7 147 23.0
8 140 4.0
8 93 5.0
8 92 6.0
8 91 7.0
8 90 8.0
8 89 9.0
8 88 10.0
8 87 11.0
8 41 12.0
8 42 13.0
8 48 14.0
8 49 15.0
8 99 16.0
8 153 17.0
9 142 8.0
9 59 9.0
9 57 10.0
9 55 11.0
9 106 12.0
9 1 13.0
9 121 14.0
9 122 15.0
9 123 16.0
9 124 17.0
9 159 17.32835143992602
9 125 18.0
9 126 19.0
9 127 20.0
9 103 21.0
9 135 22.0
9 137 23.0
10 146 8.0
10 107 9.0
10 18 10.0
10 8 11.0
10 117 12.0
10 118 13.0
10 160 13.533378349430386
10 119 14.0
10 120 15.0
10 116 16.0
10 115 17.0
10 102 18.0
10 103 19.0
10 135 20.0
10 137 21.0
11 142 1.0
11 59 2.0
11 57 3.0
11 55 4.0
11 106 5.0
11 1 6.0
11 121 7.0
11 122 8.0
11 123 9.0
11 124 10.0
11 159 10.328351439926022
11 125 11.0
11 126 12.0
11 127 13.0
11 103 14.0
11 135 15.0
11 137 16.0
12 140 2.0
12 93 3.0
12 92 4.0
12 91 5.0
12 90 6.0
12 89 7.0
12 88 8.0
12 87 9.0
12 41 10.0
12 42 11.0
12 48 12.0
12 61 13.0
12 62 14.0
12 63 15.0
12 54 16.0
12 143 17.0
13 150 1.0
13 97 2.0
13 35 3.0
13 41 4.0
13 40 5.0
13 80 6.0
13 38 7.0
13 43 8.0
13 44 9.0
13 156 9.340215874480926
13 51 10.0
13 101 11.0
13 151 12.0
14 140 10.0
14 93 11.0
14 92 12.0
14 91 13.0
14 90 14.0
14 89 15.0
14 88 16.0
14 87 17.0
14 41 18.0
14 40 19.0
14 80 20.0
14 38 21.0
14 36 22.0
14 31 23.0
14 94 24.0
14 147 25.0
15 148 10.0
15 95 11.0
15 32 12.0
15 38 13.0
15 43 14.0
15 44 15.0
15 46 16.0
15 47 17.0
15 48 18.0
15 49 19.0
15 99 20.0
15 153 21.0
16 146 10.0
16 107 11.0
16 18 12.0
16 17 13.0
16 16 14.0
16 15 15.0
16 14 16.0
16 13 17.0
16 12 18.0
16 11 19.0
16 56 20.0
16 58 21.0
16 60 22.0
16 141 23.0
17 148 2.0
17 95 3.0
17 32 4.0
17 38 5.0
17 43 6.0
17 44 7.0
17 46 8.0
17 47 9.0
17 48 10.0
17 61 11.0
17 62 12.0
17 63 13.0
17 54 14.0
17 143 15.0
18 152 9.0
18 100 10.0
18 52 11.0
18 45 12.0
18 44 13.0
18 46 14.0
18 47 15.0
18 48 16.0
18 49 17.0
18 99 18.0
18 153 19.0
19 150 3.0
19 97 4.0
19 35 5.0
19 41 6.0
19 40 7.0
19 80 8.0
19 38 9.0
19 43 10.0
19 44 11.0
19 156 11.340215874480926
19 51 12.0
19 101 13.0
19 151 14.0
20 144 22.0
20 68 23.0
20 67 24.0
20 66 25.0
20 65 26.0
20 49 27.0
20 50 28.0
20 47 29.0
20 53 30.0
20 40 31.0
20 34 32.0
20 35 33.0
20 81 34.0
20 82 35.0
20 83 36.0
20 84 37.0
20 85 38.0
20 86 39.0
20 139 40.0
21 148 12.0
21 95 13.0
21 32 14.0
21 38 15.0
21 43 16.0
21 44 17.0
21 156 17.340215874480926
21 51 18.0
21 101 19.0
21 151 20.0
22 138 14.0
22 136 15.0
22 105 16.0
22 104 17.0
22 134 18.0
22 133 19.0
22 132 20.0
22 131 21.0
22 130 22.0
22 129 23.0
22 128 24.0
22 9 25.0
22 19 26.0
22 108 27.0
22 145 28.0
23 140 14.0
23 93 15.0
23 92 16.0
23 91 17.0
23 90 18.0
23 89 19.0
23 88 20.0
23 87 21.0
23 41 22.0
23 40 23.0
23 80 24.0
23 38 25.0
23 43 26.0
23 44 27.0
23 156 27.340215874480926
23 51 28.0
23 101 29.0
23 151 30.0
24 154 16.0
24 98 17.0
24 50 18.0
24 47 19.0
24 53 20.0
24 40 21.0
24 34 22.0
24 96 23.0
24 149 24.0
25 150 17.0
25 97 18.0
25 35 19.0
25 41 20.0
25 42 21.0
25 48 22.0
25 61 23.0
25 62 24.0
25 63 25.0
25 54 26.0
25 143 27.0
27 154 28.0
27 98 29.0
27 50 30.0
27 47 31.0
27 53 32.0
27 40 33.0
27 34 34.0
27 96 35.0
27 149 36.0
28 140 26.0
28 93 27.0
28 92 28.0
28 91 29.0
28 90 30.0
28 89 31.0
28 88 32.0
28 87 33.0
28 41 34.0
28 40 35.0
28 80 36.0
28 38 37.0
28 36 38.0
28 31 39.0
28 94 40.0
28 147 41.0
29 142 11.0
29 59 12.0
29 57 13.0
29 55 14.0
29 106 15.0
29 1 16.0
29 121 17.0
29 122 18.0
29 123 19.0
29 124 20.0
29 159 20.32835143992602
29 125 21.0
29 126 22.0
29 127 23.0
29 103 24.0
29 135 25.0
29 137 26.0
30 146 14.0
30 107 15.0
30 18 16.0
30 17 17.0
30 16 18.0
30 15 19.0
30 14 20.0
30 13 21.0
30 12 22.0
30 11 23.0
30 56 24.0
30 58 25.0
30 60 26.0
30 141 27.0
31 138 11.0
31 136 12.0
31 105 13.0
31 104 14.0
31 134 15.0
31 133 16.0
31 132 17.0
31 131 18.0
31 130 19.0
31 129 20.0
31 128 21.0
31 9 22.0
31 19 23.0
31 108 24.0
31 145 25.0
32 138 16.0
32 136 17.0
32 105 18.0
32 104 19.0
32 134 20.0
32 133 21.0
32 132 22.0
32 131 23.0
32 130 24.0
32 129 25.0
32 128 26.0
32 9 27.0
32 19 28.0
32 108 29.0
32 145 30.0
33 144 16.0
33 68 17.0
33 67 18.0
33 66 19.0
33 65 20.0
33 49 21.0
33 50 22.0
33 47 23.0
33 53 24.0
33 40 25.0
33 34 26.0
33 96 27.0
33 149 28.0
34 140 20.0
34 93 21.0
34 92 22.0
34 91 23.0
34 90 24.0
34 89 25.0
34 88 26.0
34 87 27.0
34 41 28.0
34 40 29.0
34 34 30.0
34 96 31.0
34 149 32.0
35 148 20.0
35 95 21.0
35 32 22.0
35 38 23.0
35 43 24.0
35 44 25.0
35 46 26.0
35 47 27.0
35 48 28.0
35 49 29.0
35 99 30.0
35 153 31.0
36 140 28.0
36 93 29.0
36 92 30.0
36 91 31.0
36 90 32.0
36 89 33.0
36 88 34.0
36 87 35.0
36 41 36.0
36 40 37.0
36 80 38.0
36 38 39.0
36 43 40.0
36 44 41.0
36 156 41.340215874480926
36 51 42.0
36 101 43.0
36 151 44.0
37 152 19.0
37 100 20.0
37 52 21.0
37 45 22.0
37 44 23.0
37 46 24.0
37 47 25.0
37 53 26.0
37 40 27.0
37 34 28.0
37 96 29.0
37 149 30.0
38 144 30.0
38 68 31.0
38 67 32.0
38 66 33.0
38 65 34.0
38 49 35.0
38 50 36.0
38 47 37.0
38 53 38.0
38 40 39.0
38 34 40.0
38 35 41.0
38 81 42.0
38 82 43.0
38 83 44.0
38 84 45.0
38 85 46.0
38 86 47.0
38 139 48.0
39 146 12.0
39 107 13.0
39 18 14.0
39 8 15.0
39 9 16.0
39 10 17.0
39 21 18.0
39 22 19.0
39 23 20.0
39 158 20.18666559142389
39 24 21.0
39 25 22.0
39 33 23.0
39 69 24.0
39 71 25.0
39 73 26.0
39 75 27.0
39 77 28.0
39 31 29.0
39 94 30.0
39 147 31.0
40 140 36.0
40 93 37.0
40 92 38.0
40 91 39.0
40 90 40.0
40 89 41.0
40 88 42.0
40 87 43.0
40 41 44.0
40 40 45.0
40 80 46.0
40 38 47.0
40 36 48.0
40 31 49.0
40 94 50.0
40 147 51.0
41 150 27.0
41 97 28.0
41 35 29.0
41 41 30.0
41 42 31.0
41 48 32.0
41 61 33.0
41 62 34.0
41 63 35.0
41 54 36.0
41 143 37.0
42 144 40.0
42 68 41.0
42 67 42.0
42 66 43.0
42 65 44.0
42 49 45.0
42 50 46.0
42 47 47.0
42 53 48.0
42 40 49.0
42 34 50.0
42 35 51.0
42 81 52.0
42 82 53.0
42 83 54.0
42 84 55.0
42 85 56.0
42 86 57.0
42 139 58.0
43 146 21.0
43 107 22.0
43 18 23.0
43 17 24.0
43 16 25.0
43 15 26.0
43 14 27.0
43 13 28.0
43 12 29.0
43 11 30.0
43 56 31.0
43 58 32.0
43 60 33.0
43 141 34.0
44 144 28.0
44 68 29.0
44 67 30.0
44 66 31.0
44 65 32.0
44 49 33.0
44 99 34.0
44 153 35.0
45 138 24.0
45 136 25.0
45 105 26.0
45 104 27.0
45 134 28.0
45 133 29.0
45 132 30.0
45 131 31.0
45 130 32.0
45 129 33.0
45 128 34.0
45 9 35.0
45 19 36.0
45 108 37.0
45 145 38.0
46 148 26.0
46 95 27.0
46 32 28.0
46 38 29.0
46 43 30.0
46 44 31.0
46 46 32.0
46 47 33.0
46 48 34.0
46 61 35.0
46 62 36.0
46 63 37.0
46 54 38.0
46 143 39.0
47 146 25.0
47 107 26.0
47 18 27.0
47 8 28.0
47 9 29.0
47 10 30.0
47 21 31.0
47 22 32.0
47 23 33.0
47 158 33.18666559142389
47 24 34.0
47 25 35.0
47 33 36.0
47 69 37.0
47 71 38.0
47 73 39.0
47 75 40.0
47 77 41.0
47 31 42.0
47 32 43.0
47 38 44.0
47 43 45.0
47 44 46.0
47 156 46.340215874480926
47 51 47.0
47 101 48.0
47 151 49.0
48 144 50.0
48 68 51.0
48 67 52.0
48 66 53.0
48 65 54.0
48 49 55.0
48 50 56.0
48 47 57.0
48 53 58.0
48 40 59.0
48 34 60.0
48 35 61.0
48 81 62.0
48 82 63.0
48 83 64.0
48 84 65.0
48 85 66.0
48 86 67.0
48 139 68.0
49 148 38.0
49 95 39.0
49 32 40.0
49 38 41.0
49 43 42.0
49 44 43.0
49 46 44.0
49 47 45.0
49 48 46.0
49 49 47.0
49 99 48.0
49 153 49.0
50 146 29.0
50 107 30.0
50 18 31.0
50 8 32.0
50 9 33.0
50 10 34.0
50 21 35.0
50 22 36.0
50 23 37.0
50 158 37.18666559142389
50 24 38.0
50 25 39.0
50 33 40.0
50 69 41.0
50 71 42.0
50 73 43.0
50 75 44.0
50 77 45.0
50 31 46.0
50 94 47.0
50 147 48.0
51 148 24.0
51 95 25.0
51 32 26.0
51 38 27.0
51 43 28.0
51 44 29.0
51 156 29.340215874480926
51 51 30.0
51 101 31.0
51 151 32.0
52 152 29.0
52 100 30.0
52 52 31.0
52 45 32.0
52 44 33.0
52 46 34.0
52 47 35.0
52 48 36.0
52 61 37.0
52 62 38.0
52 63 39.0
52 54 40.0
52 143 41.0
53 140 38.0
53 93 39.0
53 92 40.0
53 91 41.0
53 90 42.0
53 89 43.0
53 88 44.0
53 87 45.0
53 41 46.0
53 40 47.0
53 34 48.0
53 96 49.0
53 149 50.0
54 144 34.0
54 68 35.0
54 67 36.0
54 66 37.0
54 65 38.0
54 49 39.0
54 50 40.0
54 47 41.0
54 53 42.0
54 40 43.0
54 34 44.0
54 35 45.0
54 81 46.0
54 82 47.0
54 83 48.0
54 84 49.0
54 85 50.0
54 86 51.0
54 139 52.0
56 140 30.0
56 93 31.0
56 92 32.0
56 91 33.0
56 90 34.0
56 89 35.0
56 88 36.0
56 87 37.0
56 41 38.0
56 42 39.0
56 48 40.0
56 61 41.0
56 62 42.0
56 63 43.0
56 54 44.0
56 143 45.0
57 150 21.0
57 97 22.0
57 35 23.0
57 41 24.0
57 42 25.0
57 48 26.0
57 61 27.0
57 62 28.0
57 63 29.0
57 54 30.0
57 143 31.0
58 144 32.0
58 68 33.0
58 67 34.0
58 66 35.0
58 65 36.0
58 49 37.0
58 50 38.0
58 47 39.0
58 53 40.0
58 40 41.0
58 34 42.0
58 35 43.0
58 81 44.0
58 82 45.0
58 83 46.0
58 84 47.0
58 85 48.0
58 86 49.0
58 139 50.0
59 146 27.0
59 107 28.0
59 18 29.0
59 8 30.0
59 9 31.0
59 10 32.0
59 21 33.0
59 22 34.0
59 23 35.0
59 158 35.18666559142389
59 24 36.0
59 25 37.0
59 33 38.0
59 69 39.0
59 71 40.0
59 73 41.0
59 75 42.0
59 77 43.0
59 31 44.0
59 94 45.0
59 147 46.0
61 144 48.0
61 68 49.0
61 67 50.0
61 66 51.0
61 65 52.0
61 49 53.0
61 50 54.0
61 47 55.0
61 53 56.0
61 40 57.0
61 34 58.0
61 96 59.0
61 149 60.0
62 150 37.0
62 97 38.0
62 35 39.0
62 41 40.0
62 42 41.0
62 48 42.0
62 49 43.0
62 99 44.0
62 153 45.0
63 142 31.0
63 59 32.0
63 57 33.0
63 55 34.0
63 106 35.0
63 1 36.0
63 121 37.0
63 122 38.0
63 123 39.0
63 124 40.0
63 159 40.328351439926024
63 125 41.0
63 126 42.0
63 127 43.0
63 103 44.0
63 135 45.0
63 137 46.0
64 150 47.0
64 97 48.0
64 35 49.0
64 41 50.0
64 40 51.0
64 80 52.0
64 38 53.0
64 36 54.0
64 78 55.0
64 76 56.0
64 74 57.0
64 72 58.0
64 70 59.0
64 155 59.8786204584117
64 39 60.0
64 30 61.0
64 29 62.0
64 28 63.0
64 27 64.0
64 26 65.0
64 20 66.0
64 19 67.0
64 108 68.0
64 145 69.0
65 154 48.0
65 98 49.0
65 50 50.0
65 47 51.0
65 53 52.0
65 40 53.0
65 34 54.0
65 35 55.0
65 81 56.0
65 82 57.0
65 83 58.0
65 84 59.0
65 85 60.0
65 86 61.0
65 139 62.0
66 138 31.0
66 136 32.0
66 105 33.0
66 104 34.0
66 102 35.0
66 114 36.0
66 113 37.0
66 112 38.0
66 111 39.0
66 110 40.0
66 109 41.0
66 2 42.0
66 11 43.0
66 56 44.0
66 58 45.0
66 60 46.0
66 141 47.0
67 138 33.0
67 136 34.0
67 105 35.0
67 104 36.0
67 102 37.0
67 114 38.0
67 113 39.0
67 112 40.0
67 111 41.0
67 110 42.0
67 109 43.0
67 2 44.0
67 11 45.0
67 56 46.0
67 58 47.0
67 60 48.0
67 141 49.0
68 148 31.0
68 95 32.0
68 32 33.0
68 38 34.0
68 43 35.0
68 44 36.0
68 156 36.340215874480926
68 51 37.0
68 101 38.0
68 151 39.0
69 140 34.0
69 93 35.0
69 92 36.0
69 91 37.0
69 90 38.0
69 89 39.0
69 88 40.0
69 87 41.0
69 41 42.0
69 42 43.0
69 48 44.0
69 61 45.0
69 62 46.0
69 63 47.0
69 54 48.0
69 143 49.0
71 152 31.0
71 100 32.0
71 52 33.0
71 45 34.0
71 37 35.0
71 36 36.0
71 31 37.0
71 94 38.0
71 147 39.0
73 154 50.0
73 98 51.0
73 50 52.0
73 47 53.0
73 53 54.0
73 40 55.0
73 34 56.0
73 96 57.0
73 149 58.0
74 146 35.0
74 107 36.0
74 18 37.0
74 8 38.0
74 117 39.0
74 118 40.0
74 160 40.533378349430386
74 119 41.0
74 120 42.0
74 116 43.0
74 115 44.0
74 102 45.0
74 103 46.0
74 135 47.0
74 137 48.0
75 138 35.0
75 136 36.0
75 105 37.0
75 104 38.0
75 134 39.0
75 133 40.0
75 132 41.0
75 131 42.0
75 130 43.0
75 129 44.0
75 128 45.0
75 9 46.0
75 19 47.0
75 108 48.0
75 145 49.0
77 138 39.0
77 136 40.0
77 105 41.0
77 104 42.0
77 102 43.0
77 114 44.0
77 113 45.0
77 112 46.0
77 111 47.0
77 110 48.0
77 109 49.0
77 2 50.0
77 11 51.0
77 56 52.0
77 58 53.0
77 60 54.0
77 141 55.0
78 142 35.0
78 59 36.0
78 57 37.0
78 55 38.0
78 106 39.0
78 1 40.0
78 121 41.0
78 122 42.0
78 123 43.0
78 124 44.0
78 159 44.328351439926024
78 125 45.0
78 126 46.0
78 127 47.0
78 103 48.0
78 135 49.0
78 137 50.0
79 142 37.0
79 59 38.0
79 57 39.0
79 55 40.0
79 106 41.0
79 1 42.0
79 121 43.0
79 122 44.0
79 123 45.0
79 124 46.0
79 159 46.328351439926024
79 125 47.0
79 126 48.0
79 127 49.0
79 103 50.0
79 135 51.0
79 137 52.0
80 146 41.0
80 107 42.0
80 18 43.0
80 8 44.0
80 117 45.0
80 118 46.0
80 160 46.533378349430386
80 119 47.0
80 120 48.0
80 116 49.0
80 115 50.0
80 102 51.0
80 103 52.0
80 135 53.0
80 137 54.0
81 148 48.0
81 95 49.0
81 32 50.0
81 79 51.0
81 34 52.0
81 35 53.0
81 81 54.0
81 82 55.0
81 83 56.0
81 84 57.0
81 85 58.0
81 86 59.0
81 139 60.0
83 142 41.0
83 59 42.0
83 57 43.0
83 55 44.0
83 106 45.0
83 1 46.0
83 121 47.0
83 122 48.0
83 123 49.0
83 124 50.0
83 159 50.328351439926024
83 125 51.0
83 126 52.0
83 127 53.0
83 103 54.0
83 135 55.0
83 137 56.0
84 142 43.0
84 59 44.0
84 57 45.0
84 55 46.0
84 106 47.0
84 1 48.0
84 121 49.0
84 122 50.0
84 123 51.0
84 124 52.0
84 159 52.328351439926024
84 125 53.0
84 126 54.0
84 127 55.0
84 103 56.0
84 135 57.0
84 137 58.0
86 138 43.0
86 136 44.0
86 105 45.0
86 104 46.0
86 134 47.0
86 133 48.0
86 132 49.0
86 131 50.0
86 130 51.0
86 129 52.0
86 128 53.0
86 9 54.0
86 19 55.0
86 108 56.0
86 145 57.0
87 146 47.0
87 107 48.0
87 18 49.0
87 8 50.0
87 117 51.0
87 118 52.0
87 160 52.533378349430386
87 119 53.0
87 120 54.0
87 116 55.0
87 115 56.0
87 102 57.0
87 103 58.0
87 135 59.0
87 137 60.0
88 146 45.0
88 107 46.0
88 18 47.0
88 8 48.0
88 9 49.0
88 10 50.0
88 21 51.0
88 22 52.0
88 23 53.0
88 158 53.18666559142389
88 24 54.0
88 25 55.0
88 33 56.0
88 69 57.0
88 71 58.0
88 73 59.0
88 75 60.0
88 77 61.0
88 31 62.0
88 94 63.0
88 147 64.0
90 146 50.0
90 107 51.0
90 18 52.0
90 17 53.0
90 16 54.0
90 15 55.0
90 14 56.0
90 13 57.0
90 12 58.0
90 11 59.0
90 56 60.0
90 58 61.0
90 60 62.0
90 141 63.0
91 138 41.0
91 136 42.0
91 105 43.0
91 104 44.0
91 134 45.0
91 133 46.0
91 132 47.0
91 131 48.0
91 130 49.0
91 129 50.0
91 128 51.0
91 9 52.0
91 19 53.0
91 108 54.0
91 145 55.0
92 138 50.0
92 136 51.0
92 105 52.0
92 104 53.0
92 102 54.0
92 114 55.0
92 113 56.0
92 112 57.0
92 111 58.0
92 110 59.0
92 109 60.0
92 2 61.0
92 11 62.0
92 56 63.0
92 58 64.0
92 60 65.0
92 141 66.0
93 142 47.0
93 59 48.0
93 57 49.0
93 55 50.0
93 106 51.0
93 1 52.0
93 121 53.0
93 122 54.0
93 123 55.0
93 124 56.0
93 159 56.328351439926024
93 125 57.0
93 126 58.0
93 127 59.0
93 103 60.0
93 135 61.0
93 137 62.0
94 152 41.0
94 100 42.0
94 52 43.0
94 45 44.0
94 37 45.0
94 36 46.0
94 78 47.0
94 76 48.0
94 74 49.0
94 72 50.0
94 70 51.0
94 155 51.8786204584117
94 39 52.0
94 30 53.0
94 29 54.0
94 28 55.0
94 27 56.0
94 26 57.0
94 20 58.0
94 19 59.0
94 108 60.0
94 145 61.0
97 142 49.0
97 59 50.0
97 57 51.0
97 55 52.0
97 106 53.0
97 1 54.0
97 121 55.0
97 122 56.0
97 123 57.0
97 124 58.0
97 159 58.328351439926024
97 125 59.0
97 126 60.0
97 127 61.0
97 103 62.0
97 135 63.0
97 137 64.0
98 148 46.0
98 95 47.0
98 32 48.0
98 38 49.0
98 43 50.0
98 44 51.0
98 156 51.340215874480926
98 51 52.0
98 101 53.0
98 151 54.0
99 138 45.0
99 136 46.0
99 105 47.0
99 104 48.0
99 102 49.0
99 114 50.0
99 113 51.0
99 112 52.0
99 111 53.0
99 110 54.0
99 109 55.0
99 2 56.0
99 11 57.0
99 56 58.0
99 58 59.0
99 60 60.0
99 141 61.0
100 157 13
100 156 15.048472420461017
100 45 16.104761604940734
100 155 22.314284814822194
100 158 25.414198318871765
100 160 32.23080026300593
100 112 36.17425611005531
100 159 37.057128257184004
;
set fixedFlights :=
0 57 55
0 59 57
0 142 59
0 55 106
0 106 1
0 1 121
0 121 122
0 122 123
0 123 124
0 125 126
0 126 127
0 127 103
0 103 135
0 135 137
0 124 159
0 159 125
1 34 35
1 45 44
1 44 46
1 46 47
1 52 45
1 47 53
1 53 40
1 40 34
1 152 100
1 100 52
1 35 81
1 81 82
1 82 83
1 83 84
1 84 85
1 85 86
1 86 139
2 108 145
2 9 19
2 19 108
2 105 104
2 104 134
2 134 133
2 133 132
2 132 131
2 131 130
2 130 129
2 129 128
2 128 9
2 138 136
2 136 105
3 108 145
3 9 19
3 19 108
3 105 104
3 104 134
3 134 133
3 133 132
3 132 131
3 131 130
3 130 129
3 129 128
3 128 9
3 138 136
3 136 105
4 49 50
4 50 47
4 47 53
4 53 40
4 40 34
4 66 65
4 67 66
4 68 67
4 144 68
4 65 49
4 96 149
4 34 96
5 49 50
5 50 47
5 47 53
5 53 40
5 40 34
5 66 65
5 67 66
5 68 67
5 144 68
5 65 49
5 96 149
5 34 96
6 20 19
6 26 20
6 27 26
6 28 27
6 29 28
6 30 29
6 37 36
6 45 37
6 52 45
6 36 78
6 78 76
6 76 74
6 74 72
6 72 70
6 39 30
6 152 100
6 100 52
6 108 145
6 19 108
6 70 155
6 155 39
7 36 31
7 41 40
7 40 80
7 80 38
7 38 36
7 94 147
7 31 94
7 93 92
7 92 91
7 91 90
7 90 89
7 89 88
7 88 87
7 87 41
7 140 93
8 41 42
8 42 48
8 48 49
8 99 153
8 49 99
8 93 92
8 92 91
8 91 90
8 90 89
8 89 88
8 88 87
8 87 41
8 140 93
9 57 55
9 59 57
9 142 59
9 55 106
9 106 1
9 1 121
9 121 122
9 122 123
9 123 124
9 125 126
9 126 127
9 127 103
9 103 135
9 135 137
9 124 159
9 159 125
10 146 107
10 107 18
10 18 8
10 115 102
10 102 103
10 116 115
10 8 117
10 117 118
10 119 120
10 120 116
10 103 135
10 135 137
10 118 160
10 160 119
11 57 55
11 59 57
11 142 59
11 55 106
11 106 1
11 1 121
11 121 122
11 122 123
11 123 124
11 125 126
11 126 127
11 127 103
11 103 135
11 135 137
11 124 159
11 159 125
12 41 42
12 42 48
12 54 143
12 48 61
12 61 62
12 62 63
12 63 54
12 93 92
12 92 91
12 91 90
12 90 89
12 89 88
12 88 87
12 87 41
12 140 93
13 41 40
13 35 41
13 38 43
13 43 44
13 40 80
13 80 38
13 101 151
13 150 97
13 97 35
13 51 101
13 44 156
13 156 51
14 36 31
14 41 40
14 40 80
14 80 38
14 38 36
14 94 147
14 31 94
14 93 92
14 92 91
14 91 90
14 90 89
14 89 88
14 88 87
14 87 41
14 140 93
15 32 38
15 38 43
15 43 44
15 44 46
15 46 47
15 47 48
15 48 49
15 148 95
15 99 153
15 95 32
15 49 99
16 12 11
16 13 12
16 14 13
16 15 14
16 16 15
16 17 16
16 18 17
16 56 58
16 58 60
16 60 141
16 146 107
16 11 56
16 107 18
17 32 38
17 38 43
17 43 44
17 44 46
17 46 47
17 47 48
17 54 143
17 48 61
17 61 62
17 62 63
17 63 54
17 148 95
17 95 32
18 45 44
18 44 46
18 46 47
18 47 48
18 52 45
18 48 49
18 152 100
18 99 153
18 100 52
18 49 99
19 41 40
19 35 41
19 38 43
19 43 44
19 40 80
19 80 38
19 101 151
19 150 97
19 97 35
19 51 101
19 44 156
19 156 51
20 34 35
20 49 50
20 50 47
20 47 53
20 53 40
20 40 34
20 66 65
20 67 66
20 68 67
20 144 68
20 65 49
20 35 81
20 81 82
20 82 83
20 83 84
20 84 85
20 85 86
20 86 139
21 32 38
21 38 43
21 43 44
21 148 95
21 101 151
21 95 32
21 51 101
21 44 156
21 156 51
22 108 145
22 9 19
22 19 108
22 105 104
22 104 134
22 134 133
22 133 132
22 132 131
22 131 130
22 130 129
22 129 128
22 128 9
22 138 136
22 136 105
23 41 42
23 42 48
23 49 50
23 48 49
23 64 51
23 101 151
23 51 101
23 93 92
23 92 91
23 91 90
23 90 89
23 89 88
23 88 87
23 87 41
23 140 93
23 50 157
23 157 64
24 50 47
24 47 53
24 53 40
24 40 34
24 154 98
24 96 149
24 34 96
24 98 50
25 35 41
25 41 42
25 42 48
25 54 143
25 48 61
25 61 62
25 62 63
25 63 54
25 150 97
25 97 35
27 50 47
27 47 53
27 53 40
27 40 34
27 154 98
27 96 149
27 34 96
27 98 50
28 36 31
28 41 40
28 40 80
28 80 38
28 38 36
28 94 147
28 31 94
28 93 92
28 92 91
28 91 90
28 90 89
28 89 88
28 88 87
28 87 41
28 140 93
29 57 55
29 59 57
29 142 59
29 55 106
29 106 1
29 1 121
29 121 122
29 122 123
29 123 124
29 125 126
29 126 127
29 127 103
29 103 135
29 135 137
29 124 159
29 159 125
30 12 11
30 13 12
30 14 13
30 15 14
30 16 15
30 17 16
30 18 17
30 56 58
30 58 60
30 60 141
30 146 107
30 11 56
30 107 18
31 108 145
31 9 19
31 19 108
31 105 104
31 104 134
31 134 133
31 133 132
31 132 131
31 131 130
31 130 129
31 129 128
31 128 9
31 138 136
31 136 105
32 108 145
32 9 19
32 19 108
32 105 104
32 104 134
32 134 133
32 133 132
32 132 131
32 131 130
32 130 129
32 129 128
32 128 9
32 138 136
32 136 105
33 49 50
33 50 47
33 47 53
33 53 40
33 40 34
33 66 65
33 67 66
33 68 67
33 144 68
33 65 49
33 96 149
33 34 96
34 41 40
34 40 34
34 96 149
34 34 96
34 93 92
34 92 91
34 91 90
34 90 89
34 89 88
34 88 87
34 87 41
34 140 93
35 32 38
35 38 43
35 43 44
35 44 46
35 46 47
35 47 48
35 48 49
35 148 95
35 99 153
35 95 32
35 49 99
36 41 42
36 42 48
36 49 50
36 48 49
36 64 51
36 101 151
36 51 101
36 93 92
36 92 91
36 91 90
36 90 89
36 89 88
36 88 87
36 87 41
36 140 93
36 50 157
36 157 64
37 45 44
37 44 46
37 46 47
37 52 45
37 47 53
37 53 40
37 40 34
37 152 100
37 96 149
37 34 96
37 100 52
38 34 35
38 49 50
38 50 47
38 47 53
38 53 40
38 40 34
38 66 65
38 67 66
38 68 67
38 144 68
38 65 49
38 35 81
38 81 82
38 82 83
38 83 84
38 84 85
38 85 86
38 86 139
39 9 10
39 8 9
39 10 21
39 21 22
39 22 23
39 24 25
39 25 33
39 33 69
39 69 71
39 71 73
39 73 75
39 75 77
39 77 31
39 94 147
39 31 94
39 146 107
39 107 18
39 18 8
39 23 158
39 158 24
40 36 31
40 41 40
40 40 80
40 80 38
40 38 36
40 94 147
40 31 94
40 93 92
40 92 91
40 91 90
40 90 89
40 89 88
40 88 87
40 87 41
40 140 93
41 35 41
41 41 42
41 42 48
41 54 143
41 48 61
41 61 62
41 62 63
41 63 54
41 150 97
41 97 35
42 34 35
42 49 50
42 50 47
42 47 53
42 53 40
42 40 34
42 66 65
42 67 66
42 68 67
42 144 68
42 65 49
42 35 81
42 81 82
42 82 83
42 83 84
42 84 85
42 85 86
42 86 139
43 12 11
43 13 12
43 14 13
43 15 14
43 16 15
43 17 16
43 18 17
43 56 58
43 58 60
43 60 141
43 146 107
43 11 56
43 107 18
44 66 65
44 67 66
44 68 67
44 144 68
44 65 49
44 99 153
44 49 99
45 108 145
45 9 19
45 19 108
45 105 104
45 104 134
45 134 133
45 133 132
45 132 131
45 131 130
45 130 129
45 129 128
45 128 9
45 138 136
45 136 105
46 32 38
46 38 43
46 43 44
46 44 46
46 46 47
46 47 48
46 54 143
46 48 61
46 61 62
46 62 63
46 63 54
46 148 95
46 95 32
47 9 10
47 8 9
47 10 21
47 21 22
47 22 23
47 24 25
47 32 38
47 38 43
47 43 44
47 31 32
47 25 33
47 33 69
47 69 71
47 71 73
47 73 75
47 75 77
47 77 31
47 101 151
47 51 101
47 146 107
47 107 18
47 18 8
47 44 156
47 156 51
47 23 158
47 158 24
48 34 35
48 49 50
48 50 47
48 47 53
48 53 40
48 40 34
48 66 65
48 67 66
48 68 67
48 144 68
48 65 49
48 35 81
48 81 82
48 82 83
48 83 84
48 84 85
48 85 86
48 86 139
49 32 38
49 38 43
49 43 44
49 44 46
49 46 47
49 47 48
49 48 49
49 148 95
49 99 153
49 95 32
49 49 99
50 9 10
50 8 9
50 10 21
50 21 22
50 22 23
50 24 25
50 25 33
50 33 69
50 69 71
50 71 73
50 73 75
50 75 77
50 77 31
50 94 147
50 31 94
50 146 107
50 107 18
50 18 8
50 23 158
50 158 24
51 32 38
51 38 43
51 43 44
51 148 95
51 101 151
51 95 32
51 51 101
51 44 156
51 156 51
52 45 44
52 44 46
52 46 47
52 47 48
52 52 45
52 54 143
52 48 61
52 61 62
52 62 63
52 63 54
52 152 100
52 100 52
53 41 40
53 40 34
53 96 149
53 34 96
53 93 92
53 92 91
53 91 90
53 90 89
53 89 88
53 88 87
53 87 41
53 140 93
54 34 35
54 49 50
54 50 47
54 47 53
54 53 40
54 40 34
54 66 65
54 67 66
54 68 67
54 144 68
54 65 49
54 35 81
54 81 82
54 82 83
54 83 84
54 84 85
54 85 86
54 86 139
56 41 42
56 42 48
56 54 143
56 48 61
56 61 62
56 62 63
56 63 54
56 93 92
56 92 91
56 91 90
56 90 89
56 89 88
56 88 87
56 87 41
56 140 93
57 35 41
57 41 42
57 42 48
57 54 143
57 48 61
57 61 62
57 62 63
57 63 54
57 150 97
57 97 35
58 34 35
58 49 50
58 50 47
58 47 53
58 53 40
58 40 34
58 66 65
58 67 66
58 68 67
58 144 68
58 65 49
58 35 81
58 81 82
58 82 83
58 83 84
58 84 85
58 85 86
58 86 139
59 9 10
59 8 9
59 10 21
59 21 22
59 22 23
59 24 25
59 25 33
59 33 69
59 69 71
59 71 73
59 73 75
59 75 77
59 77 31
59 94 147
59 31 94
59 146 107
59 107 18
59 18 8
59 23 158
59 158 24
61 49 50
61 50 47
61 47 53
61 53 40
61 40 34
61 66 65
61 67 66
61 68 67
61 144 68
61 65 49
61 96 149
61 34 96
62 35 41
62 41 42
62 42 48
62 48 49
62 99 153
62 150 97
62 97 35
62 49 99
63 57 55
63 59 57
63 142 59
63 55 106
63 106 1
63 1 121
63 121 122
63 122 123
63 123 124
63 125 126
63 126 127
63 127 103
63 103 135
63 135 137
63 124 159
63 159 125
64 20 19
64 26 20
64 27 26
64 28 27
64 29 28
64 30 29
64 41 40
64 35 41
64 40 80
64 80 38
64 38 36
64 36 78
64 78 76
64 76 74
64 74 72
64 72 70
64 39 30
64 150 97
64 97 35
64 108 145
64 19 108
64 70 155
64 155 39
65 34 35
65 50 47
65 47 53
65 53 40
65 40 34
65 154 98
65 98 50
65 35 81
65 81 82
65 82 83
65 83 84
65 84 85
65 85 86
65 86 139
66 56 58
66 58 60
66 60 141
66 11 56
66 2 11
66 109 2
66 110 109
66 104 102
66 102 114
66 105 104
66 114 113
66 113 112
66 112 111
66 111 110
66 138 136
66 136 105
67 56 58
67 58 60
67 60 141
67 11 56
67 2 11
67 109 2
67 110 109
67 104 102
67 102 114
67 105 104
67 114 113
67 113 112
67 112 111
67 111 110
67 138 136
67 136 105
68 32 38
68 38 43
68 43 44
68 148 95
68 101 151
68 95 32
68 51 101
68 44 156
68 156 51
69 41 42
69 42 48
69 54 143
69 48 61
69 61 62
69 62 63
69 63 54
69 93 92
69 92 91
69 91 90
69 90 89
69 89 88
69 88 87
69 87 41
69 140 93
71 36 31
71 37 36
71 45 37
71 52 45
71 94 147
71 152 100
71 31 94
71 100 52
73 50 47
73 47 53
73 53 40
73 40 34
73 154 98
73 96 149
73 34 96
73 98 50
74 146 107
74 107 18
74 18 8
74 115 102
74 102 103
74 116 115
74 8 117
74 117 118
74 119 120
74 120 116
74 103 135
74 135 137
74 118 160
74 160 119
75 108 145
75 9 19
75 19 108
75 105 104
75 104 134
75 134 133
75 133 132
75 132 131
75 131 130
75 130 129
75 129 128
75 128 9
75 138 136
75 136 105
77 56 58
77 58 60
77 60 141
77 11 56
77 2 11
77 109 2
77 110 109
77 104 102
77 102 114
77 105 104
77 114 113
77 113 112
77 112 111
77 111 110
77 138 136
77 136 105
78 57 55
78 59 57
78 142 59
78 55 106
78 106 1
78 1 121
78 121 122
78 122 123
78 123 124
78 125 126
78 126 127
78 127 103
78 103 135
78 135 137
78 124 159
78 159 125
79 57 55
79 59 57
79 142 59
79 55 106
79 106 1
79 1 121
79 121 122
79 122 123
79 123 124
79 125 126
79 126 127
79 127 103
79 103 135
79 135 137
79 124 159
79 159 125
80 146 107
80 107 18
80 18 8
80 115 102
80 102 103
80 116 115
80 8 117
80 117 118
80 119 120
80 120 116
80 103 135
80 135 137
80 118 160
80 160 119
81 34 35
81 32 79
81 79 34
81 148 95
81 95 32
81 35 81
81 81 82
81 82 83
81 83 84
81 84 85
81 85 86
81 86 139
83 57 55
83 59 57
83 142 59
83 55 106
83 106 1
83 1 121
83 121 122
83 122 123
83 123 124
83 125 126
83 126 127
83 127 103
83 103 135
83 135 137
83 124 159
83 159 125
84 57 55
84 59 57
84 142 59
84 55 106
84 106 1
84 1 121
84 121 122
84 122 123
84 123 124
84 125 126
84 126 127
84 127 103
84 103 135
84 135 137
84 124 159
84 159 125
86 108 145
86 9 19
86 19 108
86 105 104
86 104 134
86 134 133
86 133 132
86 132 131
86 131 130
86 130 129
86 129 128
86 128 9
86 138 136
86 136 105
87 146 107
87 107 18
87 18 8
87 115 102
87 102 103
87 116 115
87 8 117
87 117 118
87 119 120
87 120 116
87 103 135
87 135 137
87 118 160
87 160 119
88 9 10
88 8 9
88 10 21
88 21 22
88 22 23
88 24 25
88 25 33
88 33 69
88 69 71
88 71 73
88 73 75
88 75 77
88 77 31
88 94 147
88 31 94
88 146 107
88 107 18
88 18 8
88 23 158
88 158 24
90 12 11
90 13 12
90 14 13
90 15 14
90 16 15
90 17 16
90 18 17
90 56 58
90 58 60
90 60 141
90 146 107
90 11 56
90 107 18
91 108 145
91 9 19
91 19 108
91 105 104
91 104 134
91 134 133
91 133 132
91 132 131
91 131 130
91 130 129
91 129 128
91 128 9
91 138 136
91 136 105
92 56 58
92 58 60
92 60 141
92 11 56
92 2 11
92 109 2
92 110 109
92 104 102
92 102 114
92 105 104
92 114 113
92 113 112
92 112 111
92 111 110
92 138 136
92 136 105
93 57 55
93 59 57
93 142 59
93 55 106
93 106 1
93 1 121
93 121 122
93 122 123
93 123 124
93 125 126
93 126 127
93 127 103
93 103 135
93 135 137
93 124 159
93 159 125
94 20 19
94 26 20
94 27 26
94 28 27
94 29 28
94 30 29
94 37 36
94 45 37
94 52 45
94 36 78
94 78 76
94 76 74
94 74 72
94 72 70
94 39 30
94 152 100
94 100 52
94 108 145
94 19 108
94 70 155
94 155 39
97 57 55
97 59 57
97 142 59
97 55 106
97 106 1
97 1 121
97 121 122
97 122 123
97 123 124
97 125 126
97 126 127
97 127 103
97 103 135
97 135 137
97 124 159
97 159 125
98 32 38
98 38 43
98 43 44
98 148 95
98 101 151
98 95 32
98 51 101
98 44 156
98 156 51
99 56 58
99 58 60
99 60 141
99 11 56
99 2 11
99 109 2
99 110 109
99 104 102
99 102 114
99 105 104
99 114 113
99 113 112
99 112 111
99 111 110
99 138 136
99 136 105
100 157 156
100 156 45
100 45 155
100 155 158
100 158 160
100 160 112
100 112 159
;
;
set inFlight:=
0
1
2
3
4
5
6
7
8
9
10
11
12
13
14
15
16
17
18
19
29
31
;
param tini := 11;
