param nn:= 157;
set F:=
0
3
5
6
7
9
11
12
13
15
16
19
20
21
22
23
24
25
26
27
28
29
30
31
32
33
34
35
36
37
38
39
40
41
42
43
44
45
46
47
48
49
50
51
52
53
54
55
56
57
58
59
60
61
62
63
64
65
66
67
68
69
70
71
72
73
74
75
76
77
79
80
81
82
84
85
86
89
90
91
92
94
96
97
98
99
100
;
set NC:=
100
;
param: E: d:=
2 3 2.500000
3 4 2.500000
4 5 2.500000
5 6 2.500000
6 7 2.500000
7 0 2.500000
0 8 2.500000
9 10 2.500000
8 9 2.500000
12 11 2.500000
13 12 2.500000
14 13 2.500000
15 14 2.500000
16 15 2.500000
17 16 2.500000
18 17 2.500000
19 18 2.500000
20 19 2.500000
10 21 2.500000
21 22 2.500000
22 23 2.500000
23 24 2.500000
24 25 2.500000
26 20 2.500000
27 26 2.500000
28 27 2.500000
29 28 2.500000
30 29 2.500000
34 35 2.500000
36 31 2.500000
37 36 2.500000
41 40 2.500000
35 41 2.500000
41 42 2.500000
32 38 2.500000
38 43 2.500000
43 44 2.500000
45 37 2.500000
31 32 2.500000
45 44 2.500000
44 46 2.500000
46 47 2.500000
47 48 2.500000
42 48 2.500000
49 50 2.500000
51 52 2.500000
52 45 2.500000
44 51 2.500000
48 49 2.500000
50 47 2.500000
47 53 2.500000
53 40 2.500000
40 34 2.500000
54 143 1.500000
57 55 2.500000
56 58 2.500000
59 57 2.500000
58 60 2.500000
60 141 1.500000
142 59 1.500000
48 61 2.500000
61 62 2.500000
62 63 2.500000
66 65 2.500000
67 66 2.500000
68 67 2.500000
144 68 1.500000
2 1 2.500000
64 51 2.500000
63 54 2.500000
65 49 2.500000
50 64 2.500000
25 33 2.500000
33 69 2.500000
69 71 2.500000
71 73 2.500000
73 75 2.500000
75 77 2.500000
77 31 2.500000
40 80 2.500000
80 38 2.500000
38 36 2.500000
36 78 2.500000
78 76 2.500000
76 74 2.500000
74 72 2.500000
72 70 2.500000
70 39 2.500000
39 30 2.500000
32 79 2.500000
79 34 2.500000
148 95 1.500000
94 147 1.500000
152 100 1.500000
101 151 1.500000
154 98 1.500000
99 153 1.500000
96 149 1.500000
150 97 1.500000
97 35 2.500000
95 32 2.500000
31 94 2.500000
34 96 2.500000
51 101 2.500000
100 52 2.500000
98 50 2.500000
49 99 2.500000
35 81 2.500000
81 82 2.500000
82 83 2.500000
83 84 2.500000
85 86 2.500000
92 91 2.500000
91 90 2.500000
90 89 2.500000
89 88 2.500000
88 87 2.500000
87 41 2.500000
86 139 1.500000
140 93 1.500000
108 145 1.500000
146 107 1.500000
11 56 2.500000
2 11 2.500000
107 18 2.500000
18 8 2.500000
9 19 2.500000
19 108 2.500000
55 106 2.500000
106 1 2.500000
1 121 2.500000
121 122 2.500000
109 2 2.500000
110 109 2.500000
104 102 2.500000
102 114 2.500000
115 102 2.500000
102 103 2.500000
105 104 2.500000
104 134 2.500000
134 133 2.500000
103 105 2.500000
116 115 2.500000
8 117 2.500000
117 118 2.500000
118 119 2.500000
119 120 2.500000
120 116 2.500000
133 132 2.500000
132 131 2.500000
131 130 2.500000
130 129 2.500000
129 128 2.500000
128 9 2.500000
122 123 2.500000
123 124 2.500000
124 125 2.500000
125 126 2.500000
126 127 2.500000
127 103 2.500000
114 113 2.500000
113 112 2.500000
112 111 2.500000
111 110 2.500000
103 135 2.500000
135 137 1.500000
138 136 1.500000
136 105 2.500000
84 155 0.371698
155 85 2.128302
93 156 0.905283
156 92 1.594717
156 155 2.121029
155 94 7.590223
94 33 6.082763
33 20 6.082763
;
param s:=
0 140
3 146
5 138
6 148
7 154
9 146
11 142
12 152
13 142
15 146
16 146
19 144
20 144
21 138
22 154
23 150
24 154
25 140
26 144
27 144
28 150
29 140
30 148
31 138
32 138
33 146
34 142
35 146
36 150
37 138
38 148
39 142
40 150
41 150
42 154
43 150
44 138
45 148
46 144
47 148
48 146
49 152
50 154
51 146
52 148
53 138
54 152
55 150
56 142
57 148
58 140
59 146
60 142
61 144
62 150
63 154
64 138
65 146
66 148
67 152
68 142
69 154
70 144
71 140
72 154
73 154
74 150
75 146
76 146
77 138
79 150
80 146
81 146
82 142
84 146
85 142
86 146
89 140
90 142
91 150
92 144
94 146
96 142
97 154
98 140
99 140
100 156
;
param e:=
0 151
3 149
5 145
6 145
7 139
9 149
11 137
12 145
13 137
15 151
16 151
19 147
20 147
21 141
22 145
23 143
24 149
25 143
26 151
27 153
28 145
29 149
30 151
31 141
32 145
33 137
34 137
35 147
36 139
37 145
38 145
39 137
40 147
41 143
42 149
43 147
44 145
45 143
46 139
47 153
48 141
49 147
50 147
51 147
52 145
53 145
54 149
55 153
56 137
57 153
58 143
59 147
60 137
61 149
62 151
63 147
64 145
65 147
66 139
67 143
68 137
69 147
70 151
71 147
72 149
73 139
74 153
75 137
76 141
77 145
79 147
80 147
81 147
82 137
84 141
85 137
86 141
89 149
90 137
91 145
92 149
94 137
96 137
97 143
98 143
99 143
100 20
;
param v_min:=2.375
;
param v_max:=2.625
;
param :conflictsNodes: angle:=
0 7 8 1.000000
0 8 7 1.000000
1 2 121 1.154701
1 121 2 1.154701
1 2 106 1.000000
1 106 2 1.000000
1 106 121 1.000000
1 121 106 1.000000
2 3 11 1.000000
2 11 3 1.000000
2 3 109 1.154701
2 109 3 1.154701
2 1 3 1.000000
2 3 1 1.000000
2 1 11 1.000000
2 11 1 1.000000
2 1 109 1.000000
2 109 1 1.000000
2 11 109 1.000000
2 109 11 1.000000
3 2 4 1.000000
3 4 2 1.000000
4 3 5 1.000000
4 5 3 1.000000
5 4 6 1.000000
5 6 4 1.000000
6 5 7 1.000000
6 7 5 1.000000
7 0 6 1.000000
7 6 0 1.000000
8 0 9 1.000000
8 9 0 1.000000
8 0 117 1.154701
8 117 0 1.154701
8 0 18 1.000000
8 18 0 1.000000
8 9 117 1.000000
8 117 9 1.000000
8 9 18 1.000000
8 18 9 1.000000
8 18 117 1.000000
8 117 18 1.000000
9 8 10 1.000000
9 10 8 1.000000
9 8 19 1.000000
9 19 8 1.000000
9 8 128 1.154701
9 128 8 1.154701
9 10 19 1.000000
9 19 10 1.000000
9 10 128 1.000000
9 128 10 1.000000
9 19 128 1.000000
9 128 19 1.000000
10 9 21 1.000000
10 21 9 1.000000
11 2 12 1.000000
11 12 2 1.000000
11 2 56 1.000000
11 56 2 1.000000
11 12 56 1.000000
11 56 12 1.000000
12 11 13 1.000000
12 13 11 1.000000
13 12 14 1.000000
13 14 12 1.000000
14 13 15 1.000000
14 15 13 1.000000
15 14 16 1.000000
15 16 14 1.000000
16 15 17 1.000000
16 17 15 1.000000
17 16 18 1.000000
17 18 16 1.000000
18 17 19 1.000000
18 19 17 1.000000
18 17 107 1.000000
18 107 17 1.000000
18 8 17 1.000000
18 17 8 1.000000
18 8 19 1.000000
18 19 8 1.000000
18 8 107 1.000000
18 107 8 1.000000
18 19 107 1.000000
18 107 19 1.000000
19 9 18 1.000000
19 18 9 1.000000
19 9 108 1.000000
19 108 9 1.000000
19 9 20 1.000000
19 20 9 1.000000
19 18 108 1.000000
19 108 18 1.000000
19 18 20 1.000000
19 20 18 1.000000
19 20 108 1.000000
19 108 20 1.000000
20 19 26 1.000000
20 26 19 1.000000
21 10 22 1.000000
21 22 10 1.000000
22 21 23 1.000000
22 23 21 1.000000
23 22 24 1.000000
23 24 22 1.000000
24 23 25 1.000000
24 25 23 1.000000
25 24 33 1.000000
25 33 24 1.000000
26 20 27 1.000000
26 27 20 1.000000
27 26 28 1.000000
27 28 26 1.000000
28 27 29 1.000000
28 29 27 1.000000
29 28 30 1.000000
29 30 28 1.000000
30 29 39 1.000000
30 39 29 1.000000
31 36 94 1.000000
31 94 36 1.000000
31 36 77 1.000000
31 77 36 1.000000
31 32 36 1.000000
31 36 32 1.000000
31 32 94 1.000000
31 94 32 1.000000
31 32 77 1.000000
31 77 32 1.000000
31 77 94 1.000000
31 94 77 1.000000
32 31 38 1.000000
32 38 31 1.000000
32 31 79 1.000000
32 79 31 1.000000
32 31 95 1.000000
32 95 31 1.000000
32 38 79 1.000000
32 79 38 1.000000
32 38 95 1.000000
32 95 38 1.000000
32 79 95 1.000000
32 95 79 1.000000
33 25 69 1.000000
33 69 25 1.000000
34 35 96 1.000000
34 96 35 1.000000
34 35 40 1.000000
34 40 35 1.000000
34 35 79 1.000000
34 79 35 1.000000
34 40 96 1.000000
34 96 40 1.000000
34 40 79 1.000000
34 79 40 1.000000
34 79 96 1.000000
34 96 79 1.000000
35 34 41 1.000000
35 41 34 1.000000
35 34 81 1.000000
35 81 34 1.000000
35 34 97 1.000000
35 97 34 1.000000
35 41 81 1.000000
35 81 41 1.000000
35 41 97 1.000000
35 97 41 1.000000
35 81 97 1.189773
35 97 81 1.189773
36 31 78 1.000000
36 78 31 1.000000
36 31 37 1.000000
36 37 31 1.000000
36 31 38 1.000000
36 38 31 1.000000
36 37 78 1.000000
36 78 37 1.000000
36 37 38 1.000000
36 38 37 1.000000
36 38 78 1.000000
36 78 38 1.000000
37 36 45 1.000000
37 45 36 1.000000
38 32 43 1.000000
38 43 32 1.000000
38 32 36 1.000000
38 36 32 1.000000
38 32 80 1.000000
38 80 32 1.000000
38 43 80 1.000000
38 80 43 1.000000
38 36 43 1.000000
38 43 36 1.000000
38 36 80 1.000000
38 80 36 1.000000
39 30 70 1.000000
39 70 30 1.000000
40 41 80 1.000000
40 80 41 1.000000
40 41 53 1.000000
40 53 41 1.000000
40 34 41 1.000000
40 41 34 1.000000
40 34 80 1.000000
40 80 34 1.000000
40 34 53 1.000000
40 53 34 1.000000
40 53 80 1.000000
40 80 53 1.000000
41 35 40 1.000000
41 40 35 1.000000
41 35 42 1.000000
41 42 35 1.000000
41 35 87 1.189773
41 87 35 1.189773
41 40 42 1.000000
41 42 40 1.000000
41 40 87 1.000000
41 87 40 1.000000
41 42 87 1.000000
41 87 42 1.000000
42 41 48 1.000000
42 48 41 1.000000
43 38 44 1.000000
43 44 38 1.000000
44 43 46 1.000000
44 46 43 1.000000
44 43 51 1.000000
44 51 43 1.000000
44 43 45 1.000000
44 45 43 1.000000
44 46 51 1.000000
44 51 46 1.000000
44 45 46 1.000000
44 46 45 1.000000
44 45 51 1.000000
44 51 45 1.000000
45 37 44 1.000000
45 44 37 1.000000
45 37 52 1.000000
45 52 37 1.000000
45 44 52 1.000000
45 52 44 1.000000
46 44 47 1.000000
46 47 44 1.000000
47 46 48 1.000000
47 48 46 1.000000
47 46 53 1.000000
47 53 46 1.000000
47 46 50 1.000000
47 50 46 1.000000
47 48 53 1.000000
47 53 48 1.000000
47 48 50 1.000000
47 50 48 1.000000
47 50 53 1.000000
47 53 50 1.000000
48 42 47 1.000000
48 47 42 1.000000
48 42 49 1.000000
48 49 42 1.000000
48 42 61 1.000000
48 61 42 1.000000
48 47 49 1.000000
48 49 47 1.000000
48 47 61 1.000000
48 61 47 1.000000
48 49 61 1.000000
48 61 49 1.000000
49 48 50 1.000000
49 50 48 1.000000
49 48 99 1.000000
49 99 48 1.000000
49 48 65 1.000000
49 65 48 1.000000
49 50 99 1.000000
49 99 50 1.000000
49 50 65 1.000000
49 65 50 1.000000
49 65 99 1.000000
49 99 65 1.000000
50 49 64 1.000000
50 64 49 1.000000
50 49 98 1.000000
50 98 49 1.000000
50 47 49 1.000000
50 49 47 1.000000
50 47 64 1.000000
50 64 47 1.000000
50 47 98 1.000000
50 98 47 1.000000
50 64 98 1.000000
50 98 64 1.000000
51 44 52 1.000000
51 52 44 1.000000
51 44 101 1.000000
51 101 44 1.000000
51 44 64 1.000000
51 64 44 1.000000
51 52 101 1.000000
51 101 52 1.000000
51 52 64 1.000000
51 64 52 1.000000
51 64 101 1.000000
51 101 64 1.000000
52 51 100 1.000000
52 100 51 1.000000
52 45 51 1.000000
52 51 45 1.000000
52 45 100 1.000000
52 100 45 1.000000
53 40 47 1.000000
53 47 40 1.000000
55 57 106 1.000000
55 106 57 1.000000
56 11 58 1.000000
56 58 11 1.000000
57 55 59 1.000000
57 59 55 1.000000
58 56 60 1.000000
58 60 56 1.000000
61 48 62 1.000000
61 62 48 1.000000
62 61 63 1.000000
62 63 61 1.000000
63 54 62 1.000000
63 62 54 1.000000
64 50 51 1.000000
64 51 50 1.000000
65 49 66 1.000000
65 66 49 1.000000
66 65 67 1.000000
66 67 65 1.000000
67 66 68 1.000000
67 68 66 1.000000
69 33 71 1.000000
69 71 33 1.000000
70 39 72 1.000000
70 72 39 1.000000
71 69 73 1.000000
71 73 69 1.000000
72 70 74 1.000000
72 74 70 1.000000
73 71 75 1.000000
73 75 71 1.000000
74 72 76 1.000000
74 76 72 1.000000
75 73 77 1.000000
75 77 73 1.000000
76 74 78 1.000000
76 78 74 1.000000
77 31 75 1.000000
77 75 31 1.000000
78 36 76 1.000000
78 76 36 1.000000
79 32 34 1.000000
79 34 32 1.000000
80 38 40 1.000000
80 40 38 1.000000
81 35 82 1.000000
81 82 35 1.000000
82 81 83 1.000000
82 83 81 1.000000
83 82 84 1.000000
83 84 82 1.000000
87 41 88 1.000000
87 88 41 1.000000
88 87 89 1.000000
88 89 87 1.000000
89 88 90 1.000000
89 90 88 1.000000
90 89 91 1.000000
90 91 89 1.000000
91 90 92 1.000000
91 92 90 1.000000
102 104 114 1.000000
102 114 104 1.000000
102 104 115 1.000000
102 115 104 1.000000
102 114 115 1.154701
102 115 114 1.154701
102 103 104 1.154701
102 104 103 1.154701
102 103 114 1.000000
102 114 103 1.000000
102 103 115 1.000000
102 115 103 1.000000
103 102 105 1.000000
103 105 102 1.000000
103 102 135 1.000000
103 135 102 1.000000
103 102 127 1.154701
103 127 102 1.154701
103 105 135 1.154701
103 135 105 1.154701
103 105 127 1.000000
103 127 105 1.000000
103 127 135 1.000000
103 135 127 1.000000
104 102 134 1.154701
104 134 102 1.154701
104 102 105 1.000000
104 105 102 1.000000
104 105 134 1.000000
104 134 105 1.000000
105 103 104 1.154701
105 104 103 1.154701
105 103 136 1.000000
105 136 103 1.000000
105 104 136 1.000000
105 136 104 1.000000
106 1 55 1.000000
106 55 1 1.000000
109 2 110 1.000000
109 110 2 1.000000
110 109 111 1.000000
110 111 109 1.000000
111 110 112 1.000000
111 112 110 1.000000
112 111 113 1.000000
112 113 111 1.000000
113 112 114 1.000000
113 114 112 1.000000
114 102 113 1.000000
114 113 102 1.000000
115 102 116 1.000000
115 116 102 1.000000
116 115 120 1.000000
116 120 115 1.000000
117 8 118 1.000000
117 118 8 1.000000
118 117 119 1.000000
118 119 117 1.000000
119 118 120 1.000000
119 120 118 1.000000
120 116 119 1.000000
120 119 116 1.000000
121 1 122 1.000000
121 122 1 1.000000
122 121 123 1.000000
122 123 121 1.000000
123 122 124 1.000000
123 124 122 1.000000
124 123 125 1.000000
124 125 123 1.000000
125 124 126 1.000000
125 126 124 1.000000
126 125 127 1.000000
126 127 125 1.000000
127 103 126 1.000000
127 126 103 1.000000
128 9 129 1.000000
128 129 9 1.000000
129 128 130 1.000000
129 130 128 1.000000
130 129 131 1.000000
130 131 129 1.000000
131 130 132 1.000000
131 132 130 1.000000
132 131 133 1.000000
132 133 131 1.000000
133 132 134 1.000000
133 134 132 1.000000
134 104 133 1.000000
134 133 104 1.000000
155 84 85 1.000000
155 85 84 1.000000
84 155 83 1.000000
84 83 155 1.000000
85 155 86 1.000000
85 86 155 1.000000
156 93 92 1.000000
156 92 93 1.000000
92 156 91 1.000000
92 91 156 1.000000
155 156 94 1.000000
155 94 156 1.000000
94 155 33 1.000000
94 33 155 1.000000
33 94 20 1.000000
33 20 94 1.000000
156 93 155 1.000000
156 155 93 1.000000
156 92 155 2.523543
156 155 92 2.523543
155 84 156 1.000000
155 156 84 1.000000
155 84 94 2.523543
155 94 84 2.523543
155 85 156 2.523543
155 156 85 2.523543
155 85 94 1.000000
155 94 85 1.000000
94 31 155 1.000000
94 155 31 1.000000
94 31 33 1.013794
94 33 31 1.013794
33 25 94 1.000000
33 94 25 1.000000
33 25 20 6.082763
33 20 25 6.082763
33 69 94 6.082763
33 94 69 6.082763
33 69 20 1.000000
33 20 69 1.000000
20 19 33 1.000000
20 33 19 1.000000
20 26 33 6.082763
20 33 26 6.082763
;
param D:=0.5;
param t_hat_ear:=
0 140 2.0
0 93 3.0
0 156 3.3621132305564903
0 92 4.0
0 91 5.0
0 90 6.0
0 89 7.0
0 88 8.0
0 87 9.0
0 41 10.0
0 40 11.0
0 80 12.0
0 38 13.0
0 43 14.0
0 44 15.0
0 51 16.0
0 101 17.0
0 151 18.0
3 146 8.0
3 107 9.0
3 18 10.0
3 8 11.0
3 9 12.0
3 10 13.0
3 21 14.0
3 22 15.0
3 23 16.0
3 24 17.0
3 25 18.0
3 33 19.0
3 69 20.0
3 71 21.0
3 73 22.0
3 75 23.0
3 77 24.0
3 31 25.0
3 32 26.0
3 79 27.0
3 34 28.0
3 96 29.0
3 149 30.0
5 138 4.0
5 136 5.0
5 105 6.0
5 104 7.0
5 134 8.0
5 133 9.0
5 132 10.0
5 131 11.0
5 130 12.0
5 129 13.0
5 128 14.0
5 9 15.0
5 19 16.0
5 108 17.0
5 145 18.0
6 148 3.0
6 95 4.0
6 32 5.0
6 38 6.0
6 36 7.0
6 78 8.0
6 76 9.0
6 74 10.0
6 72 11.0
6 70 12.0
6 39 13.0
6 30 14.0
6 29 15.0
6 28 16.0
6 27 17.0
6 26 18.0
6 20 19.0
6 19 20.0
6 108 21.0
6 145 22.0
7 154 8.0
7 98 9.0
7 50 10.0
7 47 11.0
7 53 12.0
7 40 13.0
7 34 14.0
7 35 15.0
7 81 16.0
7 82 17.0
7 83 18.0
7 84 19.0
7 155 19.148679230902157
7 85 20.0
7 86 21.0
7 139 22.0
9 146 6.0
9 107 7.0
9 18 8.0
9 8 9.0
9 9 10.0
9 10 11.0
9 21 12.0
9 22 13.0
9 23 14.0
9 24 15.0
9 25 16.0
9 33 17.0
9 69 18.0
9 71 19.0
9 73 20.0
9 75 21.0
9 77 22.0
9 31 23.0
9 32 24.0
9 79 25.0
9 34 26.0
9 96 27.0
9 149 28.0
11 142 6.0
11 59 7.0
11 57 8.0
11 55 9.0
11 106 10.0
11 1 11.0
11 121 12.0
11 122 13.0
11 123 14.0
11 124 15.0
11 125 16.0
11 126 17.0
11 127 18.0
11 103 19.0
11 135 20.0
11 137 21.0
12 152 0.0
12 100 1.0
12 52 2.0
12 45 3.0
12 37 4.0
12 36 5.0
12 78 6.0
12 76 7.0
12 74 8.0
12 72 9.0
12 70 10.0
12 39 11.0
12 30 12.0
12 29 13.0
12 28 14.0
12 27 15.0
12 26 16.0
12 20 17.0
12 19 18.0
12 108 19.0
12 145 20.0
13 142 4.0
13 59 5.0
13 57 6.0
13 55 7.0
13 106 8.0
13 1 9.0
13 121 10.0
13 122 11.0
13 123 12.0
13 124 13.0
13 125 14.0
13 126 15.0
13 127 16.0
13 103 17.0
13 135 18.0
13 137 19.0
15 146 2.0
15 107 3.0
15 18 4.0
15 8 5.0
15 9 6.0
15 10 7.0
15 21 8.0
15 22 9.0
15 23 10.0
15 24 11.0
15 25 12.0
15 33 13.0
15 69 14.0
15 71 15.0
15 73 16.0
15 75 17.0
15 77 18.0
15 31 19.0
15 32 20.0
15 38 21.0
15 43 22.0
15 44 23.0
15 51 24.0
15 101 25.0
15 151 26.0
16 146 16.0
16 107 17.0
16 18 18.0
16 8 19.0
16 9 20.0
16 10 21.0
16 21 22.0
16 22 23.0
16 23 24.0
16 24 25.0
16 25 26.0
16 33 27.0
16 69 28.0
16 71 29.0
16 73 30.0
16 75 31.0
16 77 32.0
16 31 33.0
16 32 34.0
16 38 35.0
16 43 36.0
16 44 37.0
16 51 38.0
16 101 39.0
16 151 40.0
19 144 8.0
19 68 9.0
19 67 10.0
19 66 11.0
19 65 12.0
19 49 13.0
19 50 14.0
19 47 15.0
19 53 16.0
19 40 17.0
19 80 18.0
19 38 19.0
19 36 20.0
19 31 21.0
19 94 22.0
19 147 23.0
20 144 16.0
20 68 17.0
20 67 18.0
20 66 19.0
20 65 20.0
20 49 21.0
20 50 22.0
20 47 23.0
20 53 24.0
20 40 25.0
20 80 26.0
20 38 27.0
20 36 28.0
20 31 29.0
20 94 30.0
20 147 31.0
21 138 15.0
21 136 16.0
21 105 17.0
21 104 18.0
21 102 19.0
21 114 20.0
21 113 21.0
21 112 22.0
21 111 23.0
21 110 24.0
21 109 25.0
21 2 26.0
21 11 27.0
21 56 28.0
21 58 29.0
21 60 30.0
21 141 31.0
22 154 22.0
22 98 23.0
22 50 24.0
22 47 25.0
22 53 26.0
22 40 27.0
22 80 28.0
22 38 29.0
22 36 30.0
22 78 31.0
22 76 32.0
22 74 33.0
22 72 34.0
22 70 35.0
22 39 36.0
22 30 37.0
22 29 38.0
22 28 39.0
22 27 40.0
22 26 41.0
22 20 42.0
22 19 43.0
22 108 44.0
22 145 45.0
23 150 15.0
23 97 16.0
23 35 17.0
23 41 18.0
23 42 19.0
23 48 20.0
23 61 21.0
23 62 22.0
23 63 23.0
23 54 24.0
23 143 25.0
24 154 14.0
24 98 15.0
24 50 16.0
24 47 17.0
24 53 18.0
24 40 19.0
24 34 20.0
24 96 21.0
24 149 22.0
25 140 16.0
25 93 17.0
25 156 17.362113230556492
25 92 18.0
25 91 19.0
25 90 20.0
25 89 21.0
25 88 22.0
25 87 23.0
25 41 24.0
25 42 25.0
25 48 26.0
25 61 27.0
25 62 28.0
25 63 29.0
25 54 30.0
25 143 31.0
26 144 12.0
26 68 13.0
26 67 14.0
26 66 15.0
26 65 16.0
26 49 17.0
26 50 18.0
26 64 19.0
26 51 20.0
26 101 21.0
26 151 22.0
27 144 14.0
27 68 15.0
27 67 16.0
27 66 17.0
27 65 18.0
27 49 19.0
27 99 20.0
27 153 21.0
28 150 17.0
28 97 18.0
28 35 19.0
28 41 20.0
28 40 21.0
28 80 22.0
28 38 23.0
28 36 24.0
28 78 25.0
28 76 26.0
28 74 27.0
28 72 28.0
28 70 29.0
28 39 30.0
28 30 31.0
28 29 32.0
28 28 33.0
28 27 34.0
28 26 35.0
28 20 36.0
28 19 37.0
28 108 38.0
28 145 39.0
29 140 14.0
29 93 15.0
29 156 15.36211323055649
29 92 16.0
29 91 17.0
29 90 18.0
29 89 19.0
29 88 20.0
29 87 21.0
29 41 22.0
29 40 23.0
29 34 24.0
29 96 25.0
29 149 26.0
30 148 12.0
30 95 13.0
30 32 14.0
30 38 15.0
30 43 16.0
30 44 17.0
30 51 18.0
30 101 19.0
30 151 20.0
31 138 13.0
31 136 14.0
31 105 15.0
31 104 16.0
31 102 17.0
31 114 18.0
31 113 19.0
31 112 20.0
31 111 21.0
31 110 22.0
31 109 23.0
31 2 24.0
31 11 25.0
31 56 26.0
31 58 27.0
31 60 28.0
31 141 29.0
32 138 11.0
32 136 12.0
32 105 13.0
32 104 14.0
32 134 15.0
32 133 16.0
32 132 17.0
32 131 18.0
32 130 19.0
32 129 20.0
32 128 21.0
32 9 22.0
32 19 23.0
32 108 24.0
32 145 25.0
33 146 11.0
33 107 12.0
33 18 13.0
33 8 14.0
33 117 15.0
33 118 16.0
33 119 17.0
33 120 18.0
33 116 19.0
33 115 20.0
33 102 21.0
33 103 22.0
33 135 23.0
33 137 24.0
34 142 13.0
34 59 14.0
34 57 15.0
34 55 16.0
34 106 17.0
34 1 18.0
34 121 19.0
34 122 20.0
34 123 21.0
34 124 22.0
34 125 23.0
34 126 24.0
34 127 25.0
34 103 26.0
34 135 27.0
34 137 28.0
35 146 14.0
35 107 15.0
35 18 16.0
35 8 17.0
35 9 18.0
35 10 19.0
35 21 20.0
35 22 21.0
35 23 22.0
35 24 23.0
35 25 24.0
35 33 25.0
35 69 26.0
35 71 27.0
35 73 28.0
35 75 29.0
35 77 30.0
35 31 31.0
35 94 32.0
35 147 33.0
36 150 10.0
36 97 11.0
36 35 12.0
36 81 13.0
36 82 14.0
36 83 15.0
36 84 16.0
36 155 16.148679230902157
36 85 17.0
36 86 18.0
36 139 19.0
37 138 17.0
37 136 18.0
37 105 19.0
37 104 20.0
37 134 21.0
37 133 22.0
37 132 23.0
37 131 24.0
37 130 25.0
37 129 26.0
37 128 27.0
37 9 28.0
37 19 29.0
37 108 30.0
37 145 31.0
38 148 14.0
38 95 15.0
38 32 16.0
38 38 17.0
38 36 18.0
38 78 19.0
38 76 20.0
38 74 21.0
38 72 22.0
38 70 23.0
38 39 24.0
38 30 25.0
38 29 26.0
38 28 27.0
38 27 28.0
38 26 29.0
38 20 30.0
38 19 31.0
38 108 32.0
38 145 33.0
39 142 11.0
39 59 12.0
39 57 13.0
39 55 14.0
39 106 15.0
39 1 16.0
39 121 17.0
39 122 18.0
39 123 19.0
39 124 20.0
39 125 21.0
39 126 22.0
39 127 23.0
39 103 24.0
39 135 25.0
39 137 26.0
40 150 27.0
40 97 28.0
40 35 29.0
40 41 30.0
40 40 31.0
40 80 32.0
40 38 33.0
40 36 34.0
40 31 35.0
40 94 36.0
40 147 37.0
41 150 25.0
41 97 26.0
41 35 27.0
41 41 28.0
41 42 29.0
41 48 30.0
41 61 31.0
41 62 32.0
41 63 33.0
41 54 34.0
41 143 35.0
42 154 24.0
42 98 25.0
42 50 26.0
42 47 27.0
42 53 28.0
42 40 29.0
42 34 30.0
42 96 31.0
42 149 32.0
43 150 37.0
43 97 38.0
43 35 39.0
43 41 40.0
43 40 41.0
43 80 42.0
43 38 43.0
43 36 44.0
43 31 45.0
43 94 46.0
43 147 47.0
44 138 21.0
44 136 22.0
44 105 23.0
44 104 24.0
44 134 25.0
44 133 26.0
44 132 27.0
44 131 28.0
44 130 29.0
44 129 30.0
44 128 31.0
44 9 32.0
44 19 33.0
44 108 34.0
44 145 35.0
45 148 34.0
45 95 35.0
45 32 36.0
45 38 37.0
45 43 38.0
45 44 39.0
45 46 40.0
45 47 41.0
45 48 42.0
45 61 43.0
45 62 44.0
45 63 45.0
45 54 46.0
45 143 47.0
46 144 26.0
46 68 27.0
46 67 28.0
46 66 29.0
46 65 30.0
46 49 31.0
46 50 32.0
46 47 33.0
46 53 34.0
46 40 35.0
46 34 36.0
46 35 37.0
46 81 38.0
46 82 39.0
46 83 40.0
46 84 41.0
46 155 41.14867923090216
46 85 42.0
46 86 43.0
46 139 44.0
47 148 36.0
47 95 37.0
47 32 38.0
47 38 39.0
47 43 40.0
47 44 41.0
47 46 42.0
47 47 43.0
47 48 44.0
47 49 45.0
47 99 46.0
47 153 47.0
48 146 20.0
48 107 21.0
48 18 22.0
48 17 23.0
48 16 24.0
48 15 25.0
48 14 26.0
48 13 27.0
48 12 28.0
48 11 29.0
48 56 30.0
48 58 31.0
48 60 32.0
48 141 33.0
49 152 21.0
49 100 22.0
49 52 23.0
49 45 24.0
49 37 25.0
49 36 26.0
49 31 27.0
49 94 28.0
49 147 29.0
50 154 28.0
50 98 29.0
50 50 30.0
50 64 31.0
50 51 32.0
50 52 33.0
50 45 34.0
50 37 35.0
50 36 36.0
50 31 37.0
50 94 38.0
50 147 39.0
51 146 22.0
51 107 23.0
51 18 24.0
51 8 25.0
51 9 26.0
51 10 27.0
51 21 28.0
51 22 29.0
51 23 30.0
51 24 31.0
51 25 32.0
51 33 33.0
51 69 34.0
51 71 35.0
51 73 36.0
51 75 37.0
51 77 38.0
51 31 39.0
51 94 40.0
51 147 41.0
52 148 38.0
52 95 39.0
52 32 40.0
52 38 41.0
52 36 42.0
52 78 43.0
52 76 44.0
52 74 45.0
52 72 46.0
52 70 47.0
52 39 48.0
52 30 49.0
52 29 50.0
52 28 51.0
52 27 52.0
52 26 53.0
52 20 54.0
52 19 55.0
52 108 56.0
52 145 57.0
53 138 23.0
53 136 24.0
53 105 25.0
53 104 26.0
53 134 27.0
53 133 28.0
53 132 29.0
53 131 30.0
53 130 31.0
53 129 32.0
53 128 33.0
53 9 34.0
53 19 35.0
53 108 36.0
53 145 37.0
54 152 25.0
54 100 26.0
54 52 27.0
54 45 28.0
54 44 29.0
54 46 30.0
54 47 31.0
54 53 32.0
54 40 33.0
54 34 34.0
54 96 35.0
54 149 36.0
55 150 23.0
55 97 24.0
55 35 25.0
55 41 26.0
55 42 27.0
55 48 28.0
55 49 29.0
55 99 30.0
55 153 31.0
56 142 20.0
56 59 21.0
56 57 22.0
56 55 23.0
56 106 24.0
56 1 25.0
56 121 26.0
56 122 27.0
56 123 28.0
56 124 29.0
56 125 30.0
56 126 31.0
56 127 32.0
56 103 33.0
56 135 34.0
56 137 35.0
57 148 28.0
57 95 29.0
57 32 30.0
57 38 31.0
57 43 32.0
57 44 33.0
57 46 34.0
57 47 35.0
57 48 36.0
57 49 37.0
57 99 38.0
57 153 39.0
58 140 24.0
58 93 25.0
58 156 25.362113230556492
58 92 26.0
58 91 27.0
58 90 28.0
58 89 29.0
58 88 30.0
58 87 31.0
58 41 32.0
58 42 33.0
58 48 34.0
58 61 35.0
58 62 36.0
58 63 37.0
58 54 38.0
58 143 39.0
59 146 26.0
59 107 27.0
59 18 28.0
59 8 29.0
59 9 30.0
59 10 31.0
59 21 32.0
59 22 33.0
59 23 34.0
59 24 35.0
59 25 36.0
59 33 37.0
59 69 38.0
59 71 39.0
59 73 40.0
59 75 41.0
59 77 42.0
59 31 43.0
59 94 44.0
59 147 45.0
60 142 30.0
60 59 31.0
60 57 32.0
60 55 33.0
60 106 34.0
60 1 35.0
60 121 36.0
60 122 37.0
60 123 38.0
60 124 39.0
60 125 40.0
60 126 41.0
60 127 42.0
60 103 43.0
60 135 44.0
60 137 45.0
61 144 30.0
61 68 31.0
61 67 32.0
61 66 33.0
61 65 34.0
61 49 35.0
61 50 36.0
61 47 37.0
61 53 38.0
61 40 39.0
61 34 40.0
61 96 41.0
61 149 42.0
62 150 39.0
62 97 40.0
62 35 41.0
62 41 42.0
62 40 43.0
62 80 44.0
62 38 45.0
62 43 46.0
62 44 47.0
62 51 48.0
62 101 49.0
62 151 50.0
63 154 39.0
63 98 40.0
63 50 41.0
63 64 42.0
63 51 43.0
63 52 44.0
63 45 45.0
63 37 46.0
63 36 47.0
63 31 48.0
63 94 49.0
63 147 50.0
64 138 35.0
64 136 36.0
64 105 37.0
64 104 38.0
64 134 39.0
64 133 40.0
64 132 41.0
64 131 42.0
64 130 43.0
64 129 44.0
64 128 45.0
64 9 46.0
64 19 47.0
64 108 48.0
64 145 49.0
65 146 36.0
65 107 37.0
65 18 38.0
65 8 39.0
65 9 40.0
65 10 41.0
65 21 42.0
65 22 43.0
65 23 44.0
65 24 45.0
65 25 46.0
65 33 47.0
65 69 48.0
65 71 49.0
65 73 50.0
65 75 51.0
65 77 52.0
65 31 53.0
65 94 54.0
65 147 55.0
66 148 49.0
66 95 50.0
66 32 51.0
66 79 52.0
66 34 53.0
66 35 54.0
66 81 55.0
66 82 56.0
66 83 57.0
66 84 58.0
66 155 58.14867923090216
66 85 59.0
66 86 60.0
66 139 61.0
67 152 39.0
67 100 40.0
67 52 41.0
67 45 42.0
67 44 43.0
67 46 44.0
67 47 45.0
67 48 46.0
67 61 47.0
67 62 48.0
67 63 49.0
67 54 50.0
67 143 51.0
68 142 34.0
68 59 35.0
68 57 36.0
68 55 37.0
68 106 38.0
68 1 39.0
68 121 40.0
68 122 41.0
68 123 42.0
68 124 43.0
68 125 44.0
68 126 45.0
68 127 46.0
68 103 47.0
68 135 48.0
68 137 49.0
69 154 32.0
69 98 33.0
69 50 34.0
69 64 35.0
69 51 36.0
69 52 37.0
69 45 38.0
69 37 39.0
69 36 40.0
69 31 41.0
69 94 42.0
69 147 43.0
70 144 37.0
70 68 38.0
70 67 39.0
70 66 40.0
70 65 41.0
70 49 42.0
70 50 43.0
70 64 44.0
70 51 45.0
70 101 46.0
70 151 47.0
71 140 37.0
71 93 38.0
71 156 38.36211323055649
71 92 39.0
71 91 40.0
71 90 41.0
71 89 42.0
71 88 43.0
71 87 44.0
71 41 45.0
71 40 46.0
71 80 47.0
71 38 48.0
71 36 49.0
71 31 50.0
71 94 51.0
71 147 52.0
72 154 49.0
72 98 50.0
72 50 51.0
72 47 52.0
72 53 53.0
72 40 54.0
72 34 55.0
72 96 56.0
72 149 57.0
73 154 45.0
73 98 46.0
73 50 47.0
73 47 48.0
73 53 49.0
73 40 50.0
73 34 51.0
73 35 52.0
73 81 53.0
73 82 54.0
73 83 55.0
73 84 56.0
73 155 56.14867923090216
73 85 57.0
73 86 58.0
73 139 59.0
74 150 33.0
74 97 34.0
74 35 35.0
74 41 36.0
74 42 37.0
74 48 38.0
74 49 39.0
74 99 40.0
74 153 41.0
75 146 34.0
75 107 35.0
75 18 36.0
75 8 37.0
75 117 38.0
75 118 39.0
75 119 40.0
75 120 41.0
75 116 42.0
75 115 43.0
75 102 44.0
75 103 45.0
75 135 46.0
75 137 47.0
76 146 30.0
76 107 31.0
76 18 32.0
76 17 33.0
76 16 34.0
76 15 35.0
76 14 36.0
76 13 37.0
76 12 38.0
76 11 39.0
76 56 40.0
76 58 41.0
76 60 42.0
76 141 43.0
77 138 33.0
77 136 34.0
77 105 35.0
77 104 36.0
77 134 37.0
77 133 38.0
77 132 39.0
77 131 40.0
77 130 41.0
77 129 42.0
77 128 43.0
77 9 44.0
77 19 45.0
77 108 46.0
77 145 47.0
79 150 48.0
79 97 49.0
79 35 50.0
79 41 51.0
79 40 52.0
79 80 53.0
79 38 54.0
79 36 55.0
79 31 56.0
79 94 57.0
79 147 58.0
80 146 46.0
80 107 47.0
80 18 48.0
80 8 49.0
80 9 50.0
80 10 51.0
80 21 52.0
80 22 53.0
80 23 54.0
80 24 55.0
80 25 56.0
80 33 57.0
80 69 58.0
80 71 59.0
80 73 60.0
80 75 61.0
80 77 62.0
80 31 63.0
80 94 64.0
80 147 65.0
81 146 49.0
81 107 50.0
81 18 51.0
81 8 52.0
81 9 53.0
81 10 54.0
81 21 55.0
81 22 56.0
81 23 57.0
81 24 58.0
81 25 59.0
81 33 60.0
81 69 61.0
81 71 62.0
81 73 63.0
81 75 64.0
81 77 65.0
81 31 66.0
81 94 67.0
81 147 68.0
82 142 40.0
82 59 41.0
82 57 42.0
82 55 43.0
82 106 44.0
82 1 45.0
82 121 46.0
82 122 47.0
82 123 48.0
82 124 49.0
82 125 50.0
82 126 51.0
82 127 52.0
82 103 53.0
82 135 54.0
82 137 55.0
84 146 40.0
84 107 41.0
84 18 42.0
84 17 43.0
84 16 44.0
84 15 45.0
84 14 46.0
84 13 47.0
84 12 48.0
84 11 49.0
84 56 50.0
84 58 51.0
84 60 52.0
84 141 53.0
85 142 44.0
85 59 45.0
85 57 46.0
85 55 47.0
85 106 48.0
85 1 49.0
85 121 50.0
85 122 51.0
85 123 52.0
85 124 53.0
85 125 54.0
85 126 55.0
85 127 56.0
85 103 57.0
85 135 58.0
85 137 59.0
86 146 42.0
86 107 43.0
86 18 44.0
86 17 45.0
86 16 46.0
86 15 47.0
86 14 48.0
86 13 49.0
86 12 50.0
86 11 51.0
86 56 52.0
86 58 53.0
86 60 54.0
86 141 55.0
89 140 49.0
89 93 50.0
89 156 50.36211323055649
89 92 51.0
89 91 52.0
89 90 53.0
89 89 54.0
89 88 55.0
89 87 56.0
89 41 57.0
89 40 58.0
89 34 59.0
89 96 60.0
89 149 61.0
90 142 46.0
90 59 47.0
90 57 48.0
90 55 49.0
90 106 50.0
90 1 51.0
90 121 52.0
90 122 53.0
90 123 54.0
90 124 55.0
90 125 56.0
90 126 57.0
90 127 58.0
90 103 59.0
90 135 60.0
90 137 61.0
91 150 44.0
91 97 45.0
91 35 46.0
91 41 47.0
91 40 48.0
91 80 49.0
91 38 50.0
91 36 51.0
91 78 52.0
91 76 53.0
91 74 54.0
91 72 55.0
91 70 56.0
91 39 57.0
91 30 58.0
91 29 59.0
91 28 60.0
91 27 61.0
91 26 62.0
91 20 63.0
91 19 64.0
91 108 65.0
91 145 66.0
92 144 47.0
92 68 48.0
92 67 49.0
92 66 50.0
92 65 51.0
92 49 52.0
92 50 53.0
92 47 54.0
92 53 55.0
92 40 56.0
92 34 57.0
92 96 58.0
92 149 59.0
94 146 44.0
94 107 45.0
94 18 46.0
94 8 47.0
94 117 48.0
94 118 49.0
94 119 50.0
94 120 51.0
94 116 52.0
94 115 53.0
94 102 54.0
94 103 55.0
94 135 56.0
94 137 57.0
96 142 48.0
96 59 49.0
96 57 50.0
96 55 51.0
96 106 52.0
96 1 53.0
96 121 54.0
96 122 55.0
96 123 56.0
96 124 57.0
96 125 58.0
96 126 59.0
96 127 60.0
96 103 61.0
96 135 62.0
96 137 63.0
97 154 47.0
97 98 48.0
97 50 49.0
97 47 50.0
97 48 51.0
97 61 52.0
97 62 53.0
97 63 54.0
97 54 55.0
97 143 56.0
98 140 47.0
98 93 48.0
98 156 48.36211323055649
98 92 49.0
98 91 50.0
98 90 51.0
98 89 52.0
98 88 53.0
98 87 54.0
98 41 55.0
98 42 56.0
98 48 57.0
98 61 58.0
98 62 59.0
98 63 60.0
98 54 61.0
98 143 62.0
99 140 45.0
99 93 46.0
99 156 46.36211323055649
99 92 47.0
99 91 48.0
99 90 49.0
99 89 50.0
99 88 51.0
99 87 52.0
99 41 53.0
99 42 54.0
99 48 55.0
99 61 56.0
99 62 57.0
99 63 58.0
99 54 59.0
99 143 60.0
100 156 19
100 155 21.12102902445949
100 94 28.7112524187574
100 33 34.79401494905562
100 20 40.87677747935384
;
param t_hat_lat:=
0 140 3.0
0 93 4.0
0 156 4.36211323055649
0 92 5.0
0 91 6.0
0 90 7.0
0 89 8.0
0 88 9.0
0 87 10.0
0 41 11.0
0 40 12.0
0 80 13.0
0 38 14.0
0 43 15.0
0 44 16.0
0 51 17.0
0 101 18.0
0 151 19.0
3 146 9.0
3 107 10.0
3 18 11.0
3 8 12.0
3 9 13.0
3 10 14.0
3 21 15.0
3 22 16.0
3 23 17.0
3 24 18.0
3 25 19.0
3 33 20.0
3 69 21.0
3 71 22.0
3 73 23.0
3 75 24.0
3 77 25.0
3 31 26.0
3 32 27.0
3 79 28.0
3 34 29.0
3 96 30.0
3 149 31.0
5 138 5.0
5 136 6.0
5 105 7.0
5 104 8.0
5 134 9.0
5 133 10.0
5 132 11.0
5 131 12.0
5 130 13.0
5 129 14.0
5 128 15.0
5 9 16.0
5 19 17.0
5 108 18.0
5 145 19.0
6 148 4.0
6 95 5.0
6 32 6.0
6 38 7.0
6 36 8.0
6 78 9.0
6 76 10.0
6 74 11.0
6 72 12.0
6 70 13.0
6 39 14.0
6 30 15.0
6 29 16.0
6 28 17.0
6 27 18.0
6 26 19.0
6 20 20.0
6 19 21.0
6 108 22.0
6 145 23.0
7 154 9.0
7 98 10.0
7 50 11.0
7 47 12.0
7 53 13.0
7 40 14.0
7 34 15.0
7 35 16.0
7 81 17.0
7 82 18.0
7 83 19.0
7 84 20.0
7 155 20.148679230902157
7 85 21.0
7 86 22.0
7 139 23.0
9 146 7.0
9 107 8.0
9 18 9.0
9 8 10.0
9 9 11.0
9 10 12.0
9 21 13.0
9 22 14.0
9 23 15.0
9 24 16.0
9 25 17.0
9 33 18.0
9 69 19.0
9 71 20.0
9 73 21.0
9 75 22.0
9 77 23.0
9 31 24.0
9 32 25.0
9 79 26.0
9 34 27.0
9 96 28.0
9 149 29.0
11 142 7.0
11 59 8.0
11 57 9.0
11 55 10.0
11 106 11.0
11 1 12.0
11 121 13.0
11 122 14.0
11 123 15.0
11 124 16.0
11 125 17.0
11 126 18.0
11 127 19.0
11 103 20.0
11 135 21.0
11 137 22.0
12 152 1.0
12 100 2.0
12 52 3.0
12 45 4.0
12 37 5.0
12 36 6.0
12 78 7.0
12 76 8.0
12 74 9.0
12 72 10.0
12 70 11.0
12 39 12.0
12 30 13.0
12 29 14.0
12 28 15.0
12 27 16.0
12 26 17.0
12 20 18.0
12 19 19.0
12 108 20.0
12 145 21.0
13 142 5.0
13 59 6.0
13 57 7.0
13 55 8.0
13 106 9.0
13 1 10.0
13 121 11.0
13 122 12.0
13 123 13.0
13 124 14.0
13 125 15.0
13 126 16.0
13 127 17.0
13 103 18.0
13 135 19.0
13 137 20.0
15 146 3.0
15 107 4.0
15 18 5.0
15 8 6.0
15 9 7.0
15 10 8.0
15 21 9.0
15 22 10.0
15 23 11.0
15 24 12.0
15 25 13.0
15 33 14.0
15 69 15.0
15 71 16.0
15 73 17.0
15 75 18.0
15 77 19.0
15 31 20.0
15 32 21.0
15 38 22.0
15 43 23.0
15 44 24.0
15 51 25.0
15 101 26.0
15 151 27.0
16 146 17.0
16 107 18.0
16 18 19.0
16 8 20.0
16 9 21.0
16 10 22.0
16 21 23.0
16 22 24.0
16 23 25.0
16 24 26.0
16 25 27.0
16 33 28.0
16 69 29.0
16 71 30.0
16 73 31.0
16 75 32.0
16 77 33.0
16 31 34.0
16 32 35.0
16 38 36.0
16 43 37.0
16 44 38.0
16 51 39.0
16 101 40.0
16 151 41.0
19 144 9.0
19 68 10.0
19 67 11.0
19 66 12.0
19 65 13.0
19 49 14.0
19 50 15.0
19 47 16.0
19 53 17.0
19 40 18.0
19 80 19.0
19 38 20.0
19 36 21.0
19 31 22.0
19 94 23.0
19 147 24.0
20 144 17.0
20 68 18.0
20 67 19.0
20 66 20.0
20 65 21.0
20 49 22.0
20 50 23.0
20 47 24.0
20 53 25.0
20 40 26.0
20 80 27.0
20 38 28.0
20 36 29.0
20 31 30.0
20 94 31.0
20 147 32.0
21 138 16.0
21 136 17.0
21 105 18.0
21 104 19.0
21 102 20.0
21 114 21.0
21 113 22.0
21 112 23.0
21 111 24.0
21 110 25.0
21 109 26.0
21 2 27.0
21 11 28.0
21 56 29.0
21 58 30.0
21 60 31.0
21 141 32.0
22 154 23.0
22 98 24.0
22 50 25.0
22 47 26.0
22 53 27.0
22 40 28.0
22 80 29.0
22 38 30.0
22 36 31.0
22 78 32.0
22 76 33.0
22 74 34.0
22 72 35.0
22 70 36.0
22 39 37.0
22 30 38.0
22 29 39.0
22 28 40.0
22 27 41.0
22 26 42.0
22 20 43.0
22 19 44.0
22 108 45.0
22 145 46.0
23 150 16.0
23 97 17.0
23 35 18.0
23 41 19.0
23 42 20.0
23 48 21.0
23 61 22.0
23 62 23.0
23 63 24.0
23 54 25.0
23 143 26.0
24 154 15.0
24 98 16.0
24 50 17.0
24 47 18.0
24 53 19.0
24 40 20.0
24 34 21.0
24 96 22.0
24 149 23.0
25 140 17.0
25 93 18.0
25 156 18.362113230556492
25 92 19.0
25 91 20.0
25 90 21.0
25 89 22.0
25 88 23.0
25 87 24.0
25 41 25.0
25 42 26.0
25 48 27.0
25 61 28.0
25 62 29.0
25 63 30.0
25 54 31.0
25 143 32.0
26 144 13.0
26 68 14.0
26 67 15.0
26 66 16.0
26 65 17.0
26 49 18.0
26 50 19.0
26 64 20.0
26 51 21.0
26 101 22.0
26 151 23.0
27 144 15.0
27 68 16.0
27 67 17.0
27 66 18.0
27 65 19.0
27 49 20.0
27 99 21.0
27 153 22.0
28 150 18.0
28 97 19.0
28 35 20.0
28 41 21.0
28 40 22.0
28 80 23.0
28 38 24.0
28 36 25.0
28 78 26.0
28 76 27.0
28 74 28.0
28 72 29.0
28 70 30.0
28 39 31.0
28 30 32.0
28 29 33.0
28 28 34.0
28 27 35.0
28 26 36.0
28 20 37.0
28 19 38.0
28 108 39.0
28 145 40.0
29 140 15.0
29 93 16.0
29 156 16.362113230556492
29 92 17.0
29 91 18.0
29 90 19.0
29 89 20.0
29 88 21.0
29 87 22.0
29 41 23.0
29 40 24.0
29 34 25.0
29 96 26.0
29 149 27.0
30 148 13.0
30 95 14.0
30 32 15.0
30 38 16.0
30 43 17.0
30 44 18.0
30 51 19.0
30 101 20.0
30 151 21.0
31 138 14.0
31 136 15.0
31 105 16.0
31 104 17.0
31 102 18.0
31 114 19.0
31 113 20.0
31 112 21.0
31 111 22.0
31 110 23.0
31 109 24.0
31 2 25.0
31 11 26.0
31 56 27.0
31 58 28.0
31 60 29.0
31 141 30.0
32 138 12.0
32 136 13.0
32 105 14.0
32 104 15.0
32 134 16.0
32 133 17.0
32 132 18.0
32 131 19.0
32 130 20.0
32 129 21.0
32 128 22.0
32 9 23.0
32 19 24.0
32 108 25.0
32 145 26.0
33 146 12.0
33 107 13.0
33 18 14.0
33 8 15.0
33 117 16.0
33 118 17.0
33 119 18.0
33 120 19.0
33 116 20.0
33 115 21.0
33 102 22.0
33 103 23.0
33 135 24.0
33 137 25.0
34 142 14.0
34 59 15.0
34 57 16.0
34 55 17.0
34 106 18.0
34 1 19.0
34 121 20.0
34 122 21.0
34 123 22.0
34 124 23.0
34 125 24.0
34 126 25.0
34 127 26.0
34 103 27.0
34 135 28.0
34 137 29.0
35 146 15.0
35 107 16.0
35 18 17.0
35 8 18.0
35 9 19.0
35 10 20.0
35 21 21.0
35 22 22.0
35 23 23.0
35 24 24.0
35 25 25.0
35 33 26.0
35 69 27.0
35 71 28.0
35 73 29.0
35 75 30.0
35 77 31.0
35 31 32.0
35 94 33.0
35 147 34.0
36 150 11.0
36 97 12.0
36 35 13.0
36 81 14.0
36 82 15.0
36 83 16.0
36 84 17.0
36 155 17.148679230902157
36 85 18.0
36 86 19.0
36 139 20.0
37 138 18.0
37 136 19.0
37 105 20.0
37 104 21.0
37 134 22.0
37 133 23.0
37 132 24.0
37 131 25.0
37 130 26.0
37 129 27.0
37 128 28.0
37 9 29.0
37 19 30.0
37 108 31.0
37 145 32.0
38 148 15.0
38 95 16.0
38 32 17.0
38 38 18.0
38 36 19.0
38 78 20.0
38 76 21.0
38 74 22.0
38 72 23.0
38 70 24.0
38 39 25.0
38 30 26.0
38 29 27.0
38 28 28.0
38 27 29.0
38 26 30.0
38 20 31.0
38 19 32.0
38 108 33.0
38 145 34.0
39 142 12.0
39 59 13.0
39 57 14.0
39 55 15.0
39 106 16.0
39 1 17.0
39 121 18.0
39 122 19.0
39 123 20.0
39 124 21.0
39 125 22.0
39 126 23.0
39 127 24.0
39 103 25.0
39 135 26.0
39 137 27.0
40 150 28.0
40 97 29.0
40 35 30.0
40 41 31.0
40 40 32.0
40 80 33.0
40 38 34.0
40 36 35.0
40 31 36.0
40 94 37.0
40 147 38.0
41 150 26.0
41 97 27.0
41 35 28.0
41 41 29.0
41 42 30.0
41 48 31.0
41 61 32.0
41 62 33.0
41 63 34.0
41 54 35.0
41 143 36.0
42 154 25.0
42 98 26.0
42 50 27.0
42 47 28.0
42 53 29.0
42 40 30.0
42 34 31.0
42 96 32.0
42 149 33.0
43 150 38.0
43 97 39.0
43 35 40.0
43 41 41.0
43 40 42.0
43 80 43.0
43 38 44.0
43 36 45.0
43 31 46.0
43 94 47.0
43 147 48.0
44 138 22.0
44 136 23.0
44 105 24.0
44 104 25.0
44 134 26.0
44 133 27.0
44 132 28.0
44 131 29.0
44 130 30.0
44 129 31.0
44 128 32.0
44 9 33.0
44 19 34.0
44 108 35.0
44 145 36.0
45 148 35.0
45 95 36.0
45 32 37.0
45 38 38.0
45 43 39.0
45 44 40.0
45 46 41.0
45 47 42.0
45 48 43.0
45 61 44.0
45 62 45.0
45 63 46.0
45 54 47.0
45 143 48.0
46 144 27.0
46 68 28.0
46 67 29.0
46 66 30.0
46 65 31.0
46 49 32.0
46 50 33.0
46 47 34.0
46 53 35.0
46 40 36.0
46 34 37.0
46 35 38.0
46 81 39.0
46 82 40.0
46 83 41.0
46 84 42.0
46 155 42.14867923090216
46 85 43.0
46 86 44.0
46 139 45.0
47 148 37.0
47 95 38.0
47 32 39.0
47 38 40.0
47 43 41.0
47 44 42.0
47 46 43.0
47 47 44.0
47 48 45.0
47 49 46.0
47 99 47.0
47 153 48.0
48 146 21.0
48 107 22.0
48 18 23.0
48 17 24.0
48 16 25.0
48 15 26.0
48 14 27.0
48 13 28.0
48 12 29.0
48 11 30.0
48 56 31.0
48 58 32.0
48 60 33.0
48 141 34.0
49 152 22.0
49 100 23.0
49 52 24.0
49 45 25.0
49 37 26.0
49 36 27.0
49 31 28.0
49 94 29.0
49 147 30.0
50 154 29.0
50 98 30.0
50 50 31.0
50 64 32.0
50 51 33.0
50 52 34.0
50 45 35.0
50 37 36.0
50 36 37.0
50 31 38.0
50 94 39.0
50 147 40.0
51 146 23.0
51 107 24.0
51 18 25.0
51 8 26.0
51 9 27.0
51 10 28.0
51 21 29.0
51 22 30.0
51 23 31.0
51 24 32.0
51 25 33.0
51 33 34.0
51 69 35.0
51 71 36.0
51 73 37.0
51 75 38.0
51 77 39.0
51 31 40.0
51 94 41.0
51 147 42.0
52 148 39.0
52 95 40.0
52 32 41.0
52 38 42.0
52 36 43.0
52 78 44.0
52 76 45.0
52 74 46.0
52 72 47.0
52 70 48.0
52 39 49.0
52 30 50.0
52 29 51.0
52 28 52.0
52 27 53.0
52 26 54.0
52 20 55.0
52 19 56.0
52 108 57.0
52 145 58.0
53 138 24.0
53 136 25.0
53 105 26.0
53 104 27.0
53 134 28.0
53 133 29.0
53 132 30.0
53 131 31.0
53 130 32.0
53 129 33.0
53 128 34.0
53 9 35.0
53 19 36.0
53 108 37.0
53 145 38.0
54 152 26.0
54 100 27.0
54 52 28.0
54 45 29.0
54 44 30.0
54 46 31.0
54 47 32.0
54 53 33.0
54 40 34.0
54 34 35.0
54 96 36.0
54 149 37.0
55 150 24.0
55 97 25.0
55 35 26.0
55 41 27.0
55 42 28.0
55 48 29.0
55 49 30.0
55 99 31.0
55 153 32.0
56 142 21.0
56 59 22.0
56 57 23.0
56 55 24.0
56 106 25.0
56 1 26.0
56 121 27.0
56 122 28.0
56 123 29.0
56 124 30.0
56 125 31.0
56 126 32.0
56 127 33.0
56 103 34.0
56 135 35.0
56 137 36.0
57 148 29.0
57 95 30.0
57 32 31.0
57 38 32.0
57 43 33.0
57 44 34.0
57 46 35.0
57 47 36.0
57 48 37.0
57 49 38.0
57 99 39.0
57 153 40.0
58 140 25.0
58 93 26.0
58 156 26.362113230556492
58 92 27.0
58 91 28.0
58 90 29.0
58 89 30.0
58 88 31.0
58 87 32.0
58 41 33.0
58 42 34.0
58 48 35.0
58 61 36.0
58 62 37.0
58 63 38.0
58 54 39.0
58 143 40.0
59 146 27.0
59 107 28.0
59 18 29.0
59 8 30.0
59 9 31.0
59 10 32.0
59 21 33.0
59 22 34.0
59 23 35.0
59 24 36.0
59 25 37.0
59 33 38.0
59 69 39.0
59 71 40.0
59 73 41.0
59 75 42.0
59 77 43.0
59 31 44.0
59 94 45.0
59 147 46.0
60 142 31.0
60 59 32.0
60 57 33.0
60 55 34.0
60 106 35.0
60 1 36.0
60 121 37.0
60 122 38.0
60 123 39.0
60 124 40.0
60 125 41.0
60 126 42.0
60 127 43.0
60 103 44.0
60 135 45.0
60 137 46.0
61 144 31.0
61 68 32.0
61 67 33.0
61 66 34.0
61 65 35.0
61 49 36.0
61 50 37.0
61 47 38.0
61 53 39.0
61 40 40.0
61 34 41.0
61 96 42.0
61 149 43.0
62 150 40.0
62 97 41.0
62 35 42.0
62 41 43.0
62 40 44.0
62 80 45.0
62 38 46.0
62 43 47.0
62 44 48.0
62 51 49.0
62 101 50.0
62 151 51.0
63 154 40.0
63 98 41.0
63 50 42.0
63 64 43.0
63 51 44.0
63 52 45.0
63 45 46.0
63 37 47.0
63 36 48.0
63 31 49.0
63 94 50.0
63 147 51.0
64 138 36.0
64 136 37.0
64 105 38.0
64 104 39.0
64 134 40.0
64 133 41.0
64 132 42.0
64 131 43.0
64 130 44.0
64 129 45.0
64 128 46.0
64 9 47.0
64 19 48.0
64 108 49.0
64 145 50.0
65 146 37.0
65 107 38.0
65 18 39.0
65 8 40.0
65 9 41.0
65 10 42.0
65 21 43.0
65 22 44.0
65 23 45.0
65 24 46.0
65 25 47.0
65 33 48.0
65 69 49.0
65 71 50.0
65 73 51.0
65 75 52.0
65 77 53.0
65 31 54.0
65 94 55.0
65 147 56.0
66 148 50.0
66 95 51.0
66 32 52.0
66 79 53.0
66 34 54.0
66 35 55.0
66 81 56.0
66 82 57.0
66 83 58.0
66 84 59.0
66 155 59.14867923090216
66 85 60.0
66 86 61.0
66 139 62.0
67 152 40.0
67 100 41.0
67 52 42.0
67 45 43.0
67 44 44.0
67 46 45.0
67 47 46.0
67 48 47.0
67 61 48.0
67 62 49.0
67 63 50.0
67 54 51.0
67 143 52.0
68 142 35.0
68 59 36.0
68 57 37.0
68 55 38.0
68 106 39.0
68 1 40.0
68 121 41.0
68 122 42.0
68 123 43.0
68 124 44.0
68 125 45.0
68 126 46.0
68 127 47.0
68 103 48.0
68 135 49.0
68 137 50.0
69 154 33.0
69 98 34.0
69 50 35.0
69 64 36.0
69 51 37.0
69 52 38.0
69 45 39.0
69 37 40.0
69 36 41.0
69 31 42.0
69 94 43.0
69 147 44.0
70 144 38.0
70 68 39.0
70 67 40.0
70 66 41.0
70 65 42.0
70 49 43.0
70 50 44.0
70 64 45.0
70 51 46.0
70 101 47.0
70 151 48.0
71 140 38.0
71 93 39.0
71 156 39.36211323055649
71 92 40.0
71 91 41.0
71 90 42.0
71 89 43.0
71 88 44.0
71 87 45.0
71 41 46.0
71 40 47.0
71 80 48.0
71 38 49.0
71 36 50.0
71 31 51.0
71 94 52.0
71 147 53.0
72 154 50.0
72 98 51.0
72 50 52.0
72 47 53.0
72 53 54.0
72 40 55.0
72 34 56.0
72 96 57.0
72 149 58.0
73 154 46.0
73 98 47.0
73 50 48.0
73 47 49.0
73 53 50.0
73 40 51.0
73 34 52.0
73 35 53.0
73 81 54.0
73 82 55.0
73 83 56.0
73 84 57.0
73 155 57.14867923090216
73 85 58.0
73 86 59.0
73 139 60.0
74 150 34.0
74 97 35.0
74 35 36.0
74 41 37.0
74 42 38.0
74 48 39.0
74 49 40.0
74 99 41.0
74 153 42.0
75 146 35.0
75 107 36.0
75 18 37.0
75 8 38.0
75 117 39.0
75 118 40.0
75 119 41.0
75 120 42.0
75 116 43.0
75 115 44.0
75 102 45.0
75 103 46.0
75 135 47.0
75 137 48.0
76 146 31.0
76 107 32.0
76 18 33.0
76 17 34.0
76 16 35.0
76 15 36.0
76 14 37.0
76 13 38.0
76 12 39.0
76 11 40.0
76 56 41.0
76 58 42.0
76 60 43.0
76 141 44.0
77 138 34.0
77 136 35.0
77 105 36.0
77 104 37.0
77 134 38.0
77 133 39.0
77 132 40.0
77 131 41.0
77 130 42.0
77 129 43.0
77 128 44.0
77 9 45.0
77 19 46.0
77 108 47.0
77 145 48.0
79 150 49.0
79 97 50.0
79 35 51.0
79 41 52.0
79 40 53.0
79 80 54.0
79 38 55.0
79 36 56.0
79 31 57.0
79 94 58.0
79 147 59.0
80 146 47.0
80 107 48.0
80 18 49.0
80 8 50.0
80 9 51.0
80 10 52.0
80 21 53.0
80 22 54.0
80 23 55.0
80 24 56.0
80 25 57.0
80 33 58.0
80 69 59.0
80 71 60.0
80 73 61.0
80 75 62.0
80 77 63.0
80 31 64.0
80 94 65.0
80 147 66.0
81 146 50.0
81 107 51.0
81 18 52.0
81 8 53.0
81 9 54.0
81 10 55.0
81 21 56.0
81 22 57.0
81 23 58.0
81 24 59.0
81 25 60.0
81 33 61.0
81 69 62.0
81 71 63.0
81 73 64.0
81 75 65.0
81 77 66.0
81 31 67.0
81 94 68.0
81 147 69.0
82 142 41.0
82 59 42.0
82 57 43.0
82 55 44.0
82 106 45.0
82 1 46.0
82 121 47.0
82 122 48.0
82 123 49.0
82 124 50.0
82 125 51.0
82 126 52.0
82 127 53.0
82 103 54.0
82 135 55.0
82 137 56.0
84 146 41.0
84 107 42.0
84 18 43.0
84 17 44.0
84 16 45.0
84 15 46.0
84 14 47.0
84 13 48.0
84 12 49.0
84 11 50.0
84 56 51.0
84 58 52.0
84 60 53.0
84 141 54.0
85 142 45.0
85 59 46.0
85 57 47.0
85 55 48.0
85 106 49.0
85 1 50.0
85 121 51.0
85 122 52.0
85 123 53.0
85 124 54.0
85 125 55.0
85 126 56.0
85 127 57.0
85 103 58.0
85 135 59.0
85 137 60.0
86 146 43.0
86 107 44.0
86 18 45.0
86 17 46.0
86 16 47.0
86 15 48.0
86 14 49.0
86 13 50.0
86 12 51.0
86 11 52.0
86 56 53.0
86 58 54.0
86 60 55.0
86 141 56.0
89 140 50.0
89 93 51.0
89 156 51.36211323055649
89 92 52.0
89 91 53.0
89 90 54.0
89 89 55.0
89 88 56.0
89 87 57.0
89 41 58.0
89 40 59.0
89 34 60.0
89 96 61.0
89 149 62.0
90 142 47.0
90 59 48.0
90 57 49.0
90 55 50.0
90 106 51.0
90 1 52.0
90 121 53.0
90 122 54.0
90 123 55.0
90 124 56.0
90 125 57.0
90 126 58.0
90 127 59.0
90 103 60.0
90 135 61.0
90 137 62.0
91 150 45.0
91 97 46.0
91 35 47.0
91 41 48.0
91 40 49.0
91 80 50.0
91 38 51.0
91 36 52.0
91 78 53.0
91 76 54.0
91 74 55.0
91 72 56.0
91 70 57.0
91 39 58.0
91 30 59.0
91 29 60.0
91 28 61.0
91 27 62.0
91 26 63.0
91 20 64.0
91 19 65.0
91 108 66.0
91 145 67.0
92 144 48.0
92 68 49.0
92 67 50.0
92 66 51.0
92 65 52.0
92 49 53.0
92 50 54.0
92 47 55.0
92 53 56.0
92 40 57.0
92 34 58.0
92 96 59.0
92 149 60.0
94 146 45.0
94 107 46.0
94 18 47.0
94 8 48.0
94 117 49.0
94 118 50.0
94 119 51.0
94 120 52.0
94 116 53.0
94 115 54.0
94 102 55.0
94 103 56.0
94 135 57.0
94 137 58.0
96 142 49.0
96 59 50.0
96 57 51.0
96 55 52.0
96 106 53.0
96 1 54.0
96 121 55.0
96 122 56.0
96 123 57.0
96 124 58.0
96 125 59.0
96 126 60.0
96 127 61.0
96 103 62.0
96 135 63.0
96 137 64.0
97 154 48.0
97 98 49.0
97 50 50.0
97 47 51.0
97 48 52.0
97 61 53.0
97 62 54.0
97 63 55.0
97 54 56.0
97 143 57.0
98 140 48.0
98 93 49.0
98 156 49.36211323055649
98 92 50.0
98 91 51.0
98 90 52.0
98 89 53.0
98 88 54.0
98 87 55.0
98 41 56.0
98 42 57.0
98 48 58.0
98 61 59.0
98 62 60.0
98 63 61.0
98 54 62.0
98 143 63.0
99 140 46.0
99 93 47.0
99 156 47.36211323055649
99 92 48.0
99 91 49.0
99 90 50.0
99 89 51.0
99 88 52.0
99 87 53.0
99 41 54.0
99 42 55.0
99 48 56.0
99 61 57.0
99 62 58.0
99 63 59.0
99 54 60.0
99 143 61.0
100 156 20
100 155 22.12102902445949
100 94 29.7112524187574
100 33 35.79401494905562
100 20 41.87677747935384
;
set fixedFlights :=
0 41 40
0 38 43
0 43 44
0 44 51
0 40 80
0 80 38
0 101 151
0 51 101
0 92 91
0 91 90
0 90 89
0 89 88
0 88 87
0 87 41
0 140 93
0 93 156
0 156 92
3 9 10
3 8 9
3 10 21
3 21 22
3 22 23
3 23 24
3 24 25
3 31 32
3 25 33
3 33 69
3 69 71
3 71 73
3 73 75
3 75 77
3 77 31
3 32 79
3 79 34
3 96 149
3 34 96
3 146 107
3 107 18
3 18 8
5 108 145
5 9 19
5 19 108
5 105 104
5 104 134
5 134 133
5 133 132
5 132 131
5 131 130
5 130 129
5 129 128
5 128 9
5 138 136
5 136 105
6 20 19
6 26 20
6 27 26
6 28 27
6 29 28
6 30 29
6 32 38
6 38 36
6 36 78
6 78 76
6 76 74
6 74 72
6 72 70
6 70 39
6 39 30
6 148 95
6 95 32
6 108 145
6 19 108
9 9 10
9 8 9
9 10 21
9 21 22
9 22 23
9 23 24
9 24 25
9 31 32
9 25 33
9 33 69
9 69 71
9 71 73
9 73 75
9 75 77
9 77 31
9 32 79
9 79 34
9 96 149
9 34 96
9 146 107
9 107 18
9 18 8
11 57 55
11 59 57
11 142 59
11 55 106
11 106 1
11 1 121
11 121 122
11 122 123
11 123 124
11 124 125
11 125 126
11 126 127
11 127 103
11 103 135
11 135 137
12 20 19
12 26 20
12 27 26
12 28 27
12 29 28
12 30 29
12 37 36
12 45 37
12 52 45
12 36 78
12 78 76
12 76 74
12 74 72
12 72 70
12 70 39
12 39 30
12 152 100
12 100 52
12 108 145
12 19 108
13 57 55
13 59 57
13 142 59
13 55 106
13 106 1
13 1 121
13 121 122
13 122 123
13 123 124
13 124 125
13 125 126
13 126 127
13 127 103
13 103 135
13 135 137
15 9 10
15 8 9
15 10 21
15 21 22
15 22 23
15 23 24
15 24 25
15 32 38
15 38 43
15 43 44
15 31 32
15 44 51
15 25 33
15 33 69
15 69 71
15 71 73
15 73 75
15 75 77
15 77 31
15 101 151
15 51 101
15 146 107
15 107 18
15 18 8
16 9 10
16 8 9
16 10 21
16 21 22
16 22 23
16 23 24
16 24 25
16 32 38
16 38 43
16 43 44
16 31 32
16 44 51
16 25 33
16 33 69
16 69 71
16 71 73
16 73 75
16 75 77
16 77 31
16 101 151
16 51 101
16 146 107
16 107 18
16 18 8
19 36 31
19 49 50
19 50 47
19 47 53
19 53 40
19 66 65
19 67 66
19 68 67
19 144 68
19 65 49
19 40 80
19 80 38
19 38 36
19 94 147
19 31 94
21 56 58
21 58 60
21 60 141
21 11 56
21 2 11
21 109 2
21 110 109
21 104 102
21 102 114
21 105 104
21 114 113
21 113 112
21 112 111
21 111 110
21 138 136
21 136 105
23 35 41
23 41 42
23 42 48
23 54 143
23 48 61
23 61 62
23 62 63
23 63 54
23 150 97
23 97 35
24 50 47
24 47 53
24 53 40
24 40 34
24 154 98
24 96 149
24 34 96
24 98 50
26 49 50
26 66 65
26 67 66
26 68 67
26 144 68
26 64 51
26 65 49
26 50 64
26 101 151
26 51 101
27 66 65
27 67 66
27 68 67
27 144 68
27 65 49
27 99 153
27 49 99
28 20 19
28 26 20
28 27 26
28 28 27
28 29 28
28 30 29
28 41 40
28 35 41
28 40 80
28 80 38
28 38 36
28 36 78
28 78 76
28 76 74
28 74 72
28 72 70
28 70 39
28 39 30
28 150 97
28 97 35
28 108 145
28 19 108
29 41 40
29 40 34
29 96 149
29 34 96
29 92 91
29 91 90
29 90 89
29 89 88
29 88 87
29 87 41
29 140 93
29 93 156
29 156 92
30 32 38
30 38 43
30 43 44
30 44 51
30 148 95
30 101 151
30 95 32
30 51 101
31 56 58
31 58 60
31 60 141
31 11 56
31 2 11
31 109 2
31 110 109
31 104 102
31 102 114
31 105 104
31 114 113
31 113 112
31 112 111
31 111 110
31 138 136
31 136 105
32 108 145
32 9 19
32 19 108
32 105 104
32 104 134
32 134 133
32 133 132
32 132 131
32 131 130
32 130 129
32 129 128
32 128 9
32 138 136
32 136 105
33 146 107
33 107 18
33 18 8
33 115 102
33 102 103
33 116 115
33 8 117
33 117 118
33 118 119
33 119 120
33 120 116
33 103 135
33 135 137
34 57 55
34 59 57
34 142 59
34 55 106
34 106 1
34 1 121
34 121 122
34 122 123
34 123 124
34 124 125
34 125 126
34 126 127
34 127 103
34 103 135
34 135 137
36 150 97
36 97 35
36 35 81
36 81 82
36 82 83
36 83 84
36 85 86
36 86 139
36 84 155
36 155 85
37 108 145
37 9 19
37 19 108
37 105 104
37 104 134
37 134 133
37 133 132
37 132 131
37 131 130
37 130 129
37 129 128
37 128 9
37 138 136
37 136 105
38 20 19
38 26 20
38 27 26
38 28 27
38 29 28
38 30 29
38 32 38
38 38 36
38 36 78
38 78 76
38 76 74
38 74 72
38 72 70
38 70 39
38 39 30
38 148 95
38 95 32
38 108 145
38 19 108
39 57 55
39 59 57
39 142 59
39 55 106
39 106 1
39 1 121
39 121 122
39 122 123
39 123 124
39 124 125
39 125 126
39 126 127
39 127 103
39 103 135
39 135 137
40 36 31
40 41 40
40 35 41
40 40 80
40 80 38
40 38 36
40 94 147
40 150 97
40 97 35
40 31 94
41 35 41
41 41 42
41 42 48
41 54 143
41 48 61
41 61 62
41 62 63
41 63 54
41 150 97
41 97 35
42 50 47
42 47 53
42 53 40
42 40 34
42 154 98
42 96 149
42 34 96
42 98 50
43 36 31
43 41 40
43 35 41
43 40 80
43 80 38
43 38 36
43 94 147
43 150 97
43 97 35
43 31 94
44 108 145
44 9 19
44 19 108
44 105 104
44 104 134
44 134 133
44 133 132
44 132 131
44 131 130
44 130 129
44 129 128
44 128 9
44 138 136
44 136 105
45 34 35
45 35 41
45 41 42
45 42 48
45 54 143
45 48 61
45 61 62
45 62 63
45 63 54
45 32 79
45 79 34
45 148 95
45 95 32
46 34 35
46 49 50
46 50 47
46 47 53
46 53 40
46 40 34
46 66 65
46 67 66
46 68 67
46 144 68
46 65 49
46 35 81
46 81 82
46 82 83
46 83 84
46 85 86
46 86 139
46 84 155
46 155 85
47 32 38
47 38 43
47 43 44
47 44 46
47 46 47
47 47 48
47 48 49
47 148 95
47 99 153
47 95 32
47 49 99
48 12 11
48 13 12
48 14 13
48 15 14
48 16 15
48 17 16
48 18 17
48 56 58
48 58 60
48 60 141
48 146 107
48 11 56
48 107 18
50 36 31
50 37 36
50 45 37
50 51 52
50 52 45
50 64 51
50 50 64
50 94 147
50 154 98
50 31 94
50 98 50
52 20 19
52 26 20
52 27 26
52 28 27
52 29 28
52 30 29
52 32 38
52 38 36
52 36 78
52 78 76
52 76 74
52 74 72
52 72 70
52 70 39
52 39 30
52 148 95
52 95 32
52 108 145
52 19 108
53 108 145
53 9 19
53 19 108
53 105 104
53 104 134
53 134 133
53 133 132
53 132 131
53 131 130
53 130 129
53 129 128
53 128 9
53 138 136
53 136 105
54 45 44
54 44 46
54 46 47
54 52 45
54 47 53
54 53 40
54 40 34
54 152 100
54 96 149
54 34 96
54 100 52
55 35 41
55 41 42
55 42 48
55 48 49
55 99 153
55 150 97
55 97 35
55 49 99
56 57 55
56 59 57
56 142 59
56 55 106
56 106 1
56 1 121
56 121 122
56 122 123
56 123 124
56 124 125
56 125 126
56 126 127
56 127 103
56 103 135
56 135 137
57 34 35
57 35 41
57 41 42
57 42 48
57 48 49
57 32 79
57 79 34
57 148 95
57 99 153
57 95 32
57 49 99
58 41 42
58 42 48
58 54 143
58 48 61
58 61 62
58 62 63
58 63 54
58 92 91
58 91 90
58 90 89
58 89 88
58 88 87
58 87 41
58 140 93
58 93 156
58 156 92
60 57 55
60 59 57
60 142 59
60 55 106
60 106 1
60 1 121
60 121 122
60 122 123
60 123 124
60 124 125
60 125 126
60 126 127
60 127 103
60 103 135
60 135 137
61 49 50
61 50 47
61 47 53
61 53 40
61 40 34
61 66 65
61 67 66
61 68 67
61 144 68
61 65 49
61 96 149
61 34 96
62 41 40
62 35 41
62 38 43
62 43 44
62 44 51
62 40 80
62 80 38
62 101 151
62 150 97
62 97 35
62 51 101
63 36 31
63 37 36
63 45 37
63 51 52
63 52 45
63 64 51
63 50 64
63 94 147
63 154 98
63 31 94
63 98 50
64 108 145
64 9 19
64 19 108
64 105 104
64 104 134
64 134 133
64 133 132
64 132 131
64 131 130
64 130 129
64 129 128
64 128 9
64 138 136
64 136 105
65 9 10
65 8 9
65 10 21
65 21 22
65 22 23
65 23 24
65 24 25
65 25 33
65 33 69
65 69 71
65 71 73
65 73 75
65 75 77
65 77 31
65 94 147
65 31 94
65 146 107
65 107 18
65 18 8
66 34 35
66 32 79
66 79 34
66 148 95
66 95 32
66 35 81
66 81 82
66 82 83
66 83 84
66 85 86
66 86 139
66 84 155
66 155 85
67 45 44
67 44 46
67 46 47
67 47 48
67 52 45
67 54 143
67 48 61
67 61 62
67 62 63
67 63 54
67 152 100
67 100 52
68 57 55
68 59 57
68 142 59
68 55 106
68 106 1
68 1 121
68 121 122
68 122 123
68 123 124
68 124 125
68 125 126
68 126 127
68 127 103
68 103 135
68 135 137
69 36 31
69 37 36
69 45 37
69 51 52
69 52 45
69 64 51
69 50 64
69 94 147
69 154 98
69 31 94
69 98 50
70 49 50
70 66 65
70 67 66
70 68 67
70 144 68
70 64 51
70 65 49
70 50 64
70 101 151
70 51 101
71 36 31
71 41 40
71 40 80
71 80 38
71 38 36
71 94 147
71 31 94
71 92 91
71 91 90
71 90 89
71 89 88
71 88 87
71 87 41
71 140 93
71 93 156
71 156 92
72 50 47
72 47 53
72 53 40
72 40 34
72 154 98
72 96 149
72 34 96
72 98 50
73 34 35
73 50 47
73 47 53
73 53 40
73 40 34
73 154 98
73 98 50
73 35 81
73 81 82
73 82 83
73 83 84
73 85 86
73 86 139
73 84 155
73 155 85
74 35 41
74 41 42
74 42 48
74 48 49
74 99 153
74 150 97
74 97 35
74 49 99
75 146 107
75 107 18
75 18 8
75 115 102
75 102 103
75 116 115
75 8 117
75 117 118
75 118 119
75 119 120
75 120 116
75 103 135
75 135 137
76 12 11
76 13 12
76 14 13
76 15 14
76 16 15
76 17 16
76 18 17
76 56 58
76 58 60
76 60 141
76 146 107
76 11 56
76 107 18
77 108 145
77 9 19
77 19 108
77 105 104
77 104 134
77 134 133
77 133 132
77 132 131
77 131 130
77 130 129
77 129 128
77 128 9
77 138 136
77 136 105
79 36 31
79 41 40
79 35 41
79 40 80
79 80 38
79 38 36
79 94 147
79 150 97
79 97 35
79 31 94
80 9 10
80 8 9
80 10 21
80 21 22
80 22 23
80 23 24
80 24 25
80 25 33
80 33 69
80 69 71
80 71 73
80 73 75
80 75 77
80 77 31
80 94 147
80 31 94
80 146 107
80 107 18
80 18 8
81 9 10
81 8 9
81 10 21
81 21 22
81 22 23
81 23 24
81 24 25
81 25 33
81 33 69
81 69 71
81 71 73
81 73 75
81 75 77
81 77 31
81 94 147
81 31 94
81 146 107
81 107 18
81 18 8
82 57 55
82 59 57
82 142 59
82 55 106
82 106 1
82 1 121
82 121 122
82 122 123
82 123 124
82 124 125
82 125 126
82 126 127
82 127 103
82 103 135
82 135 137
84 12 11
84 13 12
84 14 13
84 15 14
84 16 15
84 17 16
84 18 17
84 56 58
84 58 60
84 60 141
84 146 107
84 11 56
84 107 18
85 57 55
85 59 57
85 142 59
85 55 106
85 106 1
85 1 121
85 121 122
85 122 123
85 123 124
85 124 125
85 125 126
85 126 127
85 127 103
85 103 135
85 135 137
86 12 11
86 13 12
86 14 13
86 15 14
86 16 15
86 17 16
86 18 17
86 56 58
86 58 60
86 60 141
86 146 107
86 11 56
86 107 18
89 41 40
89 40 34
89 96 149
89 34 96
89 92 91
89 91 90
89 90 89
89 89 88
89 88 87
89 87 41
89 140 93
89 93 156
89 156 92
90 57 55
90 59 57
90 142 59
90 55 106
90 106 1
90 1 121
90 121 122
90 122 123
90 123 124
90 124 125
90 125 126
90 126 127
90 127 103
90 103 135
90 135 137
91 20 19
91 26 20
91 27 26
91 28 27
91 29 28
91 30 29
91 41 40
91 35 41
91 40 80
91 80 38
91 38 36
91 36 78
91 78 76
91 76 74
91 74 72
91 72 70
91 70 39
91 39 30
91 150 97
91 97 35
91 108 145
91 19 108
92 49 50
92 50 47
92 47 53
92 53 40
92 40 34
92 66 65
92 67 66
92 68 67
92 144 68
92 65 49
92 96 149
92 34 96
94 146 107
94 107 18
94 18 8
94 115 102
94 102 103
94 116 115
94 8 117
94 117 118
94 118 119
94 119 120
94 120 116
94 103 135
94 135 137
96 57 55
96 59 57
96 142 59
96 55 106
96 106 1
96 1 121
96 121 122
96 122 123
96 123 124
96 124 125
96 125 126
96 126 127
96 127 103
96 103 135
96 135 137
97 47 48
97 50 47
97 54 143
97 48 61
97 61 62
97 62 63
97 63 54
97 154 98
97 98 50
98 41 42
98 42 48
98 54 143
98 48 61
98 61 62
98 62 63
98 63 54
98 92 91
98 91 90
98 90 89
98 89 88
98 88 87
98 87 41
98 140 93
98 93 156
98 156 92
99 41 42
99 42 48
99 54 143
99 48 61
99 61 62
99 62 63
99 63 54
99 92 91
99 91 90
99 90 89
99 89 88
99 88 87
99 87 41
99 140 93
99 93 156
99 156 92
100 156 155
100 155 94
100 94 33
100 33 20
;
;
set inFlight:=
0
3
5
6
7
9
11
12
13
15
16
19
20
21
23
24
25
26
27
28
29
30
31
32
33
34
35
36
37
38
39
;
set passedFreeF:=
7 154 98
7 98 50
7 50 47
7 47 53
7 53 40
7 40 34
7 34 35
7 35 81
7 81 82
7 82 83
7 83 84
7 84 155
7 155 85
7 85 86
7 86 139
20 144 68
20 68 67
20 67 66
20 66 65
20 65 49
20 49 50
20 50 47
20 47 53
20 53 40
20 40 80
20 80 38
20 38 36
20 36 31
20 31 94
20 94 147
22 154 98
22 98 50
22 50 47
22 47 53
22 53 40
22 40 80
22 80 38
22 38 36
22 36 78
22 78 76
22 76 74
22 74 72
22 72 70
22 70 39
22 39 30
22 30 29
22 29 28
22 28 27
22 27 26
22 26 20
22 20 19
22 19 108
22 108 145
25 140 93
25 93 156
25 156 92
25 92 91
25 91 90
25 90 89
25 89 88
25 88 87
25 87 41
25 41 42
25 42 48
25 48 61
25 61 62
25 62 63
25 63 54
25 54 143
35 146 107
35 107 18
35 18 8
35 8 9
35 9 10
35 10 21
35 21 22
35 22 23
35 23 24
35 24 25
35 25 33
35 33 69
35 69 71
35 71 73
35 73 75
35 75 77
35 77 31
35 31 94
35 94 147
49 152 100
49 100 52
49 52 45
49 45 37
49 37 36
49 36 31
49 31 94
49 94 147
51 146 107
51 107 18
51 18 8
51 8 9
51 9 10
51 10 21
51 21 22
51 22 23
51 23 24
51 24 25
51 25 33
51 33 69
51 69 71
51 71 73
51 73 75
51 75 77
51 77 31
51 31 94
51 94 147
59 146 107
59 107 18
59 18 8
59 8 9
59 9 10
59 10 21
59 21 22
59 22 23
59 23 24
59 24 25
59 25 33
59 33 69
59 69 71
59 71 73
59 73 75
59 75 77
59 77 31
59 31 94
59 94 147
;
param tini := 18;
