param nn:= 157;
set F:=
6
9
18
21
25
26
27
28
29
31
35
36
37
38
39
40
41
42
43
44
45
46
47
48
49
50
52
53
54
55
56
57
58
59
60
61
62
63
65
66
67
68
69
70
71
72
74
75
76
77
78
79
80
81
84
85
86
88
89
92
94
95
96
97
99
100
;
set NC:=
100
;
param: E: d:=
2 3 2.500000
3 4 2.500000
4 5 2.500000
5 6 2.500000
6 7 2.500000
7 0 2.500000
0 8 2.500000
9 10 2.500000
8 9 2.500000
12 11 2.500000
13 12 2.500000
14 13 2.500000
15 14 2.500000
16 15 2.500000
17 16 2.500000
18 17 2.500000
19 18 2.500000
20 19 2.500000
10 21 2.500000
21 22 2.500000
22 23 2.500000
24 25 2.500000
26 20 2.500000
27 26 2.500000
28 27 2.500000
29 28 2.500000
30 29 2.500000
34 35 2.500000
36 31 2.500000
37 36 2.500000
41 40 2.500000
35 41 2.500000
41 42 2.500000
32 38 2.500000
38 43 2.500000
43 44 2.500000
45 37 2.500000
31 32 2.500000
45 44 2.500000
44 46 2.500000
46 47 2.500000
47 48 2.500000
42 48 2.500000
49 50 2.500000
51 52 2.500000
52 45 2.500000
44 51 2.500000
48 49 2.500000
50 47 2.500000
47 53 2.500000
53 40 2.500000
40 34 2.500000
54 143 1.500000
57 55 2.500000
56 58 2.500000
59 57 2.500000
58 60 2.500000
60 141 1.500000
142 59 1.500000
48 61 2.500000
61 62 2.500000
62 63 2.500000
66 65 2.500000
67 66 2.500000
68 67 2.500000
144 68 1.500000
2 1 2.500000
64 51 2.500000
63 54 2.500000
65 49 2.500000
50 64 2.500000
25 33 2.500000
33 69 2.500000
69 71 2.500000
71 73 2.500000
73 75 2.500000
75 77 2.500000
77 31 2.500000
40 80 2.500000
80 38 2.500000
38 36 2.500000
36 78 2.500000
78 76 2.500000
76 74 2.500000
74 72 2.500000
72 70 2.500000
70 39 2.500000
39 30 2.500000
32 79 2.500000
79 34 2.500000
148 95 1.500000
94 147 1.500000
152 100 1.500000
101 151 1.500000
154 98 1.500000
99 153 1.500000
96 149 1.500000
150 97 1.500000
97 35 2.500000
95 32 2.500000
31 94 2.500000
34 96 2.500000
51 101 2.500000
100 52 2.500000
98 50 2.500000
49 99 2.500000
35 81 2.500000
81 82 2.500000
82 83 2.500000
84 85 2.500000
85 86 2.500000
93 92 2.500000
92 91 2.500000
91 90 2.500000
90 89 2.500000
89 88 2.500000
88 87 2.500000
87 41 2.500000
86 139 1.500000
140 93 1.500000
108 145 1.500000
146 107 1.500000
11 56 2.500000
2 11 2.500000
107 18 2.500000
18 8 2.500000
9 19 2.500000
19 108 2.500000
55 106 2.500000
106 1 2.500000
1 121 2.500000
121 122 2.500000
109 2 2.500000
110 109 2.500000
104 102 2.500000
102 114 2.500000
115 102 2.500000
102 103 2.500000
105 104 2.500000
104 134 2.500000
134 133 2.500000
103 105 2.500000
116 115 2.500000
8 117 2.500000
117 118 2.500000
118 119 2.500000
119 120 2.500000
120 116 2.500000
133 132 2.500000
132 131 2.500000
131 130 2.500000
130 129 2.500000
129 128 2.500000
128 9 2.500000
122 123 2.500000
123 124 2.500000
124 125 2.500000
125 126 2.500000
126 127 2.500000
127 103 2.500000
114 113 2.500000
113 112 2.500000
112 111 2.500000
111 110 2.500000
103 135 2.500000
135 137 1.500000
138 136 1.500000
136 105 2.500000
83 155 1.722455
155 84 0.777545
23 156 1.727330
156 24 0.772686
92 155 1.958700
155 156 15.538941
156 16 7.755461
;
param s:=
6 154
9 146
18 150
21 146
25 140
26 148
27 138
28 150
29 154
31 146
35 152
36 142
37 146
38 154
39 148
40 142
41 142
42 140
43 148
44 148
45 150
46 142
47 138
48 138
49 154
50 154
52 148
53 150
54 152
55 140
56 144
57 150
58 138
59 148
60 152
61 138
62 138
63 144
65 142
66 142
67 148
68 152
69 140
70 150
71 148
72 140
74 154
75 150
76 138
77 154
78 138
79 146
80 138
81 142
84 142
85 146
86 154
88 152
89 152
92 146
94 146
95 144
96 144
97 142
99 138
100 92
;
param e:=
6 145
9 149
18 145
21 151
25 147
26 143
27 145
28 147
29 139
31 151
35 139
36 137
37 141
38 147
39 143
40 137
41 137
42 151
43 139
44 139
45 153
46 137
47 141
48 141
49 143
50 139
52 151
53 145
54 139
55 153
56 147
57 139
58 141
59 153
60 145
61 145
62 141
63 151
65 137
66 137
67 143
68 153
69 151
70 153
71 153
72 153
74 145
75 139
76 145
77 139
78 145
79 151
80 141
81 137
84 137
85 137
86 147
88 147
89 147
92 149
94 137
95 139
96 153
97 137
99 145
100 16
;
param v_min:=2.375
;
param v_max:=2.625
;
param :conflictsNodes: angle:=
0 7 8 1.000000
0 8 7 1.000000
1 2 121 1.154701
1 121 2 1.154701
1 2 106 1.000000
1 106 2 1.000000
1 106 121 1.000000
1 121 106 1.000000
2 3 11 1.000000
2 11 3 1.000000
2 3 109 1.154701
2 109 3 1.154701
2 1 3 1.000000
2 3 1 1.000000
2 1 11 1.000000
2 11 1 1.000000
2 1 109 1.000000
2 109 1 1.000000
2 11 109 1.000000
2 109 11 1.000000
3 2 4 1.000000
3 4 2 1.000000
4 3 5 1.000000
4 5 3 1.000000
5 4 6 1.000000
5 6 4 1.000000
6 5 7 1.000000
6 7 5 1.000000
7 0 6 1.000000
7 6 0 1.000000
8 0 9 1.000000
8 9 0 1.000000
8 0 117 1.154701
8 117 0 1.154701
8 0 18 1.000000
8 18 0 1.000000
8 9 117 1.000000
8 117 9 1.000000
8 9 18 1.000000
8 18 9 1.000000
8 18 117 1.000000
8 117 18 1.000000
9 8 10 1.000000
9 10 8 1.000000
9 8 19 1.000000
9 19 8 1.000000
9 8 128 1.154701
9 128 8 1.154701
9 10 19 1.000000
9 19 10 1.000000
9 10 128 1.000000
9 128 10 1.000000
9 19 128 1.000000
9 128 19 1.000000
10 9 21 1.000000
10 21 9 1.000000
11 2 12 1.000000
11 12 2 1.000000
11 2 56 1.000000
11 56 2 1.000000
11 12 56 1.000000
11 56 12 1.000000
12 11 13 1.000000
12 13 11 1.000000
13 12 14 1.000000
13 14 12 1.000000
14 13 15 1.000000
14 15 13 1.000000
15 14 16 1.000000
15 16 14 1.000000
16 15 17 1.000000
16 17 15 1.000000
17 16 18 1.000000
17 18 16 1.000000
18 17 19 1.000000
18 19 17 1.000000
18 17 107 1.000000
18 107 17 1.000000
18 8 17 1.000000
18 17 8 1.000000
18 8 19 1.000000
18 19 8 1.000000
18 8 107 1.000000
18 107 8 1.000000
18 19 107 1.000000
18 107 19 1.000000
19 9 18 1.000000
19 18 9 1.000000
19 9 108 1.000000
19 108 9 1.000000
19 9 20 1.000000
19 20 9 1.000000
19 18 108 1.000000
19 108 18 1.000000
19 18 20 1.000000
19 20 18 1.000000
19 20 108 1.000000
19 108 20 1.000000
20 19 26 1.000000
20 26 19 1.000000
21 10 22 1.000000
21 22 10 1.000000
22 21 23 1.000000
22 23 21 1.000000
25 24 33 1.000000
25 33 24 1.000000
26 20 27 1.000000
26 27 20 1.000000
27 26 28 1.000000
27 28 26 1.000000
28 27 29 1.000000
28 29 27 1.000000
29 28 30 1.000000
29 30 28 1.000000
30 29 39 1.000000
30 39 29 1.000000
31 36 94 1.000000
31 94 36 1.000000
31 36 77 1.000000
31 77 36 1.000000
31 32 36 1.000000
31 36 32 1.000000
31 32 94 1.000000
31 94 32 1.000000
31 32 77 1.000000
31 77 32 1.000000
31 77 94 1.000000
31 94 77 1.000000
32 31 38 1.000000
32 38 31 1.000000
32 31 79 1.000000
32 79 31 1.000000
32 31 95 1.000000
32 95 31 1.000000
32 38 79 1.000000
32 79 38 1.000000
32 38 95 1.000000
32 95 38 1.000000
32 79 95 1.000000
32 95 79 1.000000
33 25 69 1.000000
33 69 25 1.000000
34 35 96 1.000000
34 96 35 1.000000
34 35 40 1.000000
34 40 35 1.000000
34 35 79 1.000000
34 79 35 1.000000
34 40 96 1.000000
34 96 40 1.000000
34 40 79 1.000000
34 79 40 1.000000
34 79 96 1.000000
34 96 79 1.000000
35 34 41 1.000000
35 41 34 1.000000
35 34 81 1.000000
35 81 34 1.000000
35 34 97 1.000000
35 97 34 1.000000
35 41 81 1.000000
35 81 41 1.000000
35 41 97 1.000000
35 97 41 1.000000
35 81 97 1.189773
35 97 81 1.189773
36 31 78 1.000000
36 78 31 1.000000
36 31 37 1.000000
36 37 31 1.000000
36 31 38 1.000000
36 38 31 1.000000
36 37 78 1.000000
36 78 37 1.000000
36 37 38 1.000000
36 38 37 1.000000
36 38 78 1.000000
36 78 38 1.000000
37 36 45 1.000000
37 45 36 1.000000
38 32 43 1.000000
38 43 32 1.000000
38 32 36 1.000000
38 36 32 1.000000
38 32 80 1.000000
38 80 32 1.000000
38 43 80 1.000000
38 80 43 1.000000
38 36 43 1.000000
38 43 36 1.000000
38 36 80 1.000000
38 80 36 1.000000
39 30 70 1.000000
39 70 30 1.000000
40 41 80 1.000000
40 80 41 1.000000
40 41 53 1.000000
40 53 41 1.000000
40 34 41 1.000000
40 41 34 1.000000
40 34 80 1.000000
40 80 34 1.000000
40 34 53 1.000000
40 53 34 1.000000
40 53 80 1.000000
40 80 53 1.000000
41 35 40 1.000000
41 40 35 1.000000
41 35 42 1.000000
41 42 35 1.000000
41 35 87 1.189773
41 87 35 1.189773
41 40 42 1.000000
41 42 40 1.000000
41 40 87 1.000000
41 87 40 1.000000
41 42 87 1.000000
41 87 42 1.000000
42 41 48 1.000000
42 48 41 1.000000
43 38 44 1.000000
43 44 38 1.000000
44 43 46 1.000000
44 46 43 1.000000
44 43 51 1.000000
44 51 43 1.000000
44 43 45 1.000000
44 45 43 1.000000
44 46 51 1.000000
44 51 46 1.000000
44 45 46 1.000000
44 46 45 1.000000
44 45 51 1.000000
44 51 45 1.000000
45 37 44 1.000000
45 44 37 1.000000
45 37 52 1.000000
45 52 37 1.000000
45 44 52 1.000000
45 52 44 1.000000
46 44 47 1.000000
46 47 44 1.000000
47 46 48 1.000000
47 48 46 1.000000
47 46 53 1.000000
47 53 46 1.000000
47 46 50 1.000000
47 50 46 1.000000
47 48 53 1.000000
47 53 48 1.000000
47 48 50 1.000000
47 50 48 1.000000
47 50 53 1.000000
47 53 50 1.000000
48 42 47 1.000000
48 47 42 1.000000
48 42 49 1.000000
48 49 42 1.000000
48 42 61 1.000000
48 61 42 1.000000
48 47 49 1.000000
48 49 47 1.000000
48 47 61 1.000000
48 61 47 1.000000
48 49 61 1.000000
48 61 49 1.000000
49 48 50 1.000000
49 50 48 1.000000
49 48 99 1.000000
49 99 48 1.000000
49 48 65 1.000000
49 65 48 1.000000
49 50 99 1.000000
49 99 50 1.000000
49 50 65 1.000000
49 65 50 1.000000
49 65 99 1.000000
49 99 65 1.000000
50 49 64 1.000000
50 64 49 1.000000
50 49 98 1.000000
50 98 49 1.000000
50 47 49 1.000000
50 49 47 1.000000
50 47 64 1.000000
50 64 47 1.000000
50 47 98 1.000000
50 98 47 1.000000
50 64 98 1.000000
50 98 64 1.000000
51 44 52 1.000000
51 52 44 1.000000
51 44 101 1.000000
51 101 44 1.000000
51 44 64 1.000000
51 64 44 1.000000
51 52 101 1.000000
51 101 52 1.000000
51 52 64 1.000000
51 64 52 1.000000
51 64 101 1.000000
51 101 64 1.000000
52 51 100 1.000000
52 100 51 1.000000
52 45 51 1.000000
52 51 45 1.000000
52 45 100 1.000000
52 100 45 1.000000
53 40 47 1.000000
53 47 40 1.000000
55 57 106 1.000000
55 106 57 1.000000
56 11 58 1.000000
56 58 11 1.000000
57 55 59 1.000000
57 59 55 1.000000
58 56 60 1.000000
58 60 56 1.000000
61 48 62 1.000000
61 62 48 1.000000
62 61 63 1.000000
62 63 61 1.000000
63 54 62 1.000000
63 62 54 1.000000
64 50 51 1.000000
64 51 50 1.000000
65 49 66 1.000000
65 66 49 1.000000
66 65 67 1.000000
66 67 65 1.000000
67 66 68 1.000000
67 68 66 1.000000
69 33 71 1.000000
69 71 33 1.000000
70 39 72 1.000000
70 72 39 1.000000
71 69 73 1.000000
71 73 69 1.000000
72 70 74 1.000000
72 74 70 1.000000
73 71 75 1.000000
73 75 71 1.000000
74 72 76 1.000000
74 76 72 1.000000
75 73 77 1.000000
75 77 73 1.000000
76 74 78 1.000000
76 78 74 1.000000
77 31 75 1.000000
77 75 31 1.000000
78 36 76 1.000000
78 76 36 1.000000
79 32 34 1.000000
79 34 32 1.000000
80 38 40 1.000000
80 40 38 1.000000
81 35 82 1.000000
81 82 35 1.000000
82 81 83 1.000000
82 83 81 1.000000
85 84 86 1.000000
85 86 84 1.000000
87 41 88 1.000000
87 88 41 1.000000
88 87 89 1.000000
88 89 87 1.000000
89 88 90 1.000000
89 90 88 1.000000
90 89 91 1.000000
90 91 89 1.000000
91 90 92 1.000000
91 92 90 1.000000
92 91 93 1.000000
92 93 91 1.000000
102 104 114 1.000000
102 114 104 1.000000
102 104 115 1.000000
102 115 104 1.000000
102 114 115 1.154701
102 115 114 1.154701
102 103 104 1.154701
102 104 103 1.154701
102 103 114 1.000000
102 114 103 1.000000
102 103 115 1.000000
102 115 103 1.000000
103 102 105 1.000000
103 105 102 1.000000
103 102 135 1.000000
103 135 102 1.000000
103 102 127 1.154701
103 127 102 1.154701
103 105 135 1.154701
103 135 105 1.154701
103 105 127 1.000000
103 127 105 1.000000
103 127 135 1.000000
103 135 127 1.000000
104 102 134 1.154701
104 134 102 1.154701
104 102 105 1.000000
104 105 102 1.000000
104 105 134 1.000000
104 134 105 1.000000
105 103 104 1.154701
105 104 103 1.154701
105 103 136 1.000000
105 136 103 1.000000
105 104 136 1.000000
105 136 104 1.000000
106 1 55 1.000000
106 55 1 1.000000
109 2 110 1.000000
109 110 2 1.000000
110 109 111 1.000000
110 111 109 1.000000
111 110 112 1.000000
111 112 110 1.000000
112 111 113 1.000000
112 113 111 1.000000
113 112 114 1.000000
113 114 112 1.000000
114 102 113 1.000000
114 113 102 1.000000
115 102 116 1.000000
115 116 102 1.000000
116 115 120 1.000000
116 120 115 1.000000
117 8 118 1.000000
117 118 8 1.000000
118 117 119 1.000000
118 119 117 1.000000
119 118 120 1.000000
119 120 118 1.000000
120 116 119 1.000000
120 119 116 1.000000
121 1 122 1.000000
121 122 1 1.000000
122 121 123 1.000000
122 123 121 1.000000
123 122 124 1.000000
123 124 122 1.000000
124 123 125 1.000000
124 125 123 1.000000
125 124 126 1.000000
125 126 124 1.000000
126 125 127 1.000000
126 127 125 1.000000
127 103 126 1.000000
127 126 103 1.000000
128 9 129 1.000000
128 129 9 1.000000
129 128 130 1.000000
129 130 128 1.000000
130 129 131 1.000000
130 131 129 1.000000
131 130 132 1.000000
131 132 130 1.000000
132 131 133 1.000000
132 133 131 1.000000
133 132 134 1.000000
133 134 132 1.000000
134 104 133 1.000000
134 133 104 1.000000
155 83 84 1.000000
155 84 83 1.000000
83 155 82 1.000000
83 82 155 1.000000
84 155 85 1.000000
84 85 155 1.000000
156 23 24 1.000000
156 24 23 1.000000
23 156 22 1.000000
23 22 156 1.000000
24 156 25 1.000000
24 25 156 1.000000
155 92 156 1.000000
155 156 92 1.000000
156 155 16 1.000000
156 16 155 1.000000
92 93 155 1.000000
92 155 93 1.000000
92 91 155 2.330409
92 155 91 2.330409
155 83 92 1.000000
155 92 83 1.000000
155 83 156 2.330409
155 156 83 2.330409
155 84 92 2.330409
155 92 84 2.330409
155 84 156 1.000000
155 156 84 1.000000
156 23 155 1.000000
156 155 23 1.000000
156 23 16 7.630406
156 16 23 7.630406
156 24 155 8.094558
156 155 24 8.094558
156 24 16 1.000000
156 16 24 1.000000
16 15 156 1.000000
16 156 15 1.000000
16 17 156 7.768029
16 156 17 7.768029
;
param D:=0.5;
param t_hat_ear:=
6 154 17.0
6 98 18.0
6 50 19.0
6 47 20.0
6 53 21.0
6 40 22.0
6 80 23.0
6 38 24.0
6 36 25.0
6 78 26.0
6 76 27.0
6 74 28.0
6 72 29.0
6 70 30.0
6 39 31.0
6 30 32.0
6 29 33.0
6 28 34.0
6 27 35.0
6 26 36.0
6 20 37.0
6 19 38.0
6 108 39.0
6 145 40.0
9 146 9.0
9 107 10.0
9 18 11.0
9 8 12.0
9 9 13.0
9 10 14.0
9 21 15.0
9 22 16.0
9 23 17.0
9 156 17.690931885909553
9 24 18.0
9 25 19.0
9 33 20.0
9 69 21.0
9 71 22.0
9 73 23.0
9 75 24.0
9 77 25.0
9 31 26.0
9 32 27.0
9 79 28.0
9 34 29.0
9 96 30.0
9 149 31.0
18 150 8.0
18 97 9.0
18 35 10.0
18 41 11.0
18 40 12.0
18 80 13.0
18 38 14.0
18 36 15.0
18 78 16.0
18 76 17.0
18 74 18.0
18 72 19.0
18 70 20.0
18 39 21.0
18 30 22.0
18 29 23.0
18 28 24.0
18 27 25.0
18 26 26.0
18 20 27.0
18 19 28.0
18 108 29.0
18 145 30.0
21 146 13.0
21 107 14.0
21 18 15.0
21 8 16.0
21 9 17.0
21 10 18.0
21 21 19.0
21 22 20.0
21 23 21.0
21 156 21.690931885909553
21 24 22.0
21 25 23.0
21 33 24.0
21 69 25.0
21 71 26.0
21 73 27.0
21 75 28.0
21 77 29.0
21 31 30.0
21 32 31.0
21 38 32.0
21 43 33.0
21 44 34.0
21 51 35.0
21 101 36.0
21 151 37.0
25 140 19.0
25 93 20.0
25 92 21.0
25 91 22.0
25 90 23.0
25 89 24.0
25 88 25.0
25 87 26.0
25 41 27.0
25 40 28.0
25 80 29.0
25 38 30.0
25 36 31.0
25 31 32.0
25 94 33.0
25 147 34.0
26 148 19.0
26 95 20.0
26 32 21.0
26 38 22.0
26 43 23.0
26 44 24.0
26 46 25.0
26 47 26.0
26 48 27.0
26 61 28.0
26 62 29.0
26 63 30.0
26 54 31.0
26 143 32.0
27 138 18.0
27 136 19.0
27 105 20.0
27 104 21.0
27 134 22.0
27 133 23.0
27 132 24.0
27 131 25.0
27 130 26.0
27 129 27.0
27 128 28.0
27 9 29.0
27 19 30.0
27 108 31.0
27 145 32.0
28 150 38.0
28 97 39.0
28 35 40.0
28 41 41.0
28 40 42.0
28 80 43.0
28 38 44.0
28 36 45.0
28 31 46.0
28 94 47.0
28 147 48.0
29 154 29.0
29 98 30.0
29 50 31.0
29 47 32.0
29 53 33.0
29 40 34.0
29 34 35.0
29 35 36.0
29 81 37.0
29 82 38.0
29 83 39.0
29 155 39.688981922193626
29 84 40.0
29 85 41.0
29 86 42.0
29 139 43.0
31 146 19.0
31 107 20.0
31 18 21.0
31 8 22.0
31 9 23.0
31 10 24.0
31 21 25.0
31 22 26.0
31 23 27.0
31 156 27.690931885909553
31 24 28.0
31 25 29.0
31 33 30.0
31 69 31.0
31 71 32.0
31 73 33.0
31 75 34.0
31 77 35.0
31 31 36.0
31 32 37.0
31 38 38.0
31 43 39.0
31 44 40.0
31 51 41.0
31 101 42.0
31 151 43.0
35 152 18.0
35 100 19.0
35 52 20.0
35 45 21.0
35 44 22.0
35 46 23.0
35 47 24.0
35 53 25.0
35 40 26.0
35 34 27.0
35 35 28.0
35 81 29.0
35 82 30.0
35 83 31.0
35 155 31.688981922193623
35 84 32.0
35 85 33.0
35 86 34.0
35 139 35.0
36 142 19.0
36 59 20.0
36 57 21.0
36 55 22.0
36 106 23.0
36 1 24.0
36 121 25.0
36 122 26.0
36 123 27.0
36 124 28.0
36 125 29.0
36 126 30.0
36 127 31.0
36 103 32.0
36 135 33.0
36 137 34.0
37 146 17.0
37 107 18.0
37 18 19.0
37 17 20.0
37 16 21.0
37 15 22.0
37 14 23.0
37 13 24.0
37 12 25.0
37 11 26.0
37 56 27.0
37 58 28.0
37 60 29.0
37 141 30.0
38 154 19.0
38 98 20.0
38 50 21.0
38 64 22.0
38 51 23.0
38 52 24.0
38 45 25.0
38 37 26.0
38 36 27.0
38 31 28.0
38 94 29.0
38 147 30.0
39 148 23.0
39 95 24.0
39 32 25.0
39 38 26.0
39 43 27.0
39 44 28.0
39 46 29.0
39 47 30.0
39 48 31.0
39 61 32.0
39 62 33.0
39 63 34.0
39 54 35.0
39 143 36.0
40 142 21.0
40 59 22.0
40 57 23.0
40 55 24.0
40 106 25.0
40 1 26.0
40 121 27.0
40 122 28.0
40 123 29.0
40 124 30.0
40 125 31.0
40 126 32.0
40 127 33.0
40 103 34.0
40 135 35.0
40 137 36.0
41 142 23.0
41 59 24.0
41 57 25.0
41 55 26.0
41 106 27.0
41 1 28.0
41 121 29.0
41 122 30.0
41 123 31.0
41 124 32.0
41 125 33.0
41 126 34.0
41 127 35.0
41 103 36.0
41 135 37.0
41 137 38.0
42 140 29.0
42 93 30.0
42 92 31.0
42 91 32.0
42 90 33.0
42 89 34.0
42 88 35.0
42 87 36.0
42 41 37.0
42 40 38.0
42 80 39.0
42 38 40.0
42 43 41.0
42 44 42.0
42 51 43.0
42 101 44.0
42 151 45.0
43 148 37.0
43 95 38.0
43 32 39.0
43 79 40.0
43 34 41.0
43 35 42.0
43 81 43.0
43 82 44.0
43 83 45.0
43 155 45.688981922193626
43 84 46.0
43 85 47.0
43 86 48.0
43 139 49.0
44 148 27.0
44 95 28.0
44 32 29.0
44 79 30.0
44 34 31.0
44 35 32.0
44 81 33.0
44 82 34.0
44 83 35.0
44 155 35.688981922193626
44 84 36.0
44 85 37.0
44 86 38.0
44 139 39.0
45 150 32.0
45 97 33.0
45 35 34.0
45 41 35.0
45 42 36.0
45 48 37.0
45 49 38.0
45 99 39.0
45 153 40.0
46 142 25.0
46 59 26.0
46 57 27.0
46 55 28.0
46 106 29.0
46 1 30.0
46 121 31.0
46 122 32.0
46 123 33.0
46 124 34.0
46 125 35.0
46 126 36.0
46 127 37.0
46 103 38.0
46 135 39.0
46 137 40.0
47 138 20.0
47 136 21.0
47 105 22.0
47 104 23.0
47 102 24.0
47 114 25.0
47 113 26.0
47 112 27.0
47 111 28.0
47 110 29.0
47 109 30.0
47 2 31.0
47 11 32.0
47 56 33.0
47 58 34.0
47 60 35.0
47 141 36.0
48 138 22.0
48 136 23.0
48 105 24.0
48 104 25.0
48 102 26.0
48 114 27.0
48 113 28.0
48 112 29.0
48 111 30.0
48 110 31.0
48 109 32.0
48 2 33.0
48 11 34.0
48 56 35.0
48 58 36.0
48 60 37.0
48 141 38.0
49 154 25.0
49 98 26.0
49 50 27.0
49 47 28.0
49 48 29.0
49 61 30.0
49 62 31.0
49 63 32.0
49 54 33.0
49 143 34.0
50 154 39.0
50 98 40.0
50 50 41.0
50 47 42.0
50 53 43.0
50 40 44.0
50 34 45.0
50 35 46.0
50 81 47.0
50 82 48.0
50 83 49.0
50 155 49.688981922193626
50 84 50.0
50 85 51.0
50 86 52.0
50 139 53.0
52 148 33.0
52 95 34.0
52 32 35.0
52 38 36.0
52 43 37.0
52 44 38.0
52 51 39.0
52 101 40.0
52 151 41.0
53 150 28.0
53 97 29.0
53 35 30.0
53 41 31.0
53 40 32.0
53 80 33.0
53 38 34.0
53 36 35.0
53 78 36.0
53 76 37.0
53 74 38.0
53 72 39.0
53 70 40.0
53 39 41.0
53 30 42.0
53 29 43.0
53 28 44.0
53 27 45.0
53 26 46.0
53 20 47.0
53 19 48.0
53 108 49.0
53 145 50.0
54 152 28.0
54 100 29.0
54 52 30.0
54 45 31.0
54 44 32.0
54 46 33.0
54 47 34.0
54 53 35.0
54 40 36.0
54 34 37.0
54 35 38.0
54 81 39.0
54 82 40.0
54 83 41.0
54 155 41.688981922193626
54 84 42.0
54 85 43.0
54 86 44.0
54 139 45.0
55 140 25.0
55 93 26.0
55 92 27.0
55 91 28.0
55 90 29.0
55 89 30.0
55 88 31.0
55 87 32.0
55 41 33.0
55 42 34.0
55 48 35.0
55 49 36.0
55 99 37.0
55 153 38.0
56 144 37.0
56 68 38.0
56 67 39.0
56 66 40.0
56 65 41.0
56 49 42.0
56 50 43.0
56 47 44.0
56 53 45.0
56 40 46.0
56 80 47.0
56 38 48.0
56 36 49.0
56 31 50.0
56 94 51.0
56 147 52.0
57 150 22.0
57 97 23.0
57 35 24.0
57 81 25.0
57 82 26.0
57 83 27.0
57 155 27.688981922193623
57 84 28.0
57 85 29.0
57 86 30.0
57 139 31.0
58 138 24.0
58 136 25.0
58 105 26.0
58 104 27.0
58 102 28.0
58 114 29.0
58 113 30.0
58 112 31.0
58 111 32.0
58 110 33.0
58 109 34.0
58 2 35.0
58 11 36.0
58 56 37.0
58 58 38.0
58 60 39.0
58 141 40.0
59 148 39.0
59 95 40.0
59 32 41.0
59 38 42.0
59 43 43.0
59 44 44.0
59 46 45.0
59 47 46.0
59 48 47.0
59 49 48.0
59 99 49.0
59 153 50.0
60 152 35.0
60 100 36.0
60 52 37.0
60 45 38.0
60 37 39.0
60 36 40.0
60 78 41.0
60 76 42.0
60 74 43.0
60 72 44.0
60 70 45.0
60 39 46.0
60 30 47.0
60 29 48.0
60 28 49.0
60 27 50.0
60 26 51.0
60 20 52.0
60 19 53.0
60 108 54.0
60 145 55.0
61 138 39.0
61 136 40.0
61 105 41.0
61 104 42.0
61 134 43.0
61 133 44.0
61 132 45.0
61 131 46.0
61 130 47.0
61 129 48.0
61 128 49.0
61 9 50.0
61 19 51.0
61 108 52.0
61 145 53.0
62 138 32.0
62 136 33.0
62 105 34.0
62 104 35.0
62 102 36.0
62 114 37.0
62 113 38.0
62 112 39.0
62 111 40.0
62 110 41.0
62 109 42.0
62 2 43.0
62 11 44.0
62 56 45.0
62 58 46.0
62 60 47.0
62 141 48.0
63 144 39.0
63 68 40.0
63 67 41.0
63 66 42.0
63 65 43.0
63 49 44.0
63 50 45.0
63 64 46.0
63 51 47.0
63 101 48.0
63 151 49.0
65 142 30.0
65 59 31.0
65 57 32.0
65 55 33.0
65 106 34.0
65 1 35.0
65 121 36.0
65 122 37.0
65 123 38.0
65 124 39.0
65 125 40.0
65 126 41.0
65 127 42.0
65 103 43.0
65 135 44.0
65 137 45.0
66 142 39.0
66 59 40.0
66 57 41.0
66 55 42.0
66 106 43.0
66 1 44.0
66 121 45.0
66 122 46.0
66 123 47.0
66 124 48.0
66 125 49.0
66 126 50.0
66 127 51.0
66 103 52.0
66 135 53.0
66 137 54.0
67 148 43.0
67 95 44.0
67 32 45.0
67 38 46.0
67 43 47.0
67 44 48.0
67 46 49.0
67 47 50.0
67 48 51.0
67 61 52.0
67 62 53.0
67 63 54.0
67 54 55.0
67 143 56.0
68 152 32.0
68 100 33.0
68 52 34.0
68 45 35.0
68 44 36.0
68 46 37.0
68 47 38.0
68 48 39.0
68 49 40.0
68 99 41.0
68 153 42.0
69 140 39.0
69 93 40.0
69 92 41.0
69 91 42.0
69 90 43.0
69 89 44.0
69 88 45.0
69 87 46.0
69 41 47.0
69 40 48.0
69 80 49.0
69 38 50.0
69 43 51.0
69 44 52.0
69 51 53.0
69 101 54.0
69 151 55.0
70 150 48.0
70 97 49.0
70 35 50.0
70 41 51.0
70 42 52.0
70 48 53.0
70 49 54.0
70 99 55.0
70 153 56.0
71 148 49.0
71 95 50.0
71 32 51.0
71 38 52.0
71 43 53.0
71 44 54.0
71 46 55.0
71 47 56.0
71 48 57.0
71 49 58.0
71 99 59.0
71 153 60.0
72 140 35.0
72 93 36.0
72 92 37.0
72 91 38.0
72 90 39.0
72 89 40.0
72 88 41.0
72 87 42.0
72 41 43.0
72 42 44.0
72 48 45.0
72 49 46.0
72 99 47.0
72 153 48.0
74 154 49.0
74 98 50.0
74 50 51.0
74 47 52.0
74 53 53.0
74 40 54.0
74 80 55.0
74 38 56.0
74 36 57.0
74 78 58.0
74 76 59.0
74 74 60.0
74 72 61.0
74 70 62.0
74 39 63.0
74 30 64.0
74 29 65.0
74 28 66.0
74 27 67.0
74 26 68.0
74 20 69.0
74 19 70.0
74 108 71.0
74 145 72.0
75 150 42.0
75 97 43.0
75 35 44.0
75 81 45.0
75 82 46.0
75 83 47.0
75 155 47.688981922193626
75 84 48.0
75 85 49.0
75 86 50.0
75 139 51.0
76 138 30.0
76 136 31.0
76 105 32.0
76 104 33.0
76 134 34.0
76 133 35.0
76 132 36.0
76 131 37.0
76 130 38.0
76 129 39.0
76 128 40.0
76 9 41.0
76 19 42.0
76 108 43.0
76 145 44.0
77 154 45.0
77 98 46.0
77 50 47.0
77 47 48.0
77 53 49.0
77 40 50.0
77 34 51.0
77 35 52.0
77 81 53.0
77 82 54.0
77 83 55.0
77 155 55.688981922193626
77 84 56.0
77 85 57.0
77 86 58.0
77 139 59.0
78 138 34.0
78 136 35.0
78 105 36.0
78 104 37.0
78 134 38.0
78 133 39.0
78 132 40.0
78 131 41.0
78 130 42.0
78 129 43.0
78 128 44.0
78 9 45.0
78 19 46.0
78 108 47.0
78 145 48.0
79 146 35.0
79 107 36.0
79 18 37.0
79 8 38.0
79 9 39.0
79 10 40.0
79 21 41.0
79 22 42.0
79 23 43.0
79 156 43.69093188590955
79 24 44.0
79 25 45.0
79 33 46.0
79 69 47.0
79 71 48.0
79 73 49.0
79 75 50.0
79 77 51.0
79 31 52.0
79 32 53.0
79 38 54.0
79 43 55.0
79 44 56.0
79 51 57.0
79 101 58.0
79 151 59.0
80 138 41.0
80 136 42.0
80 105 43.0
80 104 44.0
80 102 45.0
80 114 46.0
80 113 47.0
80 112 48.0
80 111 49.0
80 110 50.0
80 109 51.0
80 2 52.0
80 11 53.0
80 56 54.0
80 58 55.0
80 60 56.0
80 141 57.0
81 142 41.0
81 59 42.0
81 57 43.0
81 55 44.0
81 106 45.0
81 1 46.0
81 121 47.0
81 122 48.0
81 123 49.0
81 124 50.0
81 125 51.0
81 126 52.0
81 127 53.0
81 103 54.0
81 135 55.0
81 137 56.0
84 142 43.0
84 59 44.0
84 57 45.0
84 55 46.0
84 106 47.0
84 1 48.0
84 121 49.0
84 122 50.0
84 123 51.0
84 124 52.0
84 125 53.0
84 126 54.0
84 127 55.0
84 103 56.0
84 135 57.0
84 137 58.0
85 146 47.0
85 107 48.0
85 18 49.0
85 8 50.0
85 117 51.0
85 118 52.0
85 119 53.0
85 120 54.0
85 116 55.0
85 115 56.0
85 102 57.0
85 103 58.0
85 135 59.0
85 137 60.0
86 154 47.0
86 98 48.0
86 50 49.0
86 64 50.0
86 51 51.0
86 52 52.0
86 45 53.0
86 37 54.0
86 36 55.0
86 31 56.0
86 94 57.0
86 147 58.0
88 152 48.0
88 100 49.0
88 52 50.0
88 45 51.0
88 37 52.0
88 36 53.0
88 31 54.0
88 94 55.0
88 147 56.0
89 152 42.0
89 100 43.0
89 52 44.0
89 45 45.0
89 37 46.0
89 36 47.0
89 31 48.0
89 94 49.0
89 147 50.0
92 146 43.0
92 107 44.0
92 18 45.0
92 8 46.0
92 9 47.0
92 10 48.0
92 21 49.0
92 22 50.0
92 23 51.0
92 156 51.69093188590955
92 24 52.0
92 25 53.0
92 33 54.0
92 69 55.0
92 71 56.0
92 73 57.0
92 75 58.0
92 77 59.0
92 31 60.0
92 32 61.0
92 79 62.0
92 34 63.0
92 96 64.0
92 149 65.0
94 146 49.0
94 107 50.0
94 18 51.0
94 8 52.0
94 117 53.0
94 118 54.0
94 119 55.0
94 120 56.0
94 116 57.0
94 115 58.0
94 102 59.0
94 103 60.0
94 135 61.0
94 137 62.0
95 144 47.0
95 68 48.0
95 67 49.0
95 66 50.0
95 65 51.0
95 49 52.0
95 50 53.0
95 47 54.0
95 53 55.0
95 40 56.0
95 34 57.0
95 35 58.0
95 81 59.0
95 82 60.0
95 83 61.0
95 155 61.688981922193626
95 84 62.0
95 85 63.0
95 86 64.0
95 139 65.0
96 144 45.0
96 68 46.0
96 67 47.0
96 66 48.0
96 65 49.0
96 49 50.0
96 99 51.0
96 153 52.0
97 142 49.0
97 59 50.0
97 57 51.0
97 55 52.0
97 106 53.0
97 1 54.0
97 121 55.0
97 122 56.0
97 123 57.0
97 124 58.0
97 125 59.0
97 126 60.0
97 127 61.0
97 103 62.0
97 135 63.0
97 137 64.0
99 138 43.0
99 136 44.0
99 105 45.0
99 104 46.0
99 134 47.0
99 133 48.0
99 132 49.0
99 131 50.0
99 130 51.0
99 129 52.0
99 128 53.0
99 9 54.0
99 19 55.0
99 108 56.0
99 145 57.0
100 92 31
100 155 32.95870025161988
100 156 48.49764111770185
100 16 56.253101831293364
;
param t_hat_lat:=
6 154 18.0
6 98 19.0
6 50 20.0
6 47 21.0
6 53 22.0
6 40 23.0
6 80 24.0
6 38 25.0
6 36 26.0
6 78 27.0
6 76 28.0
6 74 29.0
6 72 30.0
6 70 31.0
6 39 32.0
6 30 33.0
6 29 34.0
6 28 35.0
6 27 36.0
6 26 37.0
6 20 38.0
6 19 39.0
6 108 40.0
6 145 41.0
9 146 10.0
9 107 11.0
9 18 12.0
9 8 13.0
9 9 14.0
9 10 15.0
9 21 16.0
9 22 17.0
9 23 18.0
9 156 18.690931885909553
9 24 19.0
9 25 20.0
9 33 21.0
9 69 22.0
9 71 23.0
9 73 24.0
9 75 25.0
9 77 26.0
9 31 27.0
9 32 28.0
9 79 29.0
9 34 30.0
9 96 31.0
9 149 32.0
18 150 9.0
18 97 10.0
18 35 11.0
18 41 12.0
18 40 13.0
18 80 14.0
18 38 15.0
18 36 16.0
18 78 17.0
18 76 18.0
18 74 19.0
18 72 20.0
18 70 21.0
18 39 22.0
18 30 23.0
18 29 24.0
18 28 25.0
18 27 26.0
18 26 27.0
18 20 28.0
18 19 29.0
18 108 30.0
18 145 31.0
21 146 14.0
21 107 15.0
21 18 16.0
21 8 17.0
21 9 18.0
21 10 19.0
21 21 20.0
21 22 21.0
21 23 22.0
21 156 22.690931885909553
21 24 23.0
21 25 24.0
21 33 25.0
21 69 26.0
21 71 27.0
21 73 28.0
21 75 29.0
21 77 30.0
21 31 31.0
21 32 32.0
21 38 33.0
21 43 34.0
21 44 35.0
21 51 36.0
21 101 37.0
21 151 38.0
25 140 20.0
25 93 21.0
25 92 22.0
25 91 23.0
25 90 24.0
25 89 25.0
25 88 26.0
25 87 27.0
25 41 28.0
25 40 29.0
25 80 30.0
25 38 31.0
25 36 32.0
25 31 33.0
25 94 34.0
25 147 35.0
26 148 20.0
26 95 21.0
26 32 22.0
26 38 23.0
26 43 24.0
26 44 25.0
26 46 26.0
26 47 27.0
26 48 28.0
26 61 29.0
26 62 30.0
26 63 31.0
26 54 32.0
26 143 33.0
27 138 19.0
27 136 20.0
27 105 21.0
27 104 22.0
27 134 23.0
27 133 24.0
27 132 25.0
27 131 26.0
27 130 27.0
27 129 28.0
27 128 29.0
27 9 30.0
27 19 31.0
27 108 32.0
27 145 33.0
28 150 39.0
28 97 40.0
28 35 41.0
28 41 42.0
28 40 43.0
28 80 44.0
28 38 45.0
28 36 46.0
28 31 47.0
28 94 48.0
28 147 49.0
29 154 30.0
29 98 31.0
29 50 32.0
29 47 33.0
29 53 34.0
29 40 35.0
29 34 36.0
29 35 37.0
29 81 38.0
29 82 39.0
29 83 40.0
29 155 40.688981922193626
29 84 41.0
29 85 42.0
29 86 43.0
29 139 44.0
31 146 20.0
31 107 21.0
31 18 22.0
31 8 23.0
31 9 24.0
31 10 25.0
31 21 26.0
31 22 27.0
31 23 28.0
31 156 28.690931885909553
31 24 29.0
31 25 30.0
31 33 31.0
31 69 32.0
31 71 33.0
31 73 34.0
31 75 35.0
31 77 36.0
31 31 37.0
31 32 38.0
31 38 39.0
31 43 40.0
31 44 41.0
31 51 42.0
31 101 43.0
31 151 44.0
35 152 19.0
35 100 20.0
35 52 21.0
35 45 22.0
35 44 23.0
35 46 24.0
35 47 25.0
35 53 26.0
35 40 27.0
35 34 28.0
35 35 29.0
35 81 30.0
35 82 31.0
35 83 32.0
35 155 32.688981922193626
35 84 33.0
35 85 34.0
35 86 35.0
35 139 36.0
36 142 20.0
36 59 21.0
36 57 22.0
36 55 23.0
36 106 24.0
36 1 25.0
36 121 26.0
36 122 27.0
36 123 28.0
36 124 29.0
36 125 30.0
36 126 31.0
36 127 32.0
36 103 33.0
36 135 34.0
36 137 35.0
37 146 18.0
37 107 19.0
37 18 20.0
37 17 21.0
37 16 22.0
37 15 23.0
37 14 24.0
37 13 25.0
37 12 26.0
37 11 27.0
37 56 28.0
37 58 29.0
37 60 30.0
37 141 31.0
38 154 20.0
38 98 21.0
38 50 22.0
38 64 23.0
38 51 24.0
38 52 25.0
38 45 26.0
38 37 27.0
38 36 28.0
38 31 29.0
38 94 30.0
38 147 31.0
39 148 24.0
39 95 25.0
39 32 26.0
39 38 27.0
39 43 28.0
39 44 29.0
39 46 30.0
39 47 31.0
39 48 32.0
39 61 33.0
39 62 34.0
39 63 35.0
39 54 36.0
39 143 37.0
40 142 22.0
40 59 23.0
40 57 24.0
40 55 25.0
40 106 26.0
40 1 27.0
40 121 28.0
40 122 29.0
40 123 30.0
40 124 31.0
40 125 32.0
40 126 33.0
40 127 34.0
40 103 35.0
40 135 36.0
40 137 37.0
41 142 24.0
41 59 25.0
41 57 26.0
41 55 27.0
41 106 28.0
41 1 29.0
41 121 30.0
41 122 31.0
41 123 32.0
41 124 33.0
41 125 34.0
41 126 35.0
41 127 36.0
41 103 37.0
41 135 38.0
41 137 39.0
42 140 30.0
42 93 31.0
42 92 32.0
42 91 33.0
42 90 34.0
42 89 35.0
42 88 36.0
42 87 37.0
42 41 38.0
42 40 39.0
42 80 40.0
42 38 41.0
42 43 42.0
42 44 43.0
42 51 44.0
42 101 45.0
42 151 46.0
43 148 38.0
43 95 39.0
43 32 40.0
43 79 41.0
43 34 42.0
43 35 43.0
43 81 44.0
43 82 45.0
43 83 46.0
43 155 46.688981922193626
43 84 47.0
43 85 48.0
43 86 49.0
43 139 50.0
44 148 28.0
44 95 29.0
44 32 30.0
44 79 31.0
44 34 32.0
44 35 33.0
44 81 34.0
44 82 35.0
44 83 36.0
44 155 36.688981922193626
44 84 37.0
44 85 38.0
44 86 39.0
44 139 40.0
45 150 33.0
45 97 34.0
45 35 35.0
45 41 36.0
45 42 37.0
45 48 38.0
45 49 39.0
45 99 40.0
45 153 41.0
46 142 26.0
46 59 27.0
46 57 28.0
46 55 29.0
46 106 30.0
46 1 31.0
46 121 32.0
46 122 33.0
46 123 34.0
46 124 35.0
46 125 36.0
46 126 37.0
46 127 38.0
46 103 39.0
46 135 40.0
46 137 41.0
47 138 21.0
47 136 22.0
47 105 23.0
47 104 24.0
47 102 25.0
47 114 26.0
47 113 27.0
47 112 28.0
47 111 29.0
47 110 30.0
47 109 31.0
47 2 32.0
47 11 33.0
47 56 34.0
47 58 35.0
47 60 36.0
47 141 37.0
48 138 23.0
48 136 24.0
48 105 25.0
48 104 26.0
48 102 27.0
48 114 28.0
48 113 29.0
48 112 30.0
48 111 31.0
48 110 32.0
48 109 33.0
48 2 34.0
48 11 35.0
48 56 36.0
48 58 37.0
48 60 38.0
48 141 39.0
49 154 26.0
49 98 27.0
49 50 28.0
49 47 29.0
49 48 30.0
49 61 31.0
49 62 32.0
49 63 33.0
49 54 34.0
49 143 35.0
50 154 40.0
50 98 41.0
50 50 42.0
50 47 43.0
50 53 44.0
50 40 45.0
50 34 46.0
50 35 47.0
50 81 48.0
50 82 49.0
50 83 50.0
50 155 50.688981922193626
50 84 51.0
50 85 52.0
50 86 53.0
50 139 54.0
52 148 34.0
52 95 35.0
52 32 36.0
52 38 37.0
52 43 38.0
52 44 39.0
52 51 40.0
52 101 41.0
52 151 42.0
53 150 29.0
53 97 30.0
53 35 31.0
53 41 32.0
53 40 33.0
53 80 34.0
53 38 35.0
53 36 36.0
53 78 37.0
53 76 38.0
53 74 39.0
53 72 40.0
53 70 41.0
53 39 42.0
53 30 43.0
53 29 44.0
53 28 45.0
53 27 46.0
53 26 47.0
53 20 48.0
53 19 49.0
53 108 50.0
53 145 51.0
54 152 29.0
54 100 30.0
54 52 31.0
54 45 32.0
54 44 33.0
54 46 34.0
54 47 35.0
54 53 36.0
54 40 37.0
54 34 38.0
54 35 39.0
54 81 40.0
54 82 41.0
54 83 42.0
54 155 42.688981922193626
54 84 43.0
54 85 44.0
54 86 45.0
54 139 46.0
55 140 26.0
55 93 27.0
55 92 28.0
55 91 29.0
55 90 30.0
55 89 31.0
55 88 32.0
55 87 33.0
55 41 34.0
55 42 35.0
55 48 36.0
55 49 37.0
55 99 38.0
55 153 39.0
56 144 38.0
56 68 39.0
56 67 40.0
56 66 41.0
56 65 42.0
56 49 43.0
56 50 44.0
56 47 45.0
56 53 46.0
56 40 47.0
56 80 48.0
56 38 49.0
56 36 50.0
56 31 51.0
56 94 52.0
56 147 53.0
57 150 23.0
57 97 24.0
57 35 25.0
57 81 26.0
57 82 27.0
57 83 28.0
57 155 28.688981922193623
57 84 29.0
57 85 30.0
57 86 31.0
57 139 32.0
58 138 25.0
58 136 26.0
58 105 27.0
58 104 28.0
58 102 29.0
58 114 30.0
58 113 31.0
58 112 32.0
58 111 33.0
58 110 34.0
58 109 35.0
58 2 36.0
58 11 37.0
58 56 38.0
58 58 39.0
58 60 40.0
58 141 41.0
59 148 40.0
59 95 41.0
59 32 42.0
59 38 43.0
59 43 44.0
59 44 45.0
59 46 46.0
59 47 47.0
59 48 48.0
59 49 49.0
59 99 50.0
59 153 51.0
60 152 36.0
60 100 37.0
60 52 38.0
60 45 39.0
60 37 40.0
60 36 41.0
60 78 42.0
60 76 43.0
60 74 44.0
60 72 45.0
60 70 46.0
60 39 47.0
60 30 48.0
60 29 49.0
60 28 50.0
60 27 51.0
60 26 52.0
60 20 53.0
60 19 54.0
60 108 55.0
60 145 56.0
61 138 40.0
61 136 41.0
61 105 42.0
61 104 43.0
61 134 44.0
61 133 45.0
61 132 46.0
61 131 47.0
61 130 48.0
61 129 49.0
61 128 50.0
61 9 51.0
61 19 52.0
61 108 53.0
61 145 54.0
62 138 33.0
62 136 34.0
62 105 35.0
62 104 36.0
62 102 37.0
62 114 38.0
62 113 39.0
62 112 40.0
62 111 41.0
62 110 42.0
62 109 43.0
62 2 44.0
62 11 45.0
62 56 46.0
62 58 47.0
62 60 48.0
62 141 49.0
63 144 40.0
63 68 41.0
63 67 42.0
63 66 43.0
63 65 44.0
63 49 45.0
63 50 46.0
63 64 47.0
63 51 48.0
63 101 49.0
63 151 50.0
65 142 31.0
65 59 32.0
65 57 33.0
65 55 34.0
65 106 35.0
65 1 36.0
65 121 37.0
65 122 38.0
65 123 39.0
65 124 40.0
65 125 41.0
65 126 42.0
65 127 43.0
65 103 44.0
65 135 45.0
65 137 46.0
66 142 40.0
66 59 41.0
66 57 42.0
66 55 43.0
66 106 44.0
66 1 45.0
66 121 46.0
66 122 47.0
66 123 48.0
66 124 49.0
66 125 50.0
66 126 51.0
66 127 52.0
66 103 53.0
66 135 54.0
66 137 55.0
67 148 44.0
67 95 45.0
67 32 46.0
67 38 47.0
67 43 48.0
67 44 49.0
67 46 50.0
67 47 51.0
67 48 52.0
67 61 53.0
67 62 54.0
67 63 55.0
67 54 56.0
67 143 57.0
68 152 33.0
68 100 34.0
68 52 35.0
68 45 36.0
68 44 37.0
68 46 38.0
68 47 39.0
68 48 40.0
68 49 41.0
68 99 42.0
68 153 43.0
69 140 40.0
69 93 41.0
69 92 42.0
69 91 43.0
69 90 44.0
69 89 45.0
69 88 46.0
69 87 47.0
69 41 48.0
69 40 49.0
69 80 50.0
69 38 51.0
69 43 52.0
69 44 53.0
69 51 54.0
69 101 55.0
69 151 56.0
70 150 49.0
70 97 50.0
70 35 51.0
70 41 52.0
70 42 53.0
70 48 54.0
70 49 55.0
70 99 56.0
70 153 57.0
71 148 50.0
71 95 51.0
71 32 52.0
71 38 53.0
71 43 54.0
71 44 55.0
71 46 56.0
71 47 57.0
71 48 58.0
71 49 59.0
71 99 60.0
71 153 61.0
72 140 36.0
72 93 37.0
72 92 38.0
72 91 39.0
72 90 40.0
72 89 41.0
72 88 42.0
72 87 43.0
72 41 44.0
72 42 45.0
72 48 46.0
72 49 47.0
72 99 48.0
72 153 49.0
74 154 50.0
74 98 51.0
74 50 52.0
74 47 53.0
74 53 54.0
74 40 55.0
74 80 56.0
74 38 57.0
74 36 58.0
74 78 59.0
74 76 60.0
74 74 61.0
74 72 62.0
74 70 63.0
74 39 64.0
74 30 65.0
74 29 66.0
74 28 67.0
74 27 68.0
74 26 69.0
74 20 70.0
74 19 71.0
74 108 72.0
74 145 73.0
75 150 43.0
75 97 44.0
75 35 45.0
75 81 46.0
75 82 47.0
75 83 48.0
75 155 48.688981922193626
75 84 49.0
75 85 50.0
75 86 51.0
75 139 52.0
76 138 31.0
76 136 32.0
76 105 33.0
76 104 34.0
76 134 35.0
76 133 36.0
76 132 37.0
76 131 38.0
76 130 39.0
76 129 40.0
76 128 41.0
76 9 42.0
76 19 43.0
76 108 44.0
76 145 45.0
77 154 46.0
77 98 47.0
77 50 48.0
77 47 49.0
77 53 50.0
77 40 51.0
77 34 52.0
77 35 53.0
77 81 54.0
77 82 55.0
77 83 56.0
77 155 56.688981922193626
77 84 57.0
77 85 58.0
77 86 59.0
77 139 60.0
78 138 35.0
78 136 36.0
78 105 37.0
78 104 38.0
78 134 39.0
78 133 40.0
78 132 41.0
78 131 42.0
78 130 43.0
78 129 44.0
78 128 45.0
78 9 46.0
78 19 47.0
78 108 48.0
78 145 49.0
79 146 36.0
79 107 37.0
79 18 38.0
79 8 39.0
79 9 40.0
79 10 41.0
79 21 42.0
79 22 43.0
79 23 44.0
79 156 44.69093188590955
79 24 45.0
79 25 46.0
79 33 47.0
79 69 48.0
79 71 49.0
79 73 50.0
79 75 51.0
79 77 52.0
79 31 53.0
79 32 54.0
79 38 55.0
79 43 56.0
79 44 57.0
79 51 58.0
79 101 59.0
79 151 60.0
80 138 42.0
80 136 43.0
80 105 44.0
80 104 45.0
80 102 46.0
80 114 47.0
80 113 48.0
80 112 49.0
80 111 50.0
80 110 51.0
80 109 52.0
80 2 53.0
80 11 54.0
80 56 55.0
80 58 56.0
80 60 57.0
80 141 58.0
81 142 42.0
81 59 43.0
81 57 44.0
81 55 45.0
81 106 46.0
81 1 47.0
81 121 48.0
81 122 49.0
81 123 50.0
81 124 51.0
81 125 52.0
81 126 53.0
81 127 54.0
81 103 55.0
81 135 56.0
81 137 57.0
84 142 44.0
84 59 45.0
84 57 46.0
84 55 47.0
84 106 48.0
84 1 49.0
84 121 50.0
84 122 51.0
84 123 52.0
84 124 53.0
84 125 54.0
84 126 55.0
84 127 56.0
84 103 57.0
84 135 58.0
84 137 59.0
85 146 48.0
85 107 49.0
85 18 50.0
85 8 51.0
85 117 52.0
85 118 53.0
85 119 54.0
85 120 55.0
85 116 56.0
85 115 57.0
85 102 58.0
85 103 59.0
85 135 60.0
85 137 61.0
86 154 48.0
86 98 49.0
86 50 50.0
86 64 51.0
86 51 52.0
86 52 53.0
86 45 54.0
86 37 55.0
86 36 56.0
86 31 57.0
86 94 58.0
86 147 59.0
88 152 49.0
88 100 50.0
88 52 51.0
88 45 52.0
88 37 53.0
88 36 54.0
88 31 55.0
88 94 56.0
88 147 57.0
89 152 43.0
89 100 44.0
89 52 45.0
89 45 46.0
89 37 47.0
89 36 48.0
89 31 49.0
89 94 50.0
89 147 51.0
92 146 44.0
92 107 45.0
92 18 46.0
92 8 47.0
92 9 48.0
92 10 49.0
92 21 50.0
92 22 51.0
92 23 52.0
92 156 52.69093188590955
92 24 53.0
92 25 54.0
92 33 55.0
92 69 56.0
92 71 57.0
92 73 58.0
92 75 59.0
92 77 60.0
92 31 61.0
92 32 62.0
92 79 63.0
92 34 64.0
92 96 65.0
92 149 66.0
94 146 50.0
94 107 51.0
94 18 52.0
94 8 53.0
94 117 54.0
94 118 55.0
94 119 56.0
94 120 57.0
94 116 58.0
94 115 59.0
94 102 60.0
94 103 61.0
94 135 62.0
94 137 63.0
95 144 48.0
95 68 49.0
95 67 50.0
95 66 51.0
95 65 52.0
95 49 53.0
95 50 54.0
95 47 55.0
95 53 56.0
95 40 57.0
95 34 58.0
95 35 59.0
95 81 60.0
95 82 61.0
95 83 62.0
95 155 62.688981922193626
95 84 63.0
95 85 64.0
95 86 65.0
95 139 66.0
96 144 46.0
96 68 47.0
96 67 48.0
96 66 49.0
96 65 50.0
96 49 51.0
96 99 52.0
96 153 53.0
97 142 50.0
97 59 51.0
97 57 52.0
97 55 53.0
97 106 54.0
97 1 55.0
97 121 56.0
97 122 57.0
97 123 58.0
97 124 59.0
97 125 60.0
97 126 61.0
97 127 62.0
97 103 63.0
97 135 64.0
97 137 65.0
99 138 44.0
99 136 45.0
99 105 46.0
99 104 47.0
99 134 48.0
99 133 49.0
99 132 50.0
99 131 51.0
99 130 52.0
99 129 53.0
99 128 54.0
99 9 55.0
99 19 56.0
99 108 57.0
99 145 58.0
100 92 32
100 155 33.95870025161988
100 156 49.49764111770185
100 16 57.253101831293364
;
set fixedFlights :=
6 20 19
6 26 20
6 27 26
6 28 27
6 29 28
6 30 29
6 50 47
6 47 53
6 53 40
6 40 80
6 80 38
6 38 36
6 36 78
6 78 76
6 76 74
6 74 72
6 72 70
6 70 39
6 39 30
6 154 98
6 98 50
6 108 145
6 19 108
9 9 10
9 8 9
9 10 21
9 21 22
9 22 23
9 24 25
9 31 32
9 25 33
9 33 69
9 69 71
9 71 73
9 73 75
9 75 77
9 77 31
9 32 79
9 79 34
9 96 149
9 34 96
9 146 107
9 107 18
9 18 8
9 23 156
9 156 24
18 20 19
18 26 20
18 27 26
18 28 27
18 29 28
18 30 29
18 41 40
18 35 41
18 40 80
18 80 38
18 38 36
18 36 78
18 78 76
18 76 74
18 74 72
18 72 70
18 70 39
18 39 30
18 150 97
18 97 35
18 108 145
18 19 108
21 9 10
21 8 9
21 10 21
21 21 22
21 22 23
21 24 25
21 32 38
21 38 43
21 43 44
21 31 32
21 44 51
21 25 33
21 33 69
21 69 71
21 71 73
21 73 75
21 75 77
21 77 31
21 101 151
21 51 101
21 146 107
21 107 18
21 18 8
21 23 156
21 156 24
25 36 31
25 41 40
25 40 80
25 80 38
25 38 36
25 94 147
25 31 94
25 93 92
25 92 91
25 91 90
25 90 89
25 89 88
25 88 87
25 87 41
25 140 93
26 32 38
26 38 43
26 43 44
26 44 46
26 46 47
26 47 48
26 54 143
26 48 61
26 61 62
26 62 63
26 63 54
26 148 95
26 95 32
27 108 145
27 9 19
27 19 108
27 105 104
27 104 134
27 134 133
27 133 132
27 132 131
27 131 130
27 130 129
27 129 128
27 128 9
27 138 136
27 136 105
28 36 31
28 41 40
28 35 41
28 40 80
28 80 38
28 38 36
28 94 147
28 150 97
28 97 35
28 31 94
29 34 35
29 50 47
29 47 53
29 53 40
29 40 34
29 154 98
29 98 50
29 35 81
29 81 82
29 82 83
29 84 85
29 85 86
29 86 139
29 83 155
29 155 84
31 9 10
31 8 9
31 10 21
31 21 22
31 22 23
31 24 25
31 32 38
31 38 43
31 43 44
31 31 32
31 44 51
31 25 33
31 33 69
31 69 71
31 71 73
31 73 75
31 75 77
31 77 31
31 101 151
31 51 101
31 146 107
31 107 18
31 18 8
31 23 156
31 156 24
36 57 55
36 59 57
36 142 59
36 55 106
36 106 1
36 1 121
36 121 122
36 122 123
36 123 124
36 124 125
36 125 126
36 126 127
36 127 103
36 103 135
36 135 137
37 12 11
37 13 12
37 14 13
37 15 14
37 16 15
37 17 16
37 18 17
37 56 58
37 58 60
37 60 141
37 146 107
37 11 56
37 107 18
38 36 31
38 37 36
38 45 37
38 51 52
38 52 45
38 64 51
38 50 64
38 94 147
38 154 98
38 31 94
38 98 50
39 32 38
39 38 43
39 43 44
39 44 46
39 46 47
39 47 48
39 54 143
39 48 61
39 61 62
39 62 63
39 63 54
39 148 95
39 95 32
40 57 55
40 59 57
40 142 59
40 55 106
40 106 1
40 1 121
40 121 122
40 122 123
40 123 124
40 124 125
40 125 126
40 126 127
40 127 103
40 103 135
40 135 137
41 57 55
41 59 57
41 142 59
41 55 106
41 106 1
41 1 121
41 121 122
41 122 123
41 123 124
41 124 125
41 125 126
41 126 127
41 127 103
41 103 135
41 135 137
42 41 40
42 38 43
42 43 44
42 44 51
42 40 80
42 80 38
42 101 151
42 51 101
42 93 92
42 92 91
42 91 90
42 90 89
42 89 88
42 88 87
42 87 41
42 140 93
43 34 35
43 32 79
43 79 34
43 148 95
43 95 32
43 35 81
43 81 82
43 82 83
43 84 85
43 85 86
43 86 139
43 83 155
43 155 84
44 34 35
44 32 79
44 79 34
44 148 95
44 95 32
44 35 81
44 81 82
44 82 83
44 84 85
44 85 86
44 86 139
44 83 155
44 155 84
45 35 41
45 41 42
45 42 48
45 48 49
45 99 153
45 150 97
45 97 35
45 49 99
46 57 55
46 59 57
46 142 59
46 55 106
46 106 1
46 1 121
46 121 122
46 122 123
46 123 124
46 124 125
46 125 126
46 126 127
46 127 103
46 103 135
46 135 137
47 56 58
47 58 60
47 60 141
47 11 56
47 2 11
47 109 2
47 110 109
47 104 102
47 102 114
47 105 104
47 114 113
47 113 112
47 112 111
47 111 110
47 138 136
47 136 105
48 56 58
48 58 60
48 60 141
48 11 56
48 2 11
48 109 2
48 110 109
48 104 102
48 102 114
48 105 104
48 114 113
48 113 112
48 112 111
48 111 110
48 138 136
48 136 105
49 47 48
49 50 47
49 54 143
49 48 61
49 61 62
49 62 63
49 63 54
49 154 98
49 98 50
50 34 35
50 50 47
50 47 53
50 53 40
50 40 34
50 154 98
50 98 50
50 35 81
50 81 82
50 82 83
50 84 85
50 85 86
50 86 139
50 83 155
50 155 84
52 32 38
52 38 43
52 43 44
52 44 51
52 148 95
52 101 151
52 95 32
52 51 101
53 20 19
53 26 20
53 27 26
53 28 27
53 29 28
53 30 29
53 41 40
53 35 41
53 40 80
53 80 38
53 38 36
53 36 78
53 78 76
53 76 74
53 74 72
53 72 70
53 70 39
53 39 30
53 150 97
53 97 35
53 108 145
53 19 108
54 34 35
54 45 44
54 44 46
54 46 47
54 52 45
54 47 53
54 53 40
54 40 34
54 152 100
54 100 52
54 35 81
54 81 82
54 82 83
54 84 85
54 85 86
54 86 139
54 83 155
54 155 84
55 41 42
55 42 48
55 48 49
55 99 153
55 49 99
55 93 92
55 92 91
55 91 90
55 90 89
55 89 88
55 88 87
55 87 41
55 140 93
56 36 31
56 37 36
56 45 37
56 49 50
56 51 52
56 52 45
56 66 65
56 67 66
56 68 67
56 144 68
56 64 51
56 65 49
56 50 64
56 94 147
56 31 94
57 150 97
57 97 35
57 35 81
57 81 82
57 82 83
57 84 85
57 85 86
57 86 139
57 83 155
57 155 84
58 56 58
58 58 60
58 60 141
58 11 56
58 2 11
58 109 2
58 110 109
58 104 102
58 102 114
58 105 104
58 114 113
58 113 112
58 112 111
58 111 110
58 138 136
58 136 105
59 34 35
59 35 41
59 41 42
59 42 48
59 48 49
59 32 79
59 79 34
59 148 95
59 99 153
59 95 32
59 49 99
60 20 19
60 26 20
60 27 26
60 28 27
60 29 28
60 30 29
60 37 36
60 45 37
60 52 45
60 36 78
60 78 76
60 76 74
60 74 72
60 72 70
60 70 39
60 39 30
60 152 100
60 100 52
60 108 145
60 19 108
61 108 145
61 9 19
61 19 108
61 105 104
61 104 134
61 134 133
61 133 132
61 132 131
61 131 130
61 130 129
61 129 128
61 128 9
61 138 136
61 136 105
62 56 58
62 58 60
62 60 141
62 11 56
62 2 11
62 109 2
62 110 109
62 104 102
62 102 114
62 105 104
62 114 113
62 113 112
62 112 111
62 111 110
62 138 136
62 136 105
63 49 50
63 66 65
63 67 66
63 68 67
63 144 68
63 64 51
63 65 49
63 50 64
63 101 151
63 51 101
65 57 55
65 59 57
65 142 59
65 55 106
65 106 1
65 1 121
65 121 122
65 122 123
65 123 124
65 124 125
65 125 126
65 126 127
65 127 103
65 103 135
65 135 137
66 57 55
66 59 57
66 142 59
66 55 106
66 106 1
66 1 121
66 121 122
66 122 123
66 123 124
66 124 125
66 125 126
66 126 127
66 127 103
66 103 135
66 135 137
67 34 35
67 35 41
67 41 42
67 42 48
67 54 143
67 48 61
67 61 62
67 62 63
67 63 54
67 32 79
67 79 34
67 148 95
67 95 32
68 45 44
68 44 46
68 46 47
68 47 48
68 52 45
68 48 49
68 152 100
68 99 153
68 100 52
68 49 99
69 41 42
69 42 48
69 49 50
69 48 49
69 64 51
69 50 64
69 101 151
69 51 101
69 93 92
69 92 91
69 91 90
69 90 89
69 89 88
69 88 87
69 87 41
69 140 93
70 35 41
70 41 42
70 42 48
70 48 49
70 99 153
70 150 97
70 97 35
70 49 99
71 34 35
71 35 41
71 41 42
71 42 48
71 48 49
71 32 79
71 79 34
71 148 95
71 99 153
71 95 32
71 49 99
72 41 42
72 42 48
72 48 49
72 99 153
72 49 99
72 93 92
72 92 91
72 91 90
72 90 89
72 89 88
72 88 87
72 87 41
72 140 93
74 20 19
74 26 20
74 27 26
74 28 27
74 29 28
74 30 29
74 37 36
74 45 37
74 51 52
74 52 45
74 64 51
74 50 64
74 36 78
74 78 76
74 76 74
74 74 72
74 72 70
74 70 39
74 39 30
74 154 98
74 98 50
74 108 145
74 19 108
75 150 97
75 97 35
75 35 81
75 81 82
75 82 83
75 84 85
75 85 86
75 86 139
75 83 155
75 155 84
76 108 145
76 9 19
76 19 108
76 105 104
76 104 134
76 134 133
76 133 132
76 132 131
76 131 130
76 130 129
76 129 128
76 128 9
76 138 136
76 136 105
77 34 35
77 50 47
77 47 53
77 53 40
77 40 34
77 154 98
77 98 50
77 35 81
77 81 82
77 82 83
77 84 85
77 85 86
77 86 139
77 83 155
77 155 84
78 108 145
78 9 19
78 19 108
78 105 104
78 104 134
78 134 133
78 133 132
78 132 131
78 131 130
78 130 129
78 129 128
78 128 9
78 138 136
78 136 105
79 9 10
79 8 9
79 10 21
79 21 22
79 22 23
79 24 25
79 32 38
79 38 43
79 43 44
79 31 32
79 44 51
79 25 33
79 33 69
79 69 71
79 71 73
79 73 75
79 75 77
79 77 31
79 101 151
79 51 101
79 146 107
79 107 18
79 18 8
79 23 156
79 156 24
80 56 58
80 58 60
80 60 141
80 11 56
80 2 11
80 109 2
80 110 109
80 104 102
80 102 114
80 105 104
80 114 113
80 113 112
80 112 111
80 111 110
80 138 136
80 136 105
81 57 55
81 59 57
81 142 59
81 55 106
81 106 1
81 1 121
81 121 122
81 122 123
81 123 124
81 124 125
81 125 126
81 126 127
81 127 103
81 103 135
81 135 137
84 57 55
84 59 57
84 142 59
84 55 106
84 106 1
84 1 121
84 121 122
84 122 123
84 123 124
84 124 125
84 125 126
84 126 127
84 127 103
84 103 135
84 135 137
85 146 107
85 107 18
85 18 8
85 115 102
85 102 103
85 116 115
85 8 117
85 117 118
85 118 119
85 119 120
85 120 116
85 103 135
85 135 137
86 36 31
86 37 36
86 45 37
86 51 52
86 52 45
86 64 51
86 50 64
86 94 147
86 154 98
86 31 94
86 98 50
88 36 31
88 37 36
88 45 37
88 52 45
88 94 147
88 152 100
88 31 94
88 100 52
89 36 31
89 37 36
89 45 37
89 52 45
89 94 147
89 152 100
89 31 94
89 100 52
94 146 107
94 107 18
94 18 8
94 115 102
94 102 103
94 116 115
94 8 117
94 117 118
94 118 119
94 119 120
94 120 116
94 103 135
94 135 137
95 34 35
95 49 50
95 50 47
95 47 53
95 53 40
95 40 34
95 66 65
95 67 66
95 68 67
95 144 68
95 65 49
95 35 81
95 81 82
95 82 83
95 84 85
95 85 86
95 86 139
95 83 155
95 155 84
96 66 65
96 67 66
96 68 67
96 144 68
96 65 49
96 99 153
96 49 99
97 57 55
97 59 57
97 142 59
97 55 106
97 106 1
97 1 121
97 121 122
97 122 123
97 123 124
97 124 125
97 125 126
97 126 127
97 127 103
97 103 135
97 135 137
99 108 145
99 9 19
99 19 108
99 105 104
99 104 134
99 134 133
99 133 132
99 132 131
99 131 130
99 130 129
99 129 128
99 128 9
99 138 136
99 136 105
100 92 155
100 155 156
100 156 16
;
;
set inFlight:=
6
9
18
21
25
26
27
29
31
35
36
37
38
39
40
41
42
44
46
47
48
49
53
54
55
57
58
;
set passedFreeF:=
35 152 100
35 100 52
35 52 45
35 45 44
35 44 46
35 46 47
35 47 53
35 53 40
35 40 34
35 34 35
35 35 81
35 81 82
35 82 83
35 83 155
35 155 84
35 84 85
35 85 86
35 86 139
92 146 107
92 107 18
92 18 8
92 8 9
92 9 10
92 10 21
92 21 22
92 22 23
92 23 156
92 156 24
92 24 25
92 25 33
92 33 69
92 69 71
92 71 73
92 73 75
92 75 77
92 77 31
92 31 32
92 32 79
92 79 34
92 34 96
92 96 149
;
param tini := 30;
