param nn:= 155;
set F:=
0
1
2
3
4
5
6
7
8
10
12
13
14
15
16
17
18
19
20
21
22
23
24
25
26
27
28
29
30
31
32
33
34
35
36
37
38
39
40
41
42
43
44
45
46
47
49
50
51
52
53
55
56
57
58
59
60
61
62
63
64
65
67
68
69
70
71
73
74
75
76
78
80
81
84
85
87
88
89
92
93
95
96
98
99
;
set NC:=
99
;
param: E: d:=
2 3 2.500000
3 4 2.500000
4 5 2.500000
5 6 2.500000
6 7 2.500000
7 0 2.500000
0 8 2.500000
9 10 2.500000
8 9 2.500000
12 11 2.500000
13 12 2.500000
14 13 2.500000
15 14 2.500000
16 15 2.500000
17 16 2.500000
18 17 2.500000
19 18 2.500000
20 19 2.500000
10 21 2.500000
21 22 2.500000
22 23 2.500000
23 24 2.500000
24 25 2.500000
26 20 2.500000
27 26 2.500000
28 27 2.500000
29 28 2.500000
30 29 2.500000
34 35 2.500000
36 31 2.500000
37 36 2.500000
41 40 2.500000
35 41 2.500000
41 42 2.500000
32 38 2.500000
38 43 2.500000
43 44 2.500000
45 37 2.500000
31 32 2.500000
45 44 2.500000
44 46 2.500000
46 47 2.500000
47 48 2.500000
42 48 2.500000
49 50 2.500000
51 52 2.500000
52 45 2.500000
44 51 2.500000
48 49 2.500000
50 47 2.500000
47 53 2.500000
53 40 2.500000
40 34 2.500000
54 143 1.500000
57 55 2.500000
56 58 2.500000
59 57 2.500000
58 60 2.500000
60 141 1.500000
142 59 1.500000
48 61 2.500000
61 62 2.500000
62 63 2.500000
66 65 2.500000
67 66 2.500000
68 67 2.500000
144 68 1.500000
2 1 2.500000
64 51 2.500000
63 54 2.500000
65 49 2.500000
50 64 2.500000
25 33 2.500000
33 69 2.500000
69 71 2.500000
71 73 2.500000
73 75 2.500000
75 77 2.500000
77 31 2.500000
40 80 2.500000
80 38 2.500000
38 36 2.500000
36 78 2.500000
78 76 2.500000
76 74 2.500000
74 72 2.500000
72 70 2.500000
70 39 2.500000
39 30 2.500000
32 79 2.500000
79 34 2.500000
148 95 1.500000
94 147 1.500000
152 100 1.500000
101 151 1.500000
154 98 1.500000
99 153 1.500000
96 149 1.500000
150 97 1.500000
97 35 2.500000
95 32 2.500000
31 94 2.500000
34 96 2.500000
51 101 2.500000
100 52 2.500000
98 50 2.500000
49 99 2.500000
35 81 2.500000
81 82 2.500000
82 83 2.500000
83 84 2.500000
84 85 2.500000
85 86 2.500000
93 92 2.500000
92 91 2.500000
91 90 2.500000
90 89 2.500000
89 88 2.500000
88 87 2.500000
87 41 2.500000
86 139 1.500000
140 93 1.500000
108 145 1.500000
146 107 1.500000
11 56 2.500000
2 11 2.500000
107 18 2.500000
18 8 2.500000
9 19 2.500000
19 108 2.500000
55 106 2.500000
106 1 2.500000
1 121 2.500000
121 122 2.500000
109 2 2.500000
110 109 2.500000
104 102 2.500000
102 114 2.500000
115 102 2.500000
102 103 2.500000
105 104 2.500000
104 134 2.500000
134 133 2.500000
103 105 2.500000
116 115 2.500000
8 117 2.500000
117 118 2.500000
118 119 2.500000
119 120 2.500000
120 116 2.500000
133 132 2.500000
132 131 2.500000
131 130 2.500000
130 129 2.500000
129 128 2.500000
128 9 2.500000
122 123 2.500000
123 124 2.500000
124 125 2.500000
125 126 2.500000
126 127 2.500000
127 103 2.500000
114 113 2.500000
113 112 2.500000
112 111 2.500000
111 110 2.500000
103 135 2.500000
135 137 1.500000
138 136 1.500000
136 105 2.500000
56 76 19.026298
;
param s:=
0 146
1 144
2 140
3 140
4 148
5 142
6 154
7 138
8 152
10 146
12 140
13 138
14 148
15 142
16 154
17 154
18 148
19 152
20 148
21 142
22 144
23 140
24 138
25 140
26 140
27 146
28 140
29 142
30 142
31 146
32 154
33 148
34 152
35 150
36 138
37 150
38 154
39 140
40 154
41 152
42 144
43 138
44 150
45 154
46 152
47 150
49 138
50 140
51 148
52 144
53 154
55 146
56 154
57 154
58 154
59 148
60 148
61 148
62 152
63 146
64 140
65 150
67 146
68 140
69 148
70 154
71 150
73 148
74 140
75 144
76 146
78 154
80 146
81 138
84 138
85 138
87 154
88 152
89 146
92 138
93 146
95 144
96 138
98 150
99 56
;
param e:=
0 149
1 147
2 151
3 143
4 143
5 137
6 139
7 145
8 143
10 149
12 153
13 145
14 145
15 137
16 139
17 139
18 151
19 145
20 151
21 137
22 139
23 143
24 145
25 147
26 149
27 149
28 147
29 137
30 137
31 141
32 139
33 145
34 147
35 147
36 141
37 151
38 145
39 147
40 139
41 153
42 149
43 141
44 153
45 145
46 153
47 151
49 141
50 147
51 139
52 147
53 149
55 147
56 147
57 147
58 145
59 151
60 145
61 145
62 149
63 149
64 143
65 151
67 137
68 147
69 145
70 143
71 153
73 153
74 149
75 151
76 137
78 143
80 137
81 145
84 141
85 141
87 143
88 147
89 151
92 141
93 151
95 151
96 141
98 139
99 76
;
param v_min:=2.375
;
param v_max:=2.625
;
param :conflictsNodes: angle:=
0 7 8 1.000000
0 8 7 1.000000
1 2 121 1.154700
1 121 2 1.154700
1 2 106 1.000000
1 106 2 1.000000
1 106 121 1.000000
1 121 106 1.000000
2 3 11 1.000000
2 11 3 1.000000
2 3 109 1.154700
2 109 3 1.154700
2 1 3 1.000000
2 3 1 1.000000
2 1 11 1.000000
2 11 1 1.000000
2 1 109 1.000000
2 109 1 1.000000
2 11 109 1.000000
2 109 11 1.000000
3 2 4 1.000000
3 4 2 1.000000
4 3 5 1.000000
4 5 3 1.000000
5 4 6 1.000000
5 6 4 1.000000
6 5 7 1.000000
6 7 5 1.000000
7 0 6 1.000000
7 6 0 1.000000
8 0 9 1.000000
8 9 0 1.000000
8 0 117 1.154700
8 117 0 1.154700
8 0 18 1.000000
8 18 0 1.000000
8 9 117 1.000000
8 117 9 1.000000
8 9 18 1.000000
8 18 9 1.000000
8 18 117 1.000000
8 117 18 1.000000
9 8 10 1.000000
9 10 8 1.000000
9 8 19 1.000000
9 19 8 1.000000
9 8 128 1.154700
9 128 8 1.154700
9 10 19 1.000000
9 19 10 1.000000
9 10 128 1.000000
9 128 10 1.000000
9 19 128 1.000000
9 128 19 1.000000
10 9 21 1.000000
10 21 9 1.000000
11 2 12 1.000000
11 12 2 1.000000
11 2 56 1.000000
11 56 2 1.000000
11 12 56 1.000000
11 56 12 1.000000
12 11 13 1.000000
12 13 11 1.000000
13 12 14 1.000000
13 14 12 1.000000
14 13 15 1.000000
14 15 13 1.000000
15 14 16 1.000000
15 16 14 1.000000
16 15 17 1.000000
16 17 15 1.000000
17 16 18 1.000000
17 18 16 1.000000
18 17 19 1.000000
18 19 17 1.000000
18 17 107 1.000000
18 107 17 1.000000
18 8 17 1.000000
18 17 8 1.000000
18 8 19 1.000000
18 19 8 1.000000
18 8 107 1.000000
18 107 8 1.000000
18 19 107 1.000000
18 107 19 1.000000
19 9 18 1.000000
19 18 9 1.000000
19 9 108 1.000000
19 108 9 1.000000
19 9 20 1.000000
19 20 9 1.000000
19 18 108 1.000000
19 108 18 1.000000
19 18 20 1.000000
19 20 18 1.000000
19 20 108 1.000000
19 108 20 1.000000
20 19 26 1.000000
20 26 19 1.000000
21 10 22 1.000000
21 22 10 1.000000
22 21 23 1.000000
22 23 21 1.000000
23 22 24 1.000000
23 24 22 1.000000
24 23 25 1.000000
24 25 23 1.000000
25 24 33 1.000000
25 33 24 1.000000
26 20 27 1.000000
26 27 20 1.000000
27 26 28 1.000000
27 28 26 1.000000
28 27 29 1.000000
28 29 27 1.000000
29 28 30 1.000000
29 30 28 1.000000
30 29 39 1.000000
30 39 29 1.000000
31 36 94 1.000000
31 94 36 1.000000
31 36 77 1.000000
31 77 36 1.000000
31 32 36 1.000000
31 36 32 1.000000
31 32 94 1.000000
31 94 32 1.000000
31 32 77 1.000000
31 77 32 1.000000
31 77 94 1.000000
31 94 77 1.000000
32 31 38 1.000000
32 38 31 1.000000
32 31 79 1.000000
32 79 31 1.000000
32 31 95 1.000000
32 95 31 1.000000
32 38 79 1.000000
32 79 38 1.000000
32 38 95 1.000000
32 95 38 1.000000
32 79 95 1.000000
32 95 79 1.000000
33 25 69 1.000000
33 69 25 1.000000
34 35 96 1.000000
34 96 35 1.000000
34 35 40 1.000000
34 40 35 1.000000
34 35 79 1.000000
34 79 35 1.000000
34 40 96 1.000000
34 96 40 1.000000
34 40 79 1.000000
34 79 40 1.000000
34 79 96 1.000000
34 96 79 1.000000
35 34 41 1.000000
35 41 34 1.000000
35 34 81 1.000000
35 81 34 1.000000
35 34 97 1.000000
35 97 34 1.000000
35 41 81 1.000000
35 81 41 1.000000
35 41 97 1.000000
35 97 41 1.000000
35 81 97 1.189773
35 97 81 1.189773
36 31 78 1.000000
36 78 31 1.000000
36 31 37 1.000000
36 37 31 1.000000
36 31 38 1.000000
36 38 31 1.000000
36 37 78 1.000000
36 78 37 1.000000
36 37 38 1.000000
36 38 37 1.000000
36 38 78 1.000000
36 78 38 1.000000
37 36 45 1.000000
37 45 36 1.000000
38 32 43 1.000000
38 43 32 1.000000
38 32 36 1.000000
38 36 32 1.000000
38 32 80 1.000000
38 80 32 1.000000
38 43 80 1.000000
38 80 43 1.000000
38 36 43 1.000000
38 43 36 1.000000
38 36 80 1.000000
38 80 36 1.000000
39 30 70 1.000000
39 70 30 1.000000
40 41 80 1.000000
40 80 41 1.000000
40 41 53 1.000000
40 53 41 1.000000
40 34 41 1.000000
40 41 34 1.000000
40 34 80 1.000000
40 80 34 1.000000
40 34 53 1.000000
40 53 34 1.000000
40 53 80 1.000000
40 80 53 1.000000
41 35 40 1.000000
41 40 35 1.000000
41 35 42 1.000000
41 42 35 1.000000
41 35 87 1.189773
41 87 35 1.189773
41 40 42 1.000000
41 42 40 1.000000
41 40 87 1.000000
41 87 40 1.000000
41 42 87 1.000000
41 87 42 1.000000
42 41 48 1.000000
42 48 41 1.000000
43 38 44 1.000000
43 44 38 1.000000
44 43 46 1.000000
44 46 43 1.000000
44 43 51 1.000000
44 51 43 1.000000
44 43 45 1.000000
44 45 43 1.000000
44 46 51 1.000000
44 51 46 1.000000
44 45 46 1.000000
44 46 45 1.000000
44 45 51 1.000000
44 51 45 1.000000
45 37 44 1.000000
45 44 37 1.000000
45 37 52 1.000000
45 52 37 1.000000
45 44 52 1.000000
45 52 44 1.000000
46 44 47 1.000000
46 47 44 1.000000
47 46 48 1.000000
47 48 46 1.000000
47 46 53 1.000000
47 53 46 1.000000
47 46 50 1.000000
47 50 46 1.000000
47 48 53 1.000000
47 53 48 1.000000
47 48 50 1.000000
47 50 48 1.000000
47 50 53 1.000000
47 53 50 1.000000
48 42 47 1.000000
48 47 42 1.000000
48 42 49 1.000000
48 49 42 1.000000
48 42 61 1.000000
48 61 42 1.000000
48 47 49 1.000000
48 49 47 1.000000
48 47 61 1.000000
48 61 47 1.000000
48 49 61 1.000000
48 61 49 1.000000
49 48 50 1.000000
49 50 48 1.000000
49 48 99 1.000000
49 99 48 1.000000
49 48 65 1.000000
49 65 48 1.000000
49 50 99 1.000000
49 99 50 1.000000
49 50 65 1.000000
49 65 50 1.000000
49 65 99 1.000000
49 99 65 1.000000
50 49 64 1.000000
50 64 49 1.000000
50 49 98 1.000000
50 98 49 1.000000
50 47 49 1.000000
50 49 47 1.000000
50 47 64 1.000000
50 64 47 1.000000
50 47 98 1.000000
50 98 47 1.000000
50 64 98 1.000000
50 98 64 1.000000
51 44 52 1.000000
51 52 44 1.000000
51 44 101 1.000000
51 101 44 1.000000
51 44 64 1.000000
51 64 44 1.000000
51 52 101 1.000000
51 101 52 1.000000
51 52 64 1.000000
51 64 52 1.000000
51 64 101 1.000000
51 101 64 1.000000
52 51 100 1.000000
52 100 51 1.000000
52 45 51 1.000000
52 51 45 1.000000
52 45 100 1.000000
52 100 45 1.000000
53 40 47 1.000000
53 47 40 1.000000
55 57 106 1.000000
55 106 57 1.000000
56 11 58 1.000000
56 58 11 1.000000
57 55 59 1.000000
57 59 55 1.000000
58 56 60 1.000000
58 60 56 1.000000
61 48 62 1.000000
61 62 48 1.000000
62 61 63 1.000000
62 63 61 1.000000
63 54 62 1.000000
63 62 54 1.000000
64 50 51 1.000000
64 51 50 1.000000
65 49 66 1.000000
65 66 49 1.000000
66 65 67 1.000000
66 67 65 1.000000
67 66 68 1.000000
67 68 66 1.000000
69 33 71 1.000000
69 71 33 1.000000
70 39 72 1.000000
70 72 39 1.000000
71 69 73 1.000000
71 73 69 1.000000
72 70 74 1.000000
72 74 70 1.000000
73 71 75 1.000000
73 75 71 1.000000
74 72 76 1.000000
74 76 72 1.000000
75 73 77 1.000000
75 77 73 1.000000
76 74 78 1.000000
76 78 74 1.000000
77 31 75 1.000000
77 75 31 1.000000
78 36 76 1.000000
78 76 36 1.000000
79 32 34 1.000000
79 34 32 1.000000
80 38 40 1.000000
80 40 38 1.000000
81 35 82 1.000000
81 82 35 1.000000
82 81 83 1.000000
82 83 81 1.000000
83 82 84 1.000000
83 84 82 1.000000
84 83 85 1.000000
84 85 83 1.000000
85 84 86 1.000000
85 86 84 1.000000
87 41 88 1.000000
87 88 41 1.000000
88 87 89 1.000000
88 89 87 1.000000
89 88 90 1.000000
89 90 88 1.000000
90 89 91 1.000000
90 91 89 1.000000
91 90 92 1.000000
91 92 90 1.000000
92 91 93 1.000000
92 93 91 1.000000
102 104 114 1.000000
102 114 104 1.000000
102 104 115 1.000000
102 115 104 1.000000
102 114 115 1.154700
102 115 114 1.154700
102 103 104 1.154700
102 104 103 1.154700
102 103 114 1.000000
102 114 103 1.000000
102 103 115 1.000000
102 115 103 1.000000
103 102 105 1.000000
103 105 102 1.000000
103 102 135 1.000000
103 135 102 1.000000
103 102 127 1.154700
103 127 102 1.154700
103 105 135 1.154700
103 135 105 1.154700
103 105 127 1.000000
103 127 105 1.000000
103 127 135 1.000000
103 135 127 1.000000
104 102 134 1.154700
104 134 102 1.154700
104 102 105 1.000000
104 105 102 1.000000
104 105 134 1.000000
104 134 105 1.000000
105 103 104 1.154700
105 104 103 1.154700
105 103 136 1.000000
105 136 103 1.000000
105 104 136 1.000000
105 136 104 1.000000
106 1 55 1.000000
106 55 1 1.000000
109 2 110 1.000000
109 110 2 1.000000
110 109 111 1.000000
110 111 109 1.000000
111 110 112 1.000000
111 112 110 1.000000
112 111 113 1.000000
112 113 111 1.000000
113 112 114 1.000000
113 114 112 1.000000
114 102 113 1.000000
114 113 102 1.000000
115 102 116 1.000000
115 116 102 1.000000
116 115 120 1.000000
116 120 115 1.000000
117 8 118 1.000000
117 118 8 1.000000
118 117 119 1.000000
118 119 117 1.000000
119 118 120 1.000000
119 120 118 1.000000
120 116 119 1.000000
120 119 116 1.000000
121 1 122 1.000000
121 122 1 1.000000
122 121 123 1.000000
122 123 121 1.000000
123 122 124 1.000000
123 124 122 1.000000
124 123 125 1.000000
124 125 123 1.000000
125 124 126 1.000000
125 126 124 1.000000
126 125 127 1.000000
126 127 125 1.000000
127 103 126 1.000000
127 126 103 1.000000
128 9 129 1.000000
128 129 9 1.000000
129 128 130 1.000000
129 130 128 1.000000
130 129 131 1.000000
130 131 129 1.000000
131 130 132 1.000000
131 132 130 1.000000
132 131 133 1.000000
132 133 131 1.000000
133 132 134 1.000000
133 134 132 1.000000
134 104 133 1.000000
134 133 104 1.000000
56 58 76 1.000000
56 76 58 1.000000
56 11 76 1.001384
56 76 11 1.001384
76 78 56 1.000000
76 56 78 1.000000
76 74 56 19.026298
76 56 74 19.026298
;
param D:=0.5;
param t_hat_ear:=
0 146 3.0
0 107 4.0
0 18 5.0
0 8 6.0
0 9 7.0
0 10 8.0
0 21 9.0
0 22 10.0
0 23 11.0
0 24 12.0
0 25 13.0
0 33 14.0
0 69 15.0
0 71 16.0
0 73 17.0
0 75 18.0
0 77 19.0
0 31 20.0
0 32 21.0
0 79 22.0
0 34 23.0
0 96 24.0
0 149 25.0
1 144 5.0
1 68 6.0
1 67 7.0
1 66 8.0
1 65 9.0
1 49 10.0
1 50 11.0
1 47 12.0
1 53 13.0
1 40 14.0
1 80 15.0
1 38 16.0
1 36 17.0
1 31 18.0
1 94 19.0
1 147 20.0
2 140 1.0
2 93 2.0
2 92 3.0
2 91 4.0
2 90 5.0
2 89 6.0
2 88 7.0
2 87 8.0
2 41 9.0
2 40 10.0
2 80 11.0
2 38 12.0
2 43 13.0
2 44 14.0
2 51 15.0
2 101 16.0
2 151 17.0
3 140 3.0
3 93 4.0
3 92 5.0
3 91 6.0
3 90 7.0
3 89 8.0
3 88 9.0
3 87 10.0
3 41 11.0
3 42 12.0
3 48 13.0
3 61 14.0
3 62 15.0
3 63 16.0
3 54 17.0
3 143 18.0
4 148 7.0
4 95 8.0
4 32 9.0
4 38 10.0
4 43 11.0
4 44 12.0
4 46 13.0
4 47 14.0
4 48 15.0
4 61 16.0
4 62 17.0
4 63 18.0
4 54 19.0
4 143 20.0
5 142 0.0
5 59 1.0
5 57 2.0
5 55 3.0
5 106 4.0
5 1 5.0
5 121 6.0
5 122 7.0
5 123 8.0
5 124 9.0
5 125 10.0
5 126 11.0
5 127 12.0
5 103 13.0
5 135 14.0
5 137 15.0
6 154 7.0
6 98 8.0
6 50 9.0
6 47 10.0
6 53 11.0
6 40 12.0
6 34 13.0
6 35 14.0
6 81 15.0
6 82 16.0
6 83 17.0
6 84 18.0
6 85 19.0
6 86 20.0
6 139 21.0
7 138 0.0
7 136 1.0
7 105 2.0
7 104 3.0
7 134 4.0
7 133 5.0
7 132 6.0
7 131 7.0
7 130 8.0
7 129 9.0
7 128 10.0
7 9 11.0
7 19 12.0
7 108 13.0
7 145 14.0
8 152 2.0
8 100 3.0
8 52 4.0
8 45 5.0
8 44 6.0
8 46 7.0
8 47 8.0
8 48 9.0
8 61 10.0
8 62 11.0
8 63 12.0
8 54 13.0
8 143 14.0
10 146 5.0
10 107 6.0
10 18 7.0
10 8 8.0
10 9 9.0
10 10 10.0
10 21 11.0
10 22 12.0
10 23 13.0
10 24 14.0
10 25 15.0
10 33 16.0
10 69 17.0
10 71 18.0
10 73 19.0
10 75 20.0
10 77 21.0
10 31 22.0
10 32 23.0
10 79 24.0
10 34 25.0
10 96 26.0
10 149 27.0
12 140 7.0
12 93 8.0
12 92 9.0
12 91 10.0
12 90 11.0
12 89 12.0
12 88 13.0
12 87 14.0
12 41 15.0
12 42 16.0
12 48 17.0
12 49 18.0
12 99 19.0
12 153 20.0
13 138 2.0
13 136 3.0
13 105 4.0
13 104 5.0
13 134 6.0
13 133 7.0
13 132 8.0
13 131 9.0
13 130 10.0
13 129 11.0
13 128 12.0
13 9 13.0
13 19 14.0
13 108 15.0
13 145 16.0
14 148 0.0
14 95 1.0
14 32 2.0
14 38 3.0
14 36 4.0
14 78 5.0
14 76 6.0
14 74 7.0
14 72 8.0
14 70 9.0
14 39 10.0
14 30 11.0
14 29 12.0
14 28 13.0
14 27 14.0
14 26 15.0
14 20 16.0
14 19 17.0
14 108 18.0
14 145 19.0
15 142 2.0
15 59 3.0
15 57 4.0
15 55 5.0
15 106 6.0
15 1 7.0
15 121 8.0
15 122 9.0
15 123 10.0
15 124 11.0
15 125 12.0
15 126 13.0
15 127 14.0
15 103 15.0
15 135 16.0
15 137 17.0
16 154 1.0
16 98 2.0
16 50 3.0
16 47 4.0
16 53 5.0
16 40 6.0
16 34 7.0
16 35 8.0
16 81 9.0
16 82 10.0
16 83 11.0
16 84 12.0
16 85 13.0
16 86 14.0
16 139 15.0
17 154 3.0
17 98 4.0
17 50 5.0
17 47 6.0
17 53 7.0
17 40 8.0
17 34 9.0
17 35 10.0
17 81 11.0
17 82 12.0
17 83 13.0
17 84 14.0
17 85 15.0
17 86 16.0
17 139 17.0
18 148 5.0
18 95 6.0
18 32 7.0
18 38 8.0
18 43 9.0
18 44 10.0
18 51 11.0
18 101 12.0
18 151 13.0
19 152 4.0
19 100 5.0
19 52 6.0
19 45 7.0
19 37 8.0
19 36 9.0
19 78 10.0
19 76 11.0
19 74 12.0
19 72 13.0
19 70 14.0
19 39 15.0
19 30 16.0
19 29 17.0
19 28 18.0
19 27 19.0
19 26 20.0
19 20 21.0
19 19 22.0
19 108 23.0
19 145 24.0
20 148 15.0
20 95 16.0
20 32 17.0
20 38 18.0
20 43 19.0
20 44 20.0
20 51 21.0
20 101 22.0
20 151 23.0
21 142 10.0
21 59 11.0
21 57 12.0
21 55 13.0
21 106 14.0
21 1 15.0
21 121 16.0
21 122 17.0
21 123 18.0
21 124 19.0
21 125 20.0
21 126 21.0
21 127 22.0
21 103 23.0
21 135 24.0
21 137 25.0
22 144 29.0
22 68 30.0
22 67 31.0
22 66 32.0
22 65 33.0
22 49 34.0
22 50 35.0
22 47 36.0
22 53 37.0
22 40 38.0
22 34 39.0
22 35 40.0
22 81 41.0
22 82 42.0
22 83 43.0
22 84 44.0
22 85 45.0
22 86 46.0
22 139 47.0
23 140 11.0
23 93 12.0
23 92 13.0
23 91 14.0
23 90 15.0
23 89 16.0
23 88 17.0
23 87 18.0
23 41 19.0
23 42 20.0
23 48 21.0
23 61 22.0
23 62 23.0
23 63 24.0
23 54 25.0
23 143 26.0
24 138 12.0
24 136 13.0
24 105 14.0
24 104 15.0
24 134 16.0
24 133 17.0
24 132 18.0
24 131 19.0
24 130 20.0
24 129 21.0
24 128 22.0
24 9 23.0
24 19 24.0
24 108 25.0
24 145 26.0
25 140 17.0
25 93 18.0
25 92 19.0
25 91 20.0
25 90 21.0
25 89 22.0
25 88 23.0
25 87 24.0
25 41 25.0
25 40 26.0
25 80 27.0
25 38 28.0
25 36 29.0
25 31 30.0
25 94 31.0
25 147 32.0
26 140 25.0
26 93 26.0
26 92 27.0
26 91 28.0
26 90 29.0
26 89 30.0
26 88 31.0
26 87 32.0
26 41 33.0
26 40 34.0
26 34 35.0
26 96 36.0
26 149 37.0
27 146 17.0
27 107 18.0
27 18 19.0
27 8 20.0
27 9 21.0
27 10 22.0
27 21 23.0
27 22 24.0
27 23 25.0
27 24 26.0
27 25 27.0
27 33 28.0
27 69 29.0
27 71 30.0
27 73 31.0
27 75 32.0
27 77 33.0
27 31 34.0
27 32 35.0
27 79 36.0
27 34 37.0
27 96 38.0
27 149 39.0
28 140 27.0
28 93 28.0
28 92 29.0
28 91 30.0
28 90 31.0
28 89 32.0
28 88 33.0
28 87 34.0
28 41 35.0
28 40 36.0
28 80 37.0
28 38 38.0
28 36 39.0
28 31 40.0
28 94 41.0
28 147 42.0
29 142 12.0
29 59 13.0
29 57 14.0
29 55 15.0
29 106 16.0
29 1 17.0
29 121 18.0
29 122 19.0
29 123 20.0
29 124 21.0
29 125 22.0
29 126 23.0
29 127 24.0
29 103 25.0
29 135 26.0
29 137 27.0
30 142 14.0
30 59 15.0
30 57 16.0
30 55 17.0
30 106 18.0
30 1 19.0
30 121 20.0
30 122 21.0
30 123 22.0
30 124 23.0
30 125 24.0
30 126 25.0
30 127 26.0
30 103 27.0
30 135 28.0
30 137 29.0
31 146 10.0
31 107 11.0
31 18 12.0
31 17 13.0
31 16 14.0
31 15 15.0
31 14 16.0
31 13 17.0
31 12 18.0
31 11 19.0
31 56 20.0
31 58 21.0
31 60 22.0
31 141 23.0
32 154 15.0
32 98 16.0
32 50 17.0
32 47 18.0
32 53 19.0
32 40 20.0
32 34 21.0
32 35 22.0
32 81 23.0
32 82 24.0
32 83 25.0
32 84 26.0
32 85 27.0
32 86 28.0
32 139 29.0
33 148 11.0
33 95 12.0
33 32 13.0
33 38 14.0
33 36 15.0
33 78 16.0
33 76 17.0
33 74 18.0
33 72 19.0
33 70 20.0
33 39 21.0
33 30 22.0
33 29 23.0
33 28 24.0
33 27 25.0
33 26 26.0
33 20 27.0
33 19 28.0
33 108 29.0
33 145 30.0
34 152 18.0
34 100 19.0
34 52 20.0
34 45 21.0
34 37 22.0
34 36 23.0
34 31 24.0
34 94 25.0
34 147 26.0
35 150 18.0
35 97 19.0
35 35 20.0
35 41 21.0
35 40 22.0
35 80 23.0
35 38 24.0
35 36 25.0
35 31 26.0
35 94 27.0
35 147 28.0
36 138 14.0
36 136 15.0
36 105 16.0
36 104 17.0
36 102 18.0
36 114 19.0
36 113 20.0
36 112 21.0
36 111 22.0
36 110 23.0
36 109 24.0
36 2 25.0
36 11 26.0
36 56 27.0
36 58 28.0
36 60 29.0
36 141 30.0
37 150 14.0
37 97 15.0
37 35 16.0
37 41 17.0
37 40 18.0
37 80 19.0
37 38 20.0
37 43 21.0
37 44 22.0
37 51 23.0
37 101 24.0
37 151 25.0
38 154 19.0
38 98 20.0
38 50 21.0
38 47 22.0
38 53 23.0
38 40 24.0
38 80 25.0
38 38 26.0
38 36 27.0
38 78 28.0
38 76 29.0
38 74 30.0
38 72 31.0
38 70 32.0
38 39 33.0
38 30 34.0
38 29 35.0
38 28 36.0
38 27 37.0
38 26 38.0
38 20 39.0
38 19 40.0
38 108 41.0
38 145 42.0
39 140 19.0
39 93 20.0
39 92 21.0
39 91 22.0
39 90 23.0
39 89 24.0
39 88 25.0
39 87 26.0
39 41 27.0
39 40 28.0
39 80 29.0
39 38 30.0
39 36 31.0
39 31 32.0
39 94 33.0
39 147 34.0
40 154 25.0
40 98 26.0
40 50 27.0
40 47 28.0
40 53 29.0
40 40 30.0
40 34 31.0
40 35 32.0
40 81 33.0
40 82 34.0
40 83 35.0
40 84 36.0
40 85 37.0
40 86 38.0
40 139 39.0
41 152 24.0
41 100 25.0
41 52 26.0
41 45 27.0
41 44 28.0
41 46 29.0
41 47 30.0
41 48 31.0
41 49 32.0
41 99 33.0
41 153 34.0
42 144 39.0
42 68 40.0
42 67 41.0
42 66 42.0
42 65 43.0
42 49 44.0
42 50 45.0
42 47 46.0
42 53 47.0
42 40 48.0
42 34 49.0
42 96 50.0
42 149 51.0
43 138 20.0
43 136 21.0
43 105 22.0
43 104 23.0
43 102 24.0
43 114 25.0
43 113 26.0
43 112 27.0
43 111 28.0
43 110 29.0
43 109 30.0
43 2 31.0
43 11 32.0
43 56 33.0
43 58 34.0
43 60 35.0
43 141 36.0
44 150 34.0
44 97 35.0
44 35 36.0
44 41 37.0
44 42 38.0
44 48 39.0
44 49 40.0
44 99 41.0
44 153 42.0
45 154 39.0
45 98 40.0
45 50 41.0
45 47 42.0
45 53 43.0
45 40 44.0
45 80 45.0
45 38 46.0
45 36 47.0
45 78 48.0
45 76 49.0
45 74 50.0
45 72 51.0
45 70 52.0
45 39 53.0
45 30 54.0
45 29 55.0
45 28 56.0
45 27 57.0
45 26 58.0
45 20 59.0
45 19 60.0
45 108 61.0
45 145 62.0
46 152 20.0
46 100 21.0
46 52 22.0
46 45 23.0
46 44 24.0
46 46 25.0
46 47 26.0
46 48 27.0
46 49 28.0
46 99 29.0
46 153 30.0
47 150 28.0
47 97 29.0
47 35 30.0
47 41 31.0
47 40 32.0
47 80 33.0
47 38 34.0
47 43 35.0
47 44 36.0
47 51 37.0
47 101 38.0
47 151 39.0
49 138 29.0
49 136 30.0
49 105 31.0
49 104 32.0
49 102 33.0
49 114 34.0
49 113 35.0
49 112 36.0
49 111 37.0
49 110 38.0
49 109 39.0
49 2 40.0
49 11 41.0
49 56 42.0
49 58 43.0
49 60 44.0
49 141 45.0
50 140 37.0
50 93 38.0
50 92 39.0
50 91 40.0
50 90 41.0
50 89 42.0
50 88 43.0
50 87 44.0
50 41 45.0
50 40 46.0
50 80 47.0
50 38 48.0
50 36 49.0
50 31 50.0
50 94 51.0
50 147 52.0
51 148 23.0
51 95 24.0
51 32 25.0
51 79 26.0
51 34 27.0
51 35 28.0
51 81 29.0
51 82 30.0
51 83 31.0
51 84 32.0
51 85 33.0
51 86 34.0
51 139 35.0
52 144 45.0
52 68 46.0
52 67 47.0
52 66 48.0
52 65 49.0
52 49 50.0
52 50 51.0
52 47 52.0
52 53 53.0
52 40 54.0
52 80 55.0
52 38 56.0
52 36 57.0
52 31 58.0
52 94 59.0
52 147 60.0
53 154 35.0
53 98 36.0
53 50 37.0
53 47 38.0
53 53 39.0
53 40 40.0
53 34 41.0
53 96 42.0
53 149 43.0
55 146 25.0
55 107 26.0
55 18 27.0
55 8 28.0
55 9 29.0
55 10 30.0
55 21 31.0
55 22 32.0
55 23 33.0
55 24 34.0
55 25 35.0
55 33 36.0
55 69 37.0
55 71 38.0
55 73 39.0
55 75 40.0
55 77 41.0
55 31 42.0
55 94 43.0
55 147 44.0
56 154 27.0
56 98 28.0
56 50 29.0
56 64 30.0
56 51 31.0
56 52 32.0
56 45 33.0
56 37 34.0
56 36 35.0
56 31 36.0
56 94 37.0
56 147 38.0
57 154 29.0
57 98 30.0
57 50 31.0
57 64 32.0
57 51 33.0
57 52 34.0
57 45 35.0
57 37 36.0
57 36 37.0
57 31 38.0
57 94 39.0
57 147 40.0
58 154 37.0
58 98 38.0
58 50 39.0
58 47 40.0
58 53 41.0
58 40 42.0
58 80 43.0
58 38 44.0
58 36 45.0
58 78 46.0
58 76 47.0
58 74 48.0
58 72 49.0
58 70 50.0
58 39 51.0
58 30 52.0
58 29 53.0
58 28 54.0
58 27 55.0
58 26 56.0
58 20 57.0
58 19 58.0
58 108 59.0
58 145 60.0
59 148 29.0
59 95 30.0
59 32 31.0
59 38 32.0
59 43 33.0
59 44 34.0
59 51 35.0
59 101 36.0
59 151 37.0
60 148 49.0
60 95 50.0
60 32 51.0
60 38 52.0
60 36 53.0
60 78 54.0
60 76 55.0
60 74 56.0
60 72 57.0
60 70 58.0
60 39 59.0
60 30 60.0
60 29 61.0
60 28 62.0
60 27 63.0
60 26 64.0
60 20 65.0
60 19 66.0
60 108 67.0
60 145 68.0
61 148 39.0
61 95 40.0
61 32 41.0
61 38 42.0
61 36 43.0
61 78 44.0
61 76 45.0
61 74 46.0
61 72 47.0
61 70 48.0
61 39 49.0
61 30 50.0
61 29 51.0
61 28 52.0
61 27 53.0
61 26 54.0
61 20 55.0
61 19 56.0
61 108 57.0
61 145 58.0
62 152 42.0
62 100 43.0
62 52 44.0
62 45 45.0
62 44 46.0
62 46 47.0
62 47 48.0
62 53 49.0
62 40 50.0
62 34 51.0
62 96 52.0
62 149 53.0
63 146 39.0
63 107 40.0
63 18 41.0
63 8 42.0
63 9 43.0
63 10 44.0
63 21 45.0
63 22 46.0
63 23 47.0
63 24 48.0
63 25 49.0
63 33 50.0
63 69 51.0
63 71 52.0
63 73 53.0
63 75 54.0
63 77 55.0
63 31 56.0
63 32 57.0
63 79 58.0
63 34 59.0
63 96 60.0
63 149 61.0
64 140 39.0
64 93 40.0
64 92 41.0
64 91 42.0
64 90 43.0
64 89 44.0
64 88 45.0
64 87 46.0
64 41 47.0
64 42 48.0
64 48 49.0
64 61 50.0
64 62 51.0
64 63 52.0
64 54 53.0
64 143 54.0
65 150 48.0
65 97 49.0
65 35 50.0
65 41 51.0
65 40 52.0
65 80 53.0
65 38 54.0
65 43 55.0
65 44 56.0
65 51 57.0
65 101 58.0
65 151 59.0
67 146 30.0
67 107 31.0
67 18 32.0
67 8 33.0
67 117 34.0
67 118 35.0
67 119 36.0
67 120 37.0
67 116 38.0
67 115 39.0
67 102 40.0
67 103 41.0
67 135 42.0
67 137 43.0
68 140 49.0
68 93 50.0
68 92 51.0
68 91 52.0
68 90 53.0
68 89 54.0
68 88 55.0
68 87 56.0
68 41 57.0
68 40 58.0
68 80 59.0
68 38 60.0
68 36 61.0
68 31 62.0
68 94 63.0
68 147 64.0
69 148 37.0
69 95 38.0
69 32 39.0
69 38 40.0
69 36 41.0
69 78 42.0
69 76 43.0
69 74 44.0
69 72 45.0
69 70 46.0
69 39 47.0
69 30 48.0
69 29 49.0
69 28 50.0
69 27 51.0
69 26 52.0
69 20 53.0
69 19 54.0
69 108 55.0
69 145 56.0
70 154 47.0
70 98 48.0
70 50 49.0
70 47 50.0
70 48 51.0
70 61 52.0
70 62 53.0
70 63 54.0
70 54 55.0
70 143 56.0
71 150 36.0
71 97 37.0
71 35 38.0
71 41 39.0
71 42 40.0
71 48 41.0
71 49 42.0
71 99 43.0
71 153 44.0
73 148 47.0
73 95 48.0
73 32 49.0
73 38 50.0
73 43 51.0
73 44 52.0
73 46 53.0
73 47 54.0
73 48 55.0
73 49 56.0
73 99 57.0
73 153 58.0
74 140 47.0
74 93 48.0
74 92 49.0
74 91 50.0
74 90 51.0
74 89 52.0
74 88 53.0
74 87 54.0
74 41 55.0
74 40 56.0
74 34 57.0
74 96 58.0
74 149 59.0
75 144 41.0
75 68 42.0
75 67 43.0
75 66 44.0
75 65 45.0
75 49 46.0
75 50 47.0
75 64 48.0
75 51 49.0
75 101 50.0
75 151 51.0
76 146 32.0
76 107 33.0
76 18 34.0
76 8 35.0
76 117 36.0
76 118 37.0
76 119 38.0
76 120 39.0
76 116 40.0
76 115 41.0
76 102 42.0
76 103 43.0
76 135 44.0
76 137 45.0
78 154 31.0
78 98 32.0
78 50 33.0
78 47 34.0
78 48 35.0
78 61 36.0
78 62 37.0
78 63 38.0
78 54 39.0
78 143 40.0
80 146 45.0
80 107 46.0
80 18 47.0
80 8 48.0
80 117 49.0
80 118 50.0
80 119 51.0
80 120 52.0
80 116 53.0
80 115 54.0
80 102 55.0
80 103 56.0
80 135 57.0
80 137 58.0
81 138 40.0
81 136 41.0
81 105 42.0
81 104 43.0
81 134 44.0
81 133 45.0
81 132 46.0
81 131 47.0
81 130 48.0
81 129 49.0
81 128 50.0
81 9 51.0
81 19 52.0
81 108 53.0
81 145 54.0
84 138 44.0
84 136 45.0
84 105 46.0
84 104 47.0
84 102 48.0
84 114 49.0
84 113 50.0
84 112 51.0
84 111 52.0
84 110 53.0
84 109 54.0
84 2 55.0
84 11 56.0
84 56 57.0
84 58 58.0
84 60 59.0
84 141 60.0
85 138 42.0
85 136 43.0
85 105 44.0
85 104 45.0
85 102 46.0
85 114 47.0
85 113 48.0
85 112 49.0
85 111 50.0
85 110 51.0
85 109 52.0
85 2 53.0
85 11 54.0
85 56 55.0
85 58 56.0
85 60 57.0
85 141 58.0
87 154 41.0
87 98 42.0
87 50 43.0
87 47 44.0
87 48 45.0
87 61 46.0
87 62 47.0
87 63 48.0
87 54 49.0
87 143 50.0
88 152 46.0
88 100 47.0
88 52 48.0
88 45 49.0
88 37 50.0
88 36 51.0
88 31 52.0
88 94 53.0
88 147 54.0
89 146 49.0
89 107 50.0
89 18 51.0
89 8 52.0
89 9 53.0
89 10 54.0
89 21 55.0
89 22 56.0
89 23 57.0
89 24 58.0
89 25 59.0
89 33 60.0
89 69 61.0
89 71 62.0
89 73 63.0
89 75 64.0
89 77 65.0
89 31 66.0
89 32 67.0
89 38 68.0
89 43 69.0
89 44 70.0
89 51 71.0
89 101 72.0
89 151 73.0
92 138 47.0
92 136 48.0
92 105 49.0
92 104 50.0
92 102 51.0
92 114 52.0
92 113 53.0
92 112 54.0
92 111 55.0
92 110 56.0
92 109 57.0
92 2 58.0
92 11 59.0
92 56 60.0
92 58 61.0
92 60 62.0
92 141 63.0
93 146 43.0
93 107 44.0
93 18 45.0
93 8 46.0
93 9 47.0
93 10 48.0
93 21 49.0
93 22 50.0
93 23 51.0
93 24 52.0
93 25 53.0
93 33 54.0
93 69 55.0
93 71 56.0
93 73 57.0
93 75 58.0
93 77 59.0
93 31 60.0
93 32 61.0
93 38 62.0
93 43 63.0
93 44 64.0
93 51 65.0
93 101 66.0
93 151 67.0
95 144 47.0
95 68 48.0
95 67 49.0
95 66 50.0
95 65 51.0
95 49 52.0
95 50 53.0
95 64 54.0
95 51 55.0
95 101 56.0
95 151 57.0
96 138 49.0
96 136 50.0
96 105 51.0
96 104 52.0
96 102 53.0
96 114 54.0
96 113 55.0
96 112 56.0
96 111 57.0
96 110 58.0
96 109 59.0
96 2 60.0
96 11 61.0
96 56 62.0
96 58 63.0
96 60 64.0
96 141 65.0
98 150 40.0
98 97 41.0
98 35 42.0
98 81 43.0
98 82 44.0
98 83 45.0
98 84 46.0
98 85 47.0
98 86 48.0
98 139 49.0
99 56 14
99 76 33.02629759044045
;
param t_hat_lat:=
0 146 4.0
0 107 5.0
0 18 6.0
0 8 7.0
0 9 8.0
0 10 9.0
0 21 10.0
0 22 11.0
0 23 12.0
0 24 13.0
0 25 14.0
0 33 15.0
0 69 16.0
0 71 17.0
0 73 18.0
0 75 19.0
0 77 20.0
0 31 21.0
0 32 22.0
0 79 23.0
0 34 24.0
0 96 25.0
0 149 26.0
1 144 6.0
1 68 7.0
1 67 8.0
1 66 9.0
1 65 10.0
1 49 11.0
1 50 12.0
1 47 13.0
1 53 14.0
1 40 15.0
1 80 16.0
1 38 17.0
1 36 18.0
1 31 19.0
1 94 20.0
1 147 21.0
2 140 2.0
2 93 3.0
2 92 4.0
2 91 5.0
2 90 6.0
2 89 7.0
2 88 8.0
2 87 9.0
2 41 10.0
2 40 11.0
2 80 12.0
2 38 13.0
2 43 14.0
2 44 15.0
2 51 16.0
2 101 17.0
2 151 18.0
3 140 4.0
3 93 5.0
3 92 6.0
3 91 7.0
3 90 8.0
3 89 9.0
3 88 10.0
3 87 11.0
3 41 12.0
3 42 13.0
3 48 14.0
3 61 15.0
3 62 16.0
3 63 17.0
3 54 18.0
3 143 19.0
4 148 8.0
4 95 9.0
4 32 10.0
4 38 11.0
4 43 12.0
4 44 13.0
4 46 14.0
4 47 15.0
4 48 16.0
4 61 17.0
4 62 18.0
4 63 19.0
4 54 20.0
4 143 21.0
5 142 1.0
5 59 2.0
5 57 3.0
5 55 4.0
5 106 5.0
5 1 6.0
5 121 7.0
5 122 8.0
5 123 9.0
5 124 10.0
5 125 11.0
5 126 12.0
5 127 13.0
5 103 14.0
5 135 15.0
5 137 16.0
6 154 8.0
6 98 9.0
6 50 10.0
6 47 11.0
6 53 12.0
6 40 13.0
6 34 14.0
6 35 15.0
6 81 16.0
6 82 17.0
6 83 18.0
6 84 19.0
6 85 20.0
6 86 21.0
6 139 22.0
7 138 1.0
7 136 2.0
7 105 3.0
7 104 4.0
7 134 5.0
7 133 6.0
7 132 7.0
7 131 8.0
7 130 9.0
7 129 10.0
7 128 11.0
7 9 12.0
7 19 13.0
7 108 14.0
7 145 15.0
8 152 3.0
8 100 4.0
8 52 5.0
8 45 6.0
8 44 7.0
8 46 8.0
8 47 9.0
8 48 10.0
8 61 11.0
8 62 12.0
8 63 13.0
8 54 14.0
8 143 15.0
10 146 6.0
10 107 7.0
10 18 8.0
10 8 9.0
10 9 10.0
10 10 11.0
10 21 12.0
10 22 13.0
10 23 14.0
10 24 15.0
10 25 16.0
10 33 17.0
10 69 18.0
10 71 19.0
10 73 20.0
10 75 21.0
10 77 22.0
10 31 23.0
10 32 24.0
10 79 25.0
10 34 26.0
10 96 27.0
10 149 28.0
12 140 8.0
12 93 9.0
12 92 10.0
12 91 11.0
12 90 12.0
12 89 13.0
12 88 14.0
12 87 15.0
12 41 16.0
12 42 17.0
12 48 18.0
12 49 19.0
12 99 20.0
12 153 21.0
13 138 3.0
13 136 4.0
13 105 5.0
13 104 6.0
13 134 7.0
13 133 8.0
13 132 9.0
13 131 10.0
13 130 11.0
13 129 12.0
13 128 13.0
13 9 14.0
13 19 15.0
13 108 16.0
13 145 17.0
14 148 1.0
14 95 2.0
14 32 3.0
14 38 4.0
14 36 5.0
14 78 6.0
14 76 7.0
14 74 8.0
14 72 9.0
14 70 10.0
14 39 11.0
14 30 12.0
14 29 13.0
14 28 14.0
14 27 15.0
14 26 16.0
14 20 17.0
14 19 18.0
14 108 19.0
14 145 20.0
15 142 3.0
15 59 4.0
15 57 5.0
15 55 6.0
15 106 7.0
15 1 8.0
15 121 9.0
15 122 10.0
15 123 11.0
15 124 12.0
15 125 13.0
15 126 14.0
15 127 15.0
15 103 16.0
15 135 17.0
15 137 18.0
16 154 2.0
16 98 3.0
16 50 4.0
16 47 5.0
16 53 6.0
16 40 7.0
16 34 8.0
16 35 9.0
16 81 10.0
16 82 11.0
16 83 12.0
16 84 13.0
16 85 14.0
16 86 15.0
16 139 16.0
17 154 4.0
17 98 5.0
17 50 6.0
17 47 7.0
17 53 8.0
17 40 9.0
17 34 10.0
17 35 11.0
17 81 12.0
17 82 13.0
17 83 14.0
17 84 15.0
17 85 16.0
17 86 17.0
17 139 18.0
18 148 6.0
18 95 7.0
18 32 8.0
18 38 9.0
18 43 10.0
18 44 11.0
18 51 12.0
18 101 13.0
18 151 14.0
19 152 5.0
19 100 6.0
19 52 7.0
19 45 8.0
19 37 9.0
19 36 10.0
19 78 11.0
19 76 12.0
19 74 13.0
19 72 14.0
19 70 15.0
19 39 16.0
19 30 17.0
19 29 18.0
19 28 19.0
19 27 20.0
19 26 21.0
19 20 22.0
19 19 23.0
19 108 24.0
19 145 25.0
20 148 16.0
20 95 17.0
20 32 18.0
20 38 19.0
20 43 20.0
20 44 21.0
20 51 22.0
20 101 23.0
20 151 24.0
21 142 11.0
21 59 12.0
21 57 13.0
21 55 14.0
21 106 15.0
21 1 16.0
21 121 17.0
21 122 18.0
21 123 19.0
21 124 20.0
21 125 21.0
21 126 22.0
21 127 23.0
21 103 24.0
21 135 25.0
21 137 26.0
22 144 30.0
22 68 31.0
22 67 32.0
22 66 33.0
22 65 34.0
22 49 35.0
22 50 36.0
22 47 37.0
22 53 38.0
22 40 39.0
22 34 40.0
22 35 41.0
22 81 42.0
22 82 43.0
22 83 44.0
22 84 45.0
22 85 46.0
22 86 47.0
22 139 48.0
23 140 12.0
23 93 13.0
23 92 14.0
23 91 15.0
23 90 16.0
23 89 17.0
23 88 18.0
23 87 19.0
23 41 20.0
23 42 21.0
23 48 22.0
23 61 23.0
23 62 24.0
23 63 25.0
23 54 26.0
23 143 27.0
24 138 13.0
24 136 14.0
24 105 15.0
24 104 16.0
24 134 17.0
24 133 18.0
24 132 19.0
24 131 20.0
24 130 21.0
24 129 22.0
24 128 23.0
24 9 24.0
24 19 25.0
24 108 26.0
24 145 27.0
25 140 18.0
25 93 19.0
25 92 20.0
25 91 21.0
25 90 22.0
25 89 23.0
25 88 24.0
25 87 25.0
25 41 26.0
25 40 27.0
25 80 28.0
25 38 29.0
25 36 30.0
25 31 31.0
25 94 32.0
25 147 33.0
26 140 26.0
26 93 27.0
26 92 28.0
26 91 29.0
26 90 30.0
26 89 31.0
26 88 32.0
26 87 33.0
26 41 34.0
26 40 35.0
26 34 36.0
26 96 37.0
26 149 38.0
27 146 18.0
27 107 19.0
27 18 20.0
27 8 21.0
27 9 22.0
27 10 23.0
27 21 24.0
27 22 25.0
27 23 26.0
27 24 27.0
27 25 28.0
27 33 29.0
27 69 30.0
27 71 31.0
27 73 32.0
27 75 33.0
27 77 34.0
27 31 35.0
27 32 36.0
27 79 37.0
27 34 38.0
27 96 39.0
27 149 40.0
28 140 28.0
28 93 29.0
28 92 30.0
28 91 31.0
28 90 32.0
28 89 33.0
28 88 34.0
28 87 35.0
28 41 36.0
28 40 37.0
28 80 38.0
28 38 39.0
28 36 40.0
28 31 41.0
28 94 42.0
28 147 43.0
29 142 13.0
29 59 14.0
29 57 15.0
29 55 16.0
29 106 17.0
29 1 18.0
29 121 19.0
29 122 20.0
29 123 21.0
29 124 22.0
29 125 23.0
29 126 24.0
29 127 25.0
29 103 26.0
29 135 27.0
29 137 28.0
30 142 15.0
30 59 16.0
30 57 17.0
30 55 18.0
30 106 19.0
30 1 20.0
30 121 21.0
30 122 22.0
30 123 23.0
30 124 24.0
30 125 25.0
30 126 26.0
30 127 27.0
30 103 28.0
30 135 29.0
30 137 30.0
31 146 11.0
31 107 12.0
31 18 13.0
31 17 14.0
31 16 15.0
31 15 16.0
31 14 17.0
31 13 18.0
31 12 19.0
31 11 20.0
31 56 21.0
31 58 22.0
31 60 23.0
31 141 24.0
32 154 16.0
32 98 17.0
32 50 18.0
32 47 19.0
32 53 20.0
32 40 21.0
32 34 22.0
32 35 23.0
32 81 24.0
32 82 25.0
32 83 26.0
32 84 27.0
32 85 28.0
32 86 29.0
32 139 30.0
33 148 12.0
33 95 13.0
33 32 14.0
33 38 15.0
33 36 16.0
33 78 17.0
33 76 18.0
33 74 19.0
33 72 20.0
33 70 21.0
33 39 22.0
33 30 23.0
33 29 24.0
33 28 25.0
33 27 26.0
33 26 27.0
33 20 28.0
33 19 29.0
33 108 30.0
33 145 31.0
34 152 19.0
34 100 20.0
34 52 21.0
34 45 22.0
34 37 23.0
34 36 24.0
34 31 25.0
34 94 26.0
34 147 27.0
35 150 19.0
35 97 20.0
35 35 21.0
35 41 22.0
35 40 23.0
35 80 24.0
35 38 25.0
35 36 26.0
35 31 27.0
35 94 28.0
35 147 29.0
36 138 15.0
36 136 16.0
36 105 17.0
36 104 18.0
36 102 19.0
36 114 20.0
36 113 21.0
36 112 22.0
36 111 23.0
36 110 24.0
36 109 25.0
36 2 26.0
36 11 27.0
36 56 28.0
36 58 29.0
36 60 30.0
36 141 31.0
37 150 15.0
37 97 16.0
37 35 17.0
37 41 18.0
37 40 19.0
37 80 20.0
37 38 21.0
37 43 22.0
37 44 23.0
37 51 24.0
37 101 25.0
37 151 26.0
38 154 20.0
38 98 21.0
38 50 22.0
38 47 23.0
38 53 24.0
38 40 25.0
38 80 26.0
38 38 27.0
38 36 28.0
38 78 29.0
38 76 30.0
38 74 31.0
38 72 32.0
38 70 33.0
38 39 34.0
38 30 35.0
38 29 36.0
38 28 37.0
38 27 38.0
38 26 39.0
38 20 40.0
38 19 41.0
38 108 42.0
38 145 43.0
39 140 20.0
39 93 21.0
39 92 22.0
39 91 23.0
39 90 24.0
39 89 25.0
39 88 26.0
39 87 27.0
39 41 28.0
39 40 29.0
39 80 30.0
39 38 31.0
39 36 32.0
39 31 33.0
39 94 34.0
39 147 35.0
40 154 26.0
40 98 27.0
40 50 28.0
40 47 29.0
40 53 30.0
40 40 31.0
40 34 32.0
40 35 33.0
40 81 34.0
40 82 35.0
40 83 36.0
40 84 37.0
40 85 38.0
40 86 39.0
40 139 40.0
41 152 25.0
41 100 26.0
41 52 27.0
41 45 28.0
41 44 29.0
41 46 30.0
41 47 31.0
41 48 32.0
41 49 33.0
41 99 34.0
41 153 35.0
42 144 40.0
42 68 41.0
42 67 42.0
42 66 43.0
42 65 44.0
42 49 45.0
42 50 46.0
42 47 47.0
42 53 48.0
42 40 49.0
42 34 50.0
42 96 51.0
42 149 52.0
43 138 21.0
43 136 22.0
43 105 23.0
43 104 24.0
43 102 25.0
43 114 26.0
43 113 27.0
43 112 28.0
43 111 29.0
43 110 30.0
43 109 31.0
43 2 32.0
43 11 33.0
43 56 34.0
43 58 35.0
43 60 36.0
43 141 37.0
44 150 35.0
44 97 36.0
44 35 37.0
44 41 38.0
44 42 39.0
44 48 40.0
44 49 41.0
44 99 42.0
44 153 43.0
45 154 40.0
45 98 41.0
45 50 42.0
45 47 43.0
45 53 44.0
45 40 45.0
45 80 46.0
45 38 47.0
45 36 48.0
45 78 49.0
45 76 50.0
45 74 51.0
45 72 52.0
45 70 53.0
45 39 54.0
45 30 55.0
45 29 56.0
45 28 57.0
45 27 58.0
45 26 59.0
45 20 60.0
45 19 61.0
45 108 62.0
45 145 63.0
46 152 21.0
46 100 22.0
46 52 23.0
46 45 24.0
46 44 25.0
46 46 26.0
46 47 27.0
46 48 28.0
46 49 29.0
46 99 30.0
46 153 31.0
47 150 29.0
47 97 30.0
47 35 31.0
47 41 32.0
47 40 33.0
47 80 34.0
47 38 35.0
47 43 36.0
47 44 37.0
47 51 38.0
47 101 39.0
47 151 40.0
49 138 30.0
49 136 31.0
49 105 32.0
49 104 33.0
49 102 34.0
49 114 35.0
49 113 36.0
49 112 37.0
49 111 38.0
49 110 39.0
49 109 40.0
49 2 41.0
49 11 42.0
49 56 43.0
49 58 44.0
49 60 45.0
49 141 46.0
50 140 38.0
50 93 39.0
50 92 40.0
50 91 41.0
50 90 42.0
50 89 43.0
50 88 44.0
50 87 45.0
50 41 46.0
50 40 47.0
50 80 48.0
50 38 49.0
50 36 50.0
50 31 51.0
50 94 52.0
50 147 53.0
51 148 24.0
51 95 25.0
51 32 26.0
51 79 27.0
51 34 28.0
51 35 29.0
51 81 30.0
51 82 31.0
51 83 32.0
51 84 33.0
51 85 34.0
51 86 35.0
51 139 36.0
52 144 46.0
52 68 47.0
52 67 48.0
52 66 49.0
52 65 50.0
52 49 51.0
52 50 52.0
52 47 53.0
52 53 54.0
52 40 55.0
52 80 56.0
52 38 57.0
52 36 58.0
52 31 59.0
52 94 60.0
52 147 61.0
53 154 36.0
53 98 37.0
53 50 38.0
53 47 39.0
53 53 40.0
53 40 41.0
53 34 42.0
53 96 43.0
53 149 44.0
55 146 26.0
55 107 27.0
55 18 28.0
55 8 29.0
55 9 30.0
55 10 31.0
55 21 32.0
55 22 33.0
55 23 34.0
55 24 35.0
55 25 36.0
55 33 37.0
55 69 38.0
55 71 39.0
55 73 40.0
55 75 41.0
55 77 42.0
55 31 43.0
55 94 44.0
55 147 45.0
56 154 28.0
56 98 29.0
56 50 30.0
56 64 31.0
56 51 32.0
56 52 33.0
56 45 34.0
56 37 35.0
56 36 36.0
56 31 37.0
56 94 38.0
56 147 39.0
57 154 30.0
57 98 31.0
57 50 32.0
57 64 33.0
57 51 34.0
57 52 35.0
57 45 36.0
57 37 37.0
57 36 38.0
57 31 39.0
57 94 40.0
57 147 41.0
58 154 38.0
58 98 39.0
58 50 40.0
58 47 41.0
58 53 42.0
58 40 43.0
58 80 44.0
58 38 45.0
58 36 46.0
58 78 47.0
58 76 48.0
58 74 49.0
58 72 50.0
58 70 51.0
58 39 52.0
58 30 53.0
58 29 54.0
58 28 55.0
58 27 56.0
58 26 57.0
58 20 58.0
58 19 59.0
58 108 60.0
58 145 61.0
59 148 30.0
59 95 31.0
59 32 32.0
59 38 33.0
59 43 34.0
59 44 35.0
59 51 36.0
59 101 37.0
59 151 38.0
60 148 50.0
60 95 51.0
60 32 52.0
60 38 53.0
60 36 54.0
60 78 55.0
60 76 56.0
60 74 57.0
60 72 58.0
60 70 59.0
60 39 60.0
60 30 61.0
60 29 62.0
60 28 63.0
60 27 64.0
60 26 65.0
60 20 66.0
60 19 67.0
60 108 68.0
60 145 69.0
61 148 40.0
61 95 41.0
61 32 42.0
61 38 43.0
61 36 44.0
61 78 45.0
61 76 46.0
61 74 47.0
61 72 48.0
61 70 49.0
61 39 50.0
61 30 51.0
61 29 52.0
61 28 53.0
61 27 54.0
61 26 55.0
61 20 56.0
61 19 57.0
61 108 58.0
61 145 59.0
62 152 43.0
62 100 44.0
62 52 45.0
62 45 46.0
62 44 47.0
62 46 48.0
62 47 49.0
62 53 50.0
62 40 51.0
62 34 52.0
62 96 53.0
62 149 54.0
63 146 40.0
63 107 41.0
63 18 42.0
63 8 43.0
63 9 44.0
63 10 45.0
63 21 46.0
63 22 47.0
63 23 48.0
63 24 49.0
63 25 50.0
63 33 51.0
63 69 52.0
63 71 53.0
63 73 54.0
63 75 55.0
63 77 56.0
63 31 57.0
63 32 58.0
63 79 59.0
63 34 60.0
63 96 61.0
63 149 62.0
64 140 40.0
64 93 41.0
64 92 42.0
64 91 43.0
64 90 44.0
64 89 45.0
64 88 46.0
64 87 47.0
64 41 48.0
64 42 49.0
64 48 50.0
64 61 51.0
64 62 52.0
64 63 53.0
64 54 54.0
64 143 55.0
65 150 49.0
65 97 50.0
65 35 51.0
65 41 52.0
65 40 53.0
65 80 54.0
65 38 55.0
65 43 56.0
65 44 57.0
65 51 58.0
65 101 59.0
65 151 60.0
67 146 31.0
67 107 32.0
67 18 33.0
67 8 34.0
67 117 35.0
67 118 36.0
67 119 37.0
67 120 38.0
67 116 39.0
67 115 40.0
67 102 41.0
67 103 42.0
67 135 43.0
67 137 44.0
68 140 50.0
68 93 51.0
68 92 52.0
68 91 53.0
68 90 54.0
68 89 55.0
68 88 56.0
68 87 57.0
68 41 58.0
68 40 59.0
68 80 60.0
68 38 61.0
68 36 62.0
68 31 63.0
68 94 64.0
68 147 65.0
69 148 38.0
69 95 39.0
69 32 40.0
69 38 41.0
69 36 42.0
69 78 43.0
69 76 44.0
69 74 45.0
69 72 46.0
69 70 47.0
69 39 48.0
69 30 49.0
69 29 50.0
69 28 51.0
69 27 52.0
69 26 53.0
69 20 54.0
69 19 55.0
69 108 56.0
69 145 57.0
70 154 48.0
70 98 49.0
70 50 50.0
70 47 51.0
70 48 52.0
70 61 53.0
70 62 54.0
70 63 55.0
70 54 56.0
70 143 57.0
71 150 37.0
71 97 38.0
71 35 39.0
71 41 40.0
71 42 41.0
71 48 42.0
71 49 43.0
71 99 44.0
71 153 45.0
73 148 48.0
73 95 49.0
73 32 50.0
73 38 51.0
73 43 52.0
73 44 53.0
73 46 54.0
73 47 55.0
73 48 56.0
73 49 57.0
73 99 58.0
73 153 59.0
74 140 48.0
74 93 49.0
74 92 50.0
74 91 51.0
74 90 52.0
74 89 53.0
74 88 54.0
74 87 55.0
74 41 56.0
74 40 57.0
74 34 58.0
74 96 59.0
74 149 60.0
75 144 42.0
75 68 43.0
75 67 44.0
75 66 45.0
75 65 46.0
75 49 47.0
75 50 48.0
75 64 49.0
75 51 50.0
75 101 51.0
75 151 52.0
76 146 33.0
76 107 34.0
76 18 35.0
76 8 36.0
76 117 37.0
76 118 38.0
76 119 39.0
76 120 40.0
76 116 41.0
76 115 42.0
76 102 43.0
76 103 44.0
76 135 45.0
76 137 46.0
78 154 32.0
78 98 33.0
78 50 34.0
78 47 35.0
78 48 36.0
78 61 37.0
78 62 38.0
78 63 39.0
78 54 40.0
78 143 41.0
80 146 46.0
80 107 47.0
80 18 48.0
80 8 49.0
80 117 50.0
80 118 51.0
80 119 52.0
80 120 53.0
80 116 54.0
80 115 55.0
80 102 56.0
80 103 57.0
80 135 58.0
80 137 59.0
81 138 41.0
81 136 42.0
81 105 43.0
81 104 44.0
81 134 45.0
81 133 46.0
81 132 47.0
81 131 48.0
81 130 49.0
81 129 50.0
81 128 51.0
81 9 52.0
81 19 53.0
81 108 54.0
81 145 55.0
84 138 45.0
84 136 46.0
84 105 47.0
84 104 48.0
84 102 49.0
84 114 50.0
84 113 51.0
84 112 52.0
84 111 53.0
84 110 54.0
84 109 55.0
84 2 56.0
84 11 57.0
84 56 58.0
84 58 59.0
84 60 60.0
84 141 61.0
85 138 43.0
85 136 44.0
85 105 45.0
85 104 46.0
85 102 47.0
85 114 48.0
85 113 49.0
85 112 50.0
85 111 51.0
85 110 52.0
85 109 53.0
85 2 54.0
85 11 55.0
85 56 56.0
85 58 57.0
85 60 58.0
85 141 59.0
87 154 42.0
87 98 43.0
87 50 44.0
87 47 45.0
87 48 46.0
87 61 47.0
87 62 48.0
87 63 49.0
87 54 50.0
87 143 51.0
88 152 47.0
88 100 48.0
88 52 49.0
88 45 50.0
88 37 51.0
88 36 52.0
88 31 53.0
88 94 54.0
88 147 55.0
89 146 50.0
89 107 51.0
89 18 52.0
89 8 53.0
89 9 54.0
89 10 55.0
89 21 56.0
89 22 57.0
89 23 58.0
89 24 59.0
89 25 60.0
89 33 61.0
89 69 62.0
89 71 63.0
89 73 64.0
89 75 65.0
89 77 66.0
89 31 67.0
89 32 68.0
89 38 69.0
89 43 70.0
89 44 71.0
89 51 72.0
89 101 73.0
89 151 74.0
92 138 48.0
92 136 49.0
92 105 50.0
92 104 51.0
92 102 52.0
92 114 53.0
92 113 54.0
92 112 55.0
92 111 56.0
92 110 57.0
92 109 58.0
92 2 59.0
92 11 60.0
92 56 61.0
92 58 62.0
92 60 63.0
92 141 64.0
93 146 44.0
93 107 45.0
93 18 46.0
93 8 47.0
93 9 48.0
93 10 49.0
93 21 50.0
93 22 51.0
93 23 52.0
93 24 53.0
93 25 54.0
93 33 55.0
93 69 56.0
93 71 57.0
93 73 58.0
93 75 59.0
93 77 60.0
93 31 61.0
93 32 62.0
93 38 63.0
93 43 64.0
93 44 65.0
93 51 66.0
93 101 67.0
93 151 68.0
95 144 48.0
95 68 49.0
95 67 50.0
95 66 51.0
95 65 52.0
95 49 53.0
95 50 54.0
95 64 55.0
95 51 56.0
95 101 57.0
95 151 58.0
96 138 50.0
96 136 51.0
96 105 52.0
96 104 53.0
96 102 54.0
96 114 55.0
96 113 56.0
96 112 57.0
96 111 58.0
96 110 59.0
96 109 60.0
96 2 61.0
96 11 62.0
96 56 63.0
96 58 64.0
96 60 65.0
96 141 66.0
98 150 41.0
98 97 42.0
98 35 43.0
98 81 44.0
98 82 45.0
98 83 46.0
98 84 47.0
98 85 48.0
98 86 49.0
98 139 50.0
99 56 15
99 76 34.02629759044045
;
set fixedFlights :=
0 9 10
0 8 9
0 10 21
0 21 22
0 22 23
0 23 24
0 24 25
0 31 32
0 25 33
0 33 69
0 69 71
0 71 73
0 73 75
0 75 77
0 77 31
0 32 79
0 79 34
0 96 149
0 34 96
0 146 107
0 107 18
0 18 8
1 36 31
1 49 50
1 50 47
1 47 53
1 53 40
1 66 65
1 67 66
1 68 67
1 144 68
1 65 49
1 40 80
1 80 38
1 38 36
1 94 147
1 31 94
2 41 40
2 38 43
2 43 44
2 44 51
2 40 80
2 80 38
2 101 151
2 51 101
2 93 92
2 92 91
2 91 90
2 90 89
2 89 88
2 88 87
2 87 41
2 140 93
3 41 42
3 42 48
3 54 143
3 48 61
3 61 62
3 62 63
3 63 54
3 93 92
3 92 91
3 91 90
3 90 89
3 89 88
3 88 87
3 87 41
3 140 93
4 32 38
4 38 43
4 43 44
4 44 46
4 46 47
4 47 48
4 54 143
4 48 61
4 61 62
4 62 63
4 63 54
4 148 95
4 95 32
5 57 55
5 59 57
5 142 59
5 55 106
5 106 1
5 1 121
5 121 122
5 122 123
5 123 124
5 124 125
5 125 126
5 126 127
5 127 103
5 103 135
5 135 137
6 34 35
6 50 47
6 47 53
6 53 40
6 40 34
6 154 98
6 98 50
6 35 81
6 81 82
6 82 83
6 83 84
6 84 85
6 85 86
6 86 139
7 108 145
7 9 19
7 19 108
7 105 104
7 104 134
7 134 133
7 133 132
7 132 131
7 131 130
7 130 129
7 129 128
7 128 9
7 138 136
7 136 105
8 45 44
8 44 46
8 46 47
8 47 48
8 52 45
8 54 143
8 48 61
8 61 62
8 62 63
8 63 54
8 152 100
8 100 52
10 9 10
10 8 9
10 10 21
10 21 22
10 22 23
10 23 24
10 24 25
10 31 32
10 25 33
10 33 69
10 69 71
10 71 73
10 73 75
10 75 77
10 77 31
10 32 79
10 79 34
10 96 149
10 34 96
10 146 107
10 107 18
10 18 8
12 41 42
12 42 48
12 48 49
12 99 153
12 49 99
12 93 92
12 92 91
12 91 90
12 90 89
12 89 88
12 88 87
12 87 41
12 140 93
13 108 145
13 9 19
13 19 108
13 105 104
13 104 134
13 134 133
13 133 132
13 132 131
13 131 130
13 130 129
13 129 128
13 128 9
13 138 136
13 136 105
14 20 19
14 26 20
14 27 26
14 28 27
14 29 28
14 30 29
14 32 38
14 38 36
14 36 78
14 78 76
14 76 74
14 74 72
14 72 70
14 70 39
14 39 30
14 148 95
14 95 32
14 108 145
14 19 108
15 57 55
15 59 57
15 142 59
15 55 106
15 106 1
15 1 121
15 121 122
15 122 123
15 123 124
15 124 125
15 125 126
15 126 127
15 127 103
15 103 135
15 135 137
16 34 35
16 50 47
16 47 53
16 53 40
16 40 34
16 154 98
16 98 50
16 35 81
16 81 82
16 82 83
16 83 84
16 84 85
16 85 86
16 86 139
17 34 35
17 50 47
17 47 53
17 53 40
17 40 34
17 154 98
17 98 50
17 35 81
17 81 82
17 82 83
17 83 84
17 84 85
17 85 86
17 86 139
18 32 38
18 38 43
18 43 44
18 44 51
18 148 95
18 101 151
18 95 32
18 51 101
19 20 19
19 26 20
19 27 26
19 28 27
19 29 28
19 30 29
19 37 36
19 45 37
19 52 45
19 36 78
19 78 76
19 76 74
19 74 72
19 72 70
19 70 39
19 39 30
19 152 100
19 100 52
19 108 145
19 19 108
20 32 38
20 38 43
20 43 44
20 44 51
20 148 95
20 101 151
20 95 32
20 51 101
21 57 55
21 59 57
21 142 59
21 55 106
21 106 1
21 1 121
21 121 122
21 122 123
21 123 124
21 124 125
21 125 126
21 126 127
21 127 103
21 103 135
21 135 137
22 34 35
22 49 50
22 50 47
22 47 53
22 53 40
22 40 34
22 66 65
22 67 66
22 68 67
22 144 68
22 65 49
22 35 81
22 81 82
22 82 83
22 83 84
22 84 85
22 85 86
22 86 139
23 41 42
23 42 48
23 54 143
23 48 61
23 61 62
23 62 63
23 63 54
23 93 92
23 92 91
23 91 90
23 90 89
23 89 88
23 88 87
23 87 41
23 140 93
24 108 145
24 9 19
24 19 108
24 105 104
24 104 134
24 134 133
24 133 132
24 132 131
24 131 130
24 130 129
24 129 128
24 128 9
24 138 136
24 136 105
25 36 31
25 41 40
25 40 80
25 80 38
25 38 36
25 94 147
25 31 94
25 93 92
25 92 91
25 91 90
25 90 89
25 89 88
25 88 87
25 87 41
25 140 93
26 41 40
26 40 34
26 96 149
26 34 96
26 93 92
26 92 91
26 91 90
26 90 89
26 89 88
26 88 87
26 87 41
26 140 93
27 9 10
27 8 9
27 10 21
27 21 22
27 22 23
27 23 24
27 24 25
27 31 32
27 25 33
27 33 69
27 69 71
27 71 73
27 73 75
27 75 77
27 77 31
27 32 79
27 79 34
27 96 149
27 34 96
27 146 107
27 107 18
27 18 8
28 36 31
28 41 40
28 40 80
28 80 38
28 38 36
28 94 147
28 31 94
28 93 92
28 92 91
28 91 90
28 90 89
28 89 88
28 88 87
28 87 41
28 140 93
29 57 55
29 59 57
29 142 59
29 55 106
29 106 1
29 1 121
29 121 122
29 122 123
29 123 124
29 124 125
29 125 126
29 126 127
29 127 103
29 103 135
29 135 137
30 57 55
30 59 57
30 142 59
30 55 106
30 106 1
30 1 121
30 121 122
30 122 123
30 123 124
30 124 125
30 125 126
30 126 127
30 127 103
30 103 135
30 135 137
31 12 11
31 13 12
31 14 13
31 15 14
31 16 15
31 17 16
31 18 17
31 56 58
31 58 60
31 60 141
31 146 107
31 11 56
31 107 18
32 34 35
32 50 47
32 47 53
32 53 40
32 40 34
32 154 98
32 98 50
32 35 81
32 81 82
32 82 83
32 83 84
32 84 85
32 85 86
32 86 139
33 20 19
33 26 20
33 27 26
33 28 27
33 29 28
33 30 29
33 32 38
33 38 36
33 36 78
33 78 76
33 76 74
33 74 72
33 72 70
33 70 39
33 39 30
33 148 95
33 95 32
33 108 145
33 19 108
34 36 31
34 37 36
34 45 37
34 52 45
34 94 147
34 152 100
34 31 94
34 100 52
35 36 31
35 41 40
35 35 41
35 40 80
35 80 38
35 38 36
35 94 147
35 150 97
35 97 35
35 31 94
36 56 58
36 58 60
36 60 141
36 11 56
36 2 11
36 109 2
36 110 109
36 104 102
36 102 114
36 105 104
36 114 113
36 113 112
36 112 111
36 111 110
36 138 136
36 136 105
37 41 40
37 35 41
37 38 43
37 43 44
37 44 51
37 40 80
37 80 38
37 101 151
37 150 97
37 97 35
37 51 101
39 36 31
39 41 40
39 40 80
39 80 38
39 38 36
39 94 147
39 31 94
39 93 92
39 92 91
39 91 90
39 90 89
39 89 88
39 88 87
39 87 41
39 140 93
40 34 35
40 50 47
40 47 53
40 53 40
40 40 34
40 154 98
40 98 50
40 35 81
40 81 82
40 82 83
40 83 84
40 84 85
40 85 86
40 86 139
41 45 44
41 44 46
41 46 47
41 47 48
41 52 45
41 48 49
41 152 100
41 99 153
41 100 52
41 49 99
42 49 50
42 50 47
42 47 53
42 53 40
42 40 34
42 66 65
42 67 66
42 68 67
42 144 68
42 65 49
42 96 149
42 34 96
43 56 58
43 58 60
43 60 141
43 11 56
43 2 11
43 109 2
43 110 109
43 104 102
43 102 114
43 105 104
43 114 113
43 113 112
43 112 111
43 111 110
43 138 136
43 136 105
44 35 41
44 41 42
44 42 48
44 48 49
44 99 153
44 150 97
44 97 35
44 49 99
45 20 19
45 26 20
45 27 26
45 28 27
45 29 28
45 30 29
45 50 47
45 47 53
45 53 40
45 40 80
45 80 38
45 38 36
45 36 78
45 78 76
45 76 74
45 74 72
45 72 70
45 70 39
45 39 30
45 154 98
45 98 50
45 108 145
45 19 108
46 45 44
46 44 46
46 46 47
46 47 48
46 52 45
46 48 49
46 152 100
46 99 153
46 100 52
46 49 99
47 35 41
47 41 42
47 42 48
47 49 50
47 48 49
47 64 51
47 50 64
47 101 151
47 150 97
47 97 35
47 51 101
49 56 58
49 58 60
49 60 141
49 11 56
49 2 11
49 109 2
49 110 109
49 104 102
49 102 114
49 105 104
49 114 113
49 113 112
49 112 111
49 111 110
49 138 136
49 136 105
50 36 31
50 41 40
50 40 80
50 80 38
50 38 36
50 94 147
50 31 94
50 93 92
50 92 91
50 91 90
50 90 89
50 89 88
50 88 87
50 87 41
50 140 93
51 34 35
51 32 79
51 79 34
51 148 95
51 95 32
51 35 81
51 81 82
51 82 83
51 83 84
51 84 85
51 85 86
51 86 139
52 36 31
52 49 50
52 50 47
52 47 53
52 53 40
52 66 65
52 67 66
52 68 67
52 144 68
52 65 49
52 40 80
52 80 38
52 38 36
52 94 147
52 31 94
53 50 47
53 47 53
53 53 40
53 40 34
53 154 98
53 96 149
53 34 96
53 98 50
55 9 10
55 8 9
55 10 21
55 21 22
55 22 23
55 23 24
55 24 25
55 25 33
55 33 69
55 69 71
55 71 73
55 73 75
55 75 77
55 77 31
55 94 147
55 31 94
55 146 107
55 107 18
55 18 8
56 36 31
56 37 36
56 45 37
56 51 52
56 52 45
56 64 51
56 50 64
56 94 147
56 154 98
56 31 94
56 98 50
57 36 31
57 37 36
57 45 37
57 51 52
57 52 45
57 64 51
57 50 64
57 94 147
57 154 98
57 31 94
57 98 50
58 20 19
58 26 20
58 27 26
58 28 27
58 29 28
58 30 29
58 50 47
58 47 53
58 53 40
58 40 80
58 80 38
58 38 36
58 36 78
58 78 76
58 76 74
58 74 72
58 72 70
58 70 39
58 39 30
58 154 98
58 98 50
58 108 145
58 19 108
59 32 38
59 38 43
59 43 44
59 44 51
59 148 95
59 101 151
59 95 32
59 51 101
60 20 19
60 26 20
60 27 26
60 28 27
60 29 28
60 30 29
60 32 38
60 38 36
60 36 78
60 78 76
60 76 74
60 74 72
60 72 70
60 70 39
60 39 30
60 148 95
60 95 32
60 108 145
60 19 108
61 20 19
61 26 20
61 27 26
61 28 27
61 29 28
61 30 29
61 32 38
61 38 36
61 36 78
61 78 76
61 76 74
61 74 72
61 72 70
61 70 39
61 39 30
61 148 95
61 95 32
61 108 145
61 19 108
62 36 31
62 37 36
62 45 37
62 31 32
62 52 45
62 32 79
62 79 34
62 152 100
62 96 149
62 34 96
62 100 52
63 9 10
63 8 9
63 10 21
63 21 22
63 22 23
63 23 24
63 24 25
63 31 32
63 25 33
63 33 69
63 69 71
63 71 73
63 73 75
63 75 77
63 77 31
63 32 79
63 79 34
63 96 149
63 34 96
63 146 107
63 107 18
63 18 8
64 41 42
64 42 48
64 54 143
64 48 61
64 61 62
64 62 63
64 63 54
64 93 92
64 92 91
64 91 90
64 90 89
64 89 88
64 88 87
64 87 41
64 140 93
65 41 40
65 35 41
65 38 43
65 43 44
65 44 51
65 40 80
65 80 38
65 101 151
65 150 97
65 97 35
65 51 101
67 146 107
67 107 18
67 18 8
67 115 102
67 102 103
67 116 115
67 8 117
67 117 118
67 118 119
67 119 120
67 120 116
67 103 135
67 135 137
68 36 31
68 41 40
68 40 80
68 80 38
68 38 36
68 94 147
68 31 94
68 93 92
68 92 91
68 91 90
68 90 89
68 89 88
68 88 87
68 87 41
68 140 93
69 20 19
69 26 20
69 27 26
69 28 27
69 29 28
69 30 29
69 32 38
69 38 36
69 36 78
69 78 76
69 76 74
69 74 72
69 72 70
69 70 39
69 39 30
69 148 95
69 95 32
69 108 145
69 19 108
70 47 48
70 50 47
70 54 143
70 48 61
70 61 62
70 62 63
70 63 54
70 154 98
70 98 50
71 35 41
71 41 42
71 42 48
71 48 49
71 99 153
71 150 97
71 97 35
71 49 99
73 32 38
73 38 43
73 43 44
73 44 46
73 46 47
73 47 48
73 48 49
73 148 95
73 99 153
73 95 32
73 49 99
74 41 40
74 40 34
74 96 149
74 34 96
74 93 92
74 92 91
74 91 90
74 90 89
74 89 88
74 88 87
74 87 41
74 140 93
75 49 50
75 66 65
75 67 66
75 68 67
75 144 68
75 64 51
75 65 49
75 50 64
75 101 151
75 51 101
76 146 107
76 107 18
76 18 8
76 115 102
76 102 103
76 116 115
76 8 117
76 117 118
76 118 119
76 119 120
76 120 116
76 103 135
76 135 137
78 47 48
78 50 47
78 54 143
78 48 61
78 61 62
78 62 63
78 63 54
78 154 98
78 98 50
80 146 107
80 107 18
80 18 8
80 115 102
80 102 103
80 116 115
80 8 117
80 117 118
80 118 119
80 119 120
80 120 116
80 103 135
80 135 137
81 108 145
81 9 19
81 19 108
81 105 104
81 104 134
81 134 133
81 133 132
81 132 131
81 131 130
81 130 129
81 129 128
81 128 9
81 138 136
81 136 105
84 56 58
84 58 60
84 60 141
84 11 56
84 2 11
84 109 2
84 110 109
84 104 102
84 102 114
84 105 104
84 114 113
84 113 112
84 112 111
84 111 110
84 138 136
84 136 105
85 56 58
85 58 60
85 60 141
85 11 56
85 2 11
85 109 2
85 110 109
85 104 102
85 102 114
85 105 104
85 114 113
85 113 112
85 112 111
85 111 110
85 138 136
85 136 105
87 47 48
87 50 47
87 54 143
87 48 61
87 61 62
87 62 63
87 63 54
87 154 98
87 98 50
88 36 31
88 37 36
88 45 37
88 52 45
88 94 147
88 152 100
88 31 94
88 100 52
89 9 10
89 8 9
89 10 21
89 21 22
89 22 23
89 23 24
89 24 25
89 32 38
89 38 43
89 43 44
89 31 32
89 44 51
89 25 33
89 33 69
89 69 71
89 71 73
89 73 75
89 75 77
89 77 31
89 101 151
89 51 101
89 146 107
89 107 18
89 18 8
92 56 58
92 58 60
92 60 141
92 11 56
92 2 11
92 109 2
92 110 109
92 104 102
92 102 114
92 105 104
92 114 113
92 113 112
92 112 111
92 111 110
92 138 136
92 136 105
93 9 10
93 8 9
93 10 21
93 21 22
93 22 23
93 23 24
93 24 25
93 32 38
93 38 43
93 43 44
93 31 32
93 44 51
93 25 33
93 33 69
93 69 71
93 71 73
93 73 75
93 75 77
93 77 31
93 101 151
93 51 101
93 146 107
93 107 18
93 18 8
95 49 50
95 66 65
95 67 66
95 68 67
95 144 68
95 64 51
95 65 49
95 50 64
95 101 151
95 51 101
96 56 58
96 58 60
96 60 141
96 11 56
96 2 11
96 109 2
96 110 109
96 104 102
96 102 114
96 105 104
96 114 113
96 113 112
96 112 111
96 111 110
96 138 136
96 136 105
98 150 97
98 97 35
98 35 81
98 81 82
98 82 83
98 83 84
98 84 85
98 85 86
98 86 139
99 56 76
;
;
set inFlight:=
0
1
2
3
4
5
6
7
8
10
12
13
14
15
16
17
18
19
21
23
24
29
31
33
;
set passedFreeF:=
38 154 98
38 98 50
38 50 47
38 47 53
38 53 40
38 40 80
38 80 38
38 38 36
38 36 78
38 78 76
38 76 74
38 74 72
38 72 70
38 70 39
38 39 30
38 30 29
38 29 28
38 28 27
38 27 26
38 26 20
38 20 19
38 19 108
38 108 145
;
param tini := 13;
