param nn:= 161;
set F:=
20
22
23
27
29
30
31
33
34
35
36
37
38
39
40
41
42
43
44
45
46
47
48
49
50
51
52
53
54
55
56
57
58
59
60
61
62
63
64
65
66
68
69
70
71
72
74
75
76
77
78
79
80
82
83
84
85
89
92
93
94
95
99
100
;
set NC:=
100
;
param: E: d:=
2 3 2.500000
3 4 2.500000
4 5 2.500000
5 6 2.500000
6 7 2.500000
7 0 2.500000
0 8 2.500000
9 10 2.500000
8 9 2.500000
12 11 2.500000
13 12 2.500000
14 13 2.500000
15 14 2.500000
16 15 2.500000
17 16 2.500000
18 17 2.500000
19 18 2.500000
20 19 2.500000
10 21 2.500000
21 22 2.500000
22 23 2.500000
23 24 2.500000
24 25 2.500000
26 20 2.500000
27 26 2.500000
28 27 2.500000
29 28 2.500000
30 29 2.500000
34 35 2.500000
36 31 2.500000
37 36 2.500000
41 40 2.500000
35 41 2.500000
41 42 2.500000
32 38 2.500000
38 43 2.500000
43 44 2.500000
45 37 2.500000
31 32 2.500000
45 44 2.500000
44 46 2.500000
46 47 2.500000
47 48 2.500000
42 48 2.500000
49 50 2.500000
51 52 2.500000
52 45 2.500000
44 51 2.500000
48 49 2.500000
50 47 2.500000
47 53 2.500000
53 40 2.500000
40 34 2.500000
54 143 1.500000
57 55 2.500000
56 58 2.500000
59 57 2.500000
58 60 2.500000
60 141 1.500000
142 59 1.500000
48 61 2.500000
61 62 2.500000
62 63 2.500000
66 65 2.500000
67 66 2.500000
68 67 2.500000
144 68 1.500000
2 1 2.500000
64 51 2.500000
63 54 2.500000
65 49 2.500000
50 64 2.500000
25 33 2.500000
33 69 2.500000
69 71 2.500000
73 75 2.500000
75 77 2.500000
77 31 2.500000
40 80 2.500000
80 38 2.500000
38 36 2.500000
36 78 2.500000
78 76 2.500000
76 74 2.500000
74 72 2.500000
72 70 2.500000
70 39 2.500000
39 30 2.500000
32 79 2.500000
79 34 2.500000
148 95 1.500000
94 147 1.500000
152 100 1.500000
101 151 1.500000
154 98 1.500000
99 153 1.500000
96 149 1.500000
150 97 1.500000
51 101 2.500000
100 52 2.500000
98 50 2.500000
49 99 2.500000
35 81 2.500000
81 82 2.500000
82 83 2.500000
83 84 2.500000
84 85 2.500000
85 86 2.500000
93 92 2.500000
92 91 2.500000
90 89 2.500000
89 88 2.500000
88 87 2.500000
87 41 2.500000
86 139 1.500000
140 93 1.500000
108 145 1.500000
146 107 1.500000
11 56 2.500000
2 11 2.500000
107 18 2.500000
18 8 2.500000
9 19 2.500000
19 108 2.500000
55 106 2.500000
106 1 2.500000
1 121 2.500000
121 122 2.500000
109 2 2.500000
110 109 2.500000
104 102 2.500000
102 114 2.500000
115 102 2.500000
102 103 2.500000
105 104 2.500000
104 134 2.500000
134 133 2.500000
103 105 2.500000
116 115 2.500000
8 117 2.500000
117 118 2.500000
118 119 2.500000
119 120 2.500000
120 116 2.500000
133 132 2.500000
132 131 2.500000
131 130 2.500000
130 129 2.500000
129 128 2.500000
128 9 2.500000
122 123 2.500000
123 124 2.500000
124 125 2.500000
125 126 2.500000
126 127 2.500000
127 103 2.500000
114 113 2.500000
113 112 2.500000
112 111 2.500000
111 110 2.500000
103 135 2.500000
135 137 1.500000
138 136 1.500000
136 105 2.500000
31 155 1.035380
155 94 1.464620
95 156 1.170005
156 32 1.329995
34 157 1.919224
157 96 0.580776
97 158 0.286161
158 35 2.213839
91 159 1.853701
159 90 0.646299
71 160 1.168479
160 73 1.331544
20 160 8.525980
160 155 3.557059
155 156 1.006920
156 157 2.013840
157 158 1.006920
158 82 1.692625
82 159 1.911414
;
param s:=
20 150
22 146
23 152
27 148
29 144
30 140
31 138
33 138
34 148
35 148
36 144
37 142
38 140
39 138
40 148
41 154
42 152
43 148
44 152
45 140
46 152
47 142
48 148
49 148
50 146
51 146
52 152
53 142
54 152
55 138
56 148
57 144
58 140
59 150
60 146
61 154
62 146
63 146
64 150
65 148
66 144
68 142
69 142
70 148
71 148
72 152
74 154
75 148
76 138
77 152
78 146
79 148
80 152
82 152
83 138
84 150
85 140
89 144
92 144
93 142
94 146
95 150
99 146
100 20
;
param e:=
20 145
22 151
23 153
27 153
29 149
30 153
31 145
33 141
34 145
35 143
36 149
37 137
38 153
39 145
40 143
41 147
42 139
43 145
44 143
45 143
46 149
47 137
48 145
49 145
50 137
51 141
52 153
53 137
54 145
55 141
56 143
57 139
58 147
59 143
60 137
61 145
62 141
63 147
64 145
65 143
66 151
68 137
69 137
70 145
71 139
72 149
74 139
75 151
76 145
77 139
78 137
79 143
80 145
82 145
83 141
84 153
85 151
89 151
92 151
93 137
94 147
95 147
99 137
100 159
;
param v_min:=2.375
;
param v_max:=2.625
;
param :conflictsNodes: angle:=
0 7 8 1.000000
0 8 7 1.000000
1 2 121 1.154701
1 121 2 1.154701
1 2 106 1.000000
1 106 2 1.000000
1 106 121 1.000000
1 121 106 1.000000
2 3 11 1.000000
2 11 3 1.000000
2 3 109 1.154701
2 109 3 1.154701
2 1 3 1.000000
2 3 1 1.000000
2 1 11 1.000000
2 11 1 1.000000
2 1 109 1.000000
2 109 1 1.000000
2 11 109 1.000000
2 109 11 1.000000
3 2 4 1.000000
3 4 2 1.000000
4 3 5 1.000000
4 5 3 1.000000
5 4 6 1.000000
5 6 4 1.000000
6 5 7 1.000000
6 7 5 1.000000
7 0 6 1.000000
7 6 0 1.000000
8 0 9 1.000000
8 9 0 1.000000
8 0 117 1.154701
8 117 0 1.154701
8 0 18 1.000000
8 18 0 1.000000
8 9 117 1.000000
8 117 9 1.000000
8 9 18 1.000000
8 18 9 1.000000
8 18 117 1.000000
8 117 18 1.000000
9 8 10 1.000000
9 10 8 1.000000
9 8 19 1.000000
9 19 8 1.000000
9 8 128 1.154701
9 128 8 1.154701
9 10 19 1.000000
9 19 10 1.000000
9 10 128 1.000000
9 128 10 1.000000
9 19 128 1.000000
9 128 19 1.000000
10 9 21 1.000000
10 21 9 1.000000
11 2 12 1.000000
11 12 2 1.000000
11 2 56 1.000000
11 56 2 1.000000
11 12 56 1.000000
11 56 12 1.000000
12 11 13 1.000000
12 13 11 1.000000
13 12 14 1.000000
13 14 12 1.000000
14 13 15 1.000000
14 15 13 1.000000
15 14 16 1.000000
15 16 14 1.000000
16 15 17 1.000000
16 17 15 1.000000
17 16 18 1.000000
17 18 16 1.000000
18 17 19 1.000000
18 19 17 1.000000
18 17 107 1.000000
18 107 17 1.000000
18 8 17 1.000000
18 17 8 1.000000
18 8 19 1.000000
18 19 8 1.000000
18 8 107 1.000000
18 107 8 1.000000
18 19 107 1.000000
18 107 19 1.000000
19 9 18 1.000000
19 18 9 1.000000
19 9 108 1.000000
19 108 9 1.000000
19 9 20 1.000000
19 20 9 1.000000
19 18 108 1.000000
19 108 18 1.000000
19 18 20 1.000000
19 20 18 1.000000
19 20 108 1.000000
19 108 20 1.000000
20 19 26 1.000000
20 26 19 1.000000
21 10 22 1.000000
21 22 10 1.000000
22 21 23 1.000000
22 23 21 1.000000
23 22 24 1.000000
23 24 22 1.000000
24 23 25 1.000000
24 25 23 1.000000
25 24 33 1.000000
25 33 24 1.000000
26 20 27 1.000000
26 27 20 1.000000
27 26 28 1.000000
27 28 26 1.000000
28 27 29 1.000000
28 29 27 1.000000
29 28 30 1.000000
29 30 28 1.000000
30 29 39 1.000000
30 39 29 1.000000
31 36 77 1.000000
31 77 36 1.000000
31 32 36 1.000000
31 36 32 1.000000
31 32 77 1.000000
31 77 32 1.000000
32 31 38 1.000000
32 38 31 1.000000
32 31 79 1.000000
32 79 31 1.000000
32 38 79 1.000000
32 79 38 1.000000
33 25 69 1.000000
33 69 25 1.000000
34 35 40 1.000000
34 40 35 1.000000
34 35 79 1.000000
34 79 35 1.000000
34 40 79 1.000000
34 79 40 1.000000
35 34 41 1.000000
35 41 34 1.000000
35 34 81 1.000000
35 81 34 1.000000
35 41 81 1.000000
35 81 41 1.000000
36 31 78 1.000000
36 78 31 1.000000
36 31 37 1.000000
36 37 31 1.000000
36 31 38 1.000000
36 38 31 1.000000
36 37 78 1.000000
36 78 37 1.000000
36 37 38 1.000000
36 38 37 1.000000
36 38 78 1.000000
36 78 38 1.000000
37 36 45 1.000000
37 45 36 1.000000
38 32 43 1.000000
38 43 32 1.000000
38 32 36 1.000000
38 36 32 1.000000
38 32 80 1.000000
38 80 32 1.000000
38 43 80 1.000000
38 80 43 1.000000
38 36 43 1.000000
38 43 36 1.000000
38 36 80 1.000000
38 80 36 1.000000
39 30 70 1.000000
39 70 30 1.000000
40 41 80 1.000000
40 80 41 1.000000
40 41 53 1.000000
40 53 41 1.000000
40 34 41 1.000000
40 41 34 1.000000
40 34 80 1.000000
40 80 34 1.000000
40 34 53 1.000000
40 53 34 1.000000
40 53 80 1.000000
40 80 53 1.000000
41 35 40 1.000000
41 40 35 1.000000
41 35 42 1.000000
41 42 35 1.000000
41 35 87 1.189773
41 87 35 1.189773
41 40 42 1.000000
41 42 40 1.000000
41 40 87 1.000000
41 87 40 1.000000
41 42 87 1.000000
41 87 42 1.000000
42 41 48 1.000000
42 48 41 1.000000
43 38 44 1.000000
43 44 38 1.000000
44 43 46 1.000000
44 46 43 1.000000
44 43 51 1.000000
44 51 43 1.000000
44 43 45 1.000000
44 45 43 1.000000
44 46 51 1.000000
44 51 46 1.000000
44 45 46 1.000000
44 46 45 1.000000
44 45 51 1.000000
44 51 45 1.000000
45 37 44 1.000000
45 44 37 1.000000
45 37 52 1.000000
45 52 37 1.000000
45 44 52 1.000000
45 52 44 1.000000
46 44 47 1.000000
46 47 44 1.000000
47 46 48 1.000000
47 48 46 1.000000
47 46 53 1.000000
47 53 46 1.000000
47 46 50 1.000000
47 50 46 1.000000
47 48 53 1.000000
47 53 48 1.000000
47 48 50 1.000000
47 50 48 1.000000
47 50 53 1.000000
47 53 50 1.000000
48 42 47 1.000000
48 47 42 1.000000
48 42 49 1.000000
48 49 42 1.000000
48 42 61 1.000000
48 61 42 1.000000
48 47 49 1.000000
48 49 47 1.000000
48 47 61 1.000000
48 61 47 1.000000
48 49 61 1.000000
48 61 49 1.000000
49 48 50 1.000000
49 50 48 1.000000
49 48 99 1.000000
49 99 48 1.000000
49 48 65 1.000000
49 65 48 1.000000
49 50 99 1.000000
49 99 50 1.000000
49 50 65 1.000000
49 65 50 1.000000
49 65 99 1.000000
49 99 65 1.000000
50 49 64 1.000000
50 64 49 1.000000
50 49 98 1.000000
50 98 49 1.000000
50 47 49 1.000000
50 49 47 1.000000
50 47 64 1.000000
50 64 47 1.000000
50 47 98 1.000000
50 98 47 1.000000
50 64 98 1.000000
50 98 64 1.000000
51 44 52 1.000000
51 52 44 1.000000
51 44 101 1.000000
51 101 44 1.000000
51 44 64 1.000000
51 64 44 1.000000
51 52 101 1.000000
51 101 52 1.000000
51 52 64 1.000000
51 64 52 1.000000
51 64 101 1.000000
51 101 64 1.000000
52 51 100 1.000000
52 100 51 1.000000
52 45 51 1.000000
52 51 45 1.000000
52 45 100 1.000000
52 100 45 1.000000
53 40 47 1.000000
53 47 40 1.000000
55 57 106 1.000000
55 106 57 1.000000
56 11 58 1.000000
56 58 11 1.000000
57 55 59 1.000000
57 59 55 1.000000
58 56 60 1.000000
58 60 56 1.000000
61 48 62 1.000000
61 62 48 1.000000
62 61 63 1.000000
62 63 61 1.000000
63 54 62 1.000000
63 62 54 1.000000
64 50 51 1.000000
64 51 50 1.000000
65 49 66 1.000000
65 66 49 1.000000
66 65 67 1.000000
66 67 65 1.000000
67 66 68 1.000000
67 68 66 1.000000
69 33 71 1.000000
69 71 33 1.000000
70 39 72 1.000000
70 72 39 1.000000
72 70 74 1.000000
72 74 70 1.000000
74 72 76 1.000000
74 76 72 1.000000
75 73 77 1.000000
75 77 73 1.000000
76 74 78 1.000000
76 78 74 1.000000
77 31 75 1.000000
77 75 31 1.000000
78 36 76 1.000000
78 76 36 1.000000
79 32 34 1.000000
79 34 32 1.000000
80 38 40 1.000000
80 40 38 1.000000
81 35 82 1.000000
81 82 35 1.000000
82 81 83 1.000000
82 83 81 1.000000
83 82 84 1.000000
83 84 82 1.000000
84 83 85 1.000000
84 85 83 1.000000
85 84 86 1.000000
85 86 84 1.000000
87 41 88 1.000000
87 88 41 1.000000
88 87 89 1.000000
88 89 87 1.000000
89 88 90 1.000000
89 90 88 1.000000
92 91 93 1.000000
92 93 91 1.000000
102 104 114 1.000000
102 114 104 1.000000
102 104 115 1.000000
102 115 104 1.000000
102 114 115 1.154701
102 115 114 1.154701
102 103 104 1.154701
102 104 103 1.154701
102 103 114 1.000000
102 114 103 1.000000
102 103 115 1.000000
102 115 103 1.000000
103 102 105 1.000000
103 105 102 1.000000
103 102 135 1.000000
103 135 102 1.000000
103 102 127 1.154701
103 127 102 1.154701
103 105 135 1.154701
103 135 105 1.154701
103 105 127 1.000000
103 127 105 1.000000
103 127 135 1.000000
103 135 127 1.000000
104 102 134 1.154701
104 134 102 1.154701
104 102 105 1.000000
104 105 102 1.000000
104 105 134 1.000000
104 134 105 1.000000
105 103 104 1.154701
105 104 103 1.154701
105 103 136 1.000000
105 136 103 1.000000
105 104 136 1.000000
105 136 104 1.000000
106 1 55 1.000000
106 55 1 1.000000
109 2 110 1.000000
109 110 2 1.000000
110 109 111 1.000000
110 111 109 1.000000
111 110 112 1.000000
111 112 110 1.000000
112 111 113 1.000000
112 113 111 1.000000
113 112 114 1.000000
113 114 112 1.000000
114 102 113 1.000000
114 113 102 1.000000
115 102 116 1.000000
115 116 102 1.000000
116 115 120 1.000000
116 120 115 1.000000
117 8 118 1.000000
117 118 8 1.000000
118 117 119 1.000000
118 119 117 1.000000
119 118 120 1.000000
119 120 118 1.000000
120 116 119 1.000000
120 119 116 1.000000
121 1 122 1.000000
121 122 1 1.000000
122 121 123 1.000000
122 123 121 1.000000
123 122 124 1.000000
123 124 122 1.000000
124 123 125 1.000000
124 125 123 1.000000
125 124 126 1.000000
125 126 124 1.000000
126 125 127 1.000000
126 127 125 1.000000
127 103 126 1.000000
127 126 103 1.000000
128 9 129 1.000000
128 129 9 1.000000
129 128 130 1.000000
129 130 128 1.000000
130 129 131 1.000000
130 131 129 1.000000
131 130 132 1.000000
131 132 130 1.000000
132 131 133 1.000000
132 133 131 1.000000
133 132 134 1.000000
133 134 132 1.000000
134 104 133 1.000000
134 133 104 1.000000
155 31 94 1.000000
155 94 31 1.000000
31 155 32 1.000000
31 32 155 1.000000
31 155 36 1.000000
31 36 155 1.000000
31 155 77 1.000000
31 77 155 1.000000
156 95 32 1.000000
156 32 95 1.000000
32 156 31 1.000000
32 31 156 1.000000
32 156 38 1.000000
32 38 156 1.000000
32 156 79 1.000000
32 79 156 1.000000
157 34 96 1.000000
157 96 34 1.000000
34 157 35 1.000000
34 35 157 1.000000
34 157 40 1.000000
34 40 157 1.000000
34 157 79 1.000000
34 79 157 1.000000
158 97 35 1.000000
158 35 97 1.000000
35 158 34 1.000000
35 34 158 1.000000
35 158 41 1.000000
35 41 158 1.000000
35 158 81 1.189773
35 81 158 1.189773
159 91 90 1.000000
159 90 91 1.000000
90 159 89 1.000000
90 89 159 1.000000
91 159 92 1.000000
91 92 159 1.000000
160 71 73 1.000000
160 73 71 1.000000
71 160 69 1.000000
71 69 160 1.000000
73 160 75 1.000000
73 75 160 1.000000
160 20 155 1.000000
160 155 20 1.000000
155 160 156 1.000000
155 156 160 1.000000
156 155 157 1.000000
156 157 155 1.000000
157 156 158 1.000000
157 158 156 1.000000
158 157 82 1.000000
158 82 157 1.000000
82 158 159 1.000000
82 159 158 1.000000
20 19 160 1.000000
20 160 19 1.000000
20 26 160 8.544372
20 160 26 8.544372
160 71 20 8.223112
160 20 71 8.223112
160 71 155 1.000000
160 155 71 1.000000
160 73 20 1.000000
160 20 73 1.000000
160 73 155 8.847862
160 155 73 8.847862
155 31 160 1.006920
155 160 31 1.006920
155 31 156 1.000000
155 156 31 1.000000
155 94 160 1.000000
155 160 94 1.000000
155 94 156 1.006920
155 156 94 1.006920
156 95 155 1.000000
156 155 95 1.000000
156 95 157 1.006920
156 157 95 1.006920
156 32 155 1.006920
156 155 32 1.006920
156 32 157 1.000000
156 157 32 1.000000
157 34 156 1.006920
157 156 34 1.006920
157 34 158 1.000000
157 158 34 1.000000
157 96 156 1.000000
157 156 96 1.000000
157 96 158 1.006920
157 158 96 1.006920
158 97 157 1.000000
158 157 97 1.000000
158 97 82 1.006920
158 82 97 1.006920
158 35 157 1.006920
158 157 35 1.006920
158 35 82 1.000000
158 82 35 1.000000
82 81 158 2.274148
82 158 81 2.274148
82 81 159 1.000000
82 159 81 1.000000
82 83 158 1.000000
82 158 83 1.000000
82 83 159 2.274148
82 159 83 2.274148
159 91 82 1.000000
159 82 91 1.000000
159 90 82 2.274148
159 82 90 2.274148
;
param D:=0.5;
param t_hat_ear:=
20 150 18.0
20 97 19.0
20 158 19.114464219805402
20 35 20.0
20 41 21.0
20 40 22.0
20 80 23.0
20 38 24.0
20 36 25.0
20 78 26.0
20 76 27.0
20 74 28.0
20 72 29.0
20 70 30.0
20 39 31.0
20 30 32.0
20 29 33.0
20 28 34.0
20 27 35.0
20 26 36.0
20 20 37.0
20 19 38.0
20 108 39.0
20 145 40.0
22 146 11.0
22 107 12.0
22 18 13.0
22 8 14.0
22 9 15.0
22 10 16.0
22 21 17.0
22 22 18.0
22 23 19.0
22 24 20.0
22 25 21.0
22 33 22.0
22 69 23.0
22 71 24.0
22 160 24.467391727931535
22 73 25.0
22 75 26.0
22 77 27.0
22 31 28.0
22 32 29.0
22 38 30.0
22 43 31.0
22 44 32.0
22 51 33.0
22 101 34.0
22 151 35.0
23 152 25.0
23 100 26.0
23 52 27.0
23 45 28.0
23 44 29.0
23 46 30.0
23 47 31.0
23 48 32.0
23 49 33.0
23 99 34.0
23 153 35.0
27 148 29.0
27 95 30.0
27 156 30.46800217859189
27 32 31.0
27 38 32.0
27 43 33.0
27 44 34.0
27 46 35.0
27 47 36.0
27 48 37.0
27 49 38.0
27 99 39.0
27 153 40.0
29 144 16.0
29 68 17.0
29 67 18.0
29 66 19.0
29 65 20.0
29 49 21.0
29 50 22.0
29 47 23.0
29 53 24.0
29 40 25.0
29 34 26.0
29 157 26.767689793932433
29 96 27.0
29 149 28.0
30 140 17.0
30 93 18.0
30 92 19.0
30 91 20.0
30 159 20.74148030522267
30 90 21.0
30 89 22.0
30 88 23.0
30 87 24.0
30 41 25.0
30 42 26.0
30 48 27.0
30 49 28.0
30 99 29.0
30 153 30.0
31 138 15.0
31 136 16.0
31 105 17.0
31 104 18.0
31 134 19.0
31 133 20.0
31 132 21.0
31 131 22.0
31 130 23.0
31 129 24.0
31 128 25.0
31 9 26.0
31 19 27.0
31 108 28.0
31 145 29.0
33 138 18.0
33 136 19.0
33 105 20.0
33 104 21.0
33 102 22.0
33 114 23.0
33 113 24.0
33 112 25.0
33 111 26.0
33 110 27.0
33 109 28.0
33 2 29.0
33 11 30.0
33 56 31.0
33 58 32.0
33 60 33.0
33 141 34.0
34 148 16.0
34 95 17.0
34 156 17.46800217859189
34 32 18.0
34 38 19.0
34 36 20.0
34 78 21.0
34 76 22.0
34 74 23.0
34 72 24.0
34 70 25.0
34 39 26.0
34 30 27.0
34 29 28.0
34 28 29.0
34 27 30.0
34 26 31.0
34 20 32.0
34 19 33.0
34 108 34.0
34 145 35.0
35 148 14.0
35 95 15.0
35 156 15.468002178591892
35 32 16.0
35 38 17.0
35 43 18.0
35 44 19.0
35 46 20.0
35 47 21.0
35 48 22.0
35 61 23.0
35 62 24.0
35 63 25.0
35 54 26.0
35 143 27.0
36 144 18.0
36 68 19.0
36 67 20.0
36 66 21.0
36 65 22.0
36 49 23.0
36 50 24.0
36 47 25.0
36 53 26.0
36 40 27.0
36 34 28.0
36 157 28.767689793932433
36 96 29.0
36 149 30.0
37 142 12.0
37 59 13.0
37 57 14.0
37 55 15.0
37 106 16.0
37 1 17.0
37 121 18.0
37 122 19.0
37 123 20.0
37 124 21.0
37 125 22.0
37 126 23.0
37 127 24.0
37 103 25.0
37 135 26.0
37 137 27.0
38 140 15.0
38 93 16.0
38 92 17.0
38 91 18.0
38 159 18.74148030522267
38 90 19.0
38 89 20.0
38 88 21.0
38 87 22.0
38 41 23.0
38 42 24.0
38 48 25.0
38 49 26.0
38 99 27.0
38 153 28.0
39 138 13.0
39 136 14.0
39 105 15.0
39 104 16.0
39 134 17.0
39 133 18.0
39 132 19.0
39 131 20.0
39 130 21.0
39 129 22.0
39 128 23.0
39 9 24.0
39 19 25.0
39 108 26.0
39 145 27.0
40 148 31.0
40 95 32.0
40 156 32.46800217859189
40 32 33.0
40 38 34.0
40 43 35.0
40 44 36.0
40 46 37.0
40 47 38.0
40 48 39.0
40 61 40.0
40 62 41.0
40 63 42.0
40 54 43.0
40 143 44.0
41 154 24.0
41 98 25.0
41 50 26.0
41 64 27.0
41 51 28.0
41 52 29.0
41 45 30.0
41 37 31.0
41 36 32.0
41 31 33.0
41 155 33.414151835145944
41 94 34.0
41 147 35.0
42 152 23.0
42 100 24.0
42 52 25.0
42 45 26.0
42 44 27.0
42 46 28.0
42 47 29.0
42 53 30.0
42 40 31.0
42 34 32.0
42 35 33.0
42 81 34.0
42 82 35.0
42 83 36.0
42 84 37.0
42 85 38.0
42 86 39.0
42 139 40.0
43 148 25.0
43 95 26.0
43 156 26.46800217859189
43 32 27.0
43 38 28.0
43 36 29.0
43 78 30.0
43 76 31.0
43 74 32.0
43 72 33.0
43 70 34.0
43 39 35.0
43 30 36.0
43 29 37.0
43 28 38.0
43 27 39.0
43 26 40.0
43 20 41.0
43 19 42.0
43 108 43.0
43 145 44.0
44 152 36.0
44 100 37.0
44 52 38.0
44 45 39.0
44 44 40.0
44 46 41.0
44 47 42.0
44 48 43.0
44 61 44.0
44 62 45.0
44 63 46.0
44 54 47.0
44 143 48.0
45 140 20.0
45 93 21.0
45 92 22.0
45 91 23.0
45 159 23.74148030522267
45 90 24.0
45 89 25.0
45 88 26.0
45 87 27.0
45 41 28.0
45 42 29.0
45 48 30.0
45 61 31.0
45 62 32.0
45 63 33.0
45 54 34.0
45 143 35.0
46 152 21.0
46 100 22.0
46 52 23.0
46 45 24.0
46 44 25.0
46 46 26.0
46 47 27.0
46 53 28.0
46 40 29.0
46 34 30.0
46 157 30.767689793932433
46 96 31.0
46 149 32.0
47 142 20.0
47 59 21.0
47 57 22.0
47 55 23.0
47 106 24.0
47 1 25.0
47 121 26.0
47 122 27.0
47 123 28.0
47 124 29.0
47 125 30.0
47 126 31.0
47 127 32.0
47 103 33.0
47 135 34.0
47 137 35.0
48 148 33.0
48 95 34.0
48 156 34.46800217859189
48 32 35.0
48 38 36.0
48 36 37.0
48 78 38.0
48 76 39.0
48 74 40.0
48 72 41.0
48 70 42.0
48 39 43.0
48 30 44.0
48 29 45.0
48 28 46.0
48 27 47.0
48 26 48.0
48 20 49.0
48 19 50.0
48 108 51.0
48 145 52.0
49 148 23.0
49 95 24.0
49 156 24.46800217859189
49 32 25.0
49 38 26.0
49 36 27.0
49 78 28.0
49 76 29.0
49 74 30.0
49 72 31.0
49 70 32.0
49 39 33.0
49 30 34.0
49 29 35.0
49 28 36.0
49 27 37.0
49 26 38.0
49 20 39.0
49 19 40.0
49 108 41.0
49 145 42.0
50 146 24.0
50 107 25.0
50 18 26.0
50 8 27.0
50 117 28.0
50 118 29.0
50 119 30.0
50 120 31.0
50 116 32.0
50 115 33.0
50 102 34.0
50 103 35.0
50 135 36.0
50 137 37.0
51 146 26.0
51 107 27.0
51 18 28.0
51 17 29.0
51 16 30.0
51 15 31.0
51 14 32.0
51 13 33.0
51 12 34.0
51 11 35.0
51 56 36.0
51 58 37.0
51 60 38.0
51 141 39.0
52 152 34.0
52 100 35.0
52 52 36.0
52 45 37.0
52 44 38.0
52 46 39.0
52 47 40.0
52 48 41.0
52 49 42.0
52 99 43.0
52 153 44.0
53 142 24.0
53 59 25.0
53 57 26.0
53 55 27.0
53 106 28.0
53 1 29.0
53 121 30.0
53 122 31.0
53 123 32.0
53 124 33.0
53 125 34.0
53 126 35.0
53 127 36.0
53 103 37.0
53 135 38.0
53 137 39.0
54 152 29.0
54 100 30.0
54 52 31.0
54 45 32.0
54 37 33.0
54 36 34.0
54 78 35.0
54 76 36.0
54 74 37.0
54 72 38.0
54 70 39.0
54 39 40.0
54 30 41.0
54 29 42.0
54 28 43.0
54 27 44.0
54 26 45.0
54 20 46.0
54 19 47.0
54 108 48.0
54 145 49.0
55 138 25.0
55 136 26.0
55 105 27.0
55 104 28.0
55 102 29.0
55 114 30.0
55 113 31.0
55 112 32.0
55 111 33.0
55 110 34.0
55 109 35.0
55 2 36.0
55 11 37.0
55 56 38.0
55 58 39.0
55 60 40.0
55 141 41.0
56 148 39.0
56 95 40.0
56 156 40.46800217859189
56 32 41.0
56 38 42.0
56 43 43.0
56 44 44.0
56 46 45.0
56 47 46.0
56 48 47.0
56 61 48.0
56 62 49.0
56 63 50.0
56 54 51.0
56 143 52.0
57 144 26.0
57 68 27.0
57 67 28.0
57 66 29.0
57 65 30.0
57 49 31.0
57 50 32.0
57 47 33.0
57 53 34.0
57 40 35.0
57 34 36.0
57 35 37.0
57 81 38.0
57 82 39.0
57 83 40.0
57 84 41.0
57 85 42.0
57 86 43.0
57 139 44.0
58 140 28.0
58 93 29.0
58 92 30.0
58 91 31.0
58 159 31.74148030522267
58 90 32.0
58 89 33.0
58 88 34.0
58 87 35.0
58 41 36.0
58 40 37.0
58 80 38.0
58 38 39.0
58 36 40.0
58 31 41.0
58 155 41.414151835145944
58 94 42.0
58 147 43.0
59 150 29.0
59 97 30.0
59 158 30.114464219805402
59 35 31.0
59 41 32.0
59 42 33.0
59 48 34.0
59 61 35.0
59 62 36.0
59 63 37.0
59 54 38.0
59 143 39.0
60 146 30.0
60 107 31.0
60 18 32.0
60 8 33.0
60 117 34.0
60 118 35.0
60 119 36.0
60 120 37.0
60 116 38.0
60 115 39.0
60 102 40.0
60 103 41.0
60 135 42.0
60 137 43.0
61 154 49.0
61 98 50.0
61 50 51.0
61 47 52.0
61 53 53.0
61 40 54.0
61 80 55.0
61 38 56.0
61 36 57.0
61 78 58.0
61 76 59.0
61 74 60.0
61 72 61.0
61 70 62.0
61 39 63.0
61 30 64.0
61 29 65.0
61 28 66.0
61 27 67.0
61 26 68.0
61 20 69.0
61 19 70.0
61 108 71.0
61 145 72.0
62 146 32.0
62 107 33.0
62 18 34.0
62 17 35.0
62 16 36.0
62 15 37.0
62 14 38.0
62 13 39.0
62 12 40.0
62 11 41.0
62 56 42.0
62 58 43.0
62 60 44.0
62 141 45.0
63 146 34.0
63 107 35.0
63 18 36.0
63 8 37.0
63 9 38.0
63 10 39.0
63 21 40.0
63 22 41.0
63 23 42.0
63 24 43.0
63 25 44.0
63 33 45.0
63 69 46.0
63 71 47.0
63 160 47.467391727931535
63 73 48.0
63 75 49.0
63 77 50.0
63 31 51.0
63 155 51.414151835145944
63 94 52.0
63 147 53.0
64 150 38.0
64 97 39.0
64 158 39.1144642198054
64 35 40.0
64 41 41.0
64 40 42.0
64 80 43.0
64 38 44.0
64 36 45.0
64 78 46.0
64 76 47.0
64 74 48.0
64 72 49.0
64 70 50.0
64 39 51.0
64 30 52.0
64 29 53.0
64 28 54.0
64 27 55.0
64 26 56.0
64 20 57.0
64 19 58.0
64 108 59.0
64 145 60.0
65 148 43.0
65 95 44.0
65 156 44.46800217859189
65 32 45.0
65 38 46.0
65 43 47.0
65 44 48.0
65 46 49.0
65 47 50.0
65 48 51.0
65 61 52.0
65 62 53.0
65 63 54.0
65 54 55.0
65 143 56.0
66 144 35.0
66 68 36.0
66 67 37.0
66 66 38.0
66 65 39.0
66 49 40.0
66 50 41.0
66 64 42.0
66 51 43.0
66 101 44.0
66 151 45.0
68 142 30.0
68 59 31.0
68 57 32.0
68 55 33.0
68 106 34.0
68 1 35.0
68 121 36.0
68 122 37.0
68 123 38.0
68 124 39.0
68 125 40.0
68 126 41.0
68 127 42.0
68 103 43.0
68 135 44.0
68 137 45.0
69 142 39.0
69 59 40.0
69 57 41.0
69 55 42.0
69 106 43.0
69 1 44.0
69 121 45.0
69 122 46.0
69 123 47.0
69 124 48.0
69 125 49.0
69 126 50.0
69 127 51.0
69 103 52.0
69 135 53.0
69 137 54.0
70 148 47.0
70 95 48.0
70 156 48.46800217859189
70 32 49.0
70 38 50.0
70 36 51.0
70 78 52.0
70 76 53.0
70 74 54.0
70 72 55.0
70 70 56.0
70 39 57.0
70 30 58.0
70 29 59.0
70 28 60.0
70 27 61.0
70 26 62.0
70 20 63.0
70 19 64.0
70 108 65.0
70 145 66.0
71 148 37.0
71 95 38.0
71 156 38.46800217859189
71 32 39.0
71 79 40.0
71 34 41.0
71 35 42.0
71 81 43.0
71 82 44.0
71 83 45.0
71 84 46.0
71 85 47.0
71 86 48.0
71 139 49.0
72 152 38.0
72 100 39.0
72 52 40.0
72 45 41.0
72 44 42.0
72 46 43.0
72 47 44.0
72 53 45.0
72 40 46.0
72 34 47.0
72 157 47.76768979393243
72 96 48.0
72 149 49.0
74 154 45.0
74 98 46.0
74 50 47.0
74 47 48.0
74 53 49.0
74 40 50.0
74 34 51.0
74 35 52.0
74 81 53.0
74 82 54.0
74 83 55.0
74 84 56.0
74 85 57.0
74 86 58.0
74 139 59.0
75 148 45.0
75 95 46.0
75 156 46.46800217859189
75 32 47.0
75 38 48.0
75 43 49.0
75 44 50.0
75 51 51.0
75 101 52.0
75 151 53.0
76 138 33.0
76 136 34.0
76 105 35.0
76 104 36.0
76 134 37.0
76 133 38.0
76 132 39.0
76 131 40.0
76 130 41.0
76 129 42.0
76 128 43.0
76 9 44.0
76 19 45.0
76 108 46.0
76 145 47.0
77 152 48.0
77 100 49.0
77 52 50.0
77 45 51.0
77 44 52.0
77 46 53.0
77 47 54.0
77 53 55.0
77 40 56.0
77 34 57.0
77 35 58.0
77 81 59.0
77 82 60.0
77 83 61.0
77 84 62.0
77 85 63.0
77 86 64.0
77 139 65.0
78 146 39.0
78 107 40.0
78 18 41.0
78 8 42.0
78 117 43.0
78 118 44.0
78 119 45.0
78 120 46.0
78 116 47.0
78 115 48.0
78 102 49.0
78 103 50.0
78 135 51.0
78 137 52.0
79 148 49.0
79 95 50.0
79 156 50.46800217859189
79 32 51.0
79 38 52.0
79 43 53.0
79 44 54.0
79 46 55.0
79 47 56.0
79 48 57.0
79 61 58.0
79 62 59.0
79 63 60.0
79 54 61.0
79 143 62.0
80 152 44.0
80 100 45.0
80 52 46.0
80 45 47.0
80 37 48.0
80 36 49.0
80 78 50.0
80 76 51.0
80 74 52.0
80 72 53.0
80 70 54.0
80 39 55.0
80 30 56.0
80 29 57.0
80 28 58.0
80 27 59.0
80 26 60.0
80 20 61.0
80 19 62.0
80 108 63.0
80 145 64.0
82 152 42.0
82 100 43.0
82 52 44.0
82 45 45.0
82 37 46.0
82 36 47.0
82 78 48.0
82 76 49.0
82 74 50.0
82 72 51.0
82 70 52.0
82 39 53.0
82 30 54.0
82 29 55.0
82 28 56.0
82 27 57.0
82 26 58.0
82 20 59.0
82 19 60.0
82 108 61.0
82 145 62.0
83 138 43.0
83 136 44.0
83 105 45.0
83 104 46.0
83 102 47.0
83 114 48.0
83 113 49.0
83 112 50.0
83 111 51.0
83 110 52.0
83 109 53.0
83 2 54.0
83 11 55.0
83 56 56.0
83 58 57.0
83 60 58.0
83 141 59.0
84 150 44.0
84 97 45.0
84 158 45.1144642198054
84 35 46.0
84 41 47.0
84 42 48.0
84 48 49.0
84 49 50.0
84 99 51.0
84 153 52.0
85 140 49.0
85 93 50.0
85 92 51.0
85 91 52.0
85 159 52.74148030522267
85 90 53.0
85 89 54.0
85 88 55.0
85 87 56.0
85 41 57.0
85 40 58.0
85 80 59.0
85 38 60.0
85 43 61.0
85 44 62.0
85 51 63.0
85 101 64.0
85 151 65.0
89 144 49.0
89 68 50.0
89 67 51.0
89 66 52.0
89 65 53.0
89 49 54.0
89 50 55.0
89 64 56.0
89 51 57.0
89 101 58.0
89 151 59.0
92 144 47.0
92 68 48.0
92 67 49.0
92 66 50.0
92 65 51.0
92 49 52.0
92 50 53.0
92 64 54.0
92 51 55.0
92 101 56.0
92 151 57.0
93 142 41.0
93 59 42.0
93 57 43.0
93 55 44.0
93 106 45.0
93 1 46.0
93 121 47.0
93 122 48.0
93 123 49.0
93 124 50.0
93 125 51.0
93 126 52.0
93 127 53.0
93 103 54.0
93 135 55.0
93 137 56.0
94 146 42.0
94 107 43.0
94 18 44.0
94 8 45.0
94 9 46.0
94 10 47.0
94 21 48.0
94 22 49.0
94 23 50.0
94 24 51.0
94 25 52.0
94 33 53.0
94 69 54.0
94 71 55.0
94 160 55.467391727931535
94 73 56.0
94 75 57.0
94 77 58.0
94 31 59.0
94 155 59.414151835145944
94 94 60.0
94 147 61.0
95 150 48.0
95 97 49.0
95 158 49.1144642198054
95 35 50.0
95 41 51.0
95 40 52.0
95 80 53.0
95 38 54.0
95 36 55.0
95 31 56.0
95 155 56.414151835145944
95 94 57.0
95 147 58.0
99 146 49.0
99 107 50.0
99 18 51.0
99 8 52.0
99 117 53.0
99 118 54.0
99 119 55.0
99 120 56.0
99 116 57.0
99 115 58.0
99 102 59.0
99 103 60.0
99 135 61.0
99 137 62.0
100 20 28
100 160 36.525980205433456
100 155 40.083038749124604
100 156 41.08995864488499
100 157 43.103798436405754
100 158 44.11071833216614
100 82 45.80334356222494
100 159 47.71475727120787
;
param t_hat_lat:=
20 150 19.0
20 97 20.0
20 158 20.114464219805402
20 35 21.0
20 41 22.0
20 40 23.0
20 80 24.0
20 38 25.0
20 36 26.0
20 78 27.0
20 76 28.0
20 74 29.0
20 72 30.0
20 70 31.0
20 39 32.0
20 30 33.0
20 29 34.0
20 28 35.0
20 27 36.0
20 26 37.0
20 20 38.0
20 19 39.0
20 108 40.0
20 145 41.0
22 146 12.0
22 107 13.0
22 18 14.0
22 8 15.0
22 9 16.0
22 10 17.0
22 21 18.0
22 22 19.0
22 23 20.0
22 24 21.0
22 25 22.0
22 33 23.0
22 69 24.0
22 71 25.0
22 160 25.467391727931535
22 73 26.0
22 75 27.0
22 77 28.0
22 31 29.0
22 32 30.0
22 38 31.0
22 43 32.0
22 44 33.0
22 51 34.0
22 101 35.0
22 151 36.0
23 152 26.0
23 100 27.0
23 52 28.0
23 45 29.0
23 44 30.0
23 46 31.0
23 47 32.0
23 48 33.0
23 49 34.0
23 99 35.0
23 153 36.0
27 148 30.0
27 95 31.0
27 156 31.46800217859189
27 32 32.0
27 38 33.0
27 43 34.0
27 44 35.0
27 46 36.0
27 47 37.0
27 48 38.0
27 49 39.0
27 99 40.0
27 153 41.0
29 144 17.0
29 68 18.0
29 67 19.0
29 66 20.0
29 65 21.0
29 49 22.0
29 50 23.0
29 47 24.0
29 53 25.0
29 40 26.0
29 34 27.0
29 157 27.767689793932433
29 96 28.0
29 149 29.0
30 140 18.0
30 93 19.0
30 92 20.0
30 91 21.0
30 159 21.74148030522267
30 90 22.0
30 89 23.0
30 88 24.0
30 87 25.0
30 41 26.0
30 42 27.0
30 48 28.0
30 49 29.0
30 99 30.0
30 153 31.0
31 138 16.0
31 136 17.0
31 105 18.0
31 104 19.0
31 134 20.0
31 133 21.0
31 132 22.0
31 131 23.0
31 130 24.0
31 129 25.0
31 128 26.0
31 9 27.0
31 19 28.0
31 108 29.0
31 145 30.0
33 138 19.0
33 136 20.0
33 105 21.0
33 104 22.0
33 102 23.0
33 114 24.0
33 113 25.0
33 112 26.0
33 111 27.0
33 110 28.0
33 109 29.0
33 2 30.0
33 11 31.0
33 56 32.0
33 58 33.0
33 60 34.0
33 141 35.0
34 148 17.0
34 95 18.0
34 156 18.46800217859189
34 32 19.0
34 38 20.0
34 36 21.0
34 78 22.0
34 76 23.0
34 74 24.0
34 72 25.0
34 70 26.0
34 39 27.0
34 30 28.0
34 29 29.0
34 28 30.0
34 27 31.0
34 26 32.0
34 20 33.0
34 19 34.0
34 108 35.0
34 145 36.0
35 148 15.0
35 95 16.0
35 156 16.46800217859189
35 32 17.0
35 38 18.0
35 43 19.0
35 44 20.0
35 46 21.0
35 47 22.0
35 48 23.0
35 61 24.0
35 62 25.0
35 63 26.0
35 54 27.0
35 143 28.0
36 144 19.0
36 68 20.0
36 67 21.0
36 66 22.0
36 65 23.0
36 49 24.0
36 50 25.0
36 47 26.0
36 53 27.0
36 40 28.0
36 34 29.0
36 157 29.767689793932433
36 96 30.0
36 149 31.0
37 142 13.0
37 59 14.0
37 57 15.0
37 55 16.0
37 106 17.0
37 1 18.0
37 121 19.0
37 122 20.0
37 123 21.0
37 124 22.0
37 125 23.0
37 126 24.0
37 127 25.0
37 103 26.0
37 135 27.0
37 137 28.0
38 140 16.0
38 93 17.0
38 92 18.0
38 91 19.0
38 159 19.74148030522267
38 90 20.0
38 89 21.0
38 88 22.0
38 87 23.0
38 41 24.0
38 42 25.0
38 48 26.0
38 49 27.0
38 99 28.0
38 153 29.0
39 138 14.0
39 136 15.0
39 105 16.0
39 104 17.0
39 134 18.0
39 133 19.0
39 132 20.0
39 131 21.0
39 130 22.0
39 129 23.0
39 128 24.0
39 9 25.0
39 19 26.0
39 108 27.0
39 145 28.0
40 148 32.0
40 95 33.0
40 156 33.46800217859189
40 32 34.0
40 38 35.0
40 43 36.0
40 44 37.0
40 46 38.0
40 47 39.0
40 48 40.0
40 61 41.0
40 62 42.0
40 63 43.0
40 54 44.0
40 143 45.0
41 154 25.0
41 98 26.0
41 50 27.0
41 64 28.0
41 51 29.0
41 52 30.0
41 45 31.0
41 37 32.0
41 36 33.0
41 31 34.0
41 155 34.414151835145944
41 94 35.0
41 147 36.0
42 152 24.0
42 100 25.0
42 52 26.0
42 45 27.0
42 44 28.0
42 46 29.0
42 47 30.0
42 53 31.0
42 40 32.0
42 34 33.0
42 35 34.0
42 81 35.0
42 82 36.0
42 83 37.0
42 84 38.0
42 85 39.0
42 86 40.0
42 139 41.0
43 148 26.0
43 95 27.0
43 156 27.46800217859189
43 32 28.0
43 38 29.0
43 36 30.0
43 78 31.0
43 76 32.0
43 74 33.0
43 72 34.0
43 70 35.0
43 39 36.0
43 30 37.0
43 29 38.0
43 28 39.0
43 27 40.0
43 26 41.0
43 20 42.0
43 19 43.0
43 108 44.0
43 145 45.0
44 152 37.0
44 100 38.0
44 52 39.0
44 45 40.0
44 44 41.0
44 46 42.0
44 47 43.0
44 48 44.0
44 61 45.0
44 62 46.0
44 63 47.0
44 54 48.0
44 143 49.0
45 140 21.0
45 93 22.0
45 92 23.0
45 91 24.0
45 159 24.74148030522267
45 90 25.0
45 89 26.0
45 88 27.0
45 87 28.0
45 41 29.0
45 42 30.0
45 48 31.0
45 61 32.0
45 62 33.0
45 63 34.0
45 54 35.0
45 143 36.0
46 152 22.0
46 100 23.0
46 52 24.0
46 45 25.0
46 44 26.0
46 46 27.0
46 47 28.0
46 53 29.0
46 40 30.0
46 34 31.0
46 157 31.767689793932433
46 96 32.0
46 149 33.0
47 142 21.0
47 59 22.0
47 57 23.0
47 55 24.0
47 106 25.0
47 1 26.0
47 121 27.0
47 122 28.0
47 123 29.0
47 124 30.0
47 125 31.0
47 126 32.0
47 127 33.0
47 103 34.0
47 135 35.0
47 137 36.0
48 148 34.0
48 95 35.0
48 156 35.46800217859189
48 32 36.0
48 38 37.0
48 36 38.0
48 78 39.0
48 76 40.0
48 74 41.0
48 72 42.0
48 70 43.0
48 39 44.0
48 30 45.0
48 29 46.0
48 28 47.0
48 27 48.0
48 26 49.0
48 20 50.0
48 19 51.0
48 108 52.0
48 145 53.0
49 148 24.0
49 95 25.0
49 156 25.46800217859189
49 32 26.0
49 38 27.0
49 36 28.0
49 78 29.0
49 76 30.0
49 74 31.0
49 72 32.0
49 70 33.0
49 39 34.0
49 30 35.0
49 29 36.0
49 28 37.0
49 27 38.0
49 26 39.0
49 20 40.0
49 19 41.0
49 108 42.0
49 145 43.0
50 146 25.0
50 107 26.0
50 18 27.0
50 8 28.0
50 117 29.0
50 118 30.0
50 119 31.0
50 120 32.0
50 116 33.0
50 115 34.0
50 102 35.0
50 103 36.0
50 135 37.0
50 137 38.0
51 146 27.0
51 107 28.0
51 18 29.0
51 17 30.0
51 16 31.0
51 15 32.0
51 14 33.0
51 13 34.0
51 12 35.0
51 11 36.0
51 56 37.0
51 58 38.0
51 60 39.0
51 141 40.0
52 152 35.0
52 100 36.0
52 52 37.0
52 45 38.0
52 44 39.0
52 46 40.0
52 47 41.0
52 48 42.0
52 49 43.0
52 99 44.0
52 153 45.0
53 142 25.0
53 59 26.0
53 57 27.0
53 55 28.0
53 106 29.0
53 1 30.0
53 121 31.0
53 122 32.0
53 123 33.0
53 124 34.0
53 125 35.0
53 126 36.0
53 127 37.0
53 103 38.0
53 135 39.0
53 137 40.0
54 152 30.0
54 100 31.0
54 52 32.0
54 45 33.0
54 37 34.0
54 36 35.0
54 78 36.0
54 76 37.0
54 74 38.0
54 72 39.0
54 70 40.0
54 39 41.0
54 30 42.0
54 29 43.0
54 28 44.0
54 27 45.0
54 26 46.0
54 20 47.0
54 19 48.0
54 108 49.0
54 145 50.0
55 138 26.0
55 136 27.0
55 105 28.0
55 104 29.0
55 102 30.0
55 114 31.0
55 113 32.0
55 112 33.0
55 111 34.0
55 110 35.0
55 109 36.0
55 2 37.0
55 11 38.0
55 56 39.0
55 58 40.0
55 60 41.0
55 141 42.0
56 148 40.0
56 95 41.0
56 156 41.46800217859189
56 32 42.0
56 38 43.0
56 43 44.0
56 44 45.0
56 46 46.0
56 47 47.0
56 48 48.0
56 61 49.0
56 62 50.0
56 63 51.0
56 54 52.0
56 143 53.0
57 144 27.0
57 68 28.0
57 67 29.0
57 66 30.0
57 65 31.0
57 49 32.0
57 50 33.0
57 47 34.0
57 53 35.0
57 40 36.0
57 34 37.0
57 35 38.0
57 81 39.0
57 82 40.0
57 83 41.0
57 84 42.0
57 85 43.0
57 86 44.0
57 139 45.0
58 140 29.0
58 93 30.0
58 92 31.0
58 91 32.0
58 159 32.74148030522267
58 90 33.0
58 89 34.0
58 88 35.0
58 87 36.0
58 41 37.0
58 40 38.0
58 80 39.0
58 38 40.0
58 36 41.0
58 31 42.0
58 155 42.414151835145944
58 94 43.0
58 147 44.0
59 150 30.0
59 97 31.0
59 158 31.114464219805402
59 35 32.0
59 41 33.0
59 42 34.0
59 48 35.0
59 61 36.0
59 62 37.0
59 63 38.0
59 54 39.0
59 143 40.0
60 146 31.0
60 107 32.0
60 18 33.0
60 8 34.0
60 117 35.0
60 118 36.0
60 119 37.0
60 120 38.0
60 116 39.0
60 115 40.0
60 102 41.0
60 103 42.0
60 135 43.0
60 137 44.0
61 154 50.0
61 98 51.0
61 50 52.0
61 47 53.0
61 53 54.0
61 40 55.0
61 80 56.0
61 38 57.0
61 36 58.0
61 78 59.0
61 76 60.0
61 74 61.0
61 72 62.0
61 70 63.0
61 39 64.0
61 30 65.0
61 29 66.0
61 28 67.0
61 27 68.0
61 26 69.0
61 20 70.0
61 19 71.0
61 108 72.0
61 145 73.0
62 146 33.0
62 107 34.0
62 18 35.0
62 17 36.0
62 16 37.0
62 15 38.0
62 14 39.0
62 13 40.0
62 12 41.0
62 11 42.0
62 56 43.0
62 58 44.0
62 60 45.0
62 141 46.0
63 146 35.0
63 107 36.0
63 18 37.0
63 8 38.0
63 9 39.0
63 10 40.0
63 21 41.0
63 22 42.0
63 23 43.0
63 24 44.0
63 25 45.0
63 33 46.0
63 69 47.0
63 71 48.0
63 160 48.467391727931535
63 73 49.0
63 75 50.0
63 77 51.0
63 31 52.0
63 155 52.414151835145944
63 94 53.0
63 147 54.0
64 150 39.0
64 97 40.0
64 158 40.1144642198054
64 35 41.0
64 41 42.0
64 40 43.0
64 80 44.0
64 38 45.0
64 36 46.0
64 78 47.0
64 76 48.0
64 74 49.0
64 72 50.0
64 70 51.0
64 39 52.0
64 30 53.0
64 29 54.0
64 28 55.0
64 27 56.0
64 26 57.0
64 20 58.0
64 19 59.0
64 108 60.0
64 145 61.0
65 148 44.0
65 95 45.0
65 156 45.46800217859189
65 32 46.0
65 38 47.0
65 43 48.0
65 44 49.0
65 46 50.0
65 47 51.0
65 48 52.0
65 61 53.0
65 62 54.0
65 63 55.0
65 54 56.0
65 143 57.0
66 144 36.0
66 68 37.0
66 67 38.0
66 66 39.0
66 65 40.0
66 49 41.0
66 50 42.0
66 64 43.0
66 51 44.0
66 101 45.0
66 151 46.0
68 142 31.0
68 59 32.0
68 57 33.0
68 55 34.0
68 106 35.0
68 1 36.0
68 121 37.0
68 122 38.0
68 123 39.0
68 124 40.0
68 125 41.0
68 126 42.0
68 127 43.0
68 103 44.0
68 135 45.0
68 137 46.0
69 142 40.0
69 59 41.0
69 57 42.0
69 55 43.0
69 106 44.0
69 1 45.0
69 121 46.0
69 122 47.0
69 123 48.0
69 124 49.0
69 125 50.0
69 126 51.0
69 127 52.0
69 103 53.0
69 135 54.0
69 137 55.0
70 148 48.0
70 95 49.0
70 156 49.46800217859189
70 32 50.0
70 38 51.0
70 36 52.0
70 78 53.0
70 76 54.0
70 74 55.0
70 72 56.0
70 70 57.0
70 39 58.0
70 30 59.0
70 29 60.0
70 28 61.0
70 27 62.0
70 26 63.0
70 20 64.0
70 19 65.0
70 108 66.0
70 145 67.0
71 148 38.0
71 95 39.0
71 156 39.46800217859189
71 32 40.0
71 79 41.0
71 34 42.0
71 35 43.0
71 81 44.0
71 82 45.0
71 83 46.0
71 84 47.0
71 85 48.0
71 86 49.0
71 139 50.0
72 152 39.0
72 100 40.0
72 52 41.0
72 45 42.0
72 44 43.0
72 46 44.0
72 47 45.0
72 53 46.0
72 40 47.0
72 34 48.0
72 157 48.76768979393243
72 96 49.0
72 149 50.0
74 154 46.0
74 98 47.0
74 50 48.0
74 47 49.0
74 53 50.0
74 40 51.0
74 34 52.0
74 35 53.0
74 81 54.0
74 82 55.0
74 83 56.0
74 84 57.0
74 85 58.0
74 86 59.0
74 139 60.0
75 148 46.0
75 95 47.0
75 156 47.46800217859189
75 32 48.0
75 38 49.0
75 43 50.0
75 44 51.0
75 51 52.0
75 101 53.0
75 151 54.0
76 138 34.0
76 136 35.0
76 105 36.0
76 104 37.0
76 134 38.0
76 133 39.0
76 132 40.0
76 131 41.0
76 130 42.0
76 129 43.0
76 128 44.0
76 9 45.0
76 19 46.0
76 108 47.0
76 145 48.0
77 152 49.0
77 100 50.0
77 52 51.0
77 45 52.0
77 44 53.0
77 46 54.0
77 47 55.0
77 53 56.0
77 40 57.0
77 34 58.0
77 35 59.0
77 81 60.0
77 82 61.0
77 83 62.0
77 84 63.0
77 85 64.0
77 86 65.0
77 139 66.0
78 146 40.0
78 107 41.0
78 18 42.0
78 8 43.0
78 117 44.0
78 118 45.0
78 119 46.0
78 120 47.0
78 116 48.0
78 115 49.0
78 102 50.0
78 103 51.0
78 135 52.0
78 137 53.0
79 148 50.0
79 95 51.0
79 156 51.46800217859189
79 32 52.0
79 38 53.0
79 43 54.0
79 44 55.0
79 46 56.0
79 47 57.0
79 48 58.0
79 61 59.0
79 62 60.0
79 63 61.0
79 54 62.0
79 143 63.0
80 152 45.0
80 100 46.0
80 52 47.0
80 45 48.0
80 37 49.0
80 36 50.0
80 78 51.0
80 76 52.0
80 74 53.0
80 72 54.0
80 70 55.0
80 39 56.0
80 30 57.0
80 29 58.0
80 28 59.0
80 27 60.0
80 26 61.0
80 20 62.0
80 19 63.0
80 108 64.0
80 145 65.0
82 152 43.0
82 100 44.0
82 52 45.0
82 45 46.0
82 37 47.0
82 36 48.0
82 78 49.0
82 76 50.0
82 74 51.0
82 72 52.0
82 70 53.0
82 39 54.0
82 30 55.0
82 29 56.0
82 28 57.0
82 27 58.0
82 26 59.0
82 20 60.0
82 19 61.0
82 108 62.0
82 145 63.0
83 138 44.0
83 136 45.0
83 105 46.0
83 104 47.0
83 102 48.0
83 114 49.0
83 113 50.0
83 112 51.0
83 111 52.0
83 110 53.0
83 109 54.0
83 2 55.0
83 11 56.0
83 56 57.0
83 58 58.0
83 60 59.0
83 141 60.0
84 150 45.0
84 97 46.0
84 158 46.1144642198054
84 35 47.0
84 41 48.0
84 42 49.0
84 48 50.0
84 49 51.0
84 99 52.0
84 153 53.0
85 140 50.0
85 93 51.0
85 92 52.0
85 91 53.0
85 159 53.74148030522267
85 90 54.0
85 89 55.0
85 88 56.0
85 87 57.0
85 41 58.0
85 40 59.0
85 80 60.0
85 38 61.0
85 43 62.0
85 44 63.0
85 51 64.0
85 101 65.0
85 151 66.0
89 144 50.0
89 68 51.0
89 67 52.0
89 66 53.0
89 65 54.0
89 49 55.0
89 50 56.0
89 64 57.0
89 51 58.0
89 101 59.0
89 151 60.0
92 144 48.0
92 68 49.0
92 67 50.0
92 66 51.0
92 65 52.0
92 49 53.0
92 50 54.0
92 64 55.0
92 51 56.0
92 101 57.0
92 151 58.0
93 142 42.0
93 59 43.0
93 57 44.0
93 55 45.0
93 106 46.0
93 1 47.0
93 121 48.0
93 122 49.0
93 123 50.0
93 124 51.0
93 125 52.0
93 126 53.0
93 127 54.0
93 103 55.0
93 135 56.0
93 137 57.0
94 146 43.0
94 107 44.0
94 18 45.0
94 8 46.0
94 9 47.0
94 10 48.0
94 21 49.0
94 22 50.0
94 23 51.0
94 24 52.0
94 25 53.0
94 33 54.0
94 69 55.0
94 71 56.0
94 160 56.467391727931535
94 73 57.0
94 75 58.0
94 77 59.0
94 31 60.0
94 155 60.414151835145944
94 94 61.0
94 147 62.0
95 150 49.0
95 97 50.0
95 158 50.1144642198054
95 35 51.0
95 41 52.0
95 40 53.0
95 80 54.0
95 38 55.0
95 36 56.0
95 31 57.0
95 155 57.414151835145944
95 94 58.0
95 147 59.0
99 146 50.0
99 107 51.0
99 18 52.0
99 8 53.0
99 117 54.0
99 118 55.0
99 119 56.0
99 120 57.0
99 116 58.0
99 115 59.0
99 102 60.0
99 103 61.0
99 135 62.0
99 137 63.0
100 20 29
100 160 37.525980205433456
100 155 41.083038749124604
100 156 42.08995864488499
100 157 44.103798436405754
100 158 45.11071833216614
100 82 46.80334356222494
100 159 48.71475727120787
;
set fixedFlights :=
20 20 19
20 26 20
20 27 26
20 28 27
20 29 28
20 30 29
20 41 40
20 35 41
20 40 80
20 80 38
20 38 36
20 36 78
20 78 76
20 76 74
20 74 72
20 72 70
20 70 39
20 39 30
20 150 97
20 108 145
20 19 108
20 97 158
20 158 35
22 9 10
22 8 9
22 10 21
22 21 22
22 22 23
22 23 24
22 24 25
22 32 38
22 38 43
22 43 44
22 31 32
22 44 51
22 25 33
22 33 69
22 69 71
22 73 75
22 75 77
22 77 31
22 101 151
22 51 101
22 146 107
22 107 18
22 18 8
22 71 160
22 160 73
23 45 44
23 44 46
23 46 47
23 47 48
23 52 45
23 48 49
23 152 100
23 99 153
23 100 52
23 49 99
27 34 35
27 35 41
27 41 42
27 42 48
27 48 49
27 32 79
27 79 34
27 148 95
27 99 153
27 49 99
27 95 156
27 156 32
29 49 50
29 50 47
29 47 53
29 53 40
29 40 34
29 66 65
29 67 66
29 68 67
29 144 68
29 65 49
29 96 149
29 34 157
29 157 96
30 41 42
30 42 48
30 48 49
30 99 153
30 49 99
30 93 92
30 92 91
30 90 89
30 89 88
30 88 87
30 87 41
30 140 93
30 91 159
30 159 90
31 108 145
31 9 19
31 19 108
31 105 104
31 104 134
31 134 133
31 133 132
31 132 131
31 131 130
31 130 129
31 129 128
31 128 9
31 138 136
31 136 105
33 56 58
33 58 60
33 60 141
33 11 56
33 2 11
33 109 2
33 110 109
33 104 102
33 102 114
33 105 104
33 114 113
33 113 112
33 112 111
33 111 110
33 138 136
33 136 105
35 32 38
35 38 43
35 43 44
35 44 46
35 46 47
35 47 48
35 54 143
35 48 61
35 61 62
35 62 63
35 63 54
35 148 95
35 95 156
35 156 32
36 49 50
36 50 47
36 47 53
36 53 40
36 40 34
36 66 65
36 67 66
36 68 67
36 144 68
36 65 49
36 96 149
36 34 157
36 157 96
37 57 55
37 59 57
37 142 59
37 55 106
37 106 1
37 1 121
37 121 122
37 122 123
37 123 124
37 124 125
37 125 126
37 126 127
37 127 103
37 103 135
37 135 137
38 41 42
38 42 48
38 48 49
38 99 153
38 49 99
38 93 92
38 92 91
38 90 89
38 89 88
38 88 87
38 87 41
38 140 93
38 91 159
38 159 90
39 108 145
39 9 19
39 19 108
39 105 104
39 104 134
39 134 133
39 133 132
39 132 131
39 131 130
39 130 129
39 129 128
39 128 9
39 138 136
39 136 105
40 34 35
40 35 41
40 41 42
40 42 48
40 54 143
40 48 61
40 61 62
40 62 63
40 63 54
40 32 79
40 79 34
40 148 95
40 95 156
40 156 32
41 36 31
41 37 36
41 45 37
41 51 52
41 52 45
41 64 51
41 50 64
41 94 147
41 154 98
41 98 50
41 31 155
41 155 94
42 34 35
42 45 44
42 44 46
42 46 47
42 52 45
42 47 53
42 53 40
42 40 34
42 152 100
42 100 52
42 35 81
42 81 82
42 82 83
42 83 84
42 84 85
42 85 86
42 86 139
43 20 19
43 26 20
43 27 26
43 28 27
43 29 28
43 30 29
43 32 38
43 38 36
43 36 78
43 78 76
43 76 74
43 74 72
43 72 70
43 70 39
43 39 30
43 148 95
43 108 145
43 19 108
43 95 156
43 156 32
44 45 44
44 44 46
44 46 47
44 47 48
44 52 45
44 54 143
44 48 61
44 61 62
44 62 63
44 63 54
44 152 100
44 100 52
45 41 42
45 42 48
45 54 143
45 48 61
45 61 62
45 62 63
45 63 54
45 93 92
45 92 91
45 90 89
45 89 88
45 88 87
45 87 41
45 140 93
45 91 159
45 159 90
46 45 44
46 44 46
46 46 47
46 52 45
46 47 53
46 53 40
46 40 34
46 152 100
46 96 149
46 100 52
46 34 157
46 157 96
47 57 55
47 59 57
47 142 59
47 55 106
47 106 1
47 1 121
47 121 122
47 122 123
47 123 124
47 124 125
47 125 126
47 126 127
47 127 103
47 103 135
47 135 137
48 20 19
48 26 20
48 27 26
48 28 27
48 29 28
48 30 29
48 32 38
48 38 36
48 36 78
48 78 76
48 76 74
48 74 72
48 72 70
48 70 39
48 39 30
48 148 95
48 108 145
48 19 108
48 95 156
48 156 32
49 20 19
49 26 20
49 27 26
49 28 27
49 29 28
49 30 29
49 32 38
49 38 36
49 36 78
49 78 76
49 76 74
49 74 72
49 72 70
49 70 39
49 39 30
49 148 95
49 108 145
49 19 108
49 95 156
49 156 32
50 146 107
50 107 18
50 18 8
50 115 102
50 102 103
50 116 115
50 8 117
50 117 118
50 118 119
50 119 120
50 120 116
50 103 135
50 135 137
51 12 11
51 13 12
51 14 13
51 15 14
51 16 15
51 17 16
51 18 17
51 56 58
51 58 60
51 60 141
51 146 107
51 11 56
51 107 18
52 45 44
52 44 46
52 46 47
52 47 48
52 52 45
52 48 49
52 152 100
52 99 153
52 100 52
52 49 99
53 57 55
53 59 57
53 142 59
53 55 106
53 106 1
53 1 121
53 121 122
53 122 123
53 123 124
53 124 125
53 125 126
53 126 127
53 127 103
53 103 135
53 135 137
54 20 19
54 26 20
54 27 26
54 28 27
54 29 28
54 30 29
54 37 36
54 45 37
54 52 45
54 36 78
54 78 76
54 76 74
54 74 72
54 72 70
54 70 39
54 39 30
54 152 100
54 100 52
54 108 145
54 19 108
55 56 58
55 58 60
55 60 141
55 11 56
55 2 11
55 109 2
55 110 109
55 104 102
55 102 114
55 105 104
55 114 113
55 113 112
55 112 111
55 111 110
55 138 136
55 136 105
57 34 35
57 49 50
57 50 47
57 47 53
57 53 40
57 40 34
57 66 65
57 67 66
57 68 67
57 144 68
57 65 49
57 35 81
57 81 82
57 82 83
57 83 84
57 84 85
57 85 86
57 86 139
59 35 41
59 41 42
59 42 48
59 54 143
59 48 61
59 61 62
59 62 63
59 63 54
59 150 97
59 97 158
59 158 35
60 146 107
60 107 18
60 18 8
60 115 102
60 102 103
60 116 115
60 8 117
60 117 118
60 118 119
60 119 120
60 120 116
60 103 135
60 135 137
61 20 19
61 26 20
61 27 26
61 28 27
61 29 28
61 30 29
61 37 36
61 45 37
61 51 52
61 52 45
61 64 51
61 50 64
61 36 78
61 78 76
61 76 74
61 74 72
61 72 70
61 70 39
61 39 30
61 154 98
61 98 50
61 108 145
61 19 108
62 12 11
62 13 12
62 14 13
62 15 14
62 16 15
62 17 16
62 18 17
62 56 58
62 58 60
62 60 141
62 146 107
62 11 56
62 107 18
63 9 10
63 8 9
63 10 21
63 21 22
63 22 23
63 23 24
63 24 25
63 25 33
63 33 69
63 69 71
63 73 75
63 75 77
63 77 31
63 94 147
63 146 107
63 107 18
63 18 8
63 31 155
63 155 94
63 71 160
63 160 73
64 20 19
64 26 20
64 27 26
64 28 27
64 29 28
64 30 29
64 41 40
64 35 41
64 40 80
64 80 38
64 38 36
64 36 78
64 78 76
64 76 74
64 74 72
64 72 70
64 70 39
64 39 30
64 150 97
64 108 145
64 19 108
64 97 158
64 158 35
65 34 35
65 35 41
65 41 42
65 42 48
65 54 143
65 48 61
65 61 62
65 62 63
65 63 54
65 32 79
65 79 34
65 148 95
65 95 156
65 156 32
66 49 50
66 66 65
66 67 66
66 68 67
66 144 68
66 64 51
66 65 49
66 50 64
66 101 151
66 51 101
68 57 55
68 59 57
68 142 59
68 55 106
68 106 1
68 1 121
68 121 122
68 122 123
68 123 124
68 124 125
68 125 126
68 126 127
68 127 103
68 103 135
68 135 137
69 57 55
69 59 57
69 142 59
69 55 106
69 106 1
69 1 121
69 121 122
69 122 123
69 123 124
69 124 125
69 125 126
69 126 127
69 127 103
69 103 135
69 135 137
70 20 19
70 26 20
70 27 26
70 28 27
70 29 28
70 30 29
70 32 38
70 38 36
70 36 78
70 78 76
70 76 74
70 74 72
70 72 70
70 70 39
70 39 30
70 148 95
70 108 145
70 19 108
70 95 156
70 156 32
72 36 31
72 37 36
72 45 37
72 31 32
72 52 45
72 32 79
72 79 34
72 152 100
72 96 149
72 100 52
72 34 157
72 157 96
74 34 35
74 50 47
74 47 53
74 53 40
74 40 34
74 154 98
74 98 50
74 35 81
74 81 82
74 82 83
74 83 84
74 84 85
74 85 86
74 86 139
75 32 38
75 38 43
75 43 44
75 44 51
75 148 95
75 101 151
75 51 101
75 95 156
75 156 32
76 108 145
76 9 19
76 19 108
76 105 104
76 104 134
76 134 133
76 133 132
76 132 131
76 131 130
76 130 129
76 129 128
76 128 9
76 138 136
76 136 105
77 34 35
77 36 31
77 37 36
77 45 37
77 31 32
77 52 45
77 32 79
77 79 34
77 152 100
77 100 52
77 35 81
77 81 82
77 82 83
77 83 84
77 84 85
77 85 86
77 86 139
78 146 107
78 107 18
78 18 8
78 115 102
78 102 103
78 116 115
78 8 117
78 117 118
78 118 119
78 119 120
78 120 116
78 103 135
78 135 137
79 34 35
79 35 41
79 41 42
79 42 48
79 54 143
79 48 61
79 61 62
79 62 63
79 63 54
79 32 79
79 79 34
79 148 95
79 95 156
79 156 32
80 20 19
80 26 20
80 27 26
80 28 27
80 29 28
80 30 29
80 37 36
80 45 37
80 52 45
80 36 78
80 78 76
80 76 74
80 74 72
80 72 70
80 70 39
80 39 30
80 152 100
80 100 52
80 108 145
80 19 108
82 20 19
82 26 20
82 27 26
82 28 27
82 29 28
82 30 29
82 37 36
82 45 37
82 52 45
82 36 78
82 78 76
82 76 74
82 74 72
82 72 70
82 70 39
82 39 30
82 152 100
82 100 52
82 108 145
82 19 108
83 56 58
83 58 60
83 60 141
83 11 56
83 2 11
83 109 2
83 110 109
83 104 102
83 102 114
83 105 104
83 114 113
83 113 112
83 112 111
83 111 110
83 138 136
83 136 105
85 41 42
85 42 48
85 49 50
85 48 49
85 64 51
85 50 64
85 101 151
85 51 101
85 93 92
85 92 91
85 90 89
85 89 88
85 88 87
85 87 41
85 140 93
85 91 159
85 159 90
89 49 50
89 66 65
89 67 66
89 68 67
89 144 68
89 64 51
89 65 49
89 50 64
89 101 151
89 51 101
92 49 50
92 66 65
92 67 66
92 68 67
92 144 68
92 64 51
92 65 49
92 50 64
92 101 151
92 51 101
93 57 55
93 59 57
93 142 59
93 55 106
93 106 1
93 1 121
93 121 122
93 122 123
93 123 124
93 124 125
93 125 126
93 126 127
93 127 103
93 103 135
93 135 137
94 9 10
94 8 9
94 10 21
94 21 22
94 22 23
94 23 24
94 24 25
94 25 33
94 33 69
94 69 71
94 73 75
94 75 77
94 77 31
94 94 147
94 146 107
94 107 18
94 18 8
94 31 155
94 155 94
94 71 160
94 160 73
95 36 31
95 41 40
95 35 41
95 40 80
95 80 38
95 38 36
95 94 147
95 150 97
95 31 155
95 155 94
95 97 158
95 158 35
99 146 107
99 107 18
99 18 8
99 115 102
99 102 103
99 116 115
99 8 117
99 117 118
99 118 119
99 119 120
99 120 116
99 103 135
99 135 137
100 20 160
100 160 155
100 155 156
100 156 157
100 157 158
100 158 82
100 82 159
;
;
set inFlight:=
20
22
23
29
30
31
33
34
35
36
37
38
39
41
42
43
45
46
47
49
50
51
53
55
57
;
set passedFreeF:=
34 148 95
34 95 156
34 156 32
34 32 38
34 38 36
34 36 78
34 78 76
34 76 74
34 74 72
34 72 70
34 70 39
34 39 30
34 30 29
34 29 28
34 28 27
34 27 26
34 26 20
34 20 19
34 19 108
34 108 145
56 148 95
56 95 156
56 156 32
56 32 38
56 38 43
56 43 44
56 44 46
56 46 47
56 47 48
56 48 61
56 61 62
56 62 63
56 63 54
56 54 143
58 140 93
58 93 92
58 92 91
58 91 159
58 159 90
58 90 89
58 89 88
58 88 87
58 87 41
58 41 40
58 40 80
58 80 38
58 38 36
58 36 31
58 31 155
58 155 94
58 94 147
71 148 95
71 95 156
71 156 32
71 32 79
71 79 34
71 34 35
71 35 81
71 81 82
71 82 83
71 83 84
71 84 85
71 85 86
71 86 139
84 150 97
84 97 158
84 158 35
84 35 41
84 41 42
84 42 48
84 48 49
84 49 99
84 99 153
;
param tini := 27;
