param nn:= 158;
set F:=
1
2
3
4
5
6
7
8
9
10
11
12
13
14
15
16
17
18
19
20
21
22
23
24
25
26
27
28
29
30
31
32
33
34
35
36
37
38
39
40
41
42
43
44
46
47
48
49
50
51
52
53
54
55
56
57
58
59
60
61
62
63
64
65
66
67
68
69
70
71
72
73
74
75
76
77
78
79
80
81
82
83
84
85
86
87
88
89
90
91
92
95
96
99
100
;
set NC:=
100
;
param: E: d:=
2 3 2.500000
3 4 2.500000
4 5 2.500000
5 6 2.500000
6 7 2.500000
7 0 2.500000
0 8 2.500000
9 10 2.500000
8 9 2.500000
12 11 2.500000
13 12 2.500000
14 13 2.500000
15 14 2.500000
16 15 2.500000
17 16 2.500000
18 17 2.500000
19 18 2.500000
20 19 2.500000
10 21 2.500000
21 22 2.500000
22 23 2.500000
23 24 2.500000
24 25 2.500000
26 20 2.500000
27 26 2.500000
28 27 2.500000
29 28 2.500000
30 29 2.500000
34 35 2.500000
36 31 2.500000
37 36 2.500000
41 40 2.500000
35 41 2.500000
41 42 2.500000
32 38 2.500000
38 43 2.500000
43 44 2.500000
45 37 2.500000
31 32 2.500000
45 44 2.500000
44 46 2.500000
46 47 2.500000
47 48 2.500000
42 48 2.500000
49 50 2.500000
51 52 2.500000
52 45 2.500000
44 51 2.500000
48 49 2.500000
50 47 2.500000
47 53 2.500000
53 40 2.500000
40 34 2.500000
54 143 1.500000
57 55 2.500000
56 58 2.500000
59 57 2.500000
58 60 2.500000
60 141 1.500000
142 59 1.500000
48 61 2.500000
61 62 2.500000
62 63 2.500000
66 65 2.500000
67 66 2.500000
68 67 2.500000
144 68 1.500000
2 1 2.500000
64 51 2.500000
63 54 2.500000
65 49 2.500000
50 64 2.500000
25 33 2.500000
33 69 2.500000
69 71 2.500000
71 73 2.500000
73 75 2.500000
75 77 2.500000
77 31 2.500000
40 80 2.500000
80 38 2.500000
36 78 2.500000
78 76 2.500000
76 74 2.500000
74 72 2.500000
72 70 2.500000
70 39 2.500000
39 30 2.500000
32 79 2.500000
79 34 2.500000
148 95 1.500000
94 147 1.500000
152 100 1.500000
101 151 1.500000
154 98 1.500000
99 153 1.500000
96 149 1.500000
150 97 1.500000
97 35 2.500000
95 32 2.500000
31 94 2.500000
34 96 2.500000
51 101 2.500000
100 52 2.500000
98 50 2.500000
49 99 2.500000
35 81 2.500000
81 82 2.500000
82 83 2.500000
83 84 2.500000
84 85 2.500000
85 86 2.500000
93 92 2.500000
92 91 2.500000
91 90 2.500000
90 89 2.500000
89 88 2.500000
88 87 2.500000
87 41 2.500000
86 139 1.500000
140 93 1.500000
108 145 1.500000
146 107 1.500000
11 56 2.500000
2 11 2.500000
107 18 2.500000
18 8 2.500000
9 19 2.500000
19 108 2.500000
55 106 2.500000
106 1 2.500000
1 121 2.500000
121 122 2.500000
109 2 2.500000
110 109 2.500000
104 102 2.500000
102 114 2.500000
115 102 2.500000
102 103 2.500000
105 104 2.500000
104 134 2.500000
134 133 2.500000
103 105 2.500000
116 115 2.500000
8 117 2.500000
117 118 2.500000
118 119 2.500000
119 120 2.500000
120 116 2.500000
133 132 2.500000
132 131 2.500000
131 130 2.500000
130 129 2.500000
129 128 2.500000
128 9 2.500000
122 123 2.500000
124 125 2.500000
125 126 2.500000
126 127 2.500000
127 103 2.500000
114 113 2.500000
113 112 2.500000
112 111 2.500000
103 135 2.500000
135 137 1.500000
138 136 1.500000
136 105 2.500000
38 155 0.566243
155 36 1.933757
123 156 0.227273
156 124 2.272727
111 157 0.227273
157 110 2.272727
156 157 0.922627
157 118 4.613133
118 69 10.148892
69 155 5.859465
;
param s:=
1 146
2 144
3 138
4 146
5 142
6 152
7 154
8 138
9 138
10 146
11 146
12 148
13 140
14 148
15 138
16 146
17 138
18 142
19 148
20 148
21 152
22 152
23 150
24 152
25 154
26 146
27 142
28 142
29 150
30 152
31 154
32 154
33 138
34 146
35 138
36 150
37 140
38 154
39 140
40 154
41 146
42 144
43 146
44 154
46 154
47 148
48 152
49 138
50 140
51 148
52 148
53 146
54 144
55 138
56 142
57 140
58 138
59 142
60 138
61 152
62 150
63 138
64 142
65 142
66 138
67 150
68 138
69 142
70 150
71 150
72 148
73 154
74 140
75 146
76 154
77 152
78 142
79 140
80 140
81 138
82 142
83 148
84 142
85 152
86 144
87 142
88 140
89 146
90 146
91 140
92 138
95 140
96 138
99 154
100 156
;
param e:=
1 141
2 139
3 141
4 147
5 137
6 149
7 145
8 141
9 141
10 147
11 141
12 145
13 151
14 139
15 145
16 151
17 145
18 137
19 153
20 153
21 143
22 153
23 143
24 149
25 149
26 149
27 137
28 137
29 151
30 147
31 149
32 147
33 141
34 141
35 141
36 147
37 151
38 143
39 153
40 143
41 141
42 151
43 151
44 139
46 139
47 139
48 153
49 141
50 143
51 145
52 139
53 149
54 149
55 141
56 137
57 143
58 145
59 137
60 145
61 149
62 139
63 141
64 137
65 137
66 145
67 153
68 141
69 137
70 153
71 147
72 151
73 145
74 149
75 149
76 145
77 143
78 137
79 151
80 151
81 145
82 137
83 145
84 137
85 147
86 151
87 137
88 147
89 151
90 137
91 143
92 141
95 153
96 145
99 143
100 155
;
param v_min:=2.375
;
param v_max:=2.625
;
param :conflictsNodes: angle:=
0 7 8 1.000000
0 8 7 1.000000
1 2 121 1.154701
1 121 2 1.154701
1 2 106 1.000000
1 106 2 1.000000
1 106 121 1.000000
1 121 106 1.000000
2 3 11 1.000000
2 11 3 1.000000
2 3 109 1.154701
2 109 3 1.154701
2 1 3 1.000000
2 3 1 1.000000
2 1 11 1.000000
2 11 1 1.000000
2 1 109 1.000000
2 109 1 1.000000
2 11 109 1.000000
2 109 11 1.000000
3 2 4 1.000000
3 4 2 1.000000
4 3 5 1.000000
4 5 3 1.000000
5 4 6 1.000000
5 6 4 1.000000
6 5 7 1.000000
6 7 5 1.000000
7 0 6 1.000000
7 6 0 1.000000
8 0 9 1.000000
8 9 0 1.000000
8 0 117 1.154701
8 117 0 1.154701
8 0 18 1.000000
8 18 0 1.000000
8 9 117 1.000000
8 117 9 1.000000
8 9 18 1.000000
8 18 9 1.000000
8 18 117 1.000000
8 117 18 1.000000
9 8 10 1.000000
9 10 8 1.000000
9 8 19 1.000000
9 19 8 1.000000
9 8 128 1.154701
9 128 8 1.154701
9 10 19 1.000000
9 19 10 1.000000
9 10 128 1.000000
9 128 10 1.000000
9 19 128 1.000000
9 128 19 1.000000
10 9 21 1.000000
10 21 9 1.000000
11 2 12 1.000000
11 12 2 1.000000
11 2 56 1.000000
11 56 2 1.000000
11 12 56 1.000000
11 56 12 1.000000
12 11 13 1.000000
12 13 11 1.000000
13 12 14 1.000000
13 14 12 1.000000
14 13 15 1.000000
14 15 13 1.000000
15 14 16 1.000000
15 16 14 1.000000
16 15 17 1.000000
16 17 15 1.000000
17 16 18 1.000000
17 18 16 1.000000
18 17 19 1.000000
18 19 17 1.000000
18 17 107 1.000000
18 107 17 1.000000
18 8 17 1.000000
18 17 8 1.000000
18 8 19 1.000000
18 19 8 1.000000
18 8 107 1.000000
18 107 8 1.000000
18 19 107 1.000000
18 107 19 1.000000
19 9 18 1.000000
19 18 9 1.000000
19 9 108 1.000000
19 108 9 1.000000
19 9 20 1.000000
19 20 9 1.000000
19 18 108 1.000000
19 108 18 1.000000
19 18 20 1.000000
19 20 18 1.000000
19 20 108 1.000000
19 108 20 1.000000
20 19 26 1.000000
20 26 19 1.000000
21 10 22 1.000000
21 22 10 1.000000
22 21 23 1.000000
22 23 21 1.000000
23 22 24 1.000000
23 24 22 1.000000
24 23 25 1.000000
24 25 23 1.000000
25 24 33 1.000000
25 33 24 1.000000
26 20 27 1.000000
26 27 20 1.000000
27 26 28 1.000000
27 28 26 1.000000
28 27 29 1.000000
28 29 27 1.000000
29 28 30 1.000000
29 30 28 1.000000
30 29 39 1.000000
30 39 29 1.000000
31 36 94 1.000000
31 94 36 1.000000
31 36 77 1.000000
31 77 36 1.000000
31 32 36 1.000000
31 36 32 1.000000
31 32 94 1.000000
31 94 32 1.000000
31 32 77 1.000000
31 77 32 1.000000
31 77 94 1.000000
31 94 77 1.000000
32 31 38 1.000000
32 38 31 1.000000
32 31 79 1.000000
32 79 31 1.000000
32 31 95 1.000000
32 95 31 1.000000
32 38 79 1.000000
32 79 38 1.000000
32 38 95 1.000000
32 95 38 1.000000
32 79 95 1.000000
32 95 79 1.000000
33 25 69 1.000000
33 69 25 1.000000
34 35 96 1.000000
34 96 35 1.000000
34 35 40 1.000000
34 40 35 1.000000
34 35 79 1.000000
34 79 35 1.000000
34 40 96 1.000000
34 96 40 1.000000
34 40 79 1.000000
34 79 40 1.000000
34 79 96 1.000000
34 96 79 1.000000
35 34 41 1.000000
35 41 34 1.000000
35 34 81 1.000000
35 81 34 1.000000
35 34 97 1.000000
35 97 34 1.000000
35 41 81 1.000000
35 81 41 1.000000
35 41 97 1.000000
35 97 41 1.000000
35 81 97 1.189773
35 97 81 1.189773
36 31 78 1.000000
36 78 31 1.000000
36 31 37 1.000000
36 37 31 1.000000
36 37 78 1.000000
36 78 37 1.000000
37 36 45 1.000000
37 45 36 1.000000
38 32 43 1.000000
38 43 32 1.000000
38 32 80 1.000000
38 80 32 1.000000
38 43 80 1.000000
38 80 43 1.000000
39 30 70 1.000000
39 70 30 1.000000
40 41 80 1.000000
40 80 41 1.000000
40 41 53 1.000000
40 53 41 1.000000
40 34 41 1.000000
40 41 34 1.000000
40 34 80 1.000000
40 80 34 1.000000
40 34 53 1.000000
40 53 34 1.000000
40 53 80 1.000000
40 80 53 1.000000
41 35 40 1.000000
41 40 35 1.000000
41 35 42 1.000000
41 42 35 1.000000
41 35 87 1.189773
41 87 35 1.189773
41 40 42 1.000000
41 42 40 1.000000
41 40 87 1.000000
41 87 40 1.000000
41 42 87 1.000000
41 87 42 1.000000
42 41 48 1.000000
42 48 41 1.000000
43 38 44 1.000000
43 44 38 1.000000
44 43 46 1.000000
44 46 43 1.000000
44 43 51 1.000000
44 51 43 1.000000
44 43 45 1.000000
44 45 43 1.000000
44 46 51 1.000000
44 51 46 1.000000
44 45 46 1.000000
44 46 45 1.000000
44 45 51 1.000000
44 51 45 1.000000
45 37 44 1.000000
45 44 37 1.000000
45 37 52 1.000000
45 52 37 1.000000
45 44 52 1.000000
45 52 44 1.000000
46 44 47 1.000000
46 47 44 1.000000
47 46 48 1.000000
47 48 46 1.000000
47 46 53 1.000000
47 53 46 1.000000
47 46 50 1.000000
47 50 46 1.000000
47 48 53 1.000000
47 53 48 1.000000
47 48 50 1.000000
47 50 48 1.000000
47 50 53 1.000000
47 53 50 1.000000
48 42 47 1.000000
48 47 42 1.000000
48 42 49 1.000000
48 49 42 1.000000
48 42 61 1.000000
48 61 42 1.000000
48 47 49 1.000000
48 49 47 1.000000
48 47 61 1.000000
48 61 47 1.000000
48 49 61 1.000000
48 61 49 1.000000
49 48 50 1.000000
49 50 48 1.000000
49 48 99 1.000000
49 99 48 1.000000
49 48 65 1.000000
49 65 48 1.000000
49 50 99 1.000000
49 99 50 1.000000
49 50 65 1.000000
49 65 50 1.000000
49 65 99 1.000000
49 99 65 1.000000
50 49 64 1.000000
50 64 49 1.000000
50 49 98 1.000000
50 98 49 1.000000
50 47 49 1.000000
50 49 47 1.000000
50 47 64 1.000000
50 64 47 1.000000
50 47 98 1.000000
50 98 47 1.000000
50 64 98 1.000000
50 98 64 1.000000
51 44 52 1.000000
51 52 44 1.000000
51 44 101 1.000000
51 101 44 1.000000
51 44 64 1.000000
51 64 44 1.000000
51 52 101 1.000000
51 101 52 1.000000
51 52 64 1.000000
51 64 52 1.000000
51 64 101 1.000000
51 101 64 1.000000
52 51 100 1.000000
52 100 51 1.000000
52 45 51 1.000000
52 51 45 1.000000
52 45 100 1.000000
52 100 45 1.000000
53 40 47 1.000000
53 47 40 1.000000
55 57 106 1.000000
55 106 57 1.000000
56 11 58 1.000000
56 58 11 1.000000
57 55 59 1.000000
57 59 55 1.000000
58 56 60 1.000000
58 60 56 1.000000
61 48 62 1.000000
61 62 48 1.000000
62 61 63 1.000000
62 63 61 1.000000
63 54 62 1.000000
63 62 54 1.000000
64 50 51 1.000000
64 51 50 1.000000
65 49 66 1.000000
65 66 49 1.000000
66 65 67 1.000000
66 67 65 1.000000
67 66 68 1.000000
67 68 66 1.000000
69 33 71 1.000000
69 71 33 1.000000
70 39 72 1.000000
70 72 39 1.000000
71 69 73 1.000000
71 73 69 1.000000
72 70 74 1.000000
72 74 70 1.000000
73 71 75 1.000000
73 75 71 1.000000
74 72 76 1.000000
74 76 72 1.000000
75 73 77 1.000000
75 77 73 1.000000
76 74 78 1.000000
76 78 74 1.000000
77 31 75 1.000000
77 75 31 1.000000
78 36 76 1.000000
78 76 36 1.000000
79 32 34 1.000000
79 34 32 1.000000
80 38 40 1.000000
80 40 38 1.000000
81 35 82 1.000000
81 82 35 1.000000
82 81 83 1.000000
82 83 81 1.000000
83 82 84 1.000000
83 84 82 1.000000
84 83 85 1.000000
84 85 83 1.000000
85 84 86 1.000000
85 86 84 1.000000
87 41 88 1.000000
87 88 41 1.000000
88 87 89 1.000000
88 89 87 1.000000
89 88 90 1.000000
89 90 88 1.000000
90 89 91 1.000000
90 91 89 1.000000
91 90 92 1.000000
91 92 90 1.000000
92 91 93 1.000000
92 93 91 1.000000
102 104 114 1.000000
102 114 104 1.000000
102 104 115 1.000000
102 115 104 1.000000
102 114 115 1.154701
102 115 114 1.154701
102 103 104 1.154701
102 104 103 1.154701
102 103 114 1.000000
102 114 103 1.000000
102 103 115 1.000000
102 115 103 1.000000
103 102 105 1.000000
103 105 102 1.000000
103 102 135 1.000000
103 135 102 1.000000
103 102 127 1.154701
103 127 102 1.154701
103 105 135 1.154701
103 135 105 1.154701
103 105 127 1.000000
103 127 105 1.000000
103 127 135 1.000000
103 135 127 1.000000
104 102 134 1.154701
104 134 102 1.154701
104 102 105 1.000000
104 105 102 1.000000
104 105 134 1.000000
104 134 105 1.000000
105 103 104 1.154701
105 104 103 1.154701
105 103 136 1.000000
105 136 103 1.000000
105 104 136 1.000000
105 136 104 1.000000
106 1 55 1.000000
106 55 1 1.000000
109 2 110 1.000000
109 110 2 1.000000
112 111 113 1.000000
112 113 111 1.000000
113 112 114 1.000000
113 114 112 1.000000
114 102 113 1.000000
114 113 102 1.000000
115 102 116 1.000000
115 116 102 1.000000
116 115 120 1.000000
116 120 115 1.000000
117 8 118 1.000000
117 118 8 1.000000
118 117 119 1.000000
118 119 117 1.000000
119 118 120 1.000000
119 120 118 1.000000
120 116 119 1.000000
120 119 116 1.000000
121 1 122 1.000000
121 122 1 1.000000
122 121 123 1.000000
122 123 121 1.000000
125 124 126 1.000000
125 126 124 1.000000
126 125 127 1.000000
126 127 125 1.000000
127 103 126 1.000000
127 126 103 1.000000
128 9 129 1.000000
128 129 9 1.000000
129 128 130 1.000000
129 130 128 1.000000
130 129 131 1.000000
130 131 129 1.000000
131 130 132 1.000000
131 132 130 1.000000
132 131 133 1.000000
132 133 131 1.000000
133 132 134 1.000000
133 134 132 1.000000
134 104 133 1.000000
134 133 104 1.000000
155 38 36 1.000000
155 36 38 1.000000
36 155 31 1.000000
36 31 155 1.000000
38 155 32 1.000000
38 32 155 1.000000
36 155 37 1.000000
36 37 155 1.000000
38 155 43 1.000000
38 43 155 1.000000
36 155 78 1.000000
36 78 155 1.000000
38 155 80 1.000000
38 80 155 1.000000
156 123 124 1.000000
156 124 123 1.000000
123 156 122 1.000000
123 122 156 1.000000
124 156 125 1.000000
124 125 156 1.000000
157 111 110 1.000000
157 110 111 1.000000
110 157 109 1.000000
110 109 157 1.000000
111 157 112 1.000000
111 112 157 1.000000
157 156 118 1.000000
157 118 156 1.000000
118 157 69 1.000000
118 69 157 1.000000
69 118 155 1.000000
69 155 118 1.000000
156 123 157 1.000000
156 157 123 1.000000
156 124 157 1.065357
156 157 124 1.065357
157 111 156 1.000000
157 156 111 1.000000
157 111 118 1.065357
157 118 111 1.065357
157 110 156 1.065357
157 156 110 1.065357
157 110 118 1.000000
157 118 110 1.000000
118 117 157 1.000000
118 157 117 1.000000
118 117 69 1.302103
118 69 117 1.302103
118 119 157 1.302103
118 157 119 1.302103
118 119 69 1.000000
118 69 119 1.000000
69 33 118 5.859465
69 118 33 5.859465
69 33 155 1.000000
69 155 33 1.000000
69 71 118 1.000000
69 118 71 1.000000
69 71 155 5.859465
69 155 71 5.859465
155 38 69 1.000000
155 69 38 1.000000
155 36 69 5.859465
155 69 36 5.859465
;
param D:=0.5;
param t_hat_ear:=
1 146 0.0
1 107 1.0
1 18 2.0
1 17 3.0
1 16 4.0
1 15 5.0
1 14 6.0
1 13 7.0
1 12 8.0
1 11 9.0
1 56 10.0
1 58 11.0
1 60 12.0
1 141 13.0
2 144 0.0
2 68 1.0
2 67 2.0
2 66 3.0
2 65 4.0
2 49 5.0
2 50 6.0
2 47 7.0
2 53 8.0
2 40 9.0
2 34 10.0
2 35 11.0
2 81 12.0
2 82 13.0
2 83 14.0
2 84 15.0
2 85 16.0
2 86 17.0
2 139 18.0
3 138 8.0
3 136 9.0
3 105 10.0
3 104 11.0
3 102 12.0
3 114 13.0
3 113 14.0
3 112 15.0
3 111 16.0
3 157 16.090909090908987
3 110 17.0
3 109 18.0
3 2 19.0
3 11 20.0
3 56 21.0
3 58 22.0
3 60 23.0
3 141 24.0
4 146 2.0
4 107 3.0
4 18 4.0
4 8 5.0
4 9 6.0
4 10 7.0
4 21 8.0
4 22 9.0
4 23 10.0
4 24 11.0
4 25 12.0
4 33 13.0
4 69 14.0
4 71 15.0
4 73 16.0
4 75 17.0
4 77 18.0
4 31 19.0
4 94 20.0
4 147 21.0
5 142 8.0
5 59 9.0
5 57 10.0
5 55 11.0
5 106 12.0
5 1 13.0
5 121 14.0
5 122 15.0
5 123 16.0
5 156 16.090909090909193
5 124 17.0
5 125 18.0
5 126 19.0
5 127 20.0
5 103 21.0
5 135 22.0
5 137 23.0
6 152 8.0
6 100 9.0
6 52 10.0
6 45 11.0
6 44 12.0
6 46 13.0
6 47 14.0
6 53 15.0
6 40 16.0
6 34 17.0
6 96 18.0
6 149 19.0
7 154 0.0
7 98 1.0
7 50 2.0
7 47 3.0
7 53 4.0
7 40 5.0
7 80 6.0
7 38 7.0
7 155 7.226497308103816
7 36 8.0
7 78 9.0
7 76 10.0
7 74 11.0
7 72 12.0
7 70 13.0
7 39 14.0
7 30 15.0
7 29 16.0
7 28 17.0
7 27 18.0
7 26 19.0
7 20 20.0
7 19 21.0
7 108 22.0
7 145 23.0
8 138 0.0
8 136 1.0
8 105 2.0
8 104 3.0
8 102 4.0
8 114 5.0
8 113 6.0
8 112 7.0
8 111 8.0
8 157 8.090909090908989
8 110 9.0
8 109 10.0
8 2 11.0
8 11 12.0
8 56 13.0
8 58 14.0
8 60 15.0
8 141 16.0
9 138 2.0
9 136 3.0
9 105 4.0
9 104 5.0
9 102 6.0
9 114 7.0
9 113 8.0
9 112 9.0
9 111 10.0
9 157 10.090909090908989
9 110 11.0
9 109 12.0
9 2 13.0
9 11 14.0
9 56 15.0
9 58 16.0
9 60 17.0
9 141 18.0
10 146 4.0
10 107 5.0
10 18 6.0
10 8 7.0
10 9 8.0
10 10 9.0
10 21 10.0
10 22 11.0
10 23 12.0
10 24 13.0
10 25 14.0
10 33 15.0
10 69 16.0
10 71 17.0
10 73 18.0
10 75 19.0
10 77 20.0
10 31 21.0
10 94 22.0
10 147 23.0
11 146 8.0
11 107 9.0
11 18 10.0
11 17 11.0
11 16 12.0
11 15 13.0
11 14 14.0
11 13 15.0
11 12 16.0
11 11 17.0
11 56 18.0
11 58 19.0
11 60 20.0
11 141 21.0
12 148 6.0
12 95 7.0
12 32 8.0
12 38 9.0
12 155 9.226497308103816
12 36 10.0
12 78 11.0
12 76 12.0
12 74 13.0
12 72 14.0
12 70 15.0
12 39 16.0
12 30 17.0
12 29 18.0
12 28 19.0
12 27 20.0
12 26 21.0
12 20 22.0
12 19 23.0
12 108 24.0
12 145 25.0
13 140 2.0
13 93 3.0
13 92 4.0
13 91 5.0
13 90 6.0
13 89 7.0
13 88 8.0
13 87 9.0
13 41 10.0
13 40 11.0
13 80 12.0
13 38 13.0
13 43 14.0
13 44 15.0
13 51 16.0
13 101 17.0
13 151 18.0
14 148 8.0
14 95 9.0
14 32 10.0
14 79 11.0
14 34 12.0
14 35 13.0
14 81 14.0
14 82 15.0
14 83 16.0
14 84 17.0
14 85 18.0
14 86 19.0
14 139 20.0
15 138 4.0
15 136 5.0
15 105 6.0
15 104 7.0
15 134 8.0
15 133 9.0
15 132 10.0
15 131 11.0
15 130 12.0
15 129 13.0
15 128 14.0
15 9 15.0
15 19 16.0
15 108 17.0
15 145 18.0
16 146 6.0
16 107 7.0
16 18 8.0
16 8 9.0
16 9 10.0
16 10 11.0
16 21 12.0
16 22 13.0
16 23 14.0
16 24 15.0
16 25 16.0
16 33 17.0
16 69 18.0
16 71 19.0
16 73 20.0
16 75 21.0
16 77 22.0
16 31 23.0
16 32 24.0
16 38 25.0
16 43 26.0
16 44 27.0
16 51 28.0
16 101 29.0
16 151 30.0
17 138 6.0
17 136 7.0
17 105 8.0
17 104 9.0
17 134 10.0
17 133 11.0
17 132 12.0
17 131 13.0
17 130 14.0
17 129 15.0
17 128 16.0
17 9 17.0
17 19 18.0
17 108 19.0
17 145 20.0
18 142 0.0
18 59 1.0
18 57 2.0
18 55 3.0
18 106 4.0
18 1 5.0
18 121 6.0
18 122 7.0
18 123 8.0
18 156 8.090909090909193
18 124 9.0
18 125 10.0
18 126 11.0
18 127 12.0
18 103 13.0
18 135 14.0
18 137 15.0
19 148 2.0
19 95 3.0
19 32 4.0
19 38 5.0
19 43 6.0
19 44 7.0
19 46 8.0
19 47 9.0
19 48 10.0
19 49 11.0
19 99 12.0
19 153 13.0
20 148 18.0
20 95 19.0
20 32 20.0
20 38 21.0
20 43 22.0
20 44 23.0
20 46 24.0
20 47 25.0
20 48 26.0
20 49 27.0
20 99 28.0
20 153 29.0
21 152 25.0
21 100 26.0
21 52 27.0
21 45 28.0
21 44 29.0
21 46 30.0
21 47 31.0
21 48 32.0
21 61 33.0
21 62 34.0
21 63 35.0
21 54 36.0
21 143 37.0
22 152 13.0
22 100 14.0
22 52 15.0
22 45 16.0
22 44 17.0
22 46 18.0
22 47 19.0
22 48 20.0
22 49 21.0
22 99 22.0
22 153 23.0
23 150 13.0
23 97 14.0
23 35 15.0
23 41 16.0
23 42 17.0
23 48 18.0
23 61 19.0
23 62 20.0
23 63 21.0
23 54 22.0
23 143 23.0
24 152 17.0
24 100 18.0
24 52 19.0
24 45 20.0
24 44 21.0
24 46 22.0
24 47 23.0
24 53 24.0
24 40 25.0
24 34 26.0
24 96 27.0
24 149 28.0
25 154 18.0
25 98 19.0
25 50 20.0
25 47 21.0
25 53 22.0
25 40 23.0
25 34 24.0
25 96 25.0
25 149 26.0
26 146 18.0
26 107 19.0
26 18 20.0
26 8 21.0
26 9 22.0
26 10 23.0
26 21 24.0
26 22 25.0
26 23 26.0
26 24 27.0
26 25 28.0
26 33 29.0
26 69 30.0
26 71 31.0
26 73 32.0
26 75 33.0
26 77 34.0
26 31 35.0
26 32 36.0
26 79 37.0
26 34 38.0
26 96 39.0
26 149 40.0
27 142 12.0
27 59 13.0
27 57 14.0
27 55 15.0
27 106 16.0
27 1 17.0
27 121 18.0
27 122 19.0
27 123 20.0
27 156 20.090909090909193
27 124 21.0
27 125 22.0
27 126 23.0
27 127 24.0
27 103 25.0
27 135 26.0
27 137 27.0
28 142 10.0
28 59 11.0
28 57 12.0
28 55 13.0
28 106 14.0
28 1 15.0
28 121 16.0
28 122 17.0
28 123 18.0
28 156 18.090909090909193
28 124 19.0
28 125 20.0
28 126 21.0
28 127 22.0
28 103 23.0
28 135 24.0
28 137 25.0
29 150 17.0
29 97 18.0
29 35 19.0
29 41 20.0
29 40 21.0
29 80 22.0
29 38 23.0
29 43 24.0
29 44 25.0
29 51 26.0
29 101 27.0
29 151 28.0
30 152 10.0
30 100 11.0
30 52 12.0
30 45 13.0
30 37 14.0
30 36 15.0
30 31 16.0
30 94 17.0
30 147 18.0
31 154 14.0
31 98 15.0
31 50 16.0
31 47 17.0
31 53 18.0
31 40 19.0
31 34 20.0
31 96 21.0
31 149 22.0
32 154 16.0
32 98 17.0
32 50 18.0
32 64 19.0
32 51 20.0
32 52 21.0
32 45 22.0
32 37 23.0
32 36 24.0
32 31 25.0
32 94 26.0
32 147 27.0
33 138 14.0
33 136 15.0
33 105 16.0
33 104 17.0
33 102 18.0
33 114 19.0
33 113 20.0
33 112 21.0
33 111 22.0
33 157 22.090909090908987
33 110 23.0
33 109 24.0
33 2 25.0
33 11 26.0
33 56 27.0
33 58 28.0
33 60 29.0
33 141 30.0
34 146 15.0
34 107 16.0
34 18 17.0
34 17 18.0
34 16 19.0
34 15 20.0
34 14 21.0
34 13 22.0
34 12 23.0
34 11 24.0
34 56 25.0
34 58 26.0
34 60 27.0
34 141 28.0
35 138 10.0
35 136 11.0
35 105 12.0
35 104 13.0
35 102 14.0
35 114 15.0
35 113 16.0
35 112 17.0
35 111 18.0
35 157 18.090909090908987
35 110 19.0
35 109 20.0
35 2 21.0
35 11 22.0
35 56 23.0
35 58 24.0
35 60 25.0
35 141 26.0
36 150 25.0
36 97 26.0
36 35 27.0
36 41 28.0
36 40 29.0
36 80 30.0
36 38 31.0
36 155 31.226497308103816
36 36 32.0
36 31 33.0
36 94 34.0
36 147 35.0
37 140 18.0
37 93 19.0
37 92 20.0
37 91 21.0
37 90 22.0
37 89 23.0
37 88 24.0
37 87 25.0
37 41 26.0
37 40 27.0
37 80 28.0
37 38 29.0
37 43 30.0
37 44 31.0
37 51 32.0
37 101 33.0
37 151 34.0
38 154 26.0
38 98 27.0
38 50 28.0
38 47 29.0
38 48 30.0
38 61 31.0
38 62 32.0
38 63 33.0
38 54 34.0
38 143 35.0
39 140 14.0
39 93 15.0
39 92 16.0
39 91 17.0
39 90 18.0
39 89 19.0
39 88 20.0
39 87 21.0
39 41 22.0
39 42 23.0
39 48 24.0
39 49 25.0
39 99 26.0
39 153 27.0
40 154 24.0
40 98 25.0
40 50 26.0
40 47 27.0
40 48 28.0
40 61 29.0
40 62 30.0
40 63 31.0
40 54 32.0
40 143 33.0
41 146 22.0
41 107 23.0
41 18 24.0
41 17 25.0
41 16 26.0
41 15 27.0
41 14 28.0
41 13 29.0
41 12 30.0
41 11 31.0
41 56 32.0
41 58 33.0
41 60 34.0
41 141 35.0
42 144 29.0
42 68 30.0
42 67 31.0
42 66 32.0
42 65 33.0
42 49 34.0
42 50 35.0
42 64 36.0
42 51 37.0
42 101 38.0
42 151 39.0
43 146 20.0
43 107 21.0
43 18 22.0
43 8 23.0
43 9 24.0
43 10 25.0
43 21 26.0
43 22 27.0
43 23 28.0
43 24 29.0
43 25 30.0
43 33 31.0
43 69 32.0
43 71 33.0
43 73 34.0
43 75 35.0
43 77 36.0
43 31 37.0
43 32 38.0
43 38 39.0
43 43 40.0
43 44 41.0
43 51 42.0
43 101 43.0
43 151 44.0
44 154 36.0
44 98 37.0
44 50 38.0
44 47 39.0
44 53 40.0
44 40 41.0
44 34 42.0
44 35 43.0
44 81 44.0
44 82 45.0
44 83 46.0
44 84 47.0
44 85 48.0
44 86 49.0
44 139 50.0
46 154 48.0
46 98 49.0
46 50 50.0
46 47 51.0
46 53 52.0
46 40 53.0
46 34 54.0
46 35 55.0
46 81 56.0
46 82 57.0
46 83 58.0
46 84 59.0
46 85 60.0
46 86 61.0
46 139 62.0
47 148 27.0
47 95 28.0
47 32 29.0
47 79 30.0
47 34 31.0
47 35 32.0
47 81 33.0
47 82 34.0
47 83 35.0
47 84 36.0
47 85 37.0
47 86 38.0
47 139 39.0
48 152 29.0
48 100 30.0
48 52 31.0
48 45 32.0
48 44 33.0
48 46 34.0
48 47 35.0
48 48 36.0
48 49 37.0
48 99 38.0
48 153 39.0
49 138 23.0
49 136 24.0
49 105 25.0
49 104 26.0
49 102 27.0
49 114 28.0
49 113 29.0
49 112 30.0
49 111 31.0
49 157 31.090909090908987
49 110 32.0
49 109 33.0
49 2 34.0
49 11 35.0
49 56 36.0
49 58 37.0
49 60 38.0
49 141 39.0
50 140 28.0
50 93 29.0
50 92 30.0
50 91 31.0
50 90 32.0
50 89 33.0
50 88 34.0
50 87 35.0
50 41 36.0
50 42 37.0
50 48 38.0
50 61 39.0
50 62 40.0
50 63 41.0
50 54 42.0
50 143 43.0
51 148 24.0
51 95 25.0
51 32 26.0
51 38 27.0
51 155 27.226497308103816
51 36 28.0
51 78 29.0
51 76 30.0
51 74 31.0
51 72 32.0
51 70 33.0
51 39 34.0
51 30 35.0
51 29 36.0
51 28 37.0
51 27 38.0
51 26 39.0
51 20 40.0
51 19 41.0
51 108 42.0
51 145 43.0
52 148 29.0
52 95 30.0
52 32 31.0
52 79 32.0
52 34 33.0
52 35 34.0
52 81 35.0
52 82 36.0
52 83 37.0
52 84 38.0
52 85 39.0
52 86 40.0
52 139 41.0
53 146 24.0
53 107 25.0
53 18 26.0
53 8 27.0
53 9 28.0
53 10 29.0
53 21 30.0
53 22 31.0
53 23 32.0
53 24 33.0
53 25 34.0
53 33 35.0
53 69 36.0
53 71 37.0
53 73 38.0
53 75 39.0
53 77 40.0
53 31 41.0
53 32 42.0
53 79 43.0
53 34 44.0
53 96 45.0
53 149 46.0
54 144 26.0
54 68 27.0
54 67 28.0
54 66 29.0
54 65 30.0
54 49 31.0
54 50 32.0
54 47 33.0
54 53 34.0
54 40 35.0
54 34 36.0
54 96 37.0
54 149 38.0
55 138 25.0
55 136 26.0
55 105 27.0
55 104 28.0
55 102 29.0
55 114 30.0
55 113 31.0
55 112 32.0
55 111 33.0
55 157 33.09090909090899
55 110 34.0
55 109 35.0
55 2 36.0
55 11 37.0
55 56 38.0
55 58 39.0
55 60 40.0
55 141 41.0
56 142 20.0
56 59 21.0
56 57 22.0
56 55 23.0
56 106 24.0
56 1 25.0
56 121 26.0
56 122 27.0
56 123 28.0
56 156 28.090909090909193
56 124 29.0
56 125 30.0
56 126 31.0
56 127 32.0
56 103 33.0
56 135 34.0
56 137 35.0
57 140 24.0
57 93 25.0
57 92 26.0
57 91 27.0
57 90 28.0
57 89 29.0
57 88 30.0
57 87 31.0
57 41 32.0
57 42 33.0
57 48 34.0
57 61 35.0
57 62 36.0
57 63 37.0
57 54 38.0
57 143 39.0
58 138 20.0
58 136 21.0
58 105 22.0
58 104 23.0
58 134 24.0
58 133 25.0
58 132 26.0
58 131 27.0
58 130 28.0
58 129 29.0
58 128 30.0
58 9 31.0
58 19 32.0
58 108 33.0
58 145 34.0
59 142 29.0
59 59 30.0
59 57 31.0
59 55 32.0
59 106 33.0
59 1 34.0
59 121 35.0
59 122 36.0
59 123 37.0
59 156 37.09090909090919
59 124 38.0
59 125 39.0
59 126 40.0
59 127 41.0
59 103 42.0
59 135 43.0
59 137 44.0
60 138 31.0
60 136 32.0
60 105 33.0
60 104 34.0
60 134 35.0
60 133 36.0
60 132 37.0
60 131 38.0
60 130 39.0
60 129 40.0
60 128 41.0
60 9 42.0
60 19 43.0
60 108 44.0
60 145 45.0
61 152 31.0
61 100 32.0
61 52 33.0
61 45 34.0
61 44 35.0
61 46 36.0
61 47 37.0
61 53 38.0
61 40 39.0
61 34 40.0
61 96 41.0
61 149 42.0
62 150 34.0
62 97 35.0
62 35 36.0
62 81 37.0
62 82 38.0
62 83 39.0
62 84 40.0
62 85 41.0
62 86 42.0
62 139 43.0
63 138 38.0
63 136 39.0
63 105 40.0
63 104 41.0
63 102 42.0
63 114 43.0
63 113 44.0
63 112 45.0
63 111 46.0
63 157 46.09090909090899
63 110 47.0
63 109 48.0
63 2 49.0
63 11 50.0
63 56 51.0
63 58 52.0
63 60 53.0
63 141 54.0
64 142 31.0
64 59 32.0
64 57 33.0
64 55 34.0
64 106 35.0
64 1 36.0
64 121 37.0
64 122 38.0
64 123 39.0
64 156 39.09090909090919
64 124 40.0
64 125 41.0
64 126 42.0
64 127 43.0
64 103 44.0
64 135 45.0
64 137 46.0
65 142 33.0
65 59 34.0
65 57 35.0
65 55 36.0
65 106 37.0
65 1 38.0
65 121 39.0
65 122 40.0
65 123 41.0
65 156 41.09090909090919
65 124 42.0
65 125 43.0
65 126 44.0
65 127 45.0
65 103 46.0
65 135 47.0
65 137 48.0
66 138 33.0
66 136 34.0
66 105 35.0
66 104 36.0
66 134 37.0
66 133 38.0
66 132 39.0
66 131 40.0
66 130 41.0
66 129 42.0
66 128 43.0
66 9 44.0
66 19 45.0
66 108 46.0
66 145 47.0
67 150 36.0
67 97 37.0
67 35 38.0
67 41 39.0
67 42 40.0
67 48 41.0
67 49 42.0
67 99 43.0
67 153 44.0
68 138 35.0
68 136 36.0
68 105 37.0
68 104 38.0
68 102 39.0
68 114 40.0
68 113 41.0
68 112 42.0
68 111 43.0
68 157 43.09090909090899
68 110 44.0
68 109 45.0
68 2 46.0
68 11 47.0
68 56 48.0
68 58 49.0
68 60 50.0
68 141 51.0
69 142 36.0
69 59 37.0
69 57 38.0
69 55 39.0
69 106 40.0
69 1 41.0
69 121 42.0
69 122 43.0
69 123 44.0
69 156 44.09090909090919
69 124 45.0
69 125 46.0
69 126 47.0
69 127 48.0
69 103 49.0
69 135 50.0
69 137 51.0
70 150 38.0
70 97 39.0
70 35 40.0
70 41 41.0
70 42 42.0
70 48 43.0
70 49 44.0
70 99 45.0
70 153 46.0
71 150 45.0
71 97 46.0
71 35 47.0
71 41 48.0
71 40 49.0
71 80 50.0
71 38 51.0
71 155 51.226497308103816
71 36 52.0
71 31 53.0
71 94 54.0
71 147 55.0
72 148 38.0
72 95 39.0
72 32 40.0
72 38 41.0
72 43 42.0
72 44 43.0
72 51 44.0
72 101 45.0
72 151 46.0
73 154 46.0
73 98 47.0
73 50 48.0
73 47 49.0
73 53 50.0
73 40 51.0
73 80 52.0
73 38 53.0
73 155 53.226497308103816
73 36 54.0
73 78 55.0
73 76 56.0
73 74 57.0
73 72 58.0
73 70 59.0
73 39 60.0
73 30 61.0
73 29 62.0
73 28 63.0
73 27 64.0
73 26 65.0
73 20 66.0
73 19 67.0
73 108 68.0
73 145 69.0
74 140 36.0
74 93 37.0
74 92 38.0
74 91 39.0
74 90 40.0
74 89 41.0
74 88 42.0
74 87 43.0
74 41 44.0
74 40 45.0
74 34 46.0
74 96 47.0
74 149 48.0
75 146 32.0
75 107 33.0
75 18 34.0
75 8 35.0
75 9 36.0
75 10 37.0
75 21 38.0
75 22 39.0
75 23 40.0
75 24 41.0
75 25 42.0
75 33 43.0
75 69 44.0
75 71 45.0
75 73 46.0
75 75 47.0
75 77 48.0
75 31 49.0
75 32 50.0
75 79 51.0
75 34 52.0
75 96 53.0
75 149 54.0
76 154 38.0
76 98 39.0
76 50 40.0
76 47 41.0
76 53 42.0
76 40 43.0
76 80 44.0
76 38 45.0
76 155 45.226497308103816
76 36 46.0
76 78 47.0
76 76 48.0
76 74 49.0
76 72 50.0
76 70 51.0
76 39 52.0
76 30 53.0
76 29 54.0
76 28 55.0
76 27 56.0
76 26 57.0
76 20 58.0
76 19 59.0
76 108 60.0
76 145 61.0
77 152 41.0
77 100 42.0
77 52 43.0
77 45 44.0
77 44 45.0
77 46 46.0
77 47 47.0
77 48 48.0
77 61 49.0
77 62 50.0
77 63 51.0
77 54 52.0
77 143 53.0
78 142 38.0
78 59 39.0
78 57 40.0
78 55 41.0
78 106 42.0
78 1 43.0
78 121 44.0
78 122 45.0
78 123 46.0
78 156 46.09090909090919
78 124 47.0
78 125 48.0
78 126 49.0
78 127 50.0
78 103 51.0
78 135 52.0
78 137 53.0
79 140 38.0
79 93 39.0
79 92 40.0
79 91 41.0
79 90 42.0
79 89 43.0
79 88 44.0
79 87 45.0
79 41 46.0
79 40 47.0
79 80 48.0
79 38 49.0
79 43 50.0
79 44 51.0
79 51 52.0
79 101 53.0
79 151 54.0
80 140 48.0
80 93 49.0
80 92 50.0
80 91 51.0
80 90 52.0
80 89 53.0
80 88 54.0
80 87 55.0
80 41 56.0
80 40 57.0
80 80 58.0
80 38 59.0
80 43 60.0
80 44 61.0
80 51 62.0
80 101 63.0
80 151 64.0
81 138 42.0
81 136 43.0
81 105 44.0
81 104 45.0
81 134 46.0
81 133 47.0
81 132 48.0
81 131 49.0
81 130 50.0
81 129 51.0
81 128 52.0
81 9 53.0
81 19 54.0
81 108 55.0
81 145 56.0
82 142 42.0
82 59 43.0
82 57 44.0
82 55 45.0
82 106 46.0
82 1 47.0
82 121 48.0
82 122 49.0
82 123 50.0
82 156 50.09090909090919
82 124 51.0
82 125 52.0
82 126 53.0
82 127 54.0
82 103 55.0
82 135 56.0
82 137 57.0
83 148 44.0
83 95 45.0
83 32 46.0
83 38 47.0
83 155 47.226497308103816
83 36 48.0
83 78 49.0
83 76 50.0
83 74 51.0
83 72 52.0
83 70 53.0
83 39 54.0
83 30 55.0
83 29 56.0
83 28 57.0
83 27 58.0
83 26 59.0
83 20 60.0
83 19 61.0
83 108 62.0
83 145 63.0
84 142 44.0
84 59 45.0
84 57 46.0
84 55 47.0
84 106 48.0
84 1 49.0
84 121 50.0
84 122 51.0
84 123 52.0
84 156 52.09090909090919
84 124 53.0
84 125 54.0
84 126 55.0
84 127 56.0
84 103 57.0
84 135 58.0
84 137 59.0
85 152 45.0
85 100 46.0
85 52 47.0
85 45 48.0
85 37 49.0
85 36 50.0
85 31 51.0
85 94 52.0
85 147 53.0
86 144 48.0
86 68 49.0
86 67 50.0
86 66 51.0
86 65 52.0
86 49 53.0
86 50 54.0
86 64 55.0
86 51 56.0
86 101 57.0
86 151 58.0
87 142 46.0
87 59 47.0
87 57 48.0
87 55 49.0
87 106 50.0
87 1 51.0
87 121 52.0
87 122 53.0
87 123 54.0
87 156 54.09090909090919
87 124 55.0
87 125 56.0
87 126 57.0
87 127 58.0
87 103 59.0
87 135 60.0
87 137 61.0
88 140 46.0
88 93 47.0
88 92 48.0
88 91 49.0
88 90 50.0
88 89 51.0
88 88 52.0
88 87 53.0
88 41 54.0
88 40 55.0
88 80 56.0
88 38 57.0
88 155 57.226497308103816
88 36 58.0
88 31 59.0
88 94 60.0
88 147 61.0
89 146 44.0
89 107 45.0
89 18 46.0
89 8 47.0
89 9 48.0
89 10 49.0
89 21 50.0
89 22 51.0
89 23 52.0
89 24 53.0
89 25 54.0
89 33 55.0
89 69 56.0
89 71 57.0
89 73 58.0
89 75 59.0
89 77 60.0
89 31 61.0
89 32 62.0
89 38 63.0
89 43 64.0
89 44 65.0
89 51 66.0
89 101 67.0
89 151 68.0
90 146 42.0
90 107 43.0
90 18 44.0
90 8 45.0
90 117 46.0
90 118 47.0
90 119 48.0
90 120 49.0
90 116 50.0
90 115 51.0
90 102 52.0
90 103 53.0
90 135 54.0
90 137 55.0
91 140 42.0
91 93 43.0
91 92 44.0
91 91 45.0
91 90 46.0
91 89 47.0
91 88 48.0
91 87 49.0
91 41 50.0
91 42 51.0
91 48 52.0
91 61 53.0
91 62 54.0
91 63 55.0
91 54 56.0
91 143 57.0
92 138 40.0
92 136 41.0
92 105 42.0
92 104 43.0
92 102 44.0
92 114 45.0
92 113 46.0
92 112 47.0
92 111 48.0
92 157 48.09090909090899
92 110 49.0
92 109 50.0
92 2 51.0
92 11 52.0
92 56 53.0
92 58 54.0
92 60 55.0
92 141 56.0
95 140 44.0
95 93 45.0
95 92 46.0
95 91 47.0
95 90 48.0
95 89 49.0
95 88 50.0
95 87 51.0
95 41 52.0
95 42 53.0
95 48 54.0
95 49 55.0
95 99 56.0
95 153 57.0
96 138 44.0
96 136 45.0
96 105 46.0
96 104 47.0
96 134 48.0
96 133 49.0
96 132 50.0
96 131 51.0
96 130 52.0
96 129 53.0
96 128 54.0
96 9 55.0
96 19 56.0
96 108 57.0
96 145 58.0
99 154 41.0
99 98 42.0
99 50 43.0
99 47 44.0
99 48 45.0
99 61 46.0
99 62 47.0
99 63 48.0
99 54 49.0
99 143 50.0
100 156 12
100 157 12.922626505917494
100 118 17.535759035504853
100 69 27.684650600597074
100 155 33.54411587767932
;
param t_hat_lat:=
1 146 1.0
1 107 2.0
1 18 3.0
1 17 4.0
1 16 5.0
1 15 6.0
1 14 7.0
1 13 8.0
1 12 9.0
1 11 10.0
1 56 11.0
1 58 12.0
1 60 13.0
1 141 14.0
2 144 1.0
2 68 2.0
2 67 3.0
2 66 4.0
2 65 5.0
2 49 6.0
2 50 7.0
2 47 8.0
2 53 9.0
2 40 10.0
2 34 11.0
2 35 12.0
2 81 13.0
2 82 14.0
2 83 15.0
2 84 16.0
2 85 17.0
2 86 18.0
2 139 19.0
3 138 9.0
3 136 10.0
3 105 11.0
3 104 12.0
3 102 13.0
3 114 14.0
3 113 15.0
3 112 16.0
3 111 17.0
3 157 17.090909090908987
3 110 18.0
3 109 19.0
3 2 20.0
3 11 21.0
3 56 22.0
3 58 23.0
3 60 24.0
3 141 25.0
4 146 3.0
4 107 4.0
4 18 5.0
4 8 6.0
4 9 7.0
4 10 8.0
4 21 9.0
4 22 10.0
4 23 11.0
4 24 12.0
4 25 13.0
4 33 14.0
4 69 15.0
4 71 16.0
4 73 17.0
4 75 18.0
4 77 19.0
4 31 20.0
4 94 21.0
4 147 22.0
5 142 9.0
5 59 10.0
5 57 11.0
5 55 12.0
5 106 13.0
5 1 14.0
5 121 15.0
5 122 16.0
5 123 17.0
5 156 17.090909090909193
5 124 18.0
5 125 19.0
5 126 20.0
5 127 21.0
5 103 22.0
5 135 23.0
5 137 24.0
6 152 9.0
6 100 10.0
6 52 11.0
6 45 12.0
6 44 13.0
6 46 14.0
6 47 15.0
6 53 16.0
6 40 17.0
6 34 18.0
6 96 19.0
6 149 20.0
7 154 1.0
7 98 2.0
7 50 3.0
7 47 4.0
7 53 5.0
7 40 6.0
7 80 7.0
7 38 8.0
7 155 8.226497308103816
7 36 9.0
7 78 10.0
7 76 11.0
7 74 12.0
7 72 13.0
7 70 14.0
7 39 15.0
7 30 16.0
7 29 17.0
7 28 18.0
7 27 19.0
7 26 20.0
7 20 21.0
7 19 22.0
7 108 23.0
7 145 24.0
8 138 1.0
8 136 2.0
8 105 3.0
8 104 4.0
8 102 5.0
8 114 6.0
8 113 7.0
8 112 8.0
8 111 9.0
8 157 9.090909090908989
8 110 10.0
8 109 11.0
8 2 12.0
8 11 13.0
8 56 14.0
8 58 15.0
8 60 16.0
8 141 17.0
9 138 3.0
9 136 4.0
9 105 5.0
9 104 6.0
9 102 7.0
9 114 8.0
9 113 9.0
9 112 10.0
9 111 11.0
9 157 11.090909090908989
9 110 12.0
9 109 13.0
9 2 14.0
9 11 15.0
9 56 16.0
9 58 17.0
9 60 18.0
9 141 19.0
10 146 5.0
10 107 6.0
10 18 7.0
10 8 8.0
10 9 9.0
10 10 10.0
10 21 11.0
10 22 12.0
10 23 13.0
10 24 14.0
10 25 15.0
10 33 16.0
10 69 17.0
10 71 18.0
10 73 19.0
10 75 20.0
10 77 21.0
10 31 22.0
10 94 23.0
10 147 24.0
11 146 9.0
11 107 10.0
11 18 11.0
11 17 12.0
11 16 13.0
11 15 14.0
11 14 15.0
11 13 16.0
11 12 17.0
11 11 18.0
11 56 19.0
11 58 20.0
11 60 21.0
11 141 22.0
12 148 7.0
12 95 8.0
12 32 9.0
12 38 10.0
12 155 10.226497308103816
12 36 11.0
12 78 12.0
12 76 13.0
12 74 14.0
12 72 15.0
12 70 16.0
12 39 17.0
12 30 18.0
12 29 19.0
12 28 20.0
12 27 21.0
12 26 22.0
12 20 23.0
12 19 24.0
12 108 25.0
12 145 26.0
13 140 3.0
13 93 4.0
13 92 5.0
13 91 6.0
13 90 7.0
13 89 8.0
13 88 9.0
13 87 10.0
13 41 11.0
13 40 12.0
13 80 13.0
13 38 14.0
13 43 15.0
13 44 16.0
13 51 17.0
13 101 18.0
13 151 19.0
14 148 9.0
14 95 10.0
14 32 11.0
14 79 12.0
14 34 13.0
14 35 14.0
14 81 15.0
14 82 16.0
14 83 17.0
14 84 18.0
14 85 19.0
14 86 20.0
14 139 21.0
15 138 5.0
15 136 6.0
15 105 7.0
15 104 8.0
15 134 9.0
15 133 10.0
15 132 11.0
15 131 12.0
15 130 13.0
15 129 14.0
15 128 15.0
15 9 16.0
15 19 17.0
15 108 18.0
15 145 19.0
16 146 7.0
16 107 8.0
16 18 9.0
16 8 10.0
16 9 11.0
16 10 12.0
16 21 13.0
16 22 14.0
16 23 15.0
16 24 16.0
16 25 17.0
16 33 18.0
16 69 19.0
16 71 20.0
16 73 21.0
16 75 22.0
16 77 23.0
16 31 24.0
16 32 25.0
16 38 26.0
16 43 27.0
16 44 28.0
16 51 29.0
16 101 30.0
16 151 31.0
17 138 7.0
17 136 8.0
17 105 9.0
17 104 10.0
17 134 11.0
17 133 12.0
17 132 13.0
17 131 14.0
17 130 15.0
17 129 16.0
17 128 17.0
17 9 18.0
17 19 19.0
17 108 20.0
17 145 21.0
18 142 1.0
18 59 2.0
18 57 3.0
18 55 4.0
18 106 5.0
18 1 6.0
18 121 7.0
18 122 8.0
18 123 9.0
18 156 9.090909090909193
18 124 10.0
18 125 11.0
18 126 12.0
18 127 13.0
18 103 14.0
18 135 15.0
18 137 16.0
19 148 3.0
19 95 4.0
19 32 5.0
19 38 6.0
19 43 7.0
19 44 8.0
19 46 9.0
19 47 10.0
19 48 11.0
19 49 12.0
19 99 13.0
19 153 14.0
20 148 19.0
20 95 20.0
20 32 21.0
20 38 22.0
20 43 23.0
20 44 24.0
20 46 25.0
20 47 26.0
20 48 27.0
20 49 28.0
20 99 29.0
20 153 30.0
21 152 26.0
21 100 27.0
21 52 28.0
21 45 29.0
21 44 30.0
21 46 31.0
21 47 32.0
21 48 33.0
21 61 34.0
21 62 35.0
21 63 36.0
21 54 37.0
21 143 38.0
22 152 14.0
22 100 15.0
22 52 16.0
22 45 17.0
22 44 18.0
22 46 19.0
22 47 20.0
22 48 21.0
22 49 22.0
22 99 23.0
22 153 24.0
23 150 14.0
23 97 15.0
23 35 16.0
23 41 17.0
23 42 18.0
23 48 19.0
23 61 20.0
23 62 21.0
23 63 22.0
23 54 23.0
23 143 24.0
24 152 18.0
24 100 19.0
24 52 20.0
24 45 21.0
24 44 22.0
24 46 23.0
24 47 24.0
24 53 25.0
24 40 26.0
24 34 27.0
24 96 28.0
24 149 29.0
25 154 19.0
25 98 20.0
25 50 21.0
25 47 22.0
25 53 23.0
25 40 24.0
25 34 25.0
25 96 26.0
25 149 27.0
26 146 19.0
26 107 20.0
26 18 21.0
26 8 22.0
26 9 23.0
26 10 24.0
26 21 25.0
26 22 26.0
26 23 27.0
26 24 28.0
26 25 29.0
26 33 30.0
26 69 31.0
26 71 32.0
26 73 33.0
26 75 34.0
26 77 35.0
26 31 36.0
26 32 37.0
26 79 38.0
26 34 39.0
26 96 40.0
26 149 41.0
27 142 13.0
27 59 14.0
27 57 15.0
27 55 16.0
27 106 17.0
27 1 18.0
27 121 19.0
27 122 20.0
27 123 21.0
27 156 21.090909090909193
27 124 22.0
27 125 23.0
27 126 24.0
27 127 25.0
27 103 26.0
27 135 27.0
27 137 28.0
28 142 11.0
28 59 12.0
28 57 13.0
28 55 14.0
28 106 15.0
28 1 16.0
28 121 17.0
28 122 18.0
28 123 19.0
28 156 19.090909090909193
28 124 20.0
28 125 21.0
28 126 22.0
28 127 23.0
28 103 24.0
28 135 25.0
28 137 26.0
29 150 18.0
29 97 19.0
29 35 20.0
29 41 21.0
29 40 22.0
29 80 23.0
29 38 24.0
29 43 25.0
29 44 26.0
29 51 27.0
29 101 28.0
29 151 29.0
30 152 11.0
30 100 12.0
30 52 13.0
30 45 14.0
30 37 15.0
30 36 16.0
30 31 17.0
30 94 18.0
30 147 19.0
31 154 15.0
31 98 16.0
31 50 17.0
31 47 18.0
31 53 19.0
31 40 20.0
31 34 21.0
31 96 22.0
31 149 23.0
32 154 17.0
32 98 18.0
32 50 19.0
32 64 20.0
32 51 21.0
32 52 22.0
32 45 23.0
32 37 24.0
32 36 25.0
32 31 26.0
32 94 27.0
32 147 28.0
33 138 15.0
33 136 16.0
33 105 17.0
33 104 18.0
33 102 19.0
33 114 20.0
33 113 21.0
33 112 22.0
33 111 23.0
33 157 23.090909090908987
33 110 24.0
33 109 25.0
33 2 26.0
33 11 27.0
33 56 28.0
33 58 29.0
33 60 30.0
33 141 31.0
34 146 16.0
34 107 17.0
34 18 18.0
34 17 19.0
34 16 20.0
34 15 21.0
34 14 22.0
34 13 23.0
34 12 24.0
34 11 25.0
34 56 26.0
34 58 27.0
34 60 28.0
34 141 29.0
35 138 11.0
35 136 12.0
35 105 13.0
35 104 14.0
35 102 15.0
35 114 16.0
35 113 17.0
35 112 18.0
35 111 19.0
35 157 19.090909090908987
35 110 20.0
35 109 21.0
35 2 22.0
35 11 23.0
35 56 24.0
35 58 25.0
35 60 26.0
35 141 27.0
36 150 26.0
36 97 27.0
36 35 28.0
36 41 29.0
36 40 30.0
36 80 31.0
36 38 32.0
36 155 32.226497308103816
36 36 33.0
36 31 34.0
36 94 35.0
36 147 36.0
37 140 19.0
37 93 20.0
37 92 21.0
37 91 22.0
37 90 23.0
37 89 24.0
37 88 25.0
37 87 26.0
37 41 27.0
37 40 28.0
37 80 29.0
37 38 30.0
37 43 31.0
37 44 32.0
37 51 33.0
37 101 34.0
37 151 35.0
38 154 27.0
38 98 28.0
38 50 29.0
38 47 30.0
38 48 31.0
38 61 32.0
38 62 33.0
38 63 34.0
38 54 35.0
38 143 36.0
39 140 15.0
39 93 16.0
39 92 17.0
39 91 18.0
39 90 19.0
39 89 20.0
39 88 21.0
39 87 22.0
39 41 23.0
39 42 24.0
39 48 25.0
39 49 26.0
39 99 27.0
39 153 28.0
40 154 25.0
40 98 26.0
40 50 27.0
40 47 28.0
40 48 29.0
40 61 30.0
40 62 31.0
40 63 32.0
40 54 33.0
40 143 34.0
41 146 23.0
41 107 24.0
41 18 25.0
41 17 26.0
41 16 27.0
41 15 28.0
41 14 29.0
41 13 30.0
41 12 31.0
41 11 32.0
41 56 33.0
41 58 34.0
41 60 35.0
41 141 36.0
42 144 30.0
42 68 31.0
42 67 32.0
42 66 33.0
42 65 34.0
42 49 35.0
42 50 36.0
42 64 37.0
42 51 38.0
42 101 39.0
42 151 40.0
43 146 21.0
43 107 22.0
43 18 23.0
43 8 24.0
43 9 25.0
43 10 26.0
43 21 27.0
43 22 28.0
43 23 29.0
43 24 30.0
43 25 31.0
43 33 32.0
43 69 33.0
43 71 34.0
43 73 35.0
43 75 36.0
43 77 37.0
43 31 38.0
43 32 39.0
43 38 40.0
43 43 41.0
43 44 42.0
43 51 43.0
43 101 44.0
43 151 45.0
44 154 37.0
44 98 38.0
44 50 39.0
44 47 40.0
44 53 41.0
44 40 42.0
44 34 43.0
44 35 44.0
44 81 45.0
44 82 46.0
44 83 47.0
44 84 48.0
44 85 49.0
44 86 50.0
44 139 51.0
46 154 49.0
46 98 50.0
46 50 51.0
46 47 52.0
46 53 53.0
46 40 54.0
46 34 55.0
46 35 56.0
46 81 57.0
46 82 58.0
46 83 59.0
46 84 60.0
46 85 61.0
46 86 62.0
46 139 63.0
47 148 28.0
47 95 29.0
47 32 30.0
47 79 31.0
47 34 32.0
47 35 33.0
47 81 34.0
47 82 35.0
47 83 36.0
47 84 37.0
47 85 38.0
47 86 39.0
47 139 40.0
48 152 30.0
48 100 31.0
48 52 32.0
48 45 33.0
48 44 34.0
48 46 35.0
48 47 36.0
48 48 37.0
48 49 38.0
48 99 39.0
48 153 40.0
49 138 24.0
49 136 25.0
49 105 26.0
49 104 27.0
49 102 28.0
49 114 29.0
49 113 30.0
49 112 31.0
49 111 32.0
49 157 32.09090909090899
49 110 33.0
49 109 34.0
49 2 35.0
49 11 36.0
49 56 37.0
49 58 38.0
49 60 39.0
49 141 40.0
50 140 29.0
50 93 30.0
50 92 31.0
50 91 32.0
50 90 33.0
50 89 34.0
50 88 35.0
50 87 36.0
50 41 37.0
50 42 38.0
50 48 39.0
50 61 40.0
50 62 41.0
50 63 42.0
50 54 43.0
50 143 44.0
51 148 25.0
51 95 26.0
51 32 27.0
51 38 28.0
51 155 28.226497308103816
51 36 29.0
51 78 30.0
51 76 31.0
51 74 32.0
51 72 33.0
51 70 34.0
51 39 35.0
51 30 36.0
51 29 37.0
51 28 38.0
51 27 39.0
51 26 40.0
51 20 41.0
51 19 42.0
51 108 43.0
51 145 44.0
52 148 30.0
52 95 31.0
52 32 32.0
52 79 33.0
52 34 34.0
52 35 35.0
52 81 36.0
52 82 37.0
52 83 38.0
52 84 39.0
52 85 40.0
52 86 41.0
52 139 42.0
53 146 25.0
53 107 26.0
53 18 27.0
53 8 28.0
53 9 29.0
53 10 30.0
53 21 31.0
53 22 32.0
53 23 33.0
53 24 34.0
53 25 35.0
53 33 36.0
53 69 37.0
53 71 38.0
53 73 39.0
53 75 40.0
53 77 41.0
53 31 42.0
53 32 43.0
53 79 44.0
53 34 45.0
53 96 46.0
53 149 47.0
54 144 27.0
54 68 28.0
54 67 29.0
54 66 30.0
54 65 31.0
54 49 32.0
54 50 33.0
54 47 34.0
54 53 35.0
54 40 36.0
54 34 37.0
54 96 38.0
54 149 39.0
55 138 26.0
55 136 27.0
55 105 28.0
55 104 29.0
55 102 30.0
55 114 31.0
55 113 32.0
55 112 33.0
55 111 34.0
55 157 34.09090909090899
55 110 35.0
55 109 36.0
55 2 37.0
55 11 38.0
55 56 39.0
55 58 40.0
55 60 41.0
55 141 42.0
56 142 21.0
56 59 22.0
56 57 23.0
56 55 24.0
56 106 25.0
56 1 26.0
56 121 27.0
56 122 28.0
56 123 29.0
56 156 29.090909090909193
56 124 30.0
56 125 31.0
56 126 32.0
56 127 33.0
56 103 34.0
56 135 35.0
56 137 36.0
57 140 25.0
57 93 26.0
57 92 27.0
57 91 28.0
57 90 29.0
57 89 30.0
57 88 31.0
57 87 32.0
57 41 33.0
57 42 34.0
57 48 35.0
57 61 36.0
57 62 37.0
57 63 38.0
57 54 39.0
57 143 40.0
58 138 21.0
58 136 22.0
58 105 23.0
58 104 24.0
58 134 25.0
58 133 26.0
58 132 27.0
58 131 28.0
58 130 29.0
58 129 30.0
58 128 31.0
58 9 32.0
58 19 33.0
58 108 34.0
58 145 35.0
59 142 30.0
59 59 31.0
59 57 32.0
59 55 33.0
59 106 34.0
59 1 35.0
59 121 36.0
59 122 37.0
59 123 38.0
59 156 38.09090909090919
59 124 39.0
59 125 40.0
59 126 41.0
59 127 42.0
59 103 43.0
59 135 44.0
59 137 45.0
60 138 32.0
60 136 33.0
60 105 34.0
60 104 35.0
60 134 36.0
60 133 37.0
60 132 38.0
60 131 39.0
60 130 40.0
60 129 41.0
60 128 42.0
60 9 43.0
60 19 44.0
60 108 45.0
60 145 46.0
61 152 32.0
61 100 33.0
61 52 34.0
61 45 35.0
61 44 36.0
61 46 37.0
61 47 38.0
61 53 39.0
61 40 40.0
61 34 41.0
61 96 42.0
61 149 43.0
62 150 35.0
62 97 36.0
62 35 37.0
62 81 38.0
62 82 39.0
62 83 40.0
62 84 41.0
62 85 42.0
62 86 43.0
62 139 44.0
63 138 39.0
63 136 40.0
63 105 41.0
63 104 42.0
63 102 43.0
63 114 44.0
63 113 45.0
63 112 46.0
63 111 47.0
63 157 47.09090909090899
63 110 48.0
63 109 49.0
63 2 50.0
63 11 51.0
63 56 52.0
63 58 53.0
63 60 54.0
63 141 55.0
64 142 32.0
64 59 33.0
64 57 34.0
64 55 35.0
64 106 36.0
64 1 37.0
64 121 38.0
64 122 39.0
64 123 40.0
64 156 40.09090909090919
64 124 41.0
64 125 42.0
64 126 43.0
64 127 44.0
64 103 45.0
64 135 46.0
64 137 47.0
65 142 34.0
65 59 35.0
65 57 36.0
65 55 37.0
65 106 38.0
65 1 39.0
65 121 40.0
65 122 41.0
65 123 42.0
65 156 42.09090909090919
65 124 43.0
65 125 44.0
65 126 45.0
65 127 46.0
65 103 47.0
65 135 48.0
65 137 49.0
66 138 34.0
66 136 35.0
66 105 36.0
66 104 37.0
66 134 38.0
66 133 39.0
66 132 40.0
66 131 41.0
66 130 42.0
66 129 43.0
66 128 44.0
66 9 45.0
66 19 46.0
66 108 47.0
66 145 48.0
67 150 37.0
67 97 38.0
67 35 39.0
67 41 40.0
67 42 41.0
67 48 42.0
67 49 43.0
67 99 44.0
67 153 45.0
68 138 36.0
68 136 37.0
68 105 38.0
68 104 39.0
68 102 40.0
68 114 41.0
68 113 42.0
68 112 43.0
68 111 44.0
68 157 44.09090909090899
68 110 45.0
68 109 46.0
68 2 47.0
68 11 48.0
68 56 49.0
68 58 50.0
68 60 51.0
68 141 52.0
69 142 37.0
69 59 38.0
69 57 39.0
69 55 40.0
69 106 41.0
69 1 42.0
69 121 43.0
69 122 44.0
69 123 45.0
69 156 45.09090909090919
69 124 46.0
69 125 47.0
69 126 48.0
69 127 49.0
69 103 50.0
69 135 51.0
69 137 52.0
70 150 39.0
70 97 40.0
70 35 41.0
70 41 42.0
70 42 43.0
70 48 44.0
70 49 45.0
70 99 46.0
70 153 47.0
71 150 46.0
71 97 47.0
71 35 48.0
71 41 49.0
71 40 50.0
71 80 51.0
71 38 52.0
71 155 52.226497308103816
71 36 53.0
71 31 54.0
71 94 55.0
71 147 56.0
72 148 39.0
72 95 40.0
72 32 41.0
72 38 42.0
72 43 43.0
72 44 44.0
72 51 45.0
72 101 46.0
72 151 47.0
73 154 47.0
73 98 48.0
73 50 49.0
73 47 50.0
73 53 51.0
73 40 52.0
73 80 53.0
73 38 54.0
73 155 54.226497308103816
73 36 55.0
73 78 56.0
73 76 57.0
73 74 58.0
73 72 59.0
73 70 60.0
73 39 61.0
73 30 62.0
73 29 63.0
73 28 64.0
73 27 65.0
73 26 66.0
73 20 67.0
73 19 68.0
73 108 69.0
73 145 70.0
74 140 37.0
74 93 38.0
74 92 39.0
74 91 40.0
74 90 41.0
74 89 42.0
74 88 43.0
74 87 44.0
74 41 45.0
74 40 46.0
74 34 47.0
74 96 48.0
74 149 49.0
75 146 33.0
75 107 34.0
75 18 35.0
75 8 36.0
75 9 37.0
75 10 38.0
75 21 39.0
75 22 40.0
75 23 41.0
75 24 42.0
75 25 43.0
75 33 44.0
75 69 45.0
75 71 46.0
75 73 47.0
75 75 48.0
75 77 49.0
75 31 50.0
75 32 51.0
75 79 52.0
75 34 53.0
75 96 54.0
75 149 55.0
76 154 39.0
76 98 40.0
76 50 41.0
76 47 42.0
76 53 43.0
76 40 44.0
76 80 45.0
76 38 46.0
76 155 46.226497308103816
76 36 47.0
76 78 48.0
76 76 49.0
76 74 50.0
76 72 51.0
76 70 52.0
76 39 53.0
76 30 54.0
76 29 55.0
76 28 56.0
76 27 57.0
76 26 58.0
76 20 59.0
76 19 60.0
76 108 61.0
76 145 62.0
77 152 42.0
77 100 43.0
77 52 44.0
77 45 45.0
77 44 46.0
77 46 47.0
77 47 48.0
77 48 49.0
77 61 50.0
77 62 51.0
77 63 52.0
77 54 53.0
77 143 54.0
78 142 39.0
78 59 40.0
78 57 41.0
78 55 42.0
78 106 43.0
78 1 44.0
78 121 45.0
78 122 46.0
78 123 47.0
78 156 47.09090909090919
78 124 48.0
78 125 49.0
78 126 50.0
78 127 51.0
78 103 52.0
78 135 53.0
78 137 54.0
79 140 39.0
79 93 40.0
79 92 41.0
79 91 42.0
79 90 43.0
79 89 44.0
79 88 45.0
79 87 46.0
79 41 47.0
79 40 48.0
79 80 49.0
79 38 50.0
79 43 51.0
79 44 52.0
79 51 53.0
79 101 54.0
79 151 55.0
80 140 49.0
80 93 50.0
80 92 51.0
80 91 52.0
80 90 53.0
80 89 54.0
80 88 55.0
80 87 56.0
80 41 57.0
80 40 58.0
80 80 59.0
80 38 60.0
80 43 61.0
80 44 62.0
80 51 63.0
80 101 64.0
80 151 65.0
81 138 43.0
81 136 44.0
81 105 45.0
81 104 46.0
81 134 47.0
81 133 48.0
81 132 49.0
81 131 50.0
81 130 51.0
81 129 52.0
81 128 53.0
81 9 54.0
81 19 55.0
81 108 56.0
81 145 57.0
82 142 43.0
82 59 44.0
82 57 45.0
82 55 46.0
82 106 47.0
82 1 48.0
82 121 49.0
82 122 50.0
82 123 51.0
82 156 51.09090909090919
82 124 52.0
82 125 53.0
82 126 54.0
82 127 55.0
82 103 56.0
82 135 57.0
82 137 58.0
83 148 45.0
83 95 46.0
83 32 47.0
83 38 48.0
83 155 48.226497308103816
83 36 49.0
83 78 50.0
83 76 51.0
83 74 52.0
83 72 53.0
83 70 54.0
83 39 55.0
83 30 56.0
83 29 57.0
83 28 58.0
83 27 59.0
83 26 60.0
83 20 61.0
83 19 62.0
83 108 63.0
83 145 64.0
84 142 45.0
84 59 46.0
84 57 47.0
84 55 48.0
84 106 49.0
84 1 50.0
84 121 51.0
84 122 52.0
84 123 53.0
84 156 53.09090909090919
84 124 54.0
84 125 55.0
84 126 56.0
84 127 57.0
84 103 58.0
84 135 59.0
84 137 60.0
85 152 46.0
85 100 47.0
85 52 48.0
85 45 49.0
85 37 50.0
85 36 51.0
85 31 52.0
85 94 53.0
85 147 54.0
86 144 49.0
86 68 50.0
86 67 51.0
86 66 52.0
86 65 53.0
86 49 54.0
86 50 55.0
86 64 56.0
86 51 57.0
86 101 58.0
86 151 59.0
87 142 47.0
87 59 48.0
87 57 49.0
87 55 50.0
87 106 51.0
87 1 52.0
87 121 53.0
87 122 54.0
87 123 55.0
87 156 55.09090909090919
87 124 56.0
87 125 57.0
87 126 58.0
87 127 59.0
87 103 60.0
87 135 61.0
87 137 62.0
88 140 47.0
88 93 48.0
88 92 49.0
88 91 50.0
88 90 51.0
88 89 52.0
88 88 53.0
88 87 54.0
88 41 55.0
88 40 56.0
88 80 57.0
88 38 58.0
88 155 58.226497308103816
88 36 59.0
88 31 60.0
88 94 61.0
88 147 62.0
89 146 45.0
89 107 46.0
89 18 47.0
89 8 48.0
89 9 49.0
89 10 50.0
89 21 51.0
89 22 52.0
89 23 53.0
89 24 54.0
89 25 55.0
89 33 56.0
89 69 57.0
89 71 58.0
89 73 59.0
89 75 60.0
89 77 61.0
89 31 62.0
89 32 63.0
89 38 64.0
89 43 65.0
89 44 66.0
89 51 67.0
89 101 68.0
89 151 69.0
90 146 43.0
90 107 44.0
90 18 45.0
90 8 46.0
90 117 47.0
90 118 48.0
90 119 49.0
90 120 50.0
90 116 51.0
90 115 52.0
90 102 53.0
90 103 54.0
90 135 55.0
90 137 56.0
91 140 43.0
91 93 44.0
91 92 45.0
91 91 46.0
91 90 47.0
91 89 48.0
91 88 49.0
91 87 50.0
91 41 51.0
91 42 52.0
91 48 53.0
91 61 54.0
91 62 55.0
91 63 56.0
91 54 57.0
91 143 58.0
92 138 41.0
92 136 42.0
92 105 43.0
92 104 44.0
92 102 45.0
92 114 46.0
92 113 47.0
92 112 48.0
92 111 49.0
92 157 49.09090909090899
92 110 50.0
92 109 51.0
92 2 52.0
92 11 53.0
92 56 54.0
92 58 55.0
92 60 56.0
92 141 57.0
95 140 45.0
95 93 46.0
95 92 47.0
95 91 48.0
95 90 49.0
95 89 50.0
95 88 51.0
95 87 52.0
95 41 53.0
95 42 54.0
95 48 55.0
95 49 56.0
95 99 57.0
95 153 58.0
96 138 45.0
96 136 46.0
96 105 47.0
96 104 48.0
96 134 49.0
96 133 50.0
96 132 51.0
96 131 52.0
96 130 53.0
96 129 54.0
96 128 55.0
96 9 56.0
96 19 57.0
96 108 58.0
96 145 59.0
99 154 42.0
99 98 43.0
99 50 44.0
99 47 45.0
99 48 46.0
99 61 47.0
99 62 48.0
99 63 49.0
99 54 50.0
99 143 51.0
100 156 13
100 157 13.922626505917494
100 118 18.535759035504853
100 69 28.684650600597074
100 155 34.54411587767932
;
set fixedFlights :=
1 12 11
1 13 12
1 14 13
1 15 14
1 16 15
1 17 16
1 18 17
1 56 58
1 58 60
1 60 141
1 146 107
1 11 56
1 107 18
2 34 35
2 49 50
2 50 47
2 47 53
2 53 40
2 40 34
2 66 65
2 67 66
2 68 67
2 144 68
2 65 49
2 35 81
2 81 82
2 82 83
2 83 84
2 84 85
2 85 86
2 86 139
3 56 58
3 58 60
3 60 141
3 11 56
3 2 11
3 109 2
3 110 109
3 104 102
3 102 114
3 105 104
3 114 113
3 113 112
3 112 111
3 138 136
3 136 105
3 111 157
3 157 110
4 9 10
4 8 9
4 10 21
4 21 22
4 22 23
4 23 24
4 24 25
4 25 33
4 33 69
4 69 71
4 71 73
4 73 75
4 75 77
4 77 31
4 94 147
4 31 94
4 146 107
4 107 18
4 18 8
5 57 55
5 59 57
5 142 59
5 55 106
5 106 1
5 1 121
5 121 122
5 122 123
5 124 125
5 125 126
5 126 127
5 127 103
5 103 135
5 135 137
5 123 156
5 156 124
6 45 44
6 44 46
6 46 47
6 52 45
6 47 53
6 53 40
6 40 34
6 152 100
6 96 149
6 34 96
6 100 52
7 20 19
7 26 20
7 27 26
7 28 27
7 29 28
7 30 29
7 50 47
7 47 53
7 53 40
7 40 80
7 80 38
7 36 78
7 78 76
7 76 74
7 74 72
7 72 70
7 70 39
7 39 30
7 154 98
7 98 50
7 108 145
7 19 108
7 38 155
7 155 36
8 56 58
8 58 60
8 60 141
8 11 56
8 2 11
8 109 2
8 110 109
8 104 102
8 102 114
8 105 104
8 114 113
8 113 112
8 112 111
8 138 136
8 136 105
8 111 157
8 157 110
9 56 58
9 58 60
9 60 141
9 11 56
9 2 11
9 109 2
9 110 109
9 104 102
9 102 114
9 105 104
9 114 113
9 113 112
9 112 111
9 138 136
9 136 105
9 111 157
9 157 110
10 9 10
10 8 9
10 10 21
10 21 22
10 22 23
10 23 24
10 24 25
10 25 33
10 33 69
10 69 71
10 71 73
10 73 75
10 75 77
10 77 31
10 94 147
10 31 94
10 146 107
10 107 18
10 18 8
11 12 11
11 13 12
11 14 13
11 15 14
11 16 15
11 17 16
11 18 17
11 56 58
11 58 60
11 60 141
11 146 107
11 11 56
11 107 18
12 20 19
12 26 20
12 27 26
12 28 27
12 29 28
12 30 29
12 32 38
12 36 78
12 78 76
12 76 74
12 74 72
12 72 70
12 70 39
12 39 30
12 148 95
12 95 32
12 108 145
12 19 108
12 38 155
12 155 36
13 41 40
13 38 43
13 43 44
13 44 51
13 40 80
13 80 38
13 101 151
13 51 101
13 93 92
13 92 91
13 91 90
13 90 89
13 89 88
13 88 87
13 87 41
13 140 93
14 34 35
14 32 79
14 79 34
14 148 95
14 95 32
14 35 81
14 81 82
14 82 83
14 83 84
14 84 85
14 85 86
14 86 139
15 108 145
15 9 19
15 19 108
15 105 104
15 104 134
15 134 133
15 133 132
15 132 131
15 131 130
15 130 129
15 129 128
15 128 9
15 138 136
15 136 105
16 9 10
16 8 9
16 10 21
16 21 22
16 22 23
16 23 24
16 24 25
16 32 38
16 38 43
16 43 44
16 31 32
16 44 51
16 25 33
16 33 69
16 69 71
16 71 73
16 73 75
16 75 77
16 77 31
16 101 151
16 51 101
16 146 107
16 107 18
16 18 8
17 108 145
17 9 19
17 19 108
17 105 104
17 104 134
17 134 133
17 133 132
17 132 131
17 131 130
17 130 129
17 129 128
17 128 9
17 138 136
17 136 105
18 57 55
18 59 57
18 142 59
18 55 106
18 106 1
18 1 121
18 121 122
18 122 123
18 124 125
18 125 126
18 126 127
18 127 103
18 103 135
18 135 137
18 123 156
18 156 124
19 32 38
19 38 43
19 43 44
19 44 46
19 46 47
19 47 48
19 48 49
19 148 95
19 99 153
19 95 32
19 49 99
20 34 35
20 35 41
20 41 42
20 42 48
20 48 49
20 32 79
20 79 34
20 148 95
20 99 153
20 95 32
20 49 99
21 45 44
21 44 46
21 46 47
21 47 48
21 52 45
21 54 143
21 48 61
21 61 62
21 62 63
21 63 54
21 152 100
21 100 52
22 45 44
22 44 46
22 46 47
22 47 48
22 52 45
22 48 49
22 152 100
22 99 153
22 100 52
22 49 99
23 35 41
23 41 42
23 42 48
23 54 143
23 48 61
23 61 62
23 62 63
23 63 54
23 150 97
23 97 35
24 45 44
24 44 46
24 46 47
24 52 45
24 47 53
24 53 40
24 40 34
24 152 100
24 96 149
24 34 96
24 100 52
25 50 47
25 47 53
25 53 40
25 40 34
25 154 98
25 96 149
25 34 96
25 98 50
27 57 55
27 59 57
27 142 59
27 55 106
27 106 1
27 1 121
27 121 122
27 122 123
27 124 125
27 125 126
27 126 127
27 127 103
27 103 135
27 135 137
27 123 156
27 156 124
28 57 55
28 59 57
28 142 59
28 55 106
28 106 1
28 1 121
28 121 122
28 122 123
28 124 125
28 125 126
28 126 127
28 127 103
28 103 135
28 135 137
28 123 156
28 156 124
29 35 41
29 41 42
29 42 48
29 49 50
29 48 49
29 64 51
29 50 64
29 101 151
29 150 97
29 97 35
29 51 101
30 36 31
30 37 36
30 45 37
30 52 45
30 94 147
30 152 100
30 31 94
30 100 52
31 50 47
31 47 53
31 53 40
31 40 34
31 154 98
31 96 149
31 34 96
31 98 50
32 36 31
32 37 36
32 45 37
32 51 52
32 52 45
32 64 51
32 50 64
32 94 147
32 154 98
32 31 94
32 98 50
33 56 58
33 58 60
33 60 141
33 11 56
33 2 11
33 109 2
33 110 109
33 104 102
33 102 114
33 105 104
33 114 113
33 113 112
33 112 111
33 138 136
33 136 105
33 111 157
33 157 110
34 12 11
34 13 12
34 14 13
34 15 14
34 16 15
34 17 16
34 18 17
34 56 58
34 58 60
34 60 141
34 146 107
34 11 56
34 107 18
35 56 58
35 58 60
35 60 141
35 11 56
35 2 11
35 109 2
35 110 109
35 104 102
35 102 114
35 105 104
35 114 113
35 113 112
35 112 111
35 138 136
35 136 105
35 111 157
35 157 110
37 41 42
37 42 48
37 49 50
37 48 49
37 64 51
37 50 64
37 101 151
37 51 101
37 93 92
37 92 91
37 91 90
37 90 89
37 89 88
37 88 87
37 87 41
37 140 93
38 47 48
38 50 47
38 54 143
38 48 61
38 61 62
38 62 63
38 63 54
38 154 98
38 98 50
39 41 42
39 42 48
39 48 49
39 99 153
39 49 99
39 93 92
39 92 91
39 91 90
39 90 89
39 89 88
39 88 87
39 87 41
39 140 93
40 47 48
40 50 47
40 54 143
40 48 61
40 61 62
40 62 63
40 63 54
40 154 98
40 98 50
41 12 11
41 13 12
41 14 13
41 15 14
41 16 15
41 17 16
41 18 17
41 56 58
41 58 60
41 60 141
41 146 107
41 11 56
41 107 18
42 49 50
42 66 65
42 67 66
42 68 67
42 144 68
42 64 51
42 65 49
42 50 64
42 101 151
42 51 101
43 9 10
43 8 9
43 10 21
43 21 22
43 22 23
43 23 24
43 24 25
43 32 38
43 38 43
43 43 44
43 31 32
43 44 51
43 25 33
43 33 69
43 69 71
43 71 73
43 73 75
43 75 77
43 77 31
43 101 151
43 51 101
43 146 107
43 107 18
43 18 8
44 34 35
44 50 47
44 47 53
44 53 40
44 40 34
44 154 98
44 98 50
44 35 81
44 81 82
44 82 83
44 83 84
44 84 85
44 85 86
44 86 139
46 34 35
46 50 47
46 47 53
46 53 40
46 40 34
46 154 98
46 98 50
46 35 81
46 81 82
46 82 83
46 83 84
46 84 85
46 85 86
46 86 139
47 34 35
47 32 79
47 79 34
47 148 95
47 95 32
47 35 81
47 81 82
47 82 83
47 83 84
47 84 85
47 85 86
47 86 139
48 45 44
48 44 46
48 46 47
48 47 48
48 52 45
48 48 49
48 152 100
48 99 153
48 100 52
48 49 99
49 56 58
49 58 60
49 60 141
49 11 56
49 2 11
49 109 2
49 110 109
49 104 102
49 102 114
49 105 104
49 114 113
49 113 112
49 112 111
49 138 136
49 136 105
49 111 157
49 157 110
50 41 42
50 42 48
50 54 143
50 48 61
50 61 62
50 62 63
50 63 54
50 93 92
50 92 91
50 91 90
50 90 89
50 89 88
50 88 87
50 87 41
50 140 93
51 20 19
51 26 20
51 27 26
51 28 27
51 29 28
51 30 29
51 32 38
51 36 78
51 78 76
51 76 74
51 74 72
51 72 70
51 70 39
51 39 30
51 148 95
51 95 32
51 108 145
51 19 108
51 38 155
51 155 36
52 34 35
52 32 79
52 79 34
52 148 95
52 95 32
52 35 81
52 81 82
52 82 83
52 83 84
52 84 85
52 85 86
52 86 139
53 9 10
53 8 9
53 10 21
53 21 22
53 22 23
53 23 24
53 24 25
53 31 32
53 25 33
53 33 69
53 69 71
53 71 73
53 73 75
53 75 77
53 77 31
53 32 79
53 79 34
53 96 149
53 34 96
53 146 107
53 107 18
53 18 8
54 49 50
54 50 47
54 47 53
54 53 40
54 40 34
54 66 65
54 67 66
54 68 67
54 144 68
54 65 49
54 96 149
54 34 96
55 56 58
55 58 60
55 60 141
55 11 56
55 2 11
55 109 2
55 110 109
55 104 102
55 102 114
55 105 104
55 114 113
55 113 112
55 112 111
55 138 136
55 136 105
55 111 157
55 157 110
56 57 55
56 59 57
56 142 59
56 55 106
56 106 1
56 1 121
56 121 122
56 122 123
56 124 125
56 125 126
56 126 127
56 127 103
56 103 135
56 135 137
56 123 156
56 156 124
57 41 42
57 42 48
57 54 143
57 48 61
57 61 62
57 62 63
57 63 54
57 93 92
57 92 91
57 91 90
57 90 89
57 89 88
57 88 87
57 87 41
57 140 93
58 108 145
58 9 19
58 19 108
58 105 104
58 104 134
58 134 133
58 133 132
58 132 131
58 131 130
58 130 129
58 129 128
58 128 9
58 138 136
58 136 105
59 57 55
59 59 57
59 142 59
59 55 106
59 106 1
59 1 121
59 121 122
59 122 123
59 124 125
59 125 126
59 126 127
59 127 103
59 103 135
59 135 137
59 123 156
59 156 124
60 108 145
60 9 19
60 19 108
60 105 104
60 104 134
60 134 133
60 133 132
60 132 131
60 131 130
60 130 129
60 129 128
60 128 9
60 138 136
60 136 105
61 36 31
61 37 36
61 45 37
61 31 32
61 52 45
61 32 79
61 79 34
61 152 100
61 96 149
61 34 96
61 100 52
62 150 97
62 97 35
62 35 81
62 81 82
62 82 83
62 83 84
62 84 85
62 85 86
62 86 139
63 56 58
63 58 60
63 60 141
63 11 56
63 2 11
63 109 2
63 110 109
63 104 102
63 102 114
63 105 104
63 114 113
63 113 112
63 112 111
63 138 136
63 136 105
63 111 157
63 157 110
64 57 55
64 59 57
64 142 59
64 55 106
64 106 1
64 1 121
64 121 122
64 122 123
64 124 125
64 125 126
64 126 127
64 127 103
64 103 135
64 135 137
64 123 156
64 156 124
65 57 55
65 59 57
65 142 59
65 55 106
65 106 1
65 1 121
65 121 122
65 122 123
65 124 125
65 125 126
65 126 127
65 127 103
65 103 135
65 135 137
65 123 156
65 156 124
66 108 145
66 9 19
66 19 108
66 105 104
66 104 134
66 134 133
66 133 132
66 132 131
66 131 130
66 130 129
66 129 128
66 128 9
66 138 136
66 136 105
67 35 41
67 41 42
67 42 48
67 48 49
67 99 153
67 150 97
67 97 35
67 49 99
68 56 58
68 58 60
68 60 141
68 11 56
68 2 11
68 109 2
68 110 109
68 104 102
68 102 114
68 105 104
68 114 113
68 113 112
68 112 111
68 138 136
68 136 105
68 111 157
68 157 110
69 57 55
69 59 57
69 142 59
69 55 106
69 106 1
69 1 121
69 121 122
69 122 123
69 124 125
69 125 126
69 126 127
69 127 103
69 103 135
69 135 137
69 123 156
69 156 124
70 35 41
70 41 42
70 42 48
70 48 49
70 99 153
70 150 97
70 97 35
70 49 99
71 36 31
71 41 40
71 35 41
71 40 80
71 80 38
71 94 147
71 150 97
71 97 35
71 31 94
71 38 155
71 155 36
72 32 38
72 38 43
72 43 44
72 44 51
72 148 95
72 101 151
72 95 32
72 51 101
73 20 19
73 26 20
73 27 26
73 28 27
73 29 28
73 30 29
73 50 47
73 47 53
73 53 40
73 40 80
73 80 38
73 36 78
73 78 76
73 76 74
73 74 72
73 72 70
73 70 39
73 39 30
73 154 98
73 98 50
73 108 145
73 19 108
73 38 155
73 155 36
74 41 40
74 40 34
74 96 149
74 34 96
74 93 92
74 92 91
74 91 90
74 90 89
74 89 88
74 88 87
74 87 41
74 140 93
75 9 10
75 8 9
75 10 21
75 21 22
75 22 23
75 23 24
75 24 25
75 31 32
75 25 33
75 33 69
75 69 71
75 71 73
75 73 75
75 75 77
75 77 31
75 32 79
75 79 34
75 96 149
75 34 96
75 146 107
75 107 18
75 18 8
76 20 19
76 26 20
76 27 26
76 28 27
76 29 28
76 30 29
76 37 36
76 45 37
76 51 52
76 52 45
76 64 51
76 50 64
76 36 78
76 78 76
76 76 74
76 74 72
76 72 70
76 70 39
76 39 30
76 154 98
76 98 50
76 108 145
76 19 108
77 45 44
77 44 46
77 46 47
77 47 48
77 52 45
77 54 143
77 48 61
77 61 62
77 62 63
77 63 54
77 152 100
77 100 52
78 57 55
78 59 57
78 142 59
78 55 106
78 106 1
78 1 121
78 121 122
78 122 123
78 124 125
78 125 126
78 126 127
78 127 103
78 103 135
78 135 137
78 123 156
78 156 124
79 41 40
79 38 43
79 43 44
79 44 51
79 40 80
79 80 38
79 101 151
79 51 101
79 93 92
79 92 91
79 91 90
79 90 89
79 89 88
79 88 87
79 87 41
79 140 93
80 41 42
80 42 48
80 49 50
80 48 49
80 64 51
80 50 64
80 101 151
80 51 101
80 93 92
80 92 91
80 91 90
80 90 89
80 89 88
80 88 87
80 87 41
80 140 93
81 108 145
81 9 19
81 19 108
81 105 104
81 104 134
81 134 133
81 133 132
81 132 131
81 131 130
81 130 129
81 129 128
81 128 9
81 138 136
81 136 105
82 57 55
82 59 57
82 142 59
82 55 106
82 106 1
82 1 121
82 121 122
82 122 123
82 124 125
82 125 126
82 126 127
82 127 103
82 103 135
82 135 137
82 123 156
82 156 124
83 20 19
83 26 20
83 27 26
83 28 27
83 29 28
83 30 29
83 32 38
83 36 78
83 78 76
83 76 74
83 74 72
83 72 70
83 70 39
83 39 30
83 148 95
83 95 32
83 108 145
83 19 108
83 38 155
83 155 36
84 57 55
84 59 57
84 142 59
84 55 106
84 106 1
84 1 121
84 121 122
84 122 123
84 124 125
84 125 126
84 126 127
84 127 103
84 103 135
84 135 137
84 123 156
84 156 124
85 36 31
85 37 36
85 45 37
85 52 45
85 94 147
85 152 100
85 31 94
85 100 52
86 49 50
86 66 65
86 67 66
86 68 67
86 144 68
86 64 51
86 65 49
86 50 64
86 101 151
86 51 101
87 57 55
87 59 57
87 142 59
87 55 106
87 106 1
87 1 121
87 121 122
87 122 123
87 124 125
87 125 126
87 126 127
87 127 103
87 103 135
87 135 137
87 123 156
87 156 124
88 36 31
88 41 40
88 40 80
88 80 38
88 94 147
88 31 94
88 93 92
88 92 91
88 91 90
88 90 89
88 89 88
88 88 87
88 87 41
88 140 93
88 38 155
88 155 36
89 9 10
89 8 9
89 10 21
89 21 22
89 22 23
89 23 24
89 24 25
89 32 38
89 38 43
89 43 44
89 31 32
89 44 51
89 25 33
89 33 69
89 69 71
89 71 73
89 73 75
89 75 77
89 77 31
89 101 151
89 51 101
89 146 107
89 107 18
89 18 8
90 146 107
90 107 18
90 18 8
90 115 102
90 102 103
90 116 115
90 8 117
90 117 118
90 118 119
90 119 120
90 120 116
90 103 135
90 135 137
91 41 42
91 42 48
91 54 143
91 48 61
91 61 62
91 62 63
91 63 54
91 93 92
91 92 91
91 91 90
91 90 89
91 89 88
91 88 87
91 87 41
91 140 93
92 56 58
92 58 60
92 60 141
92 11 56
92 2 11
92 109 2
92 110 109
92 104 102
92 102 114
92 105 104
92 114 113
92 113 112
92 112 111
92 138 136
92 136 105
92 111 157
92 157 110
95 41 42
95 42 48
95 48 49
95 99 153
95 49 99
95 93 92
95 92 91
95 91 90
95 90 89
95 89 88
95 88 87
95 87 41
95 140 93
96 108 145
96 9 19
96 19 108
96 105 104
96 104 134
96 134 133
96 133 132
96 132 131
96 131 130
96 130 129
96 129 128
96 128 9
96 138 136
96 136 105
99 47 48
99 50 47
99 54 143
99 48 61
99 61 62
99 62 63
99 63 54
99 154 98
99 98 50
100 156 157
100 157 118
100 118 69
100 69 155
;
;
set inFlight:=
1
2
3
4
5
6
7
8
9
10
11
12
13
14
15
16
17
18
19
28
30
35
;
set passedFreeF:=
26 146 107
26 107 18
26 18 8
26 8 9
26 9 10
26 10 21
26 21 22
26 22 23
26 23 24
26 24 25
26 25 33
26 33 69
26 69 71
26 71 73
26 73 75
26 75 77
26 77 31
26 31 32
26 32 79
26 79 34
26 34 96
26 96 149
36 150 97
36 97 35
36 35 41
36 41 40
36 40 80
36 80 38
36 38 155
36 155 36
36 36 31
36 31 94
36 94 147
;
param tini := 11;
