param nn:= 140;
set F:=
2
3
4
5
7
10
14
15
16
17
18
20
22
24
25
28
29
30
32
33
36
39
40
44
45
55
57
61
62
70
75
97
;
param: E: d:=
1 19 2.500000
21 0 2.500000
19 21 2.500000
21 4 2.500000
5 2 2.500000
6 9 2.500000
7 8 2.500000
29 10 2.500000
11 29 2.500000
30 11 2.500000
8 12 2.500000
12 28 2.500000
15 5 2.500000
24 15 2.500000
4 16 2.500000
16 23 2.500000
19 17 2.500000
17 20 2.500000
22 18 2.500000
18 21 2.500000
14 26 2.500000
3 13 2.500000
131 6 1.500000
83 132 1.500000
133 84 1.500000
13 27 2.500000
27 33 2.500000
33 86 2.500000
86 88 2.500000
88 90 2.500000
90 92 2.500000
92 94 2.500000
94 96 2.500000
96 97 2.500000
97 101 2.500000
101 103 2.500000
103 105 2.500000
105 107 2.500000
107 109 2.500000
109 111 2.500000
111 113 2.500000
113 114 2.500000
114 115 2.500000
118 117 2.500000
117 116 2.500000
116 112 2.500000
112 110 2.500000
110 108 2.500000
108 106 2.500000
106 104 2.500000
104 102 2.500000
102 100 2.500000
100 95 2.500000
95 93 2.500000
93 91 2.500000
91 89 2.500000
89 87 2.500000
87 85 2.500000
85 34 2.500000
34 25 2.500000
25 14 2.500000
23 36 2.500000
36 49 2.500000
49 51 2.500000
51 53 2.500000
53 56 2.500000
56 57 2.500000
57 59 2.500000
59 62 2.500000
62 64 2.500000
63 61 2.500000
61 60 2.500000
60 58 2.500000
58 55 2.500000
55 54 2.500000
54 52 2.500000
52 50 2.500000
50 35 2.500000
35 24 2.500000
20 38 2.500000
38 39 2.500000
39 40 2.500000
40 41 2.500000
41 46 2.500000
46 48 2.500000
48 99 2.500000
98 47 2.500000
47 45 2.500000
45 44 2.500000
44 43 2.500000
43 42 2.500000
42 37 2.500000
37 22 2.500000
9 119 2.500000
119 1 2.500000
119 120 2.500000
120 130 1.500000
9 121 2.500000
121 3 2.500000
121 7 2.500000
10 122 2.500000
122 9 2.500000
28 32 2.500000
32 65 2.500000
65 67 2.500000
67 69 2.500000
69 71 2.500000
71 73 2.500000
73 75 2.500000
75 77 2.500000
77 79 2.500000
79 81 2.500000
81 83 2.500000
84 82 2.500000
82 80 2.500000
80 78 2.500000
78 76 2.500000
76 74 2.500000
74 72 2.500000
72 70 2.500000
70 68 2.500000
68 66 2.500000
66 31 2.500000
31 30 2.500000
123 121 2.500000
123 119 2.500000
0 123 2.500000
2 123 2.500000
26 123 2.500000
115 134 1.500000
135 118 1.500000
137 126 1.500000
126 124 2.500000
124 63 2.500000
64 125 2.500000
125 127 2.500000
127 136 1.500000
139 128 1.500000
128 98 2.500000
99 129 2.500000
129 138 1.500000
;
param s:=
2 133
3 131
4 135
5 135
7 135
10 133
14 133
15 139
16 131
17 135
18 137
20 139
22 131
24 131
25 139
28 135
29 133
30 135
32 131
33 135
36 135
39 139
40 131
44 133
45 131
55 135
57 131
61 133
62 135
70 131
75 135
97 131
;
param e:=
2 130
3 134
4 130
5 130
7 130
10 130
14 130
15 130
16 134
17 130
18 130
20 130
22 132
24 132
25 130
28 130
29 130
30 130
32 132
33 130
36 130
39 130
40 132
44 130
45 132
55 130
57 132
61 130
62 130
70 132
75 130
97 134
;
param v_min:=2.375
;
param v_max:=2.625
;
param :conflictsNodes: angle:=
0 21 123 1.000000
0 123 21 1.000000
1 19 119 1.000000
1 119 19 1.000000
2 5 123 1.000000
2 123 5 1.000000
3 13 121 1.000000
3 121 13 1.000000
4 16 21 1.000000
4 21 16 1.000000
5 2 15 1.000000
5 15 2 1.000000
7 8 121 1.000000
7 121 8 1.000000
8 7 12 1.000000
8 12 7 1.000000
9 6 119 1.000000
9 119 6 1.000000
9 6 121 1.000000
9 121 6 1.000000
9 6 122 1.000000
9 122 6 1.000000
9 119 121 1.000000
9 121 119 1.000000
9 119 122 1.000000
9 122 119 1.000000
9 121 122 1.000000
9 122 121 1.000000
10 29 122 1.000000
10 122 29 1.000000
11 29 30 1.000000
11 30 29 1.000000
12 8 28 1.000000
12 28 8 1.000000
13 3 27 1.000000
13 27 3 1.000000
14 25 26 1.000000
14 26 25 1.000000
15 5 24 1.000000
15 24 5 1.000000
16 4 23 1.000000
16 23 4 1.000000
17 19 20 1.000000
17 20 19 1.000000
18 21 22 1.000000
18 22 21 1.000000
19 1 21 1.000000
19 21 1 1.000000
19 1 17 1.000000
19 17 1 1.000000
19 17 21 1.000000
19 21 17 1.000000
20 17 38 1.000000
20 38 17 1.000000
21 0 19 1.000000
21 19 0 1.000000
21 0 4 1.000000
21 4 0 1.000000
21 0 18 1.000000
21 18 0 1.000000
21 4 19 1.000000
21 19 4 1.000000
21 4 18 1.478880
21 18 4 1.478880
21 18 19 1.000000
21 19 18 1.000000
22 18 37 1.000000
22 37 18 1.000000
23 16 36 1.000000
23 36 16 1.000000
24 15 35 1.000000
24 35 15 1.000000
25 14 34 1.000000
25 34 14 1.000000
26 14 123 1.000000
26 123 14 1.000000
27 13 33 1.000000
27 33 13 1.000000
28 12 32 1.000000
28 32 12 1.000000
29 10 11 1.000000
29 11 10 1.000000
30 11 31 1.000000
30 31 11 1.000000
31 30 66 1.000000
31 66 30 1.000000
32 28 65 1.000000
32 65 28 1.000000
33 27 86 1.000000
33 86 27 1.000000
34 25 85 1.000000
34 85 25 1.000000
35 24 50 1.000000
35 50 24 1.000000
36 23 49 1.000000
36 49 23 1.000000
37 22 42 1.000000
37 42 22 1.000000
38 20 39 1.000000
38 39 20 1.000000
39 38 40 1.000000
39 40 38 1.000000
40 39 41 1.000000
40 41 39 1.000000
41 40 46 1.000000
41 46 40 1.000000
42 37 43 1.000000
42 43 37 1.000000
43 42 44 1.000000
43 44 42 1.000000
44 43 45 1.000000
44 45 43 1.000000
45 44 47 1.000000
45 47 44 1.000000
46 41 48 1.000000
46 48 41 1.000000
47 45 98 1.000000
47 98 45 1.000000
48 46 99 1.000000
48 99 46 1.000000
49 36 51 1.000000
49 51 36 1.000000
50 35 52 1.000000
50 52 35 1.000000
51 49 53 1.000000
51 53 49 1.000000
52 50 54 1.000000
52 54 50 1.000000
53 51 56 1.000000
53 56 51 1.000000
54 52 55 1.000000
54 55 52 1.000000
55 54 58 1.000000
55 58 54 1.000000
56 53 57 1.000000
56 57 53 1.000000
57 56 59 1.000000
57 59 56 1.000000
58 55 60 1.000000
58 60 55 1.000000
59 57 62 1.000000
59 62 57 1.000000
60 58 61 1.000000
60 61 58 1.000000
61 60 63 1.000000
61 63 60 1.000000
62 59 64 1.000000
62 64 59 1.000000
63 61 124 1.000000
63 124 61 1.000000
64 62 125 1.000000
64 125 62 1.000000
65 32 67 1.000000
65 67 32 1.000000
66 31 68 1.000000
66 68 31 1.000000
67 65 69 1.000000
67 69 65 1.000000
68 66 70 1.000000
68 70 66 1.000000
69 67 71 1.000000
69 71 67 1.000000
70 68 72 1.000000
70 72 68 1.000000
71 69 73 1.000000
71 73 69 1.000000
72 70 74 1.000000
72 74 70 1.000000
73 71 75 1.000000
73 75 71 1.000000
74 72 76 1.000000
74 76 72 1.000000
75 73 77 1.000000
75 77 73 1.000000
76 74 78 1.000000
76 78 74 1.000000
77 75 79 1.000000
77 79 75 1.000000
78 76 80 1.000000
78 80 76 1.000000
79 77 81 1.000000
79 81 77 1.000000
80 78 82 1.000000
80 82 78 1.000000
81 79 83 1.000000
81 83 79 1.000000
82 80 84 1.000000
82 84 80 1.000000
85 34 87 1.000000
85 87 34 1.000000
86 33 88 1.000000
86 88 33 1.000000
87 85 89 1.000000
87 89 85 1.000000
88 86 90 1.000000
88 90 86 1.000000
89 87 91 1.000000
89 91 87 1.000000
90 88 92 1.000000
90 92 88 1.000000
91 89 93 1.000000
91 93 89 1.000000
92 90 94 1.000000
92 94 90 1.000000
93 91 95 1.000000
93 95 91 1.000000
94 92 96 1.000000
94 96 92 1.000000
95 93 100 1.000000
95 100 93 1.000000
96 94 97 1.000000
96 97 94 1.000000
97 96 101 1.000000
97 101 96 1.000000
98 47 128 1.000000
98 128 47 1.000000
99 48 129 1.000000
99 129 48 1.000000
100 95 102 1.000000
100 102 95 1.000000
101 97 103 1.000000
101 103 97 1.000000
102 100 104 1.000000
102 104 100 1.000000
103 101 105 1.000000
103 105 101 1.000000
104 102 106 1.000000
104 106 102 1.000000
105 103 107 1.000000
105 107 103 1.000000
106 104 108 1.000000
106 108 104 1.000000
107 105 109 1.000000
107 109 105 1.000000
108 106 110 1.000000
108 110 106 1.000000
109 107 111 1.000000
109 111 107 1.000000
110 108 112 1.000000
110 112 108 1.000000
111 109 113 1.000000
111 113 109 1.000000
112 110 116 1.000000
112 116 110 1.000000
113 111 114 1.000000
113 114 111 1.000000
114 113 115 1.000000
114 115 113 1.000000
116 112 117 1.000000
116 117 112 1.000000
117 116 118 1.000000
117 118 116 1.000000
119 9 120 1.000000
119 120 9 1.000000
119 9 123 1.000000
119 123 9 1.000000
119 1 9 1.000000
119 9 1 1.000000
119 1 120 1.000000
119 120 1 1.000000
119 1 123 1.000000
119 123 1 1.000000
119 120 123 1.000000
119 123 120 1.000000
121 9 123 1.000000
121 123 9 1.000000
121 3 9 1.000000
121 9 3 1.000000
121 3 7 1.416150
121 7 3 1.416150
121 3 123 1.000000
121 123 3 1.000000
121 7 9 1.000000
121 9 7 1.000000
121 7 123 1.000000
121 123 7 1.000000
122 9 10 1.000000
122 10 9 1.000000
123 0 2 1.478880
123 2 0 1.478880
123 0 26 1.000000
123 26 0 1.000000
123 0 121 1.000000
123 121 0 1.000000
123 0 119 1.000000
123 119 0 1.000000
123 2 26 1.357350
123 26 2 1.357350
123 2 121 1.000000
123 121 2 1.000000
123 2 119 1.000000
123 119 2 1.000000
123 26 121 1.000000
123 121 26 1.000000
123 26 119 1.000000
123 119 26 1.000000
123 119 121 1.000000
123 121 119 1.000000
124 63 126 1.000000
124 126 63 1.000000
125 64 127 1.000000
125 127 64 1.000000
;
param D:=0.5;
param t_hat_ear:=
2 133 48.0
2 84 49.0
2 82 50.0
2 80 51.0
2 78 52.0
2 76 53.0
2 74 54.0
2 72 55.0
2 70 56.0
2 68 57.0
2 66 58.0
2 31 59.0
2 30 60.0
2 11 61.0
2 29 62.0
2 10 63.0
2 122 64.0
2 9 65.0
2 119 66.0
2 120 67.0
2 130 68.0
3 131 5.0
3 6 6.0
3 9 7.0
3 121 8.0
3 3 9.0
3 13 10.0
3 27 11.0
3 33 12.0
3 86 13.0
3 88 14.0
3 90 15.0
3 92 16.0
3 94 17.0
3 96 18.0
3 97 19.0
3 101 20.0
3 103 21.0
3 105 22.0
3 107 23.0
3 109 24.0
3 111 25.0
3 113 26.0
3 114 27.0
3 115 28.0
3 134 29.0
4 135 18.0
4 118 19.0
4 117 20.0
4 116 21.0
4 112 22.0
4 110 23.0
4 108 24.0
4 106 25.0
4 104 26.0
4 102 27.0
4 100 28.0
4 95 29.0
4 93 30.0
4 91 31.0
4 89 32.0
4 87 33.0
4 85 34.0
4 34 35.0
4 25 36.0
4 14 37.0
4 26 38.0
4 123 39.0
4 119 40.0
4 120 41.0
4 130 42.0
5 135 8.0
5 118 9.0
5 117 10.0
5 116 11.0
5 112 12.0
5 110 13.0
5 108 14.0
5 106 15.0
5 104 16.0
5 102 17.0
5 100 18.0
5 95 19.0
5 93 20.0
5 91 21.0
5 89 22.0
5 87 23.0
5 85 24.0
5 34 25.0
5 25 26.0
5 14 27.0
5 26 28.0
5 123 29.0
5 119 30.0
5 120 31.0
5 130 32.0
7 135 6.0
7 118 7.0
7 117 8.0
7 116 9.0
7 112 10.0
7 110 11.0
7 108 12.0
7 106 13.0
7 104 14.0
7 102 15.0
7 100 16.0
7 95 17.0
7 93 18.0
7 91 19.0
7 89 20.0
7 87 21.0
7 85 22.0
7 34 23.0
7 25 24.0
7 14 25.0
7 26 26.0
7 123 27.0
7 119 28.0
7 120 29.0
7 130 30.0
10 133 26.0
10 84 27.0
10 82 28.0
10 80 29.0
10 78 30.0
10 76 31.0
10 74 32.0
10 72 33.0
10 70 34.0
10 68 35.0
10 66 36.0
10 31 37.0
10 30 38.0
10 11 39.0
10 29 40.0
10 10 41.0
10 122 42.0
10 9 43.0
10 119 44.0
10 120 45.0
10 130 46.0
14 133 18.0
14 84 19.0
14 82 20.0
14 80 21.0
14 78 22.0
14 76 23.0
14 74 24.0
14 72 25.0
14 70 26.0
14 68 27.0
14 66 28.0
14 31 29.0
14 30 30.0
14 11 31.0
14 29 32.0
14 10 33.0
14 122 34.0
14 9 35.0
14 119 36.0
14 120 37.0
14 130 38.0
15 139 18.0
15 128 19.0
15 98 20.0
15 47 21.0
15 45 22.0
15 44 23.0
15 43 24.0
15 42 25.0
15 37 26.0
15 22 27.0
15 18 28.0
15 21 29.0
15 0 30.0
15 123 31.0
15 119 32.0
15 120 33.0
15 130 34.0
16 131 7.0
16 6 8.0
16 9 9.0
16 121 10.0
16 3 11.0
16 13 12.0
16 27 13.0
16 33 14.0
16 86 15.0
16 88 16.0
16 90 17.0
16 92 18.0
16 94 19.0
16 96 20.0
16 97 21.0
16 101 22.0
16 103 23.0
16 105 24.0
16 107 25.0
16 109 26.0
16 111 27.0
16 113 28.0
16 114 29.0
16 115 30.0
16 134 31.0
17 135 16.0
17 118 17.0
17 117 18.0
17 116 19.0
17 112 20.0
17 110 21.0
17 108 22.0
17 106 23.0
17 104 24.0
17 102 25.0
17 100 26.0
17 95 27.0
17 93 28.0
17 91 29.0
17 89 30.0
17 87 31.0
17 85 32.0
17 34 33.0
17 25 34.0
17 14 35.0
17 26 36.0
17 123 37.0
17 119 38.0
17 120 39.0
17 130 40.0
18 137 17.0
18 126 18.0
18 124 19.0
18 63 20.0
18 61 21.0
18 60 22.0
18 58 23.0
18 55 24.0
18 54 25.0
18 52 26.0
18 50 27.0
18 35 28.0
18 24 29.0
18 15 30.0
18 5 31.0
18 2 32.0
18 123 33.0
18 119 34.0
18 120 35.0
18 130 36.0
20 139 28.0
20 128 29.0
20 98 30.0
20 47 31.0
20 45 32.0
20 44 33.0
20 43 34.0
20 42 35.0
20 37 36.0
20 22 37.0
20 18 38.0
20 21 39.0
20 0 40.0
20 123 41.0
20 119 42.0
20 120 43.0
20 130 44.0
22 131 18.0
22 6 19.0
22 9 20.0
22 121 21.0
22 7 22.0
22 8 23.0
22 12 24.0
22 28 25.0
22 32 26.0
22 65 27.0
22 67 28.0
22 69 29.0
22 71 30.0
22 73 31.0
22 75 32.0
22 77 33.0
22 79 34.0
22 81 35.0
22 83 36.0
22 132 37.0
24 131 10.0
24 6 11.0
24 9 12.0
24 121 13.0
24 7 14.0
24 8 15.0
24 12 16.0
24 28 17.0
24 32 18.0
24 65 19.0
24 67 20.0
24 69 21.0
24 71 22.0
24 73 23.0
24 75 24.0
24 77 25.0
24 79 26.0
24 81 27.0
24 83 28.0
24 132 29.0
25 139 38.0
25 128 39.0
25 98 40.0
25 47 41.0
25 45 42.0
25 44 43.0
25 43 44.0
25 42 45.0
25 37 46.0
25 22 47.0
25 18 48.0
25 21 49.0
25 0 50.0
25 123 51.0
25 119 52.0
25 120 53.0
25 130 54.0
28 135 29.1
28 118 29.0
28 117 30.0
28 116 31.0
28 112 32.0
28 110 33.0
28 108 34.0
28 106 35.0
28 104 36.0
28 102 37.0
28 100 38.0
28 95 39.0
28 93 40.0
28 91 41.0
28 89 42.0
28 87 43.0
28 85 44.0
28 34 45.0
28 25 46.0
28 14 47.0
28 26 48.0
28 123 49.0
28 119 50.0
28 120 51.0
28 130 52.0
29 133 36.0
29 84 37.0
29 82 38.0
29 80 39.0
29 78 40.0
29 76 41.0
29 74 42.0
29 72 43.0
29 70 44.0
29 68 45.0
29 66 46.0
29 31 47.0
29 30 48.0
29 11 49.0
29 29 50.0
29 10 51.0
29 122 52.0
29 9 53.0
29 119 54.0
29 120 55.0
29 130 56.0
30 135 38.0
30 118 39.0
30 117 40.0
30 116 41.0
30 112 42.0
30 110 43.0
30 108 44.0
30 106 45.0
30 104 46.0
30 102 47.0
30 100 48.0
30 95 49.0
30 93 50.0
30 91 51.0
30 89 52.0
30 87 53.0
30 85 54.0
30 34 55.0
30 25 56.0
30 14 57.0
30 26 58.0
30 123 59.0
30 119 60.0
30 120 61.0
30 130 62.0
32 131 16.0
32 6 17.0
32 9 18.0
32 121 19.0
32 7 20.0
32 8 21.0
32 12 22.0
32 28 23.0
32 32 24.0
32 65 25.0
32 67 26.0
32 69 27.0
32 71 28.0
32 73 29.0
32 75 30.0
32 77 31.0
32 79 32.0
32 81 33.0
32 83 34.0
32 132 35.0
33 135 26.0
33 118 27.0
33 117 28.0
33 116 29.0
33 112 30.0
33 110 31.0
33 108 32.0
33 106 33.0
33 104 34.0
33 102 35.0
33 100 36.0
33 95 37.0
33 93 38.0
33 91 39.0
33 89 40.0
33 87 41.0
33 85 42.0
33 34 43.0
33 25 44.0
33 14 45.0
33 26 46.0
33 123 47.0
33 119 48.0
33 120 49.0
33 130 50.0
36 135 24.0
36 118 25.0
36 117 26.0
36 116 27.0
36 112 28.0
36 110 29.0
36 108 30.0
36 106 31.0
36 104 32.0
36 102 33.0
36 100 34.0
36 95 35.0
36 93 36.0
36 91 37.0
36 89 38.0
36 87 39.0
36 85 40.0
36 34 41.0
36 25 42.0
36 14 43.0
36 26 44.0
36 123 45.0
36 119 46.0
36 120 47.0
36 130 48.0
39 139 48.0
39 128 49.0
39 98 50.0
39 47 51.0
39 45 52.0
39 44 53.0
39 43 54.0
39 42 55.0
39 37 56.0
39 22 57.0
39 18 58.0
39 21 59.0
39 0 60.0
39 123 61.0
39 119 62.0
39 120 63.0
39 130 64.0
40 131 29.1
40 6 29.0
40 9 30.0
40 121 31.0
40 7 32.0
40 8 33.0
40 12 34.0
40 28 35.0
40 32 36.0
40 65 37.0
40 67 38.0
40 69 39.0
40 71 40.0
40 73 41.0
40 75 42.0
40 77 43.0
40 79 44.0
40 81 45.0
40 83 46.0
40 132 47.0
44 133 38.0
44 84 39.0
44 82 40.0
44 80 41.0
44 78 42.0
44 76 43.0
44 74 44.0
44 72 45.0
44 70 46.0
44 68 47.0
44 66 48.0
44 31 49.0
44 30 50.0
44 11 51.0
44 29 52.0
44 10 53.0
44 122 54.0
44 9 55.0
44 119 56.0
44 120 57.0
44 130 58.0
45 131 20.0
45 6 21.0
45 9 22.0
45 121 23.0
45 7 24.0
45 8 25.0
45 12 26.0
45 28 27.0
45 32 28.0
45 65 29.0
45 67 30.0
45 69 31.0
45 71 32.0
45 73 33.0
45 75 34.0
45 77 35.0
45 79 36.0
45 81 37.0
45 83 38.0
45 132 39.0
55 135 36.0
55 118 37.0
55 117 38.0
55 116 39.0
55 112 40.0
55 110 41.0
55 108 42.0
55 106 43.0
55 104 44.0
55 102 45.0
55 100 46.0
55 95 47.0
55 93 48.0
55 91 49.0
55 89 50.0
55 87 51.0
55 85 52.0
55 34 53.0
55 25 54.0
55 14 55.0
55 26 56.0
55 123 57.0
55 119 58.0
55 120 59.0
55 130 60.0
57 131 25.0
57 6 26.0
57 9 27.0
57 121 28.0
57 7 29.0
57 8 30.0
57 12 31.0
57 28 32.0
57 32 33.0
57 65 34.0
57 67 35.0
57 69 36.0
57 71 37.0
57 73 38.0
57 75 39.0
57 77 40.0
57 79 41.0
57 81 42.0
57 83 43.0
57 132 44.0
61 133 46.0
61 84 47.0
61 82 48.0
61 80 49.0
61 78 50.0
61 76 51.0
61 74 52.0
61 72 53.0
61 70 54.0
61 68 55.0
61 66 56.0
61 31 57.0
61 30 58.0
61 11 59.0
61 29 60.0
61 10 61.0
61 122 62.0
61 9 63.0
61 119 64.0
61 120 65.0
61 130 66.0
62 135 48.0
62 118 49.0
62 117 50.0
62 116 51.0
62 112 52.0
62 110 53.0
62 108 54.0
62 106 55.0
62 104 56.0
62 102 57.0
62 100 58.0
62 95 59.0
62 93 60.0
62 91 61.0
62 89 62.0
62 87 63.0
62 85 64.0
62 34 65.0
62 25 66.0
62 14 67.0
62 26 68.0
62 123 69.0
62 119 70.0
62 120 71.0
62 130 72.0
70 131 30.0
70 6 31.0
70 9 32.0
70 121 33.0
70 7 34.0
70 8 35.0
70 12 36.0
70 28 37.0
70 32 38.0
70 65 39.0
70 67 40.0
70 69 41.0
70 71 42.0
70 73 43.0
70 75 44.0
70 77 45.0
70 79 46.0
70 81 47.0
70 83 48.0
70 132 49.0
75 135 46.0
75 118 47.0
75 117 48.0
75 116 49.0
75 112 50.0
75 110 51.0
75 108 52.0
75 106 53.0
75 104 54.0
75 102 55.0
75 100 56.0
75 95 57.0
75 93 58.0
75 91 59.0
75 89 60.0
75 87 61.0
75 85 62.0
75 34 63.0
75 25 64.0
75 14 65.0
75 26 66.0
75 123 67.0
75 119 68.0
75 120 69.0
75 130 70.0
97 131 48.0
97 6 49.0
97 9 50.0
97 121 51.0
97 3 52.0
97 13 53.0
97 27 54.0
97 33 55.0
97 86 56.0
97 88 57.0
97 90 58.0
97 92 59.0
97 94 60.0
97 96 61.0
97 97 62.0
97 101 63.0
97 103 64.0
97 105 65.0
97 107 66.0
97 109 67.0
97 111 68.0
97 113 69.0
97 114 70.0
97 115 71.0
97 134 72.0
;
param t_hat_lat:=
2 133 49.0
2 84 50.0
2 82 51.0
2 80 52.0
2 78 53.0
2 76 54.0
2 74 55.0
2 72 56.0
2 70 57.0
2 68 58.0
2 66 59.0
2 31 60.0
2 30 61.0
2 11 62.0
2 29 63.0
2 10 64.0
2 122 65.0
2 9 66.0
2 119 67.0
2 120 68.0
2 130 69.0
3 131 6.0
3 6 7.0
3 9 8.0
3 121 9.0
3 3 10.0
3 13 11.0
3 27 12.0
3 33 13.0
3 86 14.0
3 88 15.0
3 90 16.0
3 92 17.0
3 94 18.0
3 96 19.0
3 97 20.0
3 101 21.0
3 103 22.0
3 105 23.0
3 107 24.0
3 109 25.0
3 111 26.0
3 113 27.0
3 114 28.0
3 115 29.0
3 134 30.0
4 135 19.0
4 118 20.0
4 117 21.0
4 116 22.0
4 112 23.0
4 110 24.0
4 108 25.0
4 106 26.0
4 104 27.0
4 102 28.0
4 100 29.0
4 95 30.0
4 93 31.0
4 91 32.0
4 89 33.0
4 87 34.0
4 85 35.0
4 34 36.0
4 25 37.0
4 14 38.0
4 26 39.0
4 123 40.0
4 119 41.0
4 120 42.0
4 130 43.0
5 135 9.0
5 118 10.0
5 117 11.0
5 116 12.0
5 112 13.0
5 110 14.0
5 108 15.0
5 106 16.0
5 104 17.0
5 102 18.0
5 100 19.0
5 95 20.0
5 93 21.0
5 91 22.0
5 89 23.0
5 87 24.0
5 85 25.0
5 34 26.0
5 25 27.0
5 14 28.0
5 26 29.0
5 123 30.0
5 119 31.0
5 120 32.0
5 130 33.0
7 135 7.0
7 118 8.0
7 117 9.0
7 116 10.0
7 112 11.0
7 110 12.0
7 108 13.0
7 106 14.0
7 104 15.0
7 102 16.0
7 100 17.0
7 95 18.0
7 93 19.0
7 91 20.0
7 89 21.0
7 87 22.0
7 85 23.0
7 34 24.0
7 25 25.0
7 14 26.0
7 26 27.0
7 123 28.0
7 119 29.0
7 120 30.0
7 130 31.0
10 133 27.0
10 84 28.0
10 82 29.0
10 80 30.0
10 78 31.0
10 76 32.0
10 74 33.0
10 72 34.0
10 70 35.0
10 68 36.0
10 66 37.0
10 31 38.0
10 30 39.0
10 11 40.0
10 29 41.0
10 10 42.0
10 122 43.0
10 9 44.0
10 119 45.0
10 120 46.0
10 130 47.0
14 133 19.0
14 84 20.0
14 82 21.0
14 80 22.0
14 78 23.0
14 76 24.0
14 74 25.0
14 72 26.0
14 70 27.0
14 68 28.0
14 66 29.0
14 31 30.0
14 30 31.0
14 11 32.0
14 29 33.0
14 10 34.0
14 122 35.0
14 9 36.0
14 119 37.0
14 120 38.0
14 130 39.0
15 139 19.0
15 128 20.0
15 98 21.0
15 47 22.0
15 45 23.0
15 44 24.0
15 43 25.0
15 42 26.0
15 37 27.0
15 22 28.0
15 18 29.0
15 21 30.0
15 0 31.0
15 123 32.0
15 119 33.0
15 120 34.0
15 130 35.0
16 131 8.0
16 6 9.0
16 9 10.0
16 121 11.0
16 3 12.0
16 13 13.0
16 27 14.0
16 33 15.0
16 86 16.0
16 88 17.0
16 90 18.0
16 92 19.0
16 94 20.0
16 96 21.0
16 97 22.0
16 101 23.0
16 103 24.0
16 105 25.0
16 107 26.0
16 109 27.0
16 111 28.0
16 113 29.0
16 114 30.0
16 115 31.0
16 134 32.0
17 135 17.0
17 118 18.0
17 117 19.0
17 116 20.0
17 112 21.0
17 110 22.0
17 108 23.0
17 106 24.0
17 104 25.0
17 102 26.0
17 100 27.0
17 95 28.0
17 93 29.0
17 91 30.0
17 89 31.0
17 87 32.0
17 85 33.0
17 34 34.0
17 25 35.0
17 14 36.0
17 26 37.0
17 123 38.0
17 119 39.0
17 120 40.0
17 130 41.0
18 137 18.0
18 126 19.0
18 124 20.0
18 63 21.0
18 61 22.0
18 60 23.0
18 58 24.0
18 55 25.0
18 54 26.0
18 52 27.0
18 50 28.0
18 35 29.0
18 24 30.0
18 15 31.0
18 5 32.0
18 2 33.0
18 123 34.0
18 119 35.0
18 120 36.0
18 130 37.0
20 139 29.0
20 128 30.0
20 98 31.0
20 47 32.0
20 45 33.0
20 44 34.0
20 43 35.0
20 42 36.0
20 37 37.0
20 22 38.0
20 18 39.0
20 21 40.0
20 0 41.0
20 123 42.0
20 119 43.0
20 120 44.0
20 130 45.0
22 131 19.0
22 6 20.0
22 9 21.0
22 121 22.0
22 7 23.0
22 8 24.0
22 12 25.0
22 28 26.0
22 32 27.0
22 65 28.0
22 67 29.0
22 69 30.0
22 71 31.0
22 73 32.0
22 75 33.0
22 77 34.0
22 79 35.0
22 81 36.0
22 83 37.0
22 132 38.0
24 131 11.0
24 6 12.0
24 9 13.0
24 121 14.0
24 7 15.0
24 8 16.0
24 12 17.0
24 28 18.0
24 32 19.0
24 65 20.0
24 67 21.0
24 69 22.0
24 71 23.0
24 73 24.0
24 75 25.0
24 77 26.0
24 79 27.0
24 81 28.0
24 83 29.0
24 132 30.0
25 139 39.0
25 128 40.0
25 98 41.0
25 47 42.0
25 45 43.0
25 44 44.0
25 43 45.0
25 42 46.0
25 37 47.0
25 22 48.0
25 18 49.0
25 21 50.0
25 0 51.0
25 123 52.0
25 119 53.0
25 120 54.0
25 130 55.0
28 135 30.1
28 118 30.0
28 117 31.0
28 116 32.0
28 112 33.0
28 110 34.0
28 108 35.0
28 106 36.0
28 104 37.0
28 102 38.0
28 100 39.0
28 95 40.0
28 93 41.0
28 91 42.0
28 89 43.0
28 87 44.0
28 85 45.0
28 34 46.0
28 25 47.0
28 14 48.0
28 26 49.0
28 123 50.0
28 119 51.0
28 120 52.0
28 130 53.0
29 133 37.0
29 84 38.0
29 82 39.0
29 80 40.0
29 78 41.0
29 76 42.0
29 74 43.0
29 72 44.0
29 70 45.0
29 68 46.0
29 66 47.0
29 31 48.0
29 30 49.0
29 11 50.0
29 29 51.0
29 10 52.0
29 122 53.0
29 9 54.0
29 119 55.0
29 120 56.0
29 130 57.0
30 135 39.0
30 118 40.0
30 117 41.0
30 116 42.0
30 112 43.0
30 110 44.0
30 108 45.0
30 106 46.0
30 104 47.0
30 102 48.0
30 100 49.0
30 95 50.0
30 93 51.0
30 91 52.0
30 89 53.0
30 87 54.0
30 85 55.0
30 34 56.0
30 25 57.0
30 14 58.0
30 26 59.0
30 123 60.0
30 119 61.0
30 120 62.0
30 130 63.0
32 131 17.0
32 6 18.0
32 9 19.0
32 121 20.0
32 7 21.0
32 8 22.0
32 12 23.0
32 28 24.0
32 32 25.0
32 65 26.0
32 67 27.0
32 69 28.0
32 71 29.0
32 73 30.0
32 75 31.0
32 77 32.0
32 79 33.0
32 81 34.0
32 83 35.0
32 132 36.0
33 135 27.0
33 118 28.0
33 117 29.0
33 116 30.0
33 112 31.0
33 110 32.0
33 108 33.0
33 106 34.0
33 104 35.0
33 102 36.0
33 100 37.0
33 95 38.0
33 93 39.0
33 91 40.0
33 89 41.0
33 87 42.0
33 85 43.0
33 34 44.0
33 25 45.0
33 14 46.0
33 26 47.0
33 123 48.0
33 119 49.0
33 120 50.0
33 130 51.0
36 135 25.0
36 118 26.0
36 117 27.0
36 116 28.0
36 112 29.0
36 110 30.0
36 108 31.0
36 106 32.0
36 104 33.0
36 102 34.0
36 100 35.0
36 95 36.0
36 93 37.0
36 91 38.0
36 89 39.0
36 87 40.0
36 85 41.0
36 34 42.0
36 25 43.0
36 14 44.0
36 26 45.0
36 123 46.0
36 119 47.0
36 120 48.0
36 130 49.0
39 139 49.0
39 128 50.0
39 98 51.0
39 47 52.0
39 45 53.0
39 44 54.0
39 43 55.0
39 42 56.0
39 37 57.0
39 22 58.0
39 18 59.0
39 21 60.0
39 0 61.0
39 123 62.0
39 119 63.0
39 120 64.0
39 130 65.0
40 131 30.1
40 6 30.0
40 9 31.0
40 121 32.0
40 7 33.0
40 8 34.0
40 12 35.0
40 28 36.0
40 32 37.0
40 65 38.0
40 67 39.0
40 69 40.0
40 71 41.0
40 73 42.0
40 75 43.0
40 77 44.0
40 79 45.0
40 81 46.0
40 83 47.0
40 132 48.0
44 133 39.0
44 84 40.0
44 82 41.0
44 80 42.0
44 78 43.0
44 76 44.0
44 74 45.0
44 72 46.0
44 70 47.0
44 68 48.0
44 66 49.0
44 31 50.0
44 30 51.0
44 11 52.0
44 29 53.0
44 10 54.0
44 122 55.0
44 9 56.0
44 119 57.0
44 120 58.0
44 130 59.0
45 131 21.0
45 6 22.0
45 9 23.0
45 121 24.0
45 7 25.0
45 8 26.0
45 12 27.0
45 28 28.0
45 32 29.0
45 65 30.0
45 67 31.0
45 69 32.0
45 71 33.0
45 73 34.0
45 75 35.0
45 77 36.0
45 79 37.0
45 81 38.0
45 83 39.0
45 132 40.0
55 135 37.0
55 118 38.0
55 117 39.0
55 116 40.0
55 112 41.0
55 110 42.0
55 108 43.0
55 106 44.0
55 104 45.0
55 102 46.0
55 100 47.0
55 95 48.0
55 93 49.0
55 91 50.0
55 89 51.0
55 87 52.0
55 85 53.0
55 34 54.0
55 25 55.0
55 14 56.0
55 26 57.0
55 123 58.0
55 119 59.0
55 120 60.0
55 130 61.0
57 131 26.0
57 6 27.0
57 9 28.0
57 121 29.0
57 7 30.0
57 8 31.0
57 12 32.0
57 28 33.0
57 32 34.0
57 65 35.0
57 67 36.0
57 69 37.0
57 71 38.0
57 73 39.0
57 75 40.0
57 77 41.0
57 79 42.0
57 81 43.0
57 83 44.0
57 132 45.0
61 133 47.0
61 84 48.0
61 82 49.0
61 80 50.0
61 78 51.0
61 76 52.0
61 74 53.0
61 72 54.0
61 70 55.0
61 68 56.0
61 66 57.0
61 31 58.0
61 30 59.0
61 11 60.0
61 29 61.0
61 10 62.0
61 122 63.0
61 9 64.0
61 119 65.0
61 120 66.0
61 130 67.0
62 135 49.0
62 118 50.0
62 117 51.0
62 116 52.0
62 112 53.0
62 110 54.0
62 108 55.0
62 106 56.0
62 104 57.0
62 102 58.0
62 100 59.0
62 95 60.0
62 93 61.0
62 91 62.0
62 89 63.0
62 87 64.0
62 85 65.0
62 34 66.0
62 25 67.0
62 14 68.0
62 26 69.0
62 123 70.0
62 119 71.0
62 120 72.0
62 130 73.0
70 131 31.0
70 6 32.0
70 9 33.0
70 121 34.0
70 7 35.0
70 8 36.0
70 12 37.0
70 28 38.0
70 32 39.0
70 65 40.0
70 67 41.0
70 69 42.0
70 71 43.0
70 73 44.0
70 75 45.0
70 77 46.0
70 79 47.0
70 81 48.0
70 83 49.0
70 132 50.0
75 135 47.0
75 118 48.0
75 117 49.0
75 116 50.0
75 112 51.0
75 110 52.0
75 108 53.0
75 106 54.0
75 104 55.0
75 102 56.0
75 100 57.0
75 95 58.0
75 93 59.0
75 91 60.0
75 89 61.0
75 87 62.0
75 85 63.0
75 34 64.0
75 25 65.0
75 14 66.0
75 26 67.0
75 123 68.0
75 119 69.0
75 120 70.0
75 130 71.0
97 131 49.0
97 6 50.0
97 9 51.0
97 121 52.0
97 3 53.0
97 13 54.0
97 27 55.0
97 33 56.0
97 86 57.0
97 88 58.0
97 90 59.0
97 92 60.0
97 94 61.0
97 96 62.0
97 97 63.0
97 101 64.0
97 103 65.0
97 105 66.0
97 107 67.0
97 109 68.0
97 111 69.0
97 113 70.0
97 114 71.0
97 115 72.0
97 134 73.0
;
set fixedFlights :=
15 21 0
20 21 0
25 21 0
39 21 0
18 5 2
3 6 9
16 6 9
22 6 9
24 6 9
32 6 9
45 6 9
57 6 9
70 6 9
97 6 9
22 7 8
24 7 8
32 7 8
45 7 8
57 7 8
70 7 8
2 29 10
10 29 10
14 29 10
29 29 10
44 29 10
61 29 10
2 11 29
10 11 29
14 11 29
29 11 29
44 11 29
61 11 29
2 30 11
10 30 11
14 30 11
29 30 11
44 30 11
61 30 11
22 8 12
24 8 12
32 8 12
45 8 12
57 8 12
70 8 12
22 12 28
24 12 28
32 12 28
45 12 28
57 12 28
70 12 28
18 15 5
18 24 15
15 22 18
20 22 18
25 22 18
39 22 18
15 18 21
20 18 21
25 18 21
39 18 21
4 14 26
5 14 26
7 14 26
17 14 26
30 14 26
33 14 26
36 14 26
55 14 26
62 14 26
75 14 26
3 3 13
16 3 13
97 3 13
3 131 6
16 131 6
22 131 6
24 131 6
32 131 6
45 131 6
57 131 6
70 131 6
97 131 6
22 83 132
24 83 132
32 83 132
45 83 132
57 83 132
70 83 132
2 133 84
10 133 84
14 133 84
29 133 84
44 133 84
61 133 84
3 13 27
16 13 27
97 13 27
3 27 33
16 27 33
97 27 33
3 33 86
16 33 86
97 33 86
3 86 88
16 86 88
97 86 88
3 88 90
16 88 90
97 88 90
3 90 92
16 90 92
97 90 92
3 92 94
16 92 94
97 92 94
3 94 96
16 94 96
97 94 96
3 96 97
16 96 97
97 96 97
3 97 101
16 97 101
97 97 101
3 101 103
16 101 103
97 101 103
3 103 105
16 103 105
97 103 105
3 105 107
16 105 107
97 105 107
3 107 109
16 107 109
97 107 109
3 109 111
16 109 111
97 109 111
3 111 113
16 111 113
97 111 113
3 113 114
16 113 114
97 113 114
3 114 115
16 114 115
97 114 115
4 118 117
5 118 117
7 118 117
17 118 117
30 118 117
33 118 117
36 118 117
55 118 117
62 118 117
75 118 117
4 117 116
5 117 116
7 117 116
17 117 116
30 117 116
33 117 116
36 117 116
55 117 116
62 117 116
75 117 116
4 116 112
5 116 112
7 116 112
17 116 112
30 116 112
33 116 112
36 116 112
55 116 112
62 116 112
75 116 112
4 112 110
5 112 110
7 112 110
17 112 110
30 112 110
33 112 110
36 112 110
55 112 110
62 112 110
75 112 110
4 110 108
5 110 108
7 110 108
17 110 108
30 110 108
33 110 108
36 110 108
55 110 108
62 110 108
75 110 108
4 108 106
5 108 106
7 108 106
17 108 106
30 108 106
33 108 106
36 108 106
55 108 106
62 108 106
75 108 106
4 106 104
5 106 104
7 106 104
17 106 104
30 106 104
33 106 104
36 106 104
55 106 104
62 106 104
75 106 104
4 104 102
5 104 102
7 104 102
17 104 102
30 104 102
33 104 102
36 104 102
55 104 102
62 104 102
75 104 102
4 102 100
5 102 100
7 102 100
17 102 100
30 102 100
33 102 100
36 102 100
55 102 100
62 102 100
75 102 100
4 100 95
5 100 95
7 100 95
17 100 95
30 100 95
33 100 95
36 100 95
55 100 95
62 100 95
75 100 95
4 95 93
5 95 93
7 95 93
17 95 93
30 95 93
33 95 93
36 95 93
55 95 93
62 95 93
75 95 93
4 93 91
5 93 91
7 93 91
17 93 91
30 93 91
33 93 91
36 93 91
55 93 91
62 93 91
75 93 91
4 91 89
5 91 89
7 91 89
17 91 89
30 91 89
33 91 89
36 91 89
55 91 89
62 91 89
75 91 89
4 89 87
5 89 87
7 89 87
17 89 87
30 89 87
33 89 87
36 89 87
55 89 87
62 89 87
75 89 87
4 87 85
5 87 85
7 87 85
17 87 85
30 87 85
33 87 85
36 87 85
55 87 85
62 87 85
75 87 85
4 85 34
5 85 34
7 85 34
17 85 34
30 85 34
33 85 34
36 85 34
55 85 34
62 85 34
75 85 34
4 34 25
5 34 25
7 34 25
17 34 25
30 34 25
33 34 25
36 34 25
55 34 25
62 34 25
75 34 25
4 25 14
5 25 14
7 25 14
17 25 14
30 25 14
33 25 14
36 25 14
55 25 14
62 25 14
75 25 14
18 63 61
18 61 60
18 60 58
18 58 55
18 55 54
18 54 52
18 52 50
18 50 35
18 35 24
15 98 47
20 98 47
25 98 47
39 98 47
15 47 45
20 47 45
25 47 45
39 47 45
15 45 44
20 45 44
25 45 44
39 45 44
15 44 43
20 44 43
25 44 43
39 44 43
15 43 42
20 43 42
25 43 42
39 43 42
15 42 37
20 42 37
25 42 37
39 42 37
15 37 22
20 37 22
25 37 22
39 37 22
2 9 119
10 9 119
14 9 119
29 9 119
44 9 119
61 9 119
2 119 120
4 119 120
5 119 120
7 119 120
10 119 120
14 119 120
15 119 120
17 119 120
18 119 120
20 119 120
25 119 120
29 119 120
30 119 120
33 119 120
36 119 120
39 119 120
44 119 120
55 119 120
61 119 120
62 119 120
75 119 120
2 120 130
4 120 130
5 120 130
7 120 130
10 120 130
14 120 130
15 120 130
17 120 130
18 120 130
20 120 130
25 120 130
29 120 130
30 120 130
33 120 130
36 120 130
39 120 130
44 120 130
55 120 130
61 120 130
62 120 130
75 120 130
3 9 121
16 9 121
22 9 121
24 9 121
32 9 121
45 9 121
57 9 121
70 9 121
97 9 121
3 121 3
16 121 3
97 121 3
22 121 7
24 121 7
32 121 7
45 121 7
57 121 7
70 121 7
2 10 122
10 10 122
14 10 122
29 10 122
44 10 122
61 10 122
2 122 9
10 122 9
14 122 9
29 122 9
44 122 9
61 122 9
22 28 32
24 28 32
32 28 32
45 28 32
57 28 32
70 28 32
22 32 65
24 32 65
32 32 65
45 32 65
57 32 65
70 32 65
22 65 67
24 65 67
32 65 67
45 65 67
57 65 67
70 65 67
22 67 69
24 67 69
32 67 69
45 67 69
57 67 69
70 67 69
22 69 71
24 69 71
32 69 71
45 69 71
57 69 71
70 69 71
22 71 73
24 71 73
32 71 73
45 71 73
57 71 73
70 71 73
22 73 75
24 73 75
32 73 75
45 73 75
57 73 75
70 73 75
22 75 77
24 75 77
32 75 77
45 75 77
57 75 77
70 75 77
22 77 79
24 77 79
32 77 79
45 77 79
57 77 79
70 77 79
22 79 81
24 79 81
32 79 81
45 79 81
57 79 81
70 79 81
22 81 83
24 81 83
32 81 83
45 81 83
57 81 83
70 81 83
2 84 82
10 84 82
14 84 82
29 84 82
44 84 82
61 84 82
2 82 80
10 82 80
14 82 80
29 82 80
44 82 80
61 82 80
2 80 78
10 80 78
14 80 78
29 80 78
44 80 78
61 80 78
2 78 76
10 78 76
14 78 76
29 78 76
44 78 76
61 78 76
2 76 74
10 76 74
14 76 74
29 76 74
44 76 74
61 76 74
2 74 72
10 74 72
14 74 72
29 74 72
44 74 72
61 74 72
2 72 70
10 72 70
14 72 70
29 72 70
44 72 70
61 72 70
2 70 68
10 70 68
14 70 68
29 70 68
44 70 68
61 70 68
2 68 66
10 68 66
14 68 66
29 68 66
44 68 66
61 68 66
2 66 31
10 66 31
14 66 31
29 66 31
44 66 31
61 66 31
2 31 30
10 31 30
14 31 30
29 31 30
44 31 30
61 31 30
4 123 119
5 123 119
7 123 119
15 123 119
17 123 119
18 123 119
20 123 119
25 123 119
30 123 119
33 123 119
36 123 119
39 123 119
55 123 119
62 123 119
75 123 119
15 0 123
20 0 123
25 0 123
39 0 123
18 2 123
4 26 123
5 26 123
7 26 123
17 26 123
30 26 123
33 26 123
36 26 123
55 26 123
62 26 123
75 26 123
3 115 134
16 115 134
97 115 134
4 135 118
5 135 118
7 135 118
17 135 118
30 135 118
33 135 118
36 135 118
55 135 118
62 135 118
75 135 118
18 137 126
18 126 124
18 124 63
15 139 128
20 139 128
25 139 128
39 139 128
15 128 98
20 128 98
25 128 98
39 128 98
;
;
set inFlight:=
3
4
5
7
10
14
15
16
17
18
20
22
24
32
33
36
45
57
;
param tini := 29.1;
