param nn:= 140;
set F:=
0
1
2
3
4
5
6
7
8
9
10
11
12
13
14
15
18
19
20
22
24
26
27
29
32
37
38
39
44
46
47
48
52
54
55
58
59
61
63
64
77
78
85
90
99
;
param: E: d:=
1 19 2.500000
21 0 2.500000
19 21 2.500000
21 4 2.500000
5 2 2.500000
6 9 2.500000
7 8 2.500000
29 10 2.500000
11 29 2.500000
30 11 2.500000
8 12 2.500000
12 28 2.500000
15 5 2.500000
24 15 2.500000
4 16 2.500000
16 23 2.500000
19 17 2.500000
17 20 2.500000
22 18 2.500000
18 21 2.500000
14 26 2.500000
3 13 2.500000
131 6 1.500000
83 132 1.500000
133 84 1.500000
13 27 2.500000
27 33 2.500000
33 86 2.500000
86 88 2.500000
88 90 2.500000
90 92 2.500000
92 94 2.500000
94 96 2.500000
96 97 2.500000
97 101 2.500000
101 103 2.500000
103 105 2.500000
105 107 2.500000
107 109 2.500000
109 111 2.500000
111 113 2.500000
113 114 2.500000
114 115 2.500000
118 117 2.500000
117 116 2.500000
116 112 2.500000
112 110 2.500000
110 108 2.500000
108 106 2.500000
106 104 2.500000
104 102 2.500000
102 100 2.500000
100 95 2.500000
95 93 2.500000
93 91 2.500000
91 89 2.500000
89 87 2.500000
87 85 2.500000
85 34 2.500000
34 25 2.500000
25 14 2.500000
23 36 2.500000
36 49 2.500000
49 51 2.500000
51 53 2.500000
53 56 2.500000
56 57 2.500000
57 59 2.500000
59 62 2.500000
62 64 2.500000
63 61 2.500000
61 60 2.500000
60 58 2.500000
58 55 2.500000
55 54 2.500000
54 52 2.500000
52 50 2.500000
50 35 2.500000
35 24 2.500000
20 38 2.500000
38 39 2.500000
39 40 2.500000
40 41 2.500000
41 46 2.500000
46 48 2.500000
48 99 2.500000
98 47 2.500000
47 45 2.500000
45 44 2.500000
44 43 2.500000
43 42 2.500000
42 37 2.500000
37 22 2.500000
9 119 2.500000
119 1 2.500000
119 120 2.500000
120 130 1.500000
9 121 2.500000
121 3 2.500000
121 7 2.500000
10 122 2.500000
122 9 2.500000
28 32 2.500000
32 65 2.500000
65 67 2.500000
67 69 2.500000
69 71 2.500000
71 73 2.500000
73 75 2.500000
75 77 2.500000
77 79 2.500000
79 81 2.500000
81 83 2.500000
84 82 2.500000
82 80 2.500000
80 78 2.500000
78 76 2.500000
76 74 2.500000
74 72 2.500000
72 70 2.500000
70 68 2.500000
68 66 2.500000
66 31 2.500000
31 30 2.500000
123 121 2.500000
123 119 2.500000
0 123 2.500000
2 123 2.500000
26 123 2.500000
115 134 1.500000
135 118 1.500000
137 126 1.500000
126 124 2.500000
124 63 2.500000
64 125 2.500000
125 127 2.500000
127 136 1.500000
139 128 1.500000
128 98 2.500000
99 129 2.500000
129 138 1.500000
;
param s:=
0 131
1 135
2 137
3 131
4 137
5 137
6 133
7 133
8 139
9 131
10 133
11 131
12 137
13 139
14 139
15 131
18 137
19 135
20 131
22 137
24 135
26 137
27 139
29 135
32 131
37 135
38 135
39 133
44 135
46 131
47 131
48 131
52 133
54 131
55 135
58 137
59 139
61 131
63 131
64 137
77 135
78 135
85 131
90 131
99 131
;
param e:=
0 136
1 130
2 130
3 132
4 130
5 130
6 130
7 130
8 130
9 132
10 130
11 138
12 130
13 130
14 130
15 134
18 130
19 130
20 132
22 130
24 130
26 130
27 130
29 130
32 134
37 130
38 130
39 130
44 130
46 134
47 134
48 134
52 130
54 134
55 130
58 130
59 130
61 132
63 132
64 130
77 130
78 130
85 132
90 132
99 134
;
param v_min:=2.375
;
param v_max:=2.625
;
param :conflictsNodes: angle:=
0 21 123 1.000000
0 123 21 1.000000
1 19 119 1.000000
1 119 19 1.000000
2 5 123 1.000000
2 123 5 1.000000
3 13 121 1.000000
3 121 13 1.000000
4 16 21 1.000000
4 21 16 1.000000
5 2 15 1.000000
5 15 2 1.000000
7 8 121 1.000000
7 121 8 1.000000
8 7 12 1.000000
8 12 7 1.000000
9 6 119 1.000000
9 119 6 1.000000
9 6 121 1.000000
9 121 6 1.000000
9 6 122 1.000000
9 122 6 1.000000
9 119 121 1.000000
9 121 119 1.000000
9 119 122 1.000000
9 122 119 1.000000
9 121 122 1.000000
9 122 121 1.000000
10 29 122 1.000000
10 122 29 1.000000
11 29 30 1.000000
11 30 29 1.000000
12 8 28 1.000000
12 28 8 1.000000
13 3 27 1.000000
13 27 3 1.000000
14 25 26 1.000000
14 26 25 1.000000
15 5 24 1.000000
15 24 5 1.000000
16 4 23 1.000000
16 23 4 1.000000
17 19 20 1.000000
17 20 19 1.000000
18 21 22 1.000000
18 22 21 1.000000
19 1 21 1.000000
19 21 1 1.000000
19 1 17 1.000000
19 17 1 1.000000
19 17 21 1.000000
19 21 17 1.000000
20 17 38 1.000000
20 38 17 1.000000
21 0 19 1.000000
21 19 0 1.000000
21 0 4 1.000000
21 4 0 1.000000
21 0 18 1.000000
21 18 0 1.000000
21 4 19 1.000000
21 19 4 1.000000
21 4 18 1.478880
21 18 4 1.478880
21 18 19 1.000000
21 19 18 1.000000
22 18 37 1.000000
22 37 18 1.000000
23 16 36 1.000000
23 36 16 1.000000
24 15 35 1.000000
24 35 15 1.000000
25 14 34 1.000000
25 34 14 1.000000
26 14 123 1.000000
26 123 14 1.000000
27 13 33 1.000000
27 33 13 1.000000
28 12 32 1.000000
28 32 12 1.000000
29 10 11 1.000000
29 11 10 1.000000
30 11 31 1.000000
30 31 11 1.000000
31 30 66 1.000000
31 66 30 1.000000
32 28 65 1.000000
32 65 28 1.000000
33 27 86 1.000000
33 86 27 1.000000
34 25 85 1.000000
34 85 25 1.000000
35 24 50 1.000000
35 50 24 1.000000
36 23 49 1.000000
36 49 23 1.000000
37 22 42 1.000000
37 42 22 1.000000
38 20 39 1.000000
38 39 20 1.000000
39 38 40 1.000000
39 40 38 1.000000
40 39 41 1.000000
40 41 39 1.000000
41 40 46 1.000000
41 46 40 1.000000
42 37 43 1.000000
42 43 37 1.000000
43 42 44 1.000000
43 44 42 1.000000
44 43 45 1.000000
44 45 43 1.000000
45 44 47 1.000000
45 47 44 1.000000
46 41 48 1.000000
46 48 41 1.000000
47 45 98 1.000000
47 98 45 1.000000
48 46 99 1.000000
48 99 46 1.000000
49 36 51 1.000000
49 51 36 1.000000
50 35 52 1.000000
50 52 35 1.000000
51 49 53 1.000000
51 53 49 1.000000
52 50 54 1.000000
52 54 50 1.000000
53 51 56 1.000000
53 56 51 1.000000
54 52 55 1.000000
54 55 52 1.000000
55 54 58 1.000000
55 58 54 1.000000
56 53 57 1.000000
56 57 53 1.000000
57 56 59 1.000000
57 59 56 1.000000
58 55 60 1.000000
58 60 55 1.000000
59 57 62 1.000000
59 62 57 1.000000
60 58 61 1.000000
60 61 58 1.000000
61 60 63 1.000000
61 63 60 1.000000
62 59 64 1.000000
62 64 59 1.000000
63 61 124 1.000000
63 124 61 1.000000
64 62 125 1.000000
64 125 62 1.000000
65 32 67 1.000000
65 67 32 1.000000
66 31 68 1.000000
66 68 31 1.000000
67 65 69 1.000000
67 69 65 1.000000
68 66 70 1.000000
68 70 66 1.000000
69 67 71 1.000000
69 71 67 1.000000
70 68 72 1.000000
70 72 68 1.000000
71 69 73 1.000000
71 73 69 1.000000
72 70 74 1.000000
72 74 70 1.000000
73 71 75 1.000000
73 75 71 1.000000
74 72 76 1.000000
74 76 72 1.000000
75 73 77 1.000000
75 77 73 1.000000
76 74 78 1.000000
76 78 74 1.000000
77 75 79 1.000000
77 79 75 1.000000
78 76 80 1.000000
78 80 76 1.000000
79 77 81 1.000000
79 81 77 1.000000
80 78 82 1.000000
80 82 78 1.000000
81 79 83 1.000000
81 83 79 1.000000
82 80 84 1.000000
82 84 80 1.000000
85 34 87 1.000000
85 87 34 1.000000
86 33 88 1.000000
86 88 33 1.000000
87 85 89 1.000000
87 89 85 1.000000
88 86 90 1.000000
88 90 86 1.000000
89 87 91 1.000000
89 91 87 1.000000
90 88 92 1.000000
90 92 88 1.000000
91 89 93 1.000000
91 93 89 1.000000
92 90 94 1.000000
92 94 90 1.000000
93 91 95 1.000000
93 95 91 1.000000
94 92 96 1.000000
94 96 92 1.000000
95 93 100 1.000000
95 100 93 1.000000
96 94 97 1.000000
96 97 94 1.000000
97 96 101 1.000000
97 101 96 1.000000
98 47 128 1.000000
98 128 47 1.000000
99 48 129 1.000000
99 129 48 1.000000
100 95 102 1.000000
100 102 95 1.000000
101 97 103 1.000000
101 103 97 1.000000
102 100 104 1.000000
102 104 100 1.000000
103 101 105 1.000000
103 105 101 1.000000
104 102 106 1.000000
104 106 102 1.000000
105 103 107 1.000000
105 107 103 1.000000
106 104 108 1.000000
106 108 104 1.000000
107 105 109 1.000000
107 109 105 1.000000
108 106 110 1.000000
108 110 106 1.000000
109 107 111 1.000000
109 111 107 1.000000
110 108 112 1.000000
110 112 108 1.000000
111 109 113 1.000000
111 113 109 1.000000
112 110 116 1.000000
112 116 110 1.000000
113 111 114 1.000000
113 114 111 1.000000
114 113 115 1.000000
114 115 113 1.000000
116 112 117 1.000000
116 117 112 1.000000
117 116 118 1.000000
117 118 116 1.000000
119 9 120 1.000000
119 120 9 1.000000
119 9 123 1.000000
119 123 9 1.000000
119 1 9 1.000000
119 9 1 1.000000
119 1 120 1.000000
119 120 1 1.000000
119 1 123 1.000000
119 123 1 1.000000
119 120 123 1.000000
119 123 120 1.000000
121 9 123 1.000000
121 123 9 1.000000
121 3 9 1.000000
121 9 3 1.000000
121 3 7 1.416150
121 7 3 1.416150
121 3 123 1.000000
121 123 3 1.000000
121 7 9 1.000000
121 9 7 1.000000
121 7 123 1.000000
121 123 7 1.000000
122 9 10 1.000000
122 10 9 1.000000
123 0 2 1.478880
123 2 0 1.478880
123 0 26 1.000000
123 26 0 1.000000
123 0 121 1.000000
123 121 0 1.000000
123 0 119 1.000000
123 119 0 1.000000
123 2 26 1.357350
123 26 2 1.357350
123 2 121 1.000000
123 121 2 1.000000
123 2 119 1.000000
123 119 2 1.000000
123 26 121 1.000000
123 121 26 1.000000
123 26 119 1.000000
123 119 26 1.000000
123 119 121 1.000000
123 121 119 1.000000
124 63 126 1.000000
124 126 63 1.000000
125 64 127 1.000000
125 127 64 1.000000
;
param D:=0.5;
param t_hat_ear:=
0 131 2.0
0 6 3.0
0 9 4.0
0 119 5.0
0 1 6.0
0 19 7.0
0 21 8.0
0 4 9.0
0 16 10.0
0 23 11.0
0 36 12.0
0 49 13.0
0 51 14.0
0 53 15.0
0 56 16.0
0 57 17.0
0 59 18.0
0 62 19.0
0 64 20.0
0 125 21.0
0 127 22.0
0 136 23.0
1 135 8.0
1 118 9.0
1 117 10.0
1 116 11.0
1 112 12.0
1 110 13.0
1 108 14.0
1 106 15.0
1 104 16.0
1 102 17.0
1 100 18.0
1 95 19.0
1 93 20.0
1 91 21.0
1 89 22.0
1 87 23.0
1 85 24.0
1 34 25.0
1 25 26.0
1 14 27.0
1 26 28.0
1 123 29.0
1 119 30.0
1 120 31.0
1 130 32.0
2 137 15.0
2 126 16.0
2 124 17.0
2 63 18.0
2 61 19.0
2 60 20.0
2 58 21.0
2 55 22.0
2 54 23.0
2 52 24.0
2 50 25.0
2 35 26.0
2 24 27.0
2 15 28.0
2 5 29.0
2 2 30.0
2 123 31.0
2 119 32.0
2 120 33.0
2 130 34.0
3 131 0.0
3 6 1.0
3 9 2.0
3 121 3.0
3 7 4.0
3 8 5.0
3 12 6.0
3 28 7.0
3 32 8.0
3 65 9.0
3 67 10.0
3 69 11.0
3 71 12.0
3 73 13.0
3 75 14.0
3 77 15.0
3 79 16.0
3 81 17.0
3 83 18.0
3 132 19.0
4 137 5.0
4 126 6.0
4 124 7.0
4 63 8.0
4 61 9.0
4 60 10.0
4 58 11.0
4 55 12.0
4 54 13.0
4 52 14.0
4 50 15.0
4 35 16.0
4 24 17.0
4 15 18.0
4 5 19.0
4 2 20.0
4 123 21.0
4 119 22.0
4 120 23.0
4 130 24.0
5 137 7.0
5 126 8.0
5 124 9.0
5 63 10.0
5 61 11.0
5 60 12.0
5 58 13.0
5 55 14.0
5 54 15.0
5 52 16.0
5 50 17.0
5 35 18.0
5 24 19.0
5 15 20.0
5 5 21.0
5 2 22.0
5 123 23.0
5 119 24.0
5 120 25.0
5 130 26.0
6 133 8.0
6 84 9.0
6 82 10.0
6 80 11.0
6 78 12.0
6 76 13.0
6 74 14.0
6 72 15.0
6 70 16.0
6 68 17.0
6 66 18.0
6 31 19.0
6 30 20.0
6 11 21.0
6 29 22.0
6 10 23.0
6 122 24.0
6 9 25.0
6 119 26.0
6 120 27.0
6 130 28.0
7 133 18.0
7 84 19.0
7 82 20.0
7 80 21.0
7 78 22.0
7 76 23.0
7 74 24.0
7 72 25.0
7 70 26.0
7 68 27.0
7 66 28.0
7 31 29.0
7 30 30.0
7 11 31.0
7 29 32.0
7 10 33.0
7 122 34.0
7 9 35.0
7 119 36.0
7 120 37.0
7 130 38.0
8 139 7.1
8 128 7.0
8 98 8.0
8 47 9.0
8 45 10.0
8 44 11.0
8 43 12.0
8 42 13.0
8 37 14.0
8 22 15.0
8 18 16.0
8 21 17.0
8 0 18.0
8 123 19.0
8 119 20.0
8 120 21.0
8 130 22.0
9 131 8.0
9 6 9.0
9 9 10.0
9 121 11.0
9 7 12.0
9 8 13.0
9 12 14.0
9 28 15.0
9 32 16.0
9 65 17.0
9 67 18.0
9 69 19.0
9 71 20.0
9 73 21.0
9 75 22.0
9 77 23.0
9 79 24.0
9 81 25.0
9 83 26.0
9 132 27.0
10 133 39.0
10 84 40.0
10 82 41.0
10 80 42.0
10 78 43.0
10 76 44.0
10 74 45.0
10 72 46.0
10 70 47.0
10 68 48.0
10 66 49.0
10 31 50.0
10 30 51.0
10 11 52.0
10 29 53.0
10 10 54.0
10 122 55.0
10 9 56.0
10 119 57.0
10 120 58.0
10 130 59.0
11 131 4.0
11 6 5.0
11 9 6.0
11 119 7.0
11 1 8.0
11 19 9.0
11 17 10.0
11 20 11.0
11 38 12.0
11 39 13.0
11 40 14.0
11 41 15.0
11 46 16.0
11 48 17.0
11 99 18.0
11 129 19.0
11 138 20.0
12 137 17.0
12 126 18.0
12 124 19.0
12 63 20.0
12 61 21.0
12 60 22.0
12 58 23.0
12 55 24.0
12 54 25.0
12 52 26.0
12 50 27.0
12 35 28.0
12 24 29.0
12 15 30.0
12 5 31.0
12 2 32.0
12 123 33.0
12 119 34.0
12 120 35.0
12 130 36.0
13 139 2.0
13 128 3.0
13 98 4.0
13 47 5.0
13 45 6.0
13 44 7.0
13 43 8.0
13 42 9.0
13 37 10.0
13 22 11.0
13 18 12.0
13 21 13.0
13 0 14.0
13 123 15.0
13 119 16.0
13 120 17.0
13 130 18.0
14 139 0.0
14 128 1.0
14 98 2.0
14 47 3.0
14 45 4.0
14 44 5.0
14 43 6.0
14 42 7.0
14 37 8.0
14 22 9.0
14 18 10.0
14 21 11.0
14 0 12.0
14 123 13.0
14 119 14.0
14 120 15.0
14 130 16.0
15 131 7.1
15 6 7.0
15 9 8.0
15 121 9.0
15 3 10.0
15 13 11.0
15 27 12.0
15 33 13.0
15 86 14.0
15 88 15.0
15 90 16.0
15 92 17.0
15 94 18.0
15 96 19.0
15 97 20.0
15 101 21.0
15 103 22.0
15 105 23.0
15 107 24.0
15 109 25.0
15 111 26.0
15 113 27.0
15 114 28.0
15 115 29.0
15 134 30.0
18 137 1.0
18 126 2.0
18 124 3.0
18 63 4.0
18 61 5.0
18 60 6.0
18 58 7.0
18 55 8.0
18 54 9.0
18 52 10.0
18 50 11.0
18 35 12.0
18 24 13.0
18 15 14.0
18 5 15.0
18 2 16.0
18 123 17.0
18 119 18.0
18 120 19.0
18 130 20.0
19 135 7.1
19 118 7.0
19 117 8.0
19 116 9.0
19 112 10.0
19 110 11.0
19 108 12.0
19 106 13.0
19 104 14.0
19 102 15.0
19 100 16.0
19 95 17.0
19 93 18.0
19 91 19.0
19 89 20.0
19 87 21.0
19 85 22.0
19 34 23.0
19 25 24.0
19 14 25.0
19 26 26.0
19 123 27.0
19 119 28.0
19 120 29.0
19 130 30.0
20 131 10.0
20 6 11.0
20 9 12.0
20 121 13.0
20 7 14.0
20 8 15.0
20 12 16.0
20 28 17.0
20 32 18.0
20 65 19.0
20 67 20.0
20 69 21.0
20 71 22.0
20 73 23.0
20 75 24.0
20 77 25.0
20 79 26.0
20 81 27.0
20 83 28.0
20 132 29.0
22 137 29.0
22 126 30.0
22 124 31.0
22 63 32.0
22 61 33.0
22 60 34.0
22 58 35.0
22 55 36.0
22 54 37.0
22 52 38.0
22 50 39.0
22 35 40.0
22 24 41.0
22 15 42.0
22 5 43.0
22 2 44.0
22 123 45.0
22 119 46.0
22 120 47.0
22 130 48.0
24 135 29.0
24 118 30.0
24 117 31.0
24 116 32.0
24 112 33.0
24 110 34.0
24 108 35.0
24 106 36.0
24 104 37.0
24 102 38.0
24 100 39.0
24 95 40.0
24 93 41.0
24 91 42.0
24 89 43.0
24 87 44.0
24 85 45.0
24 34 46.0
24 25 47.0
24 14 48.0
24 26 49.0
24 123 50.0
24 119 51.0
24 120 52.0
24 130 53.0
26 137 27.0
26 126 28.0
26 124 29.0
26 63 30.0
26 61 31.0
26 60 32.0
26 58 33.0
26 55 34.0
26 54 35.0
26 52 36.0
26 50 37.0
26 35 38.0
26 24 39.0
26 15 40.0
26 5 41.0
26 2 42.0
26 123 43.0
26 119 44.0
26 120 45.0
26 130 46.0
27 139 49.0
27 128 50.0
27 98 51.0
27 47 52.0
27 45 53.0
27 44 54.0
27 43 55.0
27 42 56.0
27 37 57.0
27 22 58.0
27 18 59.0
27 21 60.0
27 0 61.0
27 123 62.0
27 119 63.0
27 120 64.0
27 130 65.0
29 135 16.0
29 118 17.0
29 117 18.0
29 116 19.0
29 112 20.0
29 110 21.0
29 108 22.0
29 106 23.0
29 104 24.0
29 102 25.0
29 100 26.0
29 95 27.0
29 93 28.0
29 91 29.0
29 89 30.0
29 87 31.0
29 85 32.0
29 34 33.0
29 25 34.0
29 14 35.0
29 26 36.0
29 123 37.0
29 119 38.0
29 120 39.0
29 130 40.0
32 131 12.0
32 6 13.0
32 9 14.0
32 121 15.0
32 3 16.0
32 13 17.0
32 27 18.0
32 33 19.0
32 86 20.0
32 88 21.0
32 90 22.0
32 92 23.0
32 94 24.0
32 96 25.0
32 97 26.0
32 101 27.0
32 103 28.0
32 105 29.0
32 107 30.0
32 109 31.0
32 111 32.0
32 113 33.0
32 114 34.0
32 115 35.0
32 134 36.0
37 135 27.0
37 118 28.0
37 117 29.0
37 116 30.0
37 112 31.0
37 110 32.0
37 108 33.0
37 106 34.0
37 104 35.0
37 102 36.0
37 100 37.0
37 95 38.0
37 93 39.0
37 91 40.0
37 89 41.0
37 87 42.0
37 85 43.0
37 34 44.0
37 25 45.0
37 14 46.0
37 26 47.0
37 123 48.0
37 119 49.0
37 120 50.0
37 130 51.0
38 135 18.0
38 118 19.0
38 117 20.0
38 116 21.0
38 112 22.0
38 110 23.0
38 108 24.0
38 106 25.0
38 104 26.0
38 102 27.0
38 100 28.0
38 95 29.0
38 93 30.0
38 91 31.0
38 89 32.0
38 87 33.0
38 85 34.0
38 34 35.0
38 25 36.0
38 14 37.0
38 26 38.0
38 123 39.0
38 119 40.0
38 120 41.0
38 130 42.0
39 133 24.0
39 84 25.0
39 82 26.0
39 80 27.0
39 78 28.0
39 76 29.0
39 74 30.0
39 72 31.0
39 70 32.0
39 68 33.0
39 66 34.0
39 31 35.0
39 30 36.0
39 11 37.0
39 29 38.0
39 10 39.0
39 122 40.0
39 9 41.0
39 119 42.0
39 120 43.0
39 130 44.0
44 135 39.0
44 118 40.0
44 117 41.0
44 116 42.0
44 112 43.0
44 110 44.0
44 108 45.0
44 106 46.0
44 104 47.0
44 102 48.0
44 100 49.0
44 95 50.0
44 93 51.0
44 91 52.0
44 89 53.0
44 87 54.0
44 85 55.0
44 34 56.0
44 25 57.0
44 14 58.0
44 26 59.0
44 123 60.0
44 119 61.0
44 120 62.0
44 130 63.0
46 131 20.0
46 6 21.0
46 9 22.0
46 121 23.0
46 3 24.0
46 13 25.0
46 27 26.0
46 33 27.0
46 86 28.0
46 88 29.0
46 90 30.0
46 92 31.0
46 94 32.0
46 96 33.0
46 97 34.0
46 101 35.0
46 103 36.0
46 105 37.0
46 107 38.0
46 109 39.0
46 111 40.0
46 113 41.0
46 114 42.0
46 115 43.0
46 134 44.0
47 131 27.0
47 6 28.0
47 9 29.0
47 121 30.0
47 3 31.0
47 13 32.0
47 27 33.0
47 33 34.0
47 86 35.0
47 88 36.0
47 90 37.0
47 92 38.0
47 94 39.0
47 96 40.0
47 97 41.0
47 101 42.0
47 103 43.0
47 105 44.0
47 107 45.0
47 109 46.0
47 111 47.0
47 113 48.0
47 114 49.0
47 115 50.0
47 134 51.0
48 131 29.0
48 6 30.0
48 9 31.0
48 121 32.0
48 3 33.0
48 13 34.0
48 27 35.0
48 33 36.0
48 86 37.0
48 88 38.0
48 90 39.0
48 92 40.0
48 94 41.0
48 96 42.0
48 97 43.0
48 101 44.0
48 103 45.0
48 105 46.0
48 107 47.0
48 109 48.0
48 111 49.0
48 113 50.0
48 114 51.0
48 115 52.0
48 134 53.0
52 133 49.0
52 84 50.0
52 82 51.0
52 80 52.0
52 78 53.0
52 76 54.0
52 74 55.0
52 72 56.0
52 70 57.0
52 68 58.0
52 66 59.0
52 31 60.0
52 30 61.0
52 11 62.0
52 29 63.0
52 10 64.0
52 122 65.0
52 9 66.0
52 119 67.0
52 120 68.0
52 130 69.0
54 131 25.0
54 6 26.0
54 9 27.0
54 121 28.0
54 3 29.0
54 13 30.0
54 27 31.0
54 33 32.0
54 86 33.0
54 88 34.0
54 90 35.0
54 92 36.0
54 94 37.0
54 96 38.0
54 97 39.0
54 101 40.0
54 103 41.0
54 105 42.0
54 107 43.0
54 109 44.0
54 111 45.0
54 113 46.0
54 114 47.0
54 115 48.0
54 134 49.0
55 135 37.0
55 118 38.0
55 117 39.0
55 116 40.0
55 112 41.0
55 110 42.0
55 108 43.0
55 106 44.0
55 104 45.0
55 102 46.0
55 100 47.0
55 95 48.0
55 93 49.0
55 91 50.0
55 89 51.0
55 87 52.0
55 85 53.0
55 34 54.0
55 25 55.0
55 14 56.0
55 26 57.0
55 123 58.0
55 119 59.0
55 120 60.0
55 130 61.0
58 137 38.0
58 126 39.0
58 124 40.0
58 63 41.0
58 61 42.0
58 60 43.0
58 58 44.0
58 55 45.0
58 54 46.0
58 52 47.0
58 50 48.0
58 35 49.0
58 24 50.0
58 15 51.0
58 5 52.0
58 2 53.0
58 123 54.0
58 119 55.0
58 120 56.0
58 130 57.0
59 139 39.0
59 128 40.0
59 98 41.0
59 47 42.0
59 45 43.0
59 44 44.0
59 43 45.0
59 42 46.0
59 37 47.0
59 22 48.0
59 18 49.0
59 21 50.0
59 0 51.0
59 123 52.0
59 119 53.0
59 120 54.0
59 130 55.0
61 131 35.0
61 6 36.0
61 9 37.0
61 121 38.0
61 7 39.0
61 8 40.0
61 12 41.0
61 28 42.0
61 32 43.0
61 65 44.0
61 67 45.0
61 69 46.0
61 71 47.0
61 73 48.0
61 75 49.0
61 77 50.0
61 79 51.0
61 81 52.0
61 83 53.0
61 132 54.0
63 131 37.0
63 6 38.0
63 9 39.0
63 121 40.0
63 7 41.0
63 8 42.0
63 12 43.0
63 28 44.0
63 32 45.0
63 65 46.0
63 67 47.0
63 69 48.0
63 71 49.0
63 73 50.0
63 75 51.0
63 77 52.0
63 79 53.0
63 81 54.0
63 83 55.0
63 132 56.0
64 137 48.0
64 126 49.0
64 124 50.0
64 63 51.0
64 61 52.0
64 60 53.0
64 58 54.0
64 55 55.0
64 54 56.0
64 52 57.0
64 50 58.0
64 35 59.0
64 24 60.0
64 15 61.0
64 5 62.0
64 2 63.0
64 123 64.0
64 119 65.0
64 120 66.0
64 130 67.0
77 135 49.0
77 118 50.0
77 117 51.0
77 116 52.0
77 112 53.0
77 110 54.0
77 108 55.0
77 106 56.0
77 104 57.0
77 102 58.0
77 100 59.0
77 95 60.0
77 93 61.0
77 91 62.0
77 89 63.0
77 87 64.0
77 85 65.0
77 34 66.0
77 25 67.0
77 14 68.0
77 26 69.0
77 123 70.0
77 119 71.0
77 120 72.0
77 130 73.0
78 135 47.0
78 118 48.0
78 117 49.0
78 116 50.0
78 112 51.0
78 110 52.0
78 108 53.0
78 106 54.0
78 104 55.0
78 102 56.0
78 100 57.0
78 95 58.0
78 93 59.0
78 91 60.0
78 89 61.0
78 87 62.0
78 85 63.0
78 34 64.0
78 25 65.0
78 14 66.0
78 26 67.0
78 123 68.0
78 119 69.0
78 120 70.0
78 130 71.0
85 131 49.0
85 6 50.0
85 9 51.0
85 121 52.0
85 7 53.0
85 8 54.0
85 12 55.0
85 28 56.0
85 32 57.0
85 65 58.0
85 67 59.0
85 69 60.0
85 71 61.0
85 73 62.0
85 75 63.0
85 77 64.0
85 79 65.0
85 81 66.0
85 83 67.0
85 132 68.0
90 131 41.0
90 6 42.0
90 9 43.0
90 121 44.0
90 7 45.0
90 8 46.0
90 12 47.0
90 28 48.0
90 32 49.0
90 65 50.0
90 67 51.0
90 69 52.0
90 71 53.0
90 73 54.0
90 75 55.0
90 77 56.0
90 79 57.0
90 81 58.0
90 83 59.0
90 132 60.0
99 131 43.0
99 6 44.0
99 9 45.0
99 121 46.0
99 3 47.0
99 13 48.0
99 27 49.0
99 33 50.0
99 86 51.0
99 88 52.0
99 90 53.0
99 92 54.0
99 94 55.0
99 96 56.0
99 97 57.0
99 101 58.0
99 103 59.0
99 105 60.0
99 107 61.0
99 109 62.0
99 111 63.0
99 113 64.0
99 114 65.0
99 115 66.0
99 134 67.0
;
param t_hat_lat:=
0 131 3.0
0 6 4.0
0 9 5.0
0 119 6.0
0 1 7.0
0 19 8.0
0 21 9.0
0 4 10.0
0 16 11.0
0 23 12.0
0 36 13.0
0 49 14.0
0 51 15.0
0 53 16.0
0 56 17.0
0 57 18.0
0 59 19.0
0 62 20.0
0 64 21.0
0 125 22.0
0 127 23.0
0 136 24.0
1 135 9.0
1 118 10.0
1 117 11.0
1 116 12.0
1 112 13.0
1 110 14.0
1 108 15.0
1 106 16.0
1 104 17.0
1 102 18.0
1 100 19.0
1 95 20.0
1 93 21.0
1 91 22.0
1 89 23.0
1 87 24.0
1 85 25.0
1 34 26.0
1 25 27.0
1 14 28.0
1 26 29.0
1 123 30.0
1 119 31.0
1 120 32.0
1 130 33.0
2 137 16.0
2 126 17.0
2 124 18.0
2 63 19.0
2 61 20.0
2 60 21.0
2 58 22.0
2 55 23.0
2 54 24.0
2 52 25.0
2 50 26.0
2 35 27.0
2 24 28.0
2 15 29.0
2 5 30.0
2 2 31.0
2 123 32.0
2 119 33.0
2 120 34.0
2 130 35.0
3 131 1.0
3 6 2.0
3 9 3.0
3 121 4.0
3 7 5.0
3 8 6.0
3 12 7.0
3 28 8.0
3 32 9.0
3 65 10.0
3 67 11.0
3 69 12.0
3 71 13.0
3 73 14.0
3 75 15.0
3 77 16.0
3 79 17.0
3 81 18.0
3 83 19.0
3 132 20.0
4 137 6.0
4 126 7.0
4 124 8.0
4 63 9.0
4 61 10.0
4 60 11.0
4 58 12.0
4 55 13.0
4 54 14.0
4 52 15.0
4 50 16.0
4 35 17.0
4 24 18.0
4 15 19.0
4 5 20.0
4 2 21.0
4 123 22.0
4 119 23.0
4 120 24.0
4 130 25.0
5 137 8.0
5 126 9.0
5 124 10.0
5 63 11.0
5 61 12.0
5 60 13.0
5 58 14.0
5 55 15.0
5 54 16.0
5 52 17.0
5 50 18.0
5 35 19.0
5 24 20.0
5 15 21.0
5 5 22.0
5 2 23.0
5 123 24.0
5 119 25.0
5 120 26.0
5 130 27.0
6 133 9.0
6 84 10.0
6 82 11.0
6 80 12.0
6 78 13.0
6 76 14.0
6 74 15.0
6 72 16.0
6 70 17.0
6 68 18.0
6 66 19.0
6 31 20.0
6 30 21.0
6 11 22.0
6 29 23.0
6 10 24.0
6 122 25.0
6 9 26.0
6 119 27.0
6 120 28.0
6 130 29.0
7 133 19.0
7 84 20.0
7 82 21.0
7 80 22.0
7 78 23.0
7 76 24.0
7 74 25.0
7 72 26.0
7 70 27.0
7 68 28.0
7 66 29.0
7 31 30.0
7 30 31.0
7 11 32.0
7 29 33.0
7 10 34.0
7 122 35.0
7 9 36.0
7 119 37.0
7 120 38.0
7 130 39.0
8 139 8.1
8 128 8.0
8 98 9.0
8 47 10.0
8 45 11.0
8 44 12.0
8 43 13.0
8 42 14.0
8 37 15.0
8 22 16.0
8 18 17.0
8 21 18.0
8 0 19.0
8 123 20.0
8 119 21.0
8 120 22.0
8 130 23.0
9 131 9.0
9 6 10.0
9 9 11.0
9 121 12.0
9 7 13.0
9 8 14.0
9 12 15.0
9 28 16.0
9 32 17.0
9 65 18.0
9 67 19.0
9 69 20.0
9 71 21.0
9 73 22.0
9 75 23.0
9 77 24.0
9 79 25.0
9 81 26.0
9 83 27.0
9 132 28.0
10 133 40.0
10 84 41.0
10 82 42.0
10 80 43.0
10 78 44.0
10 76 45.0
10 74 46.0
10 72 47.0
10 70 48.0
10 68 49.0
10 66 50.0
10 31 51.0
10 30 52.0
10 11 53.0
10 29 54.0
10 10 55.0
10 122 56.0
10 9 57.0
10 119 58.0
10 120 59.0
10 130 60.0
11 131 5.0
11 6 6.0
11 9 7.0
11 119 8.0
11 1 9.0
11 19 10.0
11 17 11.0
11 20 12.0
11 38 13.0
11 39 14.0
11 40 15.0
11 41 16.0
11 46 17.0
11 48 18.0
11 99 19.0
11 129 20.0
11 138 21.0
12 137 18.0
12 126 19.0
12 124 20.0
12 63 21.0
12 61 22.0
12 60 23.0
12 58 24.0
12 55 25.0
12 54 26.0
12 52 27.0
12 50 28.0
12 35 29.0
12 24 30.0
12 15 31.0
12 5 32.0
12 2 33.0
12 123 34.0
12 119 35.0
12 120 36.0
12 130 37.0
13 139 3.0
13 128 4.0
13 98 5.0
13 47 6.0
13 45 7.0
13 44 8.0
13 43 9.0
13 42 10.0
13 37 11.0
13 22 12.0
13 18 13.0
13 21 14.0
13 0 15.0
13 123 16.0
13 119 17.0
13 120 18.0
13 130 19.0
14 139 1.0
14 128 2.0
14 98 3.0
14 47 4.0
14 45 5.0
14 44 6.0
14 43 7.0
14 42 8.0
14 37 9.0
14 22 10.0
14 18 11.0
14 21 12.0
14 0 13.0
14 123 14.0
14 119 15.0
14 120 16.0
14 130 17.0
15 131 8.1
15 6 8.0
15 9 9.0
15 121 10.0
15 3 11.0
15 13 12.0
15 27 13.0
15 33 14.0
15 86 15.0
15 88 16.0
15 90 17.0
15 92 18.0
15 94 19.0
15 96 20.0
15 97 21.0
15 101 22.0
15 103 23.0
15 105 24.0
15 107 25.0
15 109 26.0
15 111 27.0
15 113 28.0
15 114 29.0
15 115 30.0
15 134 31.0
18 137 2.0
18 126 3.0
18 124 4.0
18 63 5.0
18 61 6.0
18 60 7.0
18 58 8.0
18 55 9.0
18 54 10.0
18 52 11.0
18 50 12.0
18 35 13.0
18 24 14.0
18 15 15.0
18 5 16.0
18 2 17.0
18 123 18.0
18 119 19.0
18 120 20.0
18 130 21.0
19 135 8.1
19 118 8.0
19 117 9.0
19 116 10.0
19 112 11.0
19 110 12.0
19 108 13.0
19 106 14.0
19 104 15.0
19 102 16.0
19 100 17.0
19 95 18.0
19 93 19.0
19 91 20.0
19 89 21.0
19 87 22.0
19 85 23.0
19 34 24.0
19 25 25.0
19 14 26.0
19 26 27.0
19 123 28.0
19 119 29.0
19 120 30.0
19 130 31.0
20 131 11.0
20 6 12.0
20 9 13.0
20 121 14.0
20 7 15.0
20 8 16.0
20 12 17.0
20 28 18.0
20 32 19.0
20 65 20.0
20 67 21.0
20 69 22.0
20 71 23.0
20 73 24.0
20 75 25.0
20 77 26.0
20 79 27.0
20 81 28.0
20 83 29.0
20 132 30.0
22 137 30.0
22 126 31.0
22 124 32.0
22 63 33.0
22 61 34.0
22 60 35.0
22 58 36.0
22 55 37.0
22 54 38.0
22 52 39.0
22 50 40.0
22 35 41.0
22 24 42.0
22 15 43.0
22 5 44.0
22 2 45.0
22 123 46.0
22 119 47.0
22 120 48.0
22 130 49.0
24 135 30.0
24 118 31.0
24 117 32.0
24 116 33.0
24 112 34.0
24 110 35.0
24 108 36.0
24 106 37.0
24 104 38.0
24 102 39.0
24 100 40.0
24 95 41.0
24 93 42.0
24 91 43.0
24 89 44.0
24 87 45.0
24 85 46.0
24 34 47.0
24 25 48.0
24 14 49.0
24 26 50.0
24 123 51.0
24 119 52.0
24 120 53.0
24 130 54.0
26 137 28.0
26 126 29.0
26 124 30.0
26 63 31.0
26 61 32.0
26 60 33.0
26 58 34.0
26 55 35.0
26 54 36.0
26 52 37.0
26 50 38.0
26 35 39.0
26 24 40.0
26 15 41.0
26 5 42.0
26 2 43.0
26 123 44.0
26 119 45.0
26 120 46.0
26 130 47.0
27 139 50.0
27 128 51.0
27 98 52.0
27 47 53.0
27 45 54.0
27 44 55.0
27 43 56.0
27 42 57.0
27 37 58.0
27 22 59.0
27 18 60.0
27 21 61.0
27 0 62.0
27 123 63.0
27 119 64.0
27 120 65.0
27 130 66.0
29 135 17.0
29 118 18.0
29 117 19.0
29 116 20.0
29 112 21.0
29 110 22.0
29 108 23.0
29 106 24.0
29 104 25.0
29 102 26.0
29 100 27.0
29 95 28.0
29 93 29.0
29 91 30.0
29 89 31.0
29 87 32.0
29 85 33.0
29 34 34.0
29 25 35.0
29 14 36.0
29 26 37.0
29 123 38.0
29 119 39.0
29 120 40.0
29 130 41.0
32 131 13.0
32 6 14.0
32 9 15.0
32 121 16.0
32 3 17.0
32 13 18.0
32 27 19.0
32 33 20.0
32 86 21.0
32 88 22.0
32 90 23.0
32 92 24.0
32 94 25.0
32 96 26.0
32 97 27.0
32 101 28.0
32 103 29.0
32 105 30.0
32 107 31.0
32 109 32.0
32 111 33.0
32 113 34.0
32 114 35.0
32 115 36.0
32 134 37.0
37 135 28.0
37 118 29.0
37 117 30.0
37 116 31.0
37 112 32.0
37 110 33.0
37 108 34.0
37 106 35.0
37 104 36.0
37 102 37.0
37 100 38.0
37 95 39.0
37 93 40.0
37 91 41.0
37 89 42.0
37 87 43.0
37 85 44.0
37 34 45.0
37 25 46.0
37 14 47.0
37 26 48.0
37 123 49.0
37 119 50.0
37 120 51.0
37 130 52.0
38 135 19.0
38 118 20.0
38 117 21.0
38 116 22.0
38 112 23.0
38 110 24.0
38 108 25.0
38 106 26.0
38 104 27.0
38 102 28.0
38 100 29.0
38 95 30.0
38 93 31.0
38 91 32.0
38 89 33.0
38 87 34.0
38 85 35.0
38 34 36.0
38 25 37.0
38 14 38.0
38 26 39.0
38 123 40.0
38 119 41.0
38 120 42.0
38 130 43.0
39 133 25.0
39 84 26.0
39 82 27.0
39 80 28.0
39 78 29.0
39 76 30.0
39 74 31.0
39 72 32.0
39 70 33.0
39 68 34.0
39 66 35.0
39 31 36.0
39 30 37.0
39 11 38.0
39 29 39.0
39 10 40.0
39 122 41.0
39 9 42.0
39 119 43.0
39 120 44.0
39 130 45.0
44 135 40.0
44 118 41.0
44 117 42.0
44 116 43.0
44 112 44.0
44 110 45.0
44 108 46.0
44 106 47.0
44 104 48.0
44 102 49.0
44 100 50.0
44 95 51.0
44 93 52.0
44 91 53.0
44 89 54.0
44 87 55.0
44 85 56.0
44 34 57.0
44 25 58.0
44 14 59.0
44 26 60.0
44 123 61.0
44 119 62.0
44 120 63.0
44 130 64.0
46 131 21.0
46 6 22.0
46 9 23.0
46 121 24.0
46 3 25.0
46 13 26.0
46 27 27.0
46 33 28.0
46 86 29.0
46 88 30.0
46 90 31.0
46 92 32.0
46 94 33.0
46 96 34.0
46 97 35.0
46 101 36.0
46 103 37.0
46 105 38.0
46 107 39.0
46 109 40.0
46 111 41.0
46 113 42.0
46 114 43.0
46 115 44.0
46 134 45.0
47 131 28.0
47 6 29.0
47 9 30.0
47 121 31.0
47 3 32.0
47 13 33.0
47 27 34.0
47 33 35.0
47 86 36.0
47 88 37.0
47 90 38.0
47 92 39.0
47 94 40.0
47 96 41.0
47 97 42.0
47 101 43.0
47 103 44.0
47 105 45.0
47 107 46.0
47 109 47.0
47 111 48.0
47 113 49.0
47 114 50.0
47 115 51.0
47 134 52.0
48 131 30.0
48 6 31.0
48 9 32.0
48 121 33.0
48 3 34.0
48 13 35.0
48 27 36.0
48 33 37.0
48 86 38.0
48 88 39.0
48 90 40.0
48 92 41.0
48 94 42.0
48 96 43.0
48 97 44.0
48 101 45.0
48 103 46.0
48 105 47.0
48 107 48.0
48 109 49.0
48 111 50.0
48 113 51.0
48 114 52.0
48 115 53.0
48 134 54.0
52 133 50.0
52 84 51.0
52 82 52.0
52 80 53.0
52 78 54.0
52 76 55.0
52 74 56.0
52 72 57.0
52 70 58.0
52 68 59.0
52 66 60.0
52 31 61.0
52 30 62.0
52 11 63.0
52 29 64.0
52 10 65.0
52 122 66.0
52 9 67.0
52 119 68.0
52 120 69.0
52 130 70.0
54 131 26.0
54 6 27.0
54 9 28.0
54 121 29.0
54 3 30.0
54 13 31.0
54 27 32.0
54 33 33.0
54 86 34.0
54 88 35.0
54 90 36.0
54 92 37.0
54 94 38.0
54 96 39.0
54 97 40.0
54 101 41.0
54 103 42.0
54 105 43.0
54 107 44.0
54 109 45.0
54 111 46.0
54 113 47.0
54 114 48.0
54 115 49.0
54 134 50.0
55 135 38.0
55 118 39.0
55 117 40.0
55 116 41.0
55 112 42.0
55 110 43.0
55 108 44.0
55 106 45.0
55 104 46.0
55 102 47.0
55 100 48.0
55 95 49.0
55 93 50.0
55 91 51.0
55 89 52.0
55 87 53.0
55 85 54.0
55 34 55.0
55 25 56.0
55 14 57.0
55 26 58.0
55 123 59.0
55 119 60.0
55 120 61.0
55 130 62.0
58 137 39.0
58 126 40.0
58 124 41.0
58 63 42.0
58 61 43.0
58 60 44.0
58 58 45.0
58 55 46.0
58 54 47.0
58 52 48.0
58 50 49.0
58 35 50.0
58 24 51.0
58 15 52.0
58 5 53.0
58 2 54.0
58 123 55.0
58 119 56.0
58 120 57.0
58 130 58.0
59 139 40.0
59 128 41.0
59 98 42.0
59 47 43.0
59 45 44.0
59 44 45.0
59 43 46.0
59 42 47.0
59 37 48.0
59 22 49.0
59 18 50.0
59 21 51.0
59 0 52.0
59 123 53.0
59 119 54.0
59 120 55.0
59 130 56.0
61 131 36.0
61 6 37.0
61 9 38.0
61 121 39.0
61 7 40.0
61 8 41.0
61 12 42.0
61 28 43.0
61 32 44.0
61 65 45.0
61 67 46.0
61 69 47.0
61 71 48.0
61 73 49.0
61 75 50.0
61 77 51.0
61 79 52.0
61 81 53.0
61 83 54.0
61 132 55.0
63 131 38.0
63 6 39.0
63 9 40.0
63 121 41.0
63 7 42.0
63 8 43.0
63 12 44.0
63 28 45.0
63 32 46.0
63 65 47.0
63 67 48.0
63 69 49.0
63 71 50.0
63 73 51.0
63 75 52.0
63 77 53.0
63 79 54.0
63 81 55.0
63 83 56.0
63 132 57.0
64 137 49.0
64 126 50.0
64 124 51.0
64 63 52.0
64 61 53.0
64 60 54.0
64 58 55.0
64 55 56.0
64 54 57.0
64 52 58.0
64 50 59.0
64 35 60.0
64 24 61.0
64 15 62.0
64 5 63.0
64 2 64.0
64 123 65.0
64 119 66.0
64 120 67.0
64 130 68.0
77 135 50.0
77 118 51.0
77 117 52.0
77 116 53.0
77 112 54.0
77 110 55.0
77 108 56.0
77 106 57.0
77 104 58.0
77 102 59.0
77 100 60.0
77 95 61.0
77 93 62.0
77 91 63.0
77 89 64.0
77 87 65.0
77 85 66.0
77 34 67.0
77 25 68.0
77 14 69.0
77 26 70.0
77 123 71.0
77 119 72.0
77 120 73.0
77 130 74.0
78 135 48.0
78 118 49.0
78 117 50.0
78 116 51.0
78 112 52.0
78 110 53.0
78 108 54.0
78 106 55.0
78 104 56.0
78 102 57.0
78 100 58.0
78 95 59.0
78 93 60.0
78 91 61.0
78 89 62.0
78 87 63.0
78 85 64.0
78 34 65.0
78 25 66.0
78 14 67.0
78 26 68.0
78 123 69.0
78 119 70.0
78 120 71.0
78 130 72.0
85 131 50.0
85 6 51.0
85 9 52.0
85 121 53.0
85 7 54.0
85 8 55.0
85 12 56.0
85 28 57.0
85 32 58.0
85 65 59.0
85 67 60.0
85 69 61.0
85 71 62.0
85 73 63.0
85 75 64.0
85 77 65.0
85 79 66.0
85 81 67.0
85 83 68.0
85 132 69.0
90 131 42.0
90 6 43.0
90 9 44.0
90 121 45.0
90 7 46.0
90 8 47.0
90 12 48.0
90 28 49.0
90 32 50.0
90 65 51.0
90 67 52.0
90 69 53.0
90 71 54.0
90 73 55.0
90 75 56.0
90 77 57.0
90 79 58.0
90 81 59.0
90 83 60.0
90 132 61.0
99 131 44.0
99 6 45.0
99 9 46.0
99 121 47.0
99 3 48.0
99 13 49.0
99 27 50.0
99 33 51.0
99 86 52.0
99 88 53.0
99 90 54.0
99 92 55.0
99 94 56.0
99 96 57.0
99 97 58.0
99 101 59.0
99 103 60.0
99 105 61.0
99 107 62.0
99 109 63.0
99 111 64.0
99 113 65.0
99 114 66.0
99 115 67.0
99 134 68.0
;
set fixedFlights :=
0 1 19
11 1 19
13 21 0
14 21 0
27 21 0
59 21 0
0 19 21
0 21 4
2 5 2
4 5 2
5 5 2
12 5 2
18 5 2
22 5 2
26 5 2
58 5 2
64 5 2
0 6 9
3 6 9
9 6 9
11 6 9
20 6 9
32 6 9
46 6 9
47 6 9
48 6 9
54 6 9
61 6 9
63 6 9
85 6 9
90 6 9
99 6 9
3 7 8
9 7 8
20 7 8
61 7 8
63 7 8
85 7 8
90 7 8
6 29 10
7 29 10
10 29 10
39 29 10
52 29 10
6 11 29
7 11 29
10 11 29
39 11 29
52 11 29
6 30 11
7 30 11
10 30 11
39 30 11
52 30 11
3 8 12
9 8 12
20 8 12
61 8 12
63 8 12
85 8 12
90 8 12
3 12 28
9 12 28
20 12 28
61 12 28
63 12 28
85 12 28
90 12 28
2 15 5
4 15 5
5 15 5
12 15 5
18 15 5
22 15 5
26 15 5
58 15 5
64 15 5
2 24 15
4 24 15
5 24 15
12 24 15
18 24 15
22 24 15
26 24 15
58 24 15
64 24 15
0 4 16
0 16 23
11 19 17
11 17 20
13 22 18
14 22 18
27 22 18
59 22 18
13 18 21
14 18 21
27 18 21
59 18 21
1 14 26
24 14 26
29 14 26
37 14 26
38 14 26
44 14 26
55 14 26
77 14 26
78 14 26
32 3 13
46 3 13
47 3 13
48 3 13
54 3 13
99 3 13
0 131 6
3 131 6
9 131 6
11 131 6
20 131 6
32 131 6
46 131 6
47 131 6
48 131 6
54 131 6
61 131 6
63 131 6
85 131 6
90 131 6
99 131 6
3 83 132
9 83 132
20 83 132
61 83 132
63 83 132
85 83 132
90 83 132
6 133 84
7 133 84
10 133 84
39 133 84
52 133 84
32 13 27
46 13 27
47 13 27
48 13 27
54 13 27
99 13 27
32 27 33
46 27 33
47 27 33
48 27 33
54 27 33
99 27 33
32 33 86
46 33 86
47 33 86
48 33 86
54 33 86
99 33 86
32 86 88
46 86 88
47 86 88
48 86 88
54 86 88
99 86 88
32 88 90
46 88 90
47 88 90
48 88 90
54 88 90
99 88 90
32 90 92
46 90 92
47 90 92
48 90 92
54 90 92
99 90 92
32 92 94
46 92 94
47 92 94
48 92 94
54 92 94
99 92 94
32 94 96
46 94 96
47 94 96
48 94 96
54 94 96
99 94 96
32 96 97
46 96 97
47 96 97
48 96 97
54 96 97
99 96 97
32 97 101
46 97 101
47 97 101
48 97 101
54 97 101
99 97 101
32 101 103
46 101 103
47 101 103
48 101 103
54 101 103
99 101 103
32 103 105
46 103 105
47 103 105
48 103 105
54 103 105
99 103 105
32 105 107
46 105 107
47 105 107
48 105 107
54 105 107
99 105 107
32 107 109
46 107 109
47 107 109
48 107 109
54 107 109
99 107 109
32 109 111
46 109 111
47 109 111
48 109 111
54 109 111
99 109 111
32 111 113
46 111 113
47 111 113
48 111 113
54 111 113
99 111 113
32 113 114
46 113 114
47 113 114
48 113 114
54 113 114
99 113 114
32 114 115
46 114 115
47 114 115
48 114 115
54 114 115
99 114 115
1 118 117
24 118 117
29 118 117
37 118 117
38 118 117
44 118 117
55 118 117
77 118 117
78 118 117
1 117 116
24 117 116
29 117 116
37 117 116
38 117 116
44 117 116
55 117 116
77 117 116
78 117 116
1 116 112
24 116 112
29 116 112
37 116 112
38 116 112
44 116 112
55 116 112
77 116 112
78 116 112
1 112 110
24 112 110
29 112 110
37 112 110
38 112 110
44 112 110
55 112 110
77 112 110
78 112 110
1 110 108
24 110 108
29 110 108
37 110 108
38 110 108
44 110 108
55 110 108
77 110 108
78 110 108
1 108 106
24 108 106
29 108 106
37 108 106
38 108 106
44 108 106
55 108 106
77 108 106
78 108 106
1 106 104
24 106 104
29 106 104
37 106 104
38 106 104
44 106 104
55 106 104
77 106 104
78 106 104
1 104 102
24 104 102
29 104 102
37 104 102
38 104 102
44 104 102
55 104 102
77 104 102
78 104 102
1 102 100
24 102 100
29 102 100
37 102 100
38 102 100
44 102 100
55 102 100
77 102 100
78 102 100
1 100 95
24 100 95
29 100 95
37 100 95
38 100 95
44 100 95
55 100 95
77 100 95
78 100 95
1 95 93
24 95 93
29 95 93
37 95 93
38 95 93
44 95 93
55 95 93
77 95 93
78 95 93
1 93 91
24 93 91
29 93 91
37 93 91
38 93 91
44 93 91
55 93 91
77 93 91
78 93 91
1 91 89
24 91 89
29 91 89
37 91 89
38 91 89
44 91 89
55 91 89
77 91 89
78 91 89
1 89 87
24 89 87
29 89 87
37 89 87
38 89 87
44 89 87
55 89 87
77 89 87
78 89 87
1 87 85
24 87 85
29 87 85
37 87 85
38 87 85
44 87 85
55 87 85
77 87 85
78 87 85
1 85 34
24 85 34
29 85 34
37 85 34
38 85 34
44 85 34
55 85 34
77 85 34
78 85 34
1 34 25
24 34 25
29 34 25
37 34 25
38 34 25
44 34 25
55 34 25
77 34 25
78 34 25
1 25 14
24 25 14
29 25 14
37 25 14
38 25 14
44 25 14
55 25 14
77 25 14
78 25 14
0 23 36
0 36 49
0 49 51
0 51 53
0 53 56
0 56 57
0 57 59
0 59 62
0 62 64
2 63 61
4 63 61
5 63 61
12 63 61
18 63 61
22 63 61
26 63 61
58 63 61
64 63 61
2 61 60
4 61 60
5 61 60
12 61 60
18 61 60
22 61 60
26 61 60
58 61 60
64 61 60
2 60 58
4 60 58
5 60 58
12 60 58
18 60 58
22 60 58
26 60 58
58 60 58
64 60 58
2 58 55
4 58 55
5 58 55
12 58 55
18 58 55
22 58 55
26 58 55
58 58 55
64 58 55
2 55 54
4 55 54
5 55 54
12 55 54
18 55 54
22 55 54
26 55 54
58 55 54
64 55 54
2 54 52
4 54 52
5 54 52
12 54 52
18 54 52
22 54 52
26 54 52
58 54 52
64 54 52
2 52 50
4 52 50
5 52 50
12 52 50
18 52 50
22 52 50
26 52 50
58 52 50
64 52 50
2 50 35
4 50 35
5 50 35
12 50 35
18 50 35
22 50 35
26 50 35
58 50 35
64 50 35
2 35 24
4 35 24
5 35 24
12 35 24
18 35 24
22 35 24
26 35 24
58 35 24
64 35 24
11 20 38
11 38 39
11 39 40
11 40 41
11 41 46
11 46 48
11 48 99
13 98 47
14 98 47
27 98 47
59 98 47
13 47 45
14 47 45
27 47 45
59 47 45
13 45 44
14 45 44
27 45 44
59 45 44
13 44 43
14 44 43
27 44 43
59 44 43
13 43 42
14 43 42
27 43 42
59 43 42
13 42 37
14 42 37
27 42 37
59 42 37
13 37 22
14 37 22
27 37 22
59 37 22
0 9 119
6 9 119
7 9 119
10 9 119
11 9 119
39 9 119
52 9 119
0 119 1
11 119 1
1 119 120
2 119 120
4 119 120
5 119 120
6 119 120
7 119 120
10 119 120
12 119 120
13 119 120
14 119 120
18 119 120
22 119 120
24 119 120
26 119 120
27 119 120
29 119 120
37 119 120
38 119 120
39 119 120
44 119 120
52 119 120
55 119 120
58 119 120
59 119 120
64 119 120
77 119 120
78 119 120
1 120 130
2 120 130
4 120 130
5 120 130
6 120 130
7 120 130
10 120 130
12 120 130
13 120 130
14 120 130
18 120 130
22 120 130
24 120 130
26 120 130
27 120 130
29 120 130
37 120 130
38 120 130
39 120 130
44 120 130
52 120 130
55 120 130
58 120 130
59 120 130
64 120 130
77 120 130
78 120 130
3 9 121
9 9 121
20 9 121
32 9 121
46 9 121
47 9 121
48 9 121
54 9 121
61 9 121
63 9 121
85 9 121
90 9 121
99 9 121
32 121 3
46 121 3
47 121 3
48 121 3
54 121 3
99 121 3
3 121 7
9 121 7
20 121 7
61 121 7
63 121 7
85 121 7
90 121 7
6 10 122
7 10 122
10 10 122
39 10 122
52 10 122
6 122 9
7 122 9
10 122 9
39 122 9
52 122 9
3 28 32
9 28 32
20 28 32
61 28 32
63 28 32
85 28 32
90 28 32
3 32 65
9 32 65
20 32 65
61 32 65
63 32 65
85 32 65
90 32 65
3 65 67
9 65 67
20 65 67
61 65 67
63 65 67
85 65 67
90 65 67
3 67 69
9 67 69
20 67 69
61 67 69
63 67 69
85 67 69
90 67 69
3 69 71
9 69 71
20 69 71
61 69 71
63 69 71
85 69 71
90 69 71
3 71 73
9 71 73
20 71 73
61 71 73
63 71 73
85 71 73
90 71 73
3 73 75
9 73 75
20 73 75
61 73 75
63 73 75
85 73 75
90 73 75
3 75 77
9 75 77
20 75 77
61 75 77
63 75 77
85 75 77
90 75 77
3 77 79
9 77 79
20 77 79
61 77 79
63 77 79
85 77 79
90 77 79
3 79 81
9 79 81
20 79 81
61 79 81
63 79 81
85 79 81
90 79 81
3 81 83
9 81 83
20 81 83
61 81 83
63 81 83
85 81 83
90 81 83
6 84 82
7 84 82
10 84 82
39 84 82
52 84 82
6 82 80
7 82 80
10 82 80
39 82 80
52 82 80
6 80 78
7 80 78
10 80 78
39 80 78
52 80 78
6 78 76
7 78 76
10 78 76
39 78 76
52 78 76
6 76 74
7 76 74
10 76 74
39 76 74
52 76 74
6 74 72
7 74 72
10 74 72
39 74 72
52 74 72
6 72 70
7 72 70
10 72 70
39 72 70
52 72 70
6 70 68
7 70 68
10 70 68
39 70 68
52 70 68
6 68 66
7 68 66
10 68 66
39 68 66
52 68 66
6 66 31
7 66 31
10 66 31
39 66 31
52 66 31
6 31 30
7 31 30
10 31 30
39 31 30
52 31 30
1 123 119
2 123 119
4 123 119
5 123 119
12 123 119
13 123 119
14 123 119
18 123 119
22 123 119
24 123 119
26 123 119
27 123 119
29 123 119
37 123 119
38 123 119
44 123 119
55 123 119
58 123 119
59 123 119
64 123 119
77 123 119
78 123 119
13 0 123
14 0 123
27 0 123
59 0 123
2 2 123
4 2 123
5 2 123
12 2 123
18 2 123
22 2 123
26 2 123
58 2 123
64 2 123
1 26 123
24 26 123
29 26 123
37 26 123
38 26 123
44 26 123
55 26 123
77 26 123
78 26 123
32 115 134
46 115 134
47 115 134
48 115 134
54 115 134
99 115 134
1 135 118
24 135 118
29 135 118
37 135 118
38 135 118
44 135 118
55 135 118
77 135 118
78 135 118
2 137 126
4 137 126
5 137 126
12 137 126
18 137 126
22 137 126
26 137 126
58 137 126
64 137 126
2 126 124
4 126 124
5 126 124
12 126 124
18 126 124
22 126 124
26 126 124
58 126 124
64 126 124
2 124 63
4 124 63
5 124 63
12 124 63
18 124 63
22 124 63
26 124 63
58 124 63
64 124 63
0 64 125
0 125 127
0 127 136
13 139 128
14 139 128
27 139 128
59 139 128
13 128 98
14 128 98
27 128 98
59 128 98
11 99 129
11 129 138
;
;
set inFlight:=
0
3
4
5
11
13
14
18
;
param tini := 7.1;
