param nn:= 140;
set F:=
0
1
2
3
4
5
6
7
9
10
11
12
14
15
17
18
19
20
21
22
24
26
28
33
34
38
39
42
43
45
48
49
50
56
59
66
78
81
82
83
;
param: E: d:=
1 19 2.500000
21 0 2.500000
19 21 2.500000
21 4 2.500000
5 2 2.500000
6 9 2.500000
7 8 2.500000
29 10 2.500000
11 29 2.500000
30 11 2.500000
8 12 2.500000
12 28 2.500000
15 5 2.500000
24 15 2.500000
4 16 2.500000
16 23 2.500000
19 17 2.500000
17 20 2.500000
22 18 2.500000
18 21 2.500000
14 26 2.500000
3 13 2.500000
131 6 1.500000
83 132 1.500000
133 84 1.500000
13 27 2.500000
27 33 2.500000
33 86 2.500000
86 88 2.500000
88 90 2.500000
90 92 2.500000
92 94 2.500000
94 96 2.500000
96 97 2.500000
97 101 2.500000
101 103 2.500000
103 105 2.500000
105 107 2.500000
107 109 2.500000
109 111 2.500000
111 113 2.500000
113 114 2.500000
114 115 2.500000
118 117 2.500000
117 116 2.500000
116 112 2.500000
112 110 2.500000
110 108 2.500000
108 106 2.500000
106 104 2.500000
104 102 2.500000
102 100 2.500000
100 95 2.500000
95 93 2.500000
93 91 2.500000
91 89 2.500000
89 87 2.500000
87 85 2.500000
85 34 2.500000
34 25 2.500000
25 14 2.500000
23 36 2.500000
36 49 2.500000
49 51 2.500000
51 53 2.500000
53 56 2.500000
56 57 2.500000
57 59 2.500000
59 62 2.500000
62 64 2.500000
63 61 2.500000
61 60 2.500000
60 58 2.500000
58 55 2.500000
55 54 2.500000
54 52 2.500000
52 50 2.500000
50 35 2.500000
35 24 2.500000
20 38 2.500000
38 39 2.500000
39 40 2.500000
40 41 2.500000
41 46 2.500000
46 48 2.500000
48 99 2.500000
98 47 2.500000
47 45 2.500000
45 44 2.500000
44 43 2.500000
43 42 2.500000
42 37 2.500000
37 22 2.500000
9 119 2.500000
119 1 2.500000
119 120 2.500000
120 130 1.500000
9 121 2.500000
121 3 2.500000
121 7 2.500000
10 122 2.500000
122 9 2.500000
28 32 2.500000
32 65 2.500000
65 67 2.500000
67 69 2.500000
69 71 2.500000
71 73 2.500000
73 75 2.500000
75 77 2.500000
77 79 2.500000
79 81 2.500000
81 83 2.500000
84 82 2.500000
82 80 2.500000
80 78 2.500000
78 76 2.500000
76 74 2.500000
74 72 2.500000
72 70 2.500000
70 68 2.500000
68 66 2.500000
66 31 2.500000
31 30 2.500000
123 121 2.500000
123 119 2.500000
0 123 2.500000
2 123 2.500000
26 123 2.500000
115 134 1.500000
135 118 1.500000
137 126 1.500000
126 124 2.500000
124 63 2.500000
64 125 2.500000
125 127 2.500000
127 136 1.500000
139 128 1.500000
128 98 2.500000
99 129 2.500000
129 138 1.500000
;
param s:=
0 133
1 135
2 133
3 133
4 135
5 139
6 135
7 131
9 135
10 139
11 131
12 135
14 137
15 133
17 137
18 131
19 133
20 135
21 135
22 139
24 135
26 137
28 131
33 135
34 135
38 133
39 139
42 133
43 135
45 135
48 131
49 131
50 135
56 131
59 131
66 135
78 131
81 131
82 131
83 131
;
param e:=
0 130
1 130
2 130
3 130
4 130
5 130
6 130
7 134
9 130
10 130
11 136
12 130
14 130
15 130
17 130
18 134
19 130
20 130
21 130
22 130
24 130
26 130
28 134
33 130
34 130
38 130
39 130
42 130
43 130
45 130
48 132
49 134
50 130
56 134
59 132
66 130
78 134
81 132
82 132
83 132
;
param v_min:=2.375
;
param v_max:=2.625
;
param :conflictsNodes: angle:=
0 21 123 1.000000
0 123 21 1.000000
1 19 119 1.000000
1 119 19 1.000000
2 5 123 1.000000
2 123 5 1.000000
3 13 121 1.000000
3 121 13 1.000000
4 16 21 1.000000
4 21 16 1.000000
5 2 15 1.000000
5 15 2 1.000000
7 8 121 1.000000
7 121 8 1.000000
8 7 12 1.000000
8 12 7 1.000000
9 6 119 1.000000
9 119 6 1.000000
9 6 121 1.000000
9 121 6 1.000000
9 6 122 1.000000
9 122 6 1.000000
9 119 121 1.000000
9 121 119 1.000000
9 119 122 1.000000
9 122 119 1.000000
9 121 122 1.000000
9 122 121 1.000000
10 29 122 1.000000
10 122 29 1.000000
11 29 30 1.000000
11 30 29 1.000000
12 8 28 1.000000
12 28 8 1.000000
13 3 27 1.000000
13 27 3 1.000000
14 25 26 1.000000
14 26 25 1.000000
15 5 24 1.000000
15 24 5 1.000000
16 4 23 1.000000
16 23 4 1.000000
17 19 20 1.000000
17 20 19 1.000000
18 21 22 1.000000
18 22 21 1.000000
19 1 21 1.000000
19 21 1 1.000000
19 1 17 1.000000
19 17 1 1.000000
19 17 21 1.000000
19 21 17 1.000000
20 17 38 1.000000
20 38 17 1.000000
21 0 19 1.000000
21 19 0 1.000000
21 0 4 1.000000
21 4 0 1.000000
21 0 18 1.000000
21 18 0 1.000000
21 4 19 1.000000
21 19 4 1.000000
21 4 18 1.478880
21 18 4 1.478880
21 18 19 1.000000
21 19 18 1.000000
22 18 37 1.000000
22 37 18 1.000000
23 16 36 1.000000
23 36 16 1.000000
24 15 35 1.000000
24 35 15 1.000000
25 14 34 1.000000
25 34 14 1.000000
26 14 123 1.000000
26 123 14 1.000000
27 13 33 1.000000
27 33 13 1.000000
28 12 32 1.000000
28 32 12 1.000000
29 10 11 1.000000
29 11 10 1.000000
30 11 31 1.000000
30 31 11 1.000000
31 30 66 1.000000
31 66 30 1.000000
32 28 65 1.000000
32 65 28 1.000000
33 27 86 1.000000
33 86 27 1.000000
34 25 85 1.000000
34 85 25 1.000000
35 24 50 1.000000
35 50 24 1.000000
36 23 49 1.000000
36 49 23 1.000000
37 22 42 1.000000
37 42 22 1.000000
38 20 39 1.000000
38 39 20 1.000000
39 38 40 1.000000
39 40 38 1.000000
40 39 41 1.000000
40 41 39 1.000000
41 40 46 1.000000
41 46 40 1.000000
42 37 43 1.000000
42 43 37 1.000000
43 42 44 1.000000
43 44 42 1.000000
44 43 45 1.000000
44 45 43 1.000000
45 44 47 1.000000
45 47 44 1.000000
46 41 48 1.000000
46 48 41 1.000000
47 45 98 1.000000
47 98 45 1.000000
48 46 99 1.000000
48 99 46 1.000000
49 36 51 1.000000
49 51 36 1.000000
50 35 52 1.000000
50 52 35 1.000000
51 49 53 1.000000
51 53 49 1.000000
52 50 54 1.000000
52 54 50 1.000000
53 51 56 1.000000
53 56 51 1.000000
54 52 55 1.000000
54 55 52 1.000000
55 54 58 1.000000
55 58 54 1.000000
56 53 57 1.000000
56 57 53 1.000000
57 56 59 1.000000
57 59 56 1.000000
58 55 60 1.000000
58 60 55 1.000000
59 57 62 1.000000
59 62 57 1.000000
60 58 61 1.000000
60 61 58 1.000000
61 60 63 1.000000
61 63 60 1.000000
62 59 64 1.000000
62 64 59 1.000000
63 61 124 1.000000
63 124 61 1.000000
64 62 125 1.000000
64 125 62 1.000000
65 32 67 1.000000
65 67 32 1.000000
66 31 68 1.000000
66 68 31 1.000000
67 65 69 1.000000
67 69 65 1.000000
68 66 70 1.000000
68 70 66 1.000000
69 67 71 1.000000
69 71 67 1.000000
70 68 72 1.000000
70 72 68 1.000000
71 69 73 1.000000
71 73 69 1.000000
72 70 74 1.000000
72 74 70 1.000000
73 71 75 1.000000
73 75 71 1.000000
74 72 76 1.000000
74 76 72 1.000000
75 73 77 1.000000
75 77 73 1.000000
76 74 78 1.000000
76 78 74 1.000000
77 75 79 1.000000
77 79 75 1.000000
78 76 80 1.000000
78 80 76 1.000000
79 77 81 1.000000
79 81 77 1.000000
80 78 82 1.000000
80 82 78 1.000000
81 79 83 1.000000
81 83 79 1.000000
82 80 84 1.000000
82 84 80 1.000000
85 34 87 1.000000
85 87 34 1.000000
86 33 88 1.000000
86 88 33 1.000000
87 85 89 1.000000
87 89 85 1.000000
88 86 90 1.000000
88 90 86 1.000000
89 87 91 1.000000
89 91 87 1.000000
90 88 92 1.000000
90 92 88 1.000000
91 89 93 1.000000
91 93 89 1.000000
92 90 94 1.000000
92 94 90 1.000000
93 91 95 1.000000
93 95 91 1.000000
94 92 96 1.000000
94 96 92 1.000000
95 93 100 1.000000
95 100 93 1.000000
96 94 97 1.000000
96 97 94 1.000000
97 96 101 1.000000
97 101 96 1.000000
98 47 128 1.000000
98 128 47 1.000000
99 48 129 1.000000
99 129 48 1.000000
100 95 102 1.000000
100 102 95 1.000000
101 97 103 1.000000
101 103 97 1.000000
102 100 104 1.000000
102 104 100 1.000000
103 101 105 1.000000
103 105 101 1.000000
104 102 106 1.000000
104 106 102 1.000000
105 103 107 1.000000
105 107 103 1.000000
106 104 108 1.000000
106 108 104 1.000000
107 105 109 1.000000
107 109 105 1.000000
108 106 110 1.000000
108 110 106 1.000000
109 107 111 1.000000
109 111 107 1.000000
110 108 112 1.000000
110 112 108 1.000000
111 109 113 1.000000
111 113 109 1.000000
112 110 116 1.000000
112 116 110 1.000000
113 111 114 1.000000
113 114 111 1.000000
114 113 115 1.000000
114 115 113 1.000000
116 112 117 1.000000
116 117 112 1.000000
117 116 118 1.000000
117 118 116 1.000000
119 9 120 1.000000
119 120 9 1.000000
119 9 123 1.000000
119 123 9 1.000000
119 1 9 1.000000
119 9 1 1.000000
119 1 120 1.000000
119 120 1 1.000000
119 1 123 1.000000
119 123 1 1.000000
119 120 123 1.000000
119 123 120 1.000000
121 9 123 1.000000
121 123 9 1.000000
121 3 9 1.000000
121 9 3 1.000000
121 3 7 1.416150
121 7 3 1.416150
121 3 123 1.000000
121 123 3 1.000000
121 7 9 1.000000
121 9 7 1.000000
121 7 123 1.000000
121 123 7 1.000000
122 9 10 1.000000
122 10 9 1.000000
123 0 2 1.478880
123 2 0 1.478880
123 0 26 1.000000
123 26 0 1.000000
123 0 121 1.000000
123 121 0 1.000000
123 0 119 1.000000
123 119 0 1.000000
123 2 26 1.357350
123 26 2 1.357350
123 2 121 1.000000
123 121 2 1.000000
123 2 119 1.000000
123 119 2 1.000000
123 26 121 1.000000
123 121 26 1.000000
123 26 119 1.000000
123 119 26 1.000000
123 119 121 1.000000
123 121 119 1.000000
124 63 126 1.000000
124 126 63 1.000000
125 64 127 1.000000
125 127 64 1.000000
;
param D:=0.5;
param t_hat_ear:=
0 133 2.0
0 84 3.0
0 82 4.0
0 80 5.0
0 78 6.0
0 76 7.0
0 74 8.0
0 72 9.0
0 70 10.0
0 68 11.0
0 66 12.0
0 31 13.0
0 30 14.0
0 11 15.0
0 29 16.0
0 10 17.0
0 122 18.0
0 9 19.0
0 119 20.0
0 120 21.0
0 130 22.0
1 135 4.0
1 118 5.0
1 117 6.0
1 116 7.0
1 112 8.0
1 110 9.0
1 108 10.0
1 106 11.0
1 104 12.0
1 102 13.0
1 100 14.0
1 95 15.0
1 93 16.0
1 91 17.0
1 89 18.0
1 87 19.0
1 85 20.0
1 34 21.0
1 25 22.0
1 14 23.0
1 26 24.0
1 123 25.0
1 119 26.0
1 120 27.0
1 130 28.0
2 133 17.1
2 84 17.0
2 82 18.0
2 80 19.0
2 78 20.0
2 76 21.0
2 74 22.0
2 72 23.0
2 70 24.0
2 68 25.0
2 66 26.0
2 31 27.0
2 30 28.0
2 11 29.0
2 29 30.0
2 10 31.0
2 122 32.0
2 9 33.0
2 119 34.0
2 120 35.0
2 130 36.0
3 133 18.0
3 84 19.0
3 82 20.0
3 80 21.0
3 78 22.0
3 76 23.0
3 74 24.0
3 72 25.0
3 70 26.0
3 68 27.0
3 66 28.0
3 31 29.0
3 30 30.0
3 11 31.0
3 29 32.0
3 10 33.0
3 122 34.0
3 9 35.0
3 119 36.0
3 120 37.0
3 130 38.0
4 135 0.0
4 118 1.0
4 117 2.0
4 116 3.0
4 112 4.0
4 110 5.0
4 108 6.0
4 106 7.0
4 104 8.0
4 102 9.0
4 100 10.0
4 95 11.0
4 93 12.0
4 91 13.0
4 89 14.0
4 87 15.0
4 85 16.0
4 34 17.0
4 25 18.0
4 14 19.0
4 26 20.0
4 123 21.0
4 119 22.0
4 120 23.0
4 130 24.0
5 139 28.0
5 128 29.0
5 98 30.0
5 47 31.0
5 45 32.0
5 44 33.0
5 43 34.0
5 42 35.0
5 37 36.0
5 22 37.0
5 18 38.0
5 21 39.0
5 0 40.0
5 123 41.0
5 119 42.0
5 120 43.0
5 130 44.0
6 135 8.0
6 118 9.0
6 117 10.0
6 116 11.0
6 112 12.0
6 110 13.0
6 108 14.0
6 106 15.0
6 104 16.0
6 102 17.0
6 100 18.0
6 95 19.0
6 93 20.0
6 91 21.0
6 89 22.0
6 87 23.0
6 85 24.0
6 34 25.0
6 25 26.0
6 14 27.0
6 26 28.0
6 123 29.0
6 119 30.0
6 120 31.0
6 130 32.0
7 131 4.0
7 6 5.0
7 9 6.0
7 121 7.0
7 3 8.0
7 13 9.0
7 27 10.0
7 33 11.0
7 86 12.0
7 88 13.0
7 90 14.0
7 92 15.0
7 94 16.0
7 96 17.0
7 97 18.0
7 101 19.0
7 103 20.0
7 105 21.0
7 107 22.0
7 109 23.0
7 111 24.0
7 113 25.0
7 114 26.0
7 115 27.0
7 134 28.0
9 135 6.0
9 118 7.0
9 117 8.0
9 116 9.0
9 112 10.0
9 110 11.0
9 108 12.0
9 106 13.0
9 104 14.0
9 102 15.0
9 100 16.0
9 95 17.0
9 93 18.0
9 91 19.0
9 89 20.0
9 87 21.0
9 85 22.0
9 34 23.0
9 25 24.0
9 14 25.0
9 26 26.0
9 123 27.0
9 119 28.0
9 120 29.0
9 130 30.0
10 139 2.0
10 128 3.0
10 98 4.0
10 47 5.0
10 45 6.0
10 44 7.0
10 43 8.0
10 42 9.0
10 37 10.0
10 22 11.0
10 18 12.0
10 21 13.0
10 0 14.0
10 123 15.0
10 119 16.0
10 120 17.0
10 130 18.0
11 131 2.0
11 6 3.0
11 9 4.0
11 119 5.0
11 1 6.0
11 19 7.0
11 21 8.0
11 4 9.0
11 16 10.0
11 23 11.0
11 36 12.0
11 49 13.0
11 51 14.0
11 53 15.0
11 56 16.0
11 57 17.0
11 59 18.0
11 62 19.0
11 64 20.0
11 125 21.0
11 127 22.0
11 136 23.0
12 135 17.1
12 118 17.0
12 117 18.0
12 116 19.0
12 112 20.0
12 110 21.0
12 108 22.0
12 106 23.0
12 104 24.0
12 102 25.0
12 100 26.0
12 95 27.0
12 93 28.0
12 91 29.0
12 89 30.0
12 87 31.0
12 85 32.0
12 34 33.0
12 25 34.0
12 14 35.0
12 26 36.0
12 123 37.0
12 119 38.0
12 120 39.0
12 130 40.0
14 137 7.0
14 126 8.0
14 124 9.0
14 63 10.0
14 61 11.0
14 60 12.0
14 58 13.0
14 55 14.0
14 54 15.0
14 52 16.0
14 50 17.0
14 35 18.0
14 24 19.0
14 15 20.0
14 5 21.0
14 2 22.0
14 123 23.0
14 119 24.0
14 120 25.0
14 130 26.0
15 133 14.0
15 84 15.0
15 82 16.0
15 80 17.0
15 78 18.0
15 76 19.0
15 74 20.0
15 72 21.0
15 70 22.0
15 68 23.0
15 66 24.0
15 31 25.0
15 30 26.0
15 11 27.0
15 29 28.0
15 10 29.0
15 122 30.0
15 9 31.0
15 119 32.0
15 120 33.0
15 130 34.0
17 137 1.0
17 126 2.0
17 124 3.0
17 63 4.0
17 61 5.0
17 60 6.0
17 58 7.0
17 55 8.0
17 54 9.0
17 52 10.0
17 50 11.0
17 35 12.0
17 24 13.0
17 15 14.0
17 5 15.0
17 2 16.0
17 123 17.0
17 119 18.0
17 120 19.0
17 130 20.0
18 131 0.0
18 6 1.0
18 9 2.0
18 121 3.0
18 3 4.0
18 13 5.0
18 27 6.0
18 33 7.0
18 86 8.0
18 88 9.0
18 90 10.0
18 92 11.0
18 94 12.0
18 96 13.0
18 97 14.0
18 101 15.0
18 103 16.0
18 105 17.0
18 107 18.0
18 109 19.0
18 111 20.0
18 113 21.0
18 114 22.0
18 115 23.0
18 134 24.0
19 133 48.0
19 84 49.0
19 82 50.0
19 80 51.0
19 78 52.0
19 76 53.0
19 74 54.0
19 72 55.0
19 70 56.0
19 68 57.0
19 66 58.0
19 31 59.0
19 30 60.0
19 11 61.0
19 29 62.0
19 10 63.0
19 122 64.0
19 9 65.0
19 119 66.0
19 120 67.0
19 130 68.0
20 135 18.0
20 118 19.0
20 117 20.0
20 116 21.0
20 112 22.0
20 110 23.0
20 108 24.0
20 106 25.0
20 104 26.0
20 102 27.0
20 100 28.0
20 95 29.0
20 93 30.0
20 91 31.0
20 89 32.0
20 87 33.0
20 85 34.0
20 34 35.0
20 25 36.0
20 14 37.0
20 26 38.0
20 123 39.0
20 119 40.0
20 120 41.0
20 130 42.0
21 135 48.0
21 118 49.0
21 117 50.0
21 116 51.0
21 112 52.0
21 110 53.0
21 108 54.0
21 106 55.0
21 104 56.0
21 102 57.0
21 100 58.0
21 95 59.0
21 93 60.0
21 91 61.0
21 89 62.0
21 87 63.0
21 85 64.0
21 34 65.0
21 25 66.0
21 14 67.0
21 26 68.0
21 123 69.0
21 119 70.0
21 120 71.0
21 130 72.0
22 139 48.0
22 128 49.0
22 98 50.0
22 47 51.0
22 45 52.0
22 44 53.0
22 43 54.0
22 42 55.0
22 37 56.0
22 22 57.0
22 18 58.0
22 21 59.0
22 0 60.0
22 123 61.0
22 119 62.0
22 120 63.0
22 130 64.0
24 135 28.0
24 118 29.0
24 117 30.0
24 116 31.0
24 112 32.0
24 110 33.0
24 108 34.0
24 106 35.0
24 104 36.0
24 102 37.0
24 100 38.0
24 95 39.0
24 93 40.0
24 91 41.0
24 89 42.0
24 87 43.0
24 85 44.0
24 34 45.0
24 25 46.0
24 14 47.0
24 26 48.0
24 123 49.0
24 119 50.0
24 120 51.0
24 130 52.0
26 137 27.0
26 126 28.0
26 124 29.0
26 63 30.0
26 61 31.0
26 60 32.0
26 58 33.0
26 55 34.0
26 54 35.0
26 52 36.0
26 50 37.0
26 35 38.0
26 24 39.0
26 15 40.0
26 5 41.0
26 2 42.0
26 123 43.0
26 119 44.0
26 120 45.0
26 130 46.0
28 131 10.0
28 6 11.0
28 9 12.0
28 121 13.0
28 3 14.0
28 13 15.0
28 27 16.0
28 33 17.0
28 86 18.0
28 88 19.0
28 90 20.0
28 92 21.0
28 94 22.0
28 96 23.0
28 97 24.0
28 101 25.0
28 103 26.0
28 105 27.0
28 107 28.0
28 109 29.0
28 111 30.0
28 113 31.0
28 114 32.0
28 115 33.0
28 134 34.0
33 135 34.0
33 118 35.0
33 117 36.0
33 116 37.0
33 112 38.0
33 110 39.0
33 108 40.0
33 106 41.0
33 104 42.0
33 102 43.0
33 100 44.0
33 95 45.0
33 93 46.0
33 91 47.0
33 89 48.0
33 87 49.0
33 85 50.0
33 34 51.0
33 25 52.0
33 14 53.0
33 26 54.0
33 123 55.0
33 119 56.0
33 120 57.0
33 130 58.0
34 135 26.0
34 118 27.0
34 117 28.0
34 116 29.0
34 112 30.0
34 110 31.0
34 108 32.0
34 106 33.0
34 104 34.0
34 102 35.0
34 100 36.0
34 95 37.0
34 93 38.0
34 91 39.0
34 89 40.0
34 87 41.0
34 85 42.0
34 34 43.0
34 25 44.0
34 14 45.0
34 26 46.0
34 123 47.0
34 119 48.0
34 120 49.0
34 130 50.0
38 133 28.0
38 84 29.0
38 82 30.0
38 80 31.0
38 78 32.0
38 76 33.0
38 74 34.0
38 72 35.0
38 70 36.0
38 68 37.0
38 66 38.0
38 31 39.0
38 30 40.0
38 11 41.0
38 29 42.0
38 10 43.0
38 122 44.0
38 9 45.0
38 119 46.0
38 120 47.0
38 130 48.0
39 139 38.0
39 128 39.0
39 98 40.0
39 47 41.0
39 45 42.0
39 44 43.0
39 43 44.0
39 42 45.0
39 37 46.0
39 22 47.0
39 18 48.0
39 21 49.0
39 0 50.0
39 123 51.0
39 119 52.0
39 120 53.0
39 130 54.0
42 133 36.0
42 84 37.0
42 82 38.0
42 80 39.0
42 78 40.0
42 76 41.0
42 74 42.0
42 72 43.0
42 70 44.0
42 68 45.0
42 66 46.0
42 31 47.0
42 30 48.0
42 11 49.0
42 29 50.0
42 10 51.0
42 122 52.0
42 9 53.0
42 119 54.0
42 120 55.0
42 130 56.0
43 135 38.0
43 118 39.0
43 117 40.0
43 116 41.0
43 112 42.0
43 110 43.0
43 108 44.0
43 106 45.0
43 104 46.0
43 102 47.0
43 100 48.0
43 95 49.0
43 93 50.0
43 91 51.0
43 89 52.0
43 87 53.0
43 85 54.0
43 34 55.0
43 25 56.0
43 14 57.0
43 26 58.0
43 123 59.0
43 119 60.0
43 120 61.0
43 130 62.0
45 135 36.0
45 118 37.0
45 117 38.0
45 116 39.0
45 112 40.0
45 110 41.0
45 108 42.0
45 106 43.0
45 104 44.0
45 102 45.0
45 100 46.0
45 95 47.0
45 93 48.0
45 91 49.0
45 89 50.0
45 87 51.0
45 85 52.0
45 34 53.0
45 25 54.0
45 14 55.0
45 26 56.0
45 123 57.0
45 119 58.0
45 120 59.0
45 130 60.0
48 131 20.0
48 6 21.0
48 9 22.0
48 121 23.0
48 7 24.0
48 8 25.0
48 12 26.0
48 28 27.0
48 32 28.0
48 65 29.0
48 67 30.0
48 69 31.0
48 71 32.0
48 73 33.0
48 75 34.0
48 77 35.0
48 79 36.0
48 81 37.0
48 83 38.0
48 132 39.0
49 131 27.0
49 6 28.0
49 9 29.0
49 121 30.0
49 3 31.0
49 13 32.0
49 27 33.0
49 33 34.0
49 86 35.0
49 88 36.0
49 90 37.0
49 92 38.0
49 94 39.0
49 96 40.0
49 97 41.0
49 101 42.0
49 103 43.0
49 105 44.0
49 107 45.0
49 109 46.0
49 111 47.0
49 113 48.0
49 114 49.0
49 115 50.0
49 134 51.0
50 135 46.0
50 118 47.0
50 117 48.0
50 116 49.0
50 112 50.0
50 110 51.0
50 108 52.0
50 106 53.0
50 104 54.0
50 102 55.0
50 100 56.0
50 95 57.0
50 93 58.0
50 91 59.0
50 89 60.0
50 87 61.0
50 85 62.0
50 34 63.0
50 25 64.0
50 14 65.0
50 26 66.0
50 123 67.0
50 119 68.0
50 120 69.0
50 130 70.0
56 131 25.0
56 6 26.0
56 9 27.0
56 121 28.0
56 3 29.0
56 13 30.0
56 27 31.0
56 33 32.0
56 86 33.0
56 88 34.0
56 90 35.0
56 92 36.0
56 94 37.0
56 96 38.0
56 97 39.0
56 101 40.0
56 103 41.0
56 105 42.0
56 107 43.0
56 109 44.0
56 111 45.0
56 113 46.0
56 114 47.0
56 115 48.0
56 134 49.0
59 131 23.0
59 6 24.0
59 9 25.0
59 121 26.0
59 7 27.0
59 8 28.0
59 12 29.0
59 28 30.0
59 32 31.0
59 65 32.0
59 67 33.0
59 69 34.0
59 71 35.0
59 73 36.0
59 75 37.0
59 77 38.0
59 79 39.0
59 81 40.0
59 83 41.0
59 132 42.0
66 135 42.0
66 118 43.0
66 117 44.0
66 116 45.0
66 112 46.0
66 110 47.0
66 108 48.0
66 106 49.0
66 104 50.0
66 102 51.0
66 100 52.0
66 95 53.0
66 93 54.0
66 91 55.0
66 89 56.0
66 87 57.0
66 85 58.0
66 34 59.0
66 25 60.0
66 14 61.0
66 26 62.0
66 123 63.0
66 119 64.0
66 120 65.0
66 130 66.0
78 131 38.0
78 6 39.0
78 9 40.0
78 121 41.0
78 3 42.0
78 13 43.0
78 27 44.0
78 33 45.0
78 86 46.0
78 88 47.0
78 90 48.0
78 92 49.0
78 94 50.0
78 96 51.0
78 97 52.0
78 101 53.0
78 103 54.0
78 105 55.0
78 107 56.0
78 109 57.0
78 111 58.0
78 113 59.0
78 114 60.0
78 115 61.0
78 134 62.0
81 131 40.0
81 6 41.0
81 9 42.0
81 121 43.0
81 7 44.0
81 8 45.0
81 12 46.0
81 28 47.0
81 32 48.0
81 65 49.0
81 67 50.0
81 69 51.0
81 71 52.0
81 73 53.0
81 75 54.0
81 77 55.0
81 79 56.0
81 81 57.0
81 83 58.0
81 132 59.0
82 131 45.0
82 6 46.0
82 9 47.0
82 121 48.0
82 7 49.0
82 8 50.0
82 12 51.0
82 28 52.0
82 32 53.0
82 65 54.0
82 67 55.0
82 69 56.0
82 71 57.0
82 73 58.0
82 75 59.0
82 77 60.0
82 79 61.0
82 81 62.0
82 83 63.0
82 132 64.0
83 131 47.0
83 6 48.0
83 9 49.0
83 121 50.0
83 7 51.0
83 8 52.0
83 12 53.0
83 28 54.0
83 32 55.0
83 65 56.0
83 67 57.0
83 69 58.0
83 71 59.0
83 73 60.0
83 75 61.0
83 77 62.0
83 79 63.0
83 81 64.0
83 83 65.0
83 132 66.0
;
param t_hat_lat:=
0 133 3.0
0 84 4.0
0 82 5.0
0 80 6.0
0 78 7.0
0 76 8.0
0 74 9.0
0 72 10.0
0 70 11.0
0 68 12.0
0 66 13.0
0 31 14.0
0 30 15.0
0 11 16.0
0 29 17.0
0 10 18.0
0 122 19.0
0 9 20.0
0 119 21.0
0 120 22.0
0 130 23.0
1 135 5.0
1 118 6.0
1 117 7.0
1 116 8.0
1 112 9.0
1 110 10.0
1 108 11.0
1 106 12.0
1 104 13.0
1 102 14.0
1 100 15.0
1 95 16.0
1 93 17.0
1 91 18.0
1 89 19.0
1 87 20.0
1 85 21.0
1 34 22.0
1 25 23.0
1 14 24.0
1 26 25.0
1 123 26.0
1 119 27.0
1 120 28.0
1 130 29.0
2 133 18.1
2 84 18.0
2 82 19.0
2 80 20.0
2 78 21.0
2 76 22.0
2 74 23.0
2 72 24.0
2 70 25.0
2 68 26.0
2 66 27.0
2 31 28.0
2 30 29.0
2 11 30.0
2 29 31.0
2 10 32.0
2 122 33.0
2 9 34.0
2 119 35.0
2 120 36.0
2 130 37.0
3 133 19.0
3 84 20.0
3 82 21.0
3 80 22.0
3 78 23.0
3 76 24.0
3 74 25.0
3 72 26.0
3 70 27.0
3 68 28.0
3 66 29.0
3 31 30.0
3 30 31.0
3 11 32.0
3 29 33.0
3 10 34.0
3 122 35.0
3 9 36.0
3 119 37.0
3 120 38.0
3 130 39.0
4 135 1.0
4 118 2.0
4 117 3.0
4 116 4.0
4 112 5.0
4 110 6.0
4 108 7.0
4 106 8.0
4 104 9.0
4 102 10.0
4 100 11.0
4 95 12.0
4 93 13.0
4 91 14.0
4 89 15.0
4 87 16.0
4 85 17.0
4 34 18.0
4 25 19.0
4 14 20.0
4 26 21.0
4 123 22.0
4 119 23.0
4 120 24.0
4 130 25.0
5 139 29.0
5 128 30.0
5 98 31.0
5 47 32.0
5 45 33.0
5 44 34.0
5 43 35.0
5 42 36.0
5 37 37.0
5 22 38.0
5 18 39.0
5 21 40.0
5 0 41.0
5 123 42.0
5 119 43.0
5 120 44.0
5 130 45.0
6 135 9.0
6 118 10.0
6 117 11.0
6 116 12.0
6 112 13.0
6 110 14.0
6 108 15.0
6 106 16.0
6 104 17.0
6 102 18.0
6 100 19.0
6 95 20.0
6 93 21.0
6 91 22.0
6 89 23.0
6 87 24.0
6 85 25.0
6 34 26.0
6 25 27.0
6 14 28.0
6 26 29.0
6 123 30.0
6 119 31.0
6 120 32.0
6 130 33.0
7 131 5.0
7 6 6.0
7 9 7.0
7 121 8.0
7 3 9.0
7 13 10.0
7 27 11.0
7 33 12.0
7 86 13.0
7 88 14.0
7 90 15.0
7 92 16.0
7 94 17.0
7 96 18.0
7 97 19.0
7 101 20.0
7 103 21.0
7 105 22.0
7 107 23.0
7 109 24.0
7 111 25.0
7 113 26.0
7 114 27.0
7 115 28.0
7 134 29.0
9 135 7.0
9 118 8.0
9 117 9.0
9 116 10.0
9 112 11.0
9 110 12.0
9 108 13.0
9 106 14.0
9 104 15.0
9 102 16.0
9 100 17.0
9 95 18.0
9 93 19.0
9 91 20.0
9 89 21.0
9 87 22.0
9 85 23.0
9 34 24.0
9 25 25.0
9 14 26.0
9 26 27.0
9 123 28.0
9 119 29.0
9 120 30.0
9 130 31.0
10 139 3.0
10 128 4.0
10 98 5.0
10 47 6.0
10 45 7.0
10 44 8.0
10 43 9.0
10 42 10.0
10 37 11.0
10 22 12.0
10 18 13.0
10 21 14.0
10 0 15.0
10 123 16.0
10 119 17.0
10 120 18.0
10 130 19.0
11 131 3.0
11 6 4.0
11 9 5.0
11 119 6.0
11 1 7.0
11 19 8.0
11 21 9.0
11 4 10.0
11 16 11.0
11 23 12.0
11 36 13.0
11 49 14.0
11 51 15.0
11 53 16.0
11 56 17.0
11 57 18.0
11 59 19.0
11 62 20.0
11 64 21.0
11 125 22.0
11 127 23.0
11 136 24.0
12 135 18.1
12 118 18.0
12 117 19.0
12 116 20.0
12 112 21.0
12 110 22.0
12 108 23.0
12 106 24.0
12 104 25.0
12 102 26.0
12 100 27.0
12 95 28.0
12 93 29.0
12 91 30.0
12 89 31.0
12 87 32.0
12 85 33.0
12 34 34.0
12 25 35.0
12 14 36.0
12 26 37.0
12 123 38.0
12 119 39.0
12 120 40.0
12 130 41.0
14 137 8.0
14 126 9.0
14 124 10.0
14 63 11.0
14 61 12.0
14 60 13.0
14 58 14.0
14 55 15.0
14 54 16.0
14 52 17.0
14 50 18.0
14 35 19.0
14 24 20.0
14 15 21.0
14 5 22.0
14 2 23.0
14 123 24.0
14 119 25.0
14 120 26.0
14 130 27.0
15 133 15.0
15 84 16.0
15 82 17.0
15 80 18.0
15 78 19.0
15 76 20.0
15 74 21.0
15 72 22.0
15 70 23.0
15 68 24.0
15 66 25.0
15 31 26.0
15 30 27.0
15 11 28.0
15 29 29.0
15 10 30.0
15 122 31.0
15 9 32.0
15 119 33.0
15 120 34.0
15 130 35.0
17 137 2.0
17 126 3.0
17 124 4.0
17 63 5.0
17 61 6.0
17 60 7.0
17 58 8.0
17 55 9.0
17 54 10.0
17 52 11.0
17 50 12.0
17 35 13.0
17 24 14.0
17 15 15.0
17 5 16.0
17 2 17.0
17 123 18.0
17 119 19.0
17 120 20.0
17 130 21.0
18 131 1.0
18 6 2.0
18 9 3.0
18 121 4.0
18 3 5.0
18 13 6.0
18 27 7.0
18 33 8.0
18 86 9.0
18 88 10.0
18 90 11.0
18 92 12.0
18 94 13.0
18 96 14.0
18 97 15.0
18 101 16.0
18 103 17.0
18 105 18.0
18 107 19.0
18 109 20.0
18 111 21.0
18 113 22.0
18 114 23.0
18 115 24.0
18 134 25.0
19 133 49.0
19 84 50.0
19 82 51.0
19 80 52.0
19 78 53.0
19 76 54.0
19 74 55.0
19 72 56.0
19 70 57.0
19 68 58.0
19 66 59.0
19 31 60.0
19 30 61.0
19 11 62.0
19 29 63.0
19 10 64.0
19 122 65.0
19 9 66.0
19 119 67.0
19 120 68.0
19 130 69.0
20 135 19.0
20 118 20.0
20 117 21.0
20 116 22.0
20 112 23.0
20 110 24.0
20 108 25.0
20 106 26.0
20 104 27.0
20 102 28.0
20 100 29.0
20 95 30.0
20 93 31.0
20 91 32.0
20 89 33.0
20 87 34.0
20 85 35.0
20 34 36.0
20 25 37.0
20 14 38.0
20 26 39.0
20 123 40.0
20 119 41.0
20 120 42.0
20 130 43.0
21 135 49.0
21 118 50.0
21 117 51.0
21 116 52.0
21 112 53.0
21 110 54.0
21 108 55.0
21 106 56.0
21 104 57.0
21 102 58.0
21 100 59.0
21 95 60.0
21 93 61.0
21 91 62.0
21 89 63.0
21 87 64.0
21 85 65.0
21 34 66.0
21 25 67.0
21 14 68.0
21 26 69.0
21 123 70.0
21 119 71.0
21 120 72.0
21 130 73.0
22 139 49.0
22 128 50.0
22 98 51.0
22 47 52.0
22 45 53.0
22 44 54.0
22 43 55.0
22 42 56.0
22 37 57.0
22 22 58.0
22 18 59.0
22 21 60.0
22 0 61.0
22 123 62.0
22 119 63.0
22 120 64.0
22 130 65.0
24 135 29.0
24 118 30.0
24 117 31.0
24 116 32.0
24 112 33.0
24 110 34.0
24 108 35.0
24 106 36.0
24 104 37.0
24 102 38.0
24 100 39.0
24 95 40.0
24 93 41.0
24 91 42.0
24 89 43.0
24 87 44.0
24 85 45.0
24 34 46.0
24 25 47.0
24 14 48.0
24 26 49.0
24 123 50.0
24 119 51.0
24 120 52.0
24 130 53.0
26 137 28.0
26 126 29.0
26 124 30.0
26 63 31.0
26 61 32.0
26 60 33.0
26 58 34.0
26 55 35.0
26 54 36.0
26 52 37.0
26 50 38.0
26 35 39.0
26 24 40.0
26 15 41.0
26 5 42.0
26 2 43.0
26 123 44.0
26 119 45.0
26 120 46.0
26 130 47.0
28 131 11.0
28 6 12.0
28 9 13.0
28 121 14.0
28 3 15.0
28 13 16.0
28 27 17.0
28 33 18.0
28 86 19.0
28 88 20.0
28 90 21.0
28 92 22.0
28 94 23.0
28 96 24.0
28 97 25.0
28 101 26.0
28 103 27.0
28 105 28.0
28 107 29.0
28 109 30.0
28 111 31.0
28 113 32.0
28 114 33.0
28 115 34.0
28 134 35.0
33 135 35.0
33 118 36.0
33 117 37.0
33 116 38.0
33 112 39.0
33 110 40.0
33 108 41.0
33 106 42.0
33 104 43.0
33 102 44.0
33 100 45.0
33 95 46.0
33 93 47.0
33 91 48.0
33 89 49.0
33 87 50.0
33 85 51.0
33 34 52.0
33 25 53.0
33 14 54.0
33 26 55.0
33 123 56.0
33 119 57.0
33 120 58.0
33 130 59.0
34 135 27.0
34 118 28.0
34 117 29.0
34 116 30.0
34 112 31.0
34 110 32.0
34 108 33.0
34 106 34.0
34 104 35.0
34 102 36.0
34 100 37.0
34 95 38.0
34 93 39.0
34 91 40.0
34 89 41.0
34 87 42.0
34 85 43.0
34 34 44.0
34 25 45.0
34 14 46.0
34 26 47.0
34 123 48.0
34 119 49.0
34 120 50.0
34 130 51.0
38 133 29.0
38 84 30.0
38 82 31.0
38 80 32.0
38 78 33.0
38 76 34.0
38 74 35.0
38 72 36.0
38 70 37.0
38 68 38.0
38 66 39.0
38 31 40.0
38 30 41.0
38 11 42.0
38 29 43.0
38 10 44.0
38 122 45.0
38 9 46.0
38 119 47.0
38 120 48.0
38 130 49.0
39 139 39.0
39 128 40.0
39 98 41.0
39 47 42.0
39 45 43.0
39 44 44.0
39 43 45.0
39 42 46.0
39 37 47.0
39 22 48.0
39 18 49.0
39 21 50.0
39 0 51.0
39 123 52.0
39 119 53.0
39 120 54.0
39 130 55.0
42 133 37.0
42 84 38.0
42 82 39.0
42 80 40.0
42 78 41.0
42 76 42.0
42 74 43.0
42 72 44.0
42 70 45.0
42 68 46.0
42 66 47.0
42 31 48.0
42 30 49.0
42 11 50.0
42 29 51.0
42 10 52.0
42 122 53.0
42 9 54.0
42 119 55.0
42 120 56.0
42 130 57.0
43 135 39.0
43 118 40.0
43 117 41.0
43 116 42.0
43 112 43.0
43 110 44.0
43 108 45.0
43 106 46.0
43 104 47.0
43 102 48.0
43 100 49.0
43 95 50.0
43 93 51.0
43 91 52.0
43 89 53.0
43 87 54.0
43 85 55.0
43 34 56.0
43 25 57.0
43 14 58.0
43 26 59.0
43 123 60.0
43 119 61.0
43 120 62.0
43 130 63.0
45 135 37.0
45 118 38.0
45 117 39.0
45 116 40.0
45 112 41.0
45 110 42.0
45 108 43.0
45 106 44.0
45 104 45.0
45 102 46.0
45 100 47.0
45 95 48.0
45 93 49.0
45 91 50.0
45 89 51.0
45 87 52.0
45 85 53.0
45 34 54.0
45 25 55.0
45 14 56.0
45 26 57.0
45 123 58.0
45 119 59.0
45 120 60.0
45 130 61.0
48 131 21.0
48 6 22.0
48 9 23.0
48 121 24.0
48 7 25.0
48 8 26.0
48 12 27.0
48 28 28.0
48 32 29.0
48 65 30.0
48 67 31.0
48 69 32.0
48 71 33.0
48 73 34.0
48 75 35.0
48 77 36.0
48 79 37.0
48 81 38.0
48 83 39.0
48 132 40.0
49 131 28.0
49 6 29.0
49 9 30.0
49 121 31.0
49 3 32.0
49 13 33.0
49 27 34.0
49 33 35.0
49 86 36.0
49 88 37.0
49 90 38.0
49 92 39.0
49 94 40.0
49 96 41.0
49 97 42.0
49 101 43.0
49 103 44.0
49 105 45.0
49 107 46.0
49 109 47.0
49 111 48.0
49 113 49.0
49 114 50.0
49 115 51.0
49 134 52.0
50 135 47.0
50 118 48.0
50 117 49.0
50 116 50.0
50 112 51.0
50 110 52.0
50 108 53.0
50 106 54.0
50 104 55.0
50 102 56.0
50 100 57.0
50 95 58.0
50 93 59.0
50 91 60.0
50 89 61.0
50 87 62.0
50 85 63.0
50 34 64.0
50 25 65.0
50 14 66.0
50 26 67.0
50 123 68.0
50 119 69.0
50 120 70.0
50 130 71.0
56 131 26.0
56 6 27.0
56 9 28.0
56 121 29.0
56 3 30.0
56 13 31.0
56 27 32.0
56 33 33.0
56 86 34.0
56 88 35.0
56 90 36.0
56 92 37.0
56 94 38.0
56 96 39.0
56 97 40.0
56 101 41.0
56 103 42.0
56 105 43.0
56 107 44.0
56 109 45.0
56 111 46.0
56 113 47.0
56 114 48.0
56 115 49.0
56 134 50.0
59 131 24.0
59 6 25.0
59 9 26.0
59 121 27.0
59 7 28.0
59 8 29.0
59 12 30.0
59 28 31.0
59 32 32.0
59 65 33.0
59 67 34.0
59 69 35.0
59 71 36.0
59 73 37.0
59 75 38.0
59 77 39.0
59 79 40.0
59 81 41.0
59 83 42.0
59 132 43.0
66 135 43.0
66 118 44.0
66 117 45.0
66 116 46.0
66 112 47.0
66 110 48.0
66 108 49.0
66 106 50.0
66 104 51.0
66 102 52.0
66 100 53.0
66 95 54.0
66 93 55.0
66 91 56.0
66 89 57.0
66 87 58.0
66 85 59.0
66 34 60.0
66 25 61.0
66 14 62.0
66 26 63.0
66 123 64.0
66 119 65.0
66 120 66.0
66 130 67.0
78 131 39.0
78 6 40.0
78 9 41.0
78 121 42.0
78 3 43.0
78 13 44.0
78 27 45.0
78 33 46.0
78 86 47.0
78 88 48.0
78 90 49.0
78 92 50.0
78 94 51.0
78 96 52.0
78 97 53.0
78 101 54.0
78 103 55.0
78 105 56.0
78 107 57.0
78 109 58.0
78 111 59.0
78 113 60.0
78 114 61.0
78 115 62.0
78 134 63.0
81 131 41.0
81 6 42.0
81 9 43.0
81 121 44.0
81 7 45.0
81 8 46.0
81 12 47.0
81 28 48.0
81 32 49.0
81 65 50.0
81 67 51.0
81 69 52.0
81 71 53.0
81 73 54.0
81 75 55.0
81 77 56.0
81 79 57.0
81 81 58.0
81 83 59.0
81 132 60.0
82 131 46.0
82 6 47.0
82 9 48.0
82 121 49.0
82 7 50.0
82 8 51.0
82 12 52.0
82 28 53.0
82 32 54.0
82 65 55.0
82 67 56.0
82 69 57.0
82 71 58.0
82 73 59.0
82 75 60.0
82 77 61.0
82 79 62.0
82 81 63.0
82 83 64.0
82 132 65.0
83 131 48.0
83 6 49.0
83 9 50.0
83 121 51.0
83 7 52.0
83 8 53.0
83 12 54.0
83 28 55.0
83 32 56.0
83 65 57.0
83 67 58.0
83 69 59.0
83 71 60.0
83 73 61.0
83 75 62.0
83 77 63.0
83 79 64.0
83 81 65.0
83 83 66.0
83 132 67.0
;
set fixedFlights :=
0 29 10
0 11 29
0 30 11
0 133 84
0 9 119
0 119 120
0 120 130
0 10 122
0 122 9
0 84 82
0 82 80
0 80 78
0 78 76
0 76 74
0 74 72
0 72 70
0 70 68
0 68 66
0 66 31
0 31 30
1 14 26
1 118 117
1 117 116
1 116 112
1 112 110
1 110 108
1 108 106
1 106 104
1 104 102
1 102 100
1 100 95
1 95 93
1 93 91
1 91 89
1 89 87
1 87 85
1 85 34
1 34 25
1 25 14
1 119 120
1 120 130
1 123 119
1 26 123
1 135 118
3 29 10
3 11 29
3 30 11
3 133 84
3 9 119
3 119 120
3 120 130
3 10 122
3 122 9
3 84 82
3 82 80
3 80 78
3 78 76
3 76 74
3 74 72
3 72 70
3 70 68
3 68 66
3 66 31
3 31 30
4 14 26
4 118 117
4 117 116
4 116 112
4 112 110
4 110 108
4 108 106
4 106 104
4 104 102
4 102 100
4 100 95
4 95 93
4 93 91
4 91 89
4 89 87
4 87 85
4 85 34
4 34 25
4 25 14
4 119 120
4 120 130
4 123 119
4 26 123
4 135 118
5 21 0
5 22 18
5 18 21
5 98 47
5 47 45
5 45 44
5 44 43
5 43 42
5 42 37
5 37 22
5 119 120
5 120 130
5 123 119
5 0 123
5 139 128
5 128 98
6 14 26
6 118 117
6 117 116
6 116 112
6 112 110
6 110 108
6 108 106
6 106 104
6 104 102
6 102 100
6 100 95
6 95 93
6 93 91
6 91 89
6 89 87
6 87 85
6 85 34
6 34 25
6 25 14
6 119 120
6 120 130
6 123 119
6 26 123
6 135 118
7 6 9
7 3 13
7 131 6
7 13 27
7 27 33
7 33 86
7 86 88
7 88 90
7 90 92
7 92 94
7 94 96
7 96 97
7 97 101
7 101 103
7 103 105
7 105 107
7 107 109
7 109 111
7 111 113
7 113 114
7 114 115
7 9 121
7 121 3
7 115 134
9 14 26
9 118 117
9 117 116
9 116 112
9 112 110
9 110 108
9 108 106
9 106 104
9 104 102
9 102 100
9 100 95
9 95 93
9 93 91
9 91 89
9 89 87
9 87 85
9 85 34
9 34 25
9 25 14
9 119 120
9 120 130
9 123 119
9 26 123
9 135 118
10 21 0
10 22 18
10 18 21
10 98 47
10 47 45
10 45 44
10 44 43
10 43 42
10 42 37
10 37 22
10 119 120
10 120 130
10 123 119
10 0 123
10 139 128
10 128 98
11 1 19
11 19 21
11 21 4
11 6 9
11 4 16
11 16 23
11 131 6
11 23 36
11 36 49
11 49 51
11 51 53
11 53 56
11 56 57
11 57 59
11 59 62
11 62 64
11 9 119
11 119 1
11 64 125
11 125 127
11 127 136
14 5 2
14 15 5
14 24 15
14 63 61
14 61 60
14 60 58
14 58 55
14 55 54
14 54 52
14 52 50
14 50 35
14 35 24
14 119 120
14 120 130
14 123 119
14 2 123
14 137 126
14 126 124
14 124 63
15 29 10
15 11 29
15 30 11
15 133 84
15 9 119
15 119 120
15 120 130
15 10 122
15 122 9
15 84 82
15 82 80
15 80 78
15 78 76
15 76 74
15 74 72
15 72 70
15 70 68
15 68 66
15 66 31
15 31 30
17 5 2
17 15 5
17 24 15
17 63 61
17 61 60
17 60 58
17 58 55
17 55 54
17 54 52
17 52 50
17 50 35
17 35 24
17 119 120
17 120 130
17 123 119
17 2 123
17 137 126
17 126 124
17 124 63
18 6 9
18 3 13
18 131 6
18 13 27
18 27 33
18 33 86
18 86 88
18 88 90
18 90 92
18 92 94
18 94 96
18 96 97
18 97 101
18 101 103
18 103 105
18 105 107
18 107 109
18 109 111
18 111 113
18 113 114
18 114 115
18 9 121
18 121 3
18 115 134
19 29 10
19 11 29
19 30 11
19 133 84
19 9 119
19 119 120
19 120 130
19 10 122
19 122 9
19 84 82
19 82 80
19 80 78
19 78 76
19 76 74
19 74 72
19 72 70
19 70 68
19 68 66
19 66 31
19 31 30
20 14 26
20 118 117
20 117 116
20 116 112
20 112 110
20 110 108
20 108 106
20 106 104
20 104 102
20 102 100
20 100 95
20 95 93
20 93 91
20 91 89
20 89 87
20 87 85
20 85 34
20 34 25
20 25 14
20 119 120
20 120 130
20 123 119
20 26 123
20 135 118
21 14 26
21 118 117
21 117 116
21 116 112
21 112 110
21 110 108
21 108 106
21 106 104
21 104 102
21 102 100
21 100 95
21 95 93
21 93 91
21 91 89
21 89 87
21 87 85
21 85 34
21 34 25
21 25 14
21 119 120
21 120 130
21 123 119
21 26 123
21 135 118
22 21 0
22 22 18
22 18 21
22 98 47
22 47 45
22 45 44
22 44 43
22 43 42
22 42 37
22 37 22
22 119 120
22 120 130
22 123 119
22 0 123
22 139 128
22 128 98
24 14 26
24 118 117
24 117 116
24 116 112
24 112 110
24 110 108
24 108 106
24 106 104
24 104 102
24 102 100
24 100 95
24 95 93
24 93 91
24 91 89
24 89 87
24 87 85
24 85 34
24 34 25
24 25 14
24 119 120
24 120 130
24 123 119
24 26 123
24 135 118
26 5 2
26 15 5
26 24 15
26 63 61
26 61 60
26 60 58
26 58 55
26 55 54
26 54 52
26 52 50
26 50 35
26 35 24
26 119 120
26 120 130
26 123 119
26 2 123
26 137 126
26 126 124
26 124 63
28 6 9
28 3 13
28 131 6
28 13 27
28 27 33
28 33 86
28 86 88
28 88 90
28 90 92
28 92 94
28 94 96
28 96 97
28 97 101
28 101 103
28 103 105
28 105 107
28 107 109
28 109 111
28 111 113
28 113 114
28 114 115
28 9 121
28 121 3
28 115 134
33 14 26
33 118 117
33 117 116
33 116 112
33 112 110
33 110 108
33 108 106
33 106 104
33 104 102
33 102 100
33 100 95
33 95 93
33 93 91
33 91 89
33 89 87
33 87 85
33 85 34
33 34 25
33 25 14
33 119 120
33 120 130
33 123 119
33 26 123
33 135 118
34 14 26
34 118 117
34 117 116
34 116 112
34 112 110
34 110 108
34 108 106
34 106 104
34 104 102
34 102 100
34 100 95
34 95 93
34 93 91
34 91 89
34 89 87
34 87 85
34 85 34
34 34 25
34 25 14
34 119 120
34 120 130
34 123 119
34 26 123
34 135 118
38 29 10
38 11 29
38 30 11
38 133 84
38 9 119
38 119 120
38 120 130
38 10 122
38 122 9
38 84 82
38 82 80
38 80 78
38 78 76
38 76 74
38 74 72
38 72 70
38 70 68
38 68 66
38 66 31
38 31 30
39 21 0
39 22 18
39 18 21
39 98 47
39 47 45
39 45 44
39 44 43
39 43 42
39 42 37
39 37 22
39 119 120
39 120 130
39 123 119
39 0 123
39 139 128
39 128 98
42 29 10
42 11 29
42 30 11
42 133 84
42 9 119
42 119 120
42 120 130
42 10 122
42 122 9
42 84 82
42 82 80
42 80 78
42 78 76
42 76 74
42 74 72
42 72 70
42 70 68
42 68 66
42 66 31
42 31 30
43 14 26
43 118 117
43 117 116
43 116 112
43 112 110
43 110 108
43 108 106
43 106 104
43 104 102
43 102 100
43 100 95
43 95 93
43 93 91
43 91 89
43 89 87
43 87 85
43 85 34
43 34 25
43 25 14
43 119 120
43 120 130
43 123 119
43 26 123
43 135 118
45 14 26
45 118 117
45 117 116
45 116 112
45 112 110
45 110 108
45 108 106
45 106 104
45 104 102
45 102 100
45 100 95
45 95 93
45 93 91
45 91 89
45 89 87
45 87 85
45 85 34
45 34 25
45 25 14
45 119 120
45 120 130
45 123 119
45 26 123
45 135 118
48 6 9
48 7 8
48 8 12
48 12 28
48 131 6
48 83 132
48 9 121
48 121 7
48 28 32
48 32 65
48 65 67
48 67 69
48 69 71
48 71 73
48 73 75
48 75 77
48 77 79
48 79 81
48 81 83
49 6 9
49 3 13
49 131 6
49 13 27
49 27 33
49 33 86
49 86 88
49 88 90
49 90 92
49 92 94
49 94 96
49 96 97
49 97 101
49 101 103
49 103 105
49 105 107
49 107 109
49 109 111
49 111 113
49 113 114
49 114 115
49 9 121
49 121 3
49 115 134
50 14 26
50 118 117
50 117 116
50 116 112
50 112 110
50 110 108
50 108 106
50 106 104
50 104 102
50 102 100
50 100 95
50 95 93
50 93 91
50 91 89
50 89 87
50 87 85
50 85 34
50 34 25
50 25 14
50 119 120
50 120 130
50 123 119
50 26 123
50 135 118
56 6 9
56 3 13
56 131 6
56 13 27
56 27 33
56 33 86
56 86 88
56 88 90
56 90 92
56 92 94
56 94 96
56 96 97
56 97 101
56 101 103
56 103 105
56 105 107
56 107 109
56 109 111
56 111 113
56 113 114
56 114 115
56 9 121
56 121 3
56 115 134
59 6 9
59 7 8
59 8 12
59 12 28
59 131 6
59 83 132
59 9 121
59 121 7
59 28 32
59 32 65
59 65 67
59 67 69
59 69 71
59 71 73
59 73 75
59 75 77
59 77 79
59 79 81
59 81 83
66 14 26
66 118 117
66 117 116
66 116 112
66 112 110
66 110 108
66 108 106
66 106 104
66 104 102
66 102 100
66 100 95
66 95 93
66 93 91
66 91 89
66 89 87
66 87 85
66 85 34
66 34 25
66 25 14
66 119 120
66 120 130
66 123 119
66 26 123
66 135 118
78 6 9
78 3 13
78 131 6
78 13 27
78 27 33
78 33 86
78 86 88
78 88 90
78 90 92
78 92 94
78 94 96
78 96 97
78 97 101
78 101 103
78 103 105
78 105 107
78 107 109
78 109 111
78 111 113
78 113 114
78 114 115
78 9 121
78 121 3
78 115 134
81 6 9
81 7 8
81 8 12
81 12 28
81 131 6
81 83 132
81 9 121
81 121 7
81 28 32
81 32 65
81 65 67
81 67 69
81 69 71
81 71 73
81 73 75
81 75 77
81 77 79
81 79 81
81 81 83
82 6 9
82 7 8
82 8 12
82 12 28
82 131 6
82 83 132
82 9 121
82 121 7
82 28 32
82 32 65
82 65 67
82 67 69
82 69 71
82 71 73
82 73 75
82 75 77
82 77 79
82 79 81
82 81 83
83 6 9
83 7 8
83 8 12
83 12 28
83 131 6
83 83 132
83 9 121
83 121 7
83 28 32
83 32 65
83 65 67
83 67 69
83 69 71
83 71 73
83 73 75
83 75 77
83 77 79
83 79 81
83 81 83
;
;
set inFlight:=
0
1
4
6
7
9
10
11
14
15
17
18
28
;
param tini := 17.1;
