param nn:= 140;
set F:=
9
14
15
20
22
23
26
29
31
32
36
38
41
44
49
51
54
55
58
62
66
68
73
74
85
89
93
;
param: E: d:=
1 19 2.500000
21 0 2.500000
19 21 2.500000
21 4 2.500000
5 2 2.500000
6 9 2.500000
7 8 2.500000
29 10 2.500000
11 29 2.500000
30 11 2.500000
8 12 2.500000
12 28 2.500000
15 5 2.500000
24 15 2.500000
4 16 2.500000
16 23 2.500000
19 17 2.500000
17 20 2.500000
22 18 2.500000
18 21 2.500000
14 26 2.500000
3 13 2.500000
131 6 1.500000
83 132 1.500000
133 84 1.500000
13 27 2.500000
27 33 2.500000
33 86 2.500000
86 88 2.500000
88 90 2.500000
90 92 2.500000
92 94 2.500000
94 96 2.500000
96 97 2.500000
97 101 2.500000
101 103 2.500000
103 105 2.500000
105 107 2.500000
107 109 2.500000
109 111 2.500000
111 113 2.500000
113 114 2.500000
114 115 2.500000
118 117 2.500000
117 116 2.500000
116 112 2.500000
112 110 2.500000
110 108 2.500000
108 106 2.500000
106 104 2.500000
104 102 2.500000
102 100 2.500000
100 95 2.500000
95 93 2.500000
93 91 2.500000
91 89 2.500000
89 87 2.500000
87 85 2.500000
85 34 2.500000
34 25 2.500000
25 14 2.500000
23 36 2.500000
36 49 2.500000
49 51 2.500000
51 53 2.500000
53 56 2.500000
56 57 2.500000
57 59 2.500000
59 62 2.500000
62 64 2.500000
63 61 2.500000
61 60 2.500000
60 58 2.500000
58 55 2.500000
55 54 2.500000
54 52 2.500000
52 50 2.500000
50 35 2.500000
35 24 2.500000
20 38 2.500000
38 39 2.500000
39 40 2.500000
40 41 2.500000
41 46 2.500000
46 48 2.500000
48 99 2.500000
98 47 2.500000
47 45 2.500000
45 44 2.500000
44 43 2.500000
43 42 2.500000
42 37 2.500000
37 22 2.500000
9 119 2.500000
119 1 2.500000
119 120 2.500000
120 130 1.500000
9 121 2.500000
121 3 2.500000
121 7 2.500000
10 122 2.500000
122 9 2.500000
28 32 2.500000
32 65 2.500000
65 67 2.500000
67 69 2.500000
69 71 2.500000
71 73 2.500000
73 75 2.500000
75 77 2.500000
77 79 2.500000
79 81 2.500000
81 83 2.500000
84 82 2.500000
82 80 2.500000
80 78 2.500000
78 76 2.500000
76 74 2.500000
74 72 2.500000
72 70 2.500000
70 68 2.500000
68 66 2.500000
66 31 2.500000
31 30 2.500000
123 121 2.500000
123 119 2.500000
0 123 2.500000
2 123 2.500000
26 123 2.500000
115 134 1.500000
135 118 1.500000
137 126 1.500000
126 124 2.500000
124 63 2.500000
64 125 2.500000
125 127 2.500000
127 136 1.500000
139 128 1.500000
128 98 2.500000
99 129 2.500000
129 138 1.500000
;
param s:=
9 135
14 133
15 135
20 135
22 135
23 131
26 133
29 137
31 137
32 135
36 131
38 133
41 135
44 139
49 131
51 133
54 131
55 137
58 135
62 131
66 131
68 135
73 133
74 131
85 131
89 131
93 131
;
param e:=
9 130
14 130
15 130
20 130
22 130
23 134
26 130
29 130
31 130
32 130
36 134
38 130
41 130
44 130
49 132
51 130
54 134
55 130
58 130
62 132
66 132
68 130
73 130
74 134
85 132
89 132
93 132
;
param v_min:=2.375
;
param v_max:=2.625
;
param :conflictsNodes: angle:=
0 21 123 1.000000
0 123 21 1.000000
1 19 119 1.000000
1 119 19 1.000000
2 5 123 1.000000
2 123 5 1.000000
3 13 121 1.000000
3 121 13 1.000000
4 16 21 1.000000
4 21 16 1.000000
5 2 15 1.000000
5 15 2 1.000000
7 8 121 1.000000
7 121 8 1.000000
8 7 12 1.000000
8 12 7 1.000000
9 6 119 1.000000
9 119 6 1.000000
9 6 121 1.000000
9 121 6 1.000000
9 6 122 1.000000
9 122 6 1.000000
9 119 121 1.000000
9 121 119 1.000000
9 119 122 1.000000
9 122 119 1.000000
9 121 122 1.000000
9 122 121 1.000000
10 29 122 1.000000
10 122 29 1.000000
11 29 30 1.000000
11 30 29 1.000000
12 8 28 1.000000
12 28 8 1.000000
13 3 27 1.000000
13 27 3 1.000000
14 25 26 1.000000
14 26 25 1.000000
15 5 24 1.000000
15 24 5 1.000000
16 4 23 1.000000
16 23 4 1.000000
17 19 20 1.000000
17 20 19 1.000000
18 21 22 1.000000
18 22 21 1.000000
19 1 21 1.000000
19 21 1 1.000000
19 1 17 1.000000
19 17 1 1.000000
19 17 21 1.000000
19 21 17 1.000000
20 17 38 1.000000
20 38 17 1.000000
21 0 19 1.000000
21 19 0 1.000000
21 0 4 1.000000
21 4 0 1.000000
21 0 18 1.000000
21 18 0 1.000000
21 4 19 1.000000
21 19 4 1.000000
21 4 18 1.478880
21 18 4 1.478880
21 18 19 1.000000
21 19 18 1.000000
22 18 37 1.000000
22 37 18 1.000000
23 16 36 1.000000
23 36 16 1.000000
24 15 35 1.000000
24 35 15 1.000000
25 14 34 1.000000
25 34 14 1.000000
26 14 123 1.000000
26 123 14 1.000000
27 13 33 1.000000
27 33 13 1.000000
28 12 32 1.000000
28 32 12 1.000000
29 10 11 1.000000
29 11 10 1.000000
30 11 31 1.000000
30 31 11 1.000000
31 30 66 1.000000
31 66 30 1.000000
32 28 65 1.000000
32 65 28 1.000000
33 27 86 1.000000
33 86 27 1.000000
34 25 85 1.000000
34 85 25 1.000000
35 24 50 1.000000
35 50 24 1.000000
36 23 49 1.000000
36 49 23 1.000000
37 22 42 1.000000
37 42 22 1.000000
38 20 39 1.000000
38 39 20 1.000000
39 38 40 1.000000
39 40 38 1.000000
40 39 41 1.000000
40 41 39 1.000000
41 40 46 1.000000
41 46 40 1.000000
42 37 43 1.000000
42 43 37 1.000000
43 42 44 1.000000
43 44 42 1.000000
44 43 45 1.000000
44 45 43 1.000000
45 44 47 1.000000
45 47 44 1.000000
46 41 48 1.000000
46 48 41 1.000000
47 45 98 1.000000
47 98 45 1.000000
48 46 99 1.000000
48 99 46 1.000000
49 36 51 1.000000
49 51 36 1.000000
50 35 52 1.000000
50 52 35 1.000000
51 49 53 1.000000
51 53 49 1.000000
52 50 54 1.000000
52 54 50 1.000000
53 51 56 1.000000
53 56 51 1.000000
54 52 55 1.000000
54 55 52 1.000000
55 54 58 1.000000
55 58 54 1.000000
56 53 57 1.000000
56 57 53 1.000000
57 56 59 1.000000
57 59 56 1.000000
58 55 60 1.000000
58 60 55 1.000000
59 57 62 1.000000
59 62 57 1.000000
60 58 61 1.000000
60 61 58 1.000000
61 60 63 1.000000
61 63 60 1.000000
62 59 64 1.000000
62 64 59 1.000000
63 61 124 1.000000
63 124 61 1.000000
64 62 125 1.000000
64 125 62 1.000000
65 32 67 1.000000
65 67 32 1.000000
66 31 68 1.000000
66 68 31 1.000000
67 65 69 1.000000
67 69 65 1.000000
68 66 70 1.000000
68 70 66 1.000000
69 67 71 1.000000
69 71 67 1.000000
70 68 72 1.000000
70 72 68 1.000000
71 69 73 1.000000
71 73 69 1.000000
72 70 74 1.000000
72 74 70 1.000000
73 71 75 1.000000
73 75 71 1.000000
74 72 76 1.000000
74 76 72 1.000000
75 73 77 1.000000
75 77 73 1.000000
76 74 78 1.000000
76 78 74 1.000000
77 75 79 1.000000
77 79 75 1.000000
78 76 80 1.000000
78 80 76 1.000000
79 77 81 1.000000
79 81 77 1.000000
80 78 82 1.000000
80 82 78 1.000000
81 79 83 1.000000
81 83 79 1.000000
82 80 84 1.000000
82 84 80 1.000000
85 34 87 1.000000
85 87 34 1.000000
86 33 88 1.000000
86 88 33 1.000000
87 85 89 1.000000
87 89 85 1.000000
88 86 90 1.000000
88 90 86 1.000000
89 87 91 1.000000
89 91 87 1.000000
90 88 92 1.000000
90 92 88 1.000000
91 89 93 1.000000
91 93 89 1.000000
92 90 94 1.000000
92 94 90 1.000000
93 91 95 1.000000
93 95 91 1.000000
94 92 96 1.000000
94 96 92 1.000000
95 93 100 1.000000
95 100 93 1.000000
96 94 97 1.000000
96 97 94 1.000000
97 96 101 1.000000
97 101 96 1.000000
98 47 128 1.000000
98 128 47 1.000000
99 48 129 1.000000
99 129 48 1.000000
100 95 102 1.000000
100 102 95 1.000000
101 97 103 1.000000
101 103 97 1.000000
102 100 104 1.000000
102 104 100 1.000000
103 101 105 1.000000
103 105 101 1.000000
104 102 106 1.000000
104 106 102 1.000000
105 103 107 1.000000
105 107 103 1.000000
106 104 108 1.000000
106 108 104 1.000000
107 105 109 1.000000
107 109 105 1.000000
108 106 110 1.000000
108 110 106 1.000000
109 107 111 1.000000
109 111 107 1.000000
110 108 112 1.000000
110 112 108 1.000000
111 109 113 1.000000
111 113 109 1.000000
112 110 116 1.000000
112 116 110 1.000000
113 111 114 1.000000
113 114 111 1.000000
114 113 115 1.000000
114 115 113 1.000000
116 112 117 1.000000
116 117 112 1.000000
117 116 118 1.000000
117 118 116 1.000000
119 9 120 1.000000
119 120 9 1.000000
119 9 123 1.000000
119 123 9 1.000000
119 1 9 1.000000
119 9 1 1.000000
119 1 120 1.000000
119 120 1 1.000000
119 1 123 1.000000
119 123 1 1.000000
119 120 123 1.000000
119 123 120 1.000000
121 9 123 1.000000
121 123 9 1.000000
121 3 9 1.000000
121 9 3 1.000000
121 3 7 1.416150
121 7 3 1.416150
121 3 123 1.000000
121 123 3 1.000000
121 7 9 1.000000
121 9 7 1.000000
121 7 123 1.000000
121 123 7 1.000000
122 9 10 1.000000
122 10 9 1.000000
123 0 2 1.478880
123 2 0 1.478880
123 0 26 1.000000
123 26 0 1.000000
123 0 121 1.000000
123 121 0 1.000000
123 0 119 1.000000
123 119 0 1.000000
123 2 26 1.357350
123 26 2 1.357350
123 2 121 1.000000
123 121 2 1.000000
123 2 119 1.000000
123 119 2 1.000000
123 26 121 1.000000
123 121 26 1.000000
123 26 119 1.000000
123 119 26 1.000000
123 119 121 1.000000
123 121 119 1.000000
124 63 126 1.000000
124 126 63 1.000000
125 64 127 1.000000
125 127 64 1.000000
;
param D:=0.5;
param t_hat_ear:=
9 135 16.0
9 118 17.0
9 117 18.0
9 116 19.0
9 112 20.0
9 110 21.0
9 108 22.0
9 106 23.0
9 104 24.0
9 102 25.0
9 100 26.0
9 95 27.0
9 93 28.0
9 91 29.0
9 89 30.0
9 87 31.0
9 85 32.0
9 34 33.0
9 25 34.0
9 14 35.0
9 26 36.0
9 123 37.0
9 119 38.0
9 120 39.0
9 130 40.0
14 133 26.0
14 84 27.0
14 82 28.0
14 80 29.0
14 78 30.0
14 76 31.0
14 74 32.0
14 72 33.0
14 70 34.0
14 68 35.0
14 66 36.0
14 31 37.0
14 30 38.0
14 11 39.0
14 29 40.0
14 10 41.0
14 122 42.0
14 9 43.0
14 119 44.0
14 120 45.0
14 130 46.0
15 135 18.0
15 118 19.0
15 117 20.0
15 116 21.0
15 112 22.0
15 110 23.0
15 108 24.0
15 106 25.0
15 104 26.0
15 102 27.0
15 100 28.0
15 95 29.0
15 93 30.0
15 91 31.0
15 89 32.0
15 87 33.0
15 85 34.0
15 34 35.0
15 25 36.0
15 14 37.0
15 26 38.0
15 123 39.0
15 119 40.0
15 120 41.0
15 130 42.0
20 135 26.0
20 118 27.0
20 117 28.0
20 116 29.0
20 112 30.0
20 110 31.0
20 108 32.0
20 106 33.0
20 104 34.0
20 102 35.0
20 100 36.0
20 95 37.0
20 93 38.0
20 91 39.0
20 89 40.0
20 87 41.0
20 85 42.0
20 34 43.0
20 25 44.0
20 14 45.0
20 26 46.0
20 123 47.0
20 119 48.0
20 120 49.0
20 130 50.0
22 135 28.0
22 118 29.0
22 117 30.0
22 116 31.0
22 112 32.0
22 110 33.0
22 108 34.0
22 106 35.0
22 104 36.0
22 102 37.0
22 100 38.0
22 95 39.0
22 93 40.0
22 91 41.0
22 89 42.0
22 87 43.0
22 85 44.0
22 34 45.0
22 25 46.0
22 14 47.0
22 26 48.0
22 123 49.0
22 119 50.0
22 120 51.0
22 130 52.0
23 131 16.0
23 6 17.0
23 9 18.0
23 121 19.0
23 3 20.0
23 13 21.0
23 27 22.0
23 33 23.0
23 86 24.0
23 88 25.0
23 90 26.0
23 92 27.0
23 94 28.0
23 96 29.0
23 97 30.0
23 101 31.0
23 103 32.0
23 105 33.0
23 107 34.0
23 109 35.0
23 111 36.0
23 113 37.0
23 114 38.0
23 115 39.0
23 134 40.0
26 133 24.0
26 84 25.0
26 82 26.0
26 80 27.0
26 78 28.0
26 76 29.0
26 74 30.0
26 72 31.0
26 70 32.0
26 68 33.0
26 66 34.0
26 31 35.0
26 30 36.0
26 11 37.0
26 29 38.0
26 10 39.0
26 122 40.0
26 9 41.0
26 119 42.0
26 120 43.0
26 130 44.0
29 137 49.0
29 126 50.0
29 124 51.0
29 63 52.0
29 61 53.0
29 60 54.0
29 58 55.0
29 55 56.0
29 54 57.0
29 52 58.0
29 50 59.0
29 35 60.0
29 24 61.0
29 15 62.0
29 5 63.0
29 2 64.0
29 123 65.0
29 119 66.0
29 120 67.0
29 130 68.0
31 137 37.0
31 126 38.0
31 124 39.0
31 63 40.0
31 61 41.0
31 60 42.0
31 58 43.0
31 55 44.0
31 54 45.0
31 52 46.0
31 50 47.0
31 35 48.0
31 24 49.0
31 15 50.0
31 5 51.0
31 2 52.0
31 123 53.0
31 119 54.0
31 120 55.0
31 130 56.0
32 135 47.0
32 118 48.0
32 117 49.0
32 116 50.0
32 112 51.0
32 110 52.0
32 108 53.0
32 106 54.0
32 104 55.0
32 102 56.0
32 100 57.0
32 95 58.0
32 93 59.0
32 91 60.0
32 89 61.0
32 87 62.0
32 85 63.0
32 34 64.0
32 25 65.0
32 14 66.0
32 26 67.0
32 123 68.0
32 119 69.0
32 120 70.0
32 130 71.0
36 131 18.0
36 6 19.0
36 9 20.0
36 121 21.0
36 3 22.0
36 13 23.0
36 27 24.0
36 33 25.0
36 86 26.0
36 88 27.0
36 90 28.0
36 92 29.0
36 94 30.0
36 96 31.0
36 97 32.0
36 101 33.0
36 103 34.0
36 105 35.0
36 107 36.0
36 109 37.0
36 111 38.0
36 113 39.0
36 114 40.0
36 115 41.0
36 134 42.0
38 133 28.0
38 84 29.0
38 82 30.0
38 80 31.0
38 78 32.0
38 76 33.0
38 74 34.0
38 72 35.0
38 70 36.0
38 68 37.0
38 66 38.0
38 31 39.0
38 30 40.0
38 11 41.0
38 29 42.0
38 10 43.0
38 122 44.0
38 9 45.0
38 119 46.0
38 120 47.0
38 130 48.0
41 135 36.0
41 118 37.0
41 117 38.0
41 116 39.0
41 112 40.0
41 110 41.0
41 108 42.0
41 106 43.0
41 104 44.0
41 102 45.0
41 100 46.0
41 95 47.0
41 93 48.0
41 91 49.0
41 89 50.0
41 87 51.0
41 85 52.0
41 34 53.0
41 25 54.0
41 14 55.0
41 26 56.0
41 123 57.0
41 119 58.0
41 120 59.0
41 130 60.0
44 139 38.0
44 128 39.0
44 98 40.0
44 47 41.0
44 45 42.0
44 44 43.0
44 43 44.0
44 42 45.0
44 37 46.0
44 22 47.0
44 18 48.0
44 21 49.0
44 0 50.0
44 123 51.0
44 119 52.0
44 120 53.0
44 130 54.0
49 131 20.0
49 6 21.0
49 9 22.0
49 121 23.0
49 7 24.0
49 8 25.0
49 12 26.0
49 28 27.0
49 32 28.0
49 65 29.0
49 67 30.0
49 69 31.0
49 71 32.0
49 73 33.0
49 75 34.0
49 77 35.0
49 79 36.0
49 81 37.0
49 83 38.0
49 132 39.0
51 133 39.1
51 84 39.0
51 82 40.0
51 80 41.0
51 78 42.0
51 76 43.0
51 74 44.0
51 72 45.0
51 70 46.0
51 68 47.0
51 66 48.0
51 31 49.0
51 30 50.0
51 11 51.0
51 29 52.0
51 10 53.0
51 122 54.0
51 9 55.0
51 119 56.0
51 120 57.0
51 130 58.0
54 131 22.0
54 6 23.0
54 9 24.0
54 121 25.0
54 3 26.0
54 13 27.0
54 27 28.0
54 33 29.0
54 86 30.0
54 88 31.0
54 90 32.0
54 92 33.0
54 94 34.0
54 96 35.0
54 97 36.0
54 101 37.0
54 103 38.0
54 105 39.0
54 107 40.0
54 109 41.0
54 111 42.0
54 113 43.0
54 114 44.0
54 115 45.0
54 134 46.0
55 137 47.0
55 126 48.0
55 124 49.0
55 63 50.0
55 61 51.0
55 60 52.0
55 58 53.0
55 55 54.0
55 54 55.0
55 52 56.0
55 50 57.0
55 35 58.0
55 24 59.0
55 15 60.0
55 5 61.0
55 2 62.0
55 123 63.0
55 119 64.0
55 120 65.0
55 130 66.0
58 135 39.1
58 118 39.0
58 117 40.0
58 116 41.0
58 112 42.0
58 110 43.0
58 108 44.0
58 106 45.0
58 104 46.0
58 102 47.0
58 100 48.0
58 95 49.0
58 93 50.0
58 91 51.0
58 89 52.0
58 87 53.0
58 85 54.0
58 34 55.0
58 25 56.0
58 14 57.0
58 26 58.0
58 123 59.0
58 119 60.0
58 120 61.0
58 130 62.0
62 131 30.0
62 6 31.0
62 9 32.0
62 121 33.0
62 7 34.0
62 8 35.0
62 12 36.0
62 28 37.0
62 32 38.0
62 65 39.0
62 67 40.0
62 69 41.0
62 71 42.0
62 73 43.0
62 75 44.0
62 77 45.0
62 79 46.0
62 81 47.0
62 83 48.0
62 132 49.0
66 131 32.0
66 6 33.0
66 9 34.0
66 121 35.0
66 7 36.0
66 8 37.0
66 12 38.0
66 28 39.0
66 32 40.0
66 65 41.0
66 67 42.0
66 69 43.0
66 71 44.0
66 73 45.0
66 75 46.0
66 77 47.0
66 79 48.0
66 81 49.0
66 83 50.0
66 132 51.0
68 135 49.0
68 118 50.0
68 117 51.0
68 116 52.0
68 112 53.0
68 110 54.0
68 108 55.0
68 106 56.0
68 104 57.0
68 102 58.0
68 100 59.0
68 95 60.0
68 93 61.0
68 91 62.0
68 89 63.0
68 87 64.0
68 85 65.0
68 34 66.0
68 25 67.0
68 14 68.0
68 26 69.0
68 123 70.0
68 119 71.0
68 120 72.0
68 130 73.0
73 133 44.0
73 84 45.0
73 82 46.0
73 80 47.0
73 78 48.0
73 76 49.0
73 74 50.0
73 72 51.0
73 70 52.0
73 68 53.0
73 66 54.0
73 31 55.0
73 30 56.0
73 11 57.0
73 29 58.0
73 10 59.0
73 122 60.0
73 9 61.0
73 119 62.0
73 120 63.0
73 130 64.0
74 131 34.0
74 6 35.0
74 9 36.0
74 121 37.0
74 3 38.0
74 13 39.0
74 27 40.0
74 33 41.0
74 86 42.0
74 88 43.0
74 90 44.0
74 92 45.0
74 94 46.0
74 96 47.0
74 97 48.0
74 101 49.0
74 103 50.0
74 105 51.0
74 107 52.0
74 109 53.0
74 111 54.0
74 113 55.0
74 114 56.0
74 115 57.0
74 134 58.0
85 131 49.0
85 6 50.0
85 9 51.0
85 121 52.0
85 7 53.0
85 8 54.0
85 12 55.0
85 28 56.0
85 32 57.0
85 65 58.0
85 67 59.0
85 69 60.0
85 71 61.0
85 73 62.0
85 75 63.0
85 77 64.0
85 79 65.0
85 81 66.0
85 83 67.0
85 132 68.0
89 131 45.0
89 6 46.0
89 9 47.0
89 121 48.0
89 7 49.0
89 8 50.0
89 12 51.0
89 28 52.0
89 32 53.0
89 65 54.0
89 67 55.0
89 69 56.0
89 71 57.0
89 73 58.0
89 75 59.0
89 77 60.0
89 79 61.0
89 81 62.0
89 83 63.0
89 132 64.0
93 131 47.0
93 6 48.0
93 9 49.0
93 121 50.0
93 7 51.0
93 8 52.0
93 12 53.0
93 28 54.0
93 32 55.0
93 65 56.0
93 67 57.0
93 69 58.0
93 71 59.0
93 73 60.0
93 75 61.0
93 77 62.0
93 79 63.0
93 81 64.0
93 83 65.0
93 132 66.0
;
param t_hat_lat:=
9 135 17.0
9 118 18.0
9 117 19.0
9 116 20.0
9 112 21.0
9 110 22.0
9 108 23.0
9 106 24.0
9 104 25.0
9 102 26.0
9 100 27.0
9 95 28.0
9 93 29.0
9 91 30.0
9 89 31.0
9 87 32.0
9 85 33.0
9 34 34.0
9 25 35.0
9 14 36.0
9 26 37.0
9 123 38.0
9 119 39.0
9 120 40.0
9 130 41.0
14 133 27.0
14 84 28.0
14 82 29.0
14 80 30.0
14 78 31.0
14 76 32.0
14 74 33.0
14 72 34.0
14 70 35.0
14 68 36.0
14 66 37.0
14 31 38.0
14 30 39.0
14 11 40.0
14 29 41.0
14 10 42.0
14 122 43.0
14 9 44.0
14 119 45.0
14 120 46.0
14 130 47.0
15 135 19.0
15 118 20.0
15 117 21.0
15 116 22.0
15 112 23.0
15 110 24.0
15 108 25.0
15 106 26.0
15 104 27.0
15 102 28.0
15 100 29.0
15 95 30.0
15 93 31.0
15 91 32.0
15 89 33.0
15 87 34.0
15 85 35.0
15 34 36.0
15 25 37.0
15 14 38.0
15 26 39.0
15 123 40.0
15 119 41.0
15 120 42.0
15 130 43.0
20 135 27.0
20 118 28.0
20 117 29.0
20 116 30.0
20 112 31.0
20 110 32.0
20 108 33.0
20 106 34.0
20 104 35.0
20 102 36.0
20 100 37.0
20 95 38.0
20 93 39.0
20 91 40.0
20 89 41.0
20 87 42.0
20 85 43.0
20 34 44.0
20 25 45.0
20 14 46.0
20 26 47.0
20 123 48.0
20 119 49.0
20 120 50.0
20 130 51.0
22 135 29.0
22 118 30.0
22 117 31.0
22 116 32.0
22 112 33.0
22 110 34.0
22 108 35.0
22 106 36.0
22 104 37.0
22 102 38.0
22 100 39.0
22 95 40.0
22 93 41.0
22 91 42.0
22 89 43.0
22 87 44.0
22 85 45.0
22 34 46.0
22 25 47.0
22 14 48.0
22 26 49.0
22 123 50.0
22 119 51.0
22 120 52.0
22 130 53.0
23 131 17.0
23 6 18.0
23 9 19.0
23 121 20.0
23 3 21.0
23 13 22.0
23 27 23.0
23 33 24.0
23 86 25.0
23 88 26.0
23 90 27.0
23 92 28.0
23 94 29.0
23 96 30.0
23 97 31.0
23 101 32.0
23 103 33.0
23 105 34.0
23 107 35.0
23 109 36.0
23 111 37.0
23 113 38.0
23 114 39.0
23 115 40.0
23 134 41.0
26 133 25.0
26 84 26.0
26 82 27.0
26 80 28.0
26 78 29.0
26 76 30.0
26 74 31.0
26 72 32.0
26 70 33.0
26 68 34.0
26 66 35.0
26 31 36.0
26 30 37.0
26 11 38.0
26 29 39.0
26 10 40.0
26 122 41.0
26 9 42.0
26 119 43.0
26 120 44.0
26 130 45.0
29 137 50.0
29 126 51.0
29 124 52.0
29 63 53.0
29 61 54.0
29 60 55.0
29 58 56.0
29 55 57.0
29 54 58.0
29 52 59.0
29 50 60.0
29 35 61.0
29 24 62.0
29 15 63.0
29 5 64.0
29 2 65.0
29 123 66.0
29 119 67.0
29 120 68.0
29 130 69.0
31 137 38.0
31 126 39.0
31 124 40.0
31 63 41.0
31 61 42.0
31 60 43.0
31 58 44.0
31 55 45.0
31 54 46.0
31 52 47.0
31 50 48.0
31 35 49.0
31 24 50.0
31 15 51.0
31 5 52.0
31 2 53.0
31 123 54.0
31 119 55.0
31 120 56.0
31 130 57.0
32 135 48.0
32 118 49.0
32 117 50.0
32 116 51.0
32 112 52.0
32 110 53.0
32 108 54.0
32 106 55.0
32 104 56.0
32 102 57.0
32 100 58.0
32 95 59.0
32 93 60.0
32 91 61.0
32 89 62.0
32 87 63.0
32 85 64.0
32 34 65.0
32 25 66.0
32 14 67.0
32 26 68.0
32 123 69.0
32 119 70.0
32 120 71.0
32 130 72.0
36 131 19.0
36 6 20.0
36 9 21.0
36 121 22.0
36 3 23.0
36 13 24.0
36 27 25.0
36 33 26.0
36 86 27.0
36 88 28.0
36 90 29.0
36 92 30.0
36 94 31.0
36 96 32.0
36 97 33.0
36 101 34.0
36 103 35.0
36 105 36.0
36 107 37.0
36 109 38.0
36 111 39.0
36 113 40.0
36 114 41.0
36 115 42.0
36 134 43.0
38 133 29.0
38 84 30.0
38 82 31.0
38 80 32.0
38 78 33.0
38 76 34.0
38 74 35.0
38 72 36.0
38 70 37.0
38 68 38.0
38 66 39.0
38 31 40.0
38 30 41.0
38 11 42.0
38 29 43.0
38 10 44.0
38 122 45.0
38 9 46.0
38 119 47.0
38 120 48.0
38 130 49.0
41 135 37.0
41 118 38.0
41 117 39.0
41 116 40.0
41 112 41.0
41 110 42.0
41 108 43.0
41 106 44.0
41 104 45.0
41 102 46.0
41 100 47.0
41 95 48.0
41 93 49.0
41 91 50.0
41 89 51.0
41 87 52.0
41 85 53.0
41 34 54.0
41 25 55.0
41 14 56.0
41 26 57.0
41 123 58.0
41 119 59.0
41 120 60.0
41 130 61.0
44 139 39.0
44 128 40.0
44 98 41.0
44 47 42.0
44 45 43.0
44 44 44.0
44 43 45.0
44 42 46.0
44 37 47.0
44 22 48.0
44 18 49.0
44 21 50.0
44 0 51.0
44 123 52.0
44 119 53.0
44 120 54.0
44 130 55.0
49 131 21.0
49 6 22.0
49 9 23.0
49 121 24.0
49 7 25.0
49 8 26.0
49 12 27.0
49 28 28.0
49 32 29.0
49 65 30.0
49 67 31.0
49 69 32.0
49 71 33.0
49 73 34.0
49 75 35.0
49 77 36.0
49 79 37.0
49 81 38.0
49 83 39.0
49 132 40.0
51 133 40.099999999999994
51 84 40.0
51 82 41.0
51 80 42.0
51 78 43.0
51 76 44.0
51 74 45.0
51 72 46.0
51 70 47.0
51 68 48.0
51 66 49.0
51 31 50.0
51 30 51.0
51 11 52.0
51 29 53.0
51 10 54.0
51 122 55.0
51 9 56.0
51 119 57.0
51 120 58.0
51 130 59.0
54 131 23.0
54 6 24.0
54 9 25.0
54 121 26.0
54 3 27.0
54 13 28.0
54 27 29.0
54 33 30.0
54 86 31.0
54 88 32.0
54 90 33.0
54 92 34.0
54 94 35.0
54 96 36.0
54 97 37.0
54 101 38.0
54 103 39.0
54 105 40.0
54 107 41.0
54 109 42.0
54 111 43.0
54 113 44.0
54 114 45.0
54 115 46.0
54 134 47.0
55 137 48.0
55 126 49.0
55 124 50.0
55 63 51.0
55 61 52.0
55 60 53.0
55 58 54.0
55 55 55.0
55 54 56.0
55 52 57.0
55 50 58.0
55 35 59.0
55 24 60.0
55 15 61.0
55 5 62.0
55 2 63.0
55 123 64.0
55 119 65.0
55 120 66.0
55 130 67.0
58 135 40.099999999999994
58 118 40.0
58 117 41.0
58 116 42.0
58 112 43.0
58 110 44.0
58 108 45.0
58 106 46.0
58 104 47.0
58 102 48.0
58 100 49.0
58 95 50.0
58 93 51.0
58 91 52.0
58 89 53.0
58 87 54.0
58 85 55.0
58 34 56.0
58 25 57.0
58 14 58.0
58 26 59.0
58 123 60.0
58 119 61.0
58 120 62.0
58 130 63.0
62 131 31.0
62 6 32.0
62 9 33.0
62 121 34.0
62 7 35.0
62 8 36.0
62 12 37.0
62 28 38.0
62 32 39.0
62 65 40.0
62 67 41.0
62 69 42.0
62 71 43.0
62 73 44.0
62 75 45.0
62 77 46.0
62 79 47.0
62 81 48.0
62 83 49.0
62 132 50.0
66 131 33.0
66 6 34.0
66 9 35.0
66 121 36.0
66 7 37.0
66 8 38.0
66 12 39.0
66 28 40.0
66 32 41.0
66 65 42.0
66 67 43.0
66 69 44.0
66 71 45.0
66 73 46.0
66 75 47.0
66 77 48.0
66 79 49.0
66 81 50.0
66 83 51.0
66 132 52.0
68 135 50.0
68 118 51.0
68 117 52.0
68 116 53.0
68 112 54.0
68 110 55.0
68 108 56.0
68 106 57.0
68 104 58.0
68 102 59.0
68 100 60.0
68 95 61.0
68 93 62.0
68 91 63.0
68 89 64.0
68 87 65.0
68 85 66.0
68 34 67.0
68 25 68.0
68 14 69.0
68 26 70.0
68 123 71.0
68 119 72.0
68 120 73.0
68 130 74.0
73 133 45.0
73 84 46.0
73 82 47.0
73 80 48.0
73 78 49.0
73 76 50.0
73 74 51.0
73 72 52.0
73 70 53.0
73 68 54.0
73 66 55.0
73 31 56.0
73 30 57.0
73 11 58.0
73 29 59.0
73 10 60.0
73 122 61.0
73 9 62.0
73 119 63.0
73 120 64.0
73 130 65.0
74 131 35.0
74 6 36.0
74 9 37.0
74 121 38.0
74 3 39.0
74 13 40.0
74 27 41.0
74 33 42.0
74 86 43.0
74 88 44.0
74 90 45.0
74 92 46.0
74 94 47.0
74 96 48.0
74 97 49.0
74 101 50.0
74 103 51.0
74 105 52.0
74 107 53.0
74 109 54.0
74 111 55.0
74 113 56.0
74 114 57.0
74 115 58.0
74 134 59.0
85 131 50.0
85 6 51.0
85 9 52.0
85 121 53.0
85 7 54.0
85 8 55.0
85 12 56.0
85 28 57.0
85 32 58.0
85 65 59.0
85 67 60.0
85 69 61.0
85 71 62.0
85 73 63.0
85 75 64.0
85 77 65.0
85 79 66.0
85 81 67.0
85 83 68.0
85 132 69.0
89 131 46.0
89 6 47.0
89 9 48.0
89 121 49.0
89 7 50.0
89 8 51.0
89 12 52.0
89 28 53.0
89 32 54.0
89 65 55.0
89 67 56.0
89 69 57.0
89 71 58.0
89 73 59.0
89 75 60.0
89 77 61.0
89 79 62.0
89 81 63.0
89 83 64.0
89 132 65.0
93 131 48.0
93 6 49.0
93 9 50.0
93 121 51.0
93 7 52.0
93 8 53.0
93 12 54.0
93 28 55.0
93 32 56.0
93 65 57.0
93 67 58.0
93 69 59.0
93 71 60.0
93 73 61.0
93 75 62.0
93 77 63.0
93 79 64.0
93 81 65.0
93 83 66.0
93 132 67.0
;
set fixedFlights :=
9 14 26
9 118 117
9 117 116
9 116 112
9 112 110
9 110 108
9 108 106
9 106 104
9 104 102
9 102 100
9 100 95
9 95 93
9 93 91
9 91 89
9 89 87
9 87 85
9 85 34
9 34 25
9 25 14
9 119 120
9 120 130
9 123 119
9 26 123
9 135 118
14 29 10
14 11 29
14 30 11
14 133 84
14 9 119
14 119 120
14 120 130
14 10 122
14 122 9
14 84 82
14 82 80
14 80 78
14 78 76
14 76 74
14 74 72
14 72 70
14 70 68
14 68 66
14 66 31
14 31 30
15 14 26
15 118 117
15 117 116
15 116 112
15 112 110
15 110 108
15 108 106
15 106 104
15 104 102
15 102 100
15 100 95
15 95 93
15 93 91
15 91 89
15 89 87
15 87 85
15 85 34
15 34 25
15 25 14
15 119 120
15 120 130
15 123 119
15 26 123
15 135 118
20 14 26
20 118 117
20 117 116
20 116 112
20 112 110
20 110 108
20 108 106
20 106 104
20 104 102
20 102 100
20 100 95
20 95 93
20 93 91
20 91 89
20 89 87
20 87 85
20 85 34
20 34 25
20 25 14
20 119 120
20 120 130
20 123 119
20 26 123
20 135 118
22 14 26
22 118 117
22 117 116
22 116 112
22 112 110
22 110 108
22 108 106
22 106 104
22 104 102
22 102 100
22 100 95
22 95 93
22 93 91
22 91 89
22 89 87
22 87 85
22 85 34
22 34 25
22 25 14
22 119 120
22 120 130
22 123 119
22 26 123
22 135 118
23 6 9
23 3 13
23 131 6
23 13 27
23 27 33
23 33 86
23 86 88
23 88 90
23 90 92
23 92 94
23 94 96
23 96 97
23 97 101
23 101 103
23 103 105
23 105 107
23 107 109
23 109 111
23 111 113
23 113 114
23 114 115
23 9 121
23 121 3
23 115 134
26 29 10
26 11 29
26 30 11
26 133 84
26 9 119
26 119 120
26 120 130
26 10 122
26 122 9
26 84 82
26 82 80
26 80 78
26 78 76
26 76 74
26 74 72
26 72 70
26 70 68
26 68 66
26 66 31
26 31 30
29 5 2
29 15 5
29 24 15
29 63 61
29 61 60
29 60 58
29 58 55
29 55 54
29 54 52
29 52 50
29 50 35
29 35 24
29 119 120
29 120 130
29 123 119
29 2 123
29 137 126
29 126 124
29 124 63
31 5 2
31 15 5
31 24 15
31 63 61
31 61 60
31 60 58
31 58 55
31 55 54
31 54 52
31 52 50
31 50 35
31 35 24
31 119 120
31 120 130
31 123 119
31 2 123
31 137 126
31 126 124
31 124 63
32 14 26
32 118 117
32 117 116
32 116 112
32 112 110
32 110 108
32 108 106
32 106 104
32 104 102
32 102 100
32 100 95
32 95 93
32 93 91
32 91 89
32 89 87
32 87 85
32 85 34
32 34 25
32 25 14
32 119 120
32 120 130
32 123 119
32 26 123
32 135 118
36 6 9
36 3 13
36 131 6
36 13 27
36 27 33
36 33 86
36 86 88
36 88 90
36 90 92
36 92 94
36 94 96
36 96 97
36 97 101
36 101 103
36 103 105
36 105 107
36 107 109
36 109 111
36 111 113
36 113 114
36 114 115
36 9 121
36 121 3
36 115 134
38 29 10
38 11 29
38 30 11
38 133 84
38 9 119
38 119 120
38 120 130
38 10 122
38 122 9
38 84 82
38 82 80
38 80 78
38 78 76
38 76 74
38 74 72
38 72 70
38 70 68
38 68 66
38 66 31
38 31 30
41 14 26
41 118 117
41 117 116
41 116 112
41 112 110
41 110 108
41 108 106
41 106 104
41 104 102
41 102 100
41 100 95
41 95 93
41 93 91
41 91 89
41 89 87
41 87 85
41 85 34
41 34 25
41 25 14
41 119 120
41 120 130
41 123 119
41 26 123
41 135 118
44 21 0
44 22 18
44 18 21
44 98 47
44 47 45
44 45 44
44 44 43
44 43 42
44 42 37
44 37 22
44 119 120
44 120 130
44 123 119
44 0 123
44 139 128
44 128 98
49 6 9
49 7 8
49 8 12
49 12 28
49 131 6
49 83 132
49 9 121
49 121 7
49 28 32
49 32 65
49 65 67
49 67 69
49 69 71
49 71 73
49 73 75
49 75 77
49 77 79
49 79 81
49 81 83
54 6 9
54 3 13
54 131 6
54 13 27
54 27 33
54 33 86
54 86 88
54 88 90
54 90 92
54 92 94
54 94 96
54 96 97
54 97 101
54 101 103
54 103 105
54 105 107
54 107 109
54 109 111
54 111 113
54 113 114
54 114 115
54 9 121
54 121 3
54 115 134
55 5 2
55 15 5
55 24 15
55 63 61
55 61 60
55 60 58
55 58 55
55 55 54
55 54 52
55 52 50
55 50 35
55 35 24
55 119 120
55 120 130
55 123 119
55 2 123
55 137 126
55 126 124
55 124 63
62 6 9
62 7 8
62 8 12
62 12 28
62 131 6
62 83 132
62 9 121
62 121 7
62 28 32
62 32 65
62 65 67
62 67 69
62 69 71
62 71 73
62 73 75
62 75 77
62 77 79
62 79 81
62 81 83
66 6 9
66 7 8
66 8 12
66 12 28
66 131 6
66 83 132
66 9 121
66 121 7
66 28 32
66 32 65
66 65 67
66 67 69
66 69 71
66 71 73
66 73 75
66 75 77
66 77 79
66 79 81
66 81 83
68 14 26
68 118 117
68 117 116
68 116 112
68 112 110
68 110 108
68 108 106
68 106 104
68 104 102
68 102 100
68 100 95
68 95 93
68 93 91
68 91 89
68 89 87
68 87 85
68 85 34
68 34 25
68 25 14
68 119 120
68 120 130
68 123 119
68 26 123
68 135 118
73 29 10
73 11 29
73 30 11
73 133 84
73 9 119
73 119 120
73 120 130
73 10 122
73 122 9
73 84 82
73 82 80
73 80 78
73 78 76
73 76 74
73 74 72
73 72 70
73 70 68
73 68 66
73 66 31
73 31 30
74 6 9
74 3 13
74 131 6
74 13 27
74 27 33
74 33 86
74 86 88
74 88 90
74 90 92
74 92 94
74 94 96
74 96 97
74 97 101
74 101 103
74 103 105
74 105 107
74 107 109
74 109 111
74 111 113
74 113 114
74 114 115
74 9 121
74 121 3
74 115 134
85 6 9
85 7 8
85 8 12
85 12 28
85 131 6
85 83 132
85 9 121
85 121 7
85 28 32
85 32 65
85 65 67
85 67 69
85 69 71
85 71 73
85 73 75
85 75 77
85 77 79
85 79 81
85 81 83
89 6 9
89 7 8
89 8 12
89 12 28
89 131 6
89 83 132
89 9 121
89 121 7
89 28 32
89 32 65
89 65 67
89 67 69
89 69 71
89 71 73
89 73 75
89 75 77
89 77 79
89 79 81
89 81 83
93 6 9
93 7 8
93 8 12
93 12 28
93 131 6
93 83 132
93 9 121
93 121 7
93 28 32
93 32 65
93 65 67
93 67 69
93 69 71
93 71 73
93 73 75
93 75 77
93 77 79
93 79 81
93 81 83
;
;
set inFlight:=
9
14
15
20
22
23
26
31
36
38
41
44
49
54
62
66
74
;
param tini := 39.1;
