param nn:= 140;
set F:=
9
10
22
24
27
28
29
32
38
39
41
45
49
50
51
52
55
57
58
72
73
74
89
92
;
param: E: d:=
1 19 2.500000
21 0 2.500000
19 21 2.500000
21 4 2.500000
5 2 2.500000
6 9 2.500000
7 8 2.500000
29 10 2.500000
11 29 2.500000
30 11 2.500000
8 12 2.500000
12 28 2.500000
15 5 2.500000
24 15 2.500000
4 16 2.500000
16 23 2.500000
19 17 2.500000
17 20 2.500000
22 18 2.500000
18 21 2.500000
14 26 2.500000
3 13 2.500000
131 6 1.500000
83 132 1.500000
133 84 1.500000
13 27 2.500000
27 33 2.500000
33 86 2.500000
86 88 2.500000
88 90 2.500000
90 92 2.500000
92 94 2.500000
94 96 2.500000
96 97 2.500000
97 101 2.500000
101 103 2.500000
103 105 2.500000
105 107 2.500000
107 109 2.500000
109 111 2.500000
111 113 2.500000
113 114 2.500000
114 115 2.500000
118 117 2.500000
117 116 2.500000
116 112 2.500000
112 110 2.500000
110 108 2.500000
108 106 2.500000
106 104 2.500000
104 102 2.500000
102 100 2.500000
100 95 2.500000
95 93 2.500000
93 91 2.500000
91 89 2.500000
89 87 2.500000
87 85 2.500000
85 34 2.500000
34 25 2.500000
25 14 2.500000
23 36 2.500000
36 49 2.500000
49 51 2.500000
51 53 2.500000
53 56 2.500000
56 57 2.500000
57 59 2.500000
59 62 2.500000
62 64 2.500000
63 61 2.500000
61 60 2.500000
60 58 2.500000
58 55 2.500000
55 54 2.500000
54 52 2.500000
52 50 2.500000
50 35 2.500000
35 24 2.500000
20 38 2.500000
38 39 2.500000
39 40 2.500000
40 41 2.500000
41 46 2.500000
46 48 2.500000
48 99 2.500000
98 47 2.500000
47 45 2.500000
45 44 2.500000
44 43 2.500000
43 42 2.500000
42 37 2.500000
37 22 2.500000
9 119 2.500000
119 1 2.500000
119 120 2.500000
120 130 1.500000
9 121 2.500000
121 3 2.500000
121 7 2.500000
10 122 2.500000
122 9 2.500000
28 32 2.500000
32 65 2.500000
65 67 2.500000
67 69 2.500000
69 71 2.500000
71 73 2.500000
73 75 2.500000
75 77 2.500000
77 79 2.500000
79 81 2.500000
81 83 2.500000
84 82 2.500000
82 80 2.500000
80 78 2.500000
78 76 2.500000
76 74 2.500000
74 72 2.500000
72 70 2.500000
70 68 2.500000
68 66 2.500000
66 31 2.500000
31 30 2.500000
123 121 2.500000
123 119 2.500000
0 123 2.500000
2 123 2.500000
26 123 2.500000
115 134 1.500000
135 118 1.500000
137 126 1.500000
126 124 2.500000
124 63 2.500000
64 125 2.500000
125 127 2.500000
127 136 1.500000
139 128 1.500000
128 98 2.500000
99 129 2.500000
129 138 1.500000
;
param s:=
9 135
10 131
22 137
24 131
27 131
28 135
29 137
32 135
38 133
39 135
41 139
45 135
49 131
50 137
51 137
52 135
55 133
57 131
58 135
72 139
73 133
74 135
89 131
92 131
;
param e:=
9 130
10 134
22 130
24 134
27 132
28 130
29 130
32 130
38 130
39 130
41 130
45 130
49 132
50 130
51 130
52 130
55 130
57 132
58 130
72 130
73 130
74 130
89 132
92 134
;
param v_min:=2.375
;
param v_max:=2.625
;
param :conflictsNodes: angle:=
0 21 123 1.000000
0 123 21 1.000000
1 19 119 1.000000
1 119 19 1.000000
2 5 123 1.000000
2 123 5 1.000000
3 13 121 1.000000
3 121 13 1.000000
4 16 21 1.000000
4 21 16 1.000000
5 2 15 1.000000
5 15 2 1.000000
7 8 121 1.000000
7 121 8 1.000000
8 7 12 1.000000
8 12 7 1.000000
9 6 119 1.000000
9 119 6 1.000000
9 6 121 1.000000
9 121 6 1.000000
9 6 122 1.000000
9 122 6 1.000000
9 119 121 1.000000
9 121 119 1.000000
9 119 122 1.000000
9 122 119 1.000000
9 121 122 1.000000
9 122 121 1.000000
10 29 122 1.000000
10 122 29 1.000000
11 29 30 1.000000
11 30 29 1.000000
12 8 28 1.000000
12 28 8 1.000000
13 3 27 1.000000
13 27 3 1.000000
14 25 26 1.000000
14 26 25 1.000000
15 5 24 1.000000
15 24 5 1.000000
16 4 23 1.000000
16 23 4 1.000000
17 19 20 1.000000
17 20 19 1.000000
18 21 22 1.000000
18 22 21 1.000000
19 1 21 1.000000
19 21 1 1.000000
19 1 17 1.000000
19 17 1 1.000000
19 17 21 1.000000
19 21 17 1.000000
20 17 38 1.000000
20 38 17 1.000000
21 0 19 1.000000
21 19 0 1.000000
21 0 4 1.000000
21 4 0 1.000000
21 0 18 1.000000
21 18 0 1.000000
21 4 19 1.000000
21 19 4 1.000000
21 4 18 1.478880
21 18 4 1.478880
21 18 19 1.000000
21 19 18 1.000000
22 18 37 1.000000
22 37 18 1.000000
23 16 36 1.000000
23 36 16 1.000000
24 15 35 1.000000
24 35 15 1.000000
25 14 34 1.000000
25 34 14 1.000000
26 14 123 1.000000
26 123 14 1.000000
27 13 33 1.000000
27 33 13 1.000000
28 12 32 1.000000
28 32 12 1.000000
29 10 11 1.000000
29 11 10 1.000000
30 11 31 1.000000
30 31 11 1.000000
31 30 66 1.000000
31 66 30 1.000000
32 28 65 1.000000
32 65 28 1.000000
33 27 86 1.000000
33 86 27 1.000000
34 25 85 1.000000
34 85 25 1.000000
35 24 50 1.000000
35 50 24 1.000000
36 23 49 1.000000
36 49 23 1.000000
37 22 42 1.000000
37 42 22 1.000000
38 20 39 1.000000
38 39 20 1.000000
39 38 40 1.000000
39 40 38 1.000000
40 39 41 1.000000
40 41 39 1.000000
41 40 46 1.000000
41 46 40 1.000000
42 37 43 1.000000
42 43 37 1.000000
43 42 44 1.000000
43 44 42 1.000000
44 43 45 1.000000
44 45 43 1.000000
45 44 47 1.000000
45 47 44 1.000000
46 41 48 1.000000
46 48 41 1.000000
47 45 98 1.000000
47 98 45 1.000000
48 46 99 1.000000
48 99 46 1.000000
49 36 51 1.000000
49 51 36 1.000000
50 35 52 1.000000
50 52 35 1.000000
51 49 53 1.000000
51 53 49 1.000000
52 50 54 1.000000
52 54 50 1.000000
53 51 56 1.000000
53 56 51 1.000000
54 52 55 1.000000
54 55 52 1.000000
55 54 58 1.000000
55 58 54 1.000000
56 53 57 1.000000
56 57 53 1.000000
57 56 59 1.000000
57 59 56 1.000000
58 55 60 1.000000
58 60 55 1.000000
59 57 62 1.000000
59 62 57 1.000000
60 58 61 1.000000
60 61 58 1.000000
61 60 63 1.000000
61 63 60 1.000000
62 59 64 1.000000
62 64 59 1.000000
63 61 124 1.000000
63 124 61 1.000000
64 62 125 1.000000
64 125 62 1.000000
65 32 67 1.000000
65 67 32 1.000000
66 31 68 1.000000
66 68 31 1.000000
67 65 69 1.000000
67 69 65 1.000000
68 66 70 1.000000
68 70 66 1.000000
69 67 71 1.000000
69 71 67 1.000000
70 68 72 1.000000
70 72 68 1.000000
71 69 73 1.000000
71 73 69 1.000000
72 70 74 1.000000
72 74 70 1.000000
73 71 75 1.000000
73 75 71 1.000000
74 72 76 1.000000
74 76 72 1.000000
75 73 77 1.000000
75 77 73 1.000000
76 74 78 1.000000
76 78 74 1.000000
77 75 79 1.000000
77 79 75 1.000000
78 76 80 1.000000
78 80 76 1.000000
79 77 81 1.000000
79 81 77 1.000000
80 78 82 1.000000
80 82 78 1.000000
81 79 83 1.000000
81 83 79 1.000000
82 80 84 1.000000
82 84 80 1.000000
85 34 87 1.000000
85 87 34 1.000000
86 33 88 1.000000
86 88 33 1.000000
87 85 89 1.000000
87 89 85 1.000000
88 86 90 1.000000
88 90 86 1.000000
89 87 91 1.000000
89 91 87 1.000000
90 88 92 1.000000
90 92 88 1.000000
91 89 93 1.000000
91 93 89 1.000000
92 90 94 1.000000
92 94 90 1.000000
93 91 95 1.000000
93 95 91 1.000000
94 92 96 1.000000
94 96 92 1.000000
95 93 100 1.000000
95 100 93 1.000000
96 94 97 1.000000
96 97 94 1.000000
97 96 101 1.000000
97 101 96 1.000000
98 47 128 1.000000
98 128 47 1.000000
99 48 129 1.000000
99 129 48 1.000000
100 95 102 1.000000
100 102 95 1.000000
101 97 103 1.000000
101 103 97 1.000000
102 100 104 1.000000
102 104 100 1.000000
103 101 105 1.000000
103 105 101 1.000000
104 102 106 1.000000
104 106 102 1.000000
105 103 107 1.000000
105 107 103 1.000000
106 104 108 1.000000
106 108 104 1.000000
107 105 109 1.000000
107 109 105 1.000000
108 106 110 1.000000
108 110 106 1.000000
109 107 111 1.000000
109 111 107 1.000000
110 108 112 1.000000
110 112 108 1.000000
111 109 113 1.000000
111 113 109 1.000000
112 110 116 1.000000
112 116 110 1.000000
113 111 114 1.000000
113 114 111 1.000000
114 113 115 1.000000
114 115 113 1.000000
116 112 117 1.000000
116 117 112 1.000000
117 116 118 1.000000
117 118 116 1.000000
119 9 120 1.000000
119 120 9 1.000000
119 9 123 1.000000
119 123 9 1.000000
119 1 9 1.000000
119 9 1 1.000000
119 1 120 1.000000
119 120 1 1.000000
119 1 123 1.000000
119 123 1 1.000000
119 120 123 1.000000
119 123 120 1.000000
121 9 123 1.000000
121 123 9 1.000000
121 3 9 1.000000
121 9 3 1.000000
121 3 7 1.416150
121 7 3 1.416150
121 3 123 1.000000
121 123 3 1.000000
121 7 9 1.000000
121 9 7 1.000000
121 7 123 1.000000
121 123 7 1.000000
122 9 10 1.000000
122 10 9 1.000000
123 0 2 1.478880
123 2 0 1.478880
123 0 26 1.000000
123 26 0 1.000000
123 0 121 1.000000
123 121 0 1.000000
123 0 119 1.000000
123 119 0 1.000000
123 2 26 1.357350
123 26 2 1.357350
123 2 121 1.000000
123 121 2 1.000000
123 2 119 1.000000
123 119 2 1.000000
123 26 121 1.000000
123 121 26 1.000000
123 26 119 1.000000
123 119 26 1.000000
123 119 121 1.000000
123 121 119 1.000000
124 63 126 1.000000
124 126 63 1.000000
125 64 127 1.000000
125 127 64 1.000000
;
param D:=0.5;
param t_hat_ear:=
9 135 16.0
9 118 17.0
9 117 18.0
9 116 19.0
9 112 20.0
9 110 21.0
9 108 22.0
9 106 23.0
9 104 24.0
9 102 25.0
9 100 26.0
9 95 27.0
9 93 28.0
9 91 29.0
9 89 30.0
9 87 31.0
9 85 32.0
9 34 33.0
9 25 34.0
9 14 35.0
9 26 36.0
9 123 37.0
9 119 38.0
9 120 39.0
9 130 40.0
10 131 19.0
10 6 20.0
10 9 21.0
10 121 22.0
10 3 23.0
10 13 24.0
10 27 25.0
10 33 26.0
10 86 27.0
10 88 28.0
10 90 29.0
10 92 30.0
10 94 31.0
10 96 32.0
10 97 33.0
10 101 34.0
10 103 35.0
10 105 36.0
10 107 37.0
10 109 38.0
10 111 39.0
10 113 40.0
10 114 41.0
10 115 42.0
10 134 43.0
22 137 26.0
22 126 27.0
22 124 28.0
22 63 29.0
22 61 30.0
22 60 31.0
22 58 32.0
22 55 33.0
22 54 34.0
22 52 35.0
22 50 36.0
22 35 37.0
22 24 38.0
22 15 39.0
22 5 40.0
22 2 41.0
22 123 42.0
22 119 43.0
22 120 44.0
22 130 45.0
24 131 17.0
24 6 18.0
24 9 19.0
24 121 20.0
24 3 21.0
24 13 22.0
24 27 23.0
24 33 24.0
24 86 25.0
24 88 26.0
24 90 27.0
24 92 28.0
24 94 29.0
24 96 30.0
24 97 31.0
24 101 32.0
24 103 33.0
24 105 34.0
24 107 35.0
24 109 36.0
24 111 37.0
24 113 38.0
24 114 39.0
24 115 40.0
24 134 41.0
27 131 27.0
27 6 28.0
27 9 29.0
27 121 30.0
27 7 31.0
27 8 32.0
27 12 33.0
27 28 34.0
27 32 35.0
27 65 36.0
27 67 37.0
27 69 38.0
27 71 39.0
27 73 40.0
27 75 41.0
27 77 42.0
27 79 43.0
27 81 44.0
27 83 45.0
27 132 46.0
28 135 27.0
28 118 28.0
28 117 29.0
28 116 30.0
28 112 31.0
28 110 32.0
28 108 33.0
28 106 34.0
28 104 35.0
28 102 36.0
28 100 37.0
28 95 38.0
28 93 39.0
28 91 40.0
28 89 41.0
28 87 42.0
28 85 43.0
28 34 44.0
28 25 45.0
28 14 46.0
28 26 47.0
28 123 48.0
28 119 49.0
28 120 50.0
28 130 51.0
29 137 28.0
29 126 29.0
29 124 30.0
29 63 31.0
29 61 32.0
29 60 33.0
29 58 34.0
29 55 35.0
29 54 36.0
29 52 37.0
29 50 38.0
29 35 39.0
29 24 40.0
29 15 41.0
29 5 42.0
29 2 43.0
29 123 44.0
29 119 45.0
29 120 46.0
29 130 47.0
32 135 19.0
32 118 20.0
32 117 21.0
32 116 22.0
32 112 23.0
32 110 24.0
32 108 25.0
32 106 26.0
32 104 27.0
32 102 28.0
32 100 29.0
32 95 30.0
32 93 31.0
32 91 32.0
32 89 33.0
32 87 34.0
32 85 35.0
32 34 36.0
32 25 37.0
32 14 38.0
32 26 39.0
32 123 40.0
32 119 41.0
32 120 42.0
32 130 43.0
38 133 29.0
38 84 30.0
38 82 31.0
38 80 32.0
38 78 33.0
38 76 34.0
38 74 35.0
38 72 36.0
38 70 37.0
38 68 38.0
38 66 39.0
38 31 40.0
38 30 41.0
38 11 42.0
38 29 43.0
38 10 44.0
38 122 45.0
38 9 46.0
38 119 47.0
38 120 48.0
38 130 49.0
39 135 29.0
39 118 30.0
39 117 31.0
39 116 32.0
39 112 33.0
39 110 34.0
39 108 35.0
39 106 36.0
39 104 37.0
39 102 38.0
39 100 39.0
39 95 40.0
39 93 41.0
39 91 42.0
39 89 43.0
39 87 44.0
39 85 45.0
39 34 46.0
39 25 47.0
39 14 48.0
39 26 49.0
39 123 50.0
39 119 51.0
39 120 52.0
39 130 53.0
41 139 40.1
41 128 40.0
41 98 41.0
41 47 42.0
41 45 43.0
41 44 44.0
41 43 45.0
41 42 46.0
41 37 47.0
41 22 48.0
41 18 49.0
41 21 50.0
41 0 51.0
41 123 52.0
41 119 53.0
41 120 54.0
41 130 55.0
45 135 37.0
45 118 38.0
45 117 39.0
45 116 40.0
45 112 41.0
45 110 42.0
45 108 43.0
45 106 44.0
45 104 45.0
45 102 46.0
45 100 47.0
45 95 48.0
45 93 49.0
45 91 50.0
45 89 51.0
45 87 52.0
45 85 53.0
45 34 54.0
45 25 55.0
45 14 56.0
45 26 57.0
45 123 58.0
45 119 59.0
45 120 60.0
45 130 61.0
49 131 25.0
49 6 26.0
49 9 27.0
49 121 28.0
49 7 29.0
49 8 30.0
49 12 31.0
49 28 32.0
49 32 33.0
49 65 34.0
49 67 35.0
49 69 36.0
49 71 37.0
49 73 38.0
49 75 39.0
49 77 40.0
49 79 41.0
49 81 42.0
49 83 43.0
49 132 44.0
50 137 48.0
50 126 49.0
50 124 50.0
50 63 51.0
50 61 52.0
50 60 53.0
50 58 54.0
50 55 55.0
50 54 56.0
50 52 57.0
50 50 58.0
50 35 59.0
50 24 60.0
50 15 61.0
50 5 62.0
50 2 63.0
50 123 64.0
50 119 65.0
50 120 66.0
50 130 67.0
51 137 38.0
51 126 39.0
51 124 40.0
51 63 41.0
51 61 42.0
51 60 43.0
51 58 44.0
51 55 45.0
51 54 46.0
51 52 47.0
51 50 48.0
51 35 49.0
51 24 50.0
51 15 51.0
51 5 52.0
51 2 53.0
51 123 54.0
51 119 55.0
51 120 56.0
51 130 57.0
52 135 39.0
52 118 40.0
52 117 41.0
52 116 42.0
52 112 43.0
52 110 44.0
52 108 45.0
52 106 46.0
52 104 47.0
52 102 48.0
52 100 49.0
52 95 50.0
52 93 51.0
52 91 52.0
52 89 53.0
52 87 54.0
52 85 55.0
52 34 56.0
52 25 57.0
52 14 58.0
52 26 59.0
52 123 60.0
52 119 61.0
52 120 62.0
52 130 63.0
55 133 40.1
55 84 40.0
55 82 41.0
55 80 42.0
55 78 43.0
55 76 44.0
55 74 45.0
55 72 46.0
55 70 47.0
55 68 48.0
55 66 49.0
55 31 50.0
55 30 51.0
55 11 52.0
55 29 53.0
55 10 54.0
55 122 55.0
55 9 56.0
55 119 57.0
55 120 58.0
55 130 59.0
57 131 40.1
57 6 40.0
57 9 41.0
57 121 42.0
57 7 43.0
57 8 44.0
57 12 45.0
57 28 46.0
57 32 47.0
57 65 48.0
57 67 49.0
57 69 50.0
57 71 51.0
57 73 52.0
57 75 53.0
57 77 54.0
57 79 55.0
57 81 56.0
57 83 57.0
57 132 58.0
58 135 47.0
58 118 48.0
58 117 49.0
58 116 50.0
58 112 51.0
58 110 52.0
58 108 53.0
58 106 54.0
58 104 55.0
58 102 56.0
58 100 57.0
58 95 58.0
58 93 59.0
58 91 60.0
58 89 61.0
58 87 62.0
58 85 63.0
58 34 64.0
58 25 65.0
58 14 66.0
58 26 67.0
58 123 68.0
58 119 69.0
58 120 70.0
58 130 71.0
72 139 49.0
72 128 50.0
72 98 51.0
72 47 52.0
72 45 53.0
72 44 54.0
72 43 55.0
72 42 56.0
72 37 57.0
72 22 58.0
72 18 59.0
72 21 60.0
72 0 61.0
72 123 62.0
72 119 63.0
72 120 64.0
72 130 65.0
73 133 49.0
73 84 50.0
73 82 51.0
73 80 52.0
73 78 53.0
73 76 54.0
73 74 55.0
73 72 56.0
73 70 57.0
73 68 58.0
73 66 59.0
73 31 60.0
73 30 61.0
73 11 62.0
73 29 63.0
73 10 64.0
73 122 65.0
73 9 66.0
73 119 67.0
73 120 68.0
73 130 69.0
74 135 49.0
74 118 50.0
74 117 51.0
74 116 52.0
74 112 53.0
74 110 54.0
74 108 55.0
74 106 56.0
74 104 57.0
74 102 58.0
74 100 59.0
74 95 60.0
74 93 61.0
74 91 62.0
74 89 63.0
74 87 64.0
74 85 65.0
74 34 66.0
74 25 67.0
74 14 68.0
74 26 69.0
74 123 70.0
74 119 71.0
74 120 72.0
74 130 73.0
89 131 46.0
89 6 47.0
89 9 48.0
89 121 49.0
89 7 50.0
89 8 51.0
89 12 52.0
89 28 53.0
89 32 54.0
89 65 55.0
89 67 56.0
89 69 57.0
89 71 58.0
89 73 59.0
89 75 60.0
89 77 61.0
89 79 62.0
89 81 63.0
89 83 64.0
89 132 65.0
92 131 41.0
92 6 42.0
92 9 43.0
92 121 44.0
92 3 45.0
92 13 46.0
92 27 47.0
92 33 48.0
92 86 49.0
92 88 50.0
92 90 51.0
92 92 52.0
92 94 53.0
92 96 54.0
92 97 55.0
92 101 56.0
92 103 57.0
92 105 58.0
92 107 59.0
92 109 60.0
92 111 61.0
92 113 62.0
92 114 63.0
92 115 64.0
92 134 65.0
;
param t_hat_lat:=
9 135 17.0
9 118 18.0
9 117 19.0
9 116 20.0
9 112 21.0
9 110 22.0
9 108 23.0
9 106 24.0
9 104 25.0
9 102 26.0
9 100 27.0
9 95 28.0
9 93 29.0
9 91 30.0
9 89 31.0
9 87 32.0
9 85 33.0
9 34 34.0
9 25 35.0
9 14 36.0
9 26 37.0
9 123 38.0
9 119 39.0
9 120 40.0
9 130 41.0
10 131 20.0
10 6 21.0
10 9 22.0
10 121 23.0
10 3 24.0
10 13 25.0
10 27 26.0
10 33 27.0
10 86 28.0
10 88 29.0
10 90 30.0
10 92 31.0
10 94 32.0
10 96 33.0
10 97 34.0
10 101 35.0
10 103 36.0
10 105 37.0
10 107 38.0
10 109 39.0
10 111 40.0
10 113 41.0
10 114 42.0
10 115 43.0
10 134 44.0
22 137 27.0
22 126 28.0
22 124 29.0
22 63 30.0
22 61 31.0
22 60 32.0
22 58 33.0
22 55 34.0
22 54 35.0
22 52 36.0
22 50 37.0
22 35 38.0
22 24 39.0
22 15 40.0
22 5 41.0
22 2 42.0
22 123 43.0
22 119 44.0
22 120 45.0
22 130 46.0
24 131 18.0
24 6 19.0
24 9 20.0
24 121 21.0
24 3 22.0
24 13 23.0
24 27 24.0
24 33 25.0
24 86 26.0
24 88 27.0
24 90 28.0
24 92 29.0
24 94 30.0
24 96 31.0
24 97 32.0
24 101 33.0
24 103 34.0
24 105 35.0
24 107 36.0
24 109 37.0
24 111 38.0
24 113 39.0
24 114 40.0
24 115 41.0
24 134 42.0
27 131 28.0
27 6 29.0
27 9 30.0
27 121 31.0
27 7 32.0
27 8 33.0
27 12 34.0
27 28 35.0
27 32 36.0
27 65 37.0
27 67 38.0
27 69 39.0
27 71 40.0
27 73 41.0
27 75 42.0
27 77 43.0
27 79 44.0
27 81 45.0
27 83 46.0
27 132 47.0
28 135 28.0
28 118 29.0
28 117 30.0
28 116 31.0
28 112 32.0
28 110 33.0
28 108 34.0
28 106 35.0
28 104 36.0
28 102 37.0
28 100 38.0
28 95 39.0
28 93 40.0
28 91 41.0
28 89 42.0
28 87 43.0
28 85 44.0
28 34 45.0
28 25 46.0
28 14 47.0
28 26 48.0
28 123 49.0
28 119 50.0
28 120 51.0
28 130 52.0
29 137 29.0
29 126 30.0
29 124 31.0
29 63 32.0
29 61 33.0
29 60 34.0
29 58 35.0
29 55 36.0
29 54 37.0
29 52 38.0
29 50 39.0
29 35 40.0
29 24 41.0
29 15 42.0
29 5 43.0
29 2 44.0
29 123 45.0
29 119 46.0
29 120 47.0
29 130 48.0
32 135 20.0
32 118 21.0
32 117 22.0
32 116 23.0
32 112 24.0
32 110 25.0
32 108 26.0
32 106 27.0
32 104 28.0
32 102 29.0
32 100 30.0
32 95 31.0
32 93 32.0
32 91 33.0
32 89 34.0
32 87 35.0
32 85 36.0
32 34 37.0
32 25 38.0
32 14 39.0
32 26 40.0
32 123 41.0
32 119 42.0
32 120 43.0
32 130 44.0
38 133 30.0
38 84 31.0
38 82 32.0
38 80 33.0
38 78 34.0
38 76 35.0
38 74 36.0
38 72 37.0
38 70 38.0
38 68 39.0
38 66 40.0
38 31 41.0
38 30 42.0
38 11 43.0
38 29 44.0
38 10 45.0
38 122 46.0
38 9 47.0
38 119 48.0
38 120 49.0
38 130 50.0
39 135 30.0
39 118 31.0
39 117 32.0
39 116 33.0
39 112 34.0
39 110 35.0
39 108 36.0
39 106 37.0
39 104 38.0
39 102 39.0
39 100 40.0
39 95 41.0
39 93 42.0
39 91 43.0
39 89 44.0
39 87 45.0
39 85 46.0
39 34 47.0
39 25 48.0
39 14 49.0
39 26 50.0
39 123 51.0
39 119 52.0
39 120 53.0
39 130 54.0
41 139 41.099999999999994
41 128 41.0
41 98 42.0
41 47 43.0
41 45 44.0
41 44 45.0
41 43 46.0
41 42 47.0
41 37 48.0
41 22 49.0
41 18 50.0
41 21 51.0
41 0 52.0
41 123 53.0
41 119 54.0
41 120 55.0
41 130 56.0
45 135 38.0
45 118 39.0
45 117 40.0
45 116 41.0
45 112 42.0
45 110 43.0
45 108 44.0
45 106 45.0
45 104 46.0
45 102 47.0
45 100 48.0
45 95 49.0
45 93 50.0
45 91 51.0
45 89 52.0
45 87 53.0
45 85 54.0
45 34 55.0
45 25 56.0
45 14 57.0
45 26 58.0
45 123 59.0
45 119 60.0
45 120 61.0
45 130 62.0
49 131 26.0
49 6 27.0
49 9 28.0
49 121 29.0
49 7 30.0
49 8 31.0
49 12 32.0
49 28 33.0
49 32 34.0
49 65 35.0
49 67 36.0
49 69 37.0
49 71 38.0
49 73 39.0
49 75 40.0
49 77 41.0
49 79 42.0
49 81 43.0
49 83 44.0
49 132 45.0
50 137 49.0
50 126 50.0
50 124 51.0
50 63 52.0
50 61 53.0
50 60 54.0
50 58 55.0
50 55 56.0
50 54 57.0
50 52 58.0
50 50 59.0
50 35 60.0
50 24 61.0
50 15 62.0
50 5 63.0
50 2 64.0
50 123 65.0
50 119 66.0
50 120 67.0
50 130 68.0
51 137 39.0
51 126 40.0
51 124 41.0
51 63 42.0
51 61 43.0
51 60 44.0
51 58 45.0
51 55 46.0
51 54 47.0
51 52 48.0
51 50 49.0
51 35 50.0
51 24 51.0
51 15 52.0
51 5 53.0
51 2 54.0
51 123 55.0
51 119 56.0
51 120 57.0
51 130 58.0
52 135 40.0
52 118 41.0
52 117 42.0
52 116 43.0
52 112 44.0
52 110 45.0
52 108 46.0
52 106 47.0
52 104 48.0
52 102 49.0
52 100 50.0
52 95 51.0
52 93 52.0
52 91 53.0
52 89 54.0
52 87 55.0
52 85 56.0
52 34 57.0
52 25 58.0
52 14 59.0
52 26 60.0
52 123 61.0
52 119 62.0
52 120 63.0
52 130 64.0
55 133 41.099999999999994
55 84 41.0
55 82 42.0
55 80 43.0
55 78 44.0
55 76 45.0
55 74 46.0
55 72 47.0
55 70 48.0
55 68 49.0
55 66 50.0
55 31 51.0
55 30 52.0
55 11 53.0
55 29 54.0
55 10 55.0
55 122 56.0
55 9 57.0
55 119 58.0
55 120 59.0
55 130 60.0
57 131 41.099999999999994
57 6 41.0
57 9 42.0
57 121 43.0
57 7 44.0
57 8 45.0
57 12 46.0
57 28 47.0
57 32 48.0
57 65 49.0
57 67 50.0
57 69 51.0
57 71 52.0
57 73 53.0
57 75 54.0
57 77 55.0
57 79 56.0
57 81 57.0
57 83 58.0
57 132 59.0
58 135 48.0
58 118 49.0
58 117 50.0
58 116 51.0
58 112 52.0
58 110 53.0
58 108 54.0
58 106 55.0
58 104 56.0
58 102 57.0
58 100 58.0
58 95 59.0
58 93 60.0
58 91 61.0
58 89 62.0
58 87 63.0
58 85 64.0
58 34 65.0
58 25 66.0
58 14 67.0
58 26 68.0
58 123 69.0
58 119 70.0
58 120 71.0
58 130 72.0
72 139 50.0
72 128 51.0
72 98 52.0
72 47 53.0
72 45 54.0
72 44 55.0
72 43 56.0
72 42 57.0
72 37 58.0
72 22 59.0
72 18 60.0
72 21 61.0
72 0 62.0
72 123 63.0
72 119 64.0
72 120 65.0
72 130 66.0
73 133 50.0
73 84 51.0
73 82 52.0
73 80 53.0
73 78 54.0
73 76 55.0
73 74 56.0
73 72 57.0
73 70 58.0
73 68 59.0
73 66 60.0
73 31 61.0
73 30 62.0
73 11 63.0
73 29 64.0
73 10 65.0
73 122 66.0
73 9 67.0
73 119 68.0
73 120 69.0
73 130 70.0
74 135 50.0
74 118 51.0
74 117 52.0
74 116 53.0
74 112 54.0
74 110 55.0
74 108 56.0
74 106 57.0
74 104 58.0
74 102 59.0
74 100 60.0
74 95 61.0
74 93 62.0
74 91 63.0
74 89 64.0
74 87 65.0
74 85 66.0
74 34 67.0
74 25 68.0
74 14 69.0
74 26 70.0
74 123 71.0
74 119 72.0
74 120 73.0
74 130 74.0
89 131 47.0
89 6 48.0
89 9 49.0
89 121 50.0
89 7 51.0
89 8 52.0
89 12 53.0
89 28 54.0
89 32 55.0
89 65 56.0
89 67 57.0
89 69 58.0
89 71 59.0
89 73 60.0
89 75 61.0
89 77 62.0
89 79 63.0
89 81 64.0
89 83 65.0
89 132 66.0
92 131 42.0
92 6 43.0
92 9 44.0
92 121 45.0
92 3 46.0
92 13 47.0
92 27 48.0
92 33 49.0
92 86 50.0
92 88 51.0
92 90 52.0
92 92 53.0
92 94 54.0
92 96 55.0
92 97 56.0
92 101 57.0
92 103 58.0
92 105 59.0
92 107 60.0
92 109 61.0
92 111 62.0
92 113 63.0
92 114 64.0
92 115 65.0
92 134 66.0
;
set fixedFlights :=
9 14 26
9 118 117
9 117 116
9 116 112
9 112 110
9 110 108
9 108 106
9 106 104
9 104 102
9 102 100
9 100 95
9 95 93
9 93 91
9 91 89
9 89 87
9 87 85
9 85 34
9 34 25
9 25 14
9 119 120
9 120 130
9 123 119
9 26 123
9 135 118
10 6 9
10 3 13
10 131 6
10 13 27
10 27 33
10 33 86
10 86 88
10 88 90
10 90 92
10 92 94
10 94 96
10 96 97
10 97 101
10 101 103
10 103 105
10 105 107
10 107 109
10 109 111
10 111 113
10 113 114
10 114 115
10 9 121
10 121 3
10 115 134
22 5 2
22 15 5
22 24 15
22 63 61
22 61 60
22 60 58
22 58 55
22 55 54
22 54 52
22 52 50
22 50 35
22 35 24
22 119 120
22 120 130
22 123 119
22 2 123
22 137 126
22 126 124
22 124 63
24 6 9
24 3 13
24 131 6
24 13 27
24 27 33
24 33 86
24 86 88
24 88 90
24 90 92
24 92 94
24 94 96
24 96 97
24 97 101
24 101 103
24 103 105
24 105 107
24 107 109
24 109 111
24 111 113
24 113 114
24 114 115
24 9 121
24 121 3
24 115 134
27 6 9
27 7 8
27 8 12
27 12 28
27 131 6
27 83 132
27 9 121
27 121 7
27 28 32
27 32 65
27 65 67
27 67 69
27 69 71
27 71 73
27 73 75
27 75 77
27 77 79
27 79 81
27 81 83
28 14 26
28 118 117
28 117 116
28 116 112
28 112 110
28 110 108
28 108 106
28 106 104
28 104 102
28 102 100
28 100 95
28 95 93
28 93 91
28 91 89
28 89 87
28 87 85
28 85 34
28 34 25
28 25 14
28 119 120
28 120 130
28 123 119
28 26 123
28 135 118
29 5 2
29 15 5
29 24 15
29 63 61
29 61 60
29 60 58
29 58 55
29 55 54
29 54 52
29 52 50
29 50 35
29 35 24
29 119 120
29 120 130
29 123 119
29 2 123
29 137 126
29 126 124
29 124 63
32 14 26
32 118 117
32 117 116
32 116 112
32 112 110
32 110 108
32 108 106
32 106 104
32 104 102
32 102 100
32 100 95
32 95 93
32 93 91
32 91 89
32 89 87
32 87 85
32 85 34
32 34 25
32 25 14
32 119 120
32 120 130
32 123 119
32 26 123
32 135 118
38 29 10
38 11 29
38 30 11
38 133 84
38 9 119
38 119 120
38 120 130
38 10 122
38 122 9
38 84 82
38 82 80
38 80 78
38 78 76
38 76 74
38 74 72
38 72 70
38 70 68
38 68 66
38 66 31
38 31 30
39 14 26
39 118 117
39 117 116
39 116 112
39 112 110
39 110 108
39 108 106
39 106 104
39 104 102
39 102 100
39 100 95
39 95 93
39 93 91
39 91 89
39 89 87
39 87 85
39 85 34
39 34 25
39 25 14
39 119 120
39 120 130
39 123 119
39 26 123
39 135 118
45 14 26
45 118 117
45 117 116
45 116 112
45 112 110
45 110 108
45 108 106
45 106 104
45 104 102
45 102 100
45 100 95
45 95 93
45 93 91
45 91 89
45 89 87
45 87 85
45 85 34
45 34 25
45 25 14
45 119 120
45 120 130
45 123 119
45 26 123
45 135 118
49 6 9
49 7 8
49 8 12
49 12 28
49 131 6
49 83 132
49 9 121
49 121 7
49 28 32
49 32 65
49 65 67
49 67 69
49 69 71
49 71 73
49 73 75
49 75 77
49 77 79
49 79 81
49 81 83
50 5 2
50 15 5
50 24 15
50 63 61
50 61 60
50 60 58
50 58 55
50 55 54
50 54 52
50 52 50
50 50 35
50 35 24
50 119 120
50 120 130
50 123 119
50 2 123
50 137 126
50 126 124
50 124 63
51 5 2
51 15 5
51 24 15
51 63 61
51 61 60
51 60 58
51 58 55
51 55 54
51 54 52
51 52 50
51 50 35
51 35 24
51 119 120
51 120 130
51 123 119
51 2 123
51 137 126
51 126 124
51 124 63
52 14 26
52 118 117
52 117 116
52 116 112
52 112 110
52 110 108
52 108 106
52 106 104
52 104 102
52 102 100
52 100 95
52 95 93
52 93 91
52 91 89
52 89 87
52 87 85
52 85 34
52 34 25
52 25 14
52 119 120
52 120 130
52 123 119
52 26 123
52 135 118
58 14 26
58 118 117
58 117 116
58 116 112
58 112 110
58 110 108
58 108 106
58 106 104
58 104 102
58 102 100
58 100 95
58 95 93
58 93 91
58 91 89
58 89 87
58 87 85
58 85 34
58 34 25
58 25 14
58 119 120
58 120 130
58 123 119
58 26 123
58 135 118
72 21 0
72 22 18
72 18 21
72 98 47
72 47 45
72 45 44
72 44 43
72 43 42
72 42 37
72 37 22
72 119 120
72 120 130
72 123 119
72 0 123
72 139 128
72 128 98
73 29 10
73 11 29
73 30 11
73 133 84
73 9 119
73 119 120
73 120 130
73 10 122
73 122 9
73 84 82
73 82 80
73 80 78
73 78 76
73 76 74
73 74 72
73 72 70
73 70 68
73 68 66
73 66 31
73 31 30
74 14 26
74 118 117
74 117 116
74 116 112
74 112 110
74 110 108
74 108 106
74 106 104
74 104 102
74 102 100
74 100 95
74 95 93
74 93 91
74 91 89
74 89 87
74 87 85
74 85 34
74 34 25
74 25 14
74 119 120
74 120 130
74 123 119
74 26 123
74 135 118
89 6 9
89 7 8
89 8 12
89 12 28
89 131 6
89 83 132
89 9 121
89 121 7
89 28 32
89 32 65
89 65 67
89 67 69
89 69 71
89 71 73
89 73 75
89 75 77
89 77 79
89 79 81
89 81 83
92 6 9
92 3 13
92 131 6
92 13 27
92 27 33
92 33 86
92 86 88
92 88 90
92 90 92
92 92 94
92 94 96
92 96 97
92 97 101
92 101 103
92 103 105
92 105 107
92 107 109
92 109 111
92 111 113
92 113 114
92 114 115
92 9 121
92 121 3
92 115 134
;
;
set inFlight:=
9
10
22
24
27
28
29
32
38
39
45
49
51
52
;
param tini := 40.1;
