param nn:= 148;
set F:=
0
1
2
3
4
5
6
7
8
9
10
11
12
13
14
15
16
17
18
19
20
21
22
23
24
25
26
27
28
29
30
31
32
33
34
35
36
37
38
39
40
41
42
43
44
45
46
47
48
49
50
51
52
53
54
55
56
57
58
59
60
61
62
63
64
65
66
67
68
69
70
71
72
73
74
75
76
77
78
79
82
86
89
90
92
94
95
99
;
param: E: d:=
0 1 2.500000
2 10 1.500000
11 3 1.500000
4 8 1.500000
9 5 1.500000
12 13 2.500000
0 13 2.500000
12 1 2.500000
14 15 2.500000
16 17 2.500000
14 17 2.500000
16 15 2.500000
18 19 2.500000
20 21 2.500000
18 21 2.500000
20 19 2.500000
22 23 2.500000
24 25 2.500000
22 25 2.500000
24 23 2.500000
13 34 2.500000
34 35 2.500000
35 32 2.500000
32 30 2.500000
30 28 2.500000
28 26 2.500000
29 27 2.500000
27 33 2.500000
33 31 2.500000
31 36 2.500000
36 37 2.500000
37 12 2.500000
17 46 2.500000
46 47 2.500000
47 44 2.500000
44 42 2.500000
42 40 2.500000
40 38 2.500000
41 39 2.500000
39 45 2.500000
45 43 2.500000
43 48 2.500000
48 49 2.500000
49 16 2.500000
19 50 2.500000
50 51 2.500000
51 52 2.500000
52 53 2.500000
53 54 2.500000
54 55 2.500000
55 22 2.500000
25 56 2.500000
56 57 2.500000
57 58 2.500000
58 59 2.500000
59 60 2.500000
60 61 2.500000
61 20 2.500000
3 62 2.500000
62 63 2.500000
63 64 2.500000
64 65 2.500000
65 66 2.500000
66 67 2.500000
67 0 2.500000
1 68 2.500000
68 69 2.500000
69 70 2.500000
70 71 2.500000
71 72 2.500000
72 73 2.500000
73 14 2.500000
17 74 2.500000
74 75 2.500000
75 76 2.500000
76 77 2.500000
77 78 2.500000
78 79 2.500000
79 12 2.500000
13 80 2.500000
80 81 2.500000
81 82 2.500000
82 83 2.500000
83 84 2.500000
84 85 2.500000
85 2 2.500000
26 94 2.500000
94 95 2.500000
95 18 2.500000
19 96 2.500000
96 97 2.500000
97 29 2.500000
38 98 2.500000
98 99 2.500000
99 22 2.500000
23 100 2.500000
100 101 2.500000
101 41 2.500000
92 102 2.500000
102 103 2.500000
103 104 2.500000
104 105 2.500000
105 106 2.500000
106 107 2.500000
107 18 2.500000
21 108 2.500000
108 109 2.500000
109 110 2.500000
110 111 2.500000
111 112 2.500000
112 113 2.500000
113 93 2.500000
21 89 2.500000
88 20 2.500000
25 91 2.500000
90 24 2.500000
5 114 2.500000
114 115 2.500000
115 116 2.500000
116 117 2.500000
117 118 2.500000
118 119 2.500000
119 0 2.500000
1 120 2.500000
120 121 2.500000
121 122 2.500000
122 123 2.500000
123 124 2.500000
124 125 2.500000
125 4 2.500000
7 126 1.500000
126 127 2.500000
127 128 2.500000
128 129 2.500000
129 130 2.500000
130 131 2.500000
131 14 2.500000
15 132 2.500000
132 133 2.500000
133 134 2.500000
134 135 2.500000
135 136 2.500000
136 137 2.500000
137 6 1.500000
87 6 1.500000
7 86 1.500000
144 88 1.500000
143 90 1.500000
145 92 1.500000
93 140 1.500000
89 139 1.500000
91 138 1.500000
48 142 1.500000
47 142 1.500000
36 141 1.500000
35 141 1.500000
146 37 1.500000
146 34 1.500000
147 46 1.500000
147 49 1.500000
;
param s:=
0 9
1 145
2 146
3 11
4 145
5 144
6 146
7 143
8 7
9 7
10 7
11 145
12 11
13 145
14 7
15 146
16 11
17 7
18 11
19 143
20 144
21 9
22 147
23 146
24 144
25 143
26 146
27 144
28 145
29 143
30 147
31 143
32 147
33 9
34 144
35 143
36 144
37 11
38 145
39 146
40 9
41 11
42 147
43 144
44 7
45 11
46 144
47 147
48 143
49 7
50 9
51 11
52 145
53 143
54 144
55 11
56 147
57 9
58 144
59 147
60 147
61 7
62 144
63 11
64 147
65 9
66 143
67 147
68 145
69 7
70 144
71 144
72 144
73 143
74 147
75 7
76 11
77 11
78 11
79 145
82 11
86 146
89 9
90 7
92 143
94 147
95 7
99 146
;
param e:=
0 142
1 141
2 8
3 141
4 139
5 141
6 6
7 6
8 141
9 10
10 8
11 138
12 6
13 138
14 142
15 139
16 6
17 142
18 8
19 141
20 140
21 141
22 6
23 139
24 140
25 139
26 10
27 138
28 139
29 141
30 141
31 142
32 141
33 141
34 8
35 142
36 10
37 141
38 142
39 139
40 6
41 141
42 6
43 10
44 138
45 142
46 10
47 139
48 6
49 10
50 6
51 139
52 141
53 142
54 142
55 8
56 10
57 141
58 140
59 8
60 10
61 10
62 142
63 142
64 138
65 139
66 6
67 138
68 139
69 8
70 140
71 138
72 8
73 140
74 141
75 142
76 8
77 141
78 142
79 142
82 142
86 140
89 6
90 10
92 139
94 139
95 8
99 140
;
param v_min:=2.375
;
param v_max:=2.625
;
param :conflictsNodes: angle:=
0 1 13 1.000000
0 13 1 1.000000
0 1 67 1.000000
0 67 1 1.000000
0 1 119 1.000000
0 119 1 1.000000
0 13 67 1.000000
0 67 13 1.000000
0 13 119 1.000000
0 119 13 1.000000
0 67 119 1.000000
0 119 67 1.000000
1 0 68 1.000000
1 68 0 1.000000
1 0 120 1.000000
1 120 0 1.000000
1 0 12 1.000000
1 12 0 1.000000
1 68 120 1.000000
1 120 68 1.000000
1 12 68 1.000000
1 68 12 1.000000
1 12 120 1.000000
1 120 12 1.000000
12 13 37 1.000000
12 37 13 1.000000
12 13 79 1.000000
12 79 13 1.000000
12 1 13 1.000000
12 13 1 1.000000
12 1 37 1.000000
12 37 1 1.000000
12 1 79 1.000000
12 79 1 1.000000
12 37 79 1.000000
12 79 37 1.000000
13 0 12 1.000000
13 12 0 1.000000
13 0 34 1.000000
13 34 0 1.000000
13 0 80 1.000000
13 80 0 1.000000
13 12 34 1.000000
13 34 12 1.000000
13 12 80 1.000000
13 80 12 1.000000
13 34 80 1.000000
13 80 34 1.000000
14 15 17 1.000000
14 17 15 1.000000
14 15 73 1.000000
14 73 15 1.000000
14 15 131 1.000000
14 131 15 1.000000
14 17 73 1.000000
14 73 17 1.000000
14 17 131 1.000000
14 131 17 1.000000
14 73 131 1.000000
14 131 73 1.000000
15 14 132 1.000000
15 132 14 1.000000
15 14 16 1.000000
15 16 14 1.000000
15 16 132 1.000000
15 132 16 1.000000
16 17 49 1.000000
16 49 17 1.000000
16 15 17 1.000000
16 17 15 1.000000
16 15 49 1.000000
16 49 15 1.000000
17 14 16 1.000000
17 16 14 1.000000
17 14 46 1.000000
17 46 14 1.000000
17 14 74 1.000000
17 74 14 1.000000
17 16 46 1.000000
17 46 16 1.000000
17 16 74 1.000000
17 74 16 1.000000
17 46 74 1.000000
17 74 46 1.000000
18 19 21 1.000000
18 21 19 1.000000
18 19 95 1.000000
18 95 19 1.000000
18 19 107 1.000000
18 107 19 1.000000
18 21 95 1.000000
18 95 21 1.000000
18 21 107 1.000000
18 107 21 1.000000
18 95 107 1.000000
18 107 95 1.000000
19 18 50 1.000000
19 50 18 1.000000
19 18 96 1.000000
19 96 18 1.000000
19 18 20 1.000000
19 20 18 1.000000
19 50 96 1.000000
19 96 50 1.000000
19 20 50 1.000000
19 50 20 1.000000
19 20 96 1.000000
19 96 20 1.000000
20 21 61 1.000000
20 61 21 1.000000
20 21 88 1.000000
20 88 21 1.000000
20 19 21 1.000000
20 21 19 1.000000
20 19 61 1.000000
20 61 19 1.000000
20 19 88 1.000000
20 88 19 1.000000
20 61 88 1.000000
20 88 61 1.000000
21 18 20 1.000000
21 20 18 1.000000
21 18 108 1.000000
21 108 18 1.000000
21 18 89 1.000000
21 89 18 1.000000
21 20 108 1.000000
21 108 20 1.000000
21 20 89 1.000000
21 89 20 1.000000
21 89 108 1.000000
21 108 89 1.000000
22 23 25 1.000000
22 25 23 1.000000
22 23 55 1.000000
22 55 23 1.000000
22 23 99 1.000000
22 99 23 1.000000
22 25 55 1.000000
22 55 25 1.000000
22 25 99 1.000000
22 99 25 1.000000
22 55 99 1.000000
22 99 55 1.000000
23 22 100 1.000000
23 100 22 1.000000
23 22 24 1.000000
23 24 22 1.000000
23 24 100 1.000000
23 100 24 1.000000
24 25 90 1.000000
24 90 25 1.000000
24 23 25 1.000000
24 25 23 1.000000
24 23 90 1.000000
24 90 23 1.000000
25 22 24 1.000000
25 24 22 1.000000
25 22 56 1.000000
25 56 22 1.000000
25 22 91 1.000000
25 91 22 1.000000
25 24 56 1.000000
25 56 24 1.000000
25 24 91 1.000000
25 91 24 1.000000
25 56 91 1.000000
25 91 56 1.000000
26 28 94 1.000000
26 94 28 1.000000
27 29 33 1.000000
27 33 29 1.000000
28 26 30 1.000000
28 30 26 1.000000
29 27 97 1.000000
29 97 27 1.000000
30 28 32 1.000000
30 32 28 1.000000
31 33 36 1.000000
31 36 33 1.000000
32 30 35 1.000000
32 35 30 1.000000
33 27 31 1.000000
33 31 27 1.000000
34 13 35 1.000000
34 35 13 1.000000
35 32 34 1.000000
35 34 32 1.000000
36 31 37 1.000000
36 37 31 1.000000
37 12 36 1.000000
37 36 12 1.000000
38 40 98 1.000000
38 98 40 1.000000
39 41 45 1.000000
39 45 41 1.000000
40 38 42 1.000000
40 42 38 1.000000
41 39 101 1.000000
41 101 39 1.000000
42 40 44 1.000000
42 44 40 1.000000
43 45 48 1.000000
43 48 45 1.000000
44 42 47 1.000000
44 47 42 1.000000
45 39 43 1.000000
45 43 39 1.000000
46 17 47 1.000000
46 47 17 1.000000
47 44 46 1.000000
47 46 44 1.000000
48 43 49 1.000000
48 49 43 1.000000
49 16 48 1.000000
49 48 16 1.000000
50 19 51 1.000000
50 51 19 1.000000
51 50 52 1.000000
51 52 50 1.000000
52 51 53 1.000000
52 53 51 1.000000
53 52 54 1.000000
53 54 52 1.000000
54 53 55 1.000000
54 55 53 1.000000
55 22 54 1.000000
55 54 22 1.000000
56 25 57 1.000000
56 57 25 1.000000
57 56 58 1.000000
57 58 56 1.000000
58 57 59 1.000000
58 59 57 1.000000
59 58 60 1.000000
59 60 58 1.000000
60 59 61 1.000000
60 61 59 1.000000
61 20 60 1.000000
61 60 20 1.000000
62 3 63 1.000000
62 63 3 1.000000
63 62 64 1.000000
63 64 62 1.000000
64 63 65 1.000000
64 65 63 1.000000
65 64 66 1.000000
65 66 64 1.000000
66 65 67 1.000000
66 67 65 1.000000
67 0 66 1.000000
67 66 0 1.000000
68 1 69 1.000000
68 69 1 1.000000
69 68 70 1.000000
69 70 68 1.000000
70 69 71 1.000000
70 71 69 1.000000
71 70 72 1.000000
71 72 70 1.000000
72 71 73 1.000000
72 73 71 1.000000
73 14 72 1.000000
73 72 14 1.000000
74 17 75 1.000000
74 75 17 1.000000
75 74 76 1.000000
75 76 74 1.000000
76 75 77 1.000000
76 77 75 1.000000
77 76 78 1.000000
77 78 76 1.000000
78 77 79 1.000000
78 79 77 1.000000
79 12 78 1.000000
79 78 12 1.000000
80 13 81 1.000000
80 81 13 1.000000
81 80 82 1.000000
81 82 80 1.000000
82 81 83 1.000000
82 83 81 1.000000
83 82 84 1.000000
83 84 82 1.000000
84 83 85 1.000000
84 85 83 1.000000
85 2 84 1.000000
85 84 2 1.000000
94 26 95 1.000000
94 95 26 1.000000
95 18 94 1.000000
95 94 18 1.000000
96 19 97 1.000000
96 97 19 1.000000
97 29 96 1.000000
97 96 29 1.000000
98 38 99 1.000000
98 99 38 1.000000
99 22 98 1.000000
99 98 22 1.000000
100 23 101 1.000000
100 101 23 1.000000
101 41 100 1.000000
101 100 41 1.000000
102 92 103 1.000000
102 103 92 1.000000
103 102 104 1.000000
103 104 102 1.000000
104 103 105 1.000000
104 105 103 1.000000
105 104 106 1.000000
105 106 104 1.000000
106 105 107 1.000000
106 107 105 1.000000
107 18 106 1.000000
107 106 18 1.000000
108 21 109 1.000000
108 109 21 1.000000
109 108 110 1.000000
109 110 108 1.000000
110 109 111 1.000000
110 111 109 1.000000
111 110 112 1.000000
111 112 110 1.000000
112 111 113 1.000000
112 113 111 1.000000
113 93 112 1.000000
113 112 93 1.000000
114 5 115 1.000000
114 115 5 1.000000
115 114 116 1.000000
115 116 114 1.000000
116 115 117 1.000000
116 117 115 1.000000
117 116 118 1.000000
117 118 116 1.000000
118 117 119 1.000000
118 119 117 1.000000
119 0 118 1.000000
119 118 0 1.000000
120 1 121 1.000000
120 121 1 1.000000
121 120 122 1.000000
121 122 120 1.000000
122 121 123 1.000000
122 123 121 1.000000
123 122 124 1.000000
123 124 122 1.000000
124 123 125 1.000000
124 125 123 1.000000
125 4 124 1.000000
125 124 4 1.000000
127 126 128 1.000000
127 128 126 1.000000
128 127 129 1.000000
128 129 127 1.000000
129 128 130 1.000000
129 130 128 1.000000
130 129 131 1.000000
130 131 129 1.000000
131 14 130 1.000000
131 130 14 1.000000
132 15 133 1.000000
132 133 15 1.000000
133 132 134 1.000000
133 134 132 1.000000
134 133 135 1.000000
134 135 133 1.000000
135 134 136 1.000000
135 136 134 1.000000
136 135 137 1.000000
136 137 135 1.000000
;
param D:=0.5;
param t_hat_ear:=
0 9 7.1
0 5 7.0
0 114 8.0
0 115 9.0
0 116 10.0
0 117 11.0
0 118 12.0
0 119 13.0
0 0 14.0
0 1 15.0
0 68 16.0
0 69 17.0
0 70 18.0
0 71 19.0
0 72 20.0
0 73 21.0
0 14 22.0
0 17 23.0
0 46 24.0
0 47 25.0
0 142 26.0
1 145 2.0
1 92 3.0
1 102 4.0
1 103 5.0
1 104 6.0
1 105 7.0
1 106 8.0
1 107 9.0
1 18 10.0
1 19 11.0
1 96 12.0
1 97 13.0
1 29 14.0
1 27 15.0
1 33 16.0
1 31 17.0
1 36 18.0
1 141 19.0
2 146 3.0
2 37 4.0
2 12 5.0
2 1 6.0
2 120 7.0
2 121 8.0
2 122 9.0
2 123 10.0
2 124 11.0
2 125 12.0
2 4 13.0
2 8 14.0
3 11 2.0
3 3 3.0
3 62 4.0
3 63 5.0
3 64 6.0
3 65 7.0
3 66 8.0
3 67 9.0
3 0 10.0
3 13 11.0
3 34 12.0
3 35 13.0
3 141 14.0
4 145 8.0
4 92 9.0
4 102 10.0
4 103 11.0
4 104 12.0
4 105 13.0
4 106 14.0
4 107 15.0
4 18 16.0
4 21 17.0
4 89 18.0
4 139 19.0
5 144 0.0
5 88 1.0
5 20 2.0
5 19 3.0
5 96 4.0
5 97 5.0
5 29 6.0
5 27 7.0
5 33 8.0
5 31 9.0
5 36 10.0
5 141 11.0
6 146 8.0
6 37 9.0
6 12 10.0
6 1 11.0
6 68 12.0
6 69 13.0
6 70 14.0
6 71 15.0
6 72 16.0
6 73 17.0
6 14 18.0
6 15 19.0
6 132 20.0
6 133 21.0
6 134 22.0
6 135 23.0
6 136 24.0
6 137 25.0
6 6 26.0
7 143 4.0
7 90 5.0
7 24 6.0
7 23 7.0
7 100 8.0
7 101 9.0
7 41 10.0
7 39 11.0
7 45 12.0
7 43 13.0
7 48 14.0
7 49 15.0
7 16 16.0
7 15 17.0
7 132 18.0
7 133 19.0
7 134 20.0
7 135 21.0
7 136 22.0
7 137 23.0
7 6 24.0
8 7 8.0
8 126 9.0
8 127 10.0
8 128 11.0
8 129 12.0
8 130 13.0
8 131 14.0
8 14 15.0
8 17 16.0
8 74 17.0
8 75 18.0
8 76 19.0
8 77 20.0
8 78 21.0
8 79 22.0
8 12 23.0
8 13 24.0
8 34 25.0
8 35 26.0
8 141 27.0
9 7 7.1
9 126 7.0
9 127 8.0
9 128 9.0
9 129 10.0
9 130 11.0
9 131 12.0
9 14 13.0
9 17 14.0
9 74 15.0
9 75 16.0
9 76 17.0
9 77 18.0
9 78 19.0
9 79 20.0
9 12 21.0
9 13 22.0
9 80 23.0
9 81 24.0
9 82 25.0
9 83 26.0
9 84 27.0
9 85 28.0
9 2 29.0
9 10 30.0
10 7 4.0
10 126 5.0
10 127 6.0
10 128 7.0
10 129 8.0
10 130 9.0
10 131 10.0
10 14 11.0
10 17 12.0
10 74 13.0
10 75 14.0
10 76 15.0
10 77 16.0
10 78 17.0
10 79 18.0
10 12 19.0
10 1 20.0
10 120 21.0
10 121 22.0
10 122 23.0
10 123 24.0
10 124 25.0
10 125 26.0
10 4 27.0
10 8 28.0
11 145 0.0
11 92 1.0
11 102 2.0
11 103 3.0
11 104 4.0
11 105 5.0
11 106 6.0
11 107 7.0
11 18 8.0
11 19 9.0
11 50 10.0
11 51 11.0
11 52 12.0
11 53 13.0
11 54 14.0
11 55 15.0
11 22 16.0
11 25 17.0
11 91 18.0
11 138 19.0
12 11 4.0
12 3 5.0
12 62 6.0
12 63 7.0
12 64 8.0
12 65 9.0
12 66 10.0
12 67 11.0
12 0 12.0
12 1 13.0
12 68 14.0
12 69 15.0
12 70 16.0
12 71 17.0
12 72 18.0
12 73 19.0
12 14 20.0
12 15 21.0
12 132 22.0
12 133 23.0
12 134 24.0
12 135 25.0
12 136 26.0
12 137 27.0
12 6 28.0
13 145 4.0
13 92 5.0
13 102 6.0
13 103 7.0
13 104 8.0
13 105 9.0
13 106 10.0
13 107 11.0
13 18 12.0
13 19 13.0
13 50 14.0
13 51 15.0
13 52 16.0
13 53 17.0
13 54 18.0
13 55 19.0
13 22 20.0
13 25 21.0
13 91 22.0
13 138 23.0
14 7 2.0
14 126 3.0
14 127 4.0
14 128 5.0
14 129 6.0
14 130 7.0
14 131 8.0
14 14 9.0
14 17 10.0
14 46 11.0
14 47 12.0
14 142 13.0
15 146 5.0
15 34 6.0
15 35 7.0
15 32 8.0
15 30 9.0
15 28 10.0
15 26 11.0
15 94 12.0
15 95 13.0
15 18 14.0
15 21 15.0
15 89 16.0
15 139 17.0
16 11 8.0
16 3 9.0
16 62 10.0
16 63 11.0
16 64 12.0
16 65 13.0
16 66 14.0
16 67 15.0
16 0 16.0
16 1 17.0
16 68 18.0
16 69 19.0
16 70 20.0
16 71 21.0
16 72 22.0
16 73 23.0
16 14 24.0
16 15 25.0
16 132 26.0
16 133 27.0
16 134 28.0
16 135 29.0
16 136 30.0
16 137 31.0
16 6 32.0
17 7 0.0
17 126 1.0
17 127 2.0
17 128 3.0
17 129 4.0
17 130 5.0
17 131 6.0
17 14 7.0
17 17 8.0
17 46 9.0
17 47 10.0
17 142 11.0
18 11 0.0
18 3 1.0
18 62 2.0
18 63 3.0
18 64 4.0
18 65 5.0
18 66 6.0
18 67 7.0
18 0 8.0
18 1 9.0
18 120 10.0
18 121 11.0
18 122 12.0
18 123 13.0
18 124 14.0
18 125 15.0
18 4 16.0
18 8 17.0
19 143 7.1
19 90 7.0
19 24 8.0
19 25 9.0
19 56 10.0
19 57 11.0
19 58 12.0
19 59 13.0
19 60 14.0
19 61 15.0
19 20 16.0
19 19 17.0
19 96 18.0
19 97 19.0
19 29 20.0
19 27 21.0
19 33 22.0
19 31 23.0
19 36 24.0
19 141 25.0
20 144 16.0
20 88 17.0
20 20 18.0
20 21 19.0
20 108 20.0
20 109 21.0
20 110 22.0
20 111 23.0
20 112 24.0
20 113 25.0
20 93 26.0
20 140 27.0
21 9 28.0
21 5 29.0
21 114 30.0
21 115 31.0
21 116 32.0
21 117 33.0
21 118 34.0
21 119 35.0
21 0 36.0
21 13 37.0
21 34 38.0
21 35 39.0
21 141 40.0
22 147 10.0
22 49 11.0
22 16 12.0
22 15 13.0
22 132 14.0
22 133 15.0
22 134 16.0
22 135 17.0
22 136 18.0
22 137 19.0
22 6 20.0
23 146 17.0
23 34 18.0
23 35 19.0
23 32 20.0
23 30 21.0
23 28 22.0
23 26 23.0
23 94 24.0
23 95 25.0
23 18 26.0
23 21 27.0
23 89 28.0
23 139 29.0
24 144 10.0
24 88 11.0
24 20 12.0
24 21 13.0
24 108 14.0
24 109 15.0
24 110 16.0
24 111 17.0
24 112 18.0
24 113 19.0
24 93 20.0
24 140 21.0
25 143 12.0
25 90 13.0
25 24 14.0
25 25 15.0
25 56 16.0
25 57 17.0
25 58 18.0
25 59 19.0
25 60 20.0
25 61 21.0
25 20 22.0
25 21 23.0
25 89 24.0
25 139 25.0
26 146 10.0
26 37 11.0
26 12 12.0
26 13 13.0
26 80 14.0
26 81 15.0
26 82 16.0
26 83 17.0
26 84 18.0
26 85 19.0
26 2 20.0
26 10 21.0
27 144 12.0
27 88 13.0
27 20 14.0
27 19 15.0
27 50 16.0
27 51 17.0
27 52 18.0
27 53 19.0
27 54 20.0
27 55 21.0
27 22 22.0
27 25 23.0
27 91 24.0
27 138 25.0
28 145 12.0
28 92 13.0
28 102 14.0
28 103 15.0
28 104 16.0
28 105 17.0
28 106 18.0
28 107 19.0
28 18 20.0
28 21 21.0
28 89 22.0
28 139 23.0
29 143 16.0
29 90 17.0
29 24 18.0
29 25 19.0
29 56 20.0
29 57 21.0
29 58 22.0
29 59 23.0
29 60 24.0
29 61 25.0
29 20 26.0
29 19 27.0
29 96 28.0
29 97 29.0
29 29 30.0
29 27 31.0
29 33 32.0
29 31 33.0
29 36 34.0
29 141 35.0
30 147 18.0
30 49 19.0
30 16 20.0
30 17 21.0
30 74 22.0
30 75 23.0
30 76 24.0
30 77 25.0
30 78 26.0
30 79 27.0
30 12 28.0
30 13 29.0
30 34 30.0
30 35 31.0
30 141 32.0
31 143 10.0
31 90 11.0
31 24 12.0
31 23 13.0
31 100 14.0
31 101 15.0
31 41 16.0
31 39 17.0
31 45 18.0
31 43 19.0
31 48 20.0
31 142 21.0
32 147 28.0
32 49 29.0
32 16 30.0
32 17 31.0
32 74 32.0
32 75 33.0
32 76 34.0
32 77 35.0
32 78 36.0
32 79 37.0
32 12 38.0
32 13 39.0
32 34 40.0
32 35 41.0
32 141 42.0
33 9 18.0
33 5 19.0
33 114 20.0
33 115 21.0
33 116 22.0
33 117 23.0
33 118 24.0
33 119 25.0
33 0 26.0
33 13 27.0
33 34 28.0
33 35 29.0
33 141 30.0
34 144 18.0
34 88 19.0
34 20 20.0
34 19 21.0
34 96 22.0
34 97 23.0
34 29 24.0
34 27 25.0
34 33 26.0
34 31 27.0
34 36 28.0
34 37 29.0
34 12 30.0
34 1 31.0
34 120 32.0
34 121 33.0
34 122 34.0
34 123 35.0
34 124 36.0
34 125 37.0
34 4 38.0
34 8 39.0
35 143 18.0
35 90 19.0
35 24 20.0
35 23 21.0
35 100 22.0
35 101 23.0
35 41 24.0
35 39 25.0
35 45 26.0
35 43 27.0
35 48 28.0
35 142 29.0
36 144 28.0
36 88 29.0
36 20 30.0
36 19 31.0
36 96 32.0
36 97 33.0
36 29 34.0
36 27 35.0
36 33 36.0
36 31 37.0
36 36 38.0
36 37 39.0
36 12 40.0
36 13 41.0
36 80 42.0
36 81 43.0
36 82 44.0
36 83 45.0
36 84 46.0
36 85 47.0
36 2 48.0
36 10 49.0
37 11 10.0
37 3 11.0
37 62 12.0
37 63 13.0
37 64 14.0
37 65 15.0
37 66 16.0
37 67 17.0
37 0 18.0
37 13 19.0
37 34 20.0
37 35 21.0
37 141 22.0
38 145 14.0
38 92 15.0
38 102 16.0
38 103 17.0
38 104 18.0
38 105 19.0
38 106 20.0
38 107 21.0
38 18 22.0
38 19 23.0
38 50 24.0
38 51 25.0
38 52 26.0
38 53 27.0
38 54 28.0
38 55 29.0
38 22 30.0
38 23 31.0
38 100 32.0
38 101 33.0
38 41 34.0
38 39 35.0
38 45 36.0
38 43 37.0
38 48 38.0
38 142 39.0
39 146 15.0
39 34 16.0
39 35 17.0
39 32 18.0
39 30 19.0
39 28 20.0
39 26 21.0
39 94 22.0
39 95 23.0
39 18 24.0
39 21 25.0
39 89 26.0
39 139 27.0
40 9 20.0
40 5 21.0
40 114 22.0
40 115 23.0
40 116 24.0
40 117 25.0
40 118 26.0
40 119 27.0
40 0 28.0
40 1 29.0
40 68 30.0
40 69 31.0
40 70 32.0
40 71 33.0
40 72 34.0
40 73 35.0
40 14 36.0
40 15 37.0
40 132 38.0
40 133 39.0
40 134 40.0
40 135 41.0
40 136 42.0
40 137 43.0
40 6 44.0
41 11 26.0
41 3 27.0
41 62 28.0
41 63 29.0
41 64 30.0
41 65 31.0
41 66 32.0
41 67 33.0
41 0 34.0
41 13 35.0
41 34 36.0
41 35 37.0
41 141 38.0
42 147 20.0
42 49 21.0
42 16 22.0
42 15 23.0
42 132 24.0
42 133 25.0
42 134 26.0
42 135 27.0
42 136 28.0
42 137 29.0
42 6 30.0
43 144 39.0
43 88 40.0
43 20 41.0
43 19 42.0
43 96 43.0
43 97 44.0
43 29 45.0
43 27 46.0
43 33 47.0
43 31 48.0
43 36 49.0
43 37 50.0
43 12 51.0
43 13 52.0
43 80 53.0
43 81 54.0
43 82 55.0
43 83 56.0
43 84 57.0
43 85 58.0
43 2 59.0
43 10 60.0
44 7 21.0
44 126 22.0
44 127 23.0
44 128 24.0
44 129 25.0
44 130 26.0
44 131 27.0
44 14 28.0
44 17 29.0
44 46 30.0
44 47 31.0
44 44 32.0
44 42 33.0
44 40 34.0
44 38 35.0
44 98 36.0
44 99 37.0
44 22 38.0
44 25 39.0
44 91 40.0
44 138 41.0
45 11 33.0
45 3 34.0
45 62 35.0
45 63 36.0
45 64 37.0
45 65 38.0
45 66 39.0
45 67 40.0
45 0 41.0
45 1 42.0
45 68 43.0
45 69 44.0
45 70 45.0
45 71 46.0
45 72 47.0
45 73 48.0
45 14 49.0
45 17 50.0
45 46 51.0
45 47 52.0
45 142 53.0
46 144 37.0
46 88 38.0
46 20 39.0
46 19 40.0
46 96 41.0
46 97 42.0
46 29 43.0
46 27 44.0
46 33 45.0
46 31 46.0
46 36 47.0
46 37 48.0
46 12 49.0
46 13 50.0
46 80 51.0
46 81 52.0
46 82 53.0
46 83 54.0
46 84 55.0
46 85 56.0
46 2 57.0
46 10 58.0
47 147 26.0
47 46 27.0
47 47 28.0
47 44 29.0
47 42 30.0
47 40 31.0
47 38 32.0
47 98 33.0
47 99 34.0
47 22 35.0
47 25 36.0
47 56 37.0
47 57 38.0
47 58 39.0
47 59 40.0
47 60 41.0
47 61 42.0
47 20 43.0
47 21 44.0
47 89 45.0
47 139 46.0
48 143 20.0
48 90 21.0
48 24 22.0
48 23 23.0
48 100 24.0
48 101 25.0
48 41 26.0
48 39 27.0
48 45 28.0
48 43 29.0
48 48 30.0
48 49 31.0
48 16 32.0
48 15 33.0
48 132 34.0
48 133 35.0
48 134 36.0
48 135 37.0
48 136 38.0
48 137 39.0
48 6 40.0
49 7 27.0
49 126 28.0
49 127 29.0
49 128 30.0
49 129 31.0
49 130 32.0
49 131 33.0
49 14 34.0
49 17 35.0
49 74 36.0
49 75 37.0
49 76 38.0
49 77 39.0
49 78 40.0
49 79 41.0
49 12 42.0
49 13 43.0
49 80 44.0
49 81 45.0
49 82 46.0
49 83 47.0
49 84 48.0
49 85 49.0
49 2 50.0
49 10 51.0
50 9 35.0
50 5 36.0
50 114 37.0
50 115 38.0
50 116 39.0
50 117 40.0
50 118 41.0
50 119 42.0
50 0 43.0
50 1 44.0
50 68 45.0
50 69 46.0
50 70 47.0
50 71 48.0
50 72 49.0
50 73 50.0
50 14 51.0
50 15 52.0
50 132 53.0
50 133 54.0
50 134 55.0
50 135 56.0
50 136 57.0
50 137 58.0
50 6 59.0
51 11 22.0
51 3 23.0
51 62 24.0
51 63 25.0
51 64 26.0
51 65 27.0
51 66 28.0
51 67 29.0
51 0 30.0
51 13 31.0
51 34 32.0
51 35 33.0
51 32 34.0
51 30 35.0
51 28 36.0
51 26 37.0
51 94 38.0
51 95 39.0
51 18 40.0
51 21 41.0
51 89 42.0
51 139 43.0
52 145 27.0
52 92 28.0
52 102 29.0
52 103 30.0
52 104 31.0
52 105 32.0
52 106 33.0
52 107 34.0
52 18 35.0
52 19 36.0
52 96 37.0
52 97 38.0
52 29 39.0
52 27 40.0
52 33 41.0
52 31 42.0
52 36 43.0
52 141 44.0
53 143 22.0
53 90 23.0
53 24 24.0
53 23 25.0
53 100 26.0
53 101 27.0
53 41 28.0
53 39 29.0
53 45 30.0
53 43 31.0
53 48 32.0
53 142 33.0
54 144 22.0
54 88 23.0
54 20 24.0
54 19 25.0
54 50 26.0
54 51 27.0
54 52 28.0
54 53 29.0
54 54 30.0
54 55 31.0
54 22 32.0
54 23 33.0
54 100 34.0
54 101 35.0
54 41 36.0
54 39 37.0
54 45 38.0
54 43 39.0
54 48 40.0
54 142 41.0
55 11 24.0
55 3 25.0
55 62 26.0
55 63 27.0
55 64 28.0
55 65 29.0
55 66 30.0
55 67 31.0
55 0 32.0
55 1 33.0
55 120 34.0
55 121 35.0
55 122 36.0
55 123 37.0
55 124 38.0
55 125 39.0
55 4 40.0
55 8 41.0
56 147 22.0
56 49 23.0
56 16 24.0
56 17 25.0
56 74 26.0
56 75 27.0
56 76 28.0
56 77 29.0
56 78 30.0
56 79 31.0
56 12 32.0
56 13 33.0
56 80 34.0
56 81 35.0
56 82 36.0
56 83 37.0
56 84 38.0
56 85 39.0
56 2 40.0
56 10 41.0
57 9 39.0
57 5 40.0
57 114 41.0
57 115 42.0
57 116 43.0
57 117 44.0
57 118 45.0
57 119 46.0
57 0 47.0
57 13 48.0
57 34 49.0
57 35 50.0
57 141 51.0
58 144 26.0
58 88 27.0
58 20 28.0
58 21 29.0
58 108 30.0
58 109 31.0
58 110 32.0
58 111 33.0
58 112 34.0
58 113 35.0
58 93 36.0
58 140 37.0
59 147 24.0
59 49 25.0
59 16 26.0
59 17 27.0
59 74 28.0
59 75 29.0
59 76 30.0
59 77 31.0
59 78 32.0
59 79 33.0
59 12 34.0
59 1 35.0
59 120 36.0
59 121 37.0
59 122 38.0
59 123 39.0
59 124 40.0
59 125 41.0
59 4 42.0
59 8 43.0
60 147 49.0
60 49 50.0
60 16 51.0
60 17 52.0
60 74 53.0
60 75 54.0
60 76 55.0
60 77 56.0
60 78 57.0
60 79 58.0
60 12 59.0
60 13 60.0
60 80 61.0
60 81 62.0
60 82 63.0
60 83 64.0
60 84 65.0
60 85 66.0
60 2 67.0
60 10 68.0
61 7 38.0
61 126 39.0
61 127 40.0
61 128 41.0
61 129 42.0
61 130 43.0
61 131 44.0
61 14 45.0
61 17 46.0
61 74 47.0
61 75 48.0
61 76 49.0
61 77 50.0
61 78 51.0
61 79 52.0
61 12 53.0
61 13 54.0
61 80 55.0
61 81 56.0
61 82 57.0
61 83 58.0
61 84 59.0
61 85 60.0
61 2 61.0
61 10 62.0
62 144 30.0
62 88 31.0
62 20 32.0
62 19 33.0
62 50 34.0
62 51 35.0
62 52 36.0
62 53 37.0
62 54 38.0
62 55 39.0
62 22 40.0
62 23 41.0
62 100 42.0
62 101 43.0
62 41 44.0
62 39 45.0
62 45 46.0
62 43 47.0
62 48 48.0
62 142 49.0
63 11 31.0
63 3 32.0
63 62 33.0
63 63 34.0
63 64 35.0
63 65 36.0
63 66 37.0
63 67 38.0
63 0 39.0
63 1 40.0
63 68 41.0
63 69 42.0
63 70 43.0
63 71 44.0
63 72 45.0
63 73 46.0
63 14 47.0
63 17 48.0
63 46 49.0
63 47 50.0
63 142 51.0
64 147 39.0
64 46 40.0
64 47 41.0
64 44 42.0
64 42 43.0
64 40 44.0
64 38 45.0
64 98 46.0
64 99 47.0
64 22 48.0
64 25 49.0
64 91 50.0
64 138 51.0
65 9 47.0
65 5 48.0
65 114 49.0
65 115 50.0
65 116 51.0
65 117 52.0
65 118 53.0
65 119 54.0
65 0 55.0
65 13 56.0
65 34 57.0
65 35 58.0
65 32 59.0
65 30 60.0
65 28 61.0
65 26 62.0
65 94 63.0
65 95 64.0
65 18 65.0
65 21 66.0
65 89 67.0
65 139 68.0
66 143 32.0
66 90 33.0
66 24 34.0
66 23 35.0
66 100 36.0
66 101 37.0
66 41 38.0
66 39 39.0
66 45 40.0
66 43 41.0
66 48 42.0
66 49 43.0
66 16 44.0
66 15 45.0
66 132 46.0
66 133 47.0
66 134 48.0
66 135 49.0
66 136 50.0
66 137 51.0
66 6 52.0
67 147 33.0
67 46 34.0
67 47 35.0
67 44 36.0
67 42 37.0
67 40 38.0
67 38 39.0
67 98 40.0
67 99 41.0
67 22 42.0
67 25 43.0
67 91 44.0
67 138 45.0
68 145 37.0
68 92 38.0
68 102 39.0
68 103 40.0
68 104 41.0
68 105 42.0
68 106 43.0
68 107 44.0
68 18 45.0
68 21 46.0
68 89 47.0
68 139 48.0
69 7 32.0
69 126 33.0
69 127 34.0
69 128 35.0
69 129 36.0
69 130 37.0
69 131 38.0
69 14 39.0
69 17 40.0
69 74 41.0
69 75 42.0
69 76 43.0
69 77 44.0
69 78 45.0
69 79 46.0
69 12 47.0
69 1 48.0
69 120 49.0
69 121 50.0
69 122 51.0
69 123 52.0
69 124 53.0
69 125 54.0
69 4 55.0
69 8 56.0
70 144 32.0
70 88 33.0
70 20 34.0
70 21 35.0
70 108 36.0
70 109 37.0
70 110 38.0
70 111 39.0
70 112 40.0
70 113 41.0
70 93 42.0
70 140 43.0
71 144 35.0
71 88 36.0
71 20 37.0
71 19 38.0
71 50 39.0
71 51 40.0
71 52 41.0
71 53 42.0
71 54 43.0
71 55 44.0
71 22 45.0
71 25 46.0
71 91 47.0
71 138 48.0
72 144 44.0
72 88 45.0
72 20 46.0
72 19 47.0
72 96 48.0
72 97 49.0
72 29 50.0
72 27 51.0
72 33 52.0
72 31 53.0
72 36 54.0
72 37 55.0
72 12 56.0
72 1 57.0
72 120 58.0
72 121 59.0
72 122 60.0
72 123 61.0
72 124 62.0
72 125 63.0
72 4 64.0
72 8 65.0
73 143 38.0
73 90 39.0
73 24 40.0
73 25 41.0
73 56 42.0
73 57 43.0
73 58 44.0
73 59 45.0
73 60 46.0
73 61 47.0
73 20 48.0
73 21 49.0
73 108 50.0
73 109 51.0
73 110 52.0
73 111 53.0
73 112 54.0
73 113 55.0
73 93 56.0
73 140 57.0
74 147 35.0
74 49 36.0
74 16 37.0
74 17 38.0
74 74 39.0
74 75 40.0
74 76 41.0
74 77 42.0
74 78 43.0
74 79 44.0
74 12 45.0
74 13 46.0
74 34 47.0
74 35 48.0
74 141 49.0
75 7 34.0
75 126 35.0
75 127 36.0
75 128 37.0
75 129 38.0
75 130 39.0
75 131 40.0
75 14 41.0
75 17 42.0
75 46 43.0
75 47 44.0
75 142 45.0
76 11 37.0
76 3 38.0
76 62 39.0
76 63 40.0
76 64 41.0
76 65 42.0
76 66 43.0
76 67 44.0
76 0 45.0
76 1 46.0
76 120 47.0
76 121 48.0
76 122 49.0
76 123 50.0
76 124 51.0
76 125 52.0
76 4 53.0
76 8 54.0
77 11 49.0
77 3 50.0
77 62 51.0
77 63 52.0
77 64 53.0
77 65 54.0
77 66 55.0
77 67 56.0
77 0 57.0
77 13 58.0
77 34 59.0
77 35 60.0
77 141 61.0
78 11 43.0
78 3 44.0
78 62 45.0
78 63 46.0
78 64 47.0
78 65 48.0
78 66 49.0
78 67 50.0
78 0 51.0
78 1 52.0
78 68 53.0
78 69 54.0
78 70 55.0
78 71 56.0
78 72 57.0
78 73 58.0
78 14 59.0
78 17 60.0
78 46 61.0
78 47 62.0
78 142 63.0
79 145 35.0
79 92 36.0
79 102 37.0
79 103 38.0
79 104 39.0
79 105 40.0
79 106 41.0
79 107 42.0
79 18 43.0
79 19 44.0
79 50 45.0
79 51 46.0
79 52 47.0
79 53 48.0
79 54 49.0
79 55 50.0
79 22 51.0
79 23 52.0
79 100 53.0
79 101 54.0
79 41 55.0
79 39 56.0
79 45 57.0
79 43 58.0
79 48 59.0
79 142 60.0
82 11 45.0
82 3 46.0
82 62 47.0
82 63 48.0
82 64 49.0
82 65 50.0
82 66 51.0
82 67 52.0
82 0 53.0
82 1 54.0
82 68 55.0
82 69 56.0
82 70 57.0
82 71 58.0
82 72 59.0
82 73 60.0
82 14 61.0
82 17 62.0
82 46 63.0
82 47 64.0
82 142 65.0
86 146 43.0
86 34 44.0
86 35 45.0
86 32 46.0
86 30 47.0
86 28 48.0
86 26 49.0
86 94 50.0
86 95 51.0
86 18 52.0
86 21 53.0
86 108 54.0
86 109 55.0
86 110 56.0
86 111 57.0
86 112 58.0
86 113 59.0
86 93 60.0
86 140 61.0
89 9 41.0
89 5 42.0
89 114 43.0
89 115 44.0
89 116 45.0
89 117 46.0
89 118 47.0
89 119 48.0
89 0 49.0
89 1 50.0
89 68 51.0
89 69 52.0
89 70 53.0
89 71 54.0
89 72 55.0
89 73 56.0
89 14 57.0
89 15 58.0
89 132 59.0
89 133 60.0
89 134 61.0
89 135 62.0
89 136 63.0
89 137 64.0
89 6 65.0
90 7 48.0
90 126 49.0
90 127 50.0
90 128 51.0
90 129 52.0
90 130 53.0
90 131 54.0
90 14 55.0
90 17 56.0
90 74 57.0
90 75 58.0
90 76 59.0
90 77 60.0
90 78 61.0
90 79 62.0
90 12 63.0
90 13 64.0
90 80 65.0
90 81 66.0
90 82 67.0
90 83 68.0
90 84 69.0
90 85 70.0
90 2 71.0
90 10 72.0
92 143 48.0
92 90 49.0
92 24 50.0
92 25 51.0
92 56 52.0
92 57 53.0
92 58 54.0
92 59 55.0
92 60 56.0
92 61 57.0
92 20 58.0
92 21 59.0
92 89 60.0
92 139 61.0
94 147 44.0
94 46 45.0
94 47 46.0
94 44 47.0
94 42 48.0
94 40 49.0
94 38 50.0
94 98 51.0
94 99 52.0
94 22 53.0
94 25 54.0
94 56 55.0
94 57 56.0
94 58 57.0
94 59 58.0
94 60 59.0
94 61 60.0
94 20 61.0
94 21 62.0
94 89 63.0
94 139 64.0
95 7 46.0
95 126 47.0
95 127 48.0
95 128 49.0
95 129 50.0
95 130 51.0
95 131 52.0
95 14 53.0
95 17 54.0
95 74 55.0
95 75 56.0
95 76 57.0
95 77 58.0
95 78 59.0
95 79 60.0
95 12 61.0
95 1 62.0
95 120 63.0
95 121 64.0
95 122 65.0
95 123 66.0
95 124 67.0
95 125 68.0
95 4 69.0
95 8 70.0
99 146 41.0
99 34 42.0
99 35 43.0
99 32 44.0
99 30 45.0
99 28 46.0
99 26 47.0
99 94 48.0
99 95 49.0
99 18 50.0
99 21 51.0
99 108 52.0
99 109 53.0
99 110 54.0
99 111 55.0
99 112 56.0
99 113 57.0
99 93 58.0
99 140 59.0
;
param t_hat_lat:=
0 9 8.1
0 5 8.0
0 114 9.0
0 115 10.0
0 116 11.0
0 117 12.0
0 118 13.0
0 119 14.0
0 0 15.0
0 1 16.0
0 68 17.0
0 69 18.0
0 70 19.0
0 71 20.0
0 72 21.0
0 73 22.0
0 14 23.0
0 17 24.0
0 46 25.0
0 47 26.0
0 142 27.0
1 145 3.0
1 92 4.0
1 102 5.0
1 103 6.0
1 104 7.0
1 105 8.0
1 106 9.0
1 107 10.0
1 18 11.0
1 19 12.0
1 96 13.0
1 97 14.0
1 29 15.0
1 27 16.0
1 33 17.0
1 31 18.0
1 36 19.0
1 141 20.0
2 146 4.0
2 37 5.0
2 12 6.0
2 1 7.0
2 120 8.0
2 121 9.0
2 122 10.0
2 123 11.0
2 124 12.0
2 125 13.0
2 4 14.0
2 8 15.0
3 11 3.0
3 3 4.0
3 62 5.0
3 63 6.0
3 64 7.0
3 65 8.0
3 66 9.0
3 67 10.0
3 0 11.0
3 13 12.0
3 34 13.0
3 35 14.0
3 141 15.0
4 145 9.0
4 92 10.0
4 102 11.0
4 103 12.0
4 104 13.0
4 105 14.0
4 106 15.0
4 107 16.0
4 18 17.0
4 21 18.0
4 89 19.0
4 139 20.0
5 144 1.0
5 88 2.0
5 20 3.0
5 19 4.0
5 96 5.0
5 97 6.0
5 29 7.0
5 27 8.0
5 33 9.0
5 31 10.0
5 36 11.0
5 141 12.0
6 146 9.0
6 37 10.0
6 12 11.0
6 1 12.0
6 68 13.0
6 69 14.0
6 70 15.0
6 71 16.0
6 72 17.0
6 73 18.0
6 14 19.0
6 15 20.0
6 132 21.0
6 133 22.0
6 134 23.0
6 135 24.0
6 136 25.0
6 137 26.0
6 6 27.0
7 143 5.0
7 90 6.0
7 24 7.0
7 23 8.0
7 100 9.0
7 101 10.0
7 41 11.0
7 39 12.0
7 45 13.0
7 43 14.0
7 48 15.0
7 49 16.0
7 16 17.0
7 15 18.0
7 132 19.0
7 133 20.0
7 134 21.0
7 135 22.0
7 136 23.0
7 137 24.0
7 6 25.0
8 7 9.0
8 126 10.0
8 127 11.0
8 128 12.0
8 129 13.0
8 130 14.0
8 131 15.0
8 14 16.0
8 17 17.0
8 74 18.0
8 75 19.0
8 76 20.0
8 77 21.0
8 78 22.0
8 79 23.0
8 12 24.0
8 13 25.0
8 34 26.0
8 35 27.0
8 141 28.0
9 7 8.1
9 126 8.0
9 127 9.0
9 128 10.0
9 129 11.0
9 130 12.0
9 131 13.0
9 14 14.0
9 17 15.0
9 74 16.0
9 75 17.0
9 76 18.0
9 77 19.0
9 78 20.0
9 79 21.0
9 12 22.0
9 13 23.0
9 80 24.0
9 81 25.0
9 82 26.0
9 83 27.0
9 84 28.0
9 85 29.0
9 2 30.0
9 10 31.0
10 7 5.0
10 126 6.0
10 127 7.0
10 128 8.0
10 129 9.0
10 130 10.0
10 131 11.0
10 14 12.0
10 17 13.0
10 74 14.0
10 75 15.0
10 76 16.0
10 77 17.0
10 78 18.0
10 79 19.0
10 12 20.0
10 1 21.0
10 120 22.0
10 121 23.0
10 122 24.0
10 123 25.0
10 124 26.0
10 125 27.0
10 4 28.0
10 8 29.0
11 145 1.0
11 92 2.0
11 102 3.0
11 103 4.0
11 104 5.0
11 105 6.0
11 106 7.0
11 107 8.0
11 18 9.0
11 19 10.0
11 50 11.0
11 51 12.0
11 52 13.0
11 53 14.0
11 54 15.0
11 55 16.0
11 22 17.0
11 25 18.0
11 91 19.0
11 138 20.0
12 11 5.0
12 3 6.0
12 62 7.0
12 63 8.0
12 64 9.0
12 65 10.0
12 66 11.0
12 67 12.0
12 0 13.0
12 1 14.0
12 68 15.0
12 69 16.0
12 70 17.0
12 71 18.0
12 72 19.0
12 73 20.0
12 14 21.0
12 15 22.0
12 132 23.0
12 133 24.0
12 134 25.0
12 135 26.0
12 136 27.0
12 137 28.0
12 6 29.0
13 145 5.0
13 92 6.0
13 102 7.0
13 103 8.0
13 104 9.0
13 105 10.0
13 106 11.0
13 107 12.0
13 18 13.0
13 19 14.0
13 50 15.0
13 51 16.0
13 52 17.0
13 53 18.0
13 54 19.0
13 55 20.0
13 22 21.0
13 25 22.0
13 91 23.0
13 138 24.0
14 7 3.0
14 126 4.0
14 127 5.0
14 128 6.0
14 129 7.0
14 130 8.0
14 131 9.0
14 14 10.0
14 17 11.0
14 46 12.0
14 47 13.0
14 142 14.0
15 146 6.0
15 34 7.0
15 35 8.0
15 32 9.0
15 30 10.0
15 28 11.0
15 26 12.0
15 94 13.0
15 95 14.0
15 18 15.0
15 21 16.0
15 89 17.0
15 139 18.0
16 11 9.0
16 3 10.0
16 62 11.0
16 63 12.0
16 64 13.0
16 65 14.0
16 66 15.0
16 67 16.0
16 0 17.0
16 1 18.0
16 68 19.0
16 69 20.0
16 70 21.0
16 71 22.0
16 72 23.0
16 73 24.0
16 14 25.0
16 15 26.0
16 132 27.0
16 133 28.0
16 134 29.0
16 135 30.0
16 136 31.0
16 137 32.0
16 6 33.0
17 7 1.0
17 126 2.0
17 127 3.0
17 128 4.0
17 129 5.0
17 130 6.0
17 131 7.0
17 14 8.0
17 17 9.0
17 46 10.0
17 47 11.0
17 142 12.0
18 11 1.0
18 3 2.0
18 62 3.0
18 63 4.0
18 64 5.0
18 65 6.0
18 66 7.0
18 67 8.0
18 0 9.0
18 1 10.0
18 120 11.0
18 121 12.0
18 122 13.0
18 123 14.0
18 124 15.0
18 125 16.0
18 4 17.0
18 8 18.0
19 143 8.1
19 90 8.0
19 24 9.0
19 25 10.0
19 56 11.0
19 57 12.0
19 58 13.0
19 59 14.0
19 60 15.0
19 61 16.0
19 20 17.0
19 19 18.0
19 96 19.0
19 97 20.0
19 29 21.0
19 27 22.0
19 33 23.0
19 31 24.0
19 36 25.0
19 141 26.0
20 144 17.0
20 88 18.0
20 20 19.0
20 21 20.0
20 108 21.0
20 109 22.0
20 110 23.0
20 111 24.0
20 112 25.0
20 113 26.0
20 93 27.0
20 140 28.0
21 9 29.0
21 5 30.0
21 114 31.0
21 115 32.0
21 116 33.0
21 117 34.0
21 118 35.0
21 119 36.0
21 0 37.0
21 13 38.0
21 34 39.0
21 35 40.0
21 141 41.0
22 147 11.0
22 49 12.0
22 16 13.0
22 15 14.0
22 132 15.0
22 133 16.0
22 134 17.0
22 135 18.0
22 136 19.0
22 137 20.0
22 6 21.0
23 146 18.0
23 34 19.0
23 35 20.0
23 32 21.0
23 30 22.0
23 28 23.0
23 26 24.0
23 94 25.0
23 95 26.0
23 18 27.0
23 21 28.0
23 89 29.0
23 139 30.0
24 144 11.0
24 88 12.0
24 20 13.0
24 21 14.0
24 108 15.0
24 109 16.0
24 110 17.0
24 111 18.0
24 112 19.0
24 113 20.0
24 93 21.0
24 140 22.0
25 143 13.0
25 90 14.0
25 24 15.0
25 25 16.0
25 56 17.0
25 57 18.0
25 58 19.0
25 59 20.0
25 60 21.0
25 61 22.0
25 20 23.0
25 21 24.0
25 89 25.0
25 139 26.0
26 146 11.0
26 37 12.0
26 12 13.0
26 13 14.0
26 80 15.0
26 81 16.0
26 82 17.0
26 83 18.0
26 84 19.0
26 85 20.0
26 2 21.0
26 10 22.0
27 144 13.0
27 88 14.0
27 20 15.0
27 19 16.0
27 50 17.0
27 51 18.0
27 52 19.0
27 53 20.0
27 54 21.0
27 55 22.0
27 22 23.0
27 25 24.0
27 91 25.0
27 138 26.0
28 145 13.0
28 92 14.0
28 102 15.0
28 103 16.0
28 104 17.0
28 105 18.0
28 106 19.0
28 107 20.0
28 18 21.0
28 21 22.0
28 89 23.0
28 139 24.0
29 143 17.0
29 90 18.0
29 24 19.0
29 25 20.0
29 56 21.0
29 57 22.0
29 58 23.0
29 59 24.0
29 60 25.0
29 61 26.0
29 20 27.0
29 19 28.0
29 96 29.0
29 97 30.0
29 29 31.0
29 27 32.0
29 33 33.0
29 31 34.0
29 36 35.0
29 141 36.0
30 147 19.0
30 49 20.0
30 16 21.0
30 17 22.0
30 74 23.0
30 75 24.0
30 76 25.0
30 77 26.0
30 78 27.0
30 79 28.0
30 12 29.0
30 13 30.0
30 34 31.0
30 35 32.0
30 141 33.0
31 143 11.0
31 90 12.0
31 24 13.0
31 23 14.0
31 100 15.0
31 101 16.0
31 41 17.0
31 39 18.0
31 45 19.0
31 43 20.0
31 48 21.0
31 142 22.0
32 147 29.0
32 49 30.0
32 16 31.0
32 17 32.0
32 74 33.0
32 75 34.0
32 76 35.0
32 77 36.0
32 78 37.0
32 79 38.0
32 12 39.0
32 13 40.0
32 34 41.0
32 35 42.0
32 141 43.0
33 9 19.0
33 5 20.0
33 114 21.0
33 115 22.0
33 116 23.0
33 117 24.0
33 118 25.0
33 119 26.0
33 0 27.0
33 13 28.0
33 34 29.0
33 35 30.0
33 141 31.0
34 144 19.0
34 88 20.0
34 20 21.0
34 19 22.0
34 96 23.0
34 97 24.0
34 29 25.0
34 27 26.0
34 33 27.0
34 31 28.0
34 36 29.0
34 37 30.0
34 12 31.0
34 1 32.0
34 120 33.0
34 121 34.0
34 122 35.0
34 123 36.0
34 124 37.0
34 125 38.0
34 4 39.0
34 8 40.0
35 143 19.0
35 90 20.0
35 24 21.0
35 23 22.0
35 100 23.0
35 101 24.0
35 41 25.0
35 39 26.0
35 45 27.0
35 43 28.0
35 48 29.0
35 142 30.0
36 144 29.0
36 88 30.0
36 20 31.0
36 19 32.0
36 96 33.0
36 97 34.0
36 29 35.0
36 27 36.0
36 33 37.0
36 31 38.0
36 36 39.0
36 37 40.0
36 12 41.0
36 13 42.0
36 80 43.0
36 81 44.0
36 82 45.0
36 83 46.0
36 84 47.0
36 85 48.0
36 2 49.0
36 10 50.0
37 11 11.0
37 3 12.0
37 62 13.0
37 63 14.0
37 64 15.0
37 65 16.0
37 66 17.0
37 67 18.0
37 0 19.0
37 13 20.0
37 34 21.0
37 35 22.0
37 141 23.0
38 145 15.0
38 92 16.0
38 102 17.0
38 103 18.0
38 104 19.0
38 105 20.0
38 106 21.0
38 107 22.0
38 18 23.0
38 19 24.0
38 50 25.0
38 51 26.0
38 52 27.0
38 53 28.0
38 54 29.0
38 55 30.0
38 22 31.0
38 23 32.0
38 100 33.0
38 101 34.0
38 41 35.0
38 39 36.0
38 45 37.0
38 43 38.0
38 48 39.0
38 142 40.0
39 146 16.0
39 34 17.0
39 35 18.0
39 32 19.0
39 30 20.0
39 28 21.0
39 26 22.0
39 94 23.0
39 95 24.0
39 18 25.0
39 21 26.0
39 89 27.0
39 139 28.0
40 9 21.0
40 5 22.0
40 114 23.0
40 115 24.0
40 116 25.0
40 117 26.0
40 118 27.0
40 119 28.0
40 0 29.0
40 1 30.0
40 68 31.0
40 69 32.0
40 70 33.0
40 71 34.0
40 72 35.0
40 73 36.0
40 14 37.0
40 15 38.0
40 132 39.0
40 133 40.0
40 134 41.0
40 135 42.0
40 136 43.0
40 137 44.0
40 6 45.0
41 11 27.0
41 3 28.0
41 62 29.0
41 63 30.0
41 64 31.0
41 65 32.0
41 66 33.0
41 67 34.0
41 0 35.0
41 13 36.0
41 34 37.0
41 35 38.0
41 141 39.0
42 147 21.0
42 49 22.0
42 16 23.0
42 15 24.0
42 132 25.0
42 133 26.0
42 134 27.0
42 135 28.0
42 136 29.0
42 137 30.0
42 6 31.0
43 144 40.0
43 88 41.0
43 20 42.0
43 19 43.0
43 96 44.0
43 97 45.0
43 29 46.0
43 27 47.0
43 33 48.0
43 31 49.0
43 36 50.0
43 37 51.0
43 12 52.0
43 13 53.0
43 80 54.0
43 81 55.0
43 82 56.0
43 83 57.0
43 84 58.0
43 85 59.0
43 2 60.0
43 10 61.0
44 7 22.0
44 126 23.0
44 127 24.0
44 128 25.0
44 129 26.0
44 130 27.0
44 131 28.0
44 14 29.0
44 17 30.0
44 46 31.0
44 47 32.0
44 44 33.0
44 42 34.0
44 40 35.0
44 38 36.0
44 98 37.0
44 99 38.0
44 22 39.0
44 25 40.0
44 91 41.0
44 138 42.0
45 11 34.0
45 3 35.0
45 62 36.0
45 63 37.0
45 64 38.0
45 65 39.0
45 66 40.0
45 67 41.0
45 0 42.0
45 1 43.0
45 68 44.0
45 69 45.0
45 70 46.0
45 71 47.0
45 72 48.0
45 73 49.0
45 14 50.0
45 17 51.0
45 46 52.0
45 47 53.0
45 142 54.0
46 144 38.0
46 88 39.0
46 20 40.0
46 19 41.0
46 96 42.0
46 97 43.0
46 29 44.0
46 27 45.0
46 33 46.0
46 31 47.0
46 36 48.0
46 37 49.0
46 12 50.0
46 13 51.0
46 80 52.0
46 81 53.0
46 82 54.0
46 83 55.0
46 84 56.0
46 85 57.0
46 2 58.0
46 10 59.0
47 147 27.0
47 46 28.0
47 47 29.0
47 44 30.0
47 42 31.0
47 40 32.0
47 38 33.0
47 98 34.0
47 99 35.0
47 22 36.0
47 25 37.0
47 56 38.0
47 57 39.0
47 58 40.0
47 59 41.0
47 60 42.0
47 61 43.0
47 20 44.0
47 21 45.0
47 89 46.0
47 139 47.0
48 143 21.0
48 90 22.0
48 24 23.0
48 23 24.0
48 100 25.0
48 101 26.0
48 41 27.0
48 39 28.0
48 45 29.0
48 43 30.0
48 48 31.0
48 49 32.0
48 16 33.0
48 15 34.0
48 132 35.0
48 133 36.0
48 134 37.0
48 135 38.0
48 136 39.0
48 137 40.0
48 6 41.0
49 7 28.0
49 126 29.0
49 127 30.0
49 128 31.0
49 129 32.0
49 130 33.0
49 131 34.0
49 14 35.0
49 17 36.0
49 74 37.0
49 75 38.0
49 76 39.0
49 77 40.0
49 78 41.0
49 79 42.0
49 12 43.0
49 13 44.0
49 80 45.0
49 81 46.0
49 82 47.0
49 83 48.0
49 84 49.0
49 85 50.0
49 2 51.0
49 10 52.0
50 9 36.0
50 5 37.0
50 114 38.0
50 115 39.0
50 116 40.0
50 117 41.0
50 118 42.0
50 119 43.0
50 0 44.0
50 1 45.0
50 68 46.0
50 69 47.0
50 70 48.0
50 71 49.0
50 72 50.0
50 73 51.0
50 14 52.0
50 15 53.0
50 132 54.0
50 133 55.0
50 134 56.0
50 135 57.0
50 136 58.0
50 137 59.0
50 6 60.0
51 11 23.0
51 3 24.0
51 62 25.0
51 63 26.0
51 64 27.0
51 65 28.0
51 66 29.0
51 67 30.0
51 0 31.0
51 13 32.0
51 34 33.0
51 35 34.0
51 32 35.0
51 30 36.0
51 28 37.0
51 26 38.0
51 94 39.0
51 95 40.0
51 18 41.0
51 21 42.0
51 89 43.0
51 139 44.0
52 145 28.0
52 92 29.0
52 102 30.0
52 103 31.0
52 104 32.0
52 105 33.0
52 106 34.0
52 107 35.0
52 18 36.0
52 19 37.0
52 96 38.0
52 97 39.0
52 29 40.0
52 27 41.0
52 33 42.0
52 31 43.0
52 36 44.0
52 141 45.0
53 143 23.0
53 90 24.0
53 24 25.0
53 23 26.0
53 100 27.0
53 101 28.0
53 41 29.0
53 39 30.0
53 45 31.0
53 43 32.0
53 48 33.0
53 142 34.0
54 144 23.0
54 88 24.0
54 20 25.0
54 19 26.0
54 50 27.0
54 51 28.0
54 52 29.0
54 53 30.0
54 54 31.0
54 55 32.0
54 22 33.0
54 23 34.0
54 100 35.0
54 101 36.0
54 41 37.0
54 39 38.0
54 45 39.0
54 43 40.0
54 48 41.0
54 142 42.0
55 11 25.0
55 3 26.0
55 62 27.0
55 63 28.0
55 64 29.0
55 65 30.0
55 66 31.0
55 67 32.0
55 0 33.0
55 1 34.0
55 120 35.0
55 121 36.0
55 122 37.0
55 123 38.0
55 124 39.0
55 125 40.0
55 4 41.0
55 8 42.0
56 147 23.0
56 49 24.0
56 16 25.0
56 17 26.0
56 74 27.0
56 75 28.0
56 76 29.0
56 77 30.0
56 78 31.0
56 79 32.0
56 12 33.0
56 13 34.0
56 80 35.0
56 81 36.0
56 82 37.0
56 83 38.0
56 84 39.0
56 85 40.0
56 2 41.0
56 10 42.0
57 9 40.0
57 5 41.0
57 114 42.0
57 115 43.0
57 116 44.0
57 117 45.0
57 118 46.0
57 119 47.0
57 0 48.0
57 13 49.0
57 34 50.0
57 35 51.0
57 141 52.0
58 144 27.0
58 88 28.0
58 20 29.0
58 21 30.0
58 108 31.0
58 109 32.0
58 110 33.0
58 111 34.0
58 112 35.0
58 113 36.0
58 93 37.0
58 140 38.0
59 147 25.0
59 49 26.0
59 16 27.0
59 17 28.0
59 74 29.0
59 75 30.0
59 76 31.0
59 77 32.0
59 78 33.0
59 79 34.0
59 12 35.0
59 1 36.0
59 120 37.0
59 121 38.0
59 122 39.0
59 123 40.0
59 124 41.0
59 125 42.0
59 4 43.0
59 8 44.0
60 147 50.0
60 49 51.0
60 16 52.0
60 17 53.0
60 74 54.0
60 75 55.0
60 76 56.0
60 77 57.0
60 78 58.0
60 79 59.0
60 12 60.0
60 13 61.0
60 80 62.0
60 81 63.0
60 82 64.0
60 83 65.0
60 84 66.0
60 85 67.0
60 2 68.0
60 10 69.0
61 7 39.0
61 126 40.0
61 127 41.0
61 128 42.0
61 129 43.0
61 130 44.0
61 131 45.0
61 14 46.0
61 17 47.0
61 74 48.0
61 75 49.0
61 76 50.0
61 77 51.0
61 78 52.0
61 79 53.0
61 12 54.0
61 13 55.0
61 80 56.0
61 81 57.0
61 82 58.0
61 83 59.0
61 84 60.0
61 85 61.0
61 2 62.0
61 10 63.0
62 144 31.0
62 88 32.0
62 20 33.0
62 19 34.0
62 50 35.0
62 51 36.0
62 52 37.0
62 53 38.0
62 54 39.0
62 55 40.0
62 22 41.0
62 23 42.0
62 100 43.0
62 101 44.0
62 41 45.0
62 39 46.0
62 45 47.0
62 43 48.0
62 48 49.0
62 142 50.0
63 11 32.0
63 3 33.0
63 62 34.0
63 63 35.0
63 64 36.0
63 65 37.0
63 66 38.0
63 67 39.0
63 0 40.0
63 1 41.0
63 68 42.0
63 69 43.0
63 70 44.0
63 71 45.0
63 72 46.0
63 73 47.0
63 14 48.0
63 17 49.0
63 46 50.0
63 47 51.0
63 142 52.0
64 147 40.0
64 46 41.0
64 47 42.0
64 44 43.0
64 42 44.0
64 40 45.0
64 38 46.0
64 98 47.0
64 99 48.0
64 22 49.0
64 25 50.0
64 91 51.0
64 138 52.0
65 9 48.0
65 5 49.0
65 114 50.0
65 115 51.0
65 116 52.0
65 117 53.0
65 118 54.0
65 119 55.0
65 0 56.0
65 13 57.0
65 34 58.0
65 35 59.0
65 32 60.0
65 30 61.0
65 28 62.0
65 26 63.0
65 94 64.0
65 95 65.0
65 18 66.0
65 21 67.0
65 89 68.0
65 139 69.0
66 143 33.0
66 90 34.0
66 24 35.0
66 23 36.0
66 100 37.0
66 101 38.0
66 41 39.0
66 39 40.0
66 45 41.0
66 43 42.0
66 48 43.0
66 49 44.0
66 16 45.0
66 15 46.0
66 132 47.0
66 133 48.0
66 134 49.0
66 135 50.0
66 136 51.0
66 137 52.0
66 6 53.0
67 147 34.0
67 46 35.0
67 47 36.0
67 44 37.0
67 42 38.0
67 40 39.0
67 38 40.0
67 98 41.0
67 99 42.0
67 22 43.0
67 25 44.0
67 91 45.0
67 138 46.0
68 145 38.0
68 92 39.0
68 102 40.0
68 103 41.0
68 104 42.0
68 105 43.0
68 106 44.0
68 107 45.0
68 18 46.0
68 21 47.0
68 89 48.0
68 139 49.0
69 7 33.0
69 126 34.0
69 127 35.0
69 128 36.0
69 129 37.0
69 130 38.0
69 131 39.0
69 14 40.0
69 17 41.0
69 74 42.0
69 75 43.0
69 76 44.0
69 77 45.0
69 78 46.0
69 79 47.0
69 12 48.0
69 1 49.0
69 120 50.0
69 121 51.0
69 122 52.0
69 123 53.0
69 124 54.0
69 125 55.0
69 4 56.0
69 8 57.0
70 144 33.0
70 88 34.0
70 20 35.0
70 21 36.0
70 108 37.0
70 109 38.0
70 110 39.0
70 111 40.0
70 112 41.0
70 113 42.0
70 93 43.0
70 140 44.0
71 144 36.0
71 88 37.0
71 20 38.0
71 19 39.0
71 50 40.0
71 51 41.0
71 52 42.0
71 53 43.0
71 54 44.0
71 55 45.0
71 22 46.0
71 25 47.0
71 91 48.0
71 138 49.0
72 144 45.0
72 88 46.0
72 20 47.0
72 19 48.0
72 96 49.0
72 97 50.0
72 29 51.0
72 27 52.0
72 33 53.0
72 31 54.0
72 36 55.0
72 37 56.0
72 12 57.0
72 1 58.0
72 120 59.0
72 121 60.0
72 122 61.0
72 123 62.0
72 124 63.0
72 125 64.0
72 4 65.0
72 8 66.0
73 143 39.0
73 90 40.0
73 24 41.0
73 25 42.0
73 56 43.0
73 57 44.0
73 58 45.0
73 59 46.0
73 60 47.0
73 61 48.0
73 20 49.0
73 21 50.0
73 108 51.0
73 109 52.0
73 110 53.0
73 111 54.0
73 112 55.0
73 113 56.0
73 93 57.0
73 140 58.0
74 147 36.0
74 49 37.0
74 16 38.0
74 17 39.0
74 74 40.0
74 75 41.0
74 76 42.0
74 77 43.0
74 78 44.0
74 79 45.0
74 12 46.0
74 13 47.0
74 34 48.0
74 35 49.0
74 141 50.0
75 7 35.0
75 126 36.0
75 127 37.0
75 128 38.0
75 129 39.0
75 130 40.0
75 131 41.0
75 14 42.0
75 17 43.0
75 46 44.0
75 47 45.0
75 142 46.0
76 11 38.0
76 3 39.0
76 62 40.0
76 63 41.0
76 64 42.0
76 65 43.0
76 66 44.0
76 67 45.0
76 0 46.0
76 1 47.0
76 120 48.0
76 121 49.0
76 122 50.0
76 123 51.0
76 124 52.0
76 125 53.0
76 4 54.0
76 8 55.0
77 11 50.0
77 3 51.0
77 62 52.0
77 63 53.0
77 64 54.0
77 65 55.0
77 66 56.0
77 67 57.0
77 0 58.0
77 13 59.0
77 34 60.0
77 35 61.0
77 141 62.0
78 11 44.0
78 3 45.0
78 62 46.0
78 63 47.0
78 64 48.0
78 65 49.0
78 66 50.0
78 67 51.0
78 0 52.0
78 1 53.0
78 68 54.0
78 69 55.0
78 70 56.0
78 71 57.0
78 72 58.0
78 73 59.0
78 14 60.0
78 17 61.0
78 46 62.0
78 47 63.0
78 142 64.0
79 145 36.0
79 92 37.0
79 102 38.0
79 103 39.0
79 104 40.0
79 105 41.0
79 106 42.0
79 107 43.0
79 18 44.0
79 19 45.0
79 50 46.0
79 51 47.0
79 52 48.0
79 53 49.0
79 54 50.0
79 55 51.0
79 22 52.0
79 23 53.0
79 100 54.0
79 101 55.0
79 41 56.0
79 39 57.0
79 45 58.0
79 43 59.0
79 48 60.0
79 142 61.0
82 11 46.0
82 3 47.0
82 62 48.0
82 63 49.0
82 64 50.0
82 65 51.0
82 66 52.0
82 67 53.0
82 0 54.0
82 1 55.0
82 68 56.0
82 69 57.0
82 70 58.0
82 71 59.0
82 72 60.0
82 73 61.0
82 14 62.0
82 17 63.0
82 46 64.0
82 47 65.0
82 142 66.0
86 146 44.0
86 34 45.0
86 35 46.0
86 32 47.0
86 30 48.0
86 28 49.0
86 26 50.0
86 94 51.0
86 95 52.0
86 18 53.0
86 21 54.0
86 108 55.0
86 109 56.0
86 110 57.0
86 111 58.0
86 112 59.0
86 113 60.0
86 93 61.0
86 140 62.0
89 9 42.0
89 5 43.0
89 114 44.0
89 115 45.0
89 116 46.0
89 117 47.0
89 118 48.0
89 119 49.0
89 0 50.0
89 1 51.0
89 68 52.0
89 69 53.0
89 70 54.0
89 71 55.0
89 72 56.0
89 73 57.0
89 14 58.0
89 15 59.0
89 132 60.0
89 133 61.0
89 134 62.0
89 135 63.0
89 136 64.0
89 137 65.0
89 6 66.0
90 7 49.0
90 126 50.0
90 127 51.0
90 128 52.0
90 129 53.0
90 130 54.0
90 131 55.0
90 14 56.0
90 17 57.0
90 74 58.0
90 75 59.0
90 76 60.0
90 77 61.0
90 78 62.0
90 79 63.0
90 12 64.0
90 13 65.0
90 80 66.0
90 81 67.0
90 82 68.0
90 83 69.0
90 84 70.0
90 85 71.0
90 2 72.0
90 10 73.0
92 143 49.0
92 90 50.0
92 24 51.0
92 25 52.0
92 56 53.0
92 57 54.0
92 58 55.0
92 59 56.0
92 60 57.0
92 61 58.0
92 20 59.0
92 21 60.0
92 89 61.0
92 139 62.0
94 147 45.0
94 46 46.0
94 47 47.0
94 44 48.0
94 42 49.0
94 40 50.0
94 38 51.0
94 98 52.0
94 99 53.0
94 22 54.0
94 25 55.0
94 56 56.0
94 57 57.0
94 58 58.0
94 59 59.0
94 60 60.0
94 61 61.0
94 20 62.0
94 21 63.0
94 89 64.0
94 139 65.0
95 7 47.0
95 126 48.0
95 127 49.0
95 128 50.0
95 129 51.0
95 130 52.0
95 131 53.0
95 14 54.0
95 17 55.0
95 74 56.0
95 75 57.0
95 76 58.0
95 77 59.0
95 78 60.0
95 79 61.0
95 12 62.0
95 1 63.0
95 120 64.0
95 121 65.0
95 122 66.0
95 123 67.0
95 124 68.0
95 125 69.0
95 4 70.0
95 8 71.0
99 146 42.0
99 34 43.0
99 35 44.0
99 32 45.0
99 30 46.0
99 28 47.0
99 26 48.0
99 94 49.0
99 95 50.0
99 18 51.0
99 21 52.0
99 108 53.0
99 109 54.0
99 110 55.0
99 111 56.0
99 112 57.0
99 113 58.0
99 93 59.0
99 140 60.0
;
set fixedFlights :=
12 0 1
16 0 1
18 0 1
40 0 1
55 0 1
63 0 1
76 0 1
82 0 1
89 0 1
26 2 10
36 2 10
43 2 10
46 2 10
49 2 10
56 2 10
60 2 10
61 2 10
90 2 10
3 11 3
12 11 3
16 11 3
18 11 3
37 11 3
41 11 3
45 11 3
51 11 3
55 11 3
63 11 3
76 11 3
77 11 3
78 11 3
82 11 3
2 4 8
10 4 8
18 4 8
34 4 8
55 4 8
59 4 8
69 4 8
72 4 8
76 4 8
95 4 8
21 9 5
33 9 5
40 9 5
50 9 5
57 9 5
65 9 5
89 9 5
8 12 13
26 12 13
29 12 13
30 12 13
36 12 13
43 12 13
46 12 13
49 12 13
56 12 13
60 12 13
61 12 13
74 12 13
90 12 13
3 0 13
21 0 13
33 0 13
37 0 13
41 0 13
45 0 13
50 0 13
51 0 13
57 0 13
65 0 13
77 0 13
78 0 13
2 12 1
6 12 1
10 12 1
34 12 1
59 12 1
66 12 1
69 12 1
71 12 1
72 12 1
95 12 1
6 14 15
12 14 15
16 14 15
40 14 15
66 14 15
89 14 15
29 16 17
30 16 17
56 16 17
59 16 17
60 16 17
74 16 17
8 14 17
10 14 17
14 14 17
17 14 17
44 14 17
49 14 17
61 14 17
63 14 17
69 14 17
71 14 17
75 14 17
82 14 17
90 14 17
95 14 17
7 16 15
22 16 15
42 16 15
48 16 15
50 16 15
1 18 19
11 18 19
13 18 19
38 18 19
45 18 19
50 18 19
52 18 19
78 18 19
79 18 19
20 20 21
24 20 21
25 20 21
47 20 21
58 20 21
70 20 21
73 20 21
92 20 21
94 20 21
4 18 21
15 18 21
23 18 21
28 18 21
39 18 21
51 18 21
65 18 21
68 18 21
86 18 21
99 18 21
5 20 19
27 20 19
32 20 19
34 20 19
36 20 19
43 20 19
46 20 19
54 20 19
62 20 19
66 20 19
71 20 19
72 20 19
38 22 23
45 22 23
50 22 23
54 22 23
62 22 23
78 22 23
79 22 23
25 24 25
66 24 25
73 24 25
92 24 25
11 22 25
13 22 25
27 22 25
32 22 25
44 22 25
47 22 25
64 22 25
67 22 25
71 22 25
94 22 25
7 24 23
29 24 23
31 24 23
35 24 23
48 24 23
53 24 23
3 13 34
8 13 34
21 13 34
29 13 34
30 13 34
33 13 34
37 13 34
41 13 34
45 13 34
50 13 34
51 13 34
57 13 34
65 13 34
74 13 34
77 13 34
78 13 34
3 34 35
8 34 35
15 34 35
21 34 35
23 34 35
29 34 35
30 34 35
33 34 35
37 34 35
39 34 35
41 34 35
45 34 35
50 34 35
51 34 35
57 34 35
65 34 35
74 34 35
77 34 35
78 34 35
86 34 35
99 34 35
15 35 32
23 35 32
39 35 32
45 35 32
50 35 32
51 35 32
65 35 32
78 35 32
86 35 32
99 35 32
15 32 30
23 32 30
39 32 30
45 32 30
50 32 30
51 32 30
65 32 30
78 32 30
86 32 30
99 32 30
15 30 28
23 30 28
39 30 28
45 30 28
50 30 28
51 30 28
65 30 28
78 30 28
86 30 28
99 30 28
15 28 26
23 28 26
39 28 26
45 28 26
50 28 26
51 28 26
65 28 26
78 28 26
86 28 26
99 28 26
1 29 27
5 29 27
32 29 27
34 29 27
36 29 27
43 29 27
46 29 27
52 29 27
66 29 27
71 29 27
72 29 27
1 27 33
5 27 33
32 27 33
34 27 33
36 27 33
43 27 33
46 27 33
52 27 33
66 27 33
71 27 33
72 27 33
1 33 31
5 33 31
32 33 31
34 33 31
36 33 31
43 33 31
46 33 31
52 33 31
66 33 31
71 33 31
72 33 31
1 31 36
5 31 36
32 31 36
34 31 36
36 31 36
43 31 36
46 31 36
52 31 36
66 31 36
71 31 36
72 31 36
34 36 37
36 36 37
43 36 37
46 36 37
66 36 37
71 36 37
72 36 37
2 37 12
6 37 12
26 37 12
34 37 12
36 37 12
43 37 12
46 37 12
66 37 12
71 37 12
72 37 12
14 17 46
17 17 46
44 17 46
63 17 46
71 17 46
75 17 46
82 17 46
14 46 47
17 46 47
32 46 47
44 46 47
47 46 47
63 46 47
64 46 47
67 46 47
71 46 47
75 46 47
82 46 47
94 46 47
32 47 44
44 47 44
47 47 44
64 47 44
67 47 44
71 47 44
94 47 44
32 44 42
44 44 42
47 44 42
64 44 42
67 44 42
71 44 42
94 44 42
32 42 40
44 42 40
47 42 40
64 42 40
67 42 40
71 42 40
94 42 40
32 40 38
44 40 38
47 40 38
64 40 38
67 40 38
71 40 38
94 40 38
7 41 39
29 41 39
31 41 39
35 41 39
38 41 39
45 41 39
48 41 39
50 41 39
53 41 39
54 41 39
62 41 39
78 41 39
79 41 39
7 39 45
29 39 45
31 39 45
35 39 45
38 39 45
45 39 45
48 39 45
50 39 45
53 39 45
54 39 45
62 39 45
78 39 45
79 39 45
7 45 43
29 45 43
31 45 43
35 45 43
38 45 43
45 45 43
48 45 43
50 45 43
53 45 43
54 45 43
62 45 43
78 45 43
79 45 43
7 43 48
29 43 48
31 43 48
35 43 48
38 43 48
45 43 48
48 43 48
50 43 48
53 43 48
54 43 48
62 43 48
78 43 48
79 43 48
7 48 49
29 48 49
48 48 49
50 48 49
7 49 16
22 49 16
29 49 16
30 49 16
42 49 16
48 49 16
50 49 16
56 49 16
59 49 16
60 49 16
74 49 16
11 19 50
13 19 50
27 19 50
38 19 50
45 19 50
50 19 50
54 19 50
62 19 50
78 19 50
79 19 50
11 50 51
13 50 51
27 50 51
38 50 51
45 50 51
50 50 51
54 50 51
62 50 51
78 50 51
79 50 51
11 51 52
13 51 52
27 51 52
38 51 52
45 51 52
50 51 52
54 51 52
62 51 52
78 51 52
79 51 52
11 52 53
13 52 53
27 52 53
38 52 53
45 52 53
50 52 53
54 52 53
62 52 53
78 52 53
79 52 53
11 53 54
13 53 54
27 53 54
38 53 54
45 53 54
50 53 54
54 53 54
62 53 54
78 53 54
79 53 54
11 54 55
13 54 55
27 54 55
38 54 55
45 54 55
50 54 55
54 54 55
62 54 55
78 54 55
79 54 55
11 55 22
13 55 22
27 55 22
38 55 22
45 55 22
50 55 22
54 55 22
62 55 22
78 55 22
79 55 22
25 25 56
32 25 56
47 25 56
66 25 56
73 25 56
92 25 56
94 25 56
25 56 57
32 56 57
47 56 57
66 56 57
73 56 57
92 56 57
94 56 57
25 57 58
32 57 58
47 57 58
66 57 58
73 57 58
92 57 58
94 57 58
25 58 59
32 58 59
47 58 59
66 58 59
73 58 59
92 58 59
94 58 59
25 59 60
32 59 60
47 59 60
66 59 60
73 59 60
92 59 60
94 59 60
25 60 61
32 60 61
47 60 61
66 60 61
73 60 61
92 60 61
94 60 61
25 61 20
32 61 20
47 61 20
66 61 20
73 61 20
92 61 20
94 61 20
3 3 62
12 3 62
16 3 62
18 3 62
37 3 62
41 3 62
45 3 62
51 3 62
55 3 62
63 3 62
76 3 62
77 3 62
78 3 62
82 3 62
3 62 63
12 62 63
16 62 63
18 62 63
37 62 63
41 62 63
45 62 63
51 62 63
55 62 63
63 62 63
76 62 63
77 62 63
78 62 63
82 62 63
3 63 64
12 63 64
16 63 64
18 63 64
37 63 64
41 63 64
45 63 64
51 63 64
55 63 64
63 63 64
76 63 64
77 63 64
78 63 64
82 63 64
3 64 65
12 64 65
16 64 65
18 64 65
37 64 65
41 64 65
45 64 65
51 64 65
55 64 65
63 64 65
76 64 65
77 64 65
78 64 65
82 64 65
3 65 66
12 65 66
16 65 66
18 65 66
37 65 66
41 65 66
45 65 66
51 65 66
55 65 66
63 65 66
76 65 66
77 65 66
78 65 66
82 65 66
3 66 67
12 66 67
16 66 67
18 66 67
37 66 67
41 66 67
45 66 67
51 66 67
55 66 67
63 66 67
76 66 67
77 66 67
78 66 67
82 66 67
3 67 0
12 67 0
16 67 0
18 67 0
37 67 0
41 67 0
45 67 0
51 67 0
55 67 0
63 67 0
76 67 0
77 67 0
78 67 0
82 67 0
6 1 68
12 1 68
16 1 68
40 1 68
63 1 68
66 1 68
71 1 68
82 1 68
89 1 68
6 68 69
12 68 69
16 68 69
40 68 69
63 68 69
66 68 69
71 68 69
82 68 69
89 68 69
6 69 70
12 69 70
16 69 70
40 69 70
63 69 70
66 69 70
71 69 70
82 69 70
89 69 70
6 70 71
12 70 71
16 70 71
40 70 71
63 70 71
66 70 71
71 70 71
82 70 71
89 70 71
6 71 72
12 71 72
16 71 72
40 71 72
63 71 72
66 71 72
71 71 72
82 71 72
89 71 72
6 72 73
12 72 73
16 72 73
40 72 73
63 72 73
66 72 73
71 72 73
82 72 73
89 72 73
6 73 14
12 73 14
16 73 14
40 73 14
63 73 14
66 73 14
71 73 14
82 73 14
89 73 14
8 17 74
10 17 74
29 17 74
30 17 74
49 17 74
56 17 74
59 17 74
60 17 74
61 17 74
69 17 74
74 17 74
90 17 74
95 17 74
8 74 75
10 74 75
29 74 75
30 74 75
49 74 75
56 74 75
59 74 75
60 74 75
61 74 75
69 74 75
74 74 75
90 74 75
95 74 75
8 75 76
10 75 76
29 75 76
30 75 76
49 75 76
56 75 76
59 75 76
60 75 76
61 75 76
69 75 76
74 75 76
90 75 76
95 75 76
8 76 77
10 76 77
29 76 77
30 76 77
49 76 77
56 76 77
59 76 77
60 76 77
61 76 77
69 76 77
74 76 77
90 76 77
95 76 77
8 77 78
10 77 78
29 77 78
30 77 78
49 77 78
56 77 78
59 77 78
60 77 78
61 77 78
69 77 78
74 77 78
90 77 78
95 77 78
8 78 79
10 78 79
29 78 79
30 78 79
49 78 79
56 78 79
59 78 79
60 78 79
61 78 79
69 78 79
74 78 79
90 78 79
95 78 79
8 79 12
10 79 12
29 79 12
30 79 12
49 79 12
56 79 12
59 79 12
60 79 12
61 79 12
69 79 12
74 79 12
90 79 12
95 79 12
26 13 80
36 13 80
43 13 80
46 13 80
49 13 80
56 13 80
60 13 80
61 13 80
90 13 80
26 80 81
36 80 81
43 80 81
46 80 81
49 80 81
56 80 81
60 80 81
61 80 81
90 80 81
26 81 82
36 81 82
43 81 82
46 81 82
49 81 82
56 81 82
60 81 82
61 81 82
90 81 82
26 82 83
36 82 83
43 82 83
46 82 83
49 82 83
56 82 83
60 82 83
61 82 83
90 82 83
26 83 84
36 83 84
43 83 84
46 83 84
49 83 84
56 83 84
60 83 84
61 83 84
90 83 84
26 84 85
36 84 85
43 84 85
46 84 85
49 84 85
56 84 85
60 84 85
61 84 85
90 84 85
26 85 2
36 85 2
43 85 2
46 85 2
49 85 2
56 85 2
60 85 2
61 85 2
90 85 2
15 26 94
23 26 94
39 26 94
45 26 94
50 26 94
51 26 94
65 26 94
78 26 94
86 26 94
99 26 94
15 94 95
23 94 95
39 94 95
45 94 95
50 94 95
51 94 95
65 94 95
78 94 95
86 94 95
99 94 95
15 95 18
23 95 18
39 95 18
45 95 18
50 95 18
51 95 18
65 95 18
78 95 18
86 95 18
99 95 18
1 19 96
5 19 96
32 19 96
34 19 96
36 19 96
43 19 96
46 19 96
52 19 96
66 19 96
71 19 96
72 19 96
1 96 97
5 96 97
32 96 97
34 96 97
36 96 97
43 96 97
46 96 97
52 96 97
66 96 97
71 96 97
72 96 97
1 97 29
5 97 29
32 97 29
34 97 29
36 97 29
43 97 29
46 97 29
52 97 29
66 97 29
71 97 29
72 97 29
32 38 98
44 38 98
47 38 98
64 38 98
67 38 98
71 38 98
94 38 98
32 98 99
44 98 99
47 98 99
64 98 99
67 98 99
71 98 99
94 98 99
32 99 22
44 99 22
47 99 22
64 99 22
67 99 22
71 99 22
94 99 22
7 23 100
29 23 100
31 23 100
35 23 100
38 23 100
45 23 100
48 23 100
50 23 100
53 23 100
54 23 100
62 23 100
78 23 100
79 23 100
7 100 101
29 100 101
31 100 101
35 100 101
38 100 101
45 100 101
48 100 101
50 100 101
53 100 101
54 100 101
62 100 101
78 100 101
79 100 101
7 101 41
29 101 41
31 101 41
35 101 41
38 101 41
45 101 41
48 101 41
50 101 41
53 101 41
54 101 41
62 101 41
78 101 41
79 101 41
1 92 102
4 92 102
11 92 102
13 92 102
28 92 102
38 92 102
52 92 102
68 92 102
79 92 102
1 102 103
4 102 103
11 102 103
13 102 103
28 102 103
38 102 103
52 102 103
68 102 103
79 102 103
1 103 104
4 103 104
11 103 104
13 103 104
28 103 104
38 103 104
52 103 104
68 103 104
79 103 104
1 104 105
4 104 105
11 104 105
13 104 105
28 104 105
38 104 105
52 104 105
68 104 105
79 104 105
1 105 106
4 105 106
11 105 106
13 105 106
28 105 106
38 105 106
52 105 106
68 105 106
79 105 106
1 106 107
4 106 107
11 106 107
13 106 107
28 106 107
38 106 107
52 106 107
68 106 107
79 106 107
1 107 18
4 107 18
11 107 18
13 107 18
28 107 18
38 107 18
52 107 18
68 107 18
79 107 18
20 21 108
24 21 108
58 21 108
70 21 108
73 21 108
86 21 108
99 21 108
20 108 109
24 108 109
58 108 109
70 108 109
73 108 109
86 108 109
99 108 109
20 109 110
24 109 110
58 109 110
70 109 110
73 109 110
86 109 110
99 109 110
20 110 111
24 110 111
58 110 111
70 110 111
73 110 111
86 110 111
99 110 111
20 111 112
24 111 112
58 111 112
70 111 112
73 111 112
86 111 112
99 111 112
20 112 113
24 112 113
58 112 113
70 112 113
73 112 113
86 112 113
99 112 113
20 113 93
24 113 93
58 113 93
70 113 93
73 113 93
86 113 93
99 113 93
4 21 89
15 21 89
23 21 89
25 21 89
28 21 89
39 21 89
47 21 89
51 21 89
65 21 89
68 21 89
92 21 89
94 21 89
5 88 20
20 88 20
24 88 20
27 88 20
34 88 20
36 88 20
43 88 20
46 88 20
54 88 20
58 88 20
62 88 20
70 88 20
71 88 20
72 88 20
11 25 91
13 25 91
27 25 91
44 25 91
64 25 91
67 25 91
71 25 91
7 90 24
25 90 24
29 90 24
31 90 24
35 90 24
48 90 24
53 90 24
66 90 24
73 90 24
92 90 24
21 5 114
33 5 114
40 5 114
50 5 114
57 5 114
65 5 114
89 5 114
21 114 115
33 114 115
40 114 115
50 114 115
57 114 115
65 114 115
89 114 115
21 115 116
33 115 116
40 115 116
50 115 116
57 115 116
65 115 116
89 115 116
21 116 117
33 116 117
40 116 117
50 116 117
57 116 117
65 116 117
89 116 117
21 117 118
33 117 118
40 117 118
50 117 118
57 117 118
65 117 118
89 117 118
21 118 119
33 118 119
40 118 119
50 118 119
57 118 119
65 118 119
89 118 119
21 119 0
33 119 0
40 119 0
50 119 0
57 119 0
65 119 0
89 119 0
2 1 120
10 1 120
18 1 120
34 1 120
55 1 120
59 1 120
69 1 120
72 1 120
76 1 120
95 1 120
2 120 121
10 120 121
18 120 121
34 120 121
55 120 121
59 120 121
69 120 121
72 120 121
76 120 121
95 120 121
2 121 122
10 121 122
18 121 122
34 121 122
55 121 122
59 121 122
69 121 122
72 121 122
76 121 122
95 121 122
2 122 123
10 122 123
18 122 123
34 122 123
55 122 123
59 122 123
69 122 123
72 122 123
76 122 123
95 122 123
2 123 124
10 123 124
18 123 124
34 123 124
55 123 124
59 123 124
69 123 124
72 123 124
76 123 124
95 123 124
2 124 125
10 124 125
18 124 125
34 124 125
55 124 125
59 124 125
69 124 125
72 124 125
76 124 125
95 124 125
2 125 4
10 125 4
18 125 4
34 125 4
55 125 4
59 125 4
69 125 4
72 125 4
76 125 4
95 125 4
8 7 126
10 7 126
14 7 126
17 7 126
44 7 126
49 7 126
61 7 126
69 7 126
75 7 126
90 7 126
95 7 126
8 126 127
10 126 127
14 126 127
17 126 127
44 126 127
49 126 127
61 126 127
69 126 127
75 126 127
90 126 127
95 126 127
8 127 128
10 127 128
14 127 128
17 127 128
44 127 128
49 127 128
61 127 128
69 127 128
75 127 128
90 127 128
95 127 128
8 128 129
10 128 129
14 128 129
17 128 129
44 128 129
49 128 129
61 128 129
69 128 129
75 128 129
90 128 129
95 128 129
8 129 130
10 129 130
14 129 130
17 129 130
44 129 130
49 129 130
61 129 130
69 129 130
75 129 130
90 129 130
95 129 130
8 130 131
10 130 131
14 130 131
17 130 131
44 130 131
49 130 131
61 130 131
69 130 131
75 130 131
90 130 131
95 130 131
8 131 14
10 131 14
14 131 14
17 131 14
44 131 14
49 131 14
61 131 14
69 131 14
75 131 14
90 131 14
95 131 14
6 15 132
7 15 132
12 15 132
16 15 132
22 15 132
40 15 132
42 15 132
48 15 132
50 15 132
66 15 132
89 15 132
6 132 133
7 132 133
12 132 133
16 132 133
22 132 133
40 132 133
42 132 133
48 132 133
50 132 133
66 132 133
89 132 133
6 133 134
7 133 134
12 133 134
16 133 134
22 133 134
40 133 134
42 133 134
48 133 134
50 133 134
66 133 134
89 133 134
6 134 135
7 134 135
12 134 135
16 134 135
22 134 135
40 134 135
42 134 135
48 134 135
50 134 135
66 134 135
89 134 135
6 135 136
7 135 136
12 135 136
16 135 136
22 135 136
40 135 136
42 135 136
48 135 136
50 135 136
66 135 136
89 135 136
6 136 137
7 136 137
12 136 137
16 136 137
22 136 137
40 136 137
42 136 137
48 136 137
50 136 137
66 136 137
89 136 137
6 137 6
7 137 6
12 137 6
16 137 6
22 137 6
40 137 6
42 137 6
48 137 6
50 137 6
66 137 6
89 137 6
5 144 88
20 144 88
24 144 88
27 144 88
34 144 88
36 144 88
43 144 88
46 144 88
54 144 88
58 144 88
62 144 88
70 144 88
71 144 88
72 144 88
7 143 90
25 143 90
29 143 90
31 143 90
35 143 90
48 143 90
53 143 90
66 143 90
73 143 90
92 143 90
1 145 92
4 145 92
11 145 92
13 145 92
28 145 92
38 145 92
52 145 92
68 145 92
79 145 92
20 93 140
24 93 140
58 93 140
70 93 140
73 93 140
86 93 140
99 93 140
4 89 139
15 89 139
23 89 139
25 89 139
28 89 139
39 89 139
47 89 139
51 89 139
65 89 139
68 89 139
92 89 139
94 89 139
11 91 138
13 91 138
27 91 138
44 91 138
64 91 138
67 91 138
71 91 138
31 48 142
35 48 142
38 48 142
45 48 142
53 48 142
54 48 142
62 48 142
78 48 142
79 48 142
14 47 142
17 47 142
63 47 142
75 47 142
82 47 142
1 36 141
5 36 141
32 36 141
52 36 141
3 35 141
8 35 141
21 35 141
29 35 141
30 35 141
33 35 141
37 35 141
41 35 141
57 35 141
74 35 141
77 35 141
2 146 37
6 146 37
26 146 37
15 146 34
23 146 34
39 146 34
86 146 34
99 146 34
32 147 46
47 147 46
64 147 46
67 147 46
94 147 46
22 147 49
30 147 49
42 147 49
56 147 49
59 147 49
60 147 49
74 147 49
;
;
set inFlight:=
1
2
3
5
7
10
11
12
13
14
15
17
18
;
param tini := 7.1;
