param nn:= 148;
set F:=
3
4
6
7
9
10
11
13
14
16
17
20
21
22
23
24
25
26
27
28
29
30
31
32
33
34
35
36
37
38
39
40
41
42
43
44
45
46
47
48
49
50
51
52
53
54
55
56
57
58
59
60
61
62
63
65
66
67
68
70
71
72
73
74
75
77
78
79
80
83
84
85
87
89
90
91
92
94
96
98
;
param: E: d:=
0 1 2.500000
2 10 1.500000
11 3 1.500000
4 8 1.500000
9 5 1.500000
12 13 2.500000
0 13 2.500000
12 1 2.500000
14 15 2.500000
16 17 2.500000
14 17 2.500000
16 15 2.500000
18 19 2.500000
20 21 2.500000
18 21 2.500000
20 19 2.500000
22 23 2.500000
24 25 2.500000
22 25 2.500000
24 23 2.500000
13 34 2.500000
34 35 2.500000
35 32 2.500000
32 30 2.500000
30 28 2.500000
28 26 2.500000
29 27 2.500000
27 33 2.500000
33 31 2.500000
31 36 2.500000
36 37 2.500000
37 12 2.500000
17 46 2.500000
46 47 2.500000
47 44 2.500000
44 42 2.500000
42 40 2.500000
40 38 2.500000
41 39 2.500000
39 45 2.500000
45 43 2.500000
43 48 2.500000
48 49 2.500000
49 16 2.500000
19 50 2.500000
50 51 2.500000
51 52 2.500000
52 53 2.500000
53 54 2.500000
54 55 2.500000
55 22 2.500000
25 56 2.500000
56 57 2.500000
57 58 2.500000
58 59 2.500000
59 60 2.500000
60 61 2.500000
61 20 2.500000
3 62 2.500000
62 63 2.500000
63 64 2.500000
64 65 2.500000
65 66 2.500000
66 67 2.500000
67 0 2.500000
1 68 2.500000
68 69 2.500000
69 70 2.500000
70 71 2.500000
71 72 2.500000
72 73 2.500000
73 14 2.500000
17 74 2.500000
74 75 2.500000
75 76 2.500000
76 77 2.500000
77 78 2.500000
78 79 2.500000
79 12 2.500000
13 80 2.500000
80 81 2.500000
81 82 2.500000
82 83 2.500000
83 84 2.500000
84 85 2.500000
85 2 2.500000
26 94 2.500000
94 95 2.500000
95 18 2.500000
19 96 2.500000
96 97 2.500000
97 29 2.500000
38 98 2.500000
98 99 2.500000
99 22 2.500000
23 100 2.500000
100 101 2.500000
101 41 2.500000
92 102 2.500000
102 103 2.500000
103 104 2.500000
104 105 2.500000
105 106 2.500000
106 107 2.500000
107 18 2.500000
21 108 2.500000
108 109 2.500000
109 110 2.500000
110 111 2.500000
111 112 2.500000
112 113 2.500000
113 93 2.500000
21 89 2.500000
88 20 2.500000
25 91 2.500000
90 24 2.500000
5 114 2.500000
114 115 2.500000
115 116 2.500000
116 117 2.500000
117 118 2.500000
118 119 2.500000
119 0 2.500000
1 120 2.500000
120 121 2.500000
121 122 2.500000
122 123 2.500000
123 124 2.500000
124 125 2.500000
125 4 2.500000
7 126 1.500000
126 127 2.500000
127 128 2.500000
128 129 2.500000
129 130 2.500000
130 131 2.500000
131 14 2.500000
15 132 2.500000
132 133 2.500000
133 134 2.500000
134 135 2.500000
135 136 2.500000
136 137 2.500000
137 6 1.500000
87 6 1.500000
7 86 1.500000
144 88 1.500000
143 90 1.500000
145 92 1.500000
93 140 1.500000
89 139 1.500000
91 138 1.500000
48 142 1.500000
47 142 1.500000
36 141 1.500000
35 141 1.500000
146 37 1.500000
146 34 1.500000
147 46 1.500000
147 49 1.500000
;
param s:=
3 146
4 9
6 11
7 144
9 145
10 147
11 11
13 11
14 9
16 145
17 146
20 147
21 144
22 145
23 11
24 145
25 7
26 144
27 145
28 144
29 144
30 11
31 9
32 144
33 7
34 146
35 147
36 7
37 145
38 7
39 143
40 11
41 7
42 145
43 9
44 9
45 7
46 9
47 143
48 7
49 146
50 146
51 144
52 147
53 147
54 145
55 146
56 9
57 11
58 9
59 147
60 147
61 144
62 9
63 11
65 143
66 7
67 143
68 7
70 11
71 9
72 7
73 11
74 144
75 143
77 145
78 145
79 143
80 144
83 7
84 9
85 145
87 145
89 9
90 146
91 144
92 146
94 145
96 144
98 147
;
param e:=
3 140
4 142
6 139
7 10
9 138
10 8
11 6
13 6
14 6
16 142
17 6
20 8
21 8
22 139
23 8
24 139
25 8
26 8
27 138
28 140
29 8
30 6
31 6
32 140
33 138
34 142
35 139
36 8
37 142
38 142
39 6
40 141
41 138
42 141
43 10
44 141
45 8
46 10
47 142
48 141
49 139
50 138
51 8
52 138
53 8
54 141
55 139
56 141
57 6
58 141
59 6
60 6
61 8
62 6
63 8
65 139
66 141
67 142
68 141
70 6
71 10
72 141
73 139
74 10
75 142
77 138
78 138
79 141
80 141
83 8
84 10
85 139
87 138
89 10
90 140
91 140
92 138
94 142
96 142
98 141
;
param v_min:=2.375
;
param v_max:=2.625
;
param :conflictsNodes: angle:=
0 1 13 1.000000
0 13 1 1.000000
0 1 67 1.000000
0 67 1 1.000000
0 1 119 1.000000
0 119 1 1.000000
0 13 67 1.000000
0 67 13 1.000000
0 13 119 1.000000
0 119 13 1.000000
0 67 119 1.000000
0 119 67 1.000000
1 0 68 1.000000
1 68 0 1.000000
1 0 120 1.000000
1 120 0 1.000000
1 0 12 1.000000
1 12 0 1.000000
1 68 120 1.000000
1 120 68 1.000000
1 12 68 1.000000
1 68 12 1.000000
1 12 120 1.000000
1 120 12 1.000000
12 13 37 1.000000
12 37 13 1.000000
12 13 79 1.000000
12 79 13 1.000000
12 1 13 1.000000
12 13 1 1.000000
12 1 37 1.000000
12 37 1 1.000000
12 1 79 1.000000
12 79 1 1.000000
12 37 79 1.000000
12 79 37 1.000000
13 0 12 1.000000
13 12 0 1.000000
13 0 34 1.000000
13 34 0 1.000000
13 0 80 1.000000
13 80 0 1.000000
13 12 34 1.000000
13 34 12 1.000000
13 12 80 1.000000
13 80 12 1.000000
13 34 80 1.000000
13 80 34 1.000000
14 15 17 1.000000
14 17 15 1.000000
14 15 73 1.000000
14 73 15 1.000000
14 15 131 1.000000
14 131 15 1.000000
14 17 73 1.000000
14 73 17 1.000000
14 17 131 1.000000
14 131 17 1.000000
14 73 131 1.000000
14 131 73 1.000000
15 14 132 1.000000
15 132 14 1.000000
15 14 16 1.000000
15 16 14 1.000000
15 16 132 1.000000
15 132 16 1.000000
16 17 49 1.000000
16 49 17 1.000000
16 15 17 1.000000
16 17 15 1.000000
16 15 49 1.000000
16 49 15 1.000000
17 14 16 1.000000
17 16 14 1.000000
17 14 46 1.000000
17 46 14 1.000000
17 14 74 1.000000
17 74 14 1.000000
17 16 46 1.000000
17 46 16 1.000000
17 16 74 1.000000
17 74 16 1.000000
17 46 74 1.000000
17 74 46 1.000000
18 19 21 1.000000
18 21 19 1.000000
18 19 95 1.000000
18 95 19 1.000000
18 19 107 1.000000
18 107 19 1.000000
18 21 95 1.000000
18 95 21 1.000000
18 21 107 1.000000
18 107 21 1.000000
18 95 107 1.000000
18 107 95 1.000000
19 18 50 1.000000
19 50 18 1.000000
19 18 96 1.000000
19 96 18 1.000000
19 18 20 1.000000
19 20 18 1.000000
19 50 96 1.000000
19 96 50 1.000000
19 20 50 1.000000
19 50 20 1.000000
19 20 96 1.000000
19 96 20 1.000000
20 21 61 1.000000
20 61 21 1.000000
20 21 88 1.000000
20 88 21 1.000000
20 19 21 1.000000
20 21 19 1.000000
20 19 61 1.000000
20 61 19 1.000000
20 19 88 1.000000
20 88 19 1.000000
20 61 88 1.000000
20 88 61 1.000000
21 18 20 1.000000
21 20 18 1.000000
21 18 108 1.000000
21 108 18 1.000000
21 18 89 1.000000
21 89 18 1.000000
21 20 108 1.000000
21 108 20 1.000000
21 20 89 1.000000
21 89 20 1.000000
21 89 108 1.000000
21 108 89 1.000000
22 23 25 1.000000
22 25 23 1.000000
22 23 55 1.000000
22 55 23 1.000000
22 23 99 1.000000
22 99 23 1.000000
22 25 55 1.000000
22 55 25 1.000000
22 25 99 1.000000
22 99 25 1.000000
22 55 99 1.000000
22 99 55 1.000000
23 22 100 1.000000
23 100 22 1.000000
23 22 24 1.000000
23 24 22 1.000000
23 24 100 1.000000
23 100 24 1.000000
24 25 90 1.000000
24 90 25 1.000000
24 23 25 1.000000
24 25 23 1.000000
24 23 90 1.000000
24 90 23 1.000000
25 22 24 1.000000
25 24 22 1.000000
25 22 56 1.000000
25 56 22 1.000000
25 22 91 1.000000
25 91 22 1.000000
25 24 56 1.000000
25 56 24 1.000000
25 24 91 1.000000
25 91 24 1.000000
25 56 91 1.000000
25 91 56 1.000000
26 28 94 1.000000
26 94 28 1.000000
27 29 33 1.000000
27 33 29 1.000000
28 26 30 1.000000
28 30 26 1.000000
29 27 97 1.000000
29 97 27 1.000000
30 28 32 1.000000
30 32 28 1.000000
31 33 36 1.000000
31 36 33 1.000000
32 30 35 1.000000
32 35 30 1.000000
33 27 31 1.000000
33 31 27 1.000000
34 13 35 1.000000
34 35 13 1.000000
35 32 34 1.000000
35 34 32 1.000000
36 31 37 1.000000
36 37 31 1.000000
37 12 36 1.000000
37 36 12 1.000000
38 40 98 1.000000
38 98 40 1.000000
39 41 45 1.000000
39 45 41 1.000000
40 38 42 1.000000
40 42 38 1.000000
41 39 101 1.000000
41 101 39 1.000000
42 40 44 1.000000
42 44 40 1.000000
43 45 48 1.000000
43 48 45 1.000000
44 42 47 1.000000
44 47 42 1.000000
45 39 43 1.000000
45 43 39 1.000000
46 17 47 1.000000
46 47 17 1.000000
47 44 46 1.000000
47 46 44 1.000000
48 43 49 1.000000
48 49 43 1.000000
49 16 48 1.000000
49 48 16 1.000000
50 19 51 1.000000
50 51 19 1.000000
51 50 52 1.000000
51 52 50 1.000000
52 51 53 1.000000
52 53 51 1.000000
53 52 54 1.000000
53 54 52 1.000000
54 53 55 1.000000
54 55 53 1.000000
55 22 54 1.000000
55 54 22 1.000000
56 25 57 1.000000
56 57 25 1.000000
57 56 58 1.000000
57 58 56 1.000000
58 57 59 1.000000
58 59 57 1.000000
59 58 60 1.000000
59 60 58 1.000000
60 59 61 1.000000
60 61 59 1.000000
61 20 60 1.000000
61 60 20 1.000000
62 3 63 1.000000
62 63 3 1.000000
63 62 64 1.000000
63 64 62 1.000000
64 63 65 1.000000
64 65 63 1.000000
65 64 66 1.000000
65 66 64 1.000000
66 65 67 1.000000
66 67 65 1.000000
67 0 66 1.000000
67 66 0 1.000000
68 1 69 1.000000
68 69 1 1.000000
69 68 70 1.000000
69 70 68 1.000000
70 69 71 1.000000
70 71 69 1.000000
71 70 72 1.000000
71 72 70 1.000000
72 71 73 1.000000
72 73 71 1.000000
73 14 72 1.000000
73 72 14 1.000000
74 17 75 1.000000
74 75 17 1.000000
75 74 76 1.000000
75 76 74 1.000000
76 75 77 1.000000
76 77 75 1.000000
77 76 78 1.000000
77 78 76 1.000000
78 77 79 1.000000
78 79 77 1.000000
79 12 78 1.000000
79 78 12 1.000000
80 13 81 1.000000
80 81 13 1.000000
81 80 82 1.000000
81 82 80 1.000000
82 81 83 1.000000
82 83 81 1.000000
83 82 84 1.000000
83 84 82 1.000000
84 83 85 1.000000
84 85 83 1.000000
85 2 84 1.000000
85 84 2 1.000000
94 26 95 1.000000
94 95 26 1.000000
95 18 94 1.000000
95 94 18 1.000000
96 19 97 1.000000
96 97 19 1.000000
97 29 96 1.000000
97 96 29 1.000000
98 38 99 1.000000
98 99 38 1.000000
99 22 98 1.000000
99 98 22 1.000000
100 23 101 1.000000
100 101 23 1.000000
101 41 100 1.000000
101 100 41 1.000000
102 92 103 1.000000
102 103 92 1.000000
103 102 104 1.000000
103 104 102 1.000000
104 103 105 1.000000
104 105 103 1.000000
105 104 106 1.000000
105 106 104 1.000000
106 105 107 1.000000
106 107 105 1.000000
107 18 106 1.000000
107 106 18 1.000000
108 21 109 1.000000
108 109 21 1.000000
109 108 110 1.000000
109 110 108 1.000000
110 109 111 1.000000
110 111 109 1.000000
111 110 112 1.000000
111 112 110 1.000000
112 111 113 1.000000
112 113 111 1.000000
113 93 112 1.000000
113 112 93 1.000000
114 5 115 1.000000
114 115 5 1.000000
115 114 116 1.000000
115 116 114 1.000000
116 115 117 1.000000
116 117 115 1.000000
117 116 118 1.000000
117 118 116 1.000000
118 117 119 1.000000
118 119 117 1.000000
119 0 118 1.000000
119 118 0 1.000000
120 1 121 1.000000
120 121 1 1.000000
121 120 122 1.000000
121 122 120 1.000000
122 121 123 1.000000
122 123 121 1.000000
123 122 124 1.000000
123 124 122 1.000000
124 123 125 1.000000
124 125 123 1.000000
125 4 124 1.000000
125 124 4 1.000000
127 126 128 1.000000
127 128 126 1.000000
128 127 129 1.000000
128 129 127 1.000000
129 128 130 1.000000
129 130 128 1.000000
130 129 131 1.000000
130 131 129 1.000000
131 14 130 1.000000
131 130 14 1.000000
132 15 133 1.000000
132 133 15 1.000000
133 132 134 1.000000
133 134 132 1.000000
134 133 135 1.000000
134 135 133 1.000000
135 134 136 1.000000
135 136 134 1.000000
136 135 137 1.000000
136 137 135 1.000000
;
param D:=0.5;
param t_hat_ear:=
3 146 5.0
3 34 6.0
3 35 7.0
3 32 8.0
3 30 9.0
3 28 10.0
3 26 11.0
3 94 12.0
3 95 13.0
3 18 14.0
3 21 15.0
3 108 16.0
3 109 17.0
3 110 18.0
3 111 19.0
3 112 20.0
3 113 21.0
3 93 22.0
3 140 23.0
4 9 18.0
4 5 19.0
4 114 20.0
4 115 21.0
4 116 22.0
4 117 23.0
4 118 24.0
4 119 25.0
4 0 26.0
4 1 27.0
4 68 28.0
4 69 29.0
4 70 30.0
4 71 31.0
4 72 32.0
4 73 33.0
4 14 34.0
4 17 35.0
4 46 36.0
4 47 37.0
4 142 38.0
6 11 6.0
6 3 7.0
6 62 8.0
6 63 9.0
6 64 10.0
6 65 11.0
6 66 12.0
6 67 13.0
6 0 14.0
6 13 15.0
6 34 16.0
6 35 17.0
6 32 18.0
6 30 19.0
6 28 20.0
6 26 21.0
6 94 22.0
6 95 23.0
6 18 24.0
6 21 25.0
6 89 26.0
6 139 27.0
7 144 8.0
7 88 9.0
7 20 10.0
7 19 11.0
7 96 12.0
7 97 13.0
7 29 14.0
7 27 15.0
7 33 16.0
7 31 17.0
7 36 18.0
7 37 19.0
7 12 20.0
7 13 21.0
7 80 22.0
7 81 23.0
7 82 24.0
7 83 25.0
7 84 26.0
7 85 27.0
7 2 28.0
7 10 29.0
9 145 4.0
9 92 5.0
9 102 6.0
9 103 7.0
9 104 8.0
9 105 9.0
9 106 10.0
9 107 11.0
9 18 12.0
9 19 13.0
9 50 14.0
9 51 15.0
9 52 16.0
9 53 17.0
9 54 18.0
9 55 19.0
9 22 20.0
9 25 21.0
9 91 22.0
9 138 23.0
10 147 8.0
10 49 9.0
10 16 10.0
10 17 11.0
10 74 12.0
10 75 13.0
10 76 14.0
10 77 15.0
10 78 16.0
10 79 17.0
10 12 18.0
10 1 19.0
10 120 20.0
10 121 21.0
10 122 22.0
10 123 23.0
10 124 24.0
10 125 25.0
10 4 26.0
10 8 27.0
11 11 0.0
11 3 1.0
11 62 2.0
11 63 3.0
11 64 4.0
11 65 5.0
11 66 6.0
11 67 7.0
11 0 8.0
11 1 9.0
11 68 10.0
11 69 11.0
11 70 12.0
11 71 13.0
11 72 14.0
11 73 15.0
11 14 16.0
11 15 17.0
11 132 18.0
11 133 19.0
11 134 20.0
11 135 21.0
11 136 22.0
11 137 23.0
11 6 24.0
13 11 8.0
13 3 9.0
13 62 10.0
13 63 11.0
13 64 12.0
13 65 13.0
13 66 14.0
13 67 15.0
13 0 16.0
13 1 17.0
13 68 18.0
13 69 19.0
13 70 20.0
13 71 21.0
13 72 22.0
13 73 23.0
13 14 24.0
13 15 25.0
13 132 26.0
13 133 27.0
13 134 28.0
13 135 29.0
13 136 30.0
13 137 31.0
13 6 32.0
14 9 4.0
14 5 5.0
14 114 6.0
14 115 7.0
14 116 8.0
14 117 9.0
14 118 10.0
14 119 11.0
14 0 12.0
14 1 13.0
14 68 14.0
14 69 15.0
14 70 16.0
14 71 17.0
14 72 18.0
14 73 19.0
14 14 20.0
14 15 21.0
14 132 22.0
14 133 23.0
14 134 24.0
14 135 25.0
14 136 26.0
14 137 27.0
14 6 28.0
16 145 8.0
16 92 9.0
16 102 10.0
16 103 11.0
16 104 12.0
16 105 13.0
16 106 14.0
16 107 15.0
16 18 16.0
16 19 17.0
16 50 18.0
16 51 19.0
16 52 20.0
16 53 21.0
16 54 22.0
16 55 23.0
16 22 24.0
16 23 25.0
16 100 26.0
16 101 27.0
16 41 28.0
16 39 29.0
16 45 30.0
16 43 31.0
16 48 32.0
16 142 33.0
17 146 8.0
17 37 9.0
17 12 10.0
17 1 11.0
17 68 12.0
17 69 13.0
17 70 14.0
17 71 15.0
17 72 16.0
17 73 17.0
17 14 18.0
17 15 19.0
17 132 20.0
17 133 21.0
17 134 22.0
17 135 23.0
17 136 24.0
17 137 25.0
17 6 26.0
20 147 18.0
20 49 19.0
20 16 20.0
20 17 21.0
20 74 22.0
20 75 23.0
20 76 24.0
20 77 25.0
20 78 26.0
20 79 27.0
20 12 28.0
20 1 29.0
20 120 30.0
20 121 31.0
20 122 32.0
20 123 33.0
20 124 34.0
20 125 35.0
20 4 36.0
20 8 37.0
21 144 12.0
21 88 13.0
21 20 14.0
21 19 15.0
21 96 16.0
21 97 17.0
21 29 18.0
21 27 19.0
21 33 20.0
21 31 21.0
21 36 22.0
21 37 23.0
21 12 24.0
21 1 25.0
21 120 26.0
21 121 27.0
21 122 28.0
21 123 29.0
21 124 30.0
21 125 31.0
21 4 32.0
21 8 33.0
22 145 12.0
22 92 13.0
22 102 14.0
22 103 15.0
22 104 16.0
22 105 17.0
22 106 18.0
22 107 19.0
22 18 20.0
22 21 21.0
22 89 22.0
22 139 23.0
23 11 28.0
23 3 29.0
23 62 30.0
23 63 31.0
23 64 32.0
23 65 33.0
23 66 34.0
23 67 35.0
23 0 36.0
23 1 37.0
23 120 38.0
23 121 39.0
23 122 40.0
23 123 41.0
23 124 42.0
23 125 43.0
23 4 44.0
23 8 45.0
24 145 14.0
24 92 15.0
24 102 16.0
24 103 17.0
24 104 18.0
24 105 19.0
24 106 20.0
24 107 21.0
24 18 22.0
24 21 23.0
24 89 24.0
24 139 25.0
25 7 19.0
25 126 20.0
25 127 21.0
25 128 22.0
25 129 23.0
25 130 24.0
25 131 25.0
25 14 26.0
25 17 27.0
25 74 28.0
25 75 29.0
25 76 30.0
25 77 31.0
25 78 32.0
25 79 33.0
25 12 34.0
25 1 35.0
25 120 36.0
25 121 37.0
25 122 38.0
25 123 39.0
25 124 40.0
25 125 41.0
25 4 42.0
25 8 43.0
26 144 26.0
26 88 27.0
26 20 28.0
26 19 29.0
26 96 30.0
26 97 31.0
26 29 32.0
26 27 33.0
26 33 34.0
26 31 35.0
26 36 36.0
26 37 37.0
26 12 38.0
26 1 39.0
26 120 40.0
26 121 41.0
26 122 42.0
26 123 43.0
26 124 44.0
26 125 45.0
26 4 46.0
26 8 47.0
27 145 10.0
27 92 11.0
27 102 12.0
27 103 13.0
27 104 14.0
27 105 15.0
27 106 16.0
27 107 17.0
27 18 18.0
27 19 19.0
27 50 20.0
27 51 21.0
27 52 22.0
27 53 23.0
27 54 24.0
27 55 25.0
27 22 26.0
27 25 27.0
27 91 28.0
27 138 29.0
28 144 14.0
28 88 15.0
28 20 16.0
28 21 17.0
28 108 18.0
28 109 19.0
28 110 20.0
28 111 21.0
28 112 22.0
28 113 23.0
28 93 24.0
28 140 25.0
29 144 19.0
29 88 20.0
29 20 21.0
29 19 22.0
29 96 23.0
29 97 24.0
29 29 25.0
29 27 26.0
29 33 27.0
29 31 28.0
29 36 29.0
29 37 30.0
29 12 31.0
29 1 32.0
29 120 33.0
29 121 34.0
29 122 35.0
29 123 36.0
29 124 37.0
29 125 38.0
29 4 39.0
29 8 40.0
30 11 12.0
30 3 13.0
30 62 14.0
30 63 15.0
30 64 16.0
30 65 17.0
30 66 18.0
30 67 19.0
30 0 20.0
30 1 21.0
30 68 22.0
30 69 23.0
30 70 24.0
30 71 25.0
30 72 26.0
30 73 27.0
30 14 28.0
30 15 29.0
30 132 30.0
30 133 31.0
30 134 32.0
30 135 33.0
30 136 34.0
30 137 35.0
30 6 36.0
31 9 14.0
31 5 15.0
31 114 16.0
31 115 17.0
31 116 18.0
31 117 19.0
31 118 20.0
31 119 21.0
31 0 22.0
31 1 23.0
31 68 24.0
31 69 25.0
31 70 26.0
31 71 27.0
31 72 28.0
31 73 29.0
31 14 30.0
31 15 31.0
31 132 32.0
31 133 33.0
31 134 34.0
31 135 35.0
31 136 36.0
31 137 37.0
31 6 38.0
32 144 16.0
32 88 17.0
32 20 18.0
32 21 19.0
32 108 20.0
32 109 21.0
32 110 22.0
32 111 23.0
32 112 24.0
32 113 25.0
32 93 26.0
32 140 27.0
33 7 35.0
33 126 36.0
33 127 37.0
33 128 38.0
33 129 39.0
33 130 40.0
33 131 41.0
33 14 42.0
33 17 43.0
33 46 44.0
33 47 45.0
33 44 46.0
33 42 47.0
33 40 48.0
33 38 49.0
33 98 50.0
33 99 51.0
33 22 52.0
33 25 53.0
33 91 54.0
33 138 55.0
34 146 12.0
34 37 13.0
34 12 14.0
34 1 15.0
34 68 16.0
34 69 17.0
34 70 18.0
34 71 19.0
34 72 20.0
34 73 21.0
34 14 22.0
34 17 23.0
34 46 24.0
34 47 25.0
34 142 26.0
35 147 13.0
35 46 14.0
35 47 15.0
35 44 16.0
35 42 17.0
35 40 18.0
35 38 19.0
35 98 20.0
35 99 21.0
35 22 22.0
35 25 23.0
35 56 24.0
35 57 25.0
35 58 26.0
35 59 27.0
35 60 28.0
35 61 29.0
35 20 30.0
35 21 31.0
35 89 32.0
35 139 33.0
36 7 25.0
36 126 26.0
36 127 27.0
36 128 28.0
36 129 29.0
36 130 30.0
36 131 31.0
36 14 32.0
36 17 33.0
36 74 34.0
36 75 35.0
36 76 36.0
36 77 37.0
36 78 38.0
36 79 39.0
36 12 40.0
36 1 41.0
36 120 42.0
36 121 43.0
36 122 44.0
36 123 45.0
36 124 46.0
36 125 47.0
36 4 48.0
36 8 49.0
37 145 18.0
37 92 19.0
37 102 20.0
37 103 21.0
37 104 22.0
37 105 23.0
37 106 24.0
37 107 25.0
37 18 26.0
37 19 27.0
37 50 28.0
37 51 29.0
37 52 30.0
37 53 31.0
37 54 32.0
37 55 33.0
37 22 34.0
37 23 35.0
37 100 36.0
37 101 37.0
37 41 38.0
37 39 39.0
37 45 40.0
37 43 41.0
37 48 42.0
37 142 43.0
38 7 29.0
38 126 30.0
38 127 31.0
38 128 32.0
38 129 33.0
38 130 34.0
38 131 35.0
38 14 36.0
38 17 37.0
38 46 38.0
38 47 39.0
38 142 40.0
39 143 10.0
39 90 11.0
39 24 12.0
39 23 13.0
39 100 14.0
39 101 15.0
39 41 16.0
39 39 17.0
39 45 18.0
39 43 19.0
39 48 20.0
39 49 21.0
39 16 22.0
39 15 23.0
39 132 24.0
39 133 25.0
39 134 26.0
39 135 27.0
39 136 28.0
39 137 29.0
39 6 30.0
40 11 24.0
40 3 25.0
40 62 26.0
40 63 27.0
40 64 28.0
40 65 29.0
40 66 30.0
40 67 31.0
40 0 32.0
40 13 33.0
40 34 34.0
40 35 35.0
40 141 36.0
41 7 31.0
41 126 32.0
41 127 33.0
41 128 34.0
41 129 35.0
41 130 36.0
41 131 37.0
41 14 38.0
41 17 39.0
41 46 40.0
41 47 41.0
41 44 42.0
41 42 43.0
41 40 44.0
41 38 45.0
41 98 46.0
41 99 47.0
41 22 48.0
41 25 49.0
41 91 50.0
41 138 51.0
42 145 24.0
42 92 25.0
42 102 26.0
42 103 27.0
42 104 28.0
42 105 29.0
42 106 30.0
42 107 31.0
42 18 32.0
42 19 33.0
42 96 34.0
42 97 35.0
42 29 36.0
42 27 37.0
42 33 38.0
42 31 39.0
42 36 40.0
42 141 41.0
43 9 20.0
43 5 21.0
43 114 22.0
43 115 23.0
43 116 24.0
43 117 25.0
43 118 26.0
43 119 27.0
43 0 28.0
43 13 29.0
43 80 30.0
43 81 31.0
43 82 32.0
43 83 33.0
43 84 34.0
43 85 35.0
43 2 36.0
43 10 37.0
44 9 23.1
44 5 23.0
44 114 24.0
44 115 25.0
44 116 26.0
44 117 27.0
44 118 28.0
44 119 29.0
44 0 30.0
44 13 31.0
44 34 32.0
44 35 33.0
44 141 34.0
45 7 39.0
45 126 40.0
45 127 41.0
45 128 42.0
45 129 43.0
45 130 44.0
45 131 45.0
45 14 46.0
45 17 47.0
45 74 48.0
45 75 49.0
45 76 50.0
45 77 51.0
45 78 52.0
45 79 53.0
45 12 54.0
45 1 55.0
45 120 56.0
45 121 57.0
45 122 58.0
45 123 59.0
45 124 60.0
45 125 61.0
45 4 62.0
45 8 63.0
46 9 26.0
46 5 27.0
46 114 28.0
46 115 29.0
46 116 30.0
46 117 31.0
46 118 32.0
46 119 33.0
46 0 34.0
46 13 35.0
46 80 36.0
46 81 37.0
46 82 38.0
46 83 39.0
46 84 40.0
46 85 41.0
46 2 42.0
46 10 43.0
47 143 20.0
47 90 21.0
47 24 22.0
47 23 23.0
47 100 24.0
47 101 25.0
47 41 26.0
47 39 27.0
47 45 28.0
47 43 29.0
47 48 30.0
47 142 31.0
48 7 37.0
48 126 38.0
48 127 39.0
48 128 40.0
48 129 41.0
48 130 42.0
48 131 43.0
48 14 44.0
48 17 45.0
48 74 46.0
48 75 47.0
48 76 48.0
48 77 49.0
48 78 50.0
48 79 51.0
48 12 52.0
48 13 53.0
48 34 54.0
48 35 55.0
48 141 56.0
49 146 25.0
49 34 26.0
49 35 27.0
49 32 28.0
49 30 29.0
49 28 30.0
49 26 31.0
49 94 32.0
49 95 33.0
49 18 34.0
49 21 35.0
49 89 36.0
49 139 37.0
50 146 29.0
50 34 30.0
50 35 31.0
50 32 32.0
50 30 33.0
50 28 34.0
50 26 35.0
50 94 36.0
50 95 37.0
50 18 38.0
50 19 39.0
50 50 40.0
50 51 41.0
50 52 42.0
50 53 43.0
50 54 44.0
50 55 45.0
50 22 46.0
50 25 47.0
50 91 48.0
50 138 49.0
51 144 38.0
51 88 39.0
51 20 40.0
51 19 41.0
51 96 42.0
51 97 43.0
51 29 44.0
51 27 45.0
51 33 46.0
51 31 47.0
51 36 48.0
51 37 49.0
51 12 50.0
51 1 51.0
51 120 52.0
51 121 53.0
51 122 54.0
51 123 55.0
51 124 56.0
51 125 57.0
51 4 58.0
51 8 59.0
52 147 20.0
52 46 21.0
52 47 22.0
52 44 23.0
52 42 24.0
52 40 25.0
52 38 26.0
52 98 27.0
52 99 28.0
52 22 29.0
52 25 30.0
52 91 31.0
52 138 32.0
53 147 38.0
53 49 39.0
53 16 40.0
53 17 41.0
53 74 42.0
53 75 43.0
53 76 44.0
53 77 45.0
53 78 46.0
53 79 47.0
53 12 48.0
53 1 49.0
53 120 50.0
53 121 51.0
53 122 52.0
53 123 53.0
53 124 54.0
53 125 55.0
53 4 56.0
53 8 57.0
54 145 23.1
54 92 23.0
54 102 24.0
54 103 25.0
54 104 26.0
54 105 27.0
54 106 28.0
54 107 29.0
54 18 30.0
54 19 31.0
54 96 32.0
54 97 33.0
54 29 34.0
54 27 35.0
54 33 36.0
54 31 37.0
54 36 38.0
54 141 39.0
55 146 27.0
55 34 28.0
55 35 29.0
55 32 30.0
55 30 31.0
55 28 32.0
55 26 33.0
55 94 34.0
55 95 35.0
55 18 36.0
55 21 37.0
55 89 38.0
55 139 39.0
56 9 32.0
56 5 33.0
56 114 34.0
56 115 35.0
56 116 36.0
56 117 37.0
56 118 38.0
56 119 39.0
56 0 40.0
56 13 41.0
56 34 42.0
56 35 43.0
56 141 44.0
57 11 34.0
57 3 35.0
57 62 36.0
57 63 37.0
57 64 38.0
57 65 39.0
57 66 40.0
57 67 41.0
57 0 42.0
57 1 43.0
57 68 44.0
57 69 45.0
57 70 46.0
57 71 47.0
57 72 48.0
57 73 49.0
57 14 50.0
57 15 51.0
57 132 52.0
57 133 53.0
57 134 54.0
57 135 55.0
57 136 56.0
57 137 57.0
57 6 58.0
58 9 36.0
58 5 37.0
58 114 38.0
58 115 39.0
58 116 40.0
58 117 41.0
58 118 42.0
58 119 43.0
58 0 44.0
58 13 45.0
58 34 46.0
58 35 47.0
58 141 48.0
59 147 24.0
59 49 25.0
59 16 26.0
59 15 27.0
59 132 28.0
59 133 29.0
59 134 30.0
59 135 31.0
59 136 32.0
59 137 33.0
59 6 34.0
60 147 36.0
60 49 37.0
60 16 38.0
60 15 39.0
60 132 40.0
60 133 41.0
60 134 42.0
60 135 43.0
60 136 44.0
60 137 45.0
60 6 46.0
61 144 32.0
61 88 33.0
61 20 34.0
61 19 35.0
61 96 36.0
61 97 37.0
61 29 38.0
61 27 39.0
61 33 40.0
61 31 41.0
61 36 42.0
61 37 43.0
61 12 44.0
61 1 45.0
61 120 46.0
61 121 47.0
61 122 48.0
61 123 49.0
61 124 50.0
61 125 51.0
61 4 52.0
61 8 53.0
62 9 49.0
62 5 50.0
62 114 51.0
62 115 52.0
62 116 53.0
62 117 54.0
62 118 55.0
62 119 56.0
62 0 57.0
62 1 58.0
62 68 59.0
62 69 60.0
62 70 61.0
62 71 62.0
62 72 63.0
62 73 64.0
62 14 65.0
62 15 66.0
62 132 67.0
62 133 68.0
62 134 69.0
62 135 70.0
62 136 71.0
62 137 72.0
62 6 73.0
63 11 38.0
63 3 39.0
63 62 40.0
63 63 41.0
63 64 42.0
63 65 43.0
63 66 44.0
63 67 45.0
63 0 46.0
63 1 47.0
63 120 48.0
63 121 49.0
63 122 50.0
63 123 51.0
63 124 52.0
63 125 53.0
63 4 54.0
63 8 55.0
65 143 32.0
65 90 33.0
65 24 34.0
65 25 35.0
65 56 36.0
65 57 37.0
65 58 38.0
65 59 39.0
65 60 40.0
65 61 41.0
65 20 42.0
65 21 43.0
65 89 44.0
65 139 45.0
66 7 41.0
66 126 42.0
66 127 43.0
66 128 44.0
66 129 45.0
66 130 46.0
66 131 47.0
66 14 48.0
66 17 49.0
66 74 50.0
66 75 51.0
66 76 52.0
66 77 53.0
66 78 54.0
66 79 55.0
66 12 56.0
66 13 57.0
66 34 58.0
66 35 59.0
66 141 60.0
67 143 37.0
67 90 38.0
67 24 39.0
67 23 40.0
67 100 41.0
67 101 42.0
67 41 43.0
67 39 44.0
67 45 45.0
67 43 46.0
67 48 47.0
67 142 48.0
68 7 49.0
68 126 50.0
68 127 51.0
68 128 52.0
68 129 53.0
68 130 54.0
68 131 55.0
68 14 56.0
68 17 57.0
68 74 58.0
68 75 59.0
68 76 60.0
68 77 61.0
68 78 62.0
68 79 63.0
68 12 64.0
68 13 65.0
68 34 66.0
68 35 67.0
68 141 68.0
70 11 44.0
70 3 45.0
70 62 46.0
70 63 47.0
70 64 48.0
70 65 49.0
70 66 50.0
70 67 51.0
70 0 52.0
70 1 53.0
70 68 54.0
70 69 55.0
70 70 56.0
70 71 57.0
70 72 58.0
70 73 59.0
70 14 60.0
70 15 61.0
70 132 62.0
70 133 63.0
70 134 64.0
70 135 65.0
70 136 66.0
70 137 67.0
70 6 68.0
71 9 30.0
71 5 31.0
71 114 32.0
71 115 33.0
71 116 34.0
71 117 35.0
71 118 36.0
71 119 37.0
71 0 38.0
71 13 39.0
71 80 40.0
71 81 41.0
71 82 42.0
71 83 43.0
71 84 44.0
71 85 45.0
71 2 46.0
71 10 47.0
72 7 45.0
72 126 46.0
72 127 47.0
72 128 48.0
72 129 49.0
72 130 50.0
72 131 51.0
72 14 52.0
72 17 53.0
72 74 54.0
72 75 55.0
72 76 56.0
72 77 57.0
72 78 58.0
72 79 59.0
72 12 60.0
72 13 61.0
72 34 62.0
72 35 63.0
72 141 64.0
73 11 46.0
73 3 47.0
73 62 48.0
73 63 49.0
73 64 50.0
73 65 51.0
73 66 52.0
73 67 53.0
73 0 54.0
73 13 55.0
73 34 56.0
73 35 57.0
73 32 58.0
73 30 59.0
73 28 60.0
73 26 61.0
73 94 62.0
73 95 63.0
73 18 64.0
73 21 65.0
73 89 66.0
73 139 67.0
74 144 34.0
74 88 35.0
74 20 36.0
74 19 37.0
74 96 38.0
74 97 39.0
74 29 40.0
74 27 41.0
74 33 42.0
74 31 43.0
74 36 44.0
74 37 45.0
74 12 46.0
74 13 47.0
74 80 48.0
74 81 49.0
74 82 50.0
74 83 51.0
74 84 52.0
74 85 53.0
74 2 54.0
74 10 55.0
75 143 34.0
75 90 35.0
75 24 36.0
75 23 37.0
75 100 38.0
75 101 39.0
75 41 40.0
75 39 41.0
75 45 42.0
75 43 43.0
75 48 44.0
75 142 45.0
77 145 39.0
77 92 40.0
77 102 41.0
77 103 42.0
77 104 43.0
77 105 44.0
77 106 45.0
77 107 46.0
77 18 47.0
77 19 48.0
77 50 49.0
77 51 50.0
77 52 51.0
77 53 52.0
77 54 53.0
77 55 54.0
77 22 55.0
77 25 56.0
77 91 57.0
77 138 58.0
78 145 34.0
78 92 35.0
78 102 36.0
78 103 37.0
78 104 38.0
78 105 39.0
78 106 40.0
78 107 41.0
78 18 42.0
78 19 43.0
78 50 44.0
78 51 45.0
78 52 46.0
78 53 47.0
78 54 48.0
78 55 49.0
78 22 50.0
78 25 51.0
78 91 52.0
78 138 53.0
79 143 39.0
79 90 40.0
79 24 41.0
79 25 42.0
79 56 43.0
79 57 44.0
79 58 45.0
79 59 46.0
79 60 47.0
79 61 48.0
79 20 49.0
79 19 50.0
79 96 51.0
79 97 52.0
79 29 53.0
79 27 54.0
79 33 55.0
79 31 56.0
79 36 57.0
79 141 58.0
80 144 42.0
80 88 43.0
80 20 44.0
80 19 45.0
80 96 46.0
80 97 47.0
80 29 48.0
80 27 49.0
80 33 50.0
80 31 51.0
80 36 52.0
80 141 53.0
83 7 47.0
83 126 48.0
83 127 49.0
83 128 50.0
83 129 51.0
83 130 52.0
83 131 53.0
83 14 54.0
83 17 55.0
83 74 56.0
83 75 57.0
83 76 58.0
83 77 59.0
83 78 60.0
83 79 61.0
83 12 62.0
83 1 63.0
83 120 64.0
83 121 65.0
83 122 66.0
83 123 67.0
83 124 68.0
83 125 69.0
83 4 70.0
83 8 71.0
84 9 40.0
84 5 41.0
84 114 42.0
84 115 43.0
84 116 44.0
84 117 45.0
84 118 46.0
84 119 47.0
84 0 48.0
84 13 49.0
84 80 50.0
84 81 51.0
84 82 52.0
84 83 53.0
84 84 54.0
84 85 55.0
84 2 56.0
84 10 57.0
85 145 41.0
85 92 42.0
85 102 43.0
85 103 44.0
85 104 45.0
85 105 46.0
85 106 47.0
85 107 48.0
85 18 49.0
85 21 50.0
85 89 51.0
85 139 52.0
87 145 46.0
87 92 47.0
87 102 48.0
87 103 49.0
87 104 50.0
87 105 51.0
87 106 52.0
87 107 53.0
87 18 54.0
87 19 55.0
87 50 56.0
87 51 57.0
87 52 58.0
87 53 59.0
87 54 60.0
87 55 61.0
87 22 62.0
87 25 63.0
87 91 64.0
87 138 65.0
89 9 42.0
89 5 43.0
89 114 44.0
89 115 45.0
89 116 46.0
89 117 47.0
89 118 48.0
89 119 49.0
89 0 50.0
89 13 51.0
89 80 52.0
89 81 53.0
89 82 54.0
89 83 55.0
89 84 56.0
89 85 57.0
89 2 58.0
89 10 59.0
90 146 43.0
90 34 44.0
90 35 45.0
90 32 46.0
90 30 47.0
90 28 48.0
90 26 49.0
90 94 50.0
90 95 51.0
90 18 52.0
90 21 53.0
90 108 54.0
90 109 55.0
90 110 56.0
90 111 57.0
90 112 58.0
90 113 59.0
90 93 60.0
90 140 61.0
91 144 44.0
91 88 45.0
91 20 46.0
91 21 47.0
91 108 48.0
91 109 49.0
91 110 50.0
91 111 51.0
91 112 52.0
91 113 53.0
91 93 54.0
91 140 55.0
92 146 49.0
92 34 50.0
92 35 51.0
92 32 52.0
92 30 53.0
92 28 54.0
92 26 55.0
92 94 56.0
92 95 57.0
92 18 58.0
92 19 59.0
92 50 60.0
92 51 61.0
92 52 62.0
92 53 63.0
92 54 64.0
92 55 65.0
92 22 66.0
92 25 67.0
92 91 68.0
92 138 69.0
94 145 48.0
94 92 49.0
94 102 50.0
94 103 51.0
94 104 52.0
94 105 53.0
94 106 54.0
94 107 55.0
94 18 56.0
94 19 57.0
94 50 58.0
94 51 59.0
94 52 60.0
94 53 61.0
94 54 62.0
94 55 63.0
94 22 64.0
94 23 65.0
94 100 66.0
94 101 67.0
94 41 68.0
94 39 69.0
94 45 70.0
94 43 71.0
94 48 72.0
94 142 73.0
96 144 49.0
96 88 50.0
96 20 51.0
96 19 52.0
96 50 53.0
96 51 54.0
96 52 55.0
96 53 56.0
96 54 57.0
96 55 58.0
96 22 59.0
96 23 60.0
96 100 61.0
96 101 62.0
96 41 63.0
96 39 64.0
96 45 65.0
96 43 66.0
96 48 67.0
96 142 68.0
98 147 48.0
98 49 49.0
98 16 50.0
98 17 51.0
98 74 52.0
98 75 53.0
98 76 54.0
98 77 55.0
98 78 56.0
98 79 57.0
98 12 58.0
98 13 59.0
98 34 60.0
98 35 61.0
98 141 62.0
;
param t_hat_lat:=
3 146 6.0
3 34 7.0
3 35 8.0
3 32 9.0
3 30 10.0
3 28 11.0
3 26 12.0
3 94 13.0
3 95 14.0
3 18 15.0
3 21 16.0
3 108 17.0
3 109 18.0
3 110 19.0
3 111 20.0
3 112 21.0
3 113 22.0
3 93 23.0
3 140 24.0
4 9 19.0
4 5 20.0
4 114 21.0
4 115 22.0
4 116 23.0
4 117 24.0
4 118 25.0
4 119 26.0
4 0 27.0
4 1 28.0
4 68 29.0
4 69 30.0
4 70 31.0
4 71 32.0
4 72 33.0
4 73 34.0
4 14 35.0
4 17 36.0
4 46 37.0
4 47 38.0
4 142 39.0
6 11 7.0
6 3 8.0
6 62 9.0
6 63 10.0
6 64 11.0
6 65 12.0
6 66 13.0
6 67 14.0
6 0 15.0
6 13 16.0
6 34 17.0
6 35 18.0
6 32 19.0
6 30 20.0
6 28 21.0
6 26 22.0
6 94 23.0
6 95 24.0
6 18 25.0
6 21 26.0
6 89 27.0
6 139 28.0
7 144 9.0
7 88 10.0
7 20 11.0
7 19 12.0
7 96 13.0
7 97 14.0
7 29 15.0
7 27 16.0
7 33 17.0
7 31 18.0
7 36 19.0
7 37 20.0
7 12 21.0
7 13 22.0
7 80 23.0
7 81 24.0
7 82 25.0
7 83 26.0
7 84 27.0
7 85 28.0
7 2 29.0
7 10 30.0
9 145 5.0
9 92 6.0
9 102 7.0
9 103 8.0
9 104 9.0
9 105 10.0
9 106 11.0
9 107 12.0
9 18 13.0
9 19 14.0
9 50 15.0
9 51 16.0
9 52 17.0
9 53 18.0
9 54 19.0
9 55 20.0
9 22 21.0
9 25 22.0
9 91 23.0
9 138 24.0
10 147 9.0
10 49 10.0
10 16 11.0
10 17 12.0
10 74 13.0
10 75 14.0
10 76 15.0
10 77 16.0
10 78 17.0
10 79 18.0
10 12 19.0
10 1 20.0
10 120 21.0
10 121 22.0
10 122 23.0
10 123 24.0
10 124 25.0
10 125 26.0
10 4 27.0
10 8 28.0
11 11 1.0
11 3 2.0
11 62 3.0
11 63 4.0
11 64 5.0
11 65 6.0
11 66 7.0
11 67 8.0
11 0 9.0
11 1 10.0
11 68 11.0
11 69 12.0
11 70 13.0
11 71 14.0
11 72 15.0
11 73 16.0
11 14 17.0
11 15 18.0
11 132 19.0
11 133 20.0
11 134 21.0
11 135 22.0
11 136 23.0
11 137 24.0
11 6 25.0
13 11 9.0
13 3 10.0
13 62 11.0
13 63 12.0
13 64 13.0
13 65 14.0
13 66 15.0
13 67 16.0
13 0 17.0
13 1 18.0
13 68 19.0
13 69 20.0
13 70 21.0
13 71 22.0
13 72 23.0
13 73 24.0
13 14 25.0
13 15 26.0
13 132 27.0
13 133 28.0
13 134 29.0
13 135 30.0
13 136 31.0
13 137 32.0
13 6 33.0
14 9 5.0
14 5 6.0
14 114 7.0
14 115 8.0
14 116 9.0
14 117 10.0
14 118 11.0
14 119 12.0
14 0 13.0
14 1 14.0
14 68 15.0
14 69 16.0
14 70 17.0
14 71 18.0
14 72 19.0
14 73 20.0
14 14 21.0
14 15 22.0
14 132 23.0
14 133 24.0
14 134 25.0
14 135 26.0
14 136 27.0
14 137 28.0
14 6 29.0
16 145 9.0
16 92 10.0
16 102 11.0
16 103 12.0
16 104 13.0
16 105 14.0
16 106 15.0
16 107 16.0
16 18 17.0
16 19 18.0
16 50 19.0
16 51 20.0
16 52 21.0
16 53 22.0
16 54 23.0
16 55 24.0
16 22 25.0
16 23 26.0
16 100 27.0
16 101 28.0
16 41 29.0
16 39 30.0
16 45 31.0
16 43 32.0
16 48 33.0
16 142 34.0
17 146 9.0
17 37 10.0
17 12 11.0
17 1 12.0
17 68 13.0
17 69 14.0
17 70 15.0
17 71 16.0
17 72 17.0
17 73 18.0
17 14 19.0
17 15 20.0
17 132 21.0
17 133 22.0
17 134 23.0
17 135 24.0
17 136 25.0
17 137 26.0
17 6 27.0
20 147 19.0
20 49 20.0
20 16 21.0
20 17 22.0
20 74 23.0
20 75 24.0
20 76 25.0
20 77 26.0
20 78 27.0
20 79 28.0
20 12 29.0
20 1 30.0
20 120 31.0
20 121 32.0
20 122 33.0
20 123 34.0
20 124 35.0
20 125 36.0
20 4 37.0
20 8 38.0
21 144 13.0
21 88 14.0
21 20 15.0
21 19 16.0
21 96 17.0
21 97 18.0
21 29 19.0
21 27 20.0
21 33 21.0
21 31 22.0
21 36 23.0
21 37 24.0
21 12 25.0
21 1 26.0
21 120 27.0
21 121 28.0
21 122 29.0
21 123 30.0
21 124 31.0
21 125 32.0
21 4 33.0
21 8 34.0
22 145 13.0
22 92 14.0
22 102 15.0
22 103 16.0
22 104 17.0
22 105 18.0
22 106 19.0
22 107 20.0
22 18 21.0
22 21 22.0
22 89 23.0
22 139 24.0
23 11 29.0
23 3 30.0
23 62 31.0
23 63 32.0
23 64 33.0
23 65 34.0
23 66 35.0
23 67 36.0
23 0 37.0
23 1 38.0
23 120 39.0
23 121 40.0
23 122 41.0
23 123 42.0
23 124 43.0
23 125 44.0
23 4 45.0
23 8 46.0
24 145 15.0
24 92 16.0
24 102 17.0
24 103 18.0
24 104 19.0
24 105 20.0
24 106 21.0
24 107 22.0
24 18 23.0
24 21 24.0
24 89 25.0
24 139 26.0
25 7 20.0
25 126 21.0
25 127 22.0
25 128 23.0
25 129 24.0
25 130 25.0
25 131 26.0
25 14 27.0
25 17 28.0
25 74 29.0
25 75 30.0
25 76 31.0
25 77 32.0
25 78 33.0
25 79 34.0
25 12 35.0
25 1 36.0
25 120 37.0
25 121 38.0
25 122 39.0
25 123 40.0
25 124 41.0
25 125 42.0
25 4 43.0
25 8 44.0
26 144 27.0
26 88 28.0
26 20 29.0
26 19 30.0
26 96 31.0
26 97 32.0
26 29 33.0
26 27 34.0
26 33 35.0
26 31 36.0
26 36 37.0
26 37 38.0
26 12 39.0
26 1 40.0
26 120 41.0
26 121 42.0
26 122 43.0
26 123 44.0
26 124 45.0
26 125 46.0
26 4 47.0
26 8 48.0
27 145 11.0
27 92 12.0
27 102 13.0
27 103 14.0
27 104 15.0
27 105 16.0
27 106 17.0
27 107 18.0
27 18 19.0
27 19 20.0
27 50 21.0
27 51 22.0
27 52 23.0
27 53 24.0
27 54 25.0
27 55 26.0
27 22 27.0
27 25 28.0
27 91 29.0
27 138 30.0
28 144 15.0
28 88 16.0
28 20 17.0
28 21 18.0
28 108 19.0
28 109 20.0
28 110 21.0
28 111 22.0
28 112 23.0
28 113 24.0
28 93 25.0
28 140 26.0
29 144 20.0
29 88 21.0
29 20 22.0
29 19 23.0
29 96 24.0
29 97 25.0
29 29 26.0
29 27 27.0
29 33 28.0
29 31 29.0
29 36 30.0
29 37 31.0
29 12 32.0
29 1 33.0
29 120 34.0
29 121 35.0
29 122 36.0
29 123 37.0
29 124 38.0
29 125 39.0
29 4 40.0
29 8 41.0
30 11 13.0
30 3 14.0
30 62 15.0
30 63 16.0
30 64 17.0
30 65 18.0
30 66 19.0
30 67 20.0
30 0 21.0
30 1 22.0
30 68 23.0
30 69 24.0
30 70 25.0
30 71 26.0
30 72 27.0
30 73 28.0
30 14 29.0
30 15 30.0
30 132 31.0
30 133 32.0
30 134 33.0
30 135 34.0
30 136 35.0
30 137 36.0
30 6 37.0
31 9 15.0
31 5 16.0
31 114 17.0
31 115 18.0
31 116 19.0
31 117 20.0
31 118 21.0
31 119 22.0
31 0 23.0
31 1 24.0
31 68 25.0
31 69 26.0
31 70 27.0
31 71 28.0
31 72 29.0
31 73 30.0
31 14 31.0
31 15 32.0
31 132 33.0
31 133 34.0
31 134 35.0
31 135 36.0
31 136 37.0
31 137 38.0
31 6 39.0
32 144 17.0
32 88 18.0
32 20 19.0
32 21 20.0
32 108 21.0
32 109 22.0
32 110 23.0
32 111 24.0
32 112 25.0
32 113 26.0
32 93 27.0
32 140 28.0
33 7 36.0
33 126 37.0
33 127 38.0
33 128 39.0
33 129 40.0
33 130 41.0
33 131 42.0
33 14 43.0
33 17 44.0
33 46 45.0
33 47 46.0
33 44 47.0
33 42 48.0
33 40 49.0
33 38 50.0
33 98 51.0
33 99 52.0
33 22 53.0
33 25 54.0
33 91 55.0
33 138 56.0
34 146 13.0
34 37 14.0
34 12 15.0
34 1 16.0
34 68 17.0
34 69 18.0
34 70 19.0
34 71 20.0
34 72 21.0
34 73 22.0
34 14 23.0
34 17 24.0
34 46 25.0
34 47 26.0
34 142 27.0
35 147 14.0
35 46 15.0
35 47 16.0
35 44 17.0
35 42 18.0
35 40 19.0
35 38 20.0
35 98 21.0
35 99 22.0
35 22 23.0
35 25 24.0
35 56 25.0
35 57 26.0
35 58 27.0
35 59 28.0
35 60 29.0
35 61 30.0
35 20 31.0
35 21 32.0
35 89 33.0
35 139 34.0
36 7 26.0
36 126 27.0
36 127 28.0
36 128 29.0
36 129 30.0
36 130 31.0
36 131 32.0
36 14 33.0
36 17 34.0
36 74 35.0
36 75 36.0
36 76 37.0
36 77 38.0
36 78 39.0
36 79 40.0
36 12 41.0
36 1 42.0
36 120 43.0
36 121 44.0
36 122 45.0
36 123 46.0
36 124 47.0
36 125 48.0
36 4 49.0
36 8 50.0
37 145 19.0
37 92 20.0
37 102 21.0
37 103 22.0
37 104 23.0
37 105 24.0
37 106 25.0
37 107 26.0
37 18 27.0
37 19 28.0
37 50 29.0
37 51 30.0
37 52 31.0
37 53 32.0
37 54 33.0
37 55 34.0
37 22 35.0
37 23 36.0
37 100 37.0
37 101 38.0
37 41 39.0
37 39 40.0
37 45 41.0
37 43 42.0
37 48 43.0
37 142 44.0
38 7 30.0
38 126 31.0
38 127 32.0
38 128 33.0
38 129 34.0
38 130 35.0
38 131 36.0
38 14 37.0
38 17 38.0
38 46 39.0
38 47 40.0
38 142 41.0
39 143 11.0
39 90 12.0
39 24 13.0
39 23 14.0
39 100 15.0
39 101 16.0
39 41 17.0
39 39 18.0
39 45 19.0
39 43 20.0
39 48 21.0
39 49 22.0
39 16 23.0
39 15 24.0
39 132 25.0
39 133 26.0
39 134 27.0
39 135 28.0
39 136 29.0
39 137 30.0
39 6 31.0
40 11 25.0
40 3 26.0
40 62 27.0
40 63 28.0
40 64 29.0
40 65 30.0
40 66 31.0
40 67 32.0
40 0 33.0
40 13 34.0
40 34 35.0
40 35 36.0
40 141 37.0
41 7 32.0
41 126 33.0
41 127 34.0
41 128 35.0
41 129 36.0
41 130 37.0
41 131 38.0
41 14 39.0
41 17 40.0
41 46 41.0
41 47 42.0
41 44 43.0
41 42 44.0
41 40 45.0
41 38 46.0
41 98 47.0
41 99 48.0
41 22 49.0
41 25 50.0
41 91 51.0
41 138 52.0
42 145 25.0
42 92 26.0
42 102 27.0
42 103 28.0
42 104 29.0
42 105 30.0
42 106 31.0
42 107 32.0
42 18 33.0
42 19 34.0
42 96 35.0
42 97 36.0
42 29 37.0
42 27 38.0
42 33 39.0
42 31 40.0
42 36 41.0
42 141 42.0
43 9 21.0
43 5 22.0
43 114 23.0
43 115 24.0
43 116 25.0
43 117 26.0
43 118 27.0
43 119 28.0
43 0 29.0
43 13 30.0
43 80 31.0
43 81 32.0
43 82 33.0
43 83 34.0
43 84 35.0
43 85 36.0
43 2 37.0
43 10 38.0
44 9 24.1
44 5 24.0
44 114 25.0
44 115 26.0
44 116 27.0
44 117 28.0
44 118 29.0
44 119 30.0
44 0 31.0
44 13 32.0
44 34 33.0
44 35 34.0
44 141 35.0
45 7 40.0
45 126 41.0
45 127 42.0
45 128 43.0
45 129 44.0
45 130 45.0
45 131 46.0
45 14 47.0
45 17 48.0
45 74 49.0
45 75 50.0
45 76 51.0
45 77 52.0
45 78 53.0
45 79 54.0
45 12 55.0
45 1 56.0
45 120 57.0
45 121 58.0
45 122 59.0
45 123 60.0
45 124 61.0
45 125 62.0
45 4 63.0
45 8 64.0
46 9 27.0
46 5 28.0
46 114 29.0
46 115 30.0
46 116 31.0
46 117 32.0
46 118 33.0
46 119 34.0
46 0 35.0
46 13 36.0
46 80 37.0
46 81 38.0
46 82 39.0
46 83 40.0
46 84 41.0
46 85 42.0
46 2 43.0
46 10 44.0
47 143 21.0
47 90 22.0
47 24 23.0
47 23 24.0
47 100 25.0
47 101 26.0
47 41 27.0
47 39 28.0
47 45 29.0
47 43 30.0
47 48 31.0
47 142 32.0
48 7 38.0
48 126 39.0
48 127 40.0
48 128 41.0
48 129 42.0
48 130 43.0
48 131 44.0
48 14 45.0
48 17 46.0
48 74 47.0
48 75 48.0
48 76 49.0
48 77 50.0
48 78 51.0
48 79 52.0
48 12 53.0
48 13 54.0
48 34 55.0
48 35 56.0
48 141 57.0
49 146 26.0
49 34 27.0
49 35 28.0
49 32 29.0
49 30 30.0
49 28 31.0
49 26 32.0
49 94 33.0
49 95 34.0
49 18 35.0
49 21 36.0
49 89 37.0
49 139 38.0
50 146 30.0
50 34 31.0
50 35 32.0
50 32 33.0
50 30 34.0
50 28 35.0
50 26 36.0
50 94 37.0
50 95 38.0
50 18 39.0
50 19 40.0
50 50 41.0
50 51 42.0
50 52 43.0
50 53 44.0
50 54 45.0
50 55 46.0
50 22 47.0
50 25 48.0
50 91 49.0
50 138 50.0
51 144 39.0
51 88 40.0
51 20 41.0
51 19 42.0
51 96 43.0
51 97 44.0
51 29 45.0
51 27 46.0
51 33 47.0
51 31 48.0
51 36 49.0
51 37 50.0
51 12 51.0
51 1 52.0
51 120 53.0
51 121 54.0
51 122 55.0
51 123 56.0
51 124 57.0
51 125 58.0
51 4 59.0
51 8 60.0
52 147 21.0
52 46 22.0
52 47 23.0
52 44 24.0
52 42 25.0
52 40 26.0
52 38 27.0
52 98 28.0
52 99 29.0
52 22 30.0
52 25 31.0
52 91 32.0
52 138 33.0
53 147 39.0
53 49 40.0
53 16 41.0
53 17 42.0
53 74 43.0
53 75 44.0
53 76 45.0
53 77 46.0
53 78 47.0
53 79 48.0
53 12 49.0
53 1 50.0
53 120 51.0
53 121 52.0
53 122 53.0
53 123 54.0
53 124 55.0
53 125 56.0
53 4 57.0
53 8 58.0
54 145 24.1
54 92 24.0
54 102 25.0
54 103 26.0
54 104 27.0
54 105 28.0
54 106 29.0
54 107 30.0
54 18 31.0
54 19 32.0
54 96 33.0
54 97 34.0
54 29 35.0
54 27 36.0
54 33 37.0
54 31 38.0
54 36 39.0
54 141 40.0
55 146 28.0
55 34 29.0
55 35 30.0
55 32 31.0
55 30 32.0
55 28 33.0
55 26 34.0
55 94 35.0
55 95 36.0
55 18 37.0
55 21 38.0
55 89 39.0
55 139 40.0
56 9 33.0
56 5 34.0
56 114 35.0
56 115 36.0
56 116 37.0
56 117 38.0
56 118 39.0
56 119 40.0
56 0 41.0
56 13 42.0
56 34 43.0
56 35 44.0
56 141 45.0
57 11 35.0
57 3 36.0
57 62 37.0
57 63 38.0
57 64 39.0
57 65 40.0
57 66 41.0
57 67 42.0
57 0 43.0
57 1 44.0
57 68 45.0
57 69 46.0
57 70 47.0
57 71 48.0
57 72 49.0
57 73 50.0
57 14 51.0
57 15 52.0
57 132 53.0
57 133 54.0
57 134 55.0
57 135 56.0
57 136 57.0
57 137 58.0
57 6 59.0
58 9 37.0
58 5 38.0
58 114 39.0
58 115 40.0
58 116 41.0
58 117 42.0
58 118 43.0
58 119 44.0
58 0 45.0
58 13 46.0
58 34 47.0
58 35 48.0
58 141 49.0
59 147 25.0
59 49 26.0
59 16 27.0
59 15 28.0
59 132 29.0
59 133 30.0
59 134 31.0
59 135 32.0
59 136 33.0
59 137 34.0
59 6 35.0
60 147 37.0
60 49 38.0
60 16 39.0
60 15 40.0
60 132 41.0
60 133 42.0
60 134 43.0
60 135 44.0
60 136 45.0
60 137 46.0
60 6 47.0
61 144 33.0
61 88 34.0
61 20 35.0
61 19 36.0
61 96 37.0
61 97 38.0
61 29 39.0
61 27 40.0
61 33 41.0
61 31 42.0
61 36 43.0
61 37 44.0
61 12 45.0
61 1 46.0
61 120 47.0
61 121 48.0
61 122 49.0
61 123 50.0
61 124 51.0
61 125 52.0
61 4 53.0
61 8 54.0
62 9 50.0
62 5 51.0
62 114 52.0
62 115 53.0
62 116 54.0
62 117 55.0
62 118 56.0
62 119 57.0
62 0 58.0
62 1 59.0
62 68 60.0
62 69 61.0
62 70 62.0
62 71 63.0
62 72 64.0
62 73 65.0
62 14 66.0
62 15 67.0
62 132 68.0
62 133 69.0
62 134 70.0
62 135 71.0
62 136 72.0
62 137 73.0
62 6 74.0
63 11 39.0
63 3 40.0
63 62 41.0
63 63 42.0
63 64 43.0
63 65 44.0
63 66 45.0
63 67 46.0
63 0 47.0
63 1 48.0
63 120 49.0
63 121 50.0
63 122 51.0
63 123 52.0
63 124 53.0
63 125 54.0
63 4 55.0
63 8 56.0
65 143 33.0
65 90 34.0
65 24 35.0
65 25 36.0
65 56 37.0
65 57 38.0
65 58 39.0
65 59 40.0
65 60 41.0
65 61 42.0
65 20 43.0
65 21 44.0
65 89 45.0
65 139 46.0
66 7 42.0
66 126 43.0
66 127 44.0
66 128 45.0
66 129 46.0
66 130 47.0
66 131 48.0
66 14 49.0
66 17 50.0
66 74 51.0
66 75 52.0
66 76 53.0
66 77 54.0
66 78 55.0
66 79 56.0
66 12 57.0
66 13 58.0
66 34 59.0
66 35 60.0
66 141 61.0
67 143 38.0
67 90 39.0
67 24 40.0
67 23 41.0
67 100 42.0
67 101 43.0
67 41 44.0
67 39 45.0
67 45 46.0
67 43 47.0
67 48 48.0
67 142 49.0
68 7 50.0
68 126 51.0
68 127 52.0
68 128 53.0
68 129 54.0
68 130 55.0
68 131 56.0
68 14 57.0
68 17 58.0
68 74 59.0
68 75 60.0
68 76 61.0
68 77 62.0
68 78 63.0
68 79 64.0
68 12 65.0
68 13 66.0
68 34 67.0
68 35 68.0
68 141 69.0
70 11 45.0
70 3 46.0
70 62 47.0
70 63 48.0
70 64 49.0
70 65 50.0
70 66 51.0
70 67 52.0
70 0 53.0
70 1 54.0
70 68 55.0
70 69 56.0
70 70 57.0
70 71 58.0
70 72 59.0
70 73 60.0
70 14 61.0
70 15 62.0
70 132 63.0
70 133 64.0
70 134 65.0
70 135 66.0
70 136 67.0
70 137 68.0
70 6 69.0
71 9 31.0
71 5 32.0
71 114 33.0
71 115 34.0
71 116 35.0
71 117 36.0
71 118 37.0
71 119 38.0
71 0 39.0
71 13 40.0
71 80 41.0
71 81 42.0
71 82 43.0
71 83 44.0
71 84 45.0
71 85 46.0
71 2 47.0
71 10 48.0
72 7 46.0
72 126 47.0
72 127 48.0
72 128 49.0
72 129 50.0
72 130 51.0
72 131 52.0
72 14 53.0
72 17 54.0
72 74 55.0
72 75 56.0
72 76 57.0
72 77 58.0
72 78 59.0
72 79 60.0
72 12 61.0
72 13 62.0
72 34 63.0
72 35 64.0
72 141 65.0
73 11 47.0
73 3 48.0
73 62 49.0
73 63 50.0
73 64 51.0
73 65 52.0
73 66 53.0
73 67 54.0
73 0 55.0
73 13 56.0
73 34 57.0
73 35 58.0
73 32 59.0
73 30 60.0
73 28 61.0
73 26 62.0
73 94 63.0
73 95 64.0
73 18 65.0
73 21 66.0
73 89 67.0
73 139 68.0
74 144 35.0
74 88 36.0
74 20 37.0
74 19 38.0
74 96 39.0
74 97 40.0
74 29 41.0
74 27 42.0
74 33 43.0
74 31 44.0
74 36 45.0
74 37 46.0
74 12 47.0
74 13 48.0
74 80 49.0
74 81 50.0
74 82 51.0
74 83 52.0
74 84 53.0
74 85 54.0
74 2 55.0
74 10 56.0
75 143 35.0
75 90 36.0
75 24 37.0
75 23 38.0
75 100 39.0
75 101 40.0
75 41 41.0
75 39 42.0
75 45 43.0
75 43 44.0
75 48 45.0
75 142 46.0
77 145 40.0
77 92 41.0
77 102 42.0
77 103 43.0
77 104 44.0
77 105 45.0
77 106 46.0
77 107 47.0
77 18 48.0
77 19 49.0
77 50 50.0
77 51 51.0
77 52 52.0
77 53 53.0
77 54 54.0
77 55 55.0
77 22 56.0
77 25 57.0
77 91 58.0
77 138 59.0
78 145 35.0
78 92 36.0
78 102 37.0
78 103 38.0
78 104 39.0
78 105 40.0
78 106 41.0
78 107 42.0
78 18 43.0
78 19 44.0
78 50 45.0
78 51 46.0
78 52 47.0
78 53 48.0
78 54 49.0
78 55 50.0
78 22 51.0
78 25 52.0
78 91 53.0
78 138 54.0
79 143 40.0
79 90 41.0
79 24 42.0
79 25 43.0
79 56 44.0
79 57 45.0
79 58 46.0
79 59 47.0
79 60 48.0
79 61 49.0
79 20 50.0
79 19 51.0
79 96 52.0
79 97 53.0
79 29 54.0
79 27 55.0
79 33 56.0
79 31 57.0
79 36 58.0
79 141 59.0
80 144 43.0
80 88 44.0
80 20 45.0
80 19 46.0
80 96 47.0
80 97 48.0
80 29 49.0
80 27 50.0
80 33 51.0
80 31 52.0
80 36 53.0
80 141 54.0
83 7 48.0
83 126 49.0
83 127 50.0
83 128 51.0
83 129 52.0
83 130 53.0
83 131 54.0
83 14 55.0
83 17 56.0
83 74 57.0
83 75 58.0
83 76 59.0
83 77 60.0
83 78 61.0
83 79 62.0
83 12 63.0
83 1 64.0
83 120 65.0
83 121 66.0
83 122 67.0
83 123 68.0
83 124 69.0
83 125 70.0
83 4 71.0
83 8 72.0
84 9 41.0
84 5 42.0
84 114 43.0
84 115 44.0
84 116 45.0
84 117 46.0
84 118 47.0
84 119 48.0
84 0 49.0
84 13 50.0
84 80 51.0
84 81 52.0
84 82 53.0
84 83 54.0
84 84 55.0
84 85 56.0
84 2 57.0
84 10 58.0
85 145 42.0
85 92 43.0
85 102 44.0
85 103 45.0
85 104 46.0
85 105 47.0
85 106 48.0
85 107 49.0
85 18 50.0
85 21 51.0
85 89 52.0
85 139 53.0
87 145 47.0
87 92 48.0
87 102 49.0
87 103 50.0
87 104 51.0
87 105 52.0
87 106 53.0
87 107 54.0
87 18 55.0
87 19 56.0
87 50 57.0
87 51 58.0
87 52 59.0
87 53 60.0
87 54 61.0
87 55 62.0
87 22 63.0
87 25 64.0
87 91 65.0
87 138 66.0
89 9 43.0
89 5 44.0
89 114 45.0
89 115 46.0
89 116 47.0
89 117 48.0
89 118 49.0
89 119 50.0
89 0 51.0
89 13 52.0
89 80 53.0
89 81 54.0
89 82 55.0
89 83 56.0
89 84 57.0
89 85 58.0
89 2 59.0
89 10 60.0
90 146 44.0
90 34 45.0
90 35 46.0
90 32 47.0
90 30 48.0
90 28 49.0
90 26 50.0
90 94 51.0
90 95 52.0
90 18 53.0
90 21 54.0
90 108 55.0
90 109 56.0
90 110 57.0
90 111 58.0
90 112 59.0
90 113 60.0
90 93 61.0
90 140 62.0
91 144 45.0
91 88 46.0
91 20 47.0
91 21 48.0
91 108 49.0
91 109 50.0
91 110 51.0
91 111 52.0
91 112 53.0
91 113 54.0
91 93 55.0
91 140 56.0
92 146 50.0
92 34 51.0
92 35 52.0
92 32 53.0
92 30 54.0
92 28 55.0
92 26 56.0
92 94 57.0
92 95 58.0
92 18 59.0
92 19 60.0
92 50 61.0
92 51 62.0
92 52 63.0
92 53 64.0
92 54 65.0
92 55 66.0
92 22 67.0
92 25 68.0
92 91 69.0
92 138 70.0
94 145 49.0
94 92 50.0
94 102 51.0
94 103 52.0
94 104 53.0
94 105 54.0
94 106 55.0
94 107 56.0
94 18 57.0
94 19 58.0
94 50 59.0
94 51 60.0
94 52 61.0
94 53 62.0
94 54 63.0
94 55 64.0
94 22 65.0
94 23 66.0
94 100 67.0
94 101 68.0
94 41 69.0
94 39 70.0
94 45 71.0
94 43 72.0
94 48 73.0
94 142 74.0
96 144 50.0
96 88 51.0
96 20 52.0
96 19 53.0
96 50 54.0
96 51 55.0
96 52 56.0
96 53 57.0
96 54 58.0
96 55 59.0
96 22 60.0
96 23 61.0
96 100 62.0
96 101 63.0
96 41 64.0
96 39 65.0
96 45 66.0
96 43 67.0
96 48 68.0
96 142 69.0
98 147 49.0
98 49 50.0
98 16 51.0
98 17 52.0
98 74 53.0
98 75 54.0
98 76 55.0
98 77 56.0
98 78 57.0
98 79 58.0
98 12 59.0
98 13 60.0
98 34 61.0
98 35 62.0
98 141 63.0
;
set fixedFlights :=
3 18 21
3 34 35
3 35 32
3 32 30
3 30 28
3 28 26
3 26 94
3 94 95
3 95 18
3 21 108
3 108 109
3 109 110
3 110 111
3 111 112
3 112 113
3 113 93
3 93 140
3 146 34
4 0 1
4 9 5
4 14 17
4 17 46
4 46 47
4 1 68
4 68 69
4 69 70
4 70 71
4 71 72
4 72 73
4 73 14
4 5 114
4 114 115
4 115 116
4 116 117
4 117 118
4 118 119
4 119 0
4 47 142
6 11 3
6 0 13
6 18 21
6 13 34
6 34 35
6 35 32
6 32 30
6 30 28
6 28 26
6 3 62
6 62 63
6 63 64
6 64 65
6 65 66
6 66 67
6 67 0
6 26 94
6 94 95
6 95 18
6 21 89
6 89 139
7 2 10
7 12 13
7 20 19
7 29 27
7 27 33
7 33 31
7 31 36
7 36 37
7 37 12
7 13 80
7 80 81
7 81 82
7 82 83
7 83 84
7 84 85
7 85 2
7 19 96
7 96 97
7 97 29
7 88 20
7 144 88
9 18 19
9 22 25
9 19 50
9 50 51
9 51 52
9 52 53
9 53 54
9 54 55
9 55 22
9 92 102
9 102 103
9 103 104
9 104 105
9 105 106
9 106 107
9 107 18
9 25 91
9 145 92
9 91 138
10 4 8
10 12 1
10 16 17
10 49 16
10 17 74
10 74 75
10 75 76
10 76 77
10 77 78
10 78 79
10 79 12
10 1 120
10 120 121
10 121 122
10 122 123
10 123 124
10 124 125
10 125 4
10 147 49
11 0 1
11 11 3
11 14 15
11 3 62
11 62 63
11 63 64
11 64 65
11 65 66
11 66 67
11 67 0
11 1 68
11 68 69
11 69 70
11 70 71
11 71 72
11 72 73
11 73 14
11 15 132
11 132 133
11 133 134
11 134 135
11 135 136
11 136 137
11 137 6
13 0 1
13 11 3
13 14 15
13 3 62
13 62 63
13 63 64
13 64 65
13 65 66
13 66 67
13 67 0
13 1 68
13 68 69
13 69 70
13 70 71
13 71 72
13 72 73
13 73 14
13 15 132
13 132 133
13 133 134
13 134 135
13 135 136
13 136 137
13 137 6
14 0 1
14 9 5
14 14 15
14 1 68
14 68 69
14 69 70
14 70 71
14 71 72
14 72 73
14 73 14
14 5 114
14 114 115
14 115 116
14 116 117
14 117 118
14 118 119
14 119 0
14 15 132
14 132 133
14 133 134
14 134 135
14 135 136
14 136 137
14 137 6
16 18 19
16 22 23
16 41 39
16 39 45
16 45 43
16 43 48
16 19 50
16 50 51
16 51 52
16 52 53
16 53 54
16 54 55
16 55 22
16 23 100
16 100 101
16 101 41
16 92 102
16 102 103
16 103 104
16 104 105
16 105 106
16 106 107
16 107 18
16 145 92
16 48 142
17 12 1
17 14 15
17 37 12
17 1 68
17 68 69
17 69 70
17 70 71
17 71 72
17 72 73
17 73 14
17 15 132
17 132 133
17 133 134
17 134 135
17 135 136
17 136 137
17 137 6
17 146 37
20 4 8
20 12 1
20 16 17
20 49 16
20 17 74
20 74 75
20 75 76
20 76 77
20 77 78
20 78 79
20 79 12
20 1 120
20 120 121
20 121 122
20 122 123
20 123 124
20 124 125
20 125 4
20 147 49
21 4 8
21 12 1
21 20 19
21 29 27
21 27 33
21 33 31
21 31 36
21 36 37
21 37 12
21 19 96
21 96 97
21 97 29
21 88 20
21 1 120
21 120 121
21 121 122
21 122 123
21 123 124
21 124 125
21 125 4
21 144 88
22 18 21
22 92 102
22 102 103
22 103 104
22 104 105
22 105 106
22 106 107
22 107 18
22 21 89
22 145 92
22 89 139
23 0 1
23 11 3
23 4 8
23 3 62
23 62 63
23 63 64
23 64 65
23 65 66
23 66 67
23 67 0
23 1 120
23 120 121
23 121 122
23 122 123
23 123 124
23 124 125
23 125 4
24 18 21
24 92 102
24 102 103
24 103 104
24 104 105
24 105 106
24 106 107
24 107 18
24 21 89
24 145 92
24 89 139
25 4 8
25 12 1
25 14 17
25 17 74
25 74 75
25 75 76
25 76 77
25 77 78
25 78 79
25 79 12
25 1 120
25 120 121
25 121 122
25 122 123
25 123 124
25 124 125
25 125 4
25 7 126
25 126 127
25 127 128
25 128 129
25 129 130
25 130 131
25 131 14
26 4 8
26 12 1
26 20 19
26 29 27
26 27 33
26 33 31
26 31 36
26 36 37
26 37 12
26 19 96
26 96 97
26 97 29
26 88 20
26 1 120
26 120 121
26 121 122
26 122 123
26 123 124
26 124 125
26 125 4
26 144 88
27 18 19
27 22 25
27 19 50
27 50 51
27 51 52
27 52 53
27 53 54
27 54 55
27 55 22
27 92 102
27 102 103
27 103 104
27 104 105
27 105 106
27 106 107
27 107 18
27 25 91
27 145 92
27 91 138
28 20 21
28 21 108
28 108 109
28 109 110
28 110 111
28 111 112
28 112 113
28 113 93
28 88 20
28 144 88
28 93 140
29 4 8
29 12 1
29 20 19
29 29 27
29 27 33
29 33 31
29 31 36
29 36 37
29 37 12
29 19 96
29 96 97
29 97 29
29 88 20
29 1 120
29 120 121
29 121 122
29 122 123
29 123 124
29 124 125
29 125 4
29 144 88
30 0 1
30 11 3
30 14 15
30 3 62
30 62 63
30 63 64
30 64 65
30 65 66
30 66 67
30 67 0
30 1 68
30 68 69
30 69 70
30 70 71
30 71 72
30 72 73
30 73 14
30 15 132
30 132 133
30 133 134
30 134 135
30 135 136
30 136 137
30 137 6
31 0 1
31 9 5
31 14 15
31 1 68
31 68 69
31 69 70
31 70 71
31 71 72
31 72 73
31 73 14
31 5 114
31 114 115
31 115 116
31 116 117
31 117 118
31 118 119
31 119 0
31 15 132
31 132 133
31 133 134
31 134 135
31 135 136
31 136 137
31 137 6
32 20 21
32 21 108
32 108 109
32 109 110
32 110 111
32 111 112
32 112 113
32 113 93
32 88 20
32 144 88
32 93 140
33 14 17
33 22 25
33 17 46
33 46 47
33 47 44
33 44 42
33 42 40
33 40 38
33 38 98
33 98 99
33 99 22
33 25 91
33 7 126
33 126 127
33 127 128
33 128 129
33 129 130
33 130 131
33 131 14
33 91 138
34 12 1
34 14 17
34 37 12
34 17 46
34 46 47
34 1 68
34 68 69
34 69 70
34 70 71
34 71 72
34 72 73
34 73 14
34 47 142
34 146 37
35 20 21
35 22 25
35 46 47
35 47 44
35 44 42
35 42 40
35 40 38
35 25 56
35 56 57
35 57 58
35 58 59
35 59 60
35 60 61
35 61 20
35 38 98
35 98 99
35 99 22
35 21 89
35 89 139
35 147 46
36 4 8
36 12 1
36 14 17
36 17 74
36 74 75
36 75 76
36 76 77
36 77 78
36 78 79
36 79 12
36 1 120
36 120 121
36 121 122
36 122 123
36 123 124
36 124 125
36 125 4
36 7 126
36 126 127
36 127 128
36 128 129
36 129 130
36 130 131
36 131 14
37 18 19
37 22 23
37 41 39
37 39 45
37 45 43
37 43 48
37 19 50
37 50 51
37 51 52
37 52 53
37 53 54
37 54 55
37 55 22
37 23 100
37 100 101
37 101 41
37 92 102
37 102 103
37 103 104
37 104 105
37 105 106
37 106 107
37 107 18
37 145 92
37 48 142
38 14 17
38 17 46
38 46 47
38 7 126
38 126 127
38 127 128
38 128 129
38 129 130
38 130 131
38 131 14
38 47 142
39 16 15
39 24 23
39 41 39
39 39 45
39 45 43
39 43 48
39 48 49
39 49 16
39 23 100
39 100 101
39 101 41
39 90 24
39 15 132
39 132 133
39 133 134
39 134 135
39 135 136
39 136 137
39 137 6
39 143 90
40 11 3
40 0 13
40 13 34
40 34 35
40 3 62
40 62 63
40 63 64
40 64 65
40 65 66
40 66 67
40 67 0
40 35 141
41 14 17
41 22 25
41 17 46
41 46 47
41 47 44
41 44 42
41 42 40
41 40 38
41 38 98
41 98 99
41 99 22
41 25 91
41 7 126
41 126 127
41 127 128
41 128 129
41 129 130
41 130 131
41 131 14
41 91 138
42 18 19
42 29 27
42 27 33
42 33 31
42 31 36
42 19 96
42 96 97
42 97 29
42 92 102
42 102 103
42 103 104
42 104 105
42 105 106
42 106 107
42 107 18
42 145 92
42 36 141
43 2 10
43 9 5
43 0 13
43 13 80
43 80 81
43 81 82
43 82 83
43 83 84
43 84 85
43 85 2
43 5 114
43 114 115
43 115 116
43 116 117
43 117 118
43 118 119
43 119 0
45 4 8
45 12 1
45 14 17
45 17 74
45 74 75
45 75 76
45 76 77
45 77 78
45 78 79
45 79 12
45 1 120
45 120 121
45 121 122
45 122 123
45 123 124
45 124 125
45 125 4
45 7 126
45 126 127
45 127 128
45 128 129
45 129 130
45 130 131
45 131 14
46 2 10
46 9 5
46 0 13
46 13 80
46 80 81
46 81 82
46 82 83
46 83 84
46 84 85
46 85 2
46 5 114
46 114 115
46 115 116
46 116 117
46 117 118
46 118 119
46 119 0
47 24 23
47 41 39
47 39 45
47 45 43
47 43 48
47 23 100
47 100 101
47 101 41
47 90 24
47 143 90
47 48 142
48 12 13
48 14 17
48 13 34
48 34 35
48 17 74
48 74 75
48 75 76
48 76 77
48 77 78
48 78 79
48 79 12
48 7 126
48 126 127
48 127 128
48 128 129
48 129 130
48 130 131
48 131 14
48 35 141
49 18 21
49 34 35
49 35 32
49 32 30
49 30 28
49 28 26
49 26 94
49 94 95
49 95 18
49 21 89
49 89 139
49 146 34
50 18 19
50 22 25
50 34 35
50 35 32
50 32 30
50 30 28
50 28 26
50 19 50
50 50 51
50 51 52
50 52 53
50 53 54
50 54 55
50 55 22
50 26 94
50 94 95
50 95 18
50 25 91
50 91 138
50 146 34
51 4 8
51 12 1
51 20 19
51 29 27
51 27 33
51 33 31
51 31 36
51 36 37
51 37 12
51 19 96
51 96 97
51 97 29
51 88 20
51 1 120
51 120 121
51 121 122
51 122 123
51 123 124
51 124 125
51 125 4
51 144 88
52 22 25
52 46 47
52 47 44
52 44 42
52 42 40
52 40 38
52 38 98
52 98 99
52 99 22
52 25 91
52 91 138
52 147 46
53 4 8
53 12 1
53 16 17
53 49 16
53 17 74
53 74 75
53 75 76
53 76 77
53 77 78
53 78 79
53 79 12
53 1 120
53 120 121
53 121 122
53 122 123
53 123 124
53 124 125
53 125 4
53 147 49
55 18 21
55 34 35
55 35 32
55 32 30
55 30 28
55 28 26
55 26 94
55 94 95
55 95 18
55 21 89
55 89 139
55 146 34
56 9 5
56 0 13
56 13 34
56 34 35
56 5 114
56 114 115
56 115 116
56 116 117
56 117 118
56 118 119
56 119 0
56 35 141
57 0 1
57 11 3
57 14 15
57 3 62
57 62 63
57 63 64
57 64 65
57 65 66
57 66 67
57 67 0
57 1 68
57 68 69
57 69 70
57 70 71
57 71 72
57 72 73
57 73 14
57 15 132
57 132 133
57 133 134
57 134 135
57 135 136
57 136 137
57 137 6
58 9 5
58 0 13
58 13 34
58 34 35
58 5 114
58 114 115
58 115 116
58 116 117
58 117 118
58 118 119
58 119 0
58 35 141
59 16 15
59 49 16
59 15 132
59 132 133
59 133 134
59 134 135
59 135 136
59 136 137
59 137 6
59 147 49
60 16 15
60 49 16
60 15 132
60 132 133
60 133 134
60 134 135
60 135 136
60 136 137
60 137 6
60 147 49
61 4 8
61 12 1
61 20 19
61 29 27
61 27 33
61 33 31
61 31 36
61 36 37
61 37 12
61 19 96
61 96 97
61 97 29
61 88 20
61 1 120
61 120 121
61 121 122
61 122 123
61 123 124
61 124 125
61 125 4
61 144 88
62 0 1
62 9 5
62 14 15
62 1 68
62 68 69
62 69 70
62 70 71
62 71 72
62 72 73
62 73 14
62 5 114
62 114 115
62 115 116
62 116 117
62 117 118
62 118 119
62 119 0
62 15 132
62 132 133
62 133 134
62 134 135
62 135 136
62 136 137
62 137 6
63 0 1
63 11 3
63 4 8
63 3 62
63 62 63
63 63 64
63 64 65
63 65 66
63 66 67
63 67 0
63 1 120
63 120 121
63 121 122
63 122 123
63 123 124
63 124 125
63 125 4
65 20 21
65 24 25
65 25 56
65 56 57
65 57 58
65 58 59
65 59 60
65 60 61
65 61 20
65 21 89
65 90 24
65 143 90
65 89 139
66 12 13
66 14 17
66 13 34
66 34 35
66 17 74
66 74 75
66 75 76
66 76 77
66 77 78
66 78 79
66 79 12
66 7 126
66 126 127
66 127 128
66 128 129
66 129 130
66 130 131
66 131 14
66 35 141
67 24 23
67 41 39
67 39 45
67 45 43
67 43 48
67 23 100
67 100 101
67 101 41
67 90 24
67 143 90
67 48 142
68 12 13
68 14 17
68 13 34
68 34 35
68 17 74
68 74 75
68 75 76
68 76 77
68 77 78
68 78 79
68 79 12
68 7 126
68 126 127
68 127 128
68 128 129
68 129 130
68 130 131
68 131 14
68 35 141
70 0 1
70 11 3
70 14 15
70 3 62
70 62 63
70 63 64
70 64 65
70 65 66
70 66 67
70 67 0
70 1 68
70 68 69
70 69 70
70 70 71
70 71 72
70 72 73
70 73 14
70 15 132
70 132 133
70 133 134
70 134 135
70 135 136
70 136 137
70 137 6
71 2 10
71 9 5
71 0 13
71 13 80
71 80 81
71 81 82
71 82 83
71 83 84
71 84 85
71 85 2
71 5 114
71 114 115
71 115 116
71 116 117
71 117 118
71 118 119
71 119 0
72 12 13
72 14 17
72 13 34
72 34 35
72 17 74
72 74 75
72 75 76
72 76 77
72 77 78
72 78 79
72 79 12
72 7 126
72 126 127
72 127 128
72 128 129
72 129 130
72 130 131
72 131 14
72 35 141
73 11 3
73 0 13
73 18 21
73 13 34
73 34 35
73 35 32
73 32 30
73 30 28
73 28 26
73 3 62
73 62 63
73 63 64
73 64 65
73 65 66
73 66 67
73 67 0
73 26 94
73 94 95
73 95 18
73 21 89
73 89 139
74 2 10
74 12 13
74 20 19
74 29 27
74 27 33
74 33 31
74 31 36
74 36 37
74 37 12
74 13 80
74 80 81
74 81 82
74 82 83
74 83 84
74 84 85
74 85 2
74 19 96
74 96 97
74 97 29
74 88 20
74 144 88
75 24 23
75 41 39
75 39 45
75 45 43
75 43 48
75 23 100
75 100 101
75 101 41
75 90 24
75 143 90
75 48 142
77 18 19
77 22 25
77 19 50
77 50 51
77 51 52
77 52 53
77 53 54
77 54 55
77 55 22
77 92 102
77 102 103
77 103 104
77 104 105
77 105 106
77 106 107
77 107 18
77 25 91
77 145 92
77 91 138
78 18 19
78 22 25
78 19 50
78 50 51
78 51 52
78 52 53
78 53 54
78 54 55
78 55 22
78 92 102
78 102 103
78 103 104
78 104 105
78 105 106
78 106 107
78 107 18
78 25 91
78 145 92
78 91 138
79 20 19
79 24 25
79 29 27
79 27 33
79 33 31
79 31 36
79 25 56
79 56 57
79 57 58
79 58 59
79 59 60
79 60 61
79 61 20
79 19 96
79 96 97
79 97 29
79 90 24
79 143 90
79 36 141
80 20 19
80 29 27
80 27 33
80 33 31
80 31 36
80 19 96
80 96 97
80 97 29
80 88 20
80 144 88
80 36 141
83 4 8
83 12 1
83 14 17
83 17 74
83 74 75
83 75 76
83 76 77
83 77 78
83 78 79
83 79 12
83 1 120
83 120 121
83 121 122
83 122 123
83 123 124
83 124 125
83 125 4
83 7 126
83 126 127
83 127 128
83 128 129
83 129 130
83 130 131
83 131 14
84 2 10
84 9 5
84 0 13
84 13 80
84 80 81
84 81 82
84 82 83
84 83 84
84 84 85
84 85 2
84 5 114
84 114 115
84 115 116
84 116 117
84 117 118
84 118 119
84 119 0
85 18 21
85 92 102
85 102 103
85 103 104
85 104 105
85 105 106
85 106 107
85 107 18
85 21 89
85 145 92
85 89 139
87 18 19
87 22 25
87 19 50
87 50 51
87 51 52
87 52 53
87 53 54
87 54 55
87 55 22
87 92 102
87 102 103
87 103 104
87 104 105
87 105 106
87 106 107
87 107 18
87 25 91
87 145 92
87 91 138
89 2 10
89 9 5
89 0 13
89 13 80
89 80 81
89 81 82
89 82 83
89 83 84
89 84 85
89 85 2
89 5 114
89 114 115
89 115 116
89 116 117
89 117 118
89 118 119
89 119 0
90 18 21
90 34 35
90 35 32
90 32 30
90 30 28
90 28 26
90 26 94
90 94 95
90 95 18
90 21 108
90 108 109
90 109 110
90 110 111
90 111 112
90 112 113
90 113 93
90 93 140
90 146 34
91 20 21
91 21 108
91 108 109
91 109 110
91 110 111
91 111 112
91 112 113
91 113 93
91 88 20
91 144 88
91 93 140
92 18 19
92 22 25
92 34 35
92 35 32
92 32 30
92 30 28
92 28 26
92 19 50
92 50 51
92 51 52
92 52 53
92 53 54
92 54 55
92 55 22
92 26 94
92 94 95
92 95 18
92 25 91
92 91 138
92 146 34
94 18 19
94 22 23
94 41 39
94 39 45
94 45 43
94 43 48
94 19 50
94 50 51
94 51 52
94 52 53
94 53 54
94 54 55
94 55 22
94 23 100
94 100 101
94 101 41
94 92 102
94 102 103
94 103 104
94 104 105
94 105 106
94 106 107
94 107 18
94 145 92
94 48 142
96 20 19
96 22 23
96 41 39
96 39 45
96 45 43
96 43 48
96 19 50
96 50 51
96 51 52
96 52 53
96 53 54
96 54 55
96 55 22
96 23 100
96 100 101
96 101 41
96 88 20
96 144 88
96 48 142
98 12 13
98 16 17
98 13 34
98 34 35
98 49 16
98 17 74
98 74 75
98 75 76
98 76 77
98 77 78
98 78 79
98 79 12
98 35 141
98 147 49
;
;
set inFlight:=
3
4
6
7
9
10
11
13
14
16
17
20
21
22
24
25
27
28
29
30
31
32
34
35
37
39
43
47
52
;
param tini := 23.1;
