param nn:= 148;
set F:=
0
1
2
3
4
5
6
7
8
9
10
11
12
13
14
15
16
17
18
19
20
21
22
23
24
25
26
27
28
29
30
31
32
33
34
35
36
37
38
39
40
41
42
43
44
45
46
47
48
51
52
53
54
55
56
57
58
59
60
61
62
63
64
65
66
67
69
70
71
72
73
74
75
77
78
79
81
84
85
86
87
91
93
95
97
99
;
param: E: d:=
0 1 2.500000
2 10 1.500000
11 3 1.500000
4 8 1.500000
9 5 1.500000
12 13 2.500000
0 13 2.500000
12 1 2.500000
14 15 2.500000
16 17 2.500000
14 17 2.500000
16 15 2.500000
18 19 2.500000
20 21 2.500000
18 21 2.500000
20 19 2.500000
22 23 2.500000
24 25 2.500000
22 25 2.500000
24 23 2.500000
13 34 2.500000
34 35 2.500000
35 32 2.500000
32 30 2.500000
30 28 2.500000
28 26 2.500000
29 27 2.500000
27 33 2.500000
33 31 2.500000
31 36 2.500000
36 37 2.500000
37 12 2.500000
17 46 2.500000
46 47 2.500000
47 44 2.500000
44 42 2.500000
42 40 2.500000
40 38 2.500000
41 39 2.500000
39 45 2.500000
45 43 2.500000
43 48 2.500000
48 49 2.500000
49 16 2.500000
19 50 2.500000
50 51 2.500000
51 52 2.500000
52 53 2.500000
53 54 2.500000
54 55 2.500000
55 22 2.500000
25 56 2.500000
56 57 2.500000
57 58 2.500000
58 59 2.500000
59 60 2.500000
60 61 2.500000
61 20 2.500000
3 62 2.500000
62 63 2.500000
63 64 2.500000
64 65 2.500000
65 66 2.500000
66 67 2.500000
67 0 2.500000
1 68 2.500000
68 69 2.500000
69 70 2.500000
70 71 2.500000
71 72 2.500000
72 73 2.500000
73 14 2.500000
17 74 2.500000
74 75 2.500000
75 76 2.500000
76 77 2.500000
77 78 2.500000
78 79 2.500000
79 12 2.500000
13 80 2.500000
80 81 2.500000
81 82 2.500000
82 83 2.500000
83 84 2.500000
84 85 2.500000
85 2 2.500000
26 94 2.500000
94 95 2.500000
95 18 2.500000
19 96 2.500000
96 97 2.500000
97 29 2.500000
38 98 2.500000
98 99 2.500000
99 22 2.500000
23 100 2.500000
100 101 2.500000
101 41 2.500000
92 102 2.500000
102 103 2.500000
103 104 2.500000
104 105 2.500000
105 106 2.500000
106 107 2.500000
107 18 2.500000
21 108 2.500000
108 109 2.500000
109 110 2.500000
110 111 2.500000
111 112 2.500000
112 113 2.500000
113 93 2.500000
21 89 2.500000
88 20 2.500000
25 91 2.500000
90 24 2.500000
5 114 2.500000
114 115 2.500000
115 116 2.500000
116 117 2.500000
117 118 2.500000
118 119 2.500000
119 0 2.500000
1 120 2.500000
120 121 2.500000
121 122 2.500000
122 123 2.500000
123 124 2.500000
124 125 2.500000
125 4 2.500000
7 126 1.500000
126 127 2.500000
127 128 2.500000
128 129 2.500000
129 130 2.500000
130 131 2.500000
131 14 2.500000
15 132 2.500000
132 133 2.500000
133 134 2.500000
134 135 2.500000
135 136 2.500000
136 137 2.500000
137 6 1.500000
87 6 1.500000
7 86 1.500000
144 88 1.500000
143 90 1.500000
145 92 1.500000
93 140 1.500000
89 139 1.500000
91 138 1.500000
48 142 1.500000
47 142 1.500000
36 141 1.500000
35 141 1.500000
146 37 1.500000
146 34 1.500000
147 46 1.500000
147 49 1.500000
;
param s:=
0 9
1 145
2 147
3 7
4 146
5 147
6 11
7 143
8 9
9 143
10 7
11 147
12 7
13 11
14 147
15 147
16 145
17 146
18 11
19 147
20 145
21 147
22 146
23 145
24 146
25 7
26 146
27 147
28 145
29 144
30 147
31 143
32 145
33 144
34 145
35 9
36 145
37 145
38 11
39 143
40 147
41 143
42 145
43 11
44 143
45 9
46 7
47 147
48 7
51 143
52 11
53 9
54 7
55 144
56 146
57 9
58 147
59 145
60 143
61 146
62 7
63 9
64 144
65 11
66 11
67 144
69 147
70 145
71 147
72 9
73 147
74 11
75 145
77 144
78 144
79 147
81 11
84 7
85 143
86 11
87 11
91 143
93 144
95 146
97 143
99 11
;
param e:=
0 142
1 141
2 10
3 8
4 138
5 6
6 142
7 140
8 139
9 139
10 142
11 6
12 142
13 8
14 138
15 8
16 142
17 10
18 6
19 8
20 141
21 10
22 138
23 138
24 140
25 138
26 8
27 10
28 141
29 138
30 138
31 6
32 139
33 141
34 141
35 6
36 142
37 141
38 139
39 142
40 10
41 142
42 141
43 142
44 140
45 139
46 8
47 141
48 138
51 141
52 8
53 139
54 8
55 10
56 139
57 139
58 10
59 141
60 142
61 6
62 138
63 141
64 141
65 8
66 139
67 138
69 141
70 142
71 6
72 6
73 6
74 139
75 139
77 10
78 142
79 141
81 142
84 138
85 140
86 139
87 142
91 6
93 8
95 10
97 139
99 6
;
param v_min:=2.375
;
param v_max:=2.625
;
param :conflictsNodes: angle:=
0 1 13 1.000000
0 13 1 1.000000
0 1 67 1.000000
0 67 1 1.000000
0 1 119 1.000000
0 119 1 1.000000
0 13 67 1.000000
0 67 13 1.000000
0 13 119 1.000000
0 119 13 1.000000
0 67 119 1.000000
0 119 67 1.000000
1 0 68 1.000000
1 68 0 1.000000
1 0 120 1.000000
1 120 0 1.000000
1 0 12 1.000000
1 12 0 1.000000
1 68 120 1.000000
1 120 68 1.000000
1 12 68 1.000000
1 68 12 1.000000
1 12 120 1.000000
1 120 12 1.000000
12 13 37 1.000000
12 37 13 1.000000
12 13 79 1.000000
12 79 13 1.000000
12 1 13 1.000000
12 13 1 1.000000
12 1 37 1.000000
12 37 1 1.000000
12 1 79 1.000000
12 79 1 1.000000
12 37 79 1.000000
12 79 37 1.000000
13 0 12 1.000000
13 12 0 1.000000
13 0 34 1.000000
13 34 0 1.000000
13 0 80 1.000000
13 80 0 1.000000
13 12 34 1.000000
13 34 12 1.000000
13 12 80 1.000000
13 80 12 1.000000
13 34 80 1.000000
13 80 34 1.000000
14 15 17 1.000000
14 17 15 1.000000
14 15 73 1.000000
14 73 15 1.000000
14 15 131 1.000000
14 131 15 1.000000
14 17 73 1.000000
14 73 17 1.000000
14 17 131 1.000000
14 131 17 1.000000
14 73 131 1.000000
14 131 73 1.000000
15 14 132 1.000000
15 132 14 1.000000
15 14 16 1.000000
15 16 14 1.000000
15 16 132 1.000000
15 132 16 1.000000
16 17 49 1.000000
16 49 17 1.000000
16 15 17 1.000000
16 17 15 1.000000
16 15 49 1.000000
16 49 15 1.000000
17 14 16 1.000000
17 16 14 1.000000
17 14 46 1.000000
17 46 14 1.000000
17 14 74 1.000000
17 74 14 1.000000
17 16 46 1.000000
17 46 16 1.000000
17 16 74 1.000000
17 74 16 1.000000
17 46 74 1.000000
17 74 46 1.000000
18 19 21 1.000000
18 21 19 1.000000
18 19 95 1.000000
18 95 19 1.000000
18 19 107 1.000000
18 107 19 1.000000
18 21 95 1.000000
18 95 21 1.000000
18 21 107 1.000000
18 107 21 1.000000
18 95 107 1.000000
18 107 95 1.000000
19 18 50 1.000000
19 50 18 1.000000
19 18 96 1.000000
19 96 18 1.000000
19 18 20 1.000000
19 20 18 1.000000
19 50 96 1.000000
19 96 50 1.000000
19 20 50 1.000000
19 50 20 1.000000
19 20 96 1.000000
19 96 20 1.000000
20 21 61 1.000000
20 61 21 1.000000
20 21 88 1.000000
20 88 21 1.000000
20 19 21 1.000000
20 21 19 1.000000
20 19 61 1.000000
20 61 19 1.000000
20 19 88 1.000000
20 88 19 1.000000
20 61 88 1.000000
20 88 61 1.000000
21 18 20 1.000000
21 20 18 1.000000
21 18 108 1.000000
21 108 18 1.000000
21 18 89 1.000000
21 89 18 1.000000
21 20 108 1.000000
21 108 20 1.000000
21 20 89 1.000000
21 89 20 1.000000
21 89 108 1.000000
21 108 89 1.000000
22 23 25 1.000000
22 25 23 1.000000
22 23 55 1.000000
22 55 23 1.000000
22 23 99 1.000000
22 99 23 1.000000
22 25 55 1.000000
22 55 25 1.000000
22 25 99 1.000000
22 99 25 1.000000
22 55 99 1.000000
22 99 55 1.000000
23 22 100 1.000000
23 100 22 1.000000
23 22 24 1.000000
23 24 22 1.000000
23 24 100 1.000000
23 100 24 1.000000
24 25 90 1.000000
24 90 25 1.000000
24 23 25 1.000000
24 25 23 1.000000
24 23 90 1.000000
24 90 23 1.000000
25 22 24 1.000000
25 24 22 1.000000
25 22 56 1.000000
25 56 22 1.000000
25 22 91 1.000000
25 91 22 1.000000
25 24 56 1.000000
25 56 24 1.000000
25 24 91 1.000000
25 91 24 1.000000
25 56 91 1.000000
25 91 56 1.000000
26 28 94 1.000000
26 94 28 1.000000
27 29 33 1.000000
27 33 29 1.000000
28 26 30 1.000000
28 30 26 1.000000
29 27 97 1.000000
29 97 27 1.000000
30 28 32 1.000000
30 32 28 1.000000
31 33 36 1.000000
31 36 33 1.000000
32 30 35 1.000000
32 35 30 1.000000
33 27 31 1.000000
33 31 27 1.000000
34 13 35 1.000000
34 35 13 1.000000
35 32 34 1.000000
35 34 32 1.000000
36 31 37 1.000000
36 37 31 1.000000
37 12 36 1.000000
37 36 12 1.000000
38 40 98 1.000000
38 98 40 1.000000
39 41 45 1.000000
39 45 41 1.000000
40 38 42 1.000000
40 42 38 1.000000
41 39 101 1.000000
41 101 39 1.000000
42 40 44 1.000000
42 44 40 1.000000
43 45 48 1.000000
43 48 45 1.000000
44 42 47 1.000000
44 47 42 1.000000
45 39 43 1.000000
45 43 39 1.000000
46 17 47 1.000000
46 47 17 1.000000
47 44 46 1.000000
47 46 44 1.000000
48 43 49 1.000000
48 49 43 1.000000
49 16 48 1.000000
49 48 16 1.000000
50 19 51 1.000000
50 51 19 1.000000
51 50 52 1.000000
51 52 50 1.000000
52 51 53 1.000000
52 53 51 1.000000
53 52 54 1.000000
53 54 52 1.000000
54 53 55 1.000000
54 55 53 1.000000
55 22 54 1.000000
55 54 22 1.000000
56 25 57 1.000000
56 57 25 1.000000
57 56 58 1.000000
57 58 56 1.000000
58 57 59 1.000000
58 59 57 1.000000
59 58 60 1.000000
59 60 58 1.000000
60 59 61 1.000000
60 61 59 1.000000
61 20 60 1.000000
61 60 20 1.000000
62 3 63 1.000000
62 63 3 1.000000
63 62 64 1.000000
63 64 62 1.000000
64 63 65 1.000000
64 65 63 1.000000
65 64 66 1.000000
65 66 64 1.000000
66 65 67 1.000000
66 67 65 1.000000
67 0 66 1.000000
67 66 0 1.000000
68 1 69 1.000000
68 69 1 1.000000
69 68 70 1.000000
69 70 68 1.000000
70 69 71 1.000000
70 71 69 1.000000
71 70 72 1.000000
71 72 70 1.000000
72 71 73 1.000000
72 73 71 1.000000
73 14 72 1.000000
73 72 14 1.000000
74 17 75 1.000000
74 75 17 1.000000
75 74 76 1.000000
75 76 74 1.000000
76 75 77 1.000000
76 77 75 1.000000
77 76 78 1.000000
77 78 76 1.000000
78 77 79 1.000000
78 79 77 1.000000
79 12 78 1.000000
79 78 12 1.000000
80 13 81 1.000000
80 81 13 1.000000
81 80 82 1.000000
81 82 80 1.000000
82 81 83 1.000000
82 83 81 1.000000
83 82 84 1.000000
83 84 82 1.000000
84 83 85 1.000000
84 85 83 1.000000
85 2 84 1.000000
85 84 2 1.000000
94 26 95 1.000000
94 95 26 1.000000
95 18 94 1.000000
95 94 18 1.000000
96 19 97 1.000000
96 97 19 1.000000
97 29 96 1.000000
97 96 29 1.000000
98 38 99 1.000000
98 99 38 1.000000
99 22 98 1.000000
99 98 22 1.000000
100 23 101 1.000000
100 101 23 1.000000
101 41 100 1.000000
101 100 41 1.000000
102 92 103 1.000000
102 103 92 1.000000
103 102 104 1.000000
103 104 102 1.000000
104 103 105 1.000000
104 105 103 1.000000
105 104 106 1.000000
105 106 104 1.000000
106 105 107 1.000000
106 107 105 1.000000
107 18 106 1.000000
107 106 18 1.000000
108 21 109 1.000000
108 109 21 1.000000
109 108 110 1.000000
109 110 108 1.000000
110 109 111 1.000000
110 111 109 1.000000
111 110 112 1.000000
111 112 110 1.000000
112 111 113 1.000000
112 113 111 1.000000
113 93 112 1.000000
113 112 93 1.000000
114 5 115 1.000000
114 115 5 1.000000
115 114 116 1.000000
115 116 114 1.000000
116 115 117 1.000000
116 117 115 1.000000
117 116 118 1.000000
117 118 116 1.000000
118 117 119 1.000000
118 119 117 1.000000
119 0 118 1.000000
119 118 0 1.000000
120 1 121 1.000000
120 121 1 1.000000
121 120 122 1.000000
121 122 120 1.000000
122 121 123 1.000000
122 123 121 1.000000
123 122 124 1.000000
123 124 122 1.000000
124 123 125 1.000000
124 125 123 1.000000
125 4 124 1.000000
125 124 4 1.000000
127 126 128 1.000000
127 128 126 1.000000
128 127 129 1.000000
128 129 127 1.000000
129 128 130 1.000000
129 130 128 1.000000
130 129 131 1.000000
130 131 129 1.000000
131 14 130 1.000000
131 130 14 1.000000
132 15 133 1.000000
132 133 15 1.000000
133 132 134 1.000000
133 134 132 1.000000
134 133 135 1.000000
134 135 133 1.000000
135 134 136 1.000000
135 136 134 1.000000
136 135 137 1.000000
136 137 135 1.000000
;
param D:=0.5;
param t_hat_ear:=
0 9 4.0
0 5 5.0
0 114 6.0
0 115 7.0
0 116 8.0
0 117 9.0
0 118 10.0
0 119 11.0
0 0 12.0
0 1 13.0
0 68 14.0
0 69 15.0
0 70 16.0
0 71 17.0
0 72 18.0
0 73 19.0
0 14 20.0
0 17 21.0
0 46 22.0
0 47 23.0
0 142 24.0
1 145 0.0
1 92 1.0
1 102 2.0
1 103 3.0
1 104 4.0
1 105 5.0
1 106 6.0
1 107 7.0
1 18 8.0
1 19 9.0
1 96 10.0
1 97 11.0
1 29 12.0
1 27 13.0
1 33 14.0
1 31 15.0
1 36 16.0
1 141 17.0
2 147 2.0
2 49 3.0
2 16 4.0
2 17 5.0
2 74 6.0
2 75 7.0
2 76 8.0
2 77 9.0
2 78 10.0
2 79 11.0
2 12 12.0
2 13 13.0
2 80 14.0
2 81 15.0
2 82 16.0
2 83 17.0
2 84 18.0
2 85 19.0
2 2 20.0
2 10 21.0
3 7 5.0
3 126 6.0
3 127 7.0
3 128 8.0
3 129 9.0
3 130 10.0
3 131 11.0
3 14 12.0
3 17 13.0
3 74 14.0
3 75 15.0
3 76 16.0
3 77 17.0
3 78 18.0
3 79 19.0
3 12 20.0
3 1 21.0
3 120 22.0
3 121 23.0
3 122 24.0
3 123 25.0
3 124 26.0
3 125 27.0
3 4 28.0
3 8 29.0
4 146 1.0
4 34 2.0
4 35 3.0
4 32 4.0
4 30 5.0
4 28 6.0
4 26 7.0
4 94 8.0
4 95 9.0
4 18 10.0
4 19 11.0
4 50 12.0
4 51 13.0
4 52 14.0
4 53 15.0
4 54 16.0
4 55 17.0
4 22 18.0
4 25 19.0
4 91 20.0
4 138 21.0
5 147 0.0
5 49 1.0
5 16 2.0
5 15 3.0
5 132 4.0
5 133 5.0
5 134 6.0
5 135 7.0
5 136 8.0
5 137 9.0
5 6 10.0
6 11 8.0
6 3 9.0
6 62 10.0
6 63 11.0
6 64 12.0
6 65 13.0
6 66 14.0
6 67 15.0
6 0 16.0
6 1 17.0
6 68 18.0
6 69 19.0
6 70 20.0
6 71 21.0
6 72 22.0
6 73 23.0
6 14 24.0
6 17 25.0
6 46 26.0
6 47 27.0
6 142 28.0
7 143 0.0
7 90 1.0
7 24 2.0
7 25 3.0
7 56 4.0
7 57 5.0
7 58 6.0
7 59 7.0
7 60 8.0
7 61 9.0
7 20 10.0
7 21 11.0
7 108 12.0
7 109 13.0
7 110 14.0
7 111 15.0
7 112 16.0
7 113 17.0
7 93 18.0
7 140 19.0
8 9 0.0
8 5 1.0
8 114 2.0
8 115 3.0
8 116 4.0
8 117 5.0
8 118 6.0
8 119 7.0
8 0 8.0
8 13 9.0
8 34 10.0
8 35 11.0
8 32 12.0
8 30 13.0
8 28 14.0
8 26 15.0
8 94 16.0
8 95 17.0
8 18 18.0
8 21 19.0
8 89 20.0
8 139 21.0
9 143 2.0
9 90 3.0
9 24 4.0
9 25 5.0
9 56 6.0
9 57 7.0
9 58 8.0
9 59 9.0
9 60 10.0
9 61 11.0
9 20 12.0
9 21 13.0
9 89 14.0
9 139 15.0
10 7 8.1
10 126 8.0
10 127 9.0
10 128 10.0
10 129 11.0
10 130 12.0
10 131 13.0
10 14 14.0
10 17 15.0
10 46 16.0
10 47 17.0
10 142 18.0
11 147 4.0
11 49 5.0
11 16 6.0
11 15 7.0
11 132 8.0
11 133 9.0
11 134 10.0
11 135 11.0
11 136 12.0
11 137 13.0
11 6 14.0
12 7 0.0
12 126 1.0
12 127 2.0
12 128 3.0
12 129 4.0
12 130 5.0
12 131 6.0
12 14 7.0
12 17 8.0
12 46 9.0
12 47 10.0
12 142 11.0
13 11 2.0
13 3 3.0
13 62 4.0
13 63 5.0
13 64 6.0
13 65 7.0
13 66 8.0
13 67 9.0
13 0 10.0
13 1 11.0
13 120 12.0
13 121 13.0
13 122 14.0
13 123 15.0
13 124 16.0
13 125 17.0
13 4 18.0
13 8 19.0
14 147 6.0
14 46 7.0
14 47 8.0
14 44 9.0
14 42 10.0
14 40 11.0
14 38 12.0
14 98 13.0
14 99 14.0
14 22 15.0
14 25 16.0
14 91 17.0
14 138 18.0
15 147 8.0
15 49 9.0
15 16 10.0
15 17 11.0
15 74 12.0
15 75 13.0
15 76 14.0
15 77 15.0
15 78 16.0
15 79 17.0
15 12 18.0
15 1 19.0
15 120 20.0
15 121 21.0
15 122 22.0
15 123 23.0
15 124 24.0
15 125 25.0
15 4 26.0
15 8 27.0
16 145 5.0
16 92 6.0
16 102 7.0
16 103 8.0
16 104 9.0
16 105 10.0
16 106 11.0
16 107 12.0
16 18 13.0
16 19 14.0
16 50 15.0
16 51 16.0
16 52 17.0
16 53 18.0
16 54 19.0
16 55 20.0
16 22 21.0
16 23 22.0
16 100 23.0
16 101 24.0
16 41 25.0
16 39 26.0
16 45 27.0
16 43 28.0
16 48 29.0
16 142 30.0
17 146 8.0
17 37 9.0
17 12 10.0
17 13 11.0
17 80 12.0
17 81 13.0
17 82 14.0
17 83 15.0
17 84 16.0
17 85 17.0
17 2 18.0
17 10 19.0
18 11 6.0
18 3 7.0
18 62 8.0
18 63 9.0
18 64 10.0
18 65 11.0
18 66 12.0
18 67 13.0
18 0 14.0
18 1 15.0
18 68 16.0
18 69 17.0
18 70 18.0
18 71 19.0
18 72 20.0
18 73 21.0
18 14 22.0
18 15 23.0
18 132 24.0
18 133 25.0
18 134 26.0
18 135 27.0
18 136 28.0
18 137 29.0
18 6 30.0
19 147 16.0
19 49 17.0
19 16 18.0
19 17 19.0
19 74 20.0
19 75 21.0
19 76 22.0
19 77 23.0
19 78 24.0
19 79 25.0
19 12 26.0
19 1 27.0
19 120 28.0
19 121 29.0
19 122 30.0
19 123 31.0
19 124 32.0
19 125 33.0
19 4 34.0
19 8 35.0
20 145 12.0
20 92 13.0
20 102 14.0
20 103 15.0
20 104 16.0
20 105 17.0
20 106 18.0
20 107 19.0
20 18 20.0
20 19 21.0
20 96 22.0
20 97 23.0
20 29 24.0
20 27 25.0
20 33 26.0
20 31 27.0
20 36 28.0
20 141 29.0
21 147 14.0
21 49 15.0
21 16 16.0
21 17 17.0
21 74 18.0
21 75 19.0
21 76 20.0
21 77 21.0
21 78 22.0
21 79 23.0
21 12 24.0
21 13 25.0
21 80 26.0
21 81 27.0
21 82 28.0
21 83 29.0
21 84 30.0
21 85 31.0
21 2 32.0
21 10 33.0
22 146 17.0
22 34 18.0
22 35 19.0
22 32 20.0
22 30 21.0
22 28 22.0
22 26 23.0
22 94 24.0
22 95 25.0
22 18 26.0
22 19 27.0
22 50 28.0
22 51 29.0
22 52 30.0
22 53 31.0
22 54 32.0
22 55 33.0
22 22 34.0
22 25 35.0
22 91 36.0
22 138 37.0
23 145 14.0
23 92 15.0
23 102 16.0
23 103 17.0
23 104 18.0
23 105 19.0
23 106 20.0
23 107 21.0
23 18 22.0
23 19 23.0
23 50 24.0
23 51 25.0
23 52 26.0
23 53 27.0
23 54 28.0
23 55 29.0
23 22 30.0
23 25 31.0
23 91 32.0
23 138 33.0
24 146 19.0
24 34 20.0
24 35 21.0
24 32 22.0
24 30 23.0
24 28 24.0
24 26 25.0
24 94 26.0
24 95 27.0
24 18 28.0
24 21 29.0
24 108 30.0
24 109 31.0
24 110 32.0
24 111 33.0
24 112 34.0
24 113 35.0
24 93 36.0
24 140 37.0
25 7 19.0
25 126 20.0
25 127 21.0
25 128 22.0
25 129 23.0
25 130 24.0
25 131 25.0
25 14 26.0
25 17 27.0
25 46 28.0
25 47 29.0
25 44 30.0
25 42 31.0
25 40 32.0
25 38 33.0
25 98 34.0
25 99 35.0
25 22 36.0
25 25 37.0
25 91 38.0
25 138 39.0
26 146 26.0
26 37 27.0
26 12 28.0
26 1 29.0
26 120 30.0
26 121 31.0
26 122 32.0
26 123 33.0
26 124 34.0
26 125 35.0
26 4 36.0
26 8 37.0
27 147 28.0
27 49 29.0
27 16 30.0
27 17 31.0
27 74 32.0
27 75 33.0
27 76 34.0
27 77 35.0
27 78 36.0
27 79 37.0
27 12 38.0
27 13 39.0
27 80 40.0
27 81 41.0
27 82 42.0
27 83 43.0
27 84 44.0
27 85 45.0
27 2 46.0
27 10 47.0
28 145 24.0
28 92 25.0
28 102 26.0
28 103 27.0
28 104 28.0
28 105 29.0
28 106 30.0
28 107 31.0
28 18 32.0
28 19 33.0
28 96 34.0
28 97 35.0
28 29 36.0
28 27 37.0
28 33 38.0
28 31 39.0
28 36 40.0
28 141 41.0
29 144 13.0
29 88 14.0
29 20 15.0
29 19 16.0
29 50 17.0
29 51 18.0
29 52 19.0
29 53 20.0
29 54 21.0
29 55 22.0
29 22 23.0
29 25 24.0
29 91 25.0
29 138 26.0
30 147 19.0
30 46 20.0
30 47 21.0
30 44 22.0
30 42 23.0
30 40 24.0
30 38 25.0
30 98 26.0
30 99 27.0
30 22 28.0
30 25 29.0
30 91 30.0
30 138 31.0
31 143 12.0
31 90 13.0
31 24 14.0
31 23 15.0
31 100 16.0
31 101 17.0
31 41 18.0
31 39 19.0
31 45 20.0
31 43 21.0
31 48 22.0
31 49 23.0
31 16 24.0
31 15 25.0
31 132 26.0
31 133 27.0
31 134 28.0
31 135 29.0
31 136 30.0
31 137 31.0
31 6 32.0
32 145 26.0
32 92 27.0
32 102 28.0
32 103 29.0
32 104 30.0
32 105 31.0
32 106 32.0
32 107 33.0
32 18 34.0
32 21 35.0
32 89 36.0
32 139 37.0
33 144 16.0
33 88 17.0
33 20 18.0
33 19 19.0
33 96 20.0
33 97 21.0
33 29 22.0
33 27 23.0
33 33 24.0
33 31 25.0
33 36 26.0
33 141 27.0
34 145 16.0
34 92 17.0
34 102 18.0
34 103 19.0
34 104 20.0
34 105 21.0
34 106 22.0
34 107 23.0
34 18 24.0
34 19 25.0
34 96 26.0
34 97 27.0
34 29 28.0
34 27 29.0
34 33 30.0
34 31 31.0
34 36 32.0
34 141 33.0
35 9 14.0
35 5 15.0
35 114 16.0
35 115 17.0
35 116 18.0
35 117 19.0
35 118 20.0
35 119 21.0
35 0 22.0
35 1 23.0
35 68 24.0
35 69 25.0
35 70 26.0
35 71 27.0
35 72 28.0
35 73 29.0
35 14 30.0
35 15 31.0
35 132 32.0
35 133 33.0
35 134 34.0
35 135 35.0
35 136 36.0
35 137 37.0
35 6 38.0
36 145 49.0
36 92 50.0
36 102 51.0
36 103 52.0
36 104 53.0
36 105 54.0
36 106 55.0
36 107 56.0
36 18 57.0
36 19 58.0
36 50 59.0
36 51 60.0
36 52 61.0
36 53 62.0
36 54 63.0
36 55 64.0
36 22 65.0
36 23 66.0
36 100 67.0
36 101 68.0
36 41 69.0
36 39 70.0
36 45 71.0
36 43 72.0
36 48 73.0
36 142 74.0
37 145 28.0
37 92 29.0
37 102 30.0
37 103 31.0
37 104 32.0
37 105 33.0
37 106 34.0
37 107 35.0
37 18 36.0
37 19 37.0
37 96 38.0
37 97 39.0
37 29 40.0
37 27 41.0
37 33 42.0
37 31 43.0
37 36 44.0
37 141 45.0
38 11 12.0
38 3 13.0
38 62 14.0
38 63 15.0
38 64 16.0
38 65 17.0
38 66 18.0
38 67 19.0
38 0 20.0
38 13 21.0
38 34 22.0
38 35 23.0
38 32 24.0
38 30 25.0
38 28 26.0
38 26 27.0
38 94 28.0
38 95 29.0
38 18 30.0
38 21 31.0
38 89 32.0
38 139 33.0
39 143 15.0
39 90 16.0
39 24 17.0
39 23 18.0
39 100 19.0
39 101 20.0
39 41 21.0
39 39 22.0
39 45 23.0
39 43 24.0
39 48 25.0
39 142 26.0
40 147 26.0
40 49 27.0
40 16 28.0
40 17 29.0
40 74 30.0
40 75 31.0
40 76 32.0
40 77 33.0
40 78 34.0
40 79 35.0
40 12 36.0
40 13 37.0
40 80 38.0
40 81 39.0
40 82 40.0
40 83 41.0
40 84 42.0
40 85 43.0
40 2 44.0
40 10 45.0
41 143 21.0
41 90 22.0
41 24 23.0
41 23 24.0
41 100 25.0
41 101 26.0
41 41 27.0
41 39 28.0
41 45 29.0
41 43 30.0
41 48 31.0
41 142 32.0
42 145 38.0
42 92 39.0
42 102 40.0
42 103 41.0
42 104 42.0
42 105 43.0
42 106 44.0
42 107 45.0
42 18 46.0
42 19 47.0
42 96 48.0
42 97 49.0
42 29 50.0
42 27 51.0
42 33 52.0
42 31 53.0
42 36 54.0
42 141 55.0
43 11 28.0
43 3 29.0
43 62 30.0
43 63 31.0
43 64 32.0
43 65 33.0
43 66 34.0
43 67 35.0
43 0 36.0
43 1 37.0
43 68 38.0
43 69 39.0
43 70 40.0
43 71 41.0
43 72 42.0
43 73 43.0
43 14 44.0
43 17 45.0
43 46 46.0
43 47 47.0
43 142 48.0
44 143 30.0
44 90 31.0
44 24 32.0
44 25 33.0
44 56 34.0
44 57 35.0
44 58 36.0
44 59 37.0
44 60 38.0
44 61 39.0
44 20 40.0
44 21 41.0
44 108 42.0
44 109 43.0
44 110 44.0
44 111 45.0
44 112 46.0
44 113 47.0
44 93 48.0
44 140 49.0
45 9 26.0
45 5 27.0
45 114 28.0
45 115 29.0
45 116 30.0
45 117 31.0
45 118 32.0
45 119 33.0
45 0 34.0
45 13 35.0
45 34 36.0
45 35 37.0
45 32 38.0
45 30 39.0
45 28 40.0
45 26 41.0
45 94 42.0
45 95 43.0
45 18 44.0
45 21 45.0
45 89 46.0
45 139 47.0
46 7 27.0
46 126 28.0
46 127 29.0
46 128 30.0
46 129 31.0
46 130 32.0
46 131 33.0
46 14 34.0
46 17 35.0
46 74 36.0
46 75 37.0
46 76 38.0
46 77 39.0
46 78 40.0
46 79 41.0
46 12 42.0
46 1 43.0
46 120 44.0
46 121 45.0
46 122 46.0
46 123 47.0
46 124 48.0
46 125 49.0
46 4 50.0
46 8 51.0
47 147 39.0
47 49 40.0
47 16 41.0
47 17 42.0
47 74 43.0
47 75 44.0
47 76 45.0
47 77 46.0
47 78 47.0
47 79 48.0
47 12 49.0
47 13 50.0
47 34 51.0
47 35 52.0
47 141 53.0
48 7 25.0
48 126 26.0
48 127 27.0
48 128 28.0
48 129 29.0
48 130 30.0
48 131 31.0
48 14 32.0
48 17 33.0
48 46 34.0
48 47 35.0
48 44 36.0
48 42 37.0
48 40 38.0
48 38 39.0
48 98 40.0
48 99 41.0
48 22 42.0
48 25 43.0
48 91 44.0
48 138 45.0
51 143 24.0
51 90 25.0
51 24 26.0
51 25 27.0
51 56 28.0
51 57 29.0
51 58 30.0
51 59 31.0
51 60 32.0
51 61 33.0
51 20 34.0
51 19 35.0
51 96 36.0
51 97 37.0
51 29 38.0
51 27 39.0
51 33 40.0
51 31 41.0
51 36 42.0
51 141 43.0
52 11 22.0
52 3 23.0
52 62 24.0
52 63 25.0
52 64 26.0
52 65 27.0
52 66 28.0
52 67 29.0
52 0 30.0
52 1 31.0
52 120 32.0
52 121 33.0
52 122 34.0
52 123 35.0
52 124 36.0
52 125 37.0
52 4 38.0
52 8 39.0
53 9 24.0
53 5 25.0
53 114 26.0
53 115 27.0
53 116 28.0
53 117 29.0
53 118 30.0
53 119 31.0
53 0 32.0
53 13 33.0
53 34 34.0
53 35 35.0
53 32 36.0
53 30 37.0
53 28 38.0
53 26 39.0
53 94 40.0
53 95 41.0
53 18 42.0
53 21 43.0
53 89 44.0
53 139 45.0
54 7 29.0
54 126 30.0
54 127 31.0
54 128 32.0
54 129 33.0
54 130 34.0
54 131 35.0
54 14 36.0
54 17 37.0
54 74 38.0
54 75 39.0
54 76 40.0
54 77 41.0
54 78 42.0
54 79 43.0
54 12 44.0
54 1 45.0
54 120 46.0
54 121 47.0
54 122 48.0
54 123 49.0
54 124 50.0
54 125 51.0
54 4 52.0
54 8 53.0
55 144 28.0
55 88 29.0
55 20 30.0
55 19 31.0
55 96 32.0
55 97 33.0
55 29 34.0
55 27 35.0
55 33 36.0
55 31 37.0
55 36 38.0
55 37 39.0
55 12 40.0
55 13 41.0
55 80 42.0
55 81 43.0
55 82 44.0
55 83 45.0
55 84 46.0
55 85 47.0
55 2 48.0
55 10 49.0
56 146 39.0
56 34 40.0
56 35 41.0
56 32 42.0
56 30 43.0
56 28 44.0
56 26 45.0
56 94 46.0
56 95 47.0
56 18 48.0
56 21 49.0
56 89 50.0
56 139 51.0
57 9 20.0
57 5 21.0
57 114 22.0
57 115 23.0
57 116 24.0
57 117 25.0
57 118 26.0
57 119 27.0
57 0 28.0
57 13 29.0
57 34 30.0
57 35 31.0
57 32 32.0
57 30 33.0
57 28 34.0
57 26 35.0
57 94 36.0
57 95 37.0
57 18 38.0
57 21 39.0
57 89 40.0
57 139 41.0
58 147 37.0
58 49 38.0
58 16 39.0
58 17 40.0
58 74 41.0
58 75 42.0
58 76 43.0
58 77 44.0
58 78 45.0
58 79 46.0
58 12 47.0
58 13 48.0
58 80 49.0
58 81 50.0
58 82 51.0
58 83 52.0
58 84 53.0
58 85 54.0
58 2 55.0
58 10 56.0
59 145 32.0
59 92 33.0
59 102 34.0
59 103 35.0
59 104 36.0
59 105 37.0
59 106 38.0
59 107 39.0
59 18 40.0
59 19 41.0
59 96 42.0
59 97 43.0
59 29 44.0
59 27 45.0
59 33 46.0
59 31 47.0
59 36 48.0
59 141 49.0
60 143 39.0
60 90 40.0
60 24 41.0
60 23 42.0
60 100 43.0
60 101 44.0
60 41 45.0
60 39 46.0
60 45 47.0
60 43 48.0
60 48 49.0
60 142 50.0
61 146 30.0
61 37 31.0
61 12 32.0
61 1 33.0
61 68 34.0
61 69 35.0
61 70 36.0
61 71 37.0
61 72 38.0
61 73 39.0
61 14 40.0
61 15 41.0
61 132 42.0
61 133 43.0
61 134 44.0
61 135 45.0
61 136 46.0
61 137 47.0
61 6 48.0
62 7 39.0
62 126 40.0
62 127 41.0
62 128 42.0
62 129 43.0
62 130 44.0
62 131 45.0
62 14 46.0
62 17 47.0
62 46 48.0
62 47 49.0
62 44 50.0
62 42 51.0
62 40 52.0
62 38 53.0
62 98 54.0
62 99 55.0
62 22 56.0
62 25 57.0
62 91 58.0
62 138 59.0
63 9 35.0
63 5 36.0
63 114 37.0
63 115 38.0
63 116 39.0
63 117 40.0
63 118 41.0
63 119 42.0
63 0 43.0
63 13 44.0
63 34 45.0
63 35 46.0
63 141 47.0
64 144 46.0
64 88 47.0
64 20 48.0
64 19 49.0
64 96 50.0
64 97 51.0
64 29 52.0
64 27 53.0
64 33 54.0
64 31 55.0
64 36 56.0
64 141 57.0
65 11 30.0
65 3 31.0
65 62 32.0
65 63 33.0
65 64 34.0
65 65 35.0
65 66 36.0
65 67 37.0
65 0 38.0
65 1 39.0
65 120 40.0
65 121 41.0
65 122 42.0
65 123 43.0
65 124 44.0
65 125 45.0
65 4 46.0
65 8 47.0
66 11 37.0
66 3 38.0
66 62 39.0
66 63 40.0
66 64 41.0
66 65 42.0
66 66 43.0
66 67 44.0
66 0 45.0
66 13 46.0
66 34 47.0
66 35 48.0
66 32 49.0
66 30 50.0
66 28 51.0
66 26 52.0
66 94 53.0
66 95 54.0
66 18 55.0
66 21 56.0
66 89 57.0
66 139 58.0
67 144 36.0
67 88 37.0
67 20 38.0
67 19 39.0
67 50 40.0
67 51 41.0
67 52 42.0
67 53 43.0
67 54 44.0
67 55 45.0
67 22 46.0
67 25 47.0
67 91 48.0
67 138 49.0
69 147 47.0
69 49 48.0
69 16 49.0
69 17 50.0
69 74 51.0
69 75 52.0
69 76 53.0
69 77 54.0
69 78 55.0
69 79 56.0
69 12 57.0
69 13 58.0
69 34 59.0
69 35 60.0
69 141 61.0
70 145 45.0
70 92 46.0
70 102 47.0
70 103 48.0
70 104 49.0
70 105 50.0
70 106 51.0
70 107 52.0
70 18 53.0
70 19 54.0
70 50 55.0
70 51 56.0
70 52 57.0
70 53 58.0
70 54 59.0
70 55 60.0
70 22 61.0
70 23 62.0
70 100 63.0
70 101 64.0
70 41 65.0
70 39 66.0
70 45 67.0
70 43 68.0
70 48 69.0
70 142 70.0
71 147 30.0
71 49 31.0
71 16 32.0
71 15 33.0
71 132 34.0
71 133 35.0
71 134 36.0
71 135 37.0
71 136 38.0
71 137 39.0
71 6 40.0
72 9 32.0
72 5 33.0
72 114 34.0
72 115 35.0
72 116 36.0
72 117 37.0
72 118 38.0
72 119 39.0
72 0 40.0
72 1 41.0
72 68 42.0
72 69 43.0
72 70 44.0
72 71 45.0
72 72 46.0
72 73 47.0
72 14 48.0
72 15 49.0
72 132 50.0
72 133 51.0
72 134 52.0
72 135 53.0
72 136 54.0
72 137 55.0
72 6 56.0
73 147 32.0
73 49 33.0
73 16 34.0
73 15 35.0
73 132 36.0
73 133 37.0
73 134 38.0
73 135 39.0
73 136 40.0
73 137 41.0
73 6 42.0
74 11 47.0
74 3 48.0
74 62 49.0
74 63 50.0
74 64 51.0
74 65 52.0
74 66 53.0
74 67 54.0
74 0 55.0
74 13 56.0
74 34 57.0
74 35 58.0
74 32 59.0
74 30 60.0
74 28 61.0
74 26 62.0
74 94 63.0
74 95 64.0
74 18 65.0
74 21 66.0
74 89 67.0
74 139 68.0
75 145 42.0
75 92 43.0
75 102 44.0
75 103 45.0
75 104 46.0
75 105 47.0
75 106 48.0
75 107 49.0
75 18 50.0
75 21 51.0
75 89 52.0
75 139 53.0
77 144 49.0
77 88 50.0
77 20 51.0
77 19 52.0
77 96 53.0
77 97 54.0
77 29 55.0
77 27 56.0
77 33 57.0
77 31 58.0
77 36 59.0
77 37 60.0
77 12 61.0
77 13 62.0
77 80 63.0
77 81 64.0
77 82 65.0
77 83 66.0
77 84 67.0
77 85 68.0
77 2 69.0
77 10 70.0
78 144 40.0
78 88 41.0
78 20 42.0
78 19 43.0
78 50 44.0
78 51 45.0
78 52 46.0
78 53 47.0
78 54 48.0
78 55 49.0
78 22 50.0
78 23 51.0
78 100 52.0
78 101 53.0
78 41 54.0
78 39 55.0
78 45 56.0
78 43 57.0
78 48 58.0
78 142 59.0
79 147 49.0
79 49 50.0
79 16 51.0
79 17 52.0
79 74 53.0
79 75 54.0
79 76 55.0
79 77 56.0
79 78 57.0
79 79 58.0
79 12 59.0
79 13 60.0
79 34 61.0
79 35 62.0
79 141 63.0
81 11 41.0
81 3 42.0
81 62 43.0
81 63 44.0
81 64 45.0
81 65 46.0
81 66 47.0
81 67 48.0
81 0 49.0
81 1 50.0
81 68 51.0
81 69 52.0
81 70 53.0
81 71 54.0
81 72 55.0
81 73 56.0
81 14 57.0
81 17 58.0
81 46 59.0
81 47 60.0
81 142 61.0
84 7 46.0
84 126 47.0
84 127 48.0
84 128 49.0
84 129 50.0
84 130 51.0
84 131 52.0
84 14 53.0
84 17 54.0
84 46 55.0
84 47 56.0
84 44 57.0
84 42 58.0
84 40 59.0
84 38 60.0
84 98 61.0
84 99 62.0
84 22 63.0
84 25 64.0
84 91 65.0
84 138 66.0
85 143 47.0
85 90 48.0
85 24 49.0
85 25 50.0
85 56 51.0
85 57 52.0
85 58 53.0
85 59 54.0
85 60 55.0
85 61 56.0
85 20 57.0
85 21 58.0
85 108 59.0
85 109 60.0
85 110 61.0
85 111 62.0
85 112 63.0
85 113 64.0
85 93 65.0
85 140 66.0
86 11 45.0
86 3 46.0
86 62 47.0
86 63 48.0
86 64 49.0
86 65 50.0
86 66 51.0
86 67 52.0
86 0 53.0
86 13 54.0
86 34 55.0
86 35 56.0
86 32 57.0
86 30 58.0
86 28 59.0
86 26 60.0
86 94 61.0
86 95 62.0
86 18 63.0
86 21 64.0
86 89 65.0
86 139 66.0
87 11 43.0
87 3 44.0
87 62 45.0
87 63 46.0
87 64 47.0
87 65 48.0
87 66 49.0
87 67 50.0
87 0 51.0
87 1 52.0
87 68 53.0
87 69 54.0
87 70 55.0
87 71 56.0
87 72 57.0
87 73 58.0
87 14 59.0
87 17 60.0
87 46 61.0
87 47 62.0
87 142 63.0
91 143 41.0
91 90 42.0
91 24 43.0
91 23 44.0
91 100 45.0
91 101 46.0
91 41 47.0
91 39 48.0
91 45 49.0
91 43 50.0
91 48 51.0
91 49 52.0
91 16 53.0
91 15 54.0
91 132 55.0
91 133 56.0
91 134 57.0
91 135 58.0
91 136 59.0
91 137 60.0
91 6 61.0
93 144 42.0
93 88 43.0
93 20 44.0
93 19 45.0
93 96 46.0
93 97 47.0
93 29 48.0
93 27 49.0
93 33 50.0
93 31 51.0
93 36 52.0
93 37 53.0
93 12 54.0
93 1 55.0
93 120 56.0
93 121 57.0
93 122 58.0
93 123 59.0
93 124 60.0
93 125 61.0
93 4 62.0
93 8 63.0
95 146 49.0
95 37 50.0
95 12 51.0
95 13 52.0
95 80 53.0
95 81 54.0
95 82 55.0
95 83 56.0
95 84 57.0
95 85 58.0
95 2 59.0
95 10 60.0
97 143 49.0
97 90 50.0
97 24 51.0
97 25 52.0
97 56 53.0
97 57 54.0
97 58 55.0
97 59 56.0
97 60 57.0
97 61 58.0
97 20 59.0
97 21 60.0
97 89 61.0
97 139 62.0
99 11 49.0
99 3 50.0
99 62 51.0
99 63 52.0
99 64 53.0
99 65 54.0
99 66 55.0
99 67 56.0
99 0 57.0
99 1 58.0
99 68 59.0
99 69 60.0
99 70 61.0
99 71 62.0
99 72 63.0
99 73 64.0
99 14 65.0
99 15 66.0
99 132 67.0
99 133 68.0
99 134 69.0
99 135 70.0
99 136 71.0
99 137 72.0
99 6 73.0
;
param t_hat_lat:=
0 9 5.0
0 5 6.0
0 114 7.0
0 115 8.0
0 116 9.0
0 117 10.0
0 118 11.0
0 119 12.0
0 0 13.0
0 1 14.0
0 68 15.0
0 69 16.0
0 70 17.0
0 71 18.0
0 72 19.0
0 73 20.0
0 14 21.0
0 17 22.0
0 46 23.0
0 47 24.0
0 142 25.0
1 145 1.0
1 92 2.0
1 102 3.0
1 103 4.0
1 104 5.0
1 105 6.0
1 106 7.0
1 107 8.0
1 18 9.0
1 19 10.0
1 96 11.0
1 97 12.0
1 29 13.0
1 27 14.0
1 33 15.0
1 31 16.0
1 36 17.0
1 141 18.0
2 147 3.0
2 49 4.0
2 16 5.0
2 17 6.0
2 74 7.0
2 75 8.0
2 76 9.0
2 77 10.0
2 78 11.0
2 79 12.0
2 12 13.0
2 13 14.0
2 80 15.0
2 81 16.0
2 82 17.0
2 83 18.0
2 84 19.0
2 85 20.0
2 2 21.0
2 10 22.0
3 7 6.0
3 126 7.0
3 127 8.0
3 128 9.0
3 129 10.0
3 130 11.0
3 131 12.0
3 14 13.0
3 17 14.0
3 74 15.0
3 75 16.0
3 76 17.0
3 77 18.0
3 78 19.0
3 79 20.0
3 12 21.0
3 1 22.0
3 120 23.0
3 121 24.0
3 122 25.0
3 123 26.0
3 124 27.0
3 125 28.0
3 4 29.0
3 8 30.0
4 146 2.0
4 34 3.0
4 35 4.0
4 32 5.0
4 30 6.0
4 28 7.0
4 26 8.0
4 94 9.0
4 95 10.0
4 18 11.0
4 19 12.0
4 50 13.0
4 51 14.0
4 52 15.0
4 53 16.0
4 54 17.0
4 55 18.0
4 22 19.0
4 25 20.0
4 91 21.0
4 138 22.0
5 147 1.0
5 49 2.0
5 16 3.0
5 15 4.0
5 132 5.0
5 133 6.0
5 134 7.0
5 135 8.0
5 136 9.0
5 137 10.0
5 6 11.0
6 11 9.0
6 3 10.0
6 62 11.0
6 63 12.0
6 64 13.0
6 65 14.0
6 66 15.0
6 67 16.0
6 0 17.0
6 1 18.0
6 68 19.0
6 69 20.0
6 70 21.0
6 71 22.0
6 72 23.0
6 73 24.0
6 14 25.0
6 17 26.0
6 46 27.0
6 47 28.0
6 142 29.0
7 143 1.0
7 90 2.0
7 24 3.0
7 25 4.0
7 56 5.0
7 57 6.0
7 58 7.0
7 59 8.0
7 60 9.0
7 61 10.0
7 20 11.0
7 21 12.0
7 108 13.0
7 109 14.0
7 110 15.0
7 111 16.0
7 112 17.0
7 113 18.0
7 93 19.0
7 140 20.0
8 9 1.0
8 5 2.0
8 114 3.0
8 115 4.0
8 116 5.0
8 117 6.0
8 118 7.0
8 119 8.0
8 0 9.0
8 13 10.0
8 34 11.0
8 35 12.0
8 32 13.0
8 30 14.0
8 28 15.0
8 26 16.0
8 94 17.0
8 95 18.0
8 18 19.0
8 21 20.0
8 89 21.0
8 139 22.0
9 143 3.0
9 90 4.0
9 24 5.0
9 25 6.0
9 56 7.0
9 57 8.0
9 58 9.0
9 59 10.0
9 60 11.0
9 61 12.0
9 20 13.0
9 21 14.0
9 89 15.0
9 139 16.0
10 7 9.100000000000001
10 126 9.0
10 127 10.0
10 128 11.0
10 129 12.0
10 130 13.0
10 131 14.0
10 14 15.0
10 17 16.0
10 46 17.0
10 47 18.0
10 142 19.0
11 147 5.0
11 49 6.0
11 16 7.0
11 15 8.0
11 132 9.0
11 133 10.0
11 134 11.0
11 135 12.0
11 136 13.0
11 137 14.0
11 6 15.0
12 7 1.0
12 126 2.0
12 127 3.0
12 128 4.0
12 129 5.0
12 130 6.0
12 131 7.0
12 14 8.0
12 17 9.0
12 46 10.0
12 47 11.0
12 142 12.0
13 11 3.0
13 3 4.0
13 62 5.0
13 63 6.0
13 64 7.0
13 65 8.0
13 66 9.0
13 67 10.0
13 0 11.0
13 1 12.0
13 120 13.0
13 121 14.0
13 122 15.0
13 123 16.0
13 124 17.0
13 125 18.0
13 4 19.0
13 8 20.0
14 147 7.0
14 46 8.0
14 47 9.0
14 44 10.0
14 42 11.0
14 40 12.0
14 38 13.0
14 98 14.0
14 99 15.0
14 22 16.0
14 25 17.0
14 91 18.0
14 138 19.0
15 147 9.0
15 49 10.0
15 16 11.0
15 17 12.0
15 74 13.0
15 75 14.0
15 76 15.0
15 77 16.0
15 78 17.0
15 79 18.0
15 12 19.0
15 1 20.0
15 120 21.0
15 121 22.0
15 122 23.0
15 123 24.0
15 124 25.0
15 125 26.0
15 4 27.0
15 8 28.0
16 145 6.0
16 92 7.0
16 102 8.0
16 103 9.0
16 104 10.0
16 105 11.0
16 106 12.0
16 107 13.0
16 18 14.0
16 19 15.0
16 50 16.0
16 51 17.0
16 52 18.0
16 53 19.0
16 54 20.0
16 55 21.0
16 22 22.0
16 23 23.0
16 100 24.0
16 101 25.0
16 41 26.0
16 39 27.0
16 45 28.0
16 43 29.0
16 48 30.0
16 142 31.0
17 146 9.0
17 37 10.0
17 12 11.0
17 13 12.0
17 80 13.0
17 81 14.0
17 82 15.0
17 83 16.0
17 84 17.0
17 85 18.0
17 2 19.0
17 10 20.0
18 11 7.0
18 3 8.0
18 62 9.0
18 63 10.0
18 64 11.0
18 65 12.0
18 66 13.0
18 67 14.0
18 0 15.0
18 1 16.0
18 68 17.0
18 69 18.0
18 70 19.0
18 71 20.0
18 72 21.0
18 73 22.0
18 14 23.0
18 15 24.0
18 132 25.0
18 133 26.0
18 134 27.0
18 135 28.0
18 136 29.0
18 137 30.0
18 6 31.0
19 147 17.0
19 49 18.0
19 16 19.0
19 17 20.0
19 74 21.0
19 75 22.0
19 76 23.0
19 77 24.0
19 78 25.0
19 79 26.0
19 12 27.0
19 1 28.0
19 120 29.0
19 121 30.0
19 122 31.0
19 123 32.0
19 124 33.0
19 125 34.0
19 4 35.0
19 8 36.0
20 145 13.0
20 92 14.0
20 102 15.0
20 103 16.0
20 104 17.0
20 105 18.0
20 106 19.0
20 107 20.0
20 18 21.0
20 19 22.0
20 96 23.0
20 97 24.0
20 29 25.0
20 27 26.0
20 33 27.0
20 31 28.0
20 36 29.0
20 141 30.0
21 147 15.0
21 49 16.0
21 16 17.0
21 17 18.0
21 74 19.0
21 75 20.0
21 76 21.0
21 77 22.0
21 78 23.0
21 79 24.0
21 12 25.0
21 13 26.0
21 80 27.0
21 81 28.0
21 82 29.0
21 83 30.0
21 84 31.0
21 85 32.0
21 2 33.0
21 10 34.0
22 146 18.0
22 34 19.0
22 35 20.0
22 32 21.0
22 30 22.0
22 28 23.0
22 26 24.0
22 94 25.0
22 95 26.0
22 18 27.0
22 19 28.0
22 50 29.0
22 51 30.0
22 52 31.0
22 53 32.0
22 54 33.0
22 55 34.0
22 22 35.0
22 25 36.0
22 91 37.0
22 138 38.0
23 145 15.0
23 92 16.0
23 102 17.0
23 103 18.0
23 104 19.0
23 105 20.0
23 106 21.0
23 107 22.0
23 18 23.0
23 19 24.0
23 50 25.0
23 51 26.0
23 52 27.0
23 53 28.0
23 54 29.0
23 55 30.0
23 22 31.0
23 25 32.0
23 91 33.0
23 138 34.0
24 146 20.0
24 34 21.0
24 35 22.0
24 32 23.0
24 30 24.0
24 28 25.0
24 26 26.0
24 94 27.0
24 95 28.0
24 18 29.0
24 21 30.0
24 108 31.0
24 109 32.0
24 110 33.0
24 111 34.0
24 112 35.0
24 113 36.0
24 93 37.0
24 140 38.0
25 7 20.0
25 126 21.0
25 127 22.0
25 128 23.0
25 129 24.0
25 130 25.0
25 131 26.0
25 14 27.0
25 17 28.0
25 46 29.0
25 47 30.0
25 44 31.0
25 42 32.0
25 40 33.0
25 38 34.0
25 98 35.0
25 99 36.0
25 22 37.0
25 25 38.0
25 91 39.0
25 138 40.0
26 146 27.0
26 37 28.0
26 12 29.0
26 1 30.0
26 120 31.0
26 121 32.0
26 122 33.0
26 123 34.0
26 124 35.0
26 125 36.0
26 4 37.0
26 8 38.0
27 147 29.0
27 49 30.0
27 16 31.0
27 17 32.0
27 74 33.0
27 75 34.0
27 76 35.0
27 77 36.0
27 78 37.0
27 79 38.0
27 12 39.0
27 13 40.0
27 80 41.0
27 81 42.0
27 82 43.0
27 83 44.0
27 84 45.0
27 85 46.0
27 2 47.0
27 10 48.0
28 145 25.0
28 92 26.0
28 102 27.0
28 103 28.0
28 104 29.0
28 105 30.0
28 106 31.0
28 107 32.0
28 18 33.0
28 19 34.0
28 96 35.0
28 97 36.0
28 29 37.0
28 27 38.0
28 33 39.0
28 31 40.0
28 36 41.0
28 141 42.0
29 144 14.0
29 88 15.0
29 20 16.0
29 19 17.0
29 50 18.0
29 51 19.0
29 52 20.0
29 53 21.0
29 54 22.0
29 55 23.0
29 22 24.0
29 25 25.0
29 91 26.0
29 138 27.0
30 147 20.0
30 46 21.0
30 47 22.0
30 44 23.0
30 42 24.0
30 40 25.0
30 38 26.0
30 98 27.0
30 99 28.0
30 22 29.0
30 25 30.0
30 91 31.0
30 138 32.0
31 143 13.0
31 90 14.0
31 24 15.0
31 23 16.0
31 100 17.0
31 101 18.0
31 41 19.0
31 39 20.0
31 45 21.0
31 43 22.0
31 48 23.0
31 49 24.0
31 16 25.0
31 15 26.0
31 132 27.0
31 133 28.0
31 134 29.0
31 135 30.0
31 136 31.0
31 137 32.0
31 6 33.0
32 145 27.0
32 92 28.0
32 102 29.0
32 103 30.0
32 104 31.0
32 105 32.0
32 106 33.0
32 107 34.0
32 18 35.0
32 21 36.0
32 89 37.0
32 139 38.0
33 144 17.0
33 88 18.0
33 20 19.0
33 19 20.0
33 96 21.0
33 97 22.0
33 29 23.0
33 27 24.0
33 33 25.0
33 31 26.0
33 36 27.0
33 141 28.0
34 145 17.0
34 92 18.0
34 102 19.0
34 103 20.0
34 104 21.0
34 105 22.0
34 106 23.0
34 107 24.0
34 18 25.0
34 19 26.0
34 96 27.0
34 97 28.0
34 29 29.0
34 27 30.0
34 33 31.0
34 31 32.0
34 36 33.0
34 141 34.0
35 9 15.0
35 5 16.0
35 114 17.0
35 115 18.0
35 116 19.0
35 117 20.0
35 118 21.0
35 119 22.0
35 0 23.0
35 1 24.0
35 68 25.0
35 69 26.0
35 70 27.0
35 71 28.0
35 72 29.0
35 73 30.0
35 14 31.0
35 15 32.0
35 132 33.0
35 133 34.0
35 134 35.0
35 135 36.0
35 136 37.0
35 137 38.0
35 6 39.0
36 145 50.0
36 92 51.0
36 102 52.0
36 103 53.0
36 104 54.0
36 105 55.0
36 106 56.0
36 107 57.0
36 18 58.0
36 19 59.0
36 50 60.0
36 51 61.0
36 52 62.0
36 53 63.0
36 54 64.0
36 55 65.0
36 22 66.0
36 23 67.0
36 100 68.0
36 101 69.0
36 41 70.0
36 39 71.0
36 45 72.0
36 43 73.0
36 48 74.0
36 142 75.0
37 145 29.0
37 92 30.0
37 102 31.0
37 103 32.0
37 104 33.0
37 105 34.0
37 106 35.0
37 107 36.0
37 18 37.0
37 19 38.0
37 96 39.0
37 97 40.0
37 29 41.0
37 27 42.0
37 33 43.0
37 31 44.0
37 36 45.0
37 141 46.0
38 11 13.0
38 3 14.0
38 62 15.0
38 63 16.0
38 64 17.0
38 65 18.0
38 66 19.0
38 67 20.0
38 0 21.0
38 13 22.0
38 34 23.0
38 35 24.0
38 32 25.0
38 30 26.0
38 28 27.0
38 26 28.0
38 94 29.0
38 95 30.0
38 18 31.0
38 21 32.0
38 89 33.0
38 139 34.0
39 143 16.0
39 90 17.0
39 24 18.0
39 23 19.0
39 100 20.0
39 101 21.0
39 41 22.0
39 39 23.0
39 45 24.0
39 43 25.0
39 48 26.0
39 142 27.0
40 147 27.0
40 49 28.0
40 16 29.0
40 17 30.0
40 74 31.0
40 75 32.0
40 76 33.0
40 77 34.0
40 78 35.0
40 79 36.0
40 12 37.0
40 13 38.0
40 80 39.0
40 81 40.0
40 82 41.0
40 83 42.0
40 84 43.0
40 85 44.0
40 2 45.0
40 10 46.0
41 143 22.0
41 90 23.0
41 24 24.0
41 23 25.0
41 100 26.0
41 101 27.0
41 41 28.0
41 39 29.0
41 45 30.0
41 43 31.0
41 48 32.0
41 142 33.0
42 145 39.0
42 92 40.0
42 102 41.0
42 103 42.0
42 104 43.0
42 105 44.0
42 106 45.0
42 107 46.0
42 18 47.0
42 19 48.0
42 96 49.0
42 97 50.0
42 29 51.0
42 27 52.0
42 33 53.0
42 31 54.0
42 36 55.0
42 141 56.0
43 11 29.0
43 3 30.0
43 62 31.0
43 63 32.0
43 64 33.0
43 65 34.0
43 66 35.0
43 67 36.0
43 0 37.0
43 1 38.0
43 68 39.0
43 69 40.0
43 70 41.0
43 71 42.0
43 72 43.0
43 73 44.0
43 14 45.0
43 17 46.0
43 46 47.0
43 47 48.0
43 142 49.0
44 143 31.0
44 90 32.0
44 24 33.0
44 25 34.0
44 56 35.0
44 57 36.0
44 58 37.0
44 59 38.0
44 60 39.0
44 61 40.0
44 20 41.0
44 21 42.0
44 108 43.0
44 109 44.0
44 110 45.0
44 111 46.0
44 112 47.0
44 113 48.0
44 93 49.0
44 140 50.0
45 9 27.0
45 5 28.0
45 114 29.0
45 115 30.0
45 116 31.0
45 117 32.0
45 118 33.0
45 119 34.0
45 0 35.0
45 13 36.0
45 34 37.0
45 35 38.0
45 32 39.0
45 30 40.0
45 28 41.0
45 26 42.0
45 94 43.0
45 95 44.0
45 18 45.0
45 21 46.0
45 89 47.0
45 139 48.0
46 7 28.0
46 126 29.0
46 127 30.0
46 128 31.0
46 129 32.0
46 130 33.0
46 131 34.0
46 14 35.0
46 17 36.0
46 74 37.0
46 75 38.0
46 76 39.0
46 77 40.0
46 78 41.0
46 79 42.0
46 12 43.0
46 1 44.0
46 120 45.0
46 121 46.0
46 122 47.0
46 123 48.0
46 124 49.0
46 125 50.0
46 4 51.0
46 8 52.0
47 147 40.0
47 49 41.0
47 16 42.0
47 17 43.0
47 74 44.0
47 75 45.0
47 76 46.0
47 77 47.0
47 78 48.0
47 79 49.0
47 12 50.0
47 13 51.0
47 34 52.0
47 35 53.0
47 141 54.0
48 7 26.0
48 126 27.0
48 127 28.0
48 128 29.0
48 129 30.0
48 130 31.0
48 131 32.0
48 14 33.0
48 17 34.0
48 46 35.0
48 47 36.0
48 44 37.0
48 42 38.0
48 40 39.0
48 38 40.0
48 98 41.0
48 99 42.0
48 22 43.0
48 25 44.0
48 91 45.0
48 138 46.0
51 143 25.0
51 90 26.0
51 24 27.0
51 25 28.0
51 56 29.0
51 57 30.0
51 58 31.0
51 59 32.0
51 60 33.0
51 61 34.0
51 20 35.0
51 19 36.0
51 96 37.0
51 97 38.0
51 29 39.0
51 27 40.0
51 33 41.0
51 31 42.0
51 36 43.0
51 141 44.0
52 11 23.0
52 3 24.0
52 62 25.0
52 63 26.0
52 64 27.0
52 65 28.0
52 66 29.0
52 67 30.0
52 0 31.0
52 1 32.0
52 120 33.0
52 121 34.0
52 122 35.0
52 123 36.0
52 124 37.0
52 125 38.0
52 4 39.0
52 8 40.0
53 9 25.0
53 5 26.0
53 114 27.0
53 115 28.0
53 116 29.0
53 117 30.0
53 118 31.0
53 119 32.0
53 0 33.0
53 13 34.0
53 34 35.0
53 35 36.0
53 32 37.0
53 30 38.0
53 28 39.0
53 26 40.0
53 94 41.0
53 95 42.0
53 18 43.0
53 21 44.0
53 89 45.0
53 139 46.0
54 7 30.0
54 126 31.0
54 127 32.0
54 128 33.0
54 129 34.0
54 130 35.0
54 131 36.0
54 14 37.0
54 17 38.0
54 74 39.0
54 75 40.0
54 76 41.0
54 77 42.0
54 78 43.0
54 79 44.0
54 12 45.0
54 1 46.0
54 120 47.0
54 121 48.0
54 122 49.0
54 123 50.0
54 124 51.0
54 125 52.0
54 4 53.0
54 8 54.0
55 144 29.0
55 88 30.0
55 20 31.0
55 19 32.0
55 96 33.0
55 97 34.0
55 29 35.0
55 27 36.0
55 33 37.0
55 31 38.0
55 36 39.0
55 37 40.0
55 12 41.0
55 13 42.0
55 80 43.0
55 81 44.0
55 82 45.0
55 83 46.0
55 84 47.0
55 85 48.0
55 2 49.0
55 10 50.0
56 146 40.0
56 34 41.0
56 35 42.0
56 32 43.0
56 30 44.0
56 28 45.0
56 26 46.0
56 94 47.0
56 95 48.0
56 18 49.0
56 21 50.0
56 89 51.0
56 139 52.0
57 9 21.0
57 5 22.0
57 114 23.0
57 115 24.0
57 116 25.0
57 117 26.0
57 118 27.0
57 119 28.0
57 0 29.0
57 13 30.0
57 34 31.0
57 35 32.0
57 32 33.0
57 30 34.0
57 28 35.0
57 26 36.0
57 94 37.0
57 95 38.0
57 18 39.0
57 21 40.0
57 89 41.0
57 139 42.0
58 147 38.0
58 49 39.0
58 16 40.0
58 17 41.0
58 74 42.0
58 75 43.0
58 76 44.0
58 77 45.0
58 78 46.0
58 79 47.0
58 12 48.0
58 13 49.0
58 80 50.0
58 81 51.0
58 82 52.0
58 83 53.0
58 84 54.0
58 85 55.0
58 2 56.0
58 10 57.0
59 145 33.0
59 92 34.0
59 102 35.0
59 103 36.0
59 104 37.0
59 105 38.0
59 106 39.0
59 107 40.0
59 18 41.0
59 19 42.0
59 96 43.0
59 97 44.0
59 29 45.0
59 27 46.0
59 33 47.0
59 31 48.0
59 36 49.0
59 141 50.0
60 143 40.0
60 90 41.0
60 24 42.0
60 23 43.0
60 100 44.0
60 101 45.0
60 41 46.0
60 39 47.0
60 45 48.0
60 43 49.0
60 48 50.0
60 142 51.0
61 146 31.0
61 37 32.0
61 12 33.0
61 1 34.0
61 68 35.0
61 69 36.0
61 70 37.0
61 71 38.0
61 72 39.0
61 73 40.0
61 14 41.0
61 15 42.0
61 132 43.0
61 133 44.0
61 134 45.0
61 135 46.0
61 136 47.0
61 137 48.0
61 6 49.0
62 7 40.0
62 126 41.0
62 127 42.0
62 128 43.0
62 129 44.0
62 130 45.0
62 131 46.0
62 14 47.0
62 17 48.0
62 46 49.0
62 47 50.0
62 44 51.0
62 42 52.0
62 40 53.0
62 38 54.0
62 98 55.0
62 99 56.0
62 22 57.0
62 25 58.0
62 91 59.0
62 138 60.0
63 9 36.0
63 5 37.0
63 114 38.0
63 115 39.0
63 116 40.0
63 117 41.0
63 118 42.0
63 119 43.0
63 0 44.0
63 13 45.0
63 34 46.0
63 35 47.0
63 141 48.0
64 144 47.0
64 88 48.0
64 20 49.0
64 19 50.0
64 96 51.0
64 97 52.0
64 29 53.0
64 27 54.0
64 33 55.0
64 31 56.0
64 36 57.0
64 141 58.0
65 11 31.0
65 3 32.0
65 62 33.0
65 63 34.0
65 64 35.0
65 65 36.0
65 66 37.0
65 67 38.0
65 0 39.0
65 1 40.0
65 120 41.0
65 121 42.0
65 122 43.0
65 123 44.0
65 124 45.0
65 125 46.0
65 4 47.0
65 8 48.0
66 11 38.0
66 3 39.0
66 62 40.0
66 63 41.0
66 64 42.0
66 65 43.0
66 66 44.0
66 67 45.0
66 0 46.0
66 13 47.0
66 34 48.0
66 35 49.0
66 32 50.0
66 30 51.0
66 28 52.0
66 26 53.0
66 94 54.0
66 95 55.0
66 18 56.0
66 21 57.0
66 89 58.0
66 139 59.0
67 144 37.0
67 88 38.0
67 20 39.0
67 19 40.0
67 50 41.0
67 51 42.0
67 52 43.0
67 53 44.0
67 54 45.0
67 55 46.0
67 22 47.0
67 25 48.0
67 91 49.0
67 138 50.0
69 147 48.0
69 49 49.0
69 16 50.0
69 17 51.0
69 74 52.0
69 75 53.0
69 76 54.0
69 77 55.0
69 78 56.0
69 79 57.0
69 12 58.0
69 13 59.0
69 34 60.0
69 35 61.0
69 141 62.0
70 145 46.0
70 92 47.0
70 102 48.0
70 103 49.0
70 104 50.0
70 105 51.0
70 106 52.0
70 107 53.0
70 18 54.0
70 19 55.0
70 50 56.0
70 51 57.0
70 52 58.0
70 53 59.0
70 54 60.0
70 55 61.0
70 22 62.0
70 23 63.0
70 100 64.0
70 101 65.0
70 41 66.0
70 39 67.0
70 45 68.0
70 43 69.0
70 48 70.0
70 142 71.0
71 147 31.0
71 49 32.0
71 16 33.0
71 15 34.0
71 132 35.0
71 133 36.0
71 134 37.0
71 135 38.0
71 136 39.0
71 137 40.0
71 6 41.0
72 9 33.0
72 5 34.0
72 114 35.0
72 115 36.0
72 116 37.0
72 117 38.0
72 118 39.0
72 119 40.0
72 0 41.0
72 1 42.0
72 68 43.0
72 69 44.0
72 70 45.0
72 71 46.0
72 72 47.0
72 73 48.0
72 14 49.0
72 15 50.0
72 132 51.0
72 133 52.0
72 134 53.0
72 135 54.0
72 136 55.0
72 137 56.0
72 6 57.0
73 147 33.0
73 49 34.0
73 16 35.0
73 15 36.0
73 132 37.0
73 133 38.0
73 134 39.0
73 135 40.0
73 136 41.0
73 137 42.0
73 6 43.0
74 11 48.0
74 3 49.0
74 62 50.0
74 63 51.0
74 64 52.0
74 65 53.0
74 66 54.0
74 67 55.0
74 0 56.0
74 13 57.0
74 34 58.0
74 35 59.0
74 32 60.0
74 30 61.0
74 28 62.0
74 26 63.0
74 94 64.0
74 95 65.0
74 18 66.0
74 21 67.0
74 89 68.0
74 139 69.0
75 145 43.0
75 92 44.0
75 102 45.0
75 103 46.0
75 104 47.0
75 105 48.0
75 106 49.0
75 107 50.0
75 18 51.0
75 21 52.0
75 89 53.0
75 139 54.0
77 144 50.0
77 88 51.0
77 20 52.0
77 19 53.0
77 96 54.0
77 97 55.0
77 29 56.0
77 27 57.0
77 33 58.0
77 31 59.0
77 36 60.0
77 37 61.0
77 12 62.0
77 13 63.0
77 80 64.0
77 81 65.0
77 82 66.0
77 83 67.0
77 84 68.0
77 85 69.0
77 2 70.0
77 10 71.0
78 144 41.0
78 88 42.0
78 20 43.0
78 19 44.0
78 50 45.0
78 51 46.0
78 52 47.0
78 53 48.0
78 54 49.0
78 55 50.0
78 22 51.0
78 23 52.0
78 100 53.0
78 101 54.0
78 41 55.0
78 39 56.0
78 45 57.0
78 43 58.0
78 48 59.0
78 142 60.0
79 147 50.0
79 49 51.0
79 16 52.0
79 17 53.0
79 74 54.0
79 75 55.0
79 76 56.0
79 77 57.0
79 78 58.0
79 79 59.0
79 12 60.0
79 13 61.0
79 34 62.0
79 35 63.0
79 141 64.0
81 11 42.0
81 3 43.0
81 62 44.0
81 63 45.0
81 64 46.0
81 65 47.0
81 66 48.0
81 67 49.0
81 0 50.0
81 1 51.0
81 68 52.0
81 69 53.0
81 70 54.0
81 71 55.0
81 72 56.0
81 73 57.0
81 14 58.0
81 17 59.0
81 46 60.0
81 47 61.0
81 142 62.0
84 7 47.0
84 126 48.0
84 127 49.0
84 128 50.0
84 129 51.0
84 130 52.0
84 131 53.0
84 14 54.0
84 17 55.0
84 46 56.0
84 47 57.0
84 44 58.0
84 42 59.0
84 40 60.0
84 38 61.0
84 98 62.0
84 99 63.0
84 22 64.0
84 25 65.0
84 91 66.0
84 138 67.0
85 143 48.0
85 90 49.0
85 24 50.0
85 25 51.0
85 56 52.0
85 57 53.0
85 58 54.0
85 59 55.0
85 60 56.0
85 61 57.0
85 20 58.0
85 21 59.0
85 108 60.0
85 109 61.0
85 110 62.0
85 111 63.0
85 112 64.0
85 113 65.0
85 93 66.0
85 140 67.0
86 11 46.0
86 3 47.0
86 62 48.0
86 63 49.0
86 64 50.0
86 65 51.0
86 66 52.0
86 67 53.0
86 0 54.0
86 13 55.0
86 34 56.0
86 35 57.0
86 32 58.0
86 30 59.0
86 28 60.0
86 26 61.0
86 94 62.0
86 95 63.0
86 18 64.0
86 21 65.0
86 89 66.0
86 139 67.0
87 11 44.0
87 3 45.0
87 62 46.0
87 63 47.0
87 64 48.0
87 65 49.0
87 66 50.0
87 67 51.0
87 0 52.0
87 1 53.0
87 68 54.0
87 69 55.0
87 70 56.0
87 71 57.0
87 72 58.0
87 73 59.0
87 14 60.0
87 17 61.0
87 46 62.0
87 47 63.0
87 142 64.0
91 143 42.0
91 90 43.0
91 24 44.0
91 23 45.0
91 100 46.0
91 101 47.0
91 41 48.0
91 39 49.0
91 45 50.0
91 43 51.0
91 48 52.0
91 49 53.0
91 16 54.0
91 15 55.0
91 132 56.0
91 133 57.0
91 134 58.0
91 135 59.0
91 136 60.0
91 137 61.0
91 6 62.0
93 144 43.0
93 88 44.0
93 20 45.0
93 19 46.0
93 96 47.0
93 97 48.0
93 29 49.0
93 27 50.0
93 33 51.0
93 31 52.0
93 36 53.0
93 37 54.0
93 12 55.0
93 1 56.0
93 120 57.0
93 121 58.0
93 122 59.0
93 123 60.0
93 124 61.0
93 125 62.0
93 4 63.0
93 8 64.0
95 146 50.0
95 37 51.0
95 12 52.0
95 13 53.0
95 80 54.0
95 81 55.0
95 82 56.0
95 83 57.0
95 84 58.0
95 85 59.0
95 2 60.0
95 10 61.0
97 143 50.0
97 90 51.0
97 24 52.0
97 25 53.0
97 56 54.0
97 57 55.0
97 58 56.0
97 59 57.0
97 60 58.0
97 61 59.0
97 20 60.0
97 21 61.0
97 89 62.0
97 139 63.0
99 11 50.0
99 3 51.0
99 62 52.0
99 63 53.0
99 64 54.0
99 65 55.0
99 66 56.0
99 67 57.0
99 0 58.0
99 1 59.0
99 68 60.0
99 69 61.0
99 70 62.0
99 71 63.0
99 72 64.0
99 73 65.0
99 14 66.0
99 15 67.0
99 132 68.0
99 133 69.0
99 134 70.0
99 135 71.0
99 136 72.0
99 137 73.0
99 6 74.0
;
set fixedFlights :=
0 0 1
6 0 1
13 0 1
18 0 1
35 0 1
43 0 1
52 0 1
65 0 1
72 0 1
81 0 1
87 0 1
99 0 1
2 2 10
17 2 10
21 2 10
27 2 10
40 2 10
55 2 10
58 2 10
77 2 10
95 2 10
6 11 3
13 11 3
18 11 3
38 11 3
43 11 3
52 11 3
65 11 3
66 11 3
74 11 3
81 11 3
86 11 3
87 11 3
99 11 3
3 4 8
13 4 8
15 4 8
19 4 8
26 4 8
46 4 8
52 4 8
54 4 8
65 4 8
93 4 8
0 9 5
8 9 5
35 9 5
45 9 5
53 9 5
57 9 5
63 9 5
72 9 5
2 12 13
17 12 13
21 12 13
27 12 13
40 12 13
47 12 13
55 12 13
58 12 13
69 12 13
77 12 13
79 12 13
95 12 13
8 0 13
38 0 13
45 0 13
53 0 13
57 0 13
63 0 13
66 0 13
74 0 13
86 0 13
3 12 1
15 12 1
19 12 1
26 12 1
46 12 1
54 12 1
61 12 1
93 12 1
18 14 15
35 14 15
61 14 15
72 14 15
99 14 15
2 16 17
15 16 17
19 16 17
21 16 17
27 16 17
40 16 17
47 16 17
58 16 17
69 16 17
79 16 17
0 14 17
3 14 17
6 14 17
12 14 17
25 14 17
43 14 17
46 14 17
48 14 17
54 14 17
62 14 17
81 14 17
84 14 17
87 14 17
5 16 15
11 16 15
31 16 15
71 16 15
73 16 15
91 16 15
1 18 19
4 18 19
16 18 19
20 18 19
22 18 19
23 18 19
28 18 19
34 18 19
36 18 19
37 18 19
42 18 19
59 18 19
70 18 19
7 20 21
9 20 21
44 20 21
85 20 21
97 20 21
8 18 21
24 18 21
32 18 21
38 18 21
45 18 21
53 18 21
56 18 21
57 18 21
66 18 21
74 18 21
75 18 21
86 18 21
29 20 19
33 20 19
51 20 19
55 20 19
64 20 19
67 20 19
77 20 19
78 20 19
93 20 19
16 22 23
36 22 23
70 22 23
78 22 23
7 24 25
9 24 25
44 24 25
51 24 25
85 24 25
97 24 25
4 22 25
14 22 25
22 22 25
23 22 25
25 22 25
29 22 25
30 22 25
48 22 25
62 22 25
67 22 25
84 22 25
31 24 23
39 24 23
41 24 23
60 24 23
91 24 23
8 13 34
38 13 34
45 13 34
47 13 34
53 13 34
57 13 34
63 13 34
66 13 34
69 13 34
74 13 34
79 13 34
86 13 34
4 34 35
8 34 35
22 34 35
24 34 35
38 34 35
45 34 35
47 34 35
53 34 35
56 34 35
57 34 35
63 34 35
66 34 35
69 34 35
74 34 35
79 34 35
86 34 35
4 35 32
8 35 32
22 35 32
24 35 32
38 35 32
45 35 32
53 35 32
56 35 32
57 35 32
66 35 32
74 35 32
86 35 32
4 32 30
8 32 30
22 32 30
24 32 30
38 32 30
45 32 30
53 32 30
56 32 30
57 32 30
66 32 30
74 32 30
86 32 30
4 30 28
8 30 28
22 30 28
24 30 28
38 30 28
45 30 28
53 30 28
56 30 28
57 30 28
66 30 28
74 30 28
86 30 28
4 28 26
8 28 26
22 28 26
24 28 26
38 28 26
45 28 26
53 28 26
56 28 26
57 28 26
66 28 26
74 28 26
86 28 26
1 29 27
20 29 27
28 29 27
33 29 27
34 29 27
37 29 27
42 29 27
51 29 27
55 29 27
59 29 27
64 29 27
77 29 27
93 29 27
1 27 33
20 27 33
28 27 33
33 27 33
34 27 33
37 27 33
42 27 33
51 27 33
55 27 33
59 27 33
64 27 33
77 27 33
93 27 33
1 33 31
20 33 31
28 33 31
33 33 31
34 33 31
37 33 31
42 33 31
51 33 31
55 33 31
59 33 31
64 33 31
77 33 31
93 33 31
1 31 36
20 31 36
28 31 36
33 31 36
34 31 36
37 31 36
42 31 36
51 31 36
55 31 36
59 31 36
64 31 36
77 31 36
93 31 36
55 36 37
77 36 37
93 36 37
17 37 12
26 37 12
55 37 12
61 37 12
77 37 12
93 37 12
95 37 12
0 17 46
6 17 46
12 17 46
25 17 46
43 17 46
48 17 46
62 17 46
81 17 46
84 17 46
87 17 46
0 46 47
6 46 47
12 46 47
14 46 47
25 46 47
30 46 47
43 46 47
48 46 47
62 46 47
81 46 47
84 46 47
87 46 47
14 47 44
25 47 44
30 47 44
48 47 44
62 47 44
84 47 44
14 44 42
25 44 42
30 44 42
48 44 42
62 44 42
84 44 42
14 42 40
25 42 40
30 42 40
48 42 40
62 42 40
84 42 40
14 40 38
25 40 38
30 40 38
48 40 38
62 40 38
84 40 38
16 41 39
31 41 39
36 41 39
39 41 39
41 41 39
60 41 39
70 41 39
78 41 39
91 41 39
16 39 45
31 39 45
36 39 45
39 39 45
41 39 45
60 39 45
70 39 45
78 39 45
91 39 45
16 45 43
31 45 43
36 45 43
39 45 43
41 45 43
60 45 43
70 45 43
78 45 43
91 45 43
16 43 48
31 43 48
36 43 48
39 43 48
41 43 48
60 43 48
70 43 48
78 43 48
91 43 48
31 48 49
91 48 49
2 49 16
5 49 16
11 49 16
15 49 16
19 49 16
21 49 16
27 49 16
31 49 16
40 49 16
47 49 16
58 49 16
69 49 16
71 49 16
73 49 16
79 49 16
91 49 16
4 19 50
16 19 50
22 19 50
23 19 50
29 19 50
36 19 50
67 19 50
70 19 50
78 19 50
4 50 51
16 50 51
22 50 51
23 50 51
29 50 51
36 50 51
67 50 51
70 50 51
78 50 51
4 51 52
16 51 52
22 51 52
23 51 52
29 51 52
36 51 52
67 51 52
70 51 52
78 51 52
4 52 53
16 52 53
22 52 53
23 52 53
29 52 53
36 52 53
67 52 53
70 52 53
78 52 53
4 53 54
16 53 54
22 53 54
23 53 54
29 53 54
36 53 54
67 53 54
70 53 54
78 53 54
4 54 55
16 54 55
22 54 55
23 54 55
29 54 55
36 54 55
67 54 55
70 54 55
78 54 55
4 55 22
16 55 22
22 55 22
23 55 22
29 55 22
36 55 22
67 55 22
70 55 22
78 55 22
7 25 56
9 25 56
44 25 56
51 25 56
85 25 56
97 25 56
7 56 57
9 56 57
44 56 57
51 56 57
85 56 57
97 56 57
7 57 58
9 57 58
44 57 58
51 57 58
85 57 58
97 57 58
7 58 59
9 58 59
44 58 59
51 58 59
85 58 59
97 58 59
7 59 60
9 59 60
44 59 60
51 59 60
85 59 60
97 59 60
7 60 61
9 60 61
44 60 61
51 60 61
85 60 61
97 60 61
7 61 20
9 61 20
44 61 20
51 61 20
85 61 20
97 61 20
6 3 62
13 3 62
18 3 62
38 3 62
43 3 62
52 3 62
65 3 62
66 3 62
74 3 62
81 3 62
86 3 62
87 3 62
99 3 62
6 62 63
13 62 63
18 62 63
38 62 63
43 62 63
52 62 63
65 62 63
66 62 63
74 62 63
81 62 63
86 62 63
87 62 63
99 62 63
6 63 64
13 63 64
18 63 64
38 63 64
43 63 64
52 63 64
65 63 64
66 63 64
74 63 64
81 63 64
86 63 64
87 63 64
99 63 64
6 64 65
13 64 65
18 64 65
38 64 65
43 64 65
52 64 65
65 64 65
66 64 65
74 64 65
81 64 65
86 64 65
87 64 65
99 64 65
6 65 66
13 65 66
18 65 66
38 65 66
43 65 66
52 65 66
65 65 66
66 65 66
74 65 66
81 65 66
86 65 66
87 65 66
99 65 66
6 66 67
13 66 67
18 66 67
38 66 67
43 66 67
52 66 67
65 66 67
66 66 67
74 66 67
81 66 67
86 66 67
87 66 67
99 66 67
6 67 0
13 67 0
18 67 0
38 67 0
43 67 0
52 67 0
65 67 0
66 67 0
74 67 0
81 67 0
86 67 0
87 67 0
99 67 0
0 1 68
6 1 68
18 1 68
35 1 68
43 1 68
61 1 68
72 1 68
81 1 68
87 1 68
99 1 68
0 68 69
6 68 69
18 68 69
35 68 69
43 68 69
61 68 69
72 68 69
81 68 69
87 68 69
99 68 69
0 69 70
6 69 70
18 69 70
35 69 70
43 69 70
61 69 70
72 69 70
81 69 70
87 69 70
99 69 70
0 70 71
6 70 71
18 70 71
35 70 71
43 70 71
61 70 71
72 70 71
81 70 71
87 70 71
99 70 71
0 71 72
6 71 72
18 71 72
35 71 72
43 71 72
61 71 72
72 71 72
81 71 72
87 71 72
99 71 72
0 72 73
6 72 73
18 72 73
35 72 73
43 72 73
61 72 73
72 72 73
81 72 73
87 72 73
99 72 73
0 73 14
6 73 14
18 73 14
35 73 14
43 73 14
61 73 14
72 73 14
81 73 14
87 73 14
99 73 14
2 17 74
3 17 74
15 17 74
19 17 74
21 17 74
27 17 74
40 17 74
46 17 74
47 17 74
54 17 74
58 17 74
69 17 74
79 17 74
2 74 75
3 74 75
15 74 75
19 74 75
21 74 75
27 74 75
40 74 75
46 74 75
47 74 75
54 74 75
58 74 75
69 74 75
79 74 75
2 75 76
3 75 76
15 75 76
19 75 76
21 75 76
27 75 76
40 75 76
46 75 76
47 75 76
54 75 76
58 75 76
69 75 76
79 75 76
2 76 77
3 76 77
15 76 77
19 76 77
21 76 77
27 76 77
40 76 77
46 76 77
47 76 77
54 76 77
58 76 77
69 76 77
79 76 77
2 77 78
3 77 78
15 77 78
19 77 78
21 77 78
27 77 78
40 77 78
46 77 78
47 77 78
54 77 78
58 77 78
69 77 78
79 77 78
2 78 79
3 78 79
15 78 79
19 78 79
21 78 79
27 78 79
40 78 79
46 78 79
47 78 79
54 78 79
58 78 79
69 78 79
79 78 79
2 79 12
3 79 12
15 79 12
19 79 12
21 79 12
27 79 12
40 79 12
46 79 12
47 79 12
54 79 12
58 79 12
69 79 12
79 79 12
2 13 80
17 13 80
21 13 80
27 13 80
40 13 80
55 13 80
58 13 80
77 13 80
95 13 80
2 80 81
17 80 81
21 80 81
27 80 81
40 80 81
55 80 81
58 80 81
77 80 81
95 80 81
2 81 82
17 81 82
21 81 82
27 81 82
40 81 82
55 81 82
58 81 82
77 81 82
95 81 82
2 82 83
17 82 83
21 82 83
27 82 83
40 82 83
55 82 83
58 82 83
77 82 83
95 82 83
2 83 84
17 83 84
21 83 84
27 83 84
40 83 84
55 83 84
58 83 84
77 83 84
95 83 84
2 84 85
17 84 85
21 84 85
27 84 85
40 84 85
55 84 85
58 84 85
77 84 85
95 84 85
2 85 2
17 85 2
21 85 2
27 85 2
40 85 2
55 85 2
58 85 2
77 85 2
95 85 2
4 26 94
8 26 94
22 26 94
24 26 94
38 26 94
45 26 94
53 26 94
56 26 94
57 26 94
66 26 94
74 26 94
86 26 94
4 94 95
8 94 95
22 94 95
24 94 95
38 94 95
45 94 95
53 94 95
56 94 95
57 94 95
66 94 95
74 94 95
86 94 95
4 95 18
8 95 18
22 95 18
24 95 18
38 95 18
45 95 18
53 95 18
56 95 18
57 95 18
66 95 18
74 95 18
86 95 18
1 19 96
20 19 96
28 19 96
33 19 96
34 19 96
37 19 96
42 19 96
51 19 96
55 19 96
59 19 96
64 19 96
77 19 96
93 19 96
1 96 97
20 96 97
28 96 97
33 96 97
34 96 97
37 96 97
42 96 97
51 96 97
55 96 97
59 96 97
64 96 97
77 96 97
93 96 97
1 97 29
20 97 29
28 97 29
33 97 29
34 97 29
37 97 29
42 97 29
51 97 29
55 97 29
59 97 29
64 97 29
77 97 29
93 97 29
14 38 98
25 38 98
30 38 98
48 38 98
62 38 98
84 38 98
14 98 99
25 98 99
30 98 99
48 98 99
62 98 99
84 98 99
14 99 22
25 99 22
30 99 22
48 99 22
62 99 22
84 99 22
16 23 100
31 23 100
36 23 100
39 23 100
41 23 100
60 23 100
70 23 100
78 23 100
91 23 100
16 100 101
31 100 101
36 100 101
39 100 101
41 100 101
60 100 101
70 100 101
78 100 101
91 100 101
16 101 41
31 101 41
36 101 41
39 101 41
41 101 41
60 101 41
70 101 41
78 101 41
91 101 41
1 92 102
16 92 102
20 92 102
23 92 102
28 92 102
32 92 102
34 92 102
36 92 102
37 92 102
42 92 102
59 92 102
70 92 102
75 92 102
1 102 103
16 102 103
20 102 103
23 102 103
28 102 103
32 102 103
34 102 103
36 102 103
37 102 103
42 102 103
59 102 103
70 102 103
75 102 103
1 103 104
16 103 104
20 103 104
23 103 104
28 103 104
32 103 104
34 103 104
36 103 104
37 103 104
42 103 104
59 103 104
70 103 104
75 103 104
1 104 105
16 104 105
20 104 105
23 104 105
28 104 105
32 104 105
34 104 105
36 104 105
37 104 105
42 104 105
59 104 105
70 104 105
75 104 105
1 105 106
16 105 106
20 105 106
23 105 106
28 105 106
32 105 106
34 105 106
36 105 106
37 105 106
42 105 106
59 105 106
70 105 106
75 105 106
1 106 107
16 106 107
20 106 107
23 106 107
28 106 107
32 106 107
34 106 107
36 106 107
37 106 107
42 106 107
59 106 107
70 106 107
75 106 107
1 107 18
16 107 18
20 107 18
23 107 18
28 107 18
32 107 18
34 107 18
36 107 18
37 107 18
42 107 18
59 107 18
70 107 18
75 107 18
7 21 108
24 21 108
44 21 108
85 21 108
7 108 109
24 108 109
44 108 109
85 108 109
7 109 110
24 109 110
44 109 110
85 109 110
7 110 111
24 110 111
44 110 111
85 110 111
7 111 112
24 111 112
44 111 112
85 111 112
7 112 113
24 112 113
44 112 113
85 112 113
7 113 93
24 113 93
44 113 93
85 113 93
8 21 89
9 21 89
32 21 89
38 21 89
45 21 89
53 21 89
56 21 89
57 21 89
66 21 89
74 21 89
75 21 89
86 21 89
97 21 89
29 88 20
33 88 20
55 88 20
64 88 20
67 88 20
77 88 20
78 88 20
93 88 20
4 25 91
14 25 91
22 25 91
23 25 91
25 25 91
29 25 91
30 25 91
48 25 91
62 25 91
67 25 91
84 25 91
7 90 24
9 90 24
31 90 24
39 90 24
41 90 24
44 90 24
51 90 24
60 90 24
85 90 24
91 90 24
97 90 24
0 5 114
8 5 114
35 5 114
45 5 114
53 5 114
57 5 114
63 5 114
72 5 114
0 114 115
8 114 115
35 114 115
45 114 115
53 114 115
57 114 115
63 114 115
72 114 115
0 115 116
8 115 116
35 115 116
45 115 116
53 115 116
57 115 116
63 115 116
72 115 116
0 116 117
8 116 117
35 116 117
45 116 117
53 116 117
57 116 117
63 116 117
72 116 117
0 117 118
8 117 118
35 117 118
45 117 118
53 117 118
57 117 118
63 117 118
72 117 118
0 118 119
8 118 119
35 118 119
45 118 119
53 118 119
57 118 119
63 118 119
72 118 119
0 119 0
8 119 0
35 119 0
45 119 0
53 119 0
57 119 0
63 119 0
72 119 0
3 1 120
13 1 120
15 1 120
19 1 120
26 1 120
46 1 120
52 1 120
54 1 120
65 1 120
93 1 120
3 120 121
13 120 121
15 120 121
19 120 121
26 120 121
46 120 121
52 120 121
54 120 121
65 120 121
93 120 121
3 121 122
13 121 122
15 121 122
19 121 122
26 121 122
46 121 122
52 121 122
54 121 122
65 121 122
93 121 122
3 122 123
13 122 123
15 122 123
19 122 123
26 122 123
46 122 123
52 122 123
54 122 123
65 122 123
93 122 123
3 123 124
13 123 124
15 123 124
19 123 124
26 123 124
46 123 124
52 123 124
54 123 124
65 123 124
93 123 124
3 124 125
13 124 125
15 124 125
19 124 125
26 124 125
46 124 125
52 124 125
54 124 125
65 124 125
93 124 125
3 125 4
13 125 4
15 125 4
19 125 4
26 125 4
46 125 4
52 125 4
54 125 4
65 125 4
93 125 4
3 7 126
12 7 126
25 7 126
46 7 126
48 7 126
54 7 126
62 7 126
84 7 126
3 126 127
12 126 127
25 126 127
46 126 127
48 126 127
54 126 127
62 126 127
84 126 127
3 127 128
12 127 128
25 127 128
46 127 128
48 127 128
54 127 128
62 127 128
84 127 128
3 128 129
12 128 129
25 128 129
46 128 129
48 128 129
54 128 129
62 128 129
84 128 129
3 129 130
12 129 130
25 129 130
46 129 130
48 129 130
54 129 130
62 129 130
84 129 130
3 130 131
12 130 131
25 130 131
46 130 131
48 130 131
54 130 131
62 130 131
84 130 131
3 131 14
12 131 14
25 131 14
46 131 14
48 131 14
54 131 14
62 131 14
84 131 14
5 15 132
11 15 132
18 15 132
31 15 132
35 15 132
61 15 132
71 15 132
72 15 132
73 15 132
91 15 132
99 15 132
5 132 133
11 132 133
18 132 133
31 132 133
35 132 133
61 132 133
71 132 133
72 132 133
73 132 133
91 132 133
99 132 133
5 133 134
11 133 134
18 133 134
31 133 134
35 133 134
61 133 134
71 133 134
72 133 134
73 133 134
91 133 134
99 133 134
5 134 135
11 134 135
18 134 135
31 134 135
35 134 135
61 134 135
71 134 135
72 134 135
73 134 135
91 134 135
99 134 135
5 135 136
11 135 136
18 135 136
31 135 136
35 135 136
61 135 136
71 135 136
72 135 136
73 135 136
91 135 136
99 135 136
5 136 137
11 136 137
18 136 137
31 136 137
35 136 137
61 136 137
71 136 137
72 136 137
73 136 137
91 136 137
99 136 137
5 137 6
11 137 6
18 137 6
31 137 6
35 137 6
61 137 6
71 137 6
72 137 6
73 137 6
91 137 6
99 137 6
29 144 88
33 144 88
55 144 88
64 144 88
67 144 88
77 144 88
78 144 88
93 144 88
7 143 90
9 143 90
31 143 90
39 143 90
41 143 90
44 143 90
51 143 90
60 143 90
85 143 90
91 143 90
97 143 90
1 145 92
16 145 92
20 145 92
23 145 92
28 145 92
32 145 92
34 145 92
36 145 92
37 145 92
42 145 92
59 145 92
70 145 92
75 145 92
7 93 140
24 93 140
44 93 140
85 93 140
8 89 139
9 89 139
32 89 139
38 89 139
45 89 139
53 89 139
56 89 139
57 89 139
66 89 139
74 89 139
75 89 139
86 89 139
97 89 139
4 91 138
14 91 138
22 91 138
23 91 138
25 91 138
29 91 138
30 91 138
48 91 138
62 91 138
67 91 138
84 91 138
16 48 142
36 48 142
39 48 142
41 48 142
60 48 142
70 48 142
78 48 142
0 47 142
6 47 142
12 47 142
43 47 142
81 47 142
87 47 142
1 36 141
20 36 141
28 36 141
33 36 141
34 36 141
37 36 141
42 36 141
51 36 141
59 36 141
64 36 141
47 35 141
63 35 141
69 35 141
79 35 141
17 146 37
26 146 37
61 146 37
95 146 37
4 146 34
22 146 34
24 146 34
56 146 34
14 147 46
30 147 46
2 147 49
5 147 49
11 147 49
15 147 49
19 147 49
21 147 49
27 147 49
40 147 49
47 147 49
58 147 49
69 147 49
71 147 49
73 147 49
79 147 49
;
;
set inFlight:=
0
1
2
3
4
5
6
7
8
9
11
12
13
14
15
16
17
18
;
param tini := 8.1;
