param nn:= 148;
set F:=
0
1
2
3
4
5
6
7
8
9
10
11
12
13
14
15
16
17
18
19
20
21
22
23
24
25
26
27
28
29
30
31
32
33
34
35
36
37
38
39
40
41
42
43
44
45
46
47
48
49
50
51
52
53
54
55
56
57
58
59
60
61
62
64
65
66
67
68
70
71
72
73
74
75
76
78
79
85
91
94
96
97
98
99
;
param: E: d:=
0 1 2.500000
2 10 1.500000
11 3 1.500000
4 8 1.500000
9 5 1.500000
12 13 2.500000
0 13 2.500000
12 1 2.500000
14 15 2.500000
16 17 2.500000
14 17 2.500000
16 15 2.500000
18 19 2.500000
20 21 2.500000
18 21 2.500000
20 19 2.500000
22 23 2.500000
24 25 2.500000
22 25 2.500000
24 23 2.500000
13 34 2.500000
34 35 2.500000
35 32 2.500000
32 30 2.500000
30 28 2.500000
28 26 2.500000
29 27 2.500000
27 33 2.500000
33 31 2.500000
31 36 2.500000
36 37 2.500000
37 12 2.500000
17 46 2.500000
46 47 2.500000
47 44 2.500000
44 42 2.500000
42 40 2.500000
40 38 2.500000
41 39 2.500000
39 45 2.500000
45 43 2.500000
43 48 2.500000
48 49 2.500000
49 16 2.500000
19 50 2.500000
50 51 2.500000
51 52 2.500000
52 53 2.500000
53 54 2.500000
54 55 2.500000
55 22 2.500000
25 56 2.500000
56 57 2.500000
57 58 2.500000
58 59 2.500000
59 60 2.500000
60 61 2.500000
61 20 2.500000
3 62 2.500000
62 63 2.500000
63 64 2.500000
64 65 2.500000
65 66 2.500000
66 67 2.500000
67 0 2.500000
1 68 2.500000
68 69 2.500000
69 70 2.500000
70 71 2.500000
71 72 2.500000
72 73 2.500000
73 14 2.500000
17 74 2.500000
74 75 2.500000
75 76 2.500000
76 77 2.500000
77 78 2.500000
78 79 2.500000
79 12 2.500000
13 80 2.500000
80 81 2.500000
81 82 2.500000
82 83 2.500000
83 84 2.500000
84 85 2.500000
85 2 2.500000
26 94 2.500000
94 95 2.500000
95 18 2.500000
19 96 2.500000
96 97 2.500000
97 29 2.500000
38 98 2.500000
98 99 2.500000
99 22 2.500000
23 100 2.500000
100 101 2.500000
101 41 2.500000
92 102 2.500000
102 103 2.500000
103 104 2.500000
104 105 2.500000
105 106 2.500000
106 107 2.500000
107 18 2.500000
21 108 2.500000
108 109 2.500000
109 110 2.500000
110 111 2.500000
111 112 2.500000
112 113 2.500000
113 93 2.500000
21 89 2.500000
88 20 2.500000
25 91 2.500000
90 24 2.500000
5 114 2.500000
114 115 2.500000
115 116 2.500000
116 117 2.500000
117 118 2.500000
118 119 2.500000
119 0 2.500000
1 120 2.500000
120 121 2.500000
121 122 2.500000
122 123 2.500000
123 124 2.500000
124 125 2.500000
125 4 2.500000
7 126 1.500000
126 127 2.500000
127 128 2.500000
128 129 2.500000
129 130 2.500000
130 131 2.500000
131 14 2.500000
15 132 2.500000
132 133 2.500000
133 134 2.500000
134 135 2.500000
135 136 2.500000
136 137 2.500000
137 6 1.500000
87 6 1.500000
7 86 1.500000
144 88 1.500000
143 90 1.500000
145 92 1.500000
93 140 1.500000
89 139 1.500000
91 138 1.500000
48 142 1.500000
47 142 1.500000
36 141 1.500000
35 141 1.500000
146 37 1.500000
146 34 1.500000
147 46 1.500000
147 49 1.500000
;
param s:=
0 11
1 146
2 144
3 7
4 7
5 9
6 145
7 147
8 146
9 7
10 144
11 144
12 146
13 144
14 145
15 145
16 146
17 147
18 146
19 147
20 145
21 11
22 143
23 9
24 11
25 11
26 147
27 11
28 144
29 11
30 145
31 146
32 143
33 145
34 144
35 11
36 147
37 9
38 147
39 145
40 146
41 145
42 11
43 9
44 144
45 9
46 11
47 144
48 143
49 144
50 143
51 9
52 143
53 9
54 146
55 9
56 7
57 7
58 144
59 9
60 144
61 11
62 11
64 144
65 146
66 144
67 145
68 143
70 143
71 143
72 143
73 145
74 145
75 9
76 7
78 147
79 9
85 143
91 145
94 147
96 7
97 147
98 143
99 144
;
param e:=
0 6
1 6
2 142
3 141
4 141
5 10
6 138
7 8
8 8
9 138
10 140
11 138
12 8
13 8
14 141
15 139
16 142
17 6
18 139
19 6
20 138
21 142
22 141
23 142
24 139
25 142
26 6
27 142
28 8
29 6
30 139
31 142
32 6
33 142
34 140
35 6
36 141
37 139
38 138
39 138
40 6
41 139
42 141
43 139
44 141
45 139
46 6
47 142
48 6
49 138
50 142
51 6
52 141
53 139
54 142
55 141
56 10
57 138
58 140
59 141
60 138
61 139
62 139
64 8
65 10
66 8
67 139
68 6
70 142
71 139
72 142
73 142
74 142
75 142
76 138
78 139
79 10
85 6
91 142
94 8
96 142
97 138
98 140
99 142
;
param v_min:=2.375
;
param v_max:=2.625
;
param :conflictsNodes: angle:=
0 1 13 1.000000
0 13 1 1.000000
0 1 67 1.000000
0 67 1 1.000000
0 1 119 1.000000
0 119 1 1.000000
0 13 67 1.000000
0 67 13 1.000000
0 13 119 1.000000
0 119 13 1.000000
0 67 119 1.000000
0 119 67 1.000000
1 0 68 1.000000
1 68 0 1.000000
1 0 120 1.000000
1 120 0 1.000000
1 0 12 1.000000
1 12 0 1.000000
1 68 120 1.000000
1 120 68 1.000000
1 12 68 1.000000
1 68 12 1.000000
1 12 120 1.000000
1 120 12 1.000000
12 13 37 1.000000
12 37 13 1.000000
12 13 79 1.000000
12 79 13 1.000000
12 1 13 1.000000
12 13 1 1.000000
12 1 37 1.000000
12 37 1 1.000000
12 1 79 1.000000
12 79 1 1.000000
12 37 79 1.000000
12 79 37 1.000000
13 0 12 1.000000
13 12 0 1.000000
13 0 34 1.000000
13 34 0 1.000000
13 0 80 1.000000
13 80 0 1.000000
13 12 34 1.000000
13 34 12 1.000000
13 12 80 1.000000
13 80 12 1.000000
13 34 80 1.000000
13 80 34 1.000000
14 15 17 1.000000
14 17 15 1.000000
14 15 73 1.000000
14 73 15 1.000000
14 15 131 1.000000
14 131 15 1.000000
14 17 73 1.000000
14 73 17 1.000000
14 17 131 1.000000
14 131 17 1.000000
14 73 131 1.000000
14 131 73 1.000000
15 14 132 1.000000
15 132 14 1.000000
15 14 16 1.000000
15 16 14 1.000000
15 16 132 1.000000
15 132 16 1.000000
16 17 49 1.000000
16 49 17 1.000000
16 15 17 1.000000
16 17 15 1.000000
16 15 49 1.000000
16 49 15 1.000000
17 14 16 1.000000
17 16 14 1.000000
17 14 46 1.000000
17 46 14 1.000000
17 14 74 1.000000
17 74 14 1.000000
17 16 46 1.000000
17 46 16 1.000000
17 16 74 1.000000
17 74 16 1.000000
17 46 74 1.000000
17 74 46 1.000000
18 19 21 1.000000
18 21 19 1.000000
18 19 95 1.000000
18 95 19 1.000000
18 19 107 1.000000
18 107 19 1.000000
18 21 95 1.000000
18 95 21 1.000000
18 21 107 1.000000
18 107 21 1.000000
18 95 107 1.000000
18 107 95 1.000000
19 18 50 1.000000
19 50 18 1.000000
19 18 96 1.000000
19 96 18 1.000000
19 18 20 1.000000
19 20 18 1.000000
19 50 96 1.000000
19 96 50 1.000000
19 20 50 1.000000
19 50 20 1.000000
19 20 96 1.000000
19 96 20 1.000000
20 21 61 1.000000
20 61 21 1.000000
20 21 88 1.000000
20 88 21 1.000000
20 19 21 1.000000
20 21 19 1.000000
20 19 61 1.000000
20 61 19 1.000000
20 19 88 1.000000
20 88 19 1.000000
20 61 88 1.000000
20 88 61 1.000000
21 18 20 1.000000
21 20 18 1.000000
21 18 108 1.000000
21 108 18 1.000000
21 18 89 1.000000
21 89 18 1.000000
21 20 108 1.000000
21 108 20 1.000000
21 20 89 1.000000
21 89 20 1.000000
21 89 108 1.000000
21 108 89 1.000000
22 23 25 1.000000
22 25 23 1.000000
22 23 55 1.000000
22 55 23 1.000000
22 23 99 1.000000
22 99 23 1.000000
22 25 55 1.000000
22 55 25 1.000000
22 25 99 1.000000
22 99 25 1.000000
22 55 99 1.000000
22 99 55 1.000000
23 22 100 1.000000
23 100 22 1.000000
23 22 24 1.000000
23 24 22 1.000000
23 24 100 1.000000
23 100 24 1.000000
24 25 90 1.000000
24 90 25 1.000000
24 23 25 1.000000
24 25 23 1.000000
24 23 90 1.000000
24 90 23 1.000000
25 22 24 1.000000
25 24 22 1.000000
25 22 56 1.000000
25 56 22 1.000000
25 22 91 1.000000
25 91 22 1.000000
25 24 56 1.000000
25 56 24 1.000000
25 24 91 1.000000
25 91 24 1.000000
25 56 91 1.000000
25 91 56 1.000000
26 28 94 1.000000
26 94 28 1.000000
27 29 33 1.000000
27 33 29 1.000000
28 26 30 1.000000
28 30 26 1.000000
29 27 97 1.000000
29 97 27 1.000000
30 28 32 1.000000
30 32 28 1.000000
31 33 36 1.000000
31 36 33 1.000000
32 30 35 1.000000
32 35 30 1.000000
33 27 31 1.000000
33 31 27 1.000000
34 13 35 1.000000
34 35 13 1.000000
35 32 34 1.000000
35 34 32 1.000000
36 31 37 1.000000
36 37 31 1.000000
37 12 36 1.000000
37 36 12 1.000000
38 40 98 1.000000
38 98 40 1.000000
39 41 45 1.000000
39 45 41 1.000000
40 38 42 1.000000
40 42 38 1.000000
41 39 101 1.000000
41 101 39 1.000000
42 40 44 1.000000
42 44 40 1.000000
43 45 48 1.000000
43 48 45 1.000000
44 42 47 1.000000
44 47 42 1.000000
45 39 43 1.000000
45 43 39 1.000000
46 17 47 1.000000
46 47 17 1.000000
47 44 46 1.000000
47 46 44 1.000000
48 43 49 1.000000
48 49 43 1.000000
49 16 48 1.000000
49 48 16 1.000000
50 19 51 1.000000
50 51 19 1.000000
51 50 52 1.000000
51 52 50 1.000000
52 51 53 1.000000
52 53 51 1.000000
53 52 54 1.000000
53 54 52 1.000000
54 53 55 1.000000
54 55 53 1.000000
55 22 54 1.000000
55 54 22 1.000000
56 25 57 1.000000
56 57 25 1.000000
57 56 58 1.000000
57 58 56 1.000000
58 57 59 1.000000
58 59 57 1.000000
59 58 60 1.000000
59 60 58 1.000000
60 59 61 1.000000
60 61 59 1.000000
61 20 60 1.000000
61 60 20 1.000000
62 3 63 1.000000
62 63 3 1.000000
63 62 64 1.000000
63 64 62 1.000000
64 63 65 1.000000
64 65 63 1.000000
65 64 66 1.000000
65 66 64 1.000000
66 65 67 1.000000
66 67 65 1.000000
67 0 66 1.000000
67 66 0 1.000000
68 1 69 1.000000
68 69 1 1.000000
69 68 70 1.000000
69 70 68 1.000000
70 69 71 1.000000
70 71 69 1.000000
71 70 72 1.000000
71 72 70 1.000000
72 71 73 1.000000
72 73 71 1.000000
73 14 72 1.000000
73 72 14 1.000000
74 17 75 1.000000
74 75 17 1.000000
75 74 76 1.000000
75 76 74 1.000000
76 75 77 1.000000
76 77 75 1.000000
77 76 78 1.000000
77 78 76 1.000000
78 77 79 1.000000
78 79 77 1.000000
79 12 78 1.000000
79 78 12 1.000000
80 13 81 1.000000
80 81 13 1.000000
81 80 82 1.000000
81 82 80 1.000000
82 81 83 1.000000
82 83 81 1.000000
83 82 84 1.000000
83 84 82 1.000000
84 83 85 1.000000
84 85 83 1.000000
85 2 84 1.000000
85 84 2 1.000000
94 26 95 1.000000
94 95 26 1.000000
95 18 94 1.000000
95 94 18 1.000000
96 19 97 1.000000
96 97 19 1.000000
97 29 96 1.000000
97 96 29 1.000000
98 38 99 1.000000
98 99 38 1.000000
99 22 98 1.000000
99 98 22 1.000000
100 23 101 1.000000
100 101 23 1.000000
101 41 100 1.000000
101 100 41 1.000000
102 92 103 1.000000
102 103 92 1.000000
103 102 104 1.000000
103 104 102 1.000000
104 103 105 1.000000
104 105 103 1.000000
105 104 106 1.000000
105 106 104 1.000000
106 105 107 1.000000
106 107 105 1.000000
107 18 106 1.000000
107 106 18 1.000000
108 21 109 1.000000
108 109 21 1.000000
109 108 110 1.000000
109 110 108 1.000000
110 109 111 1.000000
110 111 109 1.000000
111 110 112 1.000000
111 112 110 1.000000
112 111 113 1.000000
112 113 111 1.000000
113 93 112 1.000000
113 112 93 1.000000
114 5 115 1.000000
114 115 5 1.000000
115 114 116 1.000000
115 116 114 1.000000
116 115 117 1.000000
116 117 115 1.000000
117 116 118 1.000000
117 118 116 1.000000
118 117 119 1.000000
118 119 117 1.000000
119 0 118 1.000000
119 118 0 1.000000
120 1 121 1.000000
120 121 1 1.000000
121 120 122 1.000000
121 122 120 1.000000
122 121 123 1.000000
122 123 121 1.000000
123 122 124 1.000000
123 124 122 1.000000
124 123 125 1.000000
124 125 123 1.000000
125 4 124 1.000000
125 124 4 1.000000
127 126 128 1.000000
127 128 126 1.000000
128 127 129 1.000000
128 129 127 1.000000
129 128 130 1.000000
129 130 128 1.000000
130 129 131 1.000000
130 131 129 1.000000
131 14 130 1.000000
131 130 14 1.000000
132 15 133 1.000000
132 133 15 1.000000
133 132 134 1.000000
133 134 132 1.000000
134 133 135 1.000000
134 135 133 1.000000
135 134 136 1.000000
135 136 134 1.000000
136 135 137 1.000000
136 137 135 1.000000
;
param D:=0.5;
param t_hat_ear:=
0 11 6.0
0 3 7.0
0 62 8.0
0 63 9.0
0 64 10.0
0 65 11.0
0 66 12.0
0 67 13.0
0 0 14.0
0 1 15.0
0 68 16.0
0 69 17.0
0 70 18.0
0 71 19.0
0 72 20.0
0 73 21.0
0 14 22.0
0 15 23.0
0 132 24.0
0 133 25.0
0 134 26.0
0 135 27.0
0 136 28.0
0 137 29.0
0 6 30.0
1 146 6.0
1 37 7.0
1 12 8.0
1 1 9.0
1 68 10.0
1 69 11.0
1 70 12.0
1 71 13.0
1 72 14.0
1 73 15.0
1 14 16.0
1 15 17.0
1 132 18.0
1 133 19.0
1 134 20.0
1 135 21.0
1 136 22.0
1 137 23.0
1 6 24.0
2 144 0.0
2 88 1.0
2 20 2.0
2 19 3.0
2 50 4.0
2 51 5.0
2 52 6.0
2 53 7.0
2 54 8.0
2 55 9.0
2 22 10.0
2 23 11.0
2 100 12.0
2 101 13.0
2 41 14.0
2 39 15.0
2 45 16.0
2 43 17.0
2 48 18.0
2 142 19.0
3 7 3.0
3 126 4.0
3 127 5.0
3 128 6.0
3 129 7.0
3 130 8.0
3 131 9.0
3 14 10.0
3 17 11.0
3 74 12.0
3 75 13.0
3 76 14.0
3 77 15.0
3 78 16.0
3 79 17.0
3 12 18.0
3 13 19.0
3 34 20.0
3 35 21.0
3 141 22.0
4 7 7.0
4 126 8.0
4 127 9.0
4 128 10.0
4 129 11.0
4 130 12.0
4 131 13.0
4 14 14.0
4 17 15.0
4 74 16.0
4 75 17.0
4 76 18.0
4 77 19.0
4 78 20.0
4 79 21.0
4 12 22.0
4 13 23.0
4 34 24.0
4 35 25.0
4 141 26.0
5 9 0.0
5 5 1.0
5 114 2.0
5 115 3.0
5 116 4.0
5 117 5.0
5 118 6.0
5 119 7.0
5 0 8.0
5 13 9.0
5 80 10.0
5 81 11.0
5 82 12.0
5 83 13.0
5 84 14.0
5 85 15.0
5 2 16.0
5 10 17.0
6 145 8.0
6 92 9.0
6 102 10.0
6 103 11.0
6 104 12.0
6 105 13.0
6 106 14.0
6 107 15.0
6 18 16.0
6 19 17.0
6 50 18.0
6 51 19.0
6 52 20.0
6 53 21.0
6 54 22.0
6 55 23.0
6 22 24.0
6 25 25.0
6 91 26.0
6 138 27.0
7 147 2.0
7 49 3.0
7 16 4.0
7 17 5.0
7 74 6.0
7 75 7.0
7 76 8.0
7 77 9.0
7 78 10.0
7 79 11.0
7 12 12.0
7 1 13.0
7 120 14.0
7 121 15.0
7 122 16.0
7 123 17.0
7 124 18.0
7 125 19.0
7 4 20.0
7 8 21.0
8 146 0.0
8 37 1.0
8 12 2.0
8 1 3.0
8 120 4.0
8 121 5.0
8 122 6.0
8 123 7.0
8 124 8.0
8 125 9.0
8 4 10.0
8 8 11.0
9 7 5.0
9 126 6.0
9 127 7.0
9 128 8.0
9 129 9.0
9 130 10.0
9 131 11.0
9 14 12.0
9 17 13.0
9 46 14.0
9 47 15.0
9 44 16.0
9 42 17.0
9 40 18.0
9 38 19.0
9 98 20.0
9 99 21.0
9 22 22.0
9 25 23.0
9 91 24.0
9 138 25.0
10 144 8.0
10 88 9.0
10 20 10.0
10 21 11.0
10 108 12.0
10 109 13.0
10 110 14.0
10 111 15.0
10 112 16.0
10 113 17.0
10 93 18.0
10 140 19.0
11 144 2.0
11 88 3.0
11 20 4.0
11 19 5.0
11 50 6.0
11 51 7.0
11 52 8.0
11 53 9.0
11 54 10.0
11 55 11.0
11 22 12.0
11 25 13.0
11 91 14.0
11 138 15.0
12 146 2.0
12 37 3.0
12 12 4.0
12 1 5.0
12 120 6.0
12 121 7.0
12 122 8.0
12 123 9.0
12 124 10.0
12 125 11.0
12 4 12.0
12 8 13.0
13 144 4.0
13 88 5.0
13 20 6.0
13 19 7.0
13 96 8.0
13 97 9.0
13 29 10.0
13 27 11.0
13 33 12.0
13 31 13.0
13 36 14.0
13 37 15.0
13 12 16.0
13 1 17.0
13 120 18.0
13 121 19.0
13 122 20.0
13 123 21.0
13 124 22.0
13 125 23.0
13 4 24.0
13 8 25.0
14 145 2.0
14 92 3.0
14 102 4.0
14 103 5.0
14 104 6.0
14 105 7.0
14 106 8.0
14 107 9.0
14 18 10.0
14 19 11.0
14 96 12.0
14 97 13.0
14 29 14.0
14 27 15.0
14 33 16.0
14 31 17.0
14 36 18.0
14 141 19.0
15 145 0.0
15 92 1.0
15 102 2.0
15 103 3.0
15 104 4.0
15 105 5.0
15 106 6.0
15 107 7.0
15 18 8.0
15 21 9.0
15 89 10.0
15 139 11.0
16 146 8.0
16 37 9.0
16 12 10.0
16 1 11.0
16 68 12.0
16 69 13.0
16 70 14.0
16 71 15.0
16 72 16.0
16 73 17.0
16 14 18.0
16 17 19.0
16 46 20.0
16 47 21.0
16 142 22.0
17 147 6.0
17 49 7.0
17 16 8.0
17 15 9.0
17 132 10.0
17 133 11.0
17 134 12.0
17 135 13.0
17 136 14.0
17 137 15.0
17 6 16.0
18 146 4.0
18 34 5.0
18 35 6.0
18 32 7.0
18 30 8.0
18 28 9.0
18 26 10.0
18 94 11.0
18 95 12.0
18 18 13.0
18 21 14.0
18 89 15.0
18 139 16.0
19 147 4.0
19 49 5.0
19 16 6.0
19 15 7.0
19 132 8.0
19 133 9.0
19 134 10.0
19 135 11.0
19 136 12.0
19 137 13.0
19 6 14.0
20 145 18.0
20 92 19.0
20 102 20.0
20 103 21.0
20 104 22.0
20 105 23.0
20 106 24.0
20 107 25.0
20 18 26.0
20 19 27.0
20 50 28.0
20 51 29.0
20 52 30.0
20 53 31.0
20 54 32.0
20 55 33.0
20 22 34.0
20 25 35.0
20 91 36.0
20 138 37.0
21 11 24.0
21 3 25.0
21 62 26.0
21 63 27.0
21 64 28.0
21 65 29.0
21 66 30.0
21 67 31.0
21 0 32.0
21 1 33.0
21 68 34.0
21 69 35.0
21 70 36.0
21 71 37.0
21 72 38.0
21 73 39.0
21 14 40.0
21 17 41.0
21 46 42.0
21 47 43.0
21 142 44.0
22 143 12.0
22 90 13.0
22 24 14.0
22 25 15.0
22 56 16.0
22 57 17.0
22 58 18.0
22 59 19.0
22 60 20.0
22 61 21.0
22 20 22.0
22 19 23.0
22 96 24.0
22 97 25.0
22 29 26.0
22 27 27.0
22 33 28.0
22 31 29.0
22 36 30.0
22 141 31.0
23 9 18.0
23 5 19.0
23 114 20.0
23 115 21.0
23 116 22.0
23 117 23.0
23 118 24.0
23 119 25.0
23 0 26.0
23 1 27.0
23 68 28.0
23 69 29.0
23 70 30.0
23 71 31.0
23 72 32.0
23 73 33.0
23 14 34.0
23 17 35.0
23 46 36.0
23 47 37.0
23 142 38.0
24 11 22.0
24 3 23.0
24 62 24.0
24 63 25.0
24 64 26.0
24 65 27.0
24 66 28.0
24 67 29.0
24 0 30.0
24 13 31.0
24 34 32.0
24 35 33.0
24 32 34.0
24 30 35.0
24 28 36.0
24 26 37.0
24 94 38.0
24 95 39.0
24 18 40.0
24 21 41.0
24 89 42.0
24 139 43.0
25 11 11.1
25 3 11.0
25 62 12.0
25 63 13.0
25 64 14.0
25 65 15.0
25 66 16.0
25 67 17.0
25 0 18.0
25 1 19.0
25 68 20.0
25 69 21.0
25 70 22.0
25 71 23.0
25 72 24.0
25 73 25.0
25 14 26.0
25 17 27.0
25 46 28.0
25 47 29.0
25 142 30.0
26 147 16.0
26 49 17.0
26 16 18.0
26 15 19.0
26 132 20.0
26 133 21.0
26 134 22.0
26 135 23.0
26 136 24.0
26 137 25.0
26 6 26.0
27 11 29.0
27 3 30.0
27 62 31.0
27 63 32.0
27 64 33.0
27 65 34.0
27 66 35.0
27 67 36.0
27 0 37.0
27 1 38.0
27 68 39.0
27 69 40.0
27 70 41.0
27 71 42.0
27 72 43.0
27 73 44.0
27 14 45.0
27 17 46.0
27 46 47.0
27 47 48.0
27 142 49.0
28 144 18.0
28 88 19.0
28 20 20.0
28 19 21.0
28 96 22.0
28 97 23.0
28 29 24.0
28 27 25.0
28 33 26.0
28 31 27.0
28 36 28.0
28 37 29.0
28 12 30.0
28 1 31.0
28 120 32.0
28 121 33.0
28 122 34.0
28 123 35.0
28 124 36.0
28 125 37.0
28 4 38.0
28 8 39.0
29 11 14.0
29 3 15.0
29 62 16.0
29 63 17.0
29 64 18.0
29 65 19.0
29 66 20.0
29 67 21.0
29 0 22.0
29 1 23.0
29 68 24.0
29 69 25.0
29 70 26.0
29 71 27.0
29 72 28.0
29 73 29.0
29 14 30.0
29 15 31.0
29 132 32.0
29 133 33.0
29 134 34.0
29 135 35.0
29 136 36.0
29 137 37.0
29 6 38.0
30 145 12.0
30 92 13.0
30 102 14.0
30 103 15.0
30 104 16.0
30 105 17.0
30 106 18.0
30 107 19.0
30 18 20.0
30 21 21.0
30 89 22.0
30 139 23.0
31 146 18.0
31 37 19.0
31 12 20.0
31 1 21.0
31 68 22.0
31 69 23.0
31 70 24.0
31 71 25.0
31 72 26.0
31 73 27.0
31 14 28.0
31 17 29.0
31 46 30.0
31 47 31.0
31 142 32.0
32 143 14.0
32 90 15.0
32 24 16.0
32 23 17.0
32 100 18.0
32 101 19.0
32 41 20.0
32 39 21.0
32 45 22.0
32 43 23.0
32 48 24.0
32 49 25.0
32 16 26.0
32 15 27.0
32 132 28.0
32 133 29.0
32 134 30.0
32 135 31.0
32 136 32.0
32 137 33.0
32 6 34.0
33 145 11.1
33 92 11.0
33 102 12.0
33 103 13.0
33 104 14.0
33 105 15.0
33 106 16.0
33 107 17.0
33 18 18.0
33 19 19.0
33 50 20.0
33 51 21.0
33 52 22.0
33 53 23.0
33 54 24.0
33 55 25.0
33 22 26.0
33 23 27.0
33 100 28.0
33 101 29.0
33 41 30.0
33 39 31.0
33 45 32.0
33 43 33.0
33 48 34.0
33 142 35.0
34 144 16.0
34 88 17.0
34 20 18.0
34 21 19.0
34 108 20.0
34 109 21.0
34 110 22.0
34 111 23.0
34 112 24.0
34 113 25.0
34 93 26.0
34 140 27.0
35 11 16.0
35 3 17.0
35 62 18.0
35 63 19.0
35 64 20.0
35 65 21.0
35 66 22.0
35 67 23.0
35 0 24.0
35 1 25.0
35 68 26.0
35 69 27.0
35 70 28.0
35 71 29.0
35 72 30.0
35 73 31.0
35 14 32.0
35 15 33.0
35 132 34.0
35 133 35.0
35 134 36.0
35 135 37.0
35 136 38.0
35 137 39.0
35 6 40.0
36 147 14.0
36 49 15.0
36 16 16.0
36 17 17.0
36 74 18.0
36 75 19.0
36 76 20.0
36 77 21.0
36 78 22.0
36 79 23.0
36 12 24.0
36 13 25.0
36 34 26.0
36 35 27.0
36 141 28.0
37 9 12.0
37 5 13.0
37 114 14.0
37 115 15.0
37 116 16.0
37 117 17.0
37 118 18.0
37 119 19.0
37 0 20.0
37 13 21.0
37 34 22.0
37 35 23.0
37 32 24.0
37 30 25.0
37 28 26.0
37 26 27.0
37 94 28.0
37 95 29.0
37 18 30.0
37 21 31.0
37 89 32.0
37 139 33.0
38 147 11.1
38 46 11.0
38 47 12.0
38 44 13.0
38 42 14.0
38 40 15.0
38 38 16.0
38 98 17.0
38 99 18.0
38 22 19.0
38 25 20.0
38 91 21.0
38 138 22.0
39 145 16.0
39 92 17.0
39 102 18.0
39 103 19.0
39 104 20.0
39 105 21.0
39 106 22.0
39 107 23.0
39 18 24.0
39 19 25.0
39 50 26.0
39 51 27.0
39 52 28.0
39 53 29.0
39 54 30.0
39 55 31.0
39 22 32.0
39 25 33.0
39 91 34.0
39 138 35.0
40 146 26.0
40 37 27.0
40 12 28.0
40 1 29.0
40 68 30.0
40 69 31.0
40 70 32.0
40 71 33.0
40 72 34.0
40 73 35.0
40 14 36.0
40 15 37.0
40 132 38.0
40 133 39.0
40 134 40.0
40 135 41.0
40 136 42.0
40 137 43.0
40 6 44.0
41 145 20.0
41 92 21.0
41 102 22.0
41 103 23.0
41 104 24.0
41 105 25.0
41 106 26.0
41 107 27.0
41 18 28.0
41 21 29.0
41 89 30.0
41 139 31.0
42 11 39.0
42 3 40.0
42 62 41.0
42 63 42.0
42 64 43.0
42 65 44.0
42 66 45.0
42 67 46.0
42 0 47.0
42 13 48.0
42 34 49.0
42 35 50.0
42 141 51.0
43 9 31.0
43 5 32.0
43 114 33.0
43 115 34.0
43 116 35.0
43 117 36.0
43 118 37.0
43 119 38.0
43 0 39.0
43 13 40.0
43 34 41.0
43 35 42.0
43 32 43.0
43 30 44.0
43 28 45.0
43 26 46.0
43 94 47.0
43 95 48.0
43 18 49.0
43 21 50.0
43 89 51.0
43 139 52.0
44 144 29.0
44 88 30.0
44 20 31.0
44 19 32.0
44 96 33.0
44 97 34.0
44 29 35.0
44 27 36.0
44 33 37.0
44 31 38.0
44 36 39.0
44 141 40.0
45 9 20.0
45 5 21.0
45 114 22.0
45 115 23.0
45 116 24.0
45 117 25.0
45 118 26.0
45 119 27.0
45 0 28.0
45 13 29.0
45 34 30.0
45 35 31.0
45 32 32.0
45 30 33.0
45 28 34.0
45 26 35.0
45 94 36.0
45 95 37.0
45 18 38.0
45 21 39.0
45 89 40.0
45 139 41.0
46 11 27.0
46 3 28.0
46 62 29.0
46 63 30.0
46 64 31.0
46 65 32.0
46 66 33.0
46 67 34.0
46 0 35.0
46 1 36.0
46 68 37.0
46 69 38.0
46 70 39.0
46 71 40.0
46 72 41.0
46 73 42.0
46 14 43.0
46 15 44.0
46 132 45.0
46 133 46.0
46 134 47.0
46 135 48.0
46 136 49.0
46 137 50.0
46 6 51.0
47 144 27.0
47 88 28.0
47 20 29.0
47 19 30.0
47 50 31.0
47 51 32.0
47 52 33.0
47 53 34.0
47 54 35.0
47 55 36.0
47 22 37.0
47 23 38.0
47 100 39.0
47 101 40.0
47 41 41.0
47 39 42.0
47 45 43.0
47 43 44.0
47 48 45.0
47 142 46.0
48 143 22.0
48 90 23.0
48 24 24.0
48 23 25.0
48 100 26.0
48 101 27.0
48 41 28.0
48 39 29.0
48 45 30.0
48 43 31.0
48 48 32.0
48 49 33.0
48 16 34.0
48 15 35.0
48 132 36.0
48 133 37.0
48 134 38.0
48 135 39.0
48 136 40.0
48 137 41.0
48 6 42.0
49 144 34.0
49 88 35.0
49 20 36.0
49 19 37.0
49 50 38.0
49 51 39.0
49 52 40.0
49 53 41.0
49 54 42.0
49 55 43.0
49 22 44.0
49 25 45.0
49 91 46.0
49 138 47.0
50 143 29.0
50 90 30.0
50 24 31.0
50 23 32.0
50 100 33.0
50 101 34.0
50 41 35.0
50 39 36.0
50 45 37.0
50 43 38.0
50 48 39.0
50 142 40.0
51 9 45.0
51 5 46.0
51 114 47.0
51 115 48.0
51 116 49.0
51 117 50.0
51 118 51.0
51 119 52.0
51 0 53.0
51 1 54.0
51 68 55.0
51 69 56.0
51 70 57.0
51 71 58.0
51 72 59.0
51 73 60.0
51 14 61.0
51 15 62.0
51 132 63.0
51 133 64.0
51 134 65.0
51 135 66.0
51 136 67.0
51 137 68.0
51 6 69.0
52 143 24.0
52 90 25.0
52 24 26.0
52 25 27.0
52 56 28.0
52 57 29.0
52 58 30.0
52 59 31.0
52 60 32.0
52 61 33.0
52 20 34.0
52 19 35.0
52 96 36.0
52 97 37.0
52 29 38.0
52 27 39.0
52 33 40.0
52 31 41.0
52 36 42.0
52 141 43.0
53 9 33.0
53 5 34.0
53 114 35.0
53 115 36.0
53 116 37.0
53 117 38.0
53 118 39.0
53 119 40.0
53 0 41.0
53 13 42.0
53 34 43.0
53 35 44.0
53 32 45.0
53 30 46.0
53 28 47.0
53 26 48.0
53 94 49.0
53 95 50.0
53 18 51.0
53 21 52.0
53 89 53.0
53 139 54.0
54 146 39.0
54 37 40.0
54 12 41.0
54 1 42.0
54 68 43.0
54 69 44.0
54 70 45.0
54 71 46.0
54 72 47.0
54 73 48.0
54 14 49.0
54 17 50.0
54 46 51.0
54 47 52.0
54 142 53.0
55 9 35.0
55 5 36.0
55 114 37.0
55 115 38.0
55 116 39.0
55 117 40.0
55 118 41.0
55 119 42.0
55 0 43.0
55 13 44.0
55 34 45.0
55 35 46.0
55 141 47.0
56 7 49.0
56 126 50.0
56 127 51.0
56 128 52.0
56 129 53.0
56 130 54.0
56 131 55.0
56 14 56.0
56 17 57.0
56 74 58.0
56 75 59.0
56 76 60.0
56 77 61.0
56 78 62.0
56 79 63.0
56 12 64.0
56 13 65.0
56 80 66.0
56 81 67.0
56 82 68.0
56 83 69.0
56 84 70.0
56 85 71.0
56 2 72.0
56 10 73.0
57 7 31.0
57 126 32.0
57 127 33.0
57 128 34.0
57 129 35.0
57 130 36.0
57 131 37.0
57 14 38.0
57 17 39.0
57 46 40.0
57 47 41.0
57 44 42.0
57 42 43.0
57 40 44.0
57 38 45.0
57 98 46.0
57 99 47.0
57 22 48.0
57 25 49.0
57 91 50.0
57 138 51.0
58 144 22.0
58 88 23.0
58 20 24.0
58 21 25.0
58 108 26.0
58 109 27.0
58 110 28.0
58 111 29.0
58 112 30.0
58 113 31.0
58 93 32.0
58 140 33.0
59 9 37.0
59 5 38.0
59 114 39.0
59 115 40.0
59 116 41.0
59 117 42.0
59 118 43.0
59 119 44.0
59 0 45.0
59 13 46.0
59 34 47.0
59 35 48.0
59 141 49.0
60 144 49.0
60 88 50.0
60 20 51.0
60 19 52.0
60 50 53.0
60 51 54.0
60 52 55.0
60 53 56.0
60 54 57.0
60 55 58.0
60 22 59.0
60 25 60.0
60 91 61.0
60 138 62.0
61 11 47.0
61 3 48.0
61 62 49.0
61 63 50.0
61 64 51.0
61 65 52.0
61 66 53.0
61 67 54.0
61 0 55.0
61 13 56.0
61 34 57.0
61 35 58.0
61 32 59.0
61 30 60.0
61 28 61.0
61 26 62.0
61 94 63.0
61 95 64.0
61 18 65.0
61 21 66.0
61 89 67.0
61 139 68.0
62 11 43.0
62 3 44.0
62 62 45.0
62 63 46.0
62 64 47.0
62 65 48.0
62 66 49.0
62 67 50.0
62 0 51.0
62 13 52.0
62 34 53.0
62 35 54.0
62 32 55.0
62 30 56.0
62 28 57.0
62 26 58.0
62 94 59.0
62 95 60.0
62 18 61.0
62 21 62.0
62 89 63.0
62 139 64.0
64 144 37.0
64 88 38.0
64 20 39.0
64 19 40.0
64 96 41.0
64 97 42.0
64 29 43.0
64 27 44.0
64 33 45.0
64 31 46.0
64 36 47.0
64 37 48.0
64 12 49.0
64 1 50.0
64 120 51.0
64 121 52.0
64 122 53.0
64 123 54.0
64 124 55.0
64 125 56.0
64 4 57.0
64 8 58.0
65 146 35.0
65 37 36.0
65 12 37.0
65 13 38.0
65 80 39.0
65 81 40.0
65 82 41.0
65 83 42.0
65 84 43.0
65 85 44.0
65 2 45.0
65 10 46.0
66 144 39.0
66 88 40.0
66 20 41.0
66 19 42.0
66 96 43.0
66 97 44.0
66 29 45.0
66 27 46.0
66 33 47.0
66 31 48.0
66 36 49.0
66 37 50.0
66 12 51.0
66 1 52.0
66 120 53.0
66 121 54.0
66 122 55.0
66 123 56.0
66 124 57.0
66 125 58.0
66 4 59.0
66 8 60.0
67 145 34.0
67 92 35.0
67 102 36.0
67 103 37.0
67 104 38.0
67 105 39.0
67 106 40.0
67 107 41.0
67 18 42.0
67 21 43.0
67 89 44.0
67 139 45.0
68 143 33.0
68 90 34.0
68 24 35.0
68 23 36.0
68 100 37.0
68 101 38.0
68 41 39.0
68 39 40.0
68 45 41.0
68 43 42.0
68 48 43.0
68 49 44.0
68 16 45.0
68 15 46.0
68 132 47.0
68 133 48.0
68 134 49.0
68 135 50.0
68 136 51.0
68 137 52.0
68 6 53.0
70 143 31.0
70 90 32.0
70 24 33.0
70 23 34.0
70 100 35.0
70 101 36.0
70 41 37.0
70 39 38.0
70 45 39.0
70 43 40.0
70 48 41.0
70 142 42.0
71 143 37.0
71 90 38.0
71 24 39.0
71 25 40.0
71 56 41.0
71 57 42.0
71 58 43.0
71 59 44.0
71 60 45.0
71 61 46.0
71 20 47.0
71 21 48.0
71 89 49.0
71 139 50.0
72 143 45.0
72 90 46.0
72 24 47.0
72 23 48.0
72 100 49.0
72 101 50.0
72 41 51.0
72 39 52.0
72 45 53.0
72 43 54.0
72 48 55.0
72 142 56.0
73 145 37.0
73 92 38.0
73 102 39.0
73 103 40.0
73 104 41.0
73 105 42.0
73 106 43.0
73 107 44.0
73 18 45.0
73 19 46.0
73 50 47.0
73 51 48.0
73 52 49.0
73 53 50.0
73 54 51.0
73 55 52.0
73 22 53.0
73 23 54.0
73 100 55.0
73 101 56.0
73 41 57.0
73 39 58.0
73 45 59.0
73 43 60.0
73 48 61.0
73 142 62.0
74 145 39.0
74 92 40.0
74 102 41.0
74 103 42.0
74 104 43.0
74 105 44.0
74 106 45.0
74 107 46.0
74 18 47.0
74 19 48.0
74 50 49.0
74 51 50.0
74 52 51.0
74 53 52.0
74 54 53.0
74 55 54.0
74 22 55.0
74 23 56.0
74 100 57.0
74 101 58.0
74 41 59.0
74 39 60.0
74 45 61.0
74 43 62.0
74 48 63.0
74 142 64.0
75 9 49.0
75 5 50.0
75 114 51.0
75 115 52.0
75 116 53.0
75 117 54.0
75 118 55.0
75 119 56.0
75 0 57.0
75 1 58.0
75 68 59.0
75 69 60.0
75 70 61.0
75 71 62.0
75 72 63.0
75 73 64.0
75 14 65.0
75 17 66.0
75 46 67.0
75 47 68.0
75 142 69.0
76 7 44.0
76 126 45.0
76 127 46.0
76 128 47.0
76 129 48.0
76 130 49.0
76 131 50.0
76 14 51.0
76 17 52.0
76 46 53.0
76 47 54.0
76 44 55.0
76 42 56.0
76 40 57.0
76 38 58.0
76 98 59.0
76 99 60.0
76 22 61.0
76 25 62.0
76 91 63.0
76 138 64.0
78 147 37.0
78 46 38.0
78 47 39.0
78 44 40.0
78 42 41.0
78 40 42.0
78 38 43.0
78 98 44.0
78 99 45.0
78 22 46.0
78 25 47.0
78 56 48.0
78 57 49.0
78 58 50.0
78 59 51.0
78 60 52.0
78 61 53.0
78 20 54.0
78 21 55.0
78 89 56.0
78 139 57.0
79 9 41.0
79 5 42.0
79 114 43.0
79 115 44.0
79 116 45.0
79 117 46.0
79 118 47.0
79 119 48.0
79 0 49.0
79 13 50.0
79 80 51.0
79 81 52.0
79 82 53.0
79 83 54.0
79 84 55.0
79 85 56.0
79 2 57.0
79 10 58.0
85 143 40.0
85 90 41.0
85 24 42.0
85 23 43.0
85 100 44.0
85 101 45.0
85 41 46.0
85 39 47.0
85 45 48.0
85 43 49.0
85 48 50.0
85 49 51.0
85 16 52.0
85 15 53.0
85 132 54.0
85 133 55.0
85 134 56.0
85 135 57.0
85 136 58.0
85 137 59.0
85 6 60.0
91 145 49.0
91 92 50.0
91 102 51.0
91 103 52.0
91 104 53.0
91 105 54.0
91 106 55.0
91 107 56.0
91 18 57.0
91 19 58.0
91 50 59.0
91 51 60.0
91 52 61.0
91 53 62.0
91 54 63.0
91 55 64.0
91 22 65.0
91 23 66.0
91 100 67.0
91 101 68.0
91 41 69.0
91 39 70.0
91 45 71.0
91 43 72.0
91 48 73.0
91 142 74.0
94 147 45.0
94 49 46.0
94 16 47.0
94 17 48.0
94 74 49.0
94 75 50.0
94 76 51.0
94 77 52.0
94 78 53.0
94 79 54.0
94 12 55.0
94 1 56.0
94 120 57.0
94 121 58.0
94 122 59.0
94 123 60.0
94 124 61.0
94 125 62.0
94 4 63.0
94 8 64.0
96 7 47.0
96 126 48.0
96 127 49.0
96 128 50.0
96 129 51.0
96 130 52.0
96 131 53.0
96 14 54.0
96 17 55.0
96 46 56.0
96 47 57.0
96 142 58.0
97 147 48.0
97 46 49.0
97 47 50.0
97 44 51.0
97 42 52.0
97 40 53.0
97 38 54.0
97 98 55.0
97 99 56.0
97 22 57.0
97 25 58.0
97 91 59.0
97 138 60.0
98 143 49.0
98 90 50.0
98 24 51.0
98 25 52.0
98 56 53.0
98 57 54.0
98 58 55.0
98 59 56.0
98 60 57.0
98 61 58.0
98 20 59.0
98 21 60.0
98 108 61.0
98 109 62.0
98 110 63.0
98 111 64.0
98 112 65.0
98 113 66.0
98 93 67.0
98 140 68.0
99 144 41.0
99 88 42.0
99 20 43.0
99 19 44.0
99 50 45.0
99 51 46.0
99 52 47.0
99 53 48.0
99 54 49.0
99 55 50.0
99 22 51.0
99 23 52.0
99 100 53.0
99 101 54.0
99 41 55.0
99 39 56.0
99 45 57.0
99 43 58.0
99 48 59.0
99 142 60.0
;
param t_hat_lat:=
0 11 7.0
0 3 8.0
0 62 9.0
0 63 10.0
0 64 11.0
0 65 12.0
0 66 13.0
0 67 14.0
0 0 15.0
0 1 16.0
0 68 17.0
0 69 18.0
0 70 19.0
0 71 20.0
0 72 21.0
0 73 22.0
0 14 23.0
0 15 24.0
0 132 25.0
0 133 26.0
0 134 27.0
0 135 28.0
0 136 29.0
0 137 30.0
0 6 31.0
1 146 7.0
1 37 8.0
1 12 9.0
1 1 10.0
1 68 11.0
1 69 12.0
1 70 13.0
1 71 14.0
1 72 15.0
1 73 16.0
1 14 17.0
1 15 18.0
1 132 19.0
1 133 20.0
1 134 21.0
1 135 22.0
1 136 23.0
1 137 24.0
1 6 25.0
2 144 1.0
2 88 2.0
2 20 3.0
2 19 4.0
2 50 5.0
2 51 6.0
2 52 7.0
2 53 8.0
2 54 9.0
2 55 10.0
2 22 11.0
2 23 12.0
2 100 13.0
2 101 14.0
2 41 15.0
2 39 16.0
2 45 17.0
2 43 18.0
2 48 19.0
2 142 20.0
3 7 4.0
3 126 5.0
3 127 6.0
3 128 7.0
3 129 8.0
3 130 9.0
3 131 10.0
3 14 11.0
3 17 12.0
3 74 13.0
3 75 14.0
3 76 15.0
3 77 16.0
3 78 17.0
3 79 18.0
3 12 19.0
3 13 20.0
3 34 21.0
3 35 22.0
3 141 23.0
4 7 8.0
4 126 9.0
4 127 10.0
4 128 11.0
4 129 12.0
4 130 13.0
4 131 14.0
4 14 15.0
4 17 16.0
4 74 17.0
4 75 18.0
4 76 19.0
4 77 20.0
4 78 21.0
4 79 22.0
4 12 23.0
4 13 24.0
4 34 25.0
4 35 26.0
4 141 27.0
5 9 1.0
5 5 2.0
5 114 3.0
5 115 4.0
5 116 5.0
5 117 6.0
5 118 7.0
5 119 8.0
5 0 9.0
5 13 10.0
5 80 11.0
5 81 12.0
5 82 13.0
5 83 14.0
5 84 15.0
5 85 16.0
5 2 17.0
5 10 18.0
6 145 9.0
6 92 10.0
6 102 11.0
6 103 12.0
6 104 13.0
6 105 14.0
6 106 15.0
6 107 16.0
6 18 17.0
6 19 18.0
6 50 19.0
6 51 20.0
6 52 21.0
6 53 22.0
6 54 23.0
6 55 24.0
6 22 25.0
6 25 26.0
6 91 27.0
6 138 28.0
7 147 3.0
7 49 4.0
7 16 5.0
7 17 6.0
7 74 7.0
7 75 8.0
7 76 9.0
7 77 10.0
7 78 11.0
7 79 12.0
7 12 13.0
7 1 14.0
7 120 15.0
7 121 16.0
7 122 17.0
7 123 18.0
7 124 19.0
7 125 20.0
7 4 21.0
7 8 22.0
8 146 1.0
8 37 2.0
8 12 3.0
8 1 4.0
8 120 5.0
8 121 6.0
8 122 7.0
8 123 8.0
8 124 9.0
8 125 10.0
8 4 11.0
8 8 12.0
9 7 6.0
9 126 7.0
9 127 8.0
9 128 9.0
9 129 10.0
9 130 11.0
9 131 12.0
9 14 13.0
9 17 14.0
9 46 15.0
9 47 16.0
9 44 17.0
9 42 18.0
9 40 19.0
9 38 20.0
9 98 21.0
9 99 22.0
9 22 23.0
9 25 24.0
9 91 25.0
9 138 26.0
10 144 9.0
10 88 10.0
10 20 11.0
10 21 12.0
10 108 13.0
10 109 14.0
10 110 15.0
10 111 16.0
10 112 17.0
10 113 18.0
10 93 19.0
10 140 20.0
11 144 3.0
11 88 4.0
11 20 5.0
11 19 6.0
11 50 7.0
11 51 8.0
11 52 9.0
11 53 10.0
11 54 11.0
11 55 12.0
11 22 13.0
11 25 14.0
11 91 15.0
11 138 16.0
12 146 3.0
12 37 4.0
12 12 5.0
12 1 6.0
12 120 7.0
12 121 8.0
12 122 9.0
12 123 10.0
12 124 11.0
12 125 12.0
12 4 13.0
12 8 14.0
13 144 5.0
13 88 6.0
13 20 7.0
13 19 8.0
13 96 9.0
13 97 10.0
13 29 11.0
13 27 12.0
13 33 13.0
13 31 14.0
13 36 15.0
13 37 16.0
13 12 17.0
13 1 18.0
13 120 19.0
13 121 20.0
13 122 21.0
13 123 22.0
13 124 23.0
13 125 24.0
13 4 25.0
13 8 26.0
14 145 3.0
14 92 4.0
14 102 5.0
14 103 6.0
14 104 7.0
14 105 8.0
14 106 9.0
14 107 10.0
14 18 11.0
14 19 12.0
14 96 13.0
14 97 14.0
14 29 15.0
14 27 16.0
14 33 17.0
14 31 18.0
14 36 19.0
14 141 20.0
15 145 1.0
15 92 2.0
15 102 3.0
15 103 4.0
15 104 5.0
15 105 6.0
15 106 7.0
15 107 8.0
15 18 9.0
15 21 10.0
15 89 11.0
15 139 12.0
16 146 9.0
16 37 10.0
16 12 11.0
16 1 12.0
16 68 13.0
16 69 14.0
16 70 15.0
16 71 16.0
16 72 17.0
16 73 18.0
16 14 19.0
16 17 20.0
16 46 21.0
16 47 22.0
16 142 23.0
17 147 7.0
17 49 8.0
17 16 9.0
17 15 10.0
17 132 11.0
17 133 12.0
17 134 13.0
17 135 14.0
17 136 15.0
17 137 16.0
17 6 17.0
18 146 5.0
18 34 6.0
18 35 7.0
18 32 8.0
18 30 9.0
18 28 10.0
18 26 11.0
18 94 12.0
18 95 13.0
18 18 14.0
18 21 15.0
18 89 16.0
18 139 17.0
19 147 5.0
19 49 6.0
19 16 7.0
19 15 8.0
19 132 9.0
19 133 10.0
19 134 11.0
19 135 12.0
19 136 13.0
19 137 14.0
19 6 15.0
20 145 19.0
20 92 20.0
20 102 21.0
20 103 22.0
20 104 23.0
20 105 24.0
20 106 25.0
20 107 26.0
20 18 27.0
20 19 28.0
20 50 29.0
20 51 30.0
20 52 31.0
20 53 32.0
20 54 33.0
20 55 34.0
20 22 35.0
20 25 36.0
20 91 37.0
20 138 38.0
21 11 25.0
21 3 26.0
21 62 27.0
21 63 28.0
21 64 29.0
21 65 30.0
21 66 31.0
21 67 32.0
21 0 33.0
21 1 34.0
21 68 35.0
21 69 36.0
21 70 37.0
21 71 38.0
21 72 39.0
21 73 40.0
21 14 41.0
21 17 42.0
21 46 43.0
21 47 44.0
21 142 45.0
22 143 13.0
22 90 14.0
22 24 15.0
22 25 16.0
22 56 17.0
22 57 18.0
22 58 19.0
22 59 20.0
22 60 21.0
22 61 22.0
22 20 23.0
22 19 24.0
22 96 25.0
22 97 26.0
22 29 27.0
22 27 28.0
22 33 29.0
22 31 30.0
22 36 31.0
22 141 32.0
23 9 19.0
23 5 20.0
23 114 21.0
23 115 22.0
23 116 23.0
23 117 24.0
23 118 25.0
23 119 26.0
23 0 27.0
23 1 28.0
23 68 29.0
23 69 30.0
23 70 31.0
23 71 32.0
23 72 33.0
23 73 34.0
23 14 35.0
23 17 36.0
23 46 37.0
23 47 38.0
23 142 39.0
24 11 23.0
24 3 24.0
24 62 25.0
24 63 26.0
24 64 27.0
24 65 28.0
24 66 29.0
24 67 30.0
24 0 31.0
24 13 32.0
24 34 33.0
24 35 34.0
24 32 35.0
24 30 36.0
24 28 37.0
24 26 38.0
24 94 39.0
24 95 40.0
24 18 41.0
24 21 42.0
24 89 43.0
24 139 44.0
25 11 12.100000000000001
25 3 12.0
25 62 13.0
25 63 14.0
25 64 15.0
25 65 16.0
25 66 17.0
25 67 18.0
25 0 19.0
25 1 20.0
25 68 21.0
25 69 22.0
25 70 23.0
25 71 24.0
25 72 25.0
25 73 26.0
25 14 27.0
25 17 28.0
25 46 29.0
25 47 30.0
25 142 31.0
26 147 17.0
26 49 18.0
26 16 19.0
26 15 20.0
26 132 21.0
26 133 22.0
26 134 23.0
26 135 24.0
26 136 25.0
26 137 26.0
26 6 27.0
27 11 30.0
27 3 31.0
27 62 32.0
27 63 33.0
27 64 34.0
27 65 35.0
27 66 36.0
27 67 37.0
27 0 38.0
27 1 39.0
27 68 40.0
27 69 41.0
27 70 42.0
27 71 43.0
27 72 44.0
27 73 45.0
27 14 46.0
27 17 47.0
27 46 48.0
27 47 49.0
27 142 50.0
28 144 19.0
28 88 20.0
28 20 21.0
28 19 22.0
28 96 23.0
28 97 24.0
28 29 25.0
28 27 26.0
28 33 27.0
28 31 28.0
28 36 29.0
28 37 30.0
28 12 31.0
28 1 32.0
28 120 33.0
28 121 34.0
28 122 35.0
28 123 36.0
28 124 37.0
28 125 38.0
28 4 39.0
28 8 40.0
29 11 15.0
29 3 16.0
29 62 17.0
29 63 18.0
29 64 19.0
29 65 20.0
29 66 21.0
29 67 22.0
29 0 23.0
29 1 24.0
29 68 25.0
29 69 26.0
29 70 27.0
29 71 28.0
29 72 29.0
29 73 30.0
29 14 31.0
29 15 32.0
29 132 33.0
29 133 34.0
29 134 35.0
29 135 36.0
29 136 37.0
29 137 38.0
29 6 39.0
30 145 13.0
30 92 14.0
30 102 15.0
30 103 16.0
30 104 17.0
30 105 18.0
30 106 19.0
30 107 20.0
30 18 21.0
30 21 22.0
30 89 23.0
30 139 24.0
31 146 19.0
31 37 20.0
31 12 21.0
31 1 22.0
31 68 23.0
31 69 24.0
31 70 25.0
31 71 26.0
31 72 27.0
31 73 28.0
31 14 29.0
31 17 30.0
31 46 31.0
31 47 32.0
31 142 33.0
32 143 15.0
32 90 16.0
32 24 17.0
32 23 18.0
32 100 19.0
32 101 20.0
32 41 21.0
32 39 22.0
32 45 23.0
32 43 24.0
32 48 25.0
32 49 26.0
32 16 27.0
32 15 28.0
32 132 29.0
32 133 30.0
32 134 31.0
32 135 32.0
32 136 33.0
32 137 34.0
32 6 35.0
33 145 12.100000000000001
33 92 12.0
33 102 13.0
33 103 14.0
33 104 15.0
33 105 16.0
33 106 17.0
33 107 18.0
33 18 19.0
33 19 20.0
33 50 21.0
33 51 22.0
33 52 23.0
33 53 24.0
33 54 25.0
33 55 26.0
33 22 27.0
33 23 28.0
33 100 29.0
33 101 30.0
33 41 31.0
33 39 32.0
33 45 33.0
33 43 34.0
33 48 35.0
33 142 36.0
34 144 17.0
34 88 18.0
34 20 19.0
34 21 20.0
34 108 21.0
34 109 22.0
34 110 23.0
34 111 24.0
34 112 25.0
34 113 26.0
34 93 27.0
34 140 28.0
35 11 17.0
35 3 18.0
35 62 19.0
35 63 20.0
35 64 21.0
35 65 22.0
35 66 23.0
35 67 24.0
35 0 25.0
35 1 26.0
35 68 27.0
35 69 28.0
35 70 29.0
35 71 30.0
35 72 31.0
35 73 32.0
35 14 33.0
35 15 34.0
35 132 35.0
35 133 36.0
35 134 37.0
35 135 38.0
35 136 39.0
35 137 40.0
35 6 41.0
36 147 15.0
36 49 16.0
36 16 17.0
36 17 18.0
36 74 19.0
36 75 20.0
36 76 21.0
36 77 22.0
36 78 23.0
36 79 24.0
36 12 25.0
36 13 26.0
36 34 27.0
36 35 28.0
36 141 29.0
37 9 13.0
37 5 14.0
37 114 15.0
37 115 16.0
37 116 17.0
37 117 18.0
37 118 19.0
37 119 20.0
37 0 21.0
37 13 22.0
37 34 23.0
37 35 24.0
37 32 25.0
37 30 26.0
37 28 27.0
37 26 28.0
37 94 29.0
37 95 30.0
37 18 31.0
37 21 32.0
37 89 33.0
37 139 34.0
38 147 12.100000000000001
38 46 12.0
38 47 13.0
38 44 14.0
38 42 15.0
38 40 16.0
38 38 17.0
38 98 18.0
38 99 19.0
38 22 20.0
38 25 21.0
38 91 22.0
38 138 23.0
39 145 17.0
39 92 18.0
39 102 19.0
39 103 20.0
39 104 21.0
39 105 22.0
39 106 23.0
39 107 24.0
39 18 25.0
39 19 26.0
39 50 27.0
39 51 28.0
39 52 29.0
39 53 30.0
39 54 31.0
39 55 32.0
39 22 33.0
39 25 34.0
39 91 35.0
39 138 36.0
40 146 27.0
40 37 28.0
40 12 29.0
40 1 30.0
40 68 31.0
40 69 32.0
40 70 33.0
40 71 34.0
40 72 35.0
40 73 36.0
40 14 37.0
40 15 38.0
40 132 39.0
40 133 40.0
40 134 41.0
40 135 42.0
40 136 43.0
40 137 44.0
40 6 45.0
41 145 21.0
41 92 22.0
41 102 23.0
41 103 24.0
41 104 25.0
41 105 26.0
41 106 27.0
41 107 28.0
41 18 29.0
41 21 30.0
41 89 31.0
41 139 32.0
42 11 40.0
42 3 41.0
42 62 42.0
42 63 43.0
42 64 44.0
42 65 45.0
42 66 46.0
42 67 47.0
42 0 48.0
42 13 49.0
42 34 50.0
42 35 51.0
42 141 52.0
43 9 32.0
43 5 33.0
43 114 34.0
43 115 35.0
43 116 36.0
43 117 37.0
43 118 38.0
43 119 39.0
43 0 40.0
43 13 41.0
43 34 42.0
43 35 43.0
43 32 44.0
43 30 45.0
43 28 46.0
43 26 47.0
43 94 48.0
43 95 49.0
43 18 50.0
43 21 51.0
43 89 52.0
43 139 53.0
44 144 30.0
44 88 31.0
44 20 32.0
44 19 33.0
44 96 34.0
44 97 35.0
44 29 36.0
44 27 37.0
44 33 38.0
44 31 39.0
44 36 40.0
44 141 41.0
45 9 21.0
45 5 22.0
45 114 23.0
45 115 24.0
45 116 25.0
45 117 26.0
45 118 27.0
45 119 28.0
45 0 29.0
45 13 30.0
45 34 31.0
45 35 32.0
45 32 33.0
45 30 34.0
45 28 35.0
45 26 36.0
45 94 37.0
45 95 38.0
45 18 39.0
45 21 40.0
45 89 41.0
45 139 42.0
46 11 28.0
46 3 29.0
46 62 30.0
46 63 31.0
46 64 32.0
46 65 33.0
46 66 34.0
46 67 35.0
46 0 36.0
46 1 37.0
46 68 38.0
46 69 39.0
46 70 40.0
46 71 41.0
46 72 42.0
46 73 43.0
46 14 44.0
46 15 45.0
46 132 46.0
46 133 47.0
46 134 48.0
46 135 49.0
46 136 50.0
46 137 51.0
46 6 52.0
47 144 28.0
47 88 29.0
47 20 30.0
47 19 31.0
47 50 32.0
47 51 33.0
47 52 34.0
47 53 35.0
47 54 36.0
47 55 37.0
47 22 38.0
47 23 39.0
47 100 40.0
47 101 41.0
47 41 42.0
47 39 43.0
47 45 44.0
47 43 45.0
47 48 46.0
47 142 47.0
48 143 23.0
48 90 24.0
48 24 25.0
48 23 26.0
48 100 27.0
48 101 28.0
48 41 29.0
48 39 30.0
48 45 31.0
48 43 32.0
48 48 33.0
48 49 34.0
48 16 35.0
48 15 36.0
48 132 37.0
48 133 38.0
48 134 39.0
48 135 40.0
48 136 41.0
48 137 42.0
48 6 43.0
49 144 35.0
49 88 36.0
49 20 37.0
49 19 38.0
49 50 39.0
49 51 40.0
49 52 41.0
49 53 42.0
49 54 43.0
49 55 44.0
49 22 45.0
49 25 46.0
49 91 47.0
49 138 48.0
50 143 30.0
50 90 31.0
50 24 32.0
50 23 33.0
50 100 34.0
50 101 35.0
50 41 36.0
50 39 37.0
50 45 38.0
50 43 39.0
50 48 40.0
50 142 41.0
51 9 46.0
51 5 47.0
51 114 48.0
51 115 49.0
51 116 50.0
51 117 51.0
51 118 52.0
51 119 53.0
51 0 54.0
51 1 55.0
51 68 56.0
51 69 57.0
51 70 58.0
51 71 59.0
51 72 60.0
51 73 61.0
51 14 62.0
51 15 63.0
51 132 64.0
51 133 65.0
51 134 66.0
51 135 67.0
51 136 68.0
51 137 69.0
51 6 70.0
52 143 25.0
52 90 26.0
52 24 27.0
52 25 28.0
52 56 29.0
52 57 30.0
52 58 31.0
52 59 32.0
52 60 33.0
52 61 34.0
52 20 35.0
52 19 36.0
52 96 37.0
52 97 38.0
52 29 39.0
52 27 40.0
52 33 41.0
52 31 42.0
52 36 43.0
52 141 44.0
53 9 34.0
53 5 35.0
53 114 36.0
53 115 37.0
53 116 38.0
53 117 39.0
53 118 40.0
53 119 41.0
53 0 42.0
53 13 43.0
53 34 44.0
53 35 45.0
53 32 46.0
53 30 47.0
53 28 48.0
53 26 49.0
53 94 50.0
53 95 51.0
53 18 52.0
53 21 53.0
53 89 54.0
53 139 55.0
54 146 40.0
54 37 41.0
54 12 42.0
54 1 43.0
54 68 44.0
54 69 45.0
54 70 46.0
54 71 47.0
54 72 48.0
54 73 49.0
54 14 50.0
54 17 51.0
54 46 52.0
54 47 53.0
54 142 54.0
55 9 36.0
55 5 37.0
55 114 38.0
55 115 39.0
55 116 40.0
55 117 41.0
55 118 42.0
55 119 43.0
55 0 44.0
55 13 45.0
55 34 46.0
55 35 47.0
55 141 48.0
56 7 50.0
56 126 51.0
56 127 52.0
56 128 53.0
56 129 54.0
56 130 55.0
56 131 56.0
56 14 57.0
56 17 58.0
56 74 59.0
56 75 60.0
56 76 61.0
56 77 62.0
56 78 63.0
56 79 64.0
56 12 65.0
56 13 66.0
56 80 67.0
56 81 68.0
56 82 69.0
56 83 70.0
56 84 71.0
56 85 72.0
56 2 73.0
56 10 74.0
57 7 32.0
57 126 33.0
57 127 34.0
57 128 35.0
57 129 36.0
57 130 37.0
57 131 38.0
57 14 39.0
57 17 40.0
57 46 41.0
57 47 42.0
57 44 43.0
57 42 44.0
57 40 45.0
57 38 46.0
57 98 47.0
57 99 48.0
57 22 49.0
57 25 50.0
57 91 51.0
57 138 52.0
58 144 23.0
58 88 24.0
58 20 25.0
58 21 26.0
58 108 27.0
58 109 28.0
58 110 29.0
58 111 30.0
58 112 31.0
58 113 32.0
58 93 33.0
58 140 34.0
59 9 38.0
59 5 39.0
59 114 40.0
59 115 41.0
59 116 42.0
59 117 43.0
59 118 44.0
59 119 45.0
59 0 46.0
59 13 47.0
59 34 48.0
59 35 49.0
59 141 50.0
60 144 50.0
60 88 51.0
60 20 52.0
60 19 53.0
60 50 54.0
60 51 55.0
60 52 56.0
60 53 57.0
60 54 58.0
60 55 59.0
60 22 60.0
60 25 61.0
60 91 62.0
60 138 63.0
61 11 48.0
61 3 49.0
61 62 50.0
61 63 51.0
61 64 52.0
61 65 53.0
61 66 54.0
61 67 55.0
61 0 56.0
61 13 57.0
61 34 58.0
61 35 59.0
61 32 60.0
61 30 61.0
61 28 62.0
61 26 63.0
61 94 64.0
61 95 65.0
61 18 66.0
61 21 67.0
61 89 68.0
61 139 69.0
62 11 44.0
62 3 45.0
62 62 46.0
62 63 47.0
62 64 48.0
62 65 49.0
62 66 50.0
62 67 51.0
62 0 52.0
62 13 53.0
62 34 54.0
62 35 55.0
62 32 56.0
62 30 57.0
62 28 58.0
62 26 59.0
62 94 60.0
62 95 61.0
62 18 62.0
62 21 63.0
62 89 64.0
62 139 65.0
64 144 38.0
64 88 39.0
64 20 40.0
64 19 41.0
64 96 42.0
64 97 43.0
64 29 44.0
64 27 45.0
64 33 46.0
64 31 47.0
64 36 48.0
64 37 49.0
64 12 50.0
64 1 51.0
64 120 52.0
64 121 53.0
64 122 54.0
64 123 55.0
64 124 56.0
64 125 57.0
64 4 58.0
64 8 59.0
65 146 36.0
65 37 37.0
65 12 38.0
65 13 39.0
65 80 40.0
65 81 41.0
65 82 42.0
65 83 43.0
65 84 44.0
65 85 45.0
65 2 46.0
65 10 47.0
66 144 40.0
66 88 41.0
66 20 42.0
66 19 43.0
66 96 44.0
66 97 45.0
66 29 46.0
66 27 47.0
66 33 48.0
66 31 49.0
66 36 50.0
66 37 51.0
66 12 52.0
66 1 53.0
66 120 54.0
66 121 55.0
66 122 56.0
66 123 57.0
66 124 58.0
66 125 59.0
66 4 60.0
66 8 61.0
67 145 35.0
67 92 36.0
67 102 37.0
67 103 38.0
67 104 39.0
67 105 40.0
67 106 41.0
67 107 42.0
67 18 43.0
67 21 44.0
67 89 45.0
67 139 46.0
68 143 34.0
68 90 35.0
68 24 36.0
68 23 37.0
68 100 38.0
68 101 39.0
68 41 40.0
68 39 41.0
68 45 42.0
68 43 43.0
68 48 44.0
68 49 45.0
68 16 46.0
68 15 47.0
68 132 48.0
68 133 49.0
68 134 50.0
68 135 51.0
68 136 52.0
68 137 53.0
68 6 54.0
70 143 32.0
70 90 33.0
70 24 34.0
70 23 35.0
70 100 36.0
70 101 37.0
70 41 38.0
70 39 39.0
70 45 40.0
70 43 41.0
70 48 42.0
70 142 43.0
71 143 38.0
71 90 39.0
71 24 40.0
71 25 41.0
71 56 42.0
71 57 43.0
71 58 44.0
71 59 45.0
71 60 46.0
71 61 47.0
71 20 48.0
71 21 49.0
71 89 50.0
71 139 51.0
72 143 46.0
72 90 47.0
72 24 48.0
72 23 49.0
72 100 50.0
72 101 51.0
72 41 52.0
72 39 53.0
72 45 54.0
72 43 55.0
72 48 56.0
72 142 57.0
73 145 38.0
73 92 39.0
73 102 40.0
73 103 41.0
73 104 42.0
73 105 43.0
73 106 44.0
73 107 45.0
73 18 46.0
73 19 47.0
73 50 48.0
73 51 49.0
73 52 50.0
73 53 51.0
73 54 52.0
73 55 53.0
73 22 54.0
73 23 55.0
73 100 56.0
73 101 57.0
73 41 58.0
73 39 59.0
73 45 60.0
73 43 61.0
73 48 62.0
73 142 63.0
74 145 40.0
74 92 41.0
74 102 42.0
74 103 43.0
74 104 44.0
74 105 45.0
74 106 46.0
74 107 47.0
74 18 48.0
74 19 49.0
74 50 50.0
74 51 51.0
74 52 52.0
74 53 53.0
74 54 54.0
74 55 55.0
74 22 56.0
74 23 57.0
74 100 58.0
74 101 59.0
74 41 60.0
74 39 61.0
74 45 62.0
74 43 63.0
74 48 64.0
74 142 65.0
75 9 50.0
75 5 51.0
75 114 52.0
75 115 53.0
75 116 54.0
75 117 55.0
75 118 56.0
75 119 57.0
75 0 58.0
75 1 59.0
75 68 60.0
75 69 61.0
75 70 62.0
75 71 63.0
75 72 64.0
75 73 65.0
75 14 66.0
75 17 67.0
75 46 68.0
75 47 69.0
75 142 70.0
76 7 45.0
76 126 46.0
76 127 47.0
76 128 48.0
76 129 49.0
76 130 50.0
76 131 51.0
76 14 52.0
76 17 53.0
76 46 54.0
76 47 55.0
76 44 56.0
76 42 57.0
76 40 58.0
76 38 59.0
76 98 60.0
76 99 61.0
76 22 62.0
76 25 63.0
76 91 64.0
76 138 65.0
78 147 38.0
78 46 39.0
78 47 40.0
78 44 41.0
78 42 42.0
78 40 43.0
78 38 44.0
78 98 45.0
78 99 46.0
78 22 47.0
78 25 48.0
78 56 49.0
78 57 50.0
78 58 51.0
78 59 52.0
78 60 53.0
78 61 54.0
78 20 55.0
78 21 56.0
78 89 57.0
78 139 58.0
79 9 42.0
79 5 43.0
79 114 44.0
79 115 45.0
79 116 46.0
79 117 47.0
79 118 48.0
79 119 49.0
79 0 50.0
79 13 51.0
79 80 52.0
79 81 53.0
79 82 54.0
79 83 55.0
79 84 56.0
79 85 57.0
79 2 58.0
79 10 59.0
85 143 41.0
85 90 42.0
85 24 43.0
85 23 44.0
85 100 45.0
85 101 46.0
85 41 47.0
85 39 48.0
85 45 49.0
85 43 50.0
85 48 51.0
85 49 52.0
85 16 53.0
85 15 54.0
85 132 55.0
85 133 56.0
85 134 57.0
85 135 58.0
85 136 59.0
85 137 60.0
85 6 61.0
91 145 50.0
91 92 51.0
91 102 52.0
91 103 53.0
91 104 54.0
91 105 55.0
91 106 56.0
91 107 57.0
91 18 58.0
91 19 59.0
91 50 60.0
91 51 61.0
91 52 62.0
91 53 63.0
91 54 64.0
91 55 65.0
91 22 66.0
91 23 67.0
91 100 68.0
91 101 69.0
91 41 70.0
91 39 71.0
91 45 72.0
91 43 73.0
91 48 74.0
91 142 75.0
94 147 46.0
94 49 47.0
94 16 48.0
94 17 49.0
94 74 50.0
94 75 51.0
94 76 52.0
94 77 53.0
94 78 54.0
94 79 55.0
94 12 56.0
94 1 57.0
94 120 58.0
94 121 59.0
94 122 60.0
94 123 61.0
94 124 62.0
94 125 63.0
94 4 64.0
94 8 65.0
96 7 48.0
96 126 49.0
96 127 50.0
96 128 51.0
96 129 52.0
96 130 53.0
96 131 54.0
96 14 55.0
96 17 56.0
96 46 57.0
96 47 58.0
96 142 59.0
97 147 49.0
97 46 50.0
97 47 51.0
97 44 52.0
97 42 53.0
97 40 54.0
97 38 55.0
97 98 56.0
97 99 57.0
97 22 58.0
97 25 59.0
97 91 60.0
97 138 61.0
98 143 50.0
98 90 51.0
98 24 52.0
98 25 53.0
98 56 54.0
98 57 55.0
98 58 56.0
98 59 57.0
98 60 58.0
98 61 59.0
98 20 60.0
98 21 61.0
98 108 62.0
98 109 63.0
98 110 64.0
98 111 65.0
98 112 66.0
98 113 67.0
98 93 68.0
98 140 69.0
99 144 42.0
99 88 43.0
99 20 44.0
99 19 45.0
99 50 46.0
99 51 47.0
99 52 48.0
99 53 49.0
99 54 50.0
99 55 51.0
99 22 52.0
99 23 53.0
99 100 54.0
99 101 55.0
99 41 56.0
99 39 57.0
99 45 58.0
99 43 59.0
99 48 60.0
99 142 61.0
;
set fixedFlights :=
0 0 1
21 0 1
24 0 1
27 0 1
29 0 1
35 0 1
37 0 1
43 0 1
45 0 1
46 0 1
51 0 1
75 0 1
5 2 10
56 2 10
65 2 10
79 2 10
0 11 3
21 11 3
24 11 3
27 11 3
29 11 3
35 11 3
42 11 3
46 11 3
61 11 3
62 11 3
7 4 8
8 4 8
12 4 8
13 4 8
28 4 8
64 4 8
66 4 8
94 4 8
5 9 5
23 9 5
37 9 5
43 9 5
45 9 5
51 9 5
53 9 5
55 9 5
59 9 5
75 9 5
79 9 5
3 12 13
9 12 13
22 12 13
36 12 13
45 12 13
52 12 13
56 12 13
57 12 13
65 12 13
78 12 13
5 0 13
23 0 13
42 0 13
53 0 13
55 0 13
59 0 13
61 0 13
62 0 13
79 0 13
1 12 1
7 12 1
8 12 1
12 12 1
13 12 1
16 12 1
28 12 1
31 12 1
47 12 1
54 12 1
64 12 1
66 12 1
68 12 1
94 12 1
0 14 15
1 14 15
29 14 15
35 14 15
46 14 15
51 14 15
68 14 15
7 16 17
22 16 17
36 16 17
52 16 17
78 16 17
94 16 17
3 14 17
4 14 17
9 14 17
16 14 17
21 14 17
24 14 17
27 14 17
31 14 17
37 14 17
43 14 17
45 14 17
47 14 17
54 14 17
56 14 17
57 14 17
75 14 17
76 14 17
96 14 17
17 16 15
19 16 15
26 16 15
32 16 15
40 16 15
48 16 15
85 16 15
6 18 19
9 18 19
14 18 19
20 18 19
23 18 19
39 18 19
40 18 19
57 18 19
73 18 19
74 18 19
91 18 19
10 20 21
24 20 21
34 20 21
37 20 21
43 20 21
58 20 21
71 20 21
98 20 21
15 18 21
18 18 21
30 18 21
41 18 21
45 18 21
53 18 21
61 18 21
62 18 21
67 18 21
78 18 21
2 20 19
4 20 19
11 20 19
13 20 19
28 20 19
44 20 19
47 20 19
49 20 19
60 20 19
64 20 19
66 20 19
68 20 19
99 20 19
2 22 23
23 22 23
40 22 23
73 22 23
74 22 23
91 22 23
99 22 23
68 24 25
71 24 25
98 24 25
4 22 25
6 22 25
9 22 25
11 22 25
20 22 25
24 22 25
37 22 25
39 22 25
43 22 25
49 22 25
57 22 25
60 22 25
76 22 25
97 22 25
22 24 23
32 24 23
48 24 23
50 24 23
52 24 23
70 24 23
72 24 23
85 24 23
3 13 34
9 13 34
22 13 34
23 13 34
36 13 34
42 13 34
45 13 34
52 13 34
53 13 34
55 13 34
57 13 34
59 13 34
61 13 34
62 13 34
78 13 34
3 34 35
9 34 35
18 34 35
22 34 35
23 34 35
36 34 35
40 34 35
42 34 35
45 34 35
52 34 35
53 34 35
55 34 35
57 34 35
59 34 35
61 34 35
62 34 35
78 34 35
9 35 32
18 35 32
23 35 32
40 35 32
45 35 32
53 35 32
57 35 32
61 35 32
62 35 32
78 35 32
9 32 30
18 32 30
23 32 30
40 32 30
45 32 30
53 32 30
57 32 30
61 32 30
62 32 30
78 32 30
9 30 28
18 30 28
23 30 28
40 30 28
45 30 28
53 30 28
57 30 28
61 30 28
62 30 28
78 30 28
9 28 26
18 28 26
23 28 26
40 28 26
45 28 26
53 28 26
57 28 26
61 28 26
62 28 26
78 28 26
4 29 27
13 29 27
14 29 27
28 29 27
44 29 27
47 29 27
64 29 27
66 29 27
68 29 27
4 27 33
13 27 33
14 27 33
28 27 33
44 27 33
47 27 33
64 27 33
66 27 33
68 27 33
4 33 31
13 33 31
14 33 31
28 33 31
44 33 31
47 33 31
64 33 31
66 33 31
68 33 31
4 31 36
13 31 36
14 31 36
28 31 36
44 31 36
47 31 36
64 31 36
66 31 36
68 31 36
13 36 37
28 36 37
47 36 37
64 36 37
66 36 37
68 36 37
1 37 12
8 37 12
12 37 12
13 37 12
16 37 12
28 37 12
31 37 12
47 37 12
54 37 12
64 37 12
65 37 12
66 37 12
68 37 12
4 17 46
16 17 46
21 17 46
24 17 46
27 17 46
31 17 46
37 17 46
43 17 46
47 17 46
54 17 46
75 17 46
76 17 46
96 17 46
4 46 47
16 46 47
21 46 47
24 46 47
27 46 47
31 46 47
37 46 47
43 46 47
47 46 47
54 46 47
75 46 47
76 46 47
96 46 47
97 46 47
4 47 44
24 47 44
37 47 44
43 47 44
76 47 44
97 47 44
4 44 42
24 44 42
37 44 42
43 44 42
76 44 42
97 44 42
4 42 40
24 42 40
37 42 40
43 42 40
76 42 40
97 42 40
4 40 38
24 40 38
37 40 38
43 40 38
76 40 38
97 40 38
2 41 39
22 41 39
23 41 39
32 41 39
40 41 39
48 41 39
50 41 39
52 41 39
70 41 39
72 41 39
73 41 39
74 41 39
85 41 39
91 41 39
99 41 39
2 39 45
22 39 45
23 39 45
32 39 45
40 39 45
48 39 45
50 39 45
52 39 45
70 39 45
72 39 45
73 39 45
74 39 45
85 39 45
91 39 45
99 39 45
2 45 43
22 45 43
23 45 43
32 45 43
40 45 43
48 45 43
50 45 43
52 45 43
70 45 43
72 45 43
73 45 43
74 45 43
85 45 43
91 45 43
99 45 43
2 43 48
22 43 48
23 43 48
32 43 48
40 43 48
48 43 48
50 43 48
52 43 48
70 43 48
72 43 48
73 43 48
74 43 48
85 43 48
91 43 48
99 43 48
22 48 49
32 48 49
40 48 49
48 48 49
52 48 49
85 48 49
7 49 16
17 49 16
19 49 16
22 49 16
26 49 16
32 49 16
36 49 16
40 49 16
48 49 16
52 49 16
78 49 16
85 49 16
94 49 16
2 19 50
6 19 50
9 19 50
11 19 50
20 19 50
23 19 50
39 19 50
40 19 50
49 19 50
57 19 50
60 19 50
73 19 50
74 19 50
91 19 50
99 19 50
2 50 51
6 50 51
9 50 51
11 50 51
20 50 51
23 50 51
39 50 51
40 50 51
49 50 51
57 50 51
60 50 51
73 50 51
74 50 51
91 50 51
99 50 51
2 51 52
6 51 52
9 51 52
11 51 52
20 51 52
23 51 52
39 51 52
40 51 52
49 51 52
57 51 52
60 51 52
73 51 52
74 51 52
91 51 52
99 51 52
2 52 53
6 52 53
9 52 53
11 52 53
20 52 53
23 52 53
39 52 53
40 52 53
49 52 53
57 52 53
60 52 53
73 52 53
74 52 53
91 52 53
99 52 53
2 53 54
6 53 54
9 53 54
11 53 54
20 53 54
23 53 54
39 53 54
40 53 54
49 53 54
57 53 54
60 53 54
73 53 54
74 53 54
91 53 54
99 53 54
2 54 55
6 54 55
9 54 55
11 54 55
20 54 55
23 54 55
39 54 55
40 54 55
49 54 55
57 54 55
60 54 55
73 54 55
74 54 55
91 54 55
99 54 55
2 55 22
6 55 22
9 55 22
11 55 22
20 55 22
23 55 22
39 55 22
40 55 22
49 55 22
57 55 22
60 55 22
73 55 22
74 55 22
91 55 22
99 55 22
4 25 56
24 25 56
37 25 56
43 25 56
68 25 56
71 25 56
98 25 56
4 56 57
24 56 57
37 56 57
43 56 57
68 56 57
71 56 57
98 56 57
4 57 58
24 57 58
37 57 58
43 57 58
68 57 58
71 57 58
98 57 58
4 58 59
24 58 59
37 58 59
43 58 59
68 58 59
71 58 59
98 58 59
4 59 60
24 59 60
37 59 60
43 59 60
68 59 60
71 59 60
98 59 60
4 60 61
24 60 61
37 60 61
43 60 61
68 60 61
71 60 61
98 60 61
4 61 20
24 61 20
37 61 20
43 61 20
68 61 20
71 61 20
98 61 20
0 3 62
21 3 62
24 3 62
27 3 62
29 3 62
35 3 62
42 3 62
46 3 62
61 3 62
62 3 62
0 62 63
21 62 63
24 62 63
27 62 63
29 62 63
35 62 63
42 62 63
46 62 63
61 62 63
62 62 63
0 63 64
21 63 64
24 63 64
27 63 64
29 63 64
35 63 64
42 63 64
46 63 64
61 63 64
62 63 64
0 64 65
21 64 65
24 64 65
27 64 65
29 64 65
35 64 65
42 64 65
46 64 65
61 64 65
62 64 65
0 65 66
21 65 66
24 65 66
27 65 66
29 65 66
35 65 66
42 65 66
46 65 66
61 65 66
62 65 66
0 66 67
21 66 67
24 66 67
27 66 67
29 66 67
35 66 67
42 66 67
46 66 67
61 66 67
62 66 67
0 67 0
21 67 0
24 67 0
27 67 0
29 67 0
35 67 0
42 67 0
46 67 0
61 67 0
62 67 0
0 1 68
1 1 68
16 1 68
21 1 68
24 1 68
27 1 68
29 1 68
31 1 68
35 1 68
37 1 68
43 1 68
45 1 68
46 1 68
47 1 68
51 1 68
54 1 68
68 1 68
75 1 68
0 68 69
1 68 69
16 68 69
21 68 69
24 68 69
27 68 69
29 68 69
31 68 69
35 68 69
37 68 69
43 68 69
45 68 69
46 68 69
47 68 69
51 68 69
54 68 69
68 68 69
75 68 69
0 69 70
1 69 70
16 69 70
21 69 70
24 69 70
27 69 70
29 69 70
31 69 70
35 69 70
37 69 70
43 69 70
45 69 70
46 69 70
47 69 70
51 69 70
54 69 70
68 69 70
75 69 70
0 70 71
1 70 71
16 70 71
21 70 71
24 70 71
27 70 71
29 70 71
31 70 71
35 70 71
37 70 71
43 70 71
45 70 71
46 70 71
47 70 71
51 70 71
54 70 71
68 70 71
75 70 71
0 71 72
1 71 72
16 71 72
21 71 72
24 71 72
27 71 72
29 71 72
31 71 72
35 71 72
37 71 72
43 71 72
45 71 72
46 71 72
47 71 72
51 71 72
54 71 72
68 71 72
75 71 72
0 72 73
1 72 73
16 72 73
21 72 73
24 72 73
27 72 73
29 72 73
31 72 73
35 72 73
37 72 73
43 72 73
45 72 73
46 72 73
47 72 73
51 72 73
54 72 73
68 72 73
75 72 73
0 73 14
1 73 14
16 73 14
21 73 14
24 73 14
27 73 14
29 73 14
31 73 14
35 73 14
37 73 14
43 73 14
45 73 14
46 73 14
47 73 14
51 73 14
54 73 14
68 73 14
75 73 14
3 17 74
7 17 74
9 17 74
22 17 74
36 17 74
45 17 74
52 17 74
56 17 74
57 17 74
78 17 74
94 17 74
3 74 75
7 74 75
9 74 75
22 74 75
36 74 75
45 74 75
52 74 75
56 74 75
57 74 75
78 74 75
94 74 75
3 75 76
7 75 76
9 75 76
22 75 76
36 75 76
45 75 76
52 75 76
56 75 76
57 75 76
78 75 76
94 75 76
3 76 77
7 76 77
9 76 77
22 76 77
36 76 77
45 76 77
52 76 77
56 76 77
57 76 77
78 76 77
94 76 77
3 77 78
7 77 78
9 77 78
22 77 78
36 77 78
45 77 78
52 77 78
56 77 78
57 77 78
78 77 78
94 77 78
3 78 79
7 78 79
9 78 79
22 78 79
36 78 79
45 78 79
52 78 79
56 78 79
57 78 79
78 78 79
94 78 79
3 79 12
7 79 12
9 79 12
22 79 12
36 79 12
45 79 12
52 79 12
56 79 12
57 79 12
78 79 12
94 79 12
5 13 80
56 13 80
65 13 80
79 13 80
5 80 81
56 80 81
65 80 81
79 80 81
5 81 82
56 81 82
65 81 82
79 81 82
5 82 83
56 82 83
65 82 83
79 82 83
5 83 84
56 83 84
65 83 84
79 83 84
5 84 85
56 84 85
65 84 85
79 84 85
5 85 2
56 85 2
65 85 2
79 85 2
9 26 94
18 26 94
23 26 94
40 26 94
45 26 94
53 26 94
57 26 94
61 26 94
62 26 94
78 26 94
9 94 95
18 94 95
23 94 95
40 94 95
45 94 95
53 94 95
57 94 95
61 94 95
62 94 95
78 94 95
9 95 18
18 95 18
23 95 18
40 95 18
45 95 18
53 95 18
57 95 18
61 95 18
62 95 18
78 95 18
4 19 96
13 19 96
14 19 96
28 19 96
44 19 96
47 19 96
64 19 96
66 19 96
68 19 96
4 96 97
13 96 97
14 96 97
28 96 97
44 96 97
47 96 97
64 96 97
66 96 97
68 96 97
4 97 29
13 97 29
14 97 29
28 97 29
44 97 29
47 97 29
64 97 29
66 97 29
68 97 29
4 38 98
24 38 98
37 38 98
43 38 98
76 38 98
97 38 98
4 98 99
24 98 99
37 98 99
43 98 99
76 98 99
97 98 99
4 99 22
24 99 22
37 99 22
43 99 22
76 99 22
97 99 22
2 23 100
22 23 100
23 23 100
32 23 100
40 23 100
48 23 100
50 23 100
52 23 100
70 23 100
72 23 100
73 23 100
74 23 100
85 23 100
91 23 100
99 23 100
2 100 101
22 100 101
23 100 101
32 100 101
40 100 101
48 100 101
50 100 101
52 100 101
70 100 101
72 100 101
73 100 101
74 100 101
85 100 101
91 100 101
99 100 101
2 101 41
22 101 41
23 101 41
32 101 41
40 101 41
48 101 41
50 101 41
52 101 41
70 101 41
72 101 41
73 101 41
74 101 41
85 101 41
91 101 41
99 101 41
6 92 102
14 92 102
15 92 102
20 92 102
30 92 102
39 92 102
41 92 102
67 92 102
73 92 102
74 92 102
91 92 102
6 102 103
14 102 103
15 102 103
20 102 103
30 102 103
39 102 103
41 102 103
67 102 103
73 102 103
74 102 103
91 102 103
6 103 104
14 103 104
15 103 104
20 103 104
30 103 104
39 103 104
41 103 104
67 103 104
73 103 104
74 103 104
91 103 104
6 104 105
14 104 105
15 104 105
20 104 105
30 104 105
39 104 105
41 104 105
67 104 105
73 104 105
74 104 105
91 104 105
6 105 106
14 105 106
15 105 106
20 105 106
30 105 106
39 105 106
41 105 106
67 105 106
73 105 106
74 105 106
91 105 106
6 106 107
14 106 107
15 106 107
20 106 107
30 106 107
39 106 107
41 106 107
67 106 107
73 106 107
74 106 107
91 106 107
6 107 18
14 107 18
15 107 18
20 107 18
30 107 18
39 107 18
41 107 18
67 107 18
73 107 18
74 107 18
91 107 18
10 21 108
34 21 108
58 21 108
98 21 108
10 108 109
34 108 109
58 108 109
98 108 109
10 109 110
34 109 110
58 109 110
98 109 110
10 110 111
34 110 111
58 110 111
98 110 111
10 111 112
34 111 112
58 111 112
98 111 112
10 112 113
34 112 113
58 112 113
98 112 113
10 113 93
34 113 93
58 113 93
98 113 93
15 21 89
18 21 89
24 21 89
30 21 89
37 21 89
41 21 89
43 21 89
45 21 89
53 21 89
61 21 89
62 21 89
67 21 89
71 21 89
78 21 89
2 88 20
10 88 20
11 88 20
13 88 20
28 88 20
34 88 20
44 88 20
47 88 20
49 88 20
58 88 20
60 88 20
64 88 20
66 88 20
99 88 20
6 25 91
9 25 91
11 25 91
20 25 91
39 25 91
49 25 91
57 25 91
60 25 91
76 25 91
97 25 91
22 90 24
32 90 24
48 90 24
50 90 24
52 90 24
68 90 24
70 90 24
71 90 24
72 90 24
85 90 24
98 90 24
5 5 114
23 5 114
37 5 114
43 5 114
45 5 114
51 5 114
53 5 114
55 5 114
59 5 114
75 5 114
79 5 114
5 114 115
23 114 115
37 114 115
43 114 115
45 114 115
51 114 115
53 114 115
55 114 115
59 114 115
75 114 115
79 114 115
5 115 116
23 115 116
37 115 116
43 115 116
45 115 116
51 115 116
53 115 116
55 115 116
59 115 116
75 115 116
79 115 116
5 116 117
23 116 117
37 116 117
43 116 117
45 116 117
51 116 117
53 116 117
55 116 117
59 116 117
75 116 117
79 116 117
5 117 118
23 117 118
37 117 118
43 117 118
45 117 118
51 117 118
53 117 118
55 117 118
59 117 118
75 117 118
79 117 118
5 118 119
23 118 119
37 118 119
43 118 119
45 118 119
51 118 119
53 118 119
55 118 119
59 118 119
75 118 119
79 118 119
5 119 0
23 119 0
37 119 0
43 119 0
45 119 0
51 119 0
53 119 0
55 119 0
59 119 0
75 119 0
79 119 0
7 1 120
8 1 120
12 1 120
13 1 120
28 1 120
64 1 120
66 1 120
94 1 120
7 120 121
8 120 121
12 120 121
13 120 121
28 120 121
64 120 121
66 120 121
94 120 121
7 121 122
8 121 122
12 121 122
13 121 122
28 121 122
64 121 122
66 121 122
94 121 122
7 122 123
8 122 123
12 122 123
13 122 123
28 122 123
64 122 123
66 122 123
94 122 123
7 123 124
8 123 124
12 123 124
13 123 124
28 123 124
64 123 124
66 123 124
94 123 124
7 124 125
8 124 125
12 124 125
13 124 125
28 124 125
64 124 125
66 124 125
94 124 125
7 125 4
8 125 4
12 125 4
13 125 4
28 125 4
64 125 4
66 125 4
94 125 4
3 7 126
4 7 126
9 7 126
56 7 126
57 7 126
76 7 126
96 7 126
3 126 127
4 126 127
9 126 127
56 126 127
57 126 127
76 126 127
96 126 127
3 127 128
4 127 128
9 127 128
56 127 128
57 127 128
76 127 128
96 127 128
3 128 129
4 128 129
9 128 129
56 128 129
57 128 129
76 128 129
96 128 129
3 129 130
4 129 130
9 129 130
56 129 130
57 129 130
76 129 130
96 129 130
3 130 131
4 130 131
9 130 131
56 130 131
57 130 131
76 130 131
96 130 131
3 131 14
4 131 14
9 131 14
56 131 14
57 131 14
76 131 14
96 131 14
0 15 132
1 15 132
17 15 132
19 15 132
26 15 132
29 15 132
32 15 132
35 15 132
40 15 132
46 15 132
48 15 132
51 15 132
68 15 132
85 15 132
0 132 133
1 132 133
17 132 133
19 132 133
26 132 133
29 132 133
32 132 133
35 132 133
40 132 133
46 132 133
48 132 133
51 132 133
68 132 133
85 132 133
0 133 134
1 133 134
17 133 134
19 133 134
26 133 134
29 133 134
32 133 134
35 133 134
40 133 134
46 133 134
48 133 134
51 133 134
68 133 134
85 133 134
0 134 135
1 134 135
17 134 135
19 134 135
26 134 135
29 134 135
32 134 135
35 134 135
40 134 135
46 134 135
48 134 135
51 134 135
68 134 135
85 134 135
0 135 136
1 135 136
17 135 136
19 135 136
26 135 136
29 135 136
32 135 136
35 135 136
40 135 136
46 135 136
48 135 136
51 135 136
68 135 136
85 135 136
0 136 137
1 136 137
17 136 137
19 136 137
26 136 137
29 136 137
32 136 137
35 136 137
40 136 137
46 136 137
48 136 137
51 136 137
68 136 137
85 136 137
0 137 6
1 137 6
17 137 6
19 137 6
26 137 6
29 137 6
32 137 6
35 137 6
40 137 6
46 137 6
48 137 6
51 137 6
68 137 6
85 137 6
2 144 88
10 144 88
11 144 88
13 144 88
28 144 88
34 144 88
44 144 88
47 144 88
49 144 88
58 144 88
60 144 88
64 144 88
66 144 88
99 144 88
22 143 90
32 143 90
48 143 90
50 143 90
52 143 90
68 143 90
70 143 90
71 143 90
72 143 90
85 143 90
98 143 90
6 145 92
14 145 92
15 145 92
20 145 92
30 145 92
39 145 92
41 145 92
67 145 92
73 145 92
74 145 92
91 145 92
10 93 140
34 93 140
58 93 140
98 93 140
15 89 139
18 89 139
24 89 139
30 89 139
37 89 139
41 89 139
43 89 139
45 89 139
53 89 139
61 89 139
62 89 139
67 89 139
71 89 139
78 89 139
6 91 138
9 91 138
11 91 138
20 91 138
39 91 138
49 91 138
57 91 138
60 91 138
76 91 138
97 91 138
2 48 142
23 48 142
50 48 142
70 48 142
72 48 142
73 48 142
74 48 142
91 48 142
99 48 142
16 47 142
21 47 142
27 47 142
31 47 142
47 47 142
54 47 142
75 47 142
96 47 142
4 36 141
14 36 141
44 36 141
3 35 141
22 35 141
36 35 141
42 35 141
52 35 141
55 35 141
59 35 141
1 146 37
8 146 37
12 146 37
16 146 37
31 146 37
54 146 37
65 146 37
18 146 34
40 146 34
97 147 46
7 147 49
17 147 49
19 147 49
26 147 49
36 147 49
78 147 49
94 147 49
;
;
set inFlight:=
0
1
2
3
4
5
6
7
8
9
10
11
12
13
14
15
16
17
18
19
;
param tini := 11.1;
