param nn:= 148;
set F:=
1
3
4
8
9
11
12
14
18
19
20
21
22
23
24
25
26
27
28
29
30
31
32
33
34
35
36
37
38
39
40
41
42
43
44
45
46
47
48
49
50
51
52
53
54
55
56
57
58
59
60
61
62
63
64
66
67
68
70
71
72
73
74
75
76
77
78
79
81
88
90
91
92
93
97
98
99
;
param: E: d:=
0 1 2.500000
2 10 1.500000
11 3 1.500000
4 8 1.500000
9 5 1.500000
12 13 2.500000
0 13 2.500000
12 1 2.500000
14 15 2.500000
16 17 2.500000
14 17 2.500000
16 15 2.500000
18 19 2.500000
20 21 2.500000
18 21 2.500000
20 19 2.500000
22 23 2.500000
24 25 2.500000
22 25 2.500000
24 23 2.500000
13 34 2.500000
34 35 2.500000
35 32 2.500000
32 30 2.500000
30 28 2.500000
28 26 2.500000
29 27 2.500000
27 33 2.500000
33 31 2.500000
31 36 2.500000
36 37 2.500000
37 12 2.500000
17 46 2.500000
46 47 2.500000
47 44 2.500000
44 42 2.500000
42 40 2.500000
40 38 2.500000
41 39 2.500000
39 45 2.500000
45 43 2.500000
43 48 2.500000
48 49 2.500000
49 16 2.500000
19 50 2.500000
50 51 2.500000
51 52 2.500000
52 53 2.500000
53 54 2.500000
54 55 2.500000
55 22 2.500000
25 56 2.500000
56 57 2.500000
57 58 2.500000
58 59 2.500000
59 60 2.500000
60 61 2.500000
61 20 2.500000
3 62 2.500000
62 63 2.500000
63 64 2.500000
64 65 2.500000
65 66 2.500000
66 67 2.500000
67 0 2.500000
1 68 2.500000
68 69 2.500000
69 70 2.500000
70 71 2.500000
71 72 2.500000
72 73 2.500000
73 14 2.500000
17 74 2.500000
74 75 2.500000
75 76 2.500000
76 77 2.500000
77 78 2.500000
78 79 2.500000
79 12 2.500000
13 80 2.500000
80 81 2.500000
81 82 2.500000
82 83 2.500000
83 84 2.500000
84 85 2.500000
85 2 2.500000
26 94 2.500000
94 95 2.500000
95 18 2.500000
19 96 2.500000
96 97 2.500000
97 29 2.500000
38 98 2.500000
98 99 2.500000
99 22 2.500000
23 100 2.500000
100 101 2.500000
101 41 2.500000
92 102 2.500000
102 103 2.500000
103 104 2.500000
104 105 2.500000
105 106 2.500000
106 107 2.500000
107 18 2.500000
21 108 2.500000
108 109 2.500000
109 110 2.500000
110 111 2.500000
111 112 2.500000
112 113 2.500000
113 93 2.500000
21 89 2.500000
88 20 2.500000
25 91 2.500000
90 24 2.500000
5 114 2.500000
114 115 2.500000
115 116 2.500000
116 117 2.500000
117 118 2.500000
118 119 2.500000
119 0 2.500000
1 120 2.500000
120 121 2.500000
121 122 2.500000
122 123 2.500000
123 124 2.500000
124 125 2.500000
125 4 2.500000
7 126 1.500000
126 127 2.500000
127 128 2.500000
128 129 2.500000
129 130 2.500000
130 131 2.500000
131 14 2.500000
15 132 2.500000
132 133 2.500000
133 134 2.500000
134 135 2.500000
135 136 2.500000
136 137 2.500000
137 6 1.500000
87 6 1.500000
7 86 1.500000
144 88 1.500000
143 90 1.500000
145 92 1.500000
93 140 1.500000
89 139 1.500000
91 138 1.500000
48 142 1.500000
47 142 1.500000
36 141 1.500000
35 141 1.500000
146 37 1.500000
146 34 1.500000
147 46 1.500000
147 49 1.500000
;
param s:=
1 144
3 146
4 9
8 147
9 11
11 7
12 11
14 147
18 9
19 9
20 147
21 11
22 9
23 144
24 147
25 9
26 11
27 11
28 143
29 144
30 11
31 7
32 11
33 144
34 144
35 143
36 147
37 144
38 145
39 7
40 9
41 145
42 144
43 9
44 145
45 143
46 147
47 145
48 147
49 9
50 9
51 9
52 145
53 7
54 144
55 143
56 144
57 9
58 145
59 9
60 147
61 143
62 7
63 9
64 11
66 143
67 145
68 144
70 146
71 147
72 144
73 146
74 143
75 7
76 146
77 7
78 146
79 144
81 143
88 147
90 11
91 143
92 9
93 143
97 144
98 144
99 7
;
param e:=
1 8
3 142
4 6
8 10
9 6
11 141
12 8
14 10
18 6
19 6
20 139
21 8
22 139
23 138
24 138
25 142
26 8
27 141
28 142
29 140
30 142
31 10
32 139
33 8
34 10
35 139
36 138
37 138
38 138
39 8
40 6
41 141
42 10
43 142
44 141
45 141
46 141
47 142
48 10
49 139
50 142
51 139
52 139
53 138
54 138
55 139
56 8
57 139
58 139
59 139
60 8
61 142
62 138
63 139
64 142
66 140
67 141
68 142
70 140
71 10
72 142
73 139
74 6
75 142
76 10
77 142
78 6
79 138
81 141
88 8
90 142
91 142
92 141
93 6
97 138
98 8
99 8
;
param v_min:=2.375
;
param v_max:=2.625
;
param :conflictsNodes: angle:=
0 1 13 1.000000
0 13 1 1.000000
0 1 67 1.000000
0 67 1 1.000000
0 1 119 1.000000
0 119 1 1.000000
0 13 67 1.000000
0 67 13 1.000000
0 13 119 1.000000
0 119 13 1.000000
0 67 119 1.000000
0 119 67 1.000000
1 0 68 1.000000
1 68 0 1.000000
1 0 120 1.000000
1 120 0 1.000000
1 0 12 1.000000
1 12 0 1.000000
1 68 120 1.000000
1 120 68 1.000000
1 12 68 1.000000
1 68 12 1.000000
1 12 120 1.000000
1 120 12 1.000000
12 13 37 1.000000
12 37 13 1.000000
12 13 79 1.000000
12 79 13 1.000000
12 1 13 1.000000
12 13 1 1.000000
12 1 37 1.000000
12 37 1 1.000000
12 1 79 1.000000
12 79 1 1.000000
12 37 79 1.000000
12 79 37 1.000000
13 0 12 1.000000
13 12 0 1.000000
13 0 34 1.000000
13 34 0 1.000000
13 0 80 1.000000
13 80 0 1.000000
13 12 34 1.000000
13 34 12 1.000000
13 12 80 1.000000
13 80 12 1.000000
13 34 80 1.000000
13 80 34 1.000000
14 15 17 1.000000
14 17 15 1.000000
14 15 73 1.000000
14 73 15 1.000000
14 15 131 1.000000
14 131 15 1.000000
14 17 73 1.000000
14 73 17 1.000000
14 17 131 1.000000
14 131 17 1.000000
14 73 131 1.000000
14 131 73 1.000000
15 14 132 1.000000
15 132 14 1.000000
15 14 16 1.000000
15 16 14 1.000000
15 16 132 1.000000
15 132 16 1.000000
16 17 49 1.000000
16 49 17 1.000000
16 15 17 1.000000
16 17 15 1.000000
16 15 49 1.000000
16 49 15 1.000000
17 14 16 1.000000
17 16 14 1.000000
17 14 46 1.000000
17 46 14 1.000000
17 14 74 1.000000
17 74 14 1.000000
17 16 46 1.000000
17 46 16 1.000000
17 16 74 1.000000
17 74 16 1.000000
17 46 74 1.000000
17 74 46 1.000000
18 19 21 1.000000
18 21 19 1.000000
18 19 95 1.000000
18 95 19 1.000000
18 19 107 1.000000
18 107 19 1.000000
18 21 95 1.000000
18 95 21 1.000000
18 21 107 1.000000
18 107 21 1.000000
18 95 107 1.000000
18 107 95 1.000000
19 18 50 1.000000
19 50 18 1.000000
19 18 96 1.000000
19 96 18 1.000000
19 18 20 1.000000
19 20 18 1.000000
19 50 96 1.000000
19 96 50 1.000000
19 20 50 1.000000
19 50 20 1.000000
19 20 96 1.000000
19 96 20 1.000000
20 21 61 1.000000
20 61 21 1.000000
20 21 88 1.000000
20 88 21 1.000000
20 19 21 1.000000
20 21 19 1.000000
20 19 61 1.000000
20 61 19 1.000000
20 19 88 1.000000
20 88 19 1.000000
20 61 88 1.000000
20 88 61 1.000000
21 18 20 1.000000
21 20 18 1.000000
21 18 108 1.000000
21 108 18 1.000000
21 18 89 1.000000
21 89 18 1.000000
21 20 108 1.000000
21 108 20 1.000000
21 20 89 1.000000
21 89 20 1.000000
21 89 108 1.000000
21 108 89 1.000000
22 23 25 1.000000
22 25 23 1.000000
22 23 55 1.000000
22 55 23 1.000000
22 23 99 1.000000
22 99 23 1.000000
22 25 55 1.000000
22 55 25 1.000000
22 25 99 1.000000
22 99 25 1.000000
22 55 99 1.000000
22 99 55 1.000000
23 22 100 1.000000
23 100 22 1.000000
23 22 24 1.000000
23 24 22 1.000000
23 24 100 1.000000
23 100 24 1.000000
24 25 90 1.000000
24 90 25 1.000000
24 23 25 1.000000
24 25 23 1.000000
24 23 90 1.000000
24 90 23 1.000000
25 22 24 1.000000
25 24 22 1.000000
25 22 56 1.000000
25 56 22 1.000000
25 22 91 1.000000
25 91 22 1.000000
25 24 56 1.000000
25 56 24 1.000000
25 24 91 1.000000
25 91 24 1.000000
25 56 91 1.000000
25 91 56 1.000000
26 28 94 1.000000
26 94 28 1.000000
27 29 33 1.000000
27 33 29 1.000000
28 26 30 1.000000
28 30 26 1.000000
29 27 97 1.000000
29 97 27 1.000000
30 28 32 1.000000
30 32 28 1.000000
31 33 36 1.000000
31 36 33 1.000000
32 30 35 1.000000
32 35 30 1.000000
33 27 31 1.000000
33 31 27 1.000000
34 13 35 1.000000
34 35 13 1.000000
35 32 34 1.000000
35 34 32 1.000000
36 31 37 1.000000
36 37 31 1.000000
37 12 36 1.000000
37 36 12 1.000000
38 40 98 1.000000
38 98 40 1.000000
39 41 45 1.000000
39 45 41 1.000000
40 38 42 1.000000
40 42 38 1.000000
41 39 101 1.000000
41 101 39 1.000000
42 40 44 1.000000
42 44 40 1.000000
43 45 48 1.000000
43 48 45 1.000000
44 42 47 1.000000
44 47 42 1.000000
45 39 43 1.000000
45 43 39 1.000000
46 17 47 1.000000
46 47 17 1.000000
47 44 46 1.000000
47 46 44 1.000000
48 43 49 1.000000
48 49 43 1.000000
49 16 48 1.000000
49 48 16 1.000000
50 19 51 1.000000
50 51 19 1.000000
51 50 52 1.000000
51 52 50 1.000000
52 51 53 1.000000
52 53 51 1.000000
53 52 54 1.000000
53 54 52 1.000000
54 53 55 1.000000
54 55 53 1.000000
55 22 54 1.000000
55 54 22 1.000000
56 25 57 1.000000
56 57 25 1.000000
57 56 58 1.000000
57 58 56 1.000000
58 57 59 1.000000
58 59 57 1.000000
59 58 60 1.000000
59 60 58 1.000000
60 59 61 1.000000
60 61 59 1.000000
61 20 60 1.000000
61 60 20 1.000000
62 3 63 1.000000
62 63 3 1.000000
63 62 64 1.000000
63 64 62 1.000000
64 63 65 1.000000
64 65 63 1.000000
65 64 66 1.000000
65 66 64 1.000000
66 65 67 1.000000
66 67 65 1.000000
67 0 66 1.000000
67 66 0 1.000000
68 1 69 1.000000
68 69 1 1.000000
69 68 70 1.000000
69 70 68 1.000000
70 69 71 1.000000
70 71 69 1.000000
71 70 72 1.000000
71 72 70 1.000000
72 71 73 1.000000
72 73 71 1.000000
73 14 72 1.000000
73 72 14 1.000000
74 17 75 1.000000
74 75 17 1.000000
75 74 76 1.000000
75 76 74 1.000000
76 75 77 1.000000
76 77 75 1.000000
77 76 78 1.000000
77 78 76 1.000000
78 77 79 1.000000
78 79 77 1.000000
79 12 78 1.000000
79 78 12 1.000000
80 13 81 1.000000
80 81 13 1.000000
81 80 82 1.000000
81 82 80 1.000000
82 81 83 1.000000
82 83 81 1.000000
83 82 84 1.000000
83 84 82 1.000000
84 83 85 1.000000
84 85 83 1.000000
85 2 84 1.000000
85 84 2 1.000000
94 26 95 1.000000
94 95 26 1.000000
95 18 94 1.000000
95 94 18 1.000000
96 19 97 1.000000
96 97 19 1.000000
97 29 96 1.000000
97 96 29 1.000000
98 38 99 1.000000
98 99 38 1.000000
99 22 98 1.000000
99 98 22 1.000000
100 23 101 1.000000
100 101 23 1.000000
101 41 100 1.000000
101 100 41 1.000000
102 92 103 1.000000
102 103 92 1.000000
103 102 104 1.000000
103 104 102 1.000000
104 103 105 1.000000
104 105 103 1.000000
105 104 106 1.000000
105 106 104 1.000000
106 105 107 1.000000
106 107 105 1.000000
107 18 106 1.000000
107 106 18 1.000000
108 21 109 1.000000
108 109 21 1.000000
109 108 110 1.000000
109 110 108 1.000000
110 109 111 1.000000
110 111 109 1.000000
111 110 112 1.000000
111 112 110 1.000000
112 111 113 1.000000
112 113 111 1.000000
113 93 112 1.000000
113 112 93 1.000000
114 5 115 1.000000
114 115 5 1.000000
115 114 116 1.000000
115 116 114 1.000000
116 115 117 1.000000
116 117 115 1.000000
117 116 118 1.000000
117 118 116 1.000000
118 117 119 1.000000
118 119 117 1.000000
119 0 118 1.000000
119 118 0 1.000000
120 1 121 1.000000
120 121 1 1.000000
121 120 122 1.000000
121 122 120 1.000000
122 121 123 1.000000
122 123 121 1.000000
123 122 124 1.000000
123 124 122 1.000000
124 123 125 1.000000
124 125 123 1.000000
125 4 124 1.000000
125 124 4 1.000000
127 126 128 1.000000
127 128 126 1.000000
128 127 129 1.000000
128 129 127 1.000000
129 128 130 1.000000
129 130 128 1.000000
130 129 131 1.000000
130 131 129 1.000000
131 14 130 1.000000
131 130 14 1.000000
132 15 133 1.000000
132 133 15 1.000000
133 132 134 1.000000
133 134 132 1.000000
134 133 135 1.000000
134 135 133 1.000000
135 134 136 1.000000
135 136 134 1.000000
136 135 137 1.000000
136 137 135 1.000000
;
param D:=0.5;
param t_hat_ear:=
1 144 7.0
1 88 8.0
1 20 9.0
1 19 10.0
1 96 11.0
1 97 12.0
1 29 13.0
1 27 14.0
1 33 15.0
1 31 16.0
1 36 17.0
1 37 18.0
1 12 19.0
1 1 20.0
1 120 21.0
1 121 22.0
1 122 23.0
1 123 24.0
1 124 25.0
1 125 26.0
1 4 27.0
1 8 28.0
3 146 8.0
3 37 9.0
3 12 10.0
3 1 11.0
3 68 12.0
3 69 13.0
3 70 14.0
3 71 15.0
3 72 16.0
3 73 17.0
3 14 18.0
3 17 19.0
3 46 20.0
3 47 21.0
3 142 22.0
4 9 0.0
4 5 1.0
4 114 2.0
4 115 3.0
4 116 4.0
4 117 5.0
4 118 6.0
4 119 7.0
4 0 8.0
4 1 9.0
4 68 10.0
4 69 11.0
4 70 12.0
4 71 13.0
4 72 14.0
4 73 15.0
4 14 16.0
4 15 17.0
4 132 18.0
4 133 19.0
4 134 20.0
4 135 21.0
4 136 22.0
4 137 23.0
4 6 24.0
8 147 7.0
8 49 8.0
8 16 9.0
8 17 10.0
8 74 11.0
8 75 12.0
8 76 13.0
8 77 14.0
8 78 15.0
8 79 16.0
8 12 17.0
8 13 18.0
8 80 19.0
8 81 20.0
8 82 21.0
8 83 22.0
8 84 23.0
8 85 24.0
8 2 25.0
8 10 26.0
9 11 4.0
9 3 5.0
9 62 6.0
9 63 7.0
9 64 8.0
9 65 9.0
9 66 10.0
9 67 11.0
9 0 12.0
9 1 13.0
9 68 14.0
9 69 15.0
9 70 16.0
9 71 17.0
9 72 18.0
9 73 19.0
9 14 20.0
9 15 21.0
9 132 22.0
9 133 23.0
9 134 24.0
9 135 25.0
9 136 26.0
9 137 27.0
9 6 28.0
11 7 7.0
11 126 8.0
11 127 9.0
11 128 10.0
11 129 11.0
11 130 12.0
11 131 13.0
11 14 14.0
11 17 15.0
11 74 16.0
11 75 17.0
11 76 18.0
11 77 19.0
11 78 20.0
11 79 21.0
11 12 22.0
11 13 23.0
11 34 24.0
11 35 25.0
11 141 26.0
12 11 6.0
12 3 7.0
12 62 8.0
12 63 9.0
12 64 10.0
12 65 11.0
12 66 12.0
12 67 13.0
12 0 14.0
12 1 15.0
12 120 16.0
12 121 17.0
12 122 18.0
12 123 19.0
12 124 20.0
12 125 21.0
12 4 22.0
12 8 23.0
14 147 2.0
14 49 3.0
14 16 4.0
14 17 5.0
14 74 6.0
14 75 7.0
14 76 8.0
14 77 9.0
14 78 10.0
14 79 11.0
14 12 12.0
14 13 13.0
14 80 14.0
14 81 15.0
14 82 16.0
14 83 17.0
14 84 18.0
14 85 19.0
14 2 20.0
14 10 21.0
18 9 8.0
18 5 9.0
18 114 10.0
18 115 11.0
18 116 12.0
18 117 13.0
18 118 14.0
18 119 15.0
18 0 16.0
18 1 17.0
18 68 18.0
18 69 19.0
18 70 20.0
18 71 21.0
18 72 22.0
18 73 23.0
18 14 24.0
18 15 25.0
18 132 26.0
18 133 27.0
18 134 28.0
18 135 29.0
18 136 30.0
18 137 31.0
18 6 32.0
19 9 13.0
19 5 14.0
19 114 15.0
19 115 16.0
19 116 17.0
19 117 18.0
19 118 19.0
19 119 20.0
19 0 21.0
19 1 22.0
19 68 23.0
19 69 24.0
19 70 25.0
19 71 26.0
19 72 27.0
19 73 28.0
19 14 29.0
19 15 30.0
19 132 31.0
19 133 32.0
19 134 33.0
19 135 34.0
19 136 35.0
19 137 36.0
19 6 37.0
20 147 15.0
20 46 16.0
20 47 17.0
20 44 18.0
20 42 19.0
20 40 20.0
20 38 21.0
20 98 22.0
20 99 23.0
20 22 24.0
20 25 25.0
20 56 26.0
20 57 27.0
20 58 28.0
20 59 29.0
20 60 30.0
20 61 31.0
20 20 32.0
20 21 33.0
20 89 34.0
20 139 35.0
21 11 15.0
21 3 16.0
21 62 17.0
21 63 18.0
21 64 19.0
21 65 20.0
21 66 21.0
21 67 22.0
21 0 23.0
21 1 24.0
21 120 25.0
21 121 26.0
21 122 27.0
21 123 28.0
21 124 29.0
21 125 30.0
21 4 31.0
21 8 32.0
22 9 17.0
22 5 18.0
22 114 19.0
22 115 20.0
22 116 21.0
22 117 22.0
22 118 23.0
22 119 24.0
22 0 25.0
22 13 26.0
22 34 27.0
22 35 28.0
22 32 29.0
22 30 30.0
22 28 31.0
22 26 32.0
22 94 33.0
22 95 34.0
22 18 35.0
22 21 36.0
22 89 37.0
22 139 38.0
23 144 11.0
23 88 12.0
23 20 13.0
23 19 14.0
23 50 15.0
23 51 16.0
23 52 17.0
23 53 18.0
23 54 19.0
23 55 20.0
23 22 21.0
23 25 22.0
23 91 23.0
23 138 24.0
24 147 10.0
24 46 11.0
24 47 12.0
24 44 13.0
24 42 14.0
24 40 15.0
24 38 16.0
24 98 17.0
24 99 18.0
24 22 19.0
24 25 20.0
24 91 21.0
24 138 22.0
25 9 20.1
25 5 20.0
25 114 21.0
25 115 22.0
25 116 23.0
25 117 24.0
25 118 25.0
25 119 26.0
25 0 27.0
25 1 28.0
25 68 29.0
25 69 30.0
25 70 31.0
25 71 32.0
25 72 33.0
25 73 34.0
25 14 35.0
25 17 36.0
25 46 37.0
25 47 38.0
25 142 39.0
26 11 27.0
26 3 28.0
26 62 29.0
26 63 30.0
26 64 31.0
26 65 32.0
26 66 33.0
26 67 34.0
26 0 35.0
26 1 36.0
26 120 37.0
26 121 38.0
26 122 39.0
26 123 40.0
26 124 41.0
26 125 42.0
26 4 43.0
26 8 44.0
27 11 11.0
27 3 12.0
27 62 13.0
27 63 14.0
27 64 15.0
27 65 16.0
27 66 17.0
27 67 18.0
27 0 19.0
27 13 20.0
27 34 21.0
27 35 22.0
27 141 23.0
28 143 13.0
28 90 14.0
28 24 15.0
28 23 16.0
28 100 17.0
28 101 18.0
28 41 19.0
28 39 20.0
28 45 21.0
28 43 22.0
28 48 23.0
28 142 24.0
29 144 17.0
29 88 18.0
29 20 19.0
29 21 20.0
29 108 21.0
29 109 22.0
29 110 23.0
29 111 24.0
29 112 25.0
29 113 26.0
29 93 27.0
29 140 28.0
30 11 25.0
30 3 26.0
30 62 27.0
30 63 28.0
30 64 29.0
30 65 30.0
30 66 31.0
30 67 32.0
30 0 33.0
30 1 34.0
30 68 35.0
30 69 36.0
30 70 37.0
30 71 38.0
30 72 39.0
30 73 40.0
30 14 41.0
30 17 42.0
30 46 43.0
30 47 44.0
30 142 45.0
31 7 19.0
31 126 20.0
31 127 21.0
31 128 22.0
31 129 23.0
31 130 24.0
31 131 25.0
31 14 26.0
31 17 27.0
31 74 28.0
31 75 29.0
31 76 30.0
31 77 31.0
31 78 32.0
31 79 33.0
31 12 34.0
31 13 35.0
31 80 36.0
31 81 37.0
31 82 38.0
31 83 39.0
31 84 40.0
31 85 41.0
31 2 42.0
31 10 43.0
32 11 21.0
32 3 22.0
32 62 23.0
32 63 24.0
32 64 25.0
32 65 26.0
32 66 27.0
32 67 28.0
32 0 29.0
32 13 30.0
32 34 31.0
32 35 32.0
32 32 33.0
32 30 34.0
32 28 35.0
32 26 36.0
32 94 37.0
32 95 38.0
32 18 39.0
32 21 40.0
32 89 41.0
32 139 42.0
33 144 13.0
33 88 14.0
33 20 15.0
33 19 16.0
33 96 17.0
33 97 18.0
33 29 19.0
33 27 20.0
33 33 21.0
33 31 22.0
33 36 23.0
33 37 24.0
33 12 25.0
33 1 26.0
33 120 27.0
33 121 28.0
33 122 29.0
33 123 30.0
33 124 31.0
33 125 32.0
33 4 33.0
33 8 34.0
34 144 15.0
34 88 16.0
34 20 17.0
34 19 18.0
34 96 19.0
34 97 20.0
34 29 21.0
34 27 22.0
34 33 23.0
34 31 24.0
34 36 25.0
34 37 26.0
34 12 27.0
34 13 28.0
34 80 29.0
34 81 30.0
34 82 31.0
34 83 32.0
34 84 33.0
34 85 34.0
34 2 35.0
34 10 36.0
35 143 15.0
35 90 16.0
35 24 17.0
35 25 18.0
35 56 19.0
35 57 20.0
35 58 21.0
35 59 22.0
35 60 23.0
35 61 24.0
35 20 25.0
35 21 26.0
35 89 27.0
35 139 28.0
36 147 17.0
36 46 18.0
36 47 19.0
36 44 20.0
36 42 21.0
36 40 22.0
36 38 23.0
36 98 24.0
36 99 25.0
36 22 26.0
36 25 27.0
36 91 28.0
36 138 29.0
37 144 19.0
37 88 20.0
37 20 21.0
37 19 22.0
37 50 23.0
37 51 24.0
37 52 25.0
37 53 26.0
37 54 27.0
37 55 28.0
37 22 29.0
37 25 30.0
37 91 31.0
37 138 32.0
38 145 15.0
38 92 16.0
38 102 17.0
38 103 18.0
38 104 19.0
38 105 20.0
38 106 21.0
38 107 22.0
38 18 23.0
38 19 24.0
38 50 25.0
38 51 26.0
38 52 27.0
38 53 28.0
38 54 29.0
38 55 30.0
38 22 31.0
38 25 32.0
38 91 33.0
38 138 34.0
39 7 15.0
39 126 16.0
39 127 17.0
39 128 18.0
39 129 19.0
39 130 20.0
39 131 21.0
39 14 22.0
39 17 23.0
39 74 24.0
39 75 25.0
39 76 26.0
39 77 27.0
39 78 28.0
39 79 29.0
39 12 30.0
39 1 31.0
39 120 32.0
39 121 33.0
39 122 34.0
39 123 35.0
39 124 36.0
39 125 37.0
39 4 38.0
39 8 39.0
40 9 29.0
40 5 30.0
40 114 31.0
40 115 32.0
40 116 33.0
40 117 34.0
40 118 35.0
40 119 36.0
40 0 37.0
40 1 38.0
40 68 39.0
40 69 40.0
40 70 41.0
40 71 42.0
40 72 43.0
40 73 44.0
40 14 45.0
40 15 46.0
40 132 47.0
40 133 48.0
40 134 49.0
40 135 50.0
40 136 51.0
40 137 52.0
40 6 53.0
41 145 29.0
41 92 30.0
41 102 31.0
41 103 32.0
41 104 33.0
41 105 34.0
41 106 35.0
41 107 36.0
41 18 37.0
41 19 38.0
41 96 39.0
41 97 40.0
41 29 41.0
41 27 42.0
41 33 43.0
41 31 44.0
41 36 45.0
41 141 46.0
42 144 33.0
42 88 34.0
42 20 35.0
42 19 36.0
42 96 37.0
42 97 38.0
42 29 39.0
42 27 40.0
42 33 41.0
42 31 42.0
42 36 43.0
42 37 44.0
42 12 45.0
42 13 46.0
42 80 47.0
42 81 48.0
42 82 49.0
42 83 50.0
42 84 51.0
42 85 52.0
42 2 53.0
42 10 54.0
43 9 43.0
43 5 44.0
43 114 45.0
43 115 46.0
43 116 47.0
43 117 48.0
43 118 49.0
43 119 50.0
43 0 51.0
43 1 52.0
43 68 53.0
43 69 54.0
43 70 55.0
43 71 56.0
43 72 57.0
43 73 58.0
43 14 59.0
43 17 60.0
43 46 61.0
43 47 62.0
43 142 63.0
44 145 39.0
44 92 40.0
44 102 41.0
44 103 42.0
44 104 43.0
44 105 44.0
44 106 45.0
44 107 46.0
44 18 47.0
44 19 48.0
44 96 49.0
44 97 50.0
44 29 51.0
44 27 52.0
44 33 53.0
44 31 54.0
44 36 55.0
44 141 56.0
45 143 39.0
45 90 40.0
45 24 41.0
45 25 42.0
45 56 43.0
45 57 44.0
45 58 45.0
45 59 46.0
45 60 47.0
45 61 48.0
45 20 49.0
45 19 50.0
45 96 51.0
45 97 52.0
45 29 53.0
45 27 54.0
45 33 55.0
45 31 56.0
45 36 57.0
45 141 58.0
46 147 28.0
46 49 29.0
46 16 30.0
46 17 31.0
46 74 32.0
46 75 33.0
46 76 34.0
46 77 35.0
46 78 36.0
46 79 37.0
46 12 38.0
46 13 39.0
46 34 40.0
46 35 41.0
46 141 42.0
47 145 24.0
47 92 25.0
47 102 26.0
47 103 27.0
47 104 28.0
47 105 29.0
47 106 30.0
47 107 31.0
47 18 32.0
47 19 33.0
47 50 34.0
47 51 35.0
47 52 36.0
47 53 37.0
47 54 38.0
47 55 39.0
47 22 40.0
47 23 41.0
47 100 42.0
47 101 43.0
47 41 44.0
47 39 45.0
47 45 46.0
47 43 47.0
47 48 48.0
47 142 49.0
48 147 26.0
48 49 27.0
48 16 28.0
48 17 29.0
48 74 30.0
48 75 31.0
48 76 32.0
48 77 33.0
48 78 34.0
48 79 35.0
48 12 36.0
48 13 37.0
48 80 38.0
48 81 39.0
48 82 40.0
48 83 41.0
48 84 42.0
48 85 43.0
48 2 44.0
48 10 45.0
49 9 39.0
49 5 40.0
49 114 41.0
49 115 42.0
49 116 43.0
49 117 44.0
49 118 45.0
49 119 46.0
49 0 47.0
49 13 48.0
49 34 49.0
49 35 50.0
49 32 51.0
49 30 52.0
49 28 53.0
49 26 54.0
49 94 55.0
49 95 56.0
49 18 57.0
49 21 58.0
49 89 59.0
49 139 60.0
50 9 36.0
50 5 37.0
50 114 38.0
50 115 39.0
50 116 40.0
50 117 41.0
50 118 42.0
50 119 43.0
50 0 44.0
50 1 45.0
50 68 46.0
50 69 47.0
50 70 48.0
50 71 49.0
50 72 50.0
50 73 51.0
50 14 52.0
50 17 53.0
50 46 54.0
50 47 55.0
50 142 56.0
51 9 23.0
51 5 24.0
51 114 25.0
51 115 26.0
51 116 27.0
51 117 28.0
51 118 29.0
51 119 30.0
51 0 31.0
51 13 32.0
51 34 33.0
51 35 34.0
51 32 35.0
51 30 36.0
51 28 37.0
51 26 38.0
51 94 39.0
51 95 40.0
51 18 41.0
51 21 42.0
51 89 43.0
51 139 44.0
52 145 20.0
52 92 21.0
52 102 22.0
52 103 23.0
52 104 24.0
52 105 25.0
52 106 26.0
52 107 27.0
52 18 28.0
52 21 29.0
52 89 30.0
52 139 31.0
53 7 26.0
53 126 27.0
53 127 28.0
53 128 29.0
53 129 30.0
53 130 31.0
53 131 32.0
53 14 33.0
53 17 34.0
53 46 35.0
53 47 36.0
53 44 37.0
53 42 38.0
53 40 39.0
53 38 40.0
53 98 41.0
53 99 42.0
53 22 43.0
53 25 44.0
53 91 45.0
53 138 46.0
54 144 26.0
54 88 27.0
54 20 28.0
54 19 29.0
54 50 30.0
54 51 31.0
54 52 32.0
54 53 33.0
54 54 34.0
54 55 35.0
54 22 36.0
54 25 37.0
54 91 38.0
54 138 39.0
55 143 37.0
55 90 38.0
55 24 39.0
55 25 40.0
55 56 41.0
55 57 42.0
55 58 43.0
55 59 44.0
55 60 45.0
55 61 46.0
55 20 47.0
55 21 48.0
55 89 49.0
55 139 50.0
56 144 28.0
56 88 29.0
56 20 30.0
56 19 31.0
56 96 32.0
56 97 33.0
56 29 34.0
56 27 35.0
56 33 36.0
56 31 37.0
56 36 38.0
56 37 39.0
56 12 40.0
56 1 41.0
56 120 42.0
56 121 43.0
56 122 44.0
56 123 45.0
56 124 46.0
56 125 47.0
56 4 48.0
56 8 49.0
57 9 32.0
57 5 33.0
57 114 34.0
57 115 35.0
57 116 36.0
57 117 37.0
57 118 38.0
57 119 39.0
57 0 40.0
57 13 41.0
57 34 42.0
57 35 43.0
57 32 44.0
57 30 45.0
57 28 46.0
57 26 47.0
57 94 48.0
57 95 49.0
57 18 50.0
57 21 51.0
57 89 52.0
57 139 53.0
58 145 22.0
58 92 23.0
58 102 24.0
58 103 25.0
58 104 26.0
58 105 27.0
58 106 28.0
58 107 29.0
58 18 30.0
58 21 31.0
58 89 32.0
58 139 33.0
59 9 34.0
59 5 35.0
59 114 36.0
59 115 37.0
59 116 38.0
59 117 39.0
59 118 40.0
59 119 41.0
59 0 42.0
59 13 43.0
59 34 44.0
59 35 45.0
59 32 46.0
59 30 47.0
59 28 48.0
59 26 49.0
59 94 50.0
59 95 51.0
59 18 52.0
59 21 53.0
59 89 54.0
59 139 55.0
60 147 37.0
60 49 38.0
60 16 39.0
60 17 40.0
60 74 41.0
60 75 42.0
60 76 43.0
60 77 44.0
60 78 45.0
60 79 46.0
60 12 47.0
60 1 48.0
60 120 49.0
60 121 50.0
60 122 51.0
60 123 52.0
60 124 53.0
60 125 54.0
60 4 55.0
60 8 56.0
61 143 32.0
61 90 33.0
61 24 34.0
61 23 35.0
61 100 36.0
61 101 37.0
61 41 38.0
61 39 39.0
61 45 40.0
61 43 41.0
61 48 42.0
61 142 43.0
62 7 40.0
62 126 41.0
62 127 42.0
62 128 43.0
62 129 44.0
62 130 45.0
62 131 46.0
62 14 47.0
62 17 48.0
62 46 49.0
62 47 50.0
62 44 51.0
62 42 52.0
62 40 53.0
62 38 54.0
62 98 55.0
62 99 56.0
62 22 57.0
62 25 58.0
62 91 59.0
62 138 60.0
63 9 45.0
63 5 46.0
63 114 47.0
63 115 48.0
63 116 49.0
63 117 50.0
63 118 51.0
63 119 52.0
63 0 53.0
63 13 54.0
63 34 55.0
63 35 56.0
63 32 57.0
63 30 58.0
63 28 59.0
63 26 60.0
63 94 61.0
63 95 62.0
63 18 63.0
63 21 64.0
63 89 65.0
63 139 66.0
64 11 49.0
64 3 50.0
64 62 51.0
64 63 52.0
64 64 53.0
64 65 54.0
64 66 55.0
64 67 56.0
64 0 57.0
64 1 58.0
64 68 59.0
64 69 60.0
64 70 61.0
64 71 62.0
64 72 63.0
64 73 64.0
64 14 65.0
64 17 66.0
64 46 67.0
64 47 68.0
64 142 69.0
66 143 49.0
66 90 50.0
66 24 51.0
66 25 52.0
66 56 53.0
66 57 54.0
66 58 55.0
66 59 56.0
66 60 57.0
66 61 58.0
66 20 59.0
66 21 60.0
66 108 61.0
66 109 62.0
66 110 63.0
66 111 64.0
66 112 65.0
66 113 66.0
66 93 67.0
66 140 68.0
67 145 47.0
67 92 48.0
67 102 49.0
67 103 50.0
67 104 51.0
67 105 52.0
67 106 53.0
67 107 54.0
67 18 55.0
67 19 56.0
67 96 57.0
67 97 58.0
67 29 59.0
67 27 60.0
67 33 61.0
67 31 62.0
67 36 63.0
67 141 64.0
68 144 41.0
68 88 42.0
68 20 43.0
68 19 44.0
68 50 45.0
68 51 46.0
68 52 47.0
68 53 48.0
68 54 49.0
68 55 50.0
68 22 51.0
68 23 52.0
68 100 53.0
68 101 54.0
68 41 55.0
68 39 56.0
68 45 57.0
68 43 58.0
68 48 59.0
68 142 60.0
70 146 34.0
70 34 35.0
70 35 36.0
70 32 37.0
70 30 38.0
70 28 39.0
70 26 40.0
70 94 41.0
70 95 42.0
70 18 43.0
70 21 44.0
70 108 45.0
70 109 46.0
70 110 47.0
70 111 48.0
70 112 49.0
70 113 50.0
70 93 51.0
70 140 52.0
71 147 48.0
71 49 49.0
71 16 50.0
71 17 51.0
71 74 52.0
71 75 53.0
71 76 54.0
71 77 55.0
71 78 56.0
71 79 57.0
71 12 58.0
71 13 59.0
71 80 60.0
71 81 61.0
71 82 62.0
71 83 63.0
71 84 64.0
71 85 65.0
71 2 66.0
71 10 67.0
72 144 39.0
72 88 40.0
72 20 41.0
72 19 42.0
72 50 43.0
72 51 44.0
72 52 45.0
72 53 46.0
72 54 47.0
72 55 48.0
72 22 49.0
72 23 50.0
72 100 51.0
72 101 52.0
72 41 53.0
72 39 54.0
72 45 55.0
72 43 56.0
72 48 57.0
72 142 58.0
73 146 36.0
73 34 37.0
73 35 38.0
73 32 39.0
73 30 40.0
73 28 41.0
73 26 42.0
73 94 43.0
73 95 44.0
73 18 45.0
73 21 46.0
73 89 47.0
73 139 48.0
74 143 35.0
74 90 36.0
74 24 37.0
74 23 38.0
74 100 39.0
74 101 40.0
74 41 41.0
74 39 42.0
74 45 43.0
74 43 44.0
74 48 45.0
74 49 46.0
74 16 47.0
74 15 48.0
74 132 49.0
74 133 50.0
74 134 51.0
74 135 52.0
74 136 53.0
74 137 54.0
74 6 55.0
75 7 36.0
75 126 37.0
75 127 38.0
75 128 39.0
75 129 40.0
75 130 41.0
75 131 42.0
75 14 43.0
75 17 44.0
75 46 45.0
75 47 46.0
75 142 47.0
76 146 49.0
76 37 50.0
76 12 51.0
76 13 52.0
76 80 53.0
76 81 54.0
76 82 55.0
76 83 56.0
76 84 57.0
76 85 58.0
76 2 59.0
76 10 60.0
77 7 30.0
77 126 31.0
77 127 32.0
77 128 33.0
77 129 34.0
77 130 35.0
77 131 36.0
77 14 37.0
77 17 38.0
77 46 39.0
77 47 40.0
77 142 41.0
78 146 40.0
78 37 41.0
78 12 42.0
78 1 43.0
78 68 44.0
78 69 45.0
78 70 46.0
78 71 47.0
78 72 48.0
78 73 49.0
78 14 50.0
78 15 51.0
78 132 52.0
78 133 53.0
78 134 54.0
78 135 55.0
78 136 56.0
78 137 57.0
78 6 58.0
79 144 37.0
79 88 38.0
79 20 39.0
79 19 40.0
79 50 41.0
79 51 42.0
79 52 43.0
79 53 44.0
79 54 45.0
79 55 46.0
79 22 47.0
79 25 48.0
79 91 49.0
79 138 50.0
81 143 43.0
81 90 44.0
81 24 45.0
81 25 46.0
81 56 47.0
81 57 48.0
81 58 49.0
81 59 50.0
81 60 51.0
81 61 52.0
81 20 53.0
81 19 54.0
81 96 55.0
81 97 56.0
81 29 57.0
81 27 58.0
81 33 59.0
81 31 60.0
81 36 61.0
81 141 62.0
88 147 43.0
88 49 44.0
88 16 45.0
88 17 46.0
88 74 47.0
88 75 48.0
88 76 49.0
88 77 50.0
88 78 51.0
88 79 52.0
88 12 53.0
88 1 54.0
88 120 55.0
88 121 56.0
88 122 57.0
88 123 58.0
88 124 59.0
88 125 60.0
88 4 61.0
88 8 62.0
90 11 47.0
90 3 48.0
90 62 49.0
90 63 50.0
90 64 51.0
90 65 52.0
90 66 53.0
90 67 54.0
90 0 55.0
90 1 56.0
90 68 57.0
90 69 58.0
90 70 59.0
90 71 60.0
90 72 61.0
90 73 62.0
90 14 63.0
90 17 64.0
90 46 65.0
90 47 66.0
90 142 67.0
91 143 41.0
91 90 42.0
91 24 43.0
91 23 44.0
91 100 45.0
91 101 46.0
91 41 47.0
91 39 48.0
91 45 49.0
91 43 50.0
91 48 51.0
91 142 52.0
92 9 41.0
92 5 42.0
92 114 43.0
92 115 44.0
92 116 45.0
92 117 46.0
92 118 47.0
92 119 48.0
92 0 49.0
92 13 50.0
92 34 51.0
92 35 52.0
92 141 53.0
93 143 45.0
93 90 46.0
93 24 47.0
93 23 48.0
93 100 49.0
93 101 50.0
93 41 51.0
93 39 52.0
93 45 53.0
93 43 54.0
93 48 55.0
93 49 56.0
93 16 57.0
93 15 58.0
93 132 59.0
93 133 60.0
93 134 61.0
93 135 62.0
93 136 63.0
93 137 64.0
93 6 65.0
97 144 43.0
97 88 44.0
97 20 45.0
97 19 46.0
97 50 47.0
97 51 48.0
97 52 49.0
97 53 50.0
97 54 51.0
97 55 52.0
97 22 53.0
97 25 54.0
97 91 55.0
97 138 56.0
98 144 49.0
98 88 50.0
98 20 51.0
98 19 52.0
98 96 53.0
98 97 54.0
98 29 55.0
98 27 56.0
98 33 57.0
98 31 58.0
98 36 59.0
98 37 60.0
98 12 61.0
98 1 62.0
98 120 63.0
98 121 64.0
98 122 65.0
98 123 66.0
98 124 67.0
98 125 68.0
98 4 69.0
98 8 70.0
99 7 49.0
99 126 50.0
99 127 51.0
99 128 52.0
99 129 53.0
99 130 54.0
99 131 55.0
99 14 56.0
99 17 57.0
99 74 58.0
99 75 59.0
99 76 60.0
99 77 61.0
99 78 62.0
99 79 63.0
99 12 64.0
99 1 65.0
99 120 66.0
99 121 67.0
99 122 68.0
99 123 69.0
99 124 70.0
99 125 71.0
99 4 72.0
99 8 73.0
;
param t_hat_lat:=
1 144 8.0
1 88 9.0
1 20 10.0
1 19 11.0
1 96 12.0
1 97 13.0
1 29 14.0
1 27 15.0
1 33 16.0
1 31 17.0
1 36 18.0
1 37 19.0
1 12 20.0
1 1 21.0
1 120 22.0
1 121 23.0
1 122 24.0
1 123 25.0
1 124 26.0
1 125 27.0
1 4 28.0
1 8 29.0
3 146 9.0
3 37 10.0
3 12 11.0
3 1 12.0
3 68 13.0
3 69 14.0
3 70 15.0
3 71 16.0
3 72 17.0
3 73 18.0
3 14 19.0
3 17 20.0
3 46 21.0
3 47 22.0
3 142 23.0
4 9 1.0
4 5 2.0
4 114 3.0
4 115 4.0
4 116 5.0
4 117 6.0
4 118 7.0
4 119 8.0
4 0 9.0
4 1 10.0
4 68 11.0
4 69 12.0
4 70 13.0
4 71 14.0
4 72 15.0
4 73 16.0
4 14 17.0
4 15 18.0
4 132 19.0
4 133 20.0
4 134 21.0
4 135 22.0
4 136 23.0
4 137 24.0
4 6 25.0
8 147 8.0
8 49 9.0
8 16 10.0
8 17 11.0
8 74 12.0
8 75 13.0
8 76 14.0
8 77 15.0
8 78 16.0
8 79 17.0
8 12 18.0
8 13 19.0
8 80 20.0
8 81 21.0
8 82 22.0
8 83 23.0
8 84 24.0
8 85 25.0
8 2 26.0
8 10 27.0
9 11 5.0
9 3 6.0
9 62 7.0
9 63 8.0
9 64 9.0
9 65 10.0
9 66 11.0
9 67 12.0
9 0 13.0
9 1 14.0
9 68 15.0
9 69 16.0
9 70 17.0
9 71 18.0
9 72 19.0
9 73 20.0
9 14 21.0
9 15 22.0
9 132 23.0
9 133 24.0
9 134 25.0
9 135 26.0
9 136 27.0
9 137 28.0
9 6 29.0
11 7 8.0
11 126 9.0
11 127 10.0
11 128 11.0
11 129 12.0
11 130 13.0
11 131 14.0
11 14 15.0
11 17 16.0
11 74 17.0
11 75 18.0
11 76 19.0
11 77 20.0
11 78 21.0
11 79 22.0
11 12 23.0
11 13 24.0
11 34 25.0
11 35 26.0
11 141 27.0
12 11 7.0
12 3 8.0
12 62 9.0
12 63 10.0
12 64 11.0
12 65 12.0
12 66 13.0
12 67 14.0
12 0 15.0
12 1 16.0
12 120 17.0
12 121 18.0
12 122 19.0
12 123 20.0
12 124 21.0
12 125 22.0
12 4 23.0
12 8 24.0
14 147 3.0
14 49 4.0
14 16 5.0
14 17 6.0
14 74 7.0
14 75 8.0
14 76 9.0
14 77 10.0
14 78 11.0
14 79 12.0
14 12 13.0
14 13 14.0
14 80 15.0
14 81 16.0
14 82 17.0
14 83 18.0
14 84 19.0
14 85 20.0
14 2 21.0
14 10 22.0
18 9 9.0
18 5 10.0
18 114 11.0
18 115 12.0
18 116 13.0
18 117 14.0
18 118 15.0
18 119 16.0
18 0 17.0
18 1 18.0
18 68 19.0
18 69 20.0
18 70 21.0
18 71 22.0
18 72 23.0
18 73 24.0
18 14 25.0
18 15 26.0
18 132 27.0
18 133 28.0
18 134 29.0
18 135 30.0
18 136 31.0
18 137 32.0
18 6 33.0
19 9 14.0
19 5 15.0
19 114 16.0
19 115 17.0
19 116 18.0
19 117 19.0
19 118 20.0
19 119 21.0
19 0 22.0
19 1 23.0
19 68 24.0
19 69 25.0
19 70 26.0
19 71 27.0
19 72 28.0
19 73 29.0
19 14 30.0
19 15 31.0
19 132 32.0
19 133 33.0
19 134 34.0
19 135 35.0
19 136 36.0
19 137 37.0
19 6 38.0
20 147 16.0
20 46 17.0
20 47 18.0
20 44 19.0
20 42 20.0
20 40 21.0
20 38 22.0
20 98 23.0
20 99 24.0
20 22 25.0
20 25 26.0
20 56 27.0
20 57 28.0
20 58 29.0
20 59 30.0
20 60 31.0
20 61 32.0
20 20 33.0
20 21 34.0
20 89 35.0
20 139 36.0
21 11 16.0
21 3 17.0
21 62 18.0
21 63 19.0
21 64 20.0
21 65 21.0
21 66 22.0
21 67 23.0
21 0 24.0
21 1 25.0
21 120 26.0
21 121 27.0
21 122 28.0
21 123 29.0
21 124 30.0
21 125 31.0
21 4 32.0
21 8 33.0
22 9 18.0
22 5 19.0
22 114 20.0
22 115 21.0
22 116 22.0
22 117 23.0
22 118 24.0
22 119 25.0
22 0 26.0
22 13 27.0
22 34 28.0
22 35 29.0
22 32 30.0
22 30 31.0
22 28 32.0
22 26 33.0
22 94 34.0
22 95 35.0
22 18 36.0
22 21 37.0
22 89 38.0
22 139 39.0
23 144 12.0
23 88 13.0
23 20 14.0
23 19 15.0
23 50 16.0
23 51 17.0
23 52 18.0
23 53 19.0
23 54 20.0
23 55 21.0
23 22 22.0
23 25 23.0
23 91 24.0
23 138 25.0
24 147 11.0
24 46 12.0
24 47 13.0
24 44 14.0
24 42 15.0
24 40 16.0
24 38 17.0
24 98 18.0
24 99 19.0
24 22 20.0
24 25 21.0
24 91 22.0
24 138 23.0
25 9 21.1
25 5 21.0
25 114 22.0
25 115 23.0
25 116 24.0
25 117 25.0
25 118 26.0
25 119 27.0
25 0 28.0
25 1 29.0
25 68 30.0
25 69 31.0
25 70 32.0
25 71 33.0
25 72 34.0
25 73 35.0
25 14 36.0
25 17 37.0
25 46 38.0
25 47 39.0
25 142 40.0
26 11 28.0
26 3 29.0
26 62 30.0
26 63 31.0
26 64 32.0
26 65 33.0
26 66 34.0
26 67 35.0
26 0 36.0
26 1 37.0
26 120 38.0
26 121 39.0
26 122 40.0
26 123 41.0
26 124 42.0
26 125 43.0
26 4 44.0
26 8 45.0
27 11 12.0
27 3 13.0
27 62 14.0
27 63 15.0
27 64 16.0
27 65 17.0
27 66 18.0
27 67 19.0
27 0 20.0
27 13 21.0
27 34 22.0
27 35 23.0
27 141 24.0
28 143 14.0
28 90 15.0
28 24 16.0
28 23 17.0
28 100 18.0
28 101 19.0
28 41 20.0
28 39 21.0
28 45 22.0
28 43 23.0
28 48 24.0
28 142 25.0
29 144 18.0
29 88 19.0
29 20 20.0
29 21 21.0
29 108 22.0
29 109 23.0
29 110 24.0
29 111 25.0
29 112 26.0
29 113 27.0
29 93 28.0
29 140 29.0
30 11 26.0
30 3 27.0
30 62 28.0
30 63 29.0
30 64 30.0
30 65 31.0
30 66 32.0
30 67 33.0
30 0 34.0
30 1 35.0
30 68 36.0
30 69 37.0
30 70 38.0
30 71 39.0
30 72 40.0
30 73 41.0
30 14 42.0
30 17 43.0
30 46 44.0
30 47 45.0
30 142 46.0
31 7 20.0
31 126 21.0
31 127 22.0
31 128 23.0
31 129 24.0
31 130 25.0
31 131 26.0
31 14 27.0
31 17 28.0
31 74 29.0
31 75 30.0
31 76 31.0
31 77 32.0
31 78 33.0
31 79 34.0
31 12 35.0
31 13 36.0
31 80 37.0
31 81 38.0
31 82 39.0
31 83 40.0
31 84 41.0
31 85 42.0
31 2 43.0
31 10 44.0
32 11 22.0
32 3 23.0
32 62 24.0
32 63 25.0
32 64 26.0
32 65 27.0
32 66 28.0
32 67 29.0
32 0 30.0
32 13 31.0
32 34 32.0
32 35 33.0
32 32 34.0
32 30 35.0
32 28 36.0
32 26 37.0
32 94 38.0
32 95 39.0
32 18 40.0
32 21 41.0
32 89 42.0
32 139 43.0
33 144 14.0
33 88 15.0
33 20 16.0
33 19 17.0
33 96 18.0
33 97 19.0
33 29 20.0
33 27 21.0
33 33 22.0
33 31 23.0
33 36 24.0
33 37 25.0
33 12 26.0
33 1 27.0
33 120 28.0
33 121 29.0
33 122 30.0
33 123 31.0
33 124 32.0
33 125 33.0
33 4 34.0
33 8 35.0
34 144 16.0
34 88 17.0
34 20 18.0
34 19 19.0
34 96 20.0
34 97 21.0
34 29 22.0
34 27 23.0
34 33 24.0
34 31 25.0
34 36 26.0
34 37 27.0
34 12 28.0
34 13 29.0
34 80 30.0
34 81 31.0
34 82 32.0
34 83 33.0
34 84 34.0
34 85 35.0
34 2 36.0
34 10 37.0
35 143 16.0
35 90 17.0
35 24 18.0
35 25 19.0
35 56 20.0
35 57 21.0
35 58 22.0
35 59 23.0
35 60 24.0
35 61 25.0
35 20 26.0
35 21 27.0
35 89 28.0
35 139 29.0
36 147 18.0
36 46 19.0
36 47 20.0
36 44 21.0
36 42 22.0
36 40 23.0
36 38 24.0
36 98 25.0
36 99 26.0
36 22 27.0
36 25 28.0
36 91 29.0
36 138 30.0
37 144 20.0
37 88 21.0
37 20 22.0
37 19 23.0
37 50 24.0
37 51 25.0
37 52 26.0
37 53 27.0
37 54 28.0
37 55 29.0
37 22 30.0
37 25 31.0
37 91 32.0
37 138 33.0
38 145 16.0
38 92 17.0
38 102 18.0
38 103 19.0
38 104 20.0
38 105 21.0
38 106 22.0
38 107 23.0
38 18 24.0
38 19 25.0
38 50 26.0
38 51 27.0
38 52 28.0
38 53 29.0
38 54 30.0
38 55 31.0
38 22 32.0
38 25 33.0
38 91 34.0
38 138 35.0
39 7 16.0
39 126 17.0
39 127 18.0
39 128 19.0
39 129 20.0
39 130 21.0
39 131 22.0
39 14 23.0
39 17 24.0
39 74 25.0
39 75 26.0
39 76 27.0
39 77 28.0
39 78 29.0
39 79 30.0
39 12 31.0
39 1 32.0
39 120 33.0
39 121 34.0
39 122 35.0
39 123 36.0
39 124 37.0
39 125 38.0
39 4 39.0
39 8 40.0
40 9 30.0
40 5 31.0
40 114 32.0
40 115 33.0
40 116 34.0
40 117 35.0
40 118 36.0
40 119 37.0
40 0 38.0
40 1 39.0
40 68 40.0
40 69 41.0
40 70 42.0
40 71 43.0
40 72 44.0
40 73 45.0
40 14 46.0
40 15 47.0
40 132 48.0
40 133 49.0
40 134 50.0
40 135 51.0
40 136 52.0
40 137 53.0
40 6 54.0
41 145 30.0
41 92 31.0
41 102 32.0
41 103 33.0
41 104 34.0
41 105 35.0
41 106 36.0
41 107 37.0
41 18 38.0
41 19 39.0
41 96 40.0
41 97 41.0
41 29 42.0
41 27 43.0
41 33 44.0
41 31 45.0
41 36 46.0
41 141 47.0
42 144 34.0
42 88 35.0
42 20 36.0
42 19 37.0
42 96 38.0
42 97 39.0
42 29 40.0
42 27 41.0
42 33 42.0
42 31 43.0
42 36 44.0
42 37 45.0
42 12 46.0
42 13 47.0
42 80 48.0
42 81 49.0
42 82 50.0
42 83 51.0
42 84 52.0
42 85 53.0
42 2 54.0
42 10 55.0
43 9 44.0
43 5 45.0
43 114 46.0
43 115 47.0
43 116 48.0
43 117 49.0
43 118 50.0
43 119 51.0
43 0 52.0
43 1 53.0
43 68 54.0
43 69 55.0
43 70 56.0
43 71 57.0
43 72 58.0
43 73 59.0
43 14 60.0
43 17 61.0
43 46 62.0
43 47 63.0
43 142 64.0
44 145 40.0
44 92 41.0
44 102 42.0
44 103 43.0
44 104 44.0
44 105 45.0
44 106 46.0
44 107 47.0
44 18 48.0
44 19 49.0
44 96 50.0
44 97 51.0
44 29 52.0
44 27 53.0
44 33 54.0
44 31 55.0
44 36 56.0
44 141 57.0
45 143 40.0
45 90 41.0
45 24 42.0
45 25 43.0
45 56 44.0
45 57 45.0
45 58 46.0
45 59 47.0
45 60 48.0
45 61 49.0
45 20 50.0
45 19 51.0
45 96 52.0
45 97 53.0
45 29 54.0
45 27 55.0
45 33 56.0
45 31 57.0
45 36 58.0
45 141 59.0
46 147 29.0
46 49 30.0
46 16 31.0
46 17 32.0
46 74 33.0
46 75 34.0
46 76 35.0
46 77 36.0
46 78 37.0
46 79 38.0
46 12 39.0
46 13 40.0
46 34 41.0
46 35 42.0
46 141 43.0
47 145 25.0
47 92 26.0
47 102 27.0
47 103 28.0
47 104 29.0
47 105 30.0
47 106 31.0
47 107 32.0
47 18 33.0
47 19 34.0
47 50 35.0
47 51 36.0
47 52 37.0
47 53 38.0
47 54 39.0
47 55 40.0
47 22 41.0
47 23 42.0
47 100 43.0
47 101 44.0
47 41 45.0
47 39 46.0
47 45 47.0
47 43 48.0
47 48 49.0
47 142 50.0
48 147 27.0
48 49 28.0
48 16 29.0
48 17 30.0
48 74 31.0
48 75 32.0
48 76 33.0
48 77 34.0
48 78 35.0
48 79 36.0
48 12 37.0
48 13 38.0
48 80 39.0
48 81 40.0
48 82 41.0
48 83 42.0
48 84 43.0
48 85 44.0
48 2 45.0
48 10 46.0
49 9 40.0
49 5 41.0
49 114 42.0
49 115 43.0
49 116 44.0
49 117 45.0
49 118 46.0
49 119 47.0
49 0 48.0
49 13 49.0
49 34 50.0
49 35 51.0
49 32 52.0
49 30 53.0
49 28 54.0
49 26 55.0
49 94 56.0
49 95 57.0
49 18 58.0
49 21 59.0
49 89 60.0
49 139 61.0
50 9 37.0
50 5 38.0
50 114 39.0
50 115 40.0
50 116 41.0
50 117 42.0
50 118 43.0
50 119 44.0
50 0 45.0
50 1 46.0
50 68 47.0
50 69 48.0
50 70 49.0
50 71 50.0
50 72 51.0
50 73 52.0
50 14 53.0
50 17 54.0
50 46 55.0
50 47 56.0
50 142 57.0
51 9 24.0
51 5 25.0
51 114 26.0
51 115 27.0
51 116 28.0
51 117 29.0
51 118 30.0
51 119 31.0
51 0 32.0
51 13 33.0
51 34 34.0
51 35 35.0
51 32 36.0
51 30 37.0
51 28 38.0
51 26 39.0
51 94 40.0
51 95 41.0
51 18 42.0
51 21 43.0
51 89 44.0
51 139 45.0
52 145 21.0
52 92 22.0
52 102 23.0
52 103 24.0
52 104 25.0
52 105 26.0
52 106 27.0
52 107 28.0
52 18 29.0
52 21 30.0
52 89 31.0
52 139 32.0
53 7 27.0
53 126 28.0
53 127 29.0
53 128 30.0
53 129 31.0
53 130 32.0
53 131 33.0
53 14 34.0
53 17 35.0
53 46 36.0
53 47 37.0
53 44 38.0
53 42 39.0
53 40 40.0
53 38 41.0
53 98 42.0
53 99 43.0
53 22 44.0
53 25 45.0
53 91 46.0
53 138 47.0
54 144 27.0
54 88 28.0
54 20 29.0
54 19 30.0
54 50 31.0
54 51 32.0
54 52 33.0
54 53 34.0
54 54 35.0
54 55 36.0
54 22 37.0
54 25 38.0
54 91 39.0
54 138 40.0
55 143 38.0
55 90 39.0
55 24 40.0
55 25 41.0
55 56 42.0
55 57 43.0
55 58 44.0
55 59 45.0
55 60 46.0
55 61 47.0
55 20 48.0
55 21 49.0
55 89 50.0
55 139 51.0
56 144 29.0
56 88 30.0
56 20 31.0
56 19 32.0
56 96 33.0
56 97 34.0
56 29 35.0
56 27 36.0
56 33 37.0
56 31 38.0
56 36 39.0
56 37 40.0
56 12 41.0
56 1 42.0
56 120 43.0
56 121 44.0
56 122 45.0
56 123 46.0
56 124 47.0
56 125 48.0
56 4 49.0
56 8 50.0
57 9 33.0
57 5 34.0
57 114 35.0
57 115 36.0
57 116 37.0
57 117 38.0
57 118 39.0
57 119 40.0
57 0 41.0
57 13 42.0
57 34 43.0
57 35 44.0
57 32 45.0
57 30 46.0
57 28 47.0
57 26 48.0
57 94 49.0
57 95 50.0
57 18 51.0
57 21 52.0
57 89 53.0
57 139 54.0
58 145 23.0
58 92 24.0
58 102 25.0
58 103 26.0
58 104 27.0
58 105 28.0
58 106 29.0
58 107 30.0
58 18 31.0
58 21 32.0
58 89 33.0
58 139 34.0
59 9 35.0
59 5 36.0
59 114 37.0
59 115 38.0
59 116 39.0
59 117 40.0
59 118 41.0
59 119 42.0
59 0 43.0
59 13 44.0
59 34 45.0
59 35 46.0
59 32 47.0
59 30 48.0
59 28 49.0
59 26 50.0
59 94 51.0
59 95 52.0
59 18 53.0
59 21 54.0
59 89 55.0
59 139 56.0
60 147 38.0
60 49 39.0
60 16 40.0
60 17 41.0
60 74 42.0
60 75 43.0
60 76 44.0
60 77 45.0
60 78 46.0
60 79 47.0
60 12 48.0
60 1 49.0
60 120 50.0
60 121 51.0
60 122 52.0
60 123 53.0
60 124 54.0
60 125 55.0
60 4 56.0
60 8 57.0
61 143 33.0
61 90 34.0
61 24 35.0
61 23 36.0
61 100 37.0
61 101 38.0
61 41 39.0
61 39 40.0
61 45 41.0
61 43 42.0
61 48 43.0
61 142 44.0
62 7 41.0
62 126 42.0
62 127 43.0
62 128 44.0
62 129 45.0
62 130 46.0
62 131 47.0
62 14 48.0
62 17 49.0
62 46 50.0
62 47 51.0
62 44 52.0
62 42 53.0
62 40 54.0
62 38 55.0
62 98 56.0
62 99 57.0
62 22 58.0
62 25 59.0
62 91 60.0
62 138 61.0
63 9 46.0
63 5 47.0
63 114 48.0
63 115 49.0
63 116 50.0
63 117 51.0
63 118 52.0
63 119 53.0
63 0 54.0
63 13 55.0
63 34 56.0
63 35 57.0
63 32 58.0
63 30 59.0
63 28 60.0
63 26 61.0
63 94 62.0
63 95 63.0
63 18 64.0
63 21 65.0
63 89 66.0
63 139 67.0
64 11 50.0
64 3 51.0
64 62 52.0
64 63 53.0
64 64 54.0
64 65 55.0
64 66 56.0
64 67 57.0
64 0 58.0
64 1 59.0
64 68 60.0
64 69 61.0
64 70 62.0
64 71 63.0
64 72 64.0
64 73 65.0
64 14 66.0
64 17 67.0
64 46 68.0
64 47 69.0
64 142 70.0
66 143 50.0
66 90 51.0
66 24 52.0
66 25 53.0
66 56 54.0
66 57 55.0
66 58 56.0
66 59 57.0
66 60 58.0
66 61 59.0
66 20 60.0
66 21 61.0
66 108 62.0
66 109 63.0
66 110 64.0
66 111 65.0
66 112 66.0
66 113 67.0
66 93 68.0
66 140 69.0
67 145 48.0
67 92 49.0
67 102 50.0
67 103 51.0
67 104 52.0
67 105 53.0
67 106 54.0
67 107 55.0
67 18 56.0
67 19 57.0
67 96 58.0
67 97 59.0
67 29 60.0
67 27 61.0
67 33 62.0
67 31 63.0
67 36 64.0
67 141 65.0
68 144 42.0
68 88 43.0
68 20 44.0
68 19 45.0
68 50 46.0
68 51 47.0
68 52 48.0
68 53 49.0
68 54 50.0
68 55 51.0
68 22 52.0
68 23 53.0
68 100 54.0
68 101 55.0
68 41 56.0
68 39 57.0
68 45 58.0
68 43 59.0
68 48 60.0
68 142 61.0
70 146 35.0
70 34 36.0
70 35 37.0
70 32 38.0
70 30 39.0
70 28 40.0
70 26 41.0
70 94 42.0
70 95 43.0
70 18 44.0
70 21 45.0
70 108 46.0
70 109 47.0
70 110 48.0
70 111 49.0
70 112 50.0
70 113 51.0
70 93 52.0
70 140 53.0
71 147 49.0
71 49 50.0
71 16 51.0
71 17 52.0
71 74 53.0
71 75 54.0
71 76 55.0
71 77 56.0
71 78 57.0
71 79 58.0
71 12 59.0
71 13 60.0
71 80 61.0
71 81 62.0
71 82 63.0
71 83 64.0
71 84 65.0
71 85 66.0
71 2 67.0
71 10 68.0
72 144 40.0
72 88 41.0
72 20 42.0
72 19 43.0
72 50 44.0
72 51 45.0
72 52 46.0
72 53 47.0
72 54 48.0
72 55 49.0
72 22 50.0
72 23 51.0
72 100 52.0
72 101 53.0
72 41 54.0
72 39 55.0
72 45 56.0
72 43 57.0
72 48 58.0
72 142 59.0
73 146 37.0
73 34 38.0
73 35 39.0
73 32 40.0
73 30 41.0
73 28 42.0
73 26 43.0
73 94 44.0
73 95 45.0
73 18 46.0
73 21 47.0
73 89 48.0
73 139 49.0
74 143 36.0
74 90 37.0
74 24 38.0
74 23 39.0
74 100 40.0
74 101 41.0
74 41 42.0
74 39 43.0
74 45 44.0
74 43 45.0
74 48 46.0
74 49 47.0
74 16 48.0
74 15 49.0
74 132 50.0
74 133 51.0
74 134 52.0
74 135 53.0
74 136 54.0
74 137 55.0
74 6 56.0
75 7 37.0
75 126 38.0
75 127 39.0
75 128 40.0
75 129 41.0
75 130 42.0
75 131 43.0
75 14 44.0
75 17 45.0
75 46 46.0
75 47 47.0
75 142 48.0
76 146 50.0
76 37 51.0
76 12 52.0
76 13 53.0
76 80 54.0
76 81 55.0
76 82 56.0
76 83 57.0
76 84 58.0
76 85 59.0
76 2 60.0
76 10 61.0
77 7 31.0
77 126 32.0
77 127 33.0
77 128 34.0
77 129 35.0
77 130 36.0
77 131 37.0
77 14 38.0
77 17 39.0
77 46 40.0
77 47 41.0
77 142 42.0
78 146 41.0
78 37 42.0
78 12 43.0
78 1 44.0
78 68 45.0
78 69 46.0
78 70 47.0
78 71 48.0
78 72 49.0
78 73 50.0
78 14 51.0
78 15 52.0
78 132 53.0
78 133 54.0
78 134 55.0
78 135 56.0
78 136 57.0
78 137 58.0
78 6 59.0
79 144 38.0
79 88 39.0
79 20 40.0
79 19 41.0
79 50 42.0
79 51 43.0
79 52 44.0
79 53 45.0
79 54 46.0
79 55 47.0
79 22 48.0
79 25 49.0
79 91 50.0
79 138 51.0
81 143 44.0
81 90 45.0
81 24 46.0
81 25 47.0
81 56 48.0
81 57 49.0
81 58 50.0
81 59 51.0
81 60 52.0
81 61 53.0
81 20 54.0
81 19 55.0
81 96 56.0
81 97 57.0
81 29 58.0
81 27 59.0
81 33 60.0
81 31 61.0
81 36 62.0
81 141 63.0
88 147 44.0
88 49 45.0
88 16 46.0
88 17 47.0
88 74 48.0
88 75 49.0
88 76 50.0
88 77 51.0
88 78 52.0
88 79 53.0
88 12 54.0
88 1 55.0
88 120 56.0
88 121 57.0
88 122 58.0
88 123 59.0
88 124 60.0
88 125 61.0
88 4 62.0
88 8 63.0
90 11 48.0
90 3 49.0
90 62 50.0
90 63 51.0
90 64 52.0
90 65 53.0
90 66 54.0
90 67 55.0
90 0 56.0
90 1 57.0
90 68 58.0
90 69 59.0
90 70 60.0
90 71 61.0
90 72 62.0
90 73 63.0
90 14 64.0
90 17 65.0
90 46 66.0
90 47 67.0
90 142 68.0
91 143 42.0
91 90 43.0
91 24 44.0
91 23 45.0
91 100 46.0
91 101 47.0
91 41 48.0
91 39 49.0
91 45 50.0
91 43 51.0
91 48 52.0
91 142 53.0
92 9 42.0
92 5 43.0
92 114 44.0
92 115 45.0
92 116 46.0
92 117 47.0
92 118 48.0
92 119 49.0
92 0 50.0
92 13 51.0
92 34 52.0
92 35 53.0
92 141 54.0
93 143 46.0
93 90 47.0
93 24 48.0
93 23 49.0
93 100 50.0
93 101 51.0
93 41 52.0
93 39 53.0
93 45 54.0
93 43 55.0
93 48 56.0
93 49 57.0
93 16 58.0
93 15 59.0
93 132 60.0
93 133 61.0
93 134 62.0
93 135 63.0
93 136 64.0
93 137 65.0
93 6 66.0
97 144 44.0
97 88 45.0
97 20 46.0
97 19 47.0
97 50 48.0
97 51 49.0
97 52 50.0
97 53 51.0
97 54 52.0
97 55 53.0
97 22 54.0
97 25 55.0
97 91 56.0
97 138 57.0
98 144 50.0
98 88 51.0
98 20 52.0
98 19 53.0
98 96 54.0
98 97 55.0
98 29 56.0
98 27 57.0
98 33 58.0
98 31 59.0
98 36 60.0
98 37 61.0
98 12 62.0
98 1 63.0
98 120 64.0
98 121 65.0
98 122 66.0
98 123 67.0
98 124 68.0
98 125 69.0
98 4 70.0
98 8 71.0
99 7 50.0
99 126 51.0
99 127 52.0
99 128 53.0
99 129 54.0
99 130 55.0
99 131 56.0
99 14 57.0
99 17 58.0
99 74 59.0
99 75 60.0
99 76 61.0
99 77 62.0
99 78 63.0
99 79 64.0
99 12 65.0
99 1 66.0
99 120 67.0
99 121 68.0
99 122 69.0
99 123 70.0
99 124 71.0
99 125 72.0
99 4 73.0
99 8 74.0
;
set fixedFlights :=
4 0 1
9 0 1
12 0 1
18 0 1
19 0 1
21 0 1
26 0 1
30 0 1
40 0 1
43 0 1
50 0 1
51 0 1
64 0 1
90 0 1
8 2 10
14 2 10
31 2 10
34 2 10
42 2 10
48 2 10
71 2 10
76 2 10
9 11 3
12 11 3
21 11 3
26 11 3
27 11 3
30 11 3
32 11 3
64 11 3
90 11 3
1 4 8
12 4 8
21 4 8
26 4 8
33 4 8
39 4 8
56 4 8
60 4 8
88 4 8
98 4 8
99 4 8
4 9 5
18 9 5
19 9 5
22 9 5
40 9 5
43 9 5
49 9 5
50 9 5
51 9 5
57 9 5
59 9 5
63 9 5
92 9 5
8 12 13
11 12 13
14 12 13
31 12 13
34 12 13
42 12 13
45 12 13
46 12 13
48 12 13
71 12 13
76 12 13
81 12 13
22 0 13
27 0 13
32 0 13
49 0 13
57 0 13
59 0 13
63 0 13
92 0 13
1 12 1
3 12 1
33 12 1
39 12 1
56 12 1
60 12 1
78 12 1
88 12 1
98 12 1
99 12 1
4 14 15
9 14 15
18 14 15
19 14 15
40 14 15
78 14 15
8 16 17
14 16 17
45 16 17
46 16 17
48 16 17
60 16 17
71 16 17
81 16 17
88 16 17
3 14 17
11 14 17
30 14 17
31 14 17
39 14 17
43 14 17
50 14 17
51 14 17
53 14 17
62 14 17
64 14 17
75 14 17
77 14 17
90 14 17
99 14 17
74 16 15
93 16 15
38 18 19
41 18 19
44 18 19
47 18 19
67 18 19
20 20 21
29 20 21
35 20 21
51 20 21
55 20 21
66 20 21
22 18 21
32 18 21
49 18 21
52 18 21
57 18 21
58 18 21
59 18 21
63 18 21
70 18 21
73 18 21
1 20 19
23 20 19
33 20 19
34 20 19
37 20 19
42 20 19
54 20 19
56 20 19
68 20 19
72 20 19
79 20 19
97 20 19
98 20 19
47 22 23
68 22 23
72 22 23
35 24 25
55 24 25
66 24 25
20 22 25
23 22 25
24 22 25
36 22 25
37 22 25
38 22 25
51 22 25
53 22 25
54 22 25
62 22 25
79 22 25
97 22 25
28 24 23
45 24 23
61 24 23
74 24 23
81 24 23
91 24 23
93 24 23
11 13 34
22 13 34
27 13 34
32 13 34
45 13 34
46 13 34
49 13 34
57 13 34
59 13 34
63 13 34
81 13 34
92 13 34
11 34 35
22 34 35
27 34 35
32 34 35
45 34 35
46 34 35
49 34 35
57 34 35
59 34 35
63 34 35
70 34 35
73 34 35
81 34 35
92 34 35
22 35 32
32 35 32
49 35 32
57 35 32
59 35 32
63 35 32
70 35 32
73 35 32
22 32 30
32 32 30
49 32 30
57 32 30
59 32 30
63 32 30
70 32 30
73 32 30
22 30 28
32 30 28
49 30 28
57 30 28
59 30 28
63 30 28
70 30 28
73 30 28
22 28 26
32 28 26
49 28 26
57 28 26
59 28 26
63 28 26
70 28 26
73 28 26
1 29 27
33 29 27
34 29 27
41 29 27
42 29 27
44 29 27
56 29 27
67 29 27
98 29 27
1 27 33
33 27 33
34 27 33
41 27 33
42 27 33
44 27 33
56 27 33
67 27 33
98 27 33
1 33 31
33 33 31
34 33 31
41 33 31
42 33 31
44 33 31
56 33 31
67 33 31
98 33 31
1 31 36
33 31 36
34 31 36
41 31 36
42 31 36
44 31 36
56 31 36
67 31 36
98 31 36
1 36 37
33 36 37
34 36 37
42 36 37
56 36 37
98 36 37
1 37 12
3 37 12
33 37 12
34 37 12
42 37 12
56 37 12
76 37 12
78 37 12
98 37 12
3 17 46
30 17 46
43 17 46
50 17 46
51 17 46
53 17 46
62 17 46
64 17 46
75 17 46
77 17 46
90 17 46
3 46 47
20 46 47
24 46 47
30 46 47
36 46 47
43 46 47
50 46 47
51 46 47
53 46 47
62 46 47
64 46 47
75 46 47
77 46 47
90 46 47
20 47 44
24 47 44
36 47 44
51 47 44
53 47 44
62 47 44
20 44 42
24 44 42
36 44 42
51 44 42
53 44 42
62 44 42
20 42 40
24 42 40
36 42 40
51 42 40
53 42 40
62 42 40
20 40 38
24 40 38
36 40 38
51 40 38
53 40 38
62 40 38
28 41 39
45 41 39
47 41 39
61 41 39
68 41 39
72 41 39
74 41 39
81 41 39
91 41 39
93 41 39
28 39 45
45 39 45
47 39 45
61 39 45
68 39 45
72 39 45
74 39 45
81 39 45
91 39 45
93 39 45
28 45 43
45 45 43
47 45 43
61 45 43
68 45 43
72 45 43
74 45 43
81 45 43
91 45 43
93 45 43
28 43 48
45 43 48
47 43 48
61 43 48
68 43 48
72 43 48
74 43 48
81 43 48
91 43 48
93 43 48
45 48 49
74 48 49
81 48 49
93 48 49
8 49 16
14 49 16
45 49 16
46 49 16
48 49 16
60 49 16
71 49 16
74 49 16
81 49 16
88 49 16
93 49 16
23 19 50
37 19 50
38 19 50
47 19 50
54 19 50
68 19 50
72 19 50
79 19 50
97 19 50
23 50 51
37 50 51
38 50 51
47 50 51
54 50 51
68 50 51
72 50 51
79 50 51
97 50 51
23 51 52
37 51 52
38 51 52
47 51 52
54 51 52
68 51 52
72 51 52
79 51 52
97 51 52
23 52 53
37 52 53
38 52 53
47 52 53
54 52 53
68 52 53
72 52 53
79 52 53
97 52 53
23 53 54
37 53 54
38 53 54
47 53 54
54 53 54
68 53 54
72 53 54
79 53 54
97 53 54
23 54 55
37 54 55
38 54 55
47 54 55
54 54 55
68 54 55
72 54 55
79 54 55
97 54 55
23 55 22
37 55 22
38 55 22
47 55 22
54 55 22
68 55 22
72 55 22
79 55 22
97 55 22
20 25 56
35 25 56
51 25 56
55 25 56
66 25 56
20 56 57
35 56 57
51 56 57
55 56 57
66 56 57
20 57 58
35 57 58
51 57 58
55 57 58
66 57 58
20 58 59
35 58 59
51 58 59
55 58 59
66 58 59
20 59 60
35 59 60
51 59 60
55 59 60
66 59 60
20 60 61
35 60 61
51 60 61
55 60 61
66 60 61
20 61 20
35 61 20
51 61 20
55 61 20
66 61 20
9 3 62
12 3 62
21 3 62
26 3 62
27 3 62
30 3 62
32 3 62
64 3 62
90 3 62
9 62 63
12 62 63
21 62 63
26 62 63
27 62 63
30 62 63
32 62 63
64 62 63
90 62 63
9 63 64
12 63 64
21 63 64
26 63 64
27 63 64
30 63 64
32 63 64
64 63 64
90 63 64
9 64 65
12 64 65
21 64 65
26 64 65
27 64 65
30 64 65
32 64 65
64 64 65
90 64 65
9 65 66
12 65 66
21 65 66
26 65 66
27 65 66
30 65 66
32 65 66
64 65 66
90 65 66
9 66 67
12 66 67
21 66 67
26 66 67
27 66 67
30 66 67
32 66 67
64 66 67
90 66 67
9 67 0
12 67 0
21 67 0
26 67 0
27 67 0
30 67 0
32 67 0
64 67 0
90 67 0
3 1 68
4 1 68
9 1 68
18 1 68
19 1 68
30 1 68
40 1 68
43 1 68
50 1 68
51 1 68
64 1 68
78 1 68
90 1 68
3 68 69
4 68 69
9 68 69
18 68 69
19 68 69
30 68 69
40 68 69
43 68 69
50 68 69
51 68 69
64 68 69
78 68 69
90 68 69
3 69 70
4 69 70
9 69 70
18 69 70
19 69 70
30 69 70
40 69 70
43 69 70
50 69 70
51 69 70
64 69 70
78 69 70
90 69 70
3 70 71
4 70 71
9 70 71
18 70 71
19 70 71
30 70 71
40 70 71
43 70 71
50 70 71
51 70 71
64 70 71
78 70 71
90 70 71
3 71 72
4 71 72
9 71 72
18 71 72
19 71 72
30 71 72
40 71 72
43 71 72
50 71 72
51 71 72
64 71 72
78 71 72
90 71 72
3 72 73
4 72 73
9 72 73
18 72 73
19 72 73
30 72 73
40 72 73
43 72 73
50 72 73
51 72 73
64 72 73
78 72 73
90 72 73
3 73 14
4 73 14
9 73 14
18 73 14
19 73 14
30 73 14
40 73 14
43 73 14
50 73 14
51 73 14
64 73 14
78 73 14
90 73 14
8 17 74
11 17 74
14 17 74
31 17 74
39 17 74
45 17 74
46 17 74
48 17 74
60 17 74
71 17 74
81 17 74
88 17 74
99 17 74
8 74 75
11 74 75
14 74 75
31 74 75
39 74 75
45 74 75
46 74 75
48 74 75
60 74 75
71 74 75
81 74 75
88 74 75
99 74 75
8 75 76
11 75 76
14 75 76
31 75 76
39 75 76
45 75 76
46 75 76
48 75 76
60 75 76
71 75 76
81 75 76
88 75 76
99 75 76
8 76 77
11 76 77
14 76 77
31 76 77
39 76 77
45 76 77
46 76 77
48 76 77
60 76 77
71 76 77
81 76 77
88 76 77
99 76 77
8 77 78
11 77 78
14 77 78
31 77 78
39 77 78
45 77 78
46 77 78
48 77 78
60 77 78
71 77 78
81 77 78
88 77 78
99 77 78
8 78 79
11 78 79
14 78 79
31 78 79
39 78 79
45 78 79
46 78 79
48 78 79
60 78 79
71 78 79
81 78 79
88 78 79
99 78 79
8 79 12
11 79 12
14 79 12
31 79 12
39 79 12
45 79 12
46 79 12
48 79 12
60 79 12
71 79 12
81 79 12
88 79 12
99 79 12
8 13 80
14 13 80
31 13 80
34 13 80
42 13 80
48 13 80
71 13 80
76 13 80
8 80 81
14 80 81
31 80 81
34 80 81
42 80 81
48 80 81
71 80 81
76 80 81
8 81 82
14 81 82
31 81 82
34 81 82
42 81 82
48 81 82
71 81 82
76 81 82
8 82 83
14 82 83
31 82 83
34 82 83
42 82 83
48 82 83
71 82 83
76 82 83
8 83 84
14 83 84
31 83 84
34 83 84
42 83 84
48 83 84
71 83 84
76 83 84
8 84 85
14 84 85
31 84 85
34 84 85
42 84 85
48 84 85
71 84 85
76 84 85
8 85 2
14 85 2
31 85 2
34 85 2
42 85 2
48 85 2
71 85 2
76 85 2
22 26 94
32 26 94
49 26 94
57 26 94
59 26 94
63 26 94
70 26 94
73 26 94
22 94 95
32 94 95
49 94 95
57 94 95
59 94 95
63 94 95
70 94 95
73 94 95
22 95 18
32 95 18
49 95 18
57 95 18
59 95 18
63 95 18
70 95 18
73 95 18
1 19 96
33 19 96
34 19 96
41 19 96
42 19 96
44 19 96
56 19 96
67 19 96
98 19 96
1 96 97
33 96 97
34 96 97
41 96 97
42 96 97
44 96 97
56 96 97
67 96 97
98 96 97
1 97 29
33 97 29
34 97 29
41 97 29
42 97 29
44 97 29
56 97 29
67 97 29
98 97 29
20 38 98
24 38 98
36 38 98
51 38 98
53 38 98
62 38 98
20 98 99
24 98 99
36 98 99
51 98 99
53 98 99
62 98 99
20 99 22
24 99 22
36 99 22
51 99 22
53 99 22
62 99 22
28 23 100
45 23 100
47 23 100
61 23 100
68 23 100
72 23 100
74 23 100
81 23 100
91 23 100
93 23 100
28 100 101
45 100 101
47 100 101
61 100 101
68 100 101
72 100 101
74 100 101
81 100 101
91 100 101
93 100 101
28 101 41
45 101 41
47 101 41
61 101 41
68 101 41
72 101 41
74 101 41
81 101 41
91 101 41
93 101 41
38 92 102
41 92 102
44 92 102
47 92 102
52 92 102
58 92 102
67 92 102
38 102 103
41 102 103
44 102 103
47 102 103
52 102 103
58 102 103
67 102 103
38 103 104
41 103 104
44 103 104
47 103 104
52 103 104
58 103 104
67 103 104
38 104 105
41 104 105
44 104 105
47 104 105
52 104 105
58 104 105
67 104 105
38 105 106
41 105 106
44 105 106
47 105 106
52 105 106
58 105 106
67 105 106
38 106 107
41 106 107
44 106 107
47 106 107
52 106 107
58 106 107
67 106 107
38 107 18
41 107 18
44 107 18
47 107 18
52 107 18
58 107 18
67 107 18
29 21 108
66 21 108
70 21 108
29 108 109
66 108 109
70 108 109
29 109 110
66 109 110
70 109 110
29 110 111
66 110 111
70 110 111
29 111 112
66 111 112
70 111 112
29 112 113
66 112 113
70 112 113
29 113 93
66 113 93
70 113 93
20 21 89
22 21 89
32 21 89
35 21 89
49 21 89
51 21 89
52 21 89
55 21 89
57 21 89
58 21 89
59 21 89
63 21 89
73 21 89
1 88 20
23 88 20
29 88 20
33 88 20
34 88 20
37 88 20
42 88 20
54 88 20
56 88 20
68 88 20
72 88 20
79 88 20
97 88 20
98 88 20
23 25 91
24 25 91
36 25 91
37 25 91
38 25 91
53 25 91
54 25 91
62 25 91
79 25 91
97 25 91
28 90 24
35 90 24
45 90 24
55 90 24
61 90 24
66 90 24
74 90 24
81 90 24
91 90 24
93 90 24
4 5 114
18 5 114
19 5 114
22 5 114
40 5 114
43 5 114
49 5 114
50 5 114
51 5 114
57 5 114
59 5 114
63 5 114
92 5 114
4 114 115
18 114 115
19 114 115
22 114 115
40 114 115
43 114 115
49 114 115
50 114 115
51 114 115
57 114 115
59 114 115
63 114 115
92 114 115
4 115 116
18 115 116
19 115 116
22 115 116
40 115 116
43 115 116
49 115 116
50 115 116
51 115 116
57 115 116
59 115 116
63 115 116
92 115 116
4 116 117
18 116 117
19 116 117
22 116 117
40 116 117
43 116 117
49 116 117
50 116 117
51 116 117
57 116 117
59 116 117
63 116 117
92 116 117
4 117 118
18 117 118
19 117 118
22 117 118
40 117 118
43 117 118
49 117 118
50 117 118
51 117 118
57 117 118
59 117 118
63 117 118
92 117 118
4 118 119
18 118 119
19 118 119
22 118 119
40 118 119
43 118 119
49 118 119
50 118 119
51 118 119
57 118 119
59 118 119
63 118 119
92 118 119
4 119 0
18 119 0
19 119 0
22 119 0
40 119 0
43 119 0
49 119 0
50 119 0
51 119 0
57 119 0
59 119 0
63 119 0
92 119 0
1 1 120
12 1 120
21 1 120
26 1 120
33 1 120
39 1 120
56 1 120
60 1 120
88 1 120
98 1 120
99 1 120
1 120 121
12 120 121
21 120 121
26 120 121
33 120 121
39 120 121
56 120 121
60 120 121
88 120 121
98 120 121
99 120 121
1 121 122
12 121 122
21 121 122
26 121 122
33 121 122
39 121 122
56 121 122
60 121 122
88 121 122
98 121 122
99 121 122
1 122 123
12 122 123
21 122 123
26 122 123
33 122 123
39 122 123
56 122 123
60 122 123
88 122 123
98 122 123
99 122 123
1 123 124
12 123 124
21 123 124
26 123 124
33 123 124
39 123 124
56 123 124
60 123 124
88 123 124
98 123 124
99 123 124
1 124 125
12 124 125
21 124 125
26 124 125
33 124 125
39 124 125
56 124 125
60 124 125
88 124 125
98 124 125
99 124 125
1 125 4
12 125 4
21 125 4
26 125 4
33 125 4
39 125 4
56 125 4
60 125 4
88 125 4
98 125 4
99 125 4
11 7 126
31 7 126
39 7 126
53 7 126
62 7 126
75 7 126
77 7 126
99 7 126
11 126 127
31 126 127
39 126 127
53 126 127
62 126 127
75 126 127
77 126 127
99 126 127
11 127 128
31 127 128
39 127 128
53 127 128
62 127 128
75 127 128
77 127 128
99 127 128
11 128 129
31 128 129
39 128 129
53 128 129
62 128 129
75 128 129
77 128 129
99 128 129
11 129 130
31 129 130
39 129 130
53 129 130
62 129 130
75 129 130
77 129 130
99 129 130
11 130 131
31 130 131
39 130 131
53 130 131
62 130 131
75 130 131
77 130 131
99 130 131
11 131 14
31 131 14
39 131 14
53 131 14
62 131 14
75 131 14
77 131 14
99 131 14
4 15 132
9 15 132
18 15 132
19 15 132
40 15 132
74 15 132
78 15 132
93 15 132
4 132 133
9 132 133
18 132 133
19 132 133
40 132 133
74 132 133
78 132 133
93 132 133
4 133 134
9 133 134
18 133 134
19 133 134
40 133 134
74 133 134
78 133 134
93 133 134
4 134 135
9 134 135
18 134 135
19 134 135
40 134 135
74 134 135
78 134 135
93 134 135
4 135 136
9 135 136
18 135 136
19 135 136
40 135 136
74 135 136
78 135 136
93 135 136
4 136 137
9 136 137
18 136 137
19 136 137
40 136 137
74 136 137
78 136 137
93 136 137
4 137 6
9 137 6
18 137 6
19 137 6
40 137 6
74 137 6
78 137 6
93 137 6
1 144 88
23 144 88
29 144 88
33 144 88
34 144 88
37 144 88
42 144 88
54 144 88
56 144 88
68 144 88
72 144 88
79 144 88
97 144 88
98 144 88
28 143 90
35 143 90
45 143 90
55 143 90
61 143 90
66 143 90
74 143 90
81 143 90
91 143 90
93 143 90
38 145 92
41 145 92
44 145 92
47 145 92
52 145 92
58 145 92
67 145 92
29 93 140
66 93 140
70 93 140
20 89 139
22 89 139
32 89 139
35 89 139
49 89 139
51 89 139
52 89 139
55 89 139
57 89 139
58 89 139
59 89 139
63 89 139
73 89 139
23 91 138
24 91 138
36 91 138
37 91 138
38 91 138
53 91 138
54 91 138
62 91 138
79 91 138
97 91 138
28 48 142
47 48 142
61 48 142
68 48 142
72 48 142
91 48 142
3 47 142
30 47 142
43 47 142
50 47 142
64 47 142
75 47 142
77 47 142
90 47 142
41 36 141
44 36 141
67 36 141
11 35 141
27 35 141
45 35 141
46 35 141
81 35 141
92 35 141
3 146 37
76 146 37
78 146 37
70 146 34
73 146 34
20 147 46
24 147 46
36 147 46
8 147 49
14 147 49
46 147 49
48 147 49
60 147 49
71 147 49
88 147 49
;
;
set inFlight:=
1
3
4
8
9
11
12
14
18
19
20
21
22
23
24
27
28
29
31
33
34
35
36
37
38
39
52
;
param tini := 20.1;
