param nn:= 148;
set F:=
37
40
42
45
51
52
53
55
60
61
62
64
65
66
67
68
69
71
72
73
74
76
77
78
79
80
82
83
85
87
88
99
;
param: E: d:=
0 1 2.500000
2 10 1.500000
11 3 1.500000
4 8 1.500000
9 5 1.500000
12 13 2.500000
0 13 2.500000
12 1 2.500000
14 15 2.500000
16 17 2.500000
14 17 2.500000
16 15 2.500000
18 19 2.500000
20 21 2.500000
18 21 2.500000
20 19 2.500000
22 23 2.500000
24 25 2.500000
22 25 2.500000
24 23 2.500000
13 34 2.500000
34 35 2.500000
35 32 2.500000
32 30 2.500000
30 28 2.500000
28 26 2.500000
29 27 2.500000
27 33 2.500000
33 31 2.500000
31 36 2.500000
36 37 2.500000
37 12 2.500000
17 46 2.500000
46 47 2.500000
47 44 2.500000
44 42 2.500000
42 40 2.500000
40 38 2.500000
41 39 2.500000
39 45 2.500000
45 43 2.500000
43 48 2.500000
48 49 2.500000
49 16 2.500000
19 50 2.500000
50 51 2.500000
51 52 2.500000
52 53 2.500000
53 54 2.500000
54 55 2.500000
55 22 2.500000
25 56 2.500000
56 57 2.500000
57 58 2.500000
58 59 2.500000
59 60 2.500000
60 61 2.500000
61 20 2.500000
3 62 2.500000
62 63 2.500000
63 64 2.500000
64 65 2.500000
65 66 2.500000
66 67 2.500000
67 0 2.500000
1 68 2.500000
68 69 2.500000
69 70 2.500000
70 71 2.500000
71 72 2.500000
72 73 2.500000
73 14 2.500000
17 74 2.500000
74 75 2.500000
75 76 2.500000
76 77 2.500000
77 78 2.500000
78 79 2.500000
79 12 2.500000
13 80 2.500000
80 81 2.500000
81 82 2.500000
82 83 2.500000
83 84 2.500000
84 85 2.500000
85 2 2.500000
26 94 2.500000
94 95 2.500000
95 18 2.500000
19 96 2.500000
96 97 2.500000
97 29 2.500000
38 98 2.500000
98 99 2.500000
99 22 2.500000
23 100 2.500000
100 101 2.500000
101 41 2.500000
92 102 2.500000
102 103 2.500000
103 104 2.500000
104 105 2.500000
105 106 2.500000
106 107 2.500000
107 18 2.500000
21 108 2.500000
108 109 2.500000
109 110 2.500000
110 111 2.500000
111 112 2.500000
112 113 2.500000
113 93 2.500000
21 89 2.500000
88 20 2.500000
25 91 2.500000
90 24 2.500000
5 114 2.500000
114 115 2.500000
115 116 2.500000
116 117 2.500000
117 118 2.500000
118 119 2.500000
119 0 2.500000
1 120 2.500000
120 121 2.500000
121 122 2.500000
122 123 2.500000
123 124 2.500000
124 125 2.500000
125 4 2.500000
7 126 1.500000
126 127 2.500000
127 128 2.500000
128 129 2.500000
129 130 2.500000
130 131 2.500000
131 14 2.500000
15 132 2.500000
132 133 2.500000
133 134 2.500000
134 135 2.500000
135 136 2.500000
136 137 2.500000
137 6 1.500000
87 6 1.500000
7 86 1.500000
144 88 1.500000
143 90 1.500000
145 92 1.500000
93 140 1.500000
89 139 1.500000
91 138 1.500000
48 142 1.500000
47 142 1.500000
36 141 1.500000
35 141 1.500000
146 37 1.500000
146 34 1.500000
147 46 1.500000
147 49 1.500000
;
param s:=
37 146
40 11
42 145
45 7
51 144
52 7
53 11
55 11
60 144
61 147
62 145
64 11
65 144
66 146
67 9
68 143
69 145
71 147
72 145
73 147
74 143
76 147
77 146
78 11
79 145
80 144
82 143
83 147
85 11
87 9
88 9
99 144
;
param e:=
37 140
40 6
42 142
45 10
51 8
52 141
53 6
55 142
60 141
61 8
62 138
64 139
65 8
66 142
67 141
68 141
69 138
71 8
72 141
73 139
74 6
76 10
77 140
78 139
79 138
80 8
82 142
83 138
85 6
87 142
88 10
99 142
;
param v_min:=2.375
;
param v_max:=2.625
;
param :conflictsNodes: angle:=
0 1 13 1.000000
0 13 1 1.000000
0 1 67 1.000000
0 67 1 1.000000
0 1 119 1.000000
0 119 1 1.000000
0 13 67 1.000000
0 67 13 1.000000
0 13 119 1.000000
0 119 13 1.000000
0 67 119 1.000000
0 119 67 1.000000
1 0 68 1.000000
1 68 0 1.000000
1 0 120 1.000000
1 120 0 1.000000
1 0 12 1.000000
1 12 0 1.000000
1 68 120 1.000000
1 120 68 1.000000
1 12 68 1.000000
1 68 12 1.000000
1 12 120 1.000000
1 120 12 1.000000
12 13 37 1.000000
12 37 13 1.000000
12 13 79 1.000000
12 79 13 1.000000
12 1 13 1.000000
12 13 1 1.000000
12 1 37 1.000000
12 37 1 1.000000
12 1 79 1.000000
12 79 1 1.000000
12 37 79 1.000000
12 79 37 1.000000
13 0 12 1.000000
13 12 0 1.000000
13 0 34 1.000000
13 34 0 1.000000
13 0 80 1.000000
13 80 0 1.000000
13 12 34 1.000000
13 34 12 1.000000
13 12 80 1.000000
13 80 12 1.000000
13 34 80 1.000000
13 80 34 1.000000
14 15 17 1.000000
14 17 15 1.000000
14 15 73 1.000000
14 73 15 1.000000
14 15 131 1.000000
14 131 15 1.000000
14 17 73 1.000000
14 73 17 1.000000
14 17 131 1.000000
14 131 17 1.000000
14 73 131 1.000000
14 131 73 1.000000
15 14 132 1.000000
15 132 14 1.000000
15 14 16 1.000000
15 16 14 1.000000
15 16 132 1.000000
15 132 16 1.000000
16 17 49 1.000000
16 49 17 1.000000
16 15 17 1.000000
16 17 15 1.000000
16 15 49 1.000000
16 49 15 1.000000
17 14 16 1.000000
17 16 14 1.000000
17 14 46 1.000000
17 46 14 1.000000
17 14 74 1.000000
17 74 14 1.000000
17 16 46 1.000000
17 46 16 1.000000
17 16 74 1.000000
17 74 16 1.000000
17 46 74 1.000000
17 74 46 1.000000
18 19 21 1.000000
18 21 19 1.000000
18 19 95 1.000000
18 95 19 1.000000
18 19 107 1.000000
18 107 19 1.000000
18 21 95 1.000000
18 95 21 1.000000
18 21 107 1.000000
18 107 21 1.000000
18 95 107 1.000000
18 107 95 1.000000
19 18 50 1.000000
19 50 18 1.000000
19 18 96 1.000000
19 96 18 1.000000
19 18 20 1.000000
19 20 18 1.000000
19 50 96 1.000000
19 96 50 1.000000
19 20 50 1.000000
19 50 20 1.000000
19 20 96 1.000000
19 96 20 1.000000
20 21 61 1.000000
20 61 21 1.000000
20 21 88 1.000000
20 88 21 1.000000
20 19 21 1.000000
20 21 19 1.000000
20 19 61 1.000000
20 61 19 1.000000
20 19 88 1.000000
20 88 19 1.000000
20 61 88 1.000000
20 88 61 1.000000
21 18 20 1.000000
21 20 18 1.000000
21 18 108 1.000000
21 108 18 1.000000
21 18 89 1.000000
21 89 18 1.000000
21 20 108 1.000000
21 108 20 1.000000
21 20 89 1.000000
21 89 20 1.000000
21 89 108 1.000000
21 108 89 1.000000
22 23 25 1.000000
22 25 23 1.000000
22 23 55 1.000000
22 55 23 1.000000
22 23 99 1.000000
22 99 23 1.000000
22 25 55 1.000000
22 55 25 1.000000
22 25 99 1.000000
22 99 25 1.000000
22 55 99 1.000000
22 99 55 1.000000
23 22 100 1.000000
23 100 22 1.000000
23 22 24 1.000000
23 24 22 1.000000
23 24 100 1.000000
23 100 24 1.000000
24 25 90 1.000000
24 90 25 1.000000
24 23 25 1.000000
24 25 23 1.000000
24 23 90 1.000000
24 90 23 1.000000
25 22 24 1.000000
25 24 22 1.000000
25 22 56 1.000000
25 56 22 1.000000
25 22 91 1.000000
25 91 22 1.000000
25 24 56 1.000000
25 56 24 1.000000
25 24 91 1.000000
25 91 24 1.000000
25 56 91 1.000000
25 91 56 1.000000
26 28 94 1.000000
26 94 28 1.000000
27 29 33 1.000000
27 33 29 1.000000
28 26 30 1.000000
28 30 26 1.000000
29 27 97 1.000000
29 97 27 1.000000
30 28 32 1.000000
30 32 28 1.000000
31 33 36 1.000000
31 36 33 1.000000
32 30 35 1.000000
32 35 30 1.000000
33 27 31 1.000000
33 31 27 1.000000
34 13 35 1.000000
34 35 13 1.000000
35 32 34 1.000000
35 34 32 1.000000
36 31 37 1.000000
36 37 31 1.000000
37 12 36 1.000000
37 36 12 1.000000
38 40 98 1.000000
38 98 40 1.000000
39 41 45 1.000000
39 45 41 1.000000
40 38 42 1.000000
40 42 38 1.000000
41 39 101 1.000000
41 101 39 1.000000
42 40 44 1.000000
42 44 40 1.000000
43 45 48 1.000000
43 48 45 1.000000
44 42 47 1.000000
44 47 42 1.000000
45 39 43 1.000000
45 43 39 1.000000
46 17 47 1.000000
46 47 17 1.000000
47 44 46 1.000000
47 46 44 1.000000
48 43 49 1.000000
48 49 43 1.000000
49 16 48 1.000000
49 48 16 1.000000
50 19 51 1.000000
50 51 19 1.000000
51 50 52 1.000000
51 52 50 1.000000
52 51 53 1.000000
52 53 51 1.000000
53 52 54 1.000000
53 54 52 1.000000
54 53 55 1.000000
54 55 53 1.000000
55 22 54 1.000000
55 54 22 1.000000
56 25 57 1.000000
56 57 25 1.000000
57 56 58 1.000000
57 58 56 1.000000
58 57 59 1.000000
58 59 57 1.000000
59 58 60 1.000000
59 60 58 1.000000
60 59 61 1.000000
60 61 59 1.000000
61 20 60 1.000000
61 60 20 1.000000
62 3 63 1.000000
62 63 3 1.000000
63 62 64 1.000000
63 64 62 1.000000
64 63 65 1.000000
64 65 63 1.000000
65 64 66 1.000000
65 66 64 1.000000
66 65 67 1.000000
66 67 65 1.000000
67 0 66 1.000000
67 66 0 1.000000
68 1 69 1.000000
68 69 1 1.000000
69 68 70 1.000000
69 70 68 1.000000
70 69 71 1.000000
70 71 69 1.000000
71 70 72 1.000000
71 72 70 1.000000
72 71 73 1.000000
72 73 71 1.000000
73 14 72 1.000000
73 72 14 1.000000
74 17 75 1.000000
74 75 17 1.000000
75 74 76 1.000000
75 76 74 1.000000
76 75 77 1.000000
76 77 75 1.000000
77 76 78 1.000000
77 78 76 1.000000
78 77 79 1.000000
78 79 77 1.000000
79 12 78 1.000000
79 78 12 1.000000
80 13 81 1.000000
80 81 13 1.000000
81 80 82 1.000000
81 82 80 1.000000
82 81 83 1.000000
82 83 81 1.000000
83 82 84 1.000000
83 84 82 1.000000
84 83 85 1.000000
84 85 83 1.000000
85 2 84 1.000000
85 84 2 1.000000
94 26 95 1.000000
94 95 26 1.000000
95 18 94 1.000000
95 94 18 1.000000
96 19 97 1.000000
96 97 19 1.000000
97 29 96 1.000000
97 96 29 1.000000
98 38 99 1.000000
98 99 38 1.000000
99 22 98 1.000000
99 98 22 1.000000
100 23 101 1.000000
100 101 23 1.000000
101 41 100 1.000000
101 100 41 1.000000
102 92 103 1.000000
102 103 92 1.000000
103 102 104 1.000000
103 104 102 1.000000
104 103 105 1.000000
104 105 103 1.000000
105 104 106 1.000000
105 106 104 1.000000
106 105 107 1.000000
106 107 105 1.000000
107 18 106 1.000000
107 106 18 1.000000
108 21 109 1.000000
108 109 21 1.000000
109 108 110 1.000000
109 110 108 1.000000
110 109 111 1.000000
110 111 109 1.000000
111 110 112 1.000000
111 112 110 1.000000
112 111 113 1.000000
112 113 111 1.000000
113 93 112 1.000000
113 112 93 1.000000
114 5 115 1.000000
114 115 5 1.000000
115 114 116 1.000000
115 116 114 1.000000
116 115 117 1.000000
116 117 115 1.000000
117 116 118 1.000000
117 118 116 1.000000
118 117 119 1.000000
118 119 117 1.000000
119 0 118 1.000000
119 118 0 1.000000
120 1 121 1.000000
120 121 1 1.000000
121 120 122 1.000000
121 122 120 1.000000
122 121 123 1.000000
122 123 121 1.000000
123 122 124 1.000000
123 124 122 1.000000
124 123 125 1.000000
124 125 123 1.000000
125 4 124 1.000000
125 124 4 1.000000
127 126 128 1.000000
127 128 126 1.000000
128 127 129 1.000000
128 129 127 1.000000
129 128 130 1.000000
129 130 128 1.000000
130 129 131 1.000000
130 131 129 1.000000
131 14 130 1.000000
131 130 14 1.000000
132 15 133 1.000000
132 133 15 1.000000
133 132 134 1.000000
133 134 132 1.000000
134 133 135 1.000000
134 135 133 1.000000
135 134 136 1.000000
135 136 134 1.000000
136 135 137 1.000000
136 137 135 1.000000
;
param D:=0.5;
param t_hat_ear:=
37 146 38.0
37 34 39.0
37 35 40.0
37 32 41.0
37 30 42.0
37 28 43.0
37 26 44.0
37 94 45.0
37 95 46.0
37 18 47.0
37 21 48.0
37 108 49.0
37 109 50.0
37 110 51.0
37 111 52.0
37 112 53.0
37 113 54.0
37 93 55.0
37 140 56.0
40 11 29.0
40 3 30.0
40 62 31.0
40 63 32.0
40 64 33.0
40 65 34.0
40 66 35.0
40 67 36.0
40 0 37.0
40 1 38.0
40 68 39.0
40 69 40.0
40 70 41.0
40 71 42.0
40 72 43.0
40 73 44.0
40 14 45.0
40 15 46.0
40 132 47.0
40 133 48.0
40 134 49.0
40 135 50.0
40 136 51.0
40 137 52.0
40 6 53.0
42 145 25.0
42 92 26.0
42 102 27.0
42 103 28.0
42 104 29.0
42 105 30.0
42 106 31.0
42 107 32.0
42 18 33.0
42 19 34.0
42 50 35.0
42 51 36.0
42 52 37.0
42 53 38.0
42 54 39.0
42 55 40.0
42 22 41.0
42 23 42.0
42 100 43.0
42 101 44.0
42 41 45.0
42 39 46.0
42 45 47.0
42 43 48.0
42 48 49.0
42 142 50.0
45 7 36.0
45 126 37.0
45 127 38.0
45 128 39.0
45 129 40.0
45 130 41.0
45 131 42.0
45 14 43.0
45 17 44.0
45 74 45.0
45 75 46.0
45 76 47.0
45 77 48.0
45 78 49.0
45 79 50.0
45 12 51.0
45 13 52.0
45 80 53.0
45 81 54.0
45 82 55.0
45 83 56.0
45 84 57.0
45 85 58.0
45 2 59.0
45 10 60.0
51 144 29.0
51 88 30.0
51 20 31.0
51 19 32.0
51 96 33.0
51 97 34.0
51 29 35.0
51 27 36.0
51 33 37.0
51 31 38.0
51 36 39.0
51 37 40.0
51 12 41.0
51 1 42.0
51 120 43.0
51 121 44.0
51 122 45.0
51 123 46.0
51 124 47.0
51 125 48.0
51 4 49.0
51 8 50.0
52 7 46.0
52 126 47.0
52 127 48.0
52 128 49.0
52 129 50.0
52 130 51.0
52 131 52.0
52 14 53.0
52 17 54.0
52 74 55.0
52 75 56.0
52 76 57.0
52 77 58.0
52 78 59.0
52 79 60.0
52 12 61.0
52 13 62.0
52 34 63.0
52 35 64.0
52 141 65.0
53 11 35.0
53 3 36.0
53 62 37.0
53 63 38.0
53 64 39.0
53 65 40.0
53 66 41.0
53 67 42.0
53 0 43.0
53 1 44.0
53 68 45.0
53 69 46.0
53 70 47.0
53 71 48.0
53 72 49.0
53 73 50.0
53 14 51.0
53 15 52.0
53 132 53.0
53 133 54.0
53 134 55.0
53 135 56.0
53 136 57.0
53 137 58.0
53 6 59.0
55 11 39.0
55 3 40.0
55 62 41.0
55 63 42.0
55 64 43.0
55 65 44.0
55 66 45.0
55 67 46.0
55 0 47.0
55 1 48.0
55 68 49.0
55 69 50.0
55 70 51.0
55 71 52.0
55 72 53.0
55 73 54.0
55 14 55.0
55 17 56.0
55 46 57.0
55 47 58.0
55 142 59.0
60 144 39.0
60 88 40.0
60 20 41.0
60 19 42.0
60 96 43.0
60 97 44.0
60 29 45.0
60 27 46.0
60 33 47.0
60 31 48.0
60 36 49.0
60 141 50.0
61 147 49.0
61 49 50.0
61 16 51.0
61 17 52.0
61 74 53.0
61 75 54.0
61 76 55.0
61 77 56.0
61 78 57.0
61 79 58.0
61 12 59.0
61 1 60.0
61 120 61.0
61 121 62.0
61 122 63.0
61 123 64.0
61 124 65.0
61 125 66.0
61 4 67.0
61 8 68.0
62 145 31.0
62 92 32.0
62 102 33.0
62 103 34.0
62 104 35.0
62 105 36.0
62 106 37.0
62 107 38.0
62 18 39.0
62 19 40.0
62 50 41.0
62 51 42.0
62 52 43.0
62 53 44.0
62 54 45.0
62 55 46.0
62 22 47.0
62 25 48.0
62 91 49.0
62 138 50.0
64 11 37.0
64 3 38.0
64 62 39.0
64 63 40.0
64 64 41.0
64 65 42.0
64 66 43.0
64 67 44.0
64 0 45.0
64 13 46.0
64 34 47.0
64 35 48.0
64 32 49.0
64 30 50.0
64 28 51.0
64 26 52.0
64 94 53.0
64 95 54.0
64 18 55.0
64 21 56.0
64 89 57.0
64 139 58.0
65 144 33.0
65 88 34.0
65 20 35.0
65 19 36.0
65 96 37.0
65 97 38.0
65 29 39.0
65 27 40.0
65 33 41.0
65 31 42.0
65 36 43.0
65 37 44.0
65 12 45.0
65 1 46.0
65 120 47.0
65 121 48.0
65 122 49.0
65 123 50.0
65 124 51.0
65 125 52.0
65 4 53.0
65 8 54.0
66 146 47.0
66 37 48.0
66 12 49.0
66 1 50.0
66 68 51.0
66 69 52.0
66 70 53.0
66 71 54.0
66 72 55.0
66 73 56.0
66 14 57.0
66 17 58.0
66 46 59.0
66 47 60.0
66 142 61.0
67 9 49.0
67 5 50.0
67 114 51.0
67 115 52.0
67 116 53.0
67 117 54.0
67 118 55.0
67 119 56.0
67 0 57.0
67 13 58.0
67 34 59.0
67 35 60.0
67 141 61.0
68 143 39.0
68 90 40.0
68 24 41.0
68 25 42.0
68 56 43.0
68 57 44.0
68 58 45.0
68 59 46.0
68 60 47.0
68 61 48.0
68 20 49.0
68 19 50.0
68 96 51.0
68 97 52.0
68 29 53.0
68 27 54.0
68 33 55.0
68 31 56.0
68 36 57.0
68 141 58.0
69 145 35.0
69 92 36.0
69 102 37.0
69 103 38.0
69 104 39.0
69 105 40.0
69 106 41.0
69 107 42.0
69 18 43.0
69 19 44.0
69 50 45.0
69 51 46.0
69 52 47.0
69 53 48.0
69 54 49.0
69 55 50.0
69 22 51.0
69 25 52.0
69 91 53.0
69 138 54.0
71 147 45.0
71 49 46.0
71 16 47.0
71 17 48.0
71 74 49.0
71 75 50.0
71 76 51.0
71 77 52.0
71 78 53.0
71 79 54.0
71 12 55.0
71 1 56.0
71 120 57.0
71 121 58.0
71 122 59.0
71 123 60.0
71 124 61.0
71 125 62.0
71 4 63.0
71 8 64.0
72 145 37.0
72 92 38.0
72 102 39.0
72 103 40.0
72 104 41.0
72 105 42.0
72 106 43.0
72 107 44.0
72 18 45.0
72 19 46.0
72 96 47.0
72 97 48.0
72 29 49.0
72 27 50.0
72 33 51.0
72 31 52.0
72 36 53.0
72 141 54.0
73 147 36.0
73 46 37.0
73 47 38.0
73 44 39.0
73 42 40.0
73 40 41.0
73 38 42.0
73 98 43.0
73 99 44.0
73 22 45.0
73 25 46.0
73 56 47.0
73 57 48.0
73 58 49.0
73 59 50.0
73 60 51.0
73 61 52.0
73 20 53.0
73 21 54.0
73 89 55.0
73 139 56.0
74 143 37.0
74 90 38.0
74 24 39.0
74 23 40.0
74 100 41.0
74 101 42.0
74 41 43.0
74 39 44.0
74 45 45.0
74 43 46.0
74 48 47.0
74 49 48.0
74 16 49.0
74 15 50.0
74 132 51.0
74 133 52.0
74 134 53.0
74 135 54.0
74 136 55.0
74 137 56.0
74 6 57.0
76 147 43.0
76 49 44.0
76 16 45.0
76 17 46.0
76 74 47.0
76 75 48.0
76 76 49.0
76 77 50.0
76 78 51.0
76 79 52.0
76 12 53.0
76 13 54.0
76 80 55.0
76 81 56.0
76 82 57.0
76 83 58.0
76 84 59.0
76 85 60.0
76 2 61.0
76 10 62.0
77 146 49.0
77 34 50.0
77 35 51.0
77 32 52.0
77 30 53.0
77 28 54.0
77 26 55.0
77 94 56.0
77 95 57.0
77 18 58.0
77 21 59.0
77 108 60.0
77 109 61.0
77 110 62.0
77 111 63.0
77 112 64.0
77 113 65.0
77 93 66.0
77 140 67.0
78 11 47.0
78 3 48.0
78 62 49.0
78 63 50.0
78 64 51.0
78 65 52.0
78 66 53.0
78 67 54.0
78 0 55.0
78 13 56.0
78 34 57.0
78 35 58.0
78 32 59.0
78 30 60.0
78 28 61.0
78 26 62.0
78 94 63.0
78 95 64.0
78 18 65.0
78 21 66.0
78 89 67.0
78 139 68.0
79 145 45.0
79 92 46.0
79 102 47.0
79 103 48.0
79 104 49.0
79 105 50.0
79 106 51.0
79 107 52.0
79 18 53.0
79 19 54.0
79 50 55.0
79 51 56.0
79 52 57.0
79 53 58.0
79 54 59.0
79 55 60.0
79 22 61.0
79 25 62.0
79 91 63.0
79 138 64.0
80 144 45.0
80 88 46.0
80 20 47.0
80 19 48.0
80 96 49.0
80 97 50.0
80 29 51.0
80 27 52.0
80 33 53.0
80 31 54.0
80 36 55.0
80 37 56.0
80 12 57.0
80 1 58.0
80 120 59.0
80 121 60.0
80 122 61.0
80 123 62.0
80 124 63.0
80 125 64.0
80 4 65.0
80 8 66.0
82 143 41.0
82 90 42.0
82 24 43.0
82 23 44.0
82 100 45.0
82 101 46.0
82 41 47.0
82 39 48.0
82 45 49.0
82 43 50.0
82 48 51.0
82 142 52.0
83 147 47.0
83 46 48.0
83 47 49.0
83 44 50.0
83 42 51.0
83 40 52.0
83 38 53.0
83 98 54.0
83 99 55.0
83 22 56.0
83 25 57.0
83 91 58.0
83 138 59.0
85 11 45.0
85 3 46.0
85 62 47.0
85 63 48.0
85 64 49.0
85 65 50.0
85 66 51.0
85 67 52.0
85 0 53.0
85 1 54.0
85 68 55.0
85 69 56.0
85 70 57.0
85 71 58.0
85 72 59.0
85 73 60.0
85 14 61.0
85 15 62.0
85 132 63.0
85 133 64.0
85 134 65.0
85 135 66.0
85 136 67.0
85 137 68.0
85 6 69.0
87 9 43.0
87 5 44.0
87 114 45.0
87 115 46.0
87 116 47.0
87 117 48.0
87 118 49.0
87 119 50.0
87 0 51.0
87 1 52.0
87 68 53.0
87 69 54.0
87 70 55.0
87 71 56.0
87 72 57.0
87 73 58.0
87 14 59.0
87 17 60.0
87 46 61.0
87 47 62.0
87 142 63.0
88 9 41.0
88 5 42.0
88 114 43.0
88 115 44.0
88 116 45.0
88 117 46.0
88 118 47.0
88 119 48.0
88 0 49.0
88 13 50.0
88 80 51.0
88 81 52.0
88 82 53.0
88 83 54.0
88 84 55.0
88 85 56.0
88 2 57.0
88 10 58.0
99 144 50.1
99 88 50.0
99 20 51.0
99 19 52.0
99 50 53.0
99 51 54.0
99 52 55.0
99 53 56.0
99 54 57.0
99 55 58.0
99 22 59.0
99 23 60.0
99 100 61.0
99 101 62.0
99 41 63.0
99 39 64.0
99 45 65.0
99 43 66.0
99 48 67.0
99 142 68.0
;
param t_hat_lat:=
37 146 39.0
37 34 40.0
37 35 41.0
37 32 42.0
37 30 43.0
37 28 44.0
37 26 45.0
37 94 46.0
37 95 47.0
37 18 48.0
37 21 49.0
37 108 50.0
37 109 51.0
37 110 52.0
37 111 53.0
37 112 54.0
37 113 55.0
37 93 56.0
37 140 57.0
40 11 30.0
40 3 31.0
40 62 32.0
40 63 33.0
40 64 34.0
40 65 35.0
40 66 36.0
40 67 37.0
40 0 38.0
40 1 39.0
40 68 40.0
40 69 41.0
40 70 42.0
40 71 43.0
40 72 44.0
40 73 45.0
40 14 46.0
40 15 47.0
40 132 48.0
40 133 49.0
40 134 50.0
40 135 51.0
40 136 52.0
40 137 53.0
40 6 54.0
42 145 26.0
42 92 27.0
42 102 28.0
42 103 29.0
42 104 30.0
42 105 31.0
42 106 32.0
42 107 33.0
42 18 34.0
42 19 35.0
42 50 36.0
42 51 37.0
42 52 38.0
42 53 39.0
42 54 40.0
42 55 41.0
42 22 42.0
42 23 43.0
42 100 44.0
42 101 45.0
42 41 46.0
42 39 47.0
42 45 48.0
42 43 49.0
42 48 50.0
42 142 51.0
45 7 37.0
45 126 38.0
45 127 39.0
45 128 40.0
45 129 41.0
45 130 42.0
45 131 43.0
45 14 44.0
45 17 45.0
45 74 46.0
45 75 47.0
45 76 48.0
45 77 49.0
45 78 50.0
45 79 51.0
45 12 52.0
45 13 53.0
45 80 54.0
45 81 55.0
45 82 56.0
45 83 57.0
45 84 58.0
45 85 59.0
45 2 60.0
45 10 61.0
51 144 30.0
51 88 31.0
51 20 32.0
51 19 33.0
51 96 34.0
51 97 35.0
51 29 36.0
51 27 37.0
51 33 38.0
51 31 39.0
51 36 40.0
51 37 41.0
51 12 42.0
51 1 43.0
51 120 44.0
51 121 45.0
51 122 46.0
51 123 47.0
51 124 48.0
51 125 49.0
51 4 50.0
51 8 51.0
52 7 47.0
52 126 48.0
52 127 49.0
52 128 50.0
52 129 51.0
52 130 52.0
52 131 53.0
52 14 54.0
52 17 55.0
52 74 56.0
52 75 57.0
52 76 58.0
52 77 59.0
52 78 60.0
52 79 61.0
52 12 62.0
52 13 63.0
52 34 64.0
52 35 65.0
52 141 66.0
53 11 36.0
53 3 37.0
53 62 38.0
53 63 39.0
53 64 40.0
53 65 41.0
53 66 42.0
53 67 43.0
53 0 44.0
53 1 45.0
53 68 46.0
53 69 47.0
53 70 48.0
53 71 49.0
53 72 50.0
53 73 51.0
53 14 52.0
53 15 53.0
53 132 54.0
53 133 55.0
53 134 56.0
53 135 57.0
53 136 58.0
53 137 59.0
53 6 60.0
55 11 40.0
55 3 41.0
55 62 42.0
55 63 43.0
55 64 44.0
55 65 45.0
55 66 46.0
55 67 47.0
55 0 48.0
55 1 49.0
55 68 50.0
55 69 51.0
55 70 52.0
55 71 53.0
55 72 54.0
55 73 55.0
55 14 56.0
55 17 57.0
55 46 58.0
55 47 59.0
55 142 60.0
60 144 40.0
60 88 41.0
60 20 42.0
60 19 43.0
60 96 44.0
60 97 45.0
60 29 46.0
60 27 47.0
60 33 48.0
60 31 49.0
60 36 50.0
60 141 51.0
61 147 50.0
61 49 51.0
61 16 52.0
61 17 53.0
61 74 54.0
61 75 55.0
61 76 56.0
61 77 57.0
61 78 58.0
61 79 59.0
61 12 60.0
61 1 61.0
61 120 62.0
61 121 63.0
61 122 64.0
61 123 65.0
61 124 66.0
61 125 67.0
61 4 68.0
61 8 69.0
62 145 32.0
62 92 33.0
62 102 34.0
62 103 35.0
62 104 36.0
62 105 37.0
62 106 38.0
62 107 39.0
62 18 40.0
62 19 41.0
62 50 42.0
62 51 43.0
62 52 44.0
62 53 45.0
62 54 46.0
62 55 47.0
62 22 48.0
62 25 49.0
62 91 50.0
62 138 51.0
64 11 38.0
64 3 39.0
64 62 40.0
64 63 41.0
64 64 42.0
64 65 43.0
64 66 44.0
64 67 45.0
64 0 46.0
64 13 47.0
64 34 48.0
64 35 49.0
64 32 50.0
64 30 51.0
64 28 52.0
64 26 53.0
64 94 54.0
64 95 55.0
64 18 56.0
64 21 57.0
64 89 58.0
64 139 59.0
65 144 34.0
65 88 35.0
65 20 36.0
65 19 37.0
65 96 38.0
65 97 39.0
65 29 40.0
65 27 41.0
65 33 42.0
65 31 43.0
65 36 44.0
65 37 45.0
65 12 46.0
65 1 47.0
65 120 48.0
65 121 49.0
65 122 50.0
65 123 51.0
65 124 52.0
65 125 53.0
65 4 54.0
65 8 55.0
66 146 48.0
66 37 49.0
66 12 50.0
66 1 51.0
66 68 52.0
66 69 53.0
66 70 54.0
66 71 55.0
66 72 56.0
66 73 57.0
66 14 58.0
66 17 59.0
66 46 60.0
66 47 61.0
66 142 62.0
67 9 50.0
67 5 51.0
67 114 52.0
67 115 53.0
67 116 54.0
67 117 55.0
67 118 56.0
67 119 57.0
67 0 58.0
67 13 59.0
67 34 60.0
67 35 61.0
67 141 62.0
68 143 40.0
68 90 41.0
68 24 42.0
68 25 43.0
68 56 44.0
68 57 45.0
68 58 46.0
68 59 47.0
68 60 48.0
68 61 49.0
68 20 50.0
68 19 51.0
68 96 52.0
68 97 53.0
68 29 54.0
68 27 55.0
68 33 56.0
68 31 57.0
68 36 58.0
68 141 59.0
69 145 36.0
69 92 37.0
69 102 38.0
69 103 39.0
69 104 40.0
69 105 41.0
69 106 42.0
69 107 43.0
69 18 44.0
69 19 45.0
69 50 46.0
69 51 47.0
69 52 48.0
69 53 49.0
69 54 50.0
69 55 51.0
69 22 52.0
69 25 53.0
69 91 54.0
69 138 55.0
71 147 46.0
71 49 47.0
71 16 48.0
71 17 49.0
71 74 50.0
71 75 51.0
71 76 52.0
71 77 53.0
71 78 54.0
71 79 55.0
71 12 56.0
71 1 57.0
71 120 58.0
71 121 59.0
71 122 60.0
71 123 61.0
71 124 62.0
71 125 63.0
71 4 64.0
71 8 65.0
72 145 38.0
72 92 39.0
72 102 40.0
72 103 41.0
72 104 42.0
72 105 43.0
72 106 44.0
72 107 45.0
72 18 46.0
72 19 47.0
72 96 48.0
72 97 49.0
72 29 50.0
72 27 51.0
72 33 52.0
72 31 53.0
72 36 54.0
72 141 55.0
73 147 37.0
73 46 38.0
73 47 39.0
73 44 40.0
73 42 41.0
73 40 42.0
73 38 43.0
73 98 44.0
73 99 45.0
73 22 46.0
73 25 47.0
73 56 48.0
73 57 49.0
73 58 50.0
73 59 51.0
73 60 52.0
73 61 53.0
73 20 54.0
73 21 55.0
73 89 56.0
73 139 57.0
74 143 38.0
74 90 39.0
74 24 40.0
74 23 41.0
74 100 42.0
74 101 43.0
74 41 44.0
74 39 45.0
74 45 46.0
74 43 47.0
74 48 48.0
74 49 49.0
74 16 50.0
74 15 51.0
74 132 52.0
74 133 53.0
74 134 54.0
74 135 55.0
74 136 56.0
74 137 57.0
74 6 58.0
76 147 44.0
76 49 45.0
76 16 46.0
76 17 47.0
76 74 48.0
76 75 49.0
76 76 50.0
76 77 51.0
76 78 52.0
76 79 53.0
76 12 54.0
76 13 55.0
76 80 56.0
76 81 57.0
76 82 58.0
76 83 59.0
76 84 60.0
76 85 61.0
76 2 62.0
76 10 63.0
77 146 50.0
77 34 51.0
77 35 52.0
77 32 53.0
77 30 54.0
77 28 55.0
77 26 56.0
77 94 57.0
77 95 58.0
77 18 59.0
77 21 60.0
77 108 61.0
77 109 62.0
77 110 63.0
77 111 64.0
77 112 65.0
77 113 66.0
77 93 67.0
77 140 68.0
78 11 48.0
78 3 49.0
78 62 50.0
78 63 51.0
78 64 52.0
78 65 53.0
78 66 54.0
78 67 55.0
78 0 56.0
78 13 57.0
78 34 58.0
78 35 59.0
78 32 60.0
78 30 61.0
78 28 62.0
78 26 63.0
78 94 64.0
78 95 65.0
78 18 66.0
78 21 67.0
78 89 68.0
78 139 69.0
79 145 46.0
79 92 47.0
79 102 48.0
79 103 49.0
79 104 50.0
79 105 51.0
79 106 52.0
79 107 53.0
79 18 54.0
79 19 55.0
79 50 56.0
79 51 57.0
79 52 58.0
79 53 59.0
79 54 60.0
79 55 61.0
79 22 62.0
79 25 63.0
79 91 64.0
79 138 65.0
80 144 46.0
80 88 47.0
80 20 48.0
80 19 49.0
80 96 50.0
80 97 51.0
80 29 52.0
80 27 53.0
80 33 54.0
80 31 55.0
80 36 56.0
80 37 57.0
80 12 58.0
80 1 59.0
80 120 60.0
80 121 61.0
80 122 62.0
80 123 63.0
80 124 64.0
80 125 65.0
80 4 66.0
80 8 67.0
82 143 42.0
82 90 43.0
82 24 44.0
82 23 45.0
82 100 46.0
82 101 47.0
82 41 48.0
82 39 49.0
82 45 50.0
82 43 51.0
82 48 52.0
82 142 53.0
83 147 48.0
83 46 49.0
83 47 50.0
83 44 51.0
83 42 52.0
83 40 53.0
83 38 54.0
83 98 55.0
83 99 56.0
83 22 57.0
83 25 58.0
83 91 59.0
83 138 60.0
85 11 46.0
85 3 47.0
85 62 48.0
85 63 49.0
85 64 50.0
85 65 51.0
85 66 52.0
85 67 53.0
85 0 54.0
85 1 55.0
85 68 56.0
85 69 57.0
85 70 58.0
85 71 59.0
85 72 60.0
85 73 61.0
85 14 62.0
85 15 63.0
85 132 64.0
85 133 65.0
85 134 66.0
85 135 67.0
85 136 68.0
85 137 69.0
85 6 70.0
87 9 44.0
87 5 45.0
87 114 46.0
87 115 47.0
87 116 48.0
87 117 49.0
87 118 50.0
87 119 51.0
87 0 52.0
87 1 53.0
87 68 54.0
87 69 55.0
87 70 56.0
87 71 57.0
87 72 58.0
87 73 59.0
87 14 60.0
87 17 61.0
87 46 62.0
87 47 63.0
87 142 64.0
88 9 42.0
88 5 43.0
88 114 44.0
88 115 45.0
88 116 46.0
88 117 47.0
88 118 48.0
88 119 49.0
88 0 50.0
88 13 51.0
88 80 52.0
88 81 53.0
88 82 54.0
88 83 55.0
88 84 56.0
88 85 57.0
88 2 58.0
88 10 59.0
99 144 51.099999999999994
99 88 51.0
99 20 52.0
99 19 53.0
99 50 54.0
99 51 55.0
99 52 56.0
99 53 57.0
99 54 58.0
99 55 59.0
99 22 60.0
99 23 61.0
99 100 62.0
99 101 63.0
99 41 64.0
99 39 65.0
99 45 66.0
99 43 67.0
99 48 68.0
99 142 69.0
;
set fixedFlights :=
37 18 21
37 34 35
37 35 32
37 32 30
37 30 28
37 28 26
37 26 94
37 94 95
37 95 18
37 21 108
37 108 109
37 109 110
37 110 111
37 111 112
37 112 113
37 113 93
37 93 140
37 146 34
40 0 1
40 11 3
40 14 15
40 3 62
40 62 63
40 63 64
40 64 65
40 65 66
40 66 67
40 67 0
40 1 68
40 68 69
40 69 70
40 70 71
40 71 72
40 72 73
40 73 14
40 15 132
40 132 133
40 133 134
40 134 135
40 135 136
40 136 137
40 137 6
42 18 19
42 22 23
42 41 39
42 39 45
42 45 43
42 43 48
42 19 50
42 50 51
42 51 52
42 52 53
42 53 54
42 54 55
42 55 22
42 23 100
42 100 101
42 101 41
42 92 102
42 102 103
42 103 104
42 104 105
42 105 106
42 106 107
42 107 18
42 145 92
42 48 142
45 2 10
45 12 13
45 14 17
45 17 74
45 74 75
45 75 76
45 76 77
45 77 78
45 78 79
45 79 12
45 13 80
45 80 81
45 81 82
45 82 83
45 83 84
45 84 85
45 85 2
45 7 126
45 126 127
45 127 128
45 128 129
45 129 130
45 130 131
45 131 14
51 4 8
51 12 1
51 20 19
51 29 27
51 27 33
51 33 31
51 31 36
51 36 37
51 37 12
51 19 96
51 96 97
51 97 29
51 88 20
51 1 120
51 120 121
51 121 122
51 122 123
51 123 124
51 124 125
51 125 4
51 144 88
52 12 13
52 14 17
52 13 34
52 34 35
52 17 74
52 74 75
52 75 76
52 76 77
52 77 78
52 78 79
52 79 12
52 7 126
52 126 127
52 127 128
52 128 129
52 129 130
52 130 131
52 131 14
52 35 141
53 0 1
53 11 3
53 14 15
53 3 62
53 62 63
53 63 64
53 64 65
53 65 66
53 66 67
53 67 0
53 1 68
53 68 69
53 69 70
53 70 71
53 71 72
53 72 73
53 73 14
53 15 132
53 132 133
53 133 134
53 134 135
53 135 136
53 136 137
53 137 6
55 0 1
55 11 3
55 14 17
55 17 46
55 46 47
55 3 62
55 62 63
55 63 64
55 64 65
55 65 66
55 66 67
55 67 0
55 1 68
55 68 69
55 69 70
55 70 71
55 71 72
55 72 73
55 73 14
55 47 142
60 20 19
60 29 27
60 27 33
60 33 31
60 31 36
60 19 96
60 96 97
60 97 29
60 88 20
60 144 88
60 36 141
61 4 8
61 12 1
61 16 17
61 49 16
61 17 74
61 74 75
61 75 76
61 76 77
61 77 78
61 78 79
61 79 12
61 1 120
61 120 121
61 121 122
61 122 123
61 123 124
61 124 125
61 125 4
61 147 49
62 18 19
62 22 25
62 19 50
62 50 51
62 51 52
62 52 53
62 53 54
62 54 55
62 55 22
62 92 102
62 102 103
62 103 104
62 104 105
62 105 106
62 106 107
62 107 18
62 25 91
62 145 92
62 91 138
64 11 3
64 0 13
64 18 21
64 13 34
64 34 35
64 35 32
64 32 30
64 30 28
64 28 26
64 3 62
64 62 63
64 63 64
64 64 65
64 65 66
64 66 67
64 67 0
64 26 94
64 94 95
64 95 18
64 21 89
64 89 139
65 4 8
65 12 1
65 20 19
65 29 27
65 27 33
65 33 31
65 31 36
65 36 37
65 37 12
65 19 96
65 96 97
65 97 29
65 88 20
65 1 120
65 120 121
65 121 122
65 122 123
65 123 124
65 124 125
65 125 4
65 144 88
66 12 1
66 14 17
66 37 12
66 17 46
66 46 47
66 1 68
66 68 69
66 69 70
66 70 71
66 71 72
66 72 73
66 73 14
66 47 142
66 146 37
67 9 5
67 0 13
67 13 34
67 34 35
67 5 114
67 114 115
67 115 116
67 116 117
67 117 118
67 118 119
67 119 0
67 35 141
68 20 19
68 24 25
68 29 27
68 27 33
68 33 31
68 31 36
68 25 56
68 56 57
68 57 58
68 58 59
68 59 60
68 60 61
68 61 20
68 19 96
68 96 97
68 97 29
68 90 24
68 143 90
68 36 141
69 18 19
69 22 25
69 19 50
69 50 51
69 51 52
69 52 53
69 53 54
69 54 55
69 55 22
69 92 102
69 102 103
69 103 104
69 104 105
69 105 106
69 106 107
69 107 18
69 25 91
69 145 92
69 91 138
71 4 8
71 12 1
71 16 17
71 49 16
71 17 74
71 74 75
71 75 76
71 76 77
71 77 78
71 78 79
71 79 12
71 1 120
71 120 121
71 121 122
71 122 123
71 123 124
71 124 125
71 125 4
71 147 49
72 18 19
72 29 27
72 27 33
72 33 31
72 31 36
72 19 96
72 96 97
72 97 29
72 92 102
72 102 103
72 103 104
72 104 105
72 105 106
72 106 107
72 107 18
72 145 92
72 36 141
73 20 21
73 22 25
73 46 47
73 47 44
73 44 42
73 42 40
73 40 38
73 25 56
73 56 57
73 57 58
73 58 59
73 59 60
73 60 61
73 61 20
73 38 98
73 98 99
73 99 22
73 21 89
73 89 139
73 147 46
74 16 15
74 24 23
74 41 39
74 39 45
74 45 43
74 43 48
74 48 49
74 49 16
74 23 100
74 100 101
74 101 41
74 90 24
74 15 132
74 132 133
74 133 134
74 134 135
74 135 136
74 136 137
74 137 6
74 143 90
76 2 10
76 12 13
76 16 17
76 49 16
76 17 74
76 74 75
76 75 76
76 76 77
76 77 78
76 78 79
76 79 12
76 13 80
76 80 81
76 81 82
76 82 83
76 83 84
76 84 85
76 85 2
76 147 49
77 18 21
77 34 35
77 35 32
77 32 30
77 30 28
77 28 26
77 26 94
77 94 95
77 95 18
77 21 108
77 108 109
77 109 110
77 110 111
77 111 112
77 112 113
77 113 93
77 93 140
77 146 34
78 11 3
78 0 13
78 18 21
78 13 34
78 34 35
78 35 32
78 32 30
78 30 28
78 28 26
78 3 62
78 62 63
78 63 64
78 64 65
78 65 66
78 66 67
78 67 0
78 26 94
78 94 95
78 95 18
78 21 89
78 89 139
79 18 19
79 22 25
79 19 50
79 50 51
79 51 52
79 52 53
79 53 54
79 54 55
79 55 22
79 92 102
79 102 103
79 103 104
79 104 105
79 105 106
79 106 107
79 107 18
79 25 91
79 145 92
79 91 138
80 4 8
80 12 1
80 20 19
80 29 27
80 27 33
80 33 31
80 31 36
80 36 37
80 37 12
80 19 96
80 96 97
80 97 29
80 88 20
80 1 120
80 120 121
80 121 122
80 122 123
80 123 124
80 124 125
80 125 4
80 144 88
82 24 23
82 41 39
82 39 45
82 45 43
82 43 48
82 23 100
82 100 101
82 101 41
82 90 24
82 143 90
82 48 142
83 22 25
83 46 47
83 47 44
83 44 42
83 42 40
83 40 38
83 38 98
83 98 99
83 99 22
83 25 91
83 91 138
83 147 46
85 0 1
85 11 3
85 14 15
85 3 62
85 62 63
85 63 64
85 64 65
85 65 66
85 66 67
85 67 0
85 1 68
85 68 69
85 69 70
85 70 71
85 71 72
85 72 73
85 73 14
85 15 132
85 132 133
85 133 134
85 134 135
85 135 136
85 136 137
85 137 6
87 0 1
87 9 5
87 14 17
87 17 46
87 46 47
87 1 68
87 68 69
87 69 70
87 70 71
87 71 72
87 72 73
87 73 14
87 5 114
87 114 115
87 115 116
87 116 117
87 117 118
87 118 119
87 119 0
87 47 142
88 2 10
88 9 5
88 0 13
88 13 80
88 80 81
88 81 82
88 82 83
88 83 84
88 84 85
88 85 2
88 5 114
88 114 115
88 115 116
88 116 117
88 117 118
88 118 119
88 119 0
;
;
set inFlight:=
37
40
42
45
51
52
53
55
60
61
62
64
65
66
67
68
69
71
72
73
74
76
77
78
79
80
82
83
85
87
88
;
param tini := 50.1;
