param nn:= 148;
set F:=
7
8
10
17
19
20
21
22
23
24
25
26
27
28
30
33
35
36
37
39
40
41
42
43
45
46
47
48
49
50
51
53
54
55
56
57
58
59
60
61
62
63
64
65
66
67
68
69
70
71
72
73
74
75
76
77
78
79
83
84
85
86
89
93
96
97
;
param: E: d:=
0 1 2.500000
2 10 1.500000
11 3 1.500000
4 8 1.500000
9 5 1.500000
12 13 2.500000
0 13 2.500000
12 1 2.500000
14 15 2.500000
16 17 2.500000
14 17 2.500000
16 15 2.500000
18 19 2.500000
20 21 2.500000
18 21 2.500000
20 19 2.500000
22 23 2.500000
24 25 2.500000
22 25 2.500000
24 23 2.500000
13 34 2.500000
34 35 2.500000
35 32 2.500000
32 30 2.500000
30 28 2.500000
28 26 2.500000
29 27 2.500000
27 33 2.500000
33 31 2.500000
31 36 2.500000
36 37 2.500000
37 12 2.500000
17 46 2.500000
46 47 2.500000
47 44 2.500000
44 42 2.500000
42 40 2.500000
40 38 2.500000
41 39 2.500000
39 45 2.500000
45 43 2.500000
43 48 2.500000
48 49 2.500000
49 16 2.500000
19 50 2.500000
50 51 2.500000
51 52 2.500000
52 53 2.500000
53 54 2.500000
54 55 2.500000
55 22 2.500000
25 56 2.500000
56 57 2.500000
57 58 2.500000
58 59 2.500000
59 60 2.500000
60 61 2.500000
61 20 2.500000
3 62 2.500000
62 63 2.500000
63 64 2.500000
64 65 2.500000
65 66 2.500000
66 67 2.500000
67 0 2.500000
1 68 2.500000
68 69 2.500000
69 70 2.500000
70 71 2.500000
71 72 2.500000
72 73 2.500000
73 14 2.500000
17 74 2.500000
74 75 2.500000
75 76 2.500000
76 77 2.500000
77 78 2.500000
78 79 2.500000
79 12 2.500000
13 80 2.500000
80 81 2.500000
81 82 2.500000
82 83 2.500000
83 84 2.500000
84 85 2.500000
85 2 2.500000
26 94 2.500000
94 95 2.500000
95 18 2.500000
19 96 2.500000
96 97 2.500000
97 29 2.500000
38 98 2.500000
98 99 2.500000
99 22 2.500000
23 100 2.500000
100 101 2.500000
101 41 2.500000
92 102 2.500000
102 103 2.500000
103 104 2.500000
104 105 2.500000
105 106 2.500000
106 107 2.500000
107 18 2.500000
21 108 2.500000
108 109 2.500000
109 110 2.500000
110 111 2.500000
111 112 2.500000
112 113 2.500000
113 93 2.500000
21 89 2.500000
88 20 2.500000
25 91 2.500000
90 24 2.500000
5 114 2.500000
114 115 2.500000
115 116 2.500000
116 117 2.500000
117 118 2.500000
118 119 2.500000
119 0 2.500000
1 120 2.500000
120 121 2.500000
121 122 2.500000
122 123 2.500000
123 124 2.500000
124 125 2.500000
125 4 2.500000
7 126 1.500000
126 127 2.500000
127 128 2.500000
128 129 2.500000
129 130 2.500000
130 131 2.500000
131 14 2.500000
15 132 2.500000
132 133 2.500000
133 134 2.500000
134 135 2.500000
135 136 2.500000
136 137 2.500000
137 6 1.500000
87 6 1.500000
7 86 1.500000
144 88 1.500000
143 90 1.500000
145 92 1.500000
93 140 1.500000
89 139 1.500000
91 138 1.500000
48 142 1.500000
47 142 1.500000
36 141 1.500000
35 141 1.500000
146 37 1.500000
146 34 1.500000
147 46 1.500000
147 49 1.500000
;
param s:=
7 144
8 145
10 145
17 11
19 7
20 9
21 7
22 143
23 147
24 145
25 144
26 145
27 147
28 144
30 146
33 147
35 146
36 7
37 147
39 9
40 143
41 9
42 145
43 145
45 143
46 11
47 143
48 147
49 11
50 7
51 11
53 147
54 145
55 147
56 143
57 146
58 145
59 143
60 11
61 146
62 7
63 144
64 9
65 147
66 7
67 143
68 11
69 144
70 147
71 7
72 146
73 146
74 11
75 7
76 144
77 143
78 9
79 146
83 9
84 7
85 11
86 145
89 11
93 143
96 9
97 143
;
param e:=
7 10
8 142
10 142
17 6
19 10
20 10
21 10
22 141
23 10
24 142
25 142
26 141
27 141
28 142
30 138
33 139
35 142
36 141
37 139
39 139
40 142
41 139
42 138
43 141
45 142
46 142
47 141
48 8
49 6
50 10
51 8
53 6
54 141
55 6
56 140
57 10
58 138
59 141
60 141
61 6
62 141
63 141
64 141
65 141
66 138
67 6
68 8
69 8
70 10
71 10
72 142
73 139
74 6
75 10
76 138
77 6
78 6
79 140
83 6
84 138
85 6
86 141
89 6
93 139
96 6
97 142
;
param v_min:=2.375
;
param v_max:=2.625
;
param :conflictsNodes: angle:=
0 1 13 1.000000
0 13 1 1.000000
0 1 67 1.000000
0 67 1 1.000000
0 1 119 1.000000
0 119 1 1.000000
0 13 67 1.000000
0 67 13 1.000000
0 13 119 1.000000
0 119 13 1.000000
0 67 119 1.000000
0 119 67 1.000000
1 0 68 1.000000
1 68 0 1.000000
1 0 120 1.000000
1 120 0 1.000000
1 0 12 1.000000
1 12 0 1.000000
1 68 120 1.000000
1 120 68 1.000000
1 12 68 1.000000
1 68 12 1.000000
1 12 120 1.000000
1 120 12 1.000000
12 13 37 1.000000
12 37 13 1.000000
12 13 79 1.000000
12 79 13 1.000000
12 1 13 1.000000
12 13 1 1.000000
12 1 37 1.000000
12 37 1 1.000000
12 1 79 1.000000
12 79 1 1.000000
12 37 79 1.000000
12 79 37 1.000000
13 0 12 1.000000
13 12 0 1.000000
13 0 34 1.000000
13 34 0 1.000000
13 0 80 1.000000
13 80 0 1.000000
13 12 34 1.000000
13 34 12 1.000000
13 12 80 1.000000
13 80 12 1.000000
13 34 80 1.000000
13 80 34 1.000000
14 15 17 1.000000
14 17 15 1.000000
14 15 73 1.000000
14 73 15 1.000000
14 15 131 1.000000
14 131 15 1.000000
14 17 73 1.000000
14 73 17 1.000000
14 17 131 1.000000
14 131 17 1.000000
14 73 131 1.000000
14 131 73 1.000000
15 14 132 1.000000
15 132 14 1.000000
15 14 16 1.000000
15 16 14 1.000000
15 16 132 1.000000
15 132 16 1.000000
16 17 49 1.000000
16 49 17 1.000000
16 15 17 1.000000
16 17 15 1.000000
16 15 49 1.000000
16 49 15 1.000000
17 14 16 1.000000
17 16 14 1.000000
17 14 46 1.000000
17 46 14 1.000000
17 14 74 1.000000
17 74 14 1.000000
17 16 46 1.000000
17 46 16 1.000000
17 16 74 1.000000
17 74 16 1.000000
17 46 74 1.000000
17 74 46 1.000000
18 19 21 1.000000
18 21 19 1.000000
18 19 95 1.000000
18 95 19 1.000000
18 19 107 1.000000
18 107 19 1.000000
18 21 95 1.000000
18 95 21 1.000000
18 21 107 1.000000
18 107 21 1.000000
18 95 107 1.000000
18 107 95 1.000000
19 18 50 1.000000
19 50 18 1.000000
19 18 96 1.000000
19 96 18 1.000000
19 18 20 1.000000
19 20 18 1.000000
19 50 96 1.000000
19 96 50 1.000000
19 20 50 1.000000
19 50 20 1.000000
19 20 96 1.000000
19 96 20 1.000000
20 21 61 1.000000
20 61 21 1.000000
20 21 88 1.000000
20 88 21 1.000000
20 19 21 1.000000
20 21 19 1.000000
20 19 61 1.000000
20 61 19 1.000000
20 19 88 1.000000
20 88 19 1.000000
20 61 88 1.000000
20 88 61 1.000000
21 18 20 1.000000
21 20 18 1.000000
21 18 108 1.000000
21 108 18 1.000000
21 18 89 1.000000
21 89 18 1.000000
21 20 108 1.000000
21 108 20 1.000000
21 20 89 1.000000
21 89 20 1.000000
21 89 108 1.000000
21 108 89 1.000000
22 23 25 1.000000
22 25 23 1.000000
22 23 55 1.000000
22 55 23 1.000000
22 23 99 1.000000
22 99 23 1.000000
22 25 55 1.000000
22 55 25 1.000000
22 25 99 1.000000
22 99 25 1.000000
22 55 99 1.000000
22 99 55 1.000000
23 22 100 1.000000
23 100 22 1.000000
23 22 24 1.000000
23 24 22 1.000000
23 24 100 1.000000
23 100 24 1.000000
24 25 90 1.000000
24 90 25 1.000000
24 23 25 1.000000
24 25 23 1.000000
24 23 90 1.000000
24 90 23 1.000000
25 22 24 1.000000
25 24 22 1.000000
25 22 56 1.000000
25 56 22 1.000000
25 22 91 1.000000
25 91 22 1.000000
25 24 56 1.000000
25 56 24 1.000000
25 24 91 1.000000
25 91 24 1.000000
25 56 91 1.000000
25 91 56 1.000000
26 28 94 1.000000
26 94 28 1.000000
27 29 33 1.000000
27 33 29 1.000000
28 26 30 1.000000
28 30 26 1.000000
29 27 97 1.000000
29 97 27 1.000000
30 28 32 1.000000
30 32 28 1.000000
31 33 36 1.000000
31 36 33 1.000000
32 30 35 1.000000
32 35 30 1.000000
33 27 31 1.000000
33 31 27 1.000000
34 13 35 1.000000
34 35 13 1.000000
35 32 34 1.000000
35 34 32 1.000000
36 31 37 1.000000
36 37 31 1.000000
37 12 36 1.000000
37 36 12 1.000000
38 40 98 1.000000
38 98 40 1.000000
39 41 45 1.000000
39 45 41 1.000000
40 38 42 1.000000
40 42 38 1.000000
41 39 101 1.000000
41 101 39 1.000000
42 40 44 1.000000
42 44 40 1.000000
43 45 48 1.000000
43 48 45 1.000000
44 42 47 1.000000
44 47 42 1.000000
45 39 43 1.000000
45 43 39 1.000000
46 17 47 1.000000
46 47 17 1.000000
47 44 46 1.000000
47 46 44 1.000000
48 43 49 1.000000
48 49 43 1.000000
49 16 48 1.000000
49 48 16 1.000000
50 19 51 1.000000
50 51 19 1.000000
51 50 52 1.000000
51 52 50 1.000000
52 51 53 1.000000
52 53 51 1.000000
53 52 54 1.000000
53 54 52 1.000000
54 53 55 1.000000
54 55 53 1.000000
55 22 54 1.000000
55 54 22 1.000000
56 25 57 1.000000
56 57 25 1.000000
57 56 58 1.000000
57 58 56 1.000000
58 57 59 1.000000
58 59 57 1.000000
59 58 60 1.000000
59 60 58 1.000000
60 59 61 1.000000
60 61 59 1.000000
61 20 60 1.000000
61 60 20 1.000000
62 3 63 1.000000
62 63 3 1.000000
63 62 64 1.000000
63 64 62 1.000000
64 63 65 1.000000
64 65 63 1.000000
65 64 66 1.000000
65 66 64 1.000000
66 65 67 1.000000
66 67 65 1.000000
67 0 66 1.000000
67 66 0 1.000000
68 1 69 1.000000
68 69 1 1.000000
69 68 70 1.000000
69 70 68 1.000000
70 69 71 1.000000
70 71 69 1.000000
71 70 72 1.000000
71 72 70 1.000000
72 71 73 1.000000
72 73 71 1.000000
73 14 72 1.000000
73 72 14 1.000000
74 17 75 1.000000
74 75 17 1.000000
75 74 76 1.000000
75 76 74 1.000000
76 75 77 1.000000
76 77 75 1.000000
77 76 78 1.000000
77 78 76 1.000000
78 77 79 1.000000
78 79 77 1.000000
79 12 78 1.000000
79 78 12 1.000000
80 13 81 1.000000
80 81 13 1.000000
81 80 82 1.000000
81 82 80 1.000000
82 81 83 1.000000
82 83 81 1.000000
83 82 84 1.000000
83 84 82 1.000000
84 83 85 1.000000
84 85 83 1.000000
85 2 84 1.000000
85 84 2 1.000000
94 26 95 1.000000
94 95 26 1.000000
95 18 94 1.000000
95 94 18 1.000000
96 19 97 1.000000
96 97 19 1.000000
97 29 96 1.000000
97 96 29 1.000000
98 38 99 1.000000
98 99 38 1.000000
99 22 98 1.000000
99 98 22 1.000000
100 23 101 1.000000
100 101 23 1.000000
101 41 100 1.000000
101 100 41 1.000000
102 92 103 1.000000
102 103 92 1.000000
103 102 104 1.000000
103 104 102 1.000000
104 103 105 1.000000
104 105 103 1.000000
105 104 106 1.000000
105 106 104 1.000000
106 105 107 1.000000
106 107 105 1.000000
107 18 106 1.000000
107 106 18 1.000000
108 21 109 1.000000
108 109 21 1.000000
109 108 110 1.000000
109 110 108 1.000000
110 109 111 1.000000
110 111 109 1.000000
111 110 112 1.000000
111 112 110 1.000000
112 111 113 1.000000
112 113 111 1.000000
113 93 112 1.000000
113 112 93 1.000000
114 5 115 1.000000
114 115 5 1.000000
115 114 116 1.000000
115 116 114 1.000000
116 115 117 1.000000
116 117 115 1.000000
117 116 118 1.000000
117 118 116 1.000000
118 117 119 1.000000
118 119 117 1.000000
119 0 118 1.000000
119 118 0 1.000000
120 1 121 1.000000
120 121 1 1.000000
121 120 122 1.000000
121 122 120 1.000000
122 121 123 1.000000
122 123 121 1.000000
123 122 124 1.000000
123 124 122 1.000000
124 123 125 1.000000
124 125 123 1.000000
125 4 124 1.000000
125 124 4 1.000000
127 126 128 1.000000
127 128 126 1.000000
128 127 129 1.000000
128 129 127 1.000000
129 128 130 1.000000
129 130 128 1.000000
130 129 131 1.000000
130 131 129 1.000000
131 14 130 1.000000
131 130 14 1.000000
132 15 133 1.000000
132 133 15 1.000000
133 132 134 1.000000
133 134 132 1.000000
134 133 135 1.000000
134 135 133 1.000000
135 134 136 1.000000
135 136 134 1.000000
136 135 137 1.000000
136 137 135 1.000000
;
param D:=0.5;
param t_hat_ear:=
7 144 8.0
7 88 9.0
7 20 10.0
7 19 11.0
7 96 12.0
7 97 13.0
7 29 14.0
7 27 15.0
7 33 16.0
7 31 17.0
7 36 18.0
7 37 19.0
7 12 20.0
7 13 21.0
7 80 22.0
7 81 23.0
7 82 24.0
7 83 25.0
7 84 26.0
7 85 27.0
7 2 28.0
7 10 29.0
8 145 8.0
8 92 9.0
8 102 10.0
8 103 11.0
8 104 12.0
8 105 13.0
8 106 14.0
8 107 15.0
8 18 16.0
8 19 17.0
8 50 18.0
8 51 19.0
8 52 20.0
8 53 21.0
8 54 22.0
8 55 23.0
8 22 24.0
8 23 25.0
8 100 26.0
8 101 27.0
8 41 28.0
8 39 29.0
8 45 30.0
8 43 31.0
8 48 32.0
8 142 33.0
10 145 6.0
10 92 7.0
10 102 8.0
10 103 9.0
10 104 10.0
10 105 11.0
10 106 12.0
10 107 13.0
10 18 14.0
10 19 15.0
10 50 16.0
10 51 17.0
10 52 18.0
10 53 19.0
10 54 20.0
10 55 21.0
10 22 22.0
10 23 23.0
10 100 24.0
10 101 25.0
10 41 26.0
10 39 27.0
10 45 28.0
10 43 29.0
10 48 30.0
10 142 31.0
17 11 6.0
17 3 7.0
17 62 8.0
17 63 9.0
17 64 10.0
17 65 11.0
17 66 12.0
17 67 13.0
17 0 14.0
17 1 15.0
17 68 16.0
17 69 17.0
17 70 18.0
17 71 19.0
17 72 20.0
17 73 21.0
17 14 22.0
17 15 23.0
17 132 24.0
17 133 25.0
17 134 26.0
17 135 27.0
17 136 28.0
17 137 29.0
17 6 30.0
19 7 8.0
19 126 9.0
19 127 10.0
19 128 11.0
19 129 12.0
19 130 13.0
19 131 14.0
19 14 15.0
19 17 16.0
19 74 17.0
19 75 18.0
19 76 19.0
19 77 20.0
19 78 21.0
19 79 22.0
19 12 23.0
19 13 24.0
19 80 25.0
19 81 26.0
19 82 27.0
19 83 28.0
19 84 29.0
19 85 30.0
19 2 31.0
19 10 32.0
20 9 19.0
20 5 20.0
20 114 21.0
20 115 22.0
20 116 23.0
20 117 24.0
20 118 25.0
20 119 26.0
20 0 27.0
20 13 28.0
20 80 29.0
20 81 30.0
20 82 31.0
20 83 32.0
20 84 33.0
20 85 34.0
20 2 35.0
20 10 36.0
21 7 24.0
21 126 25.0
21 127 26.0
21 128 27.0
21 129 28.0
21 130 29.0
21 131 30.0
21 14 31.0
21 17 32.0
21 74 33.0
21 75 34.0
21 76 35.0
21 77 36.0
21 78 37.0
21 79 38.0
21 12 39.0
21 13 40.0
21 80 41.0
21 81 42.0
21 82 43.0
21 83 44.0
21 84 45.0
21 85 46.0
21 2 47.0
21 10 48.0
22 143 14.0
22 90 15.0
22 24 16.0
22 25 17.0
22 56 18.0
22 57 19.0
22 58 20.0
22 59 21.0
22 60 22.0
22 61 23.0
22 20 24.0
22 19 25.0
22 96 26.0
22 97 27.0
22 29 28.0
22 27 29.0
22 33 30.0
22 31 31.0
22 36 32.0
22 141 33.0
23 147 19.0
23 49 20.0
23 16 21.0
23 17 22.0
23 74 23.0
23 75 24.0
23 76 25.0
23 77 26.0
23 78 27.0
23 79 28.0
23 12 29.0
23 13 30.0
23 80 31.0
23 81 32.0
23 82 33.0
23 83 34.0
23 84 35.0
23 85 36.0
23 2 37.0
23 10 38.0
24 145 18.0
24 92 19.0
24 102 20.0
24 103 21.0
24 104 22.0
24 105 23.0
24 106 24.0
24 107 25.0
24 18 26.0
24 19 27.0
24 50 28.0
24 51 29.0
24 52 30.0
24 53 31.0
24 54 32.0
24 55 33.0
24 22 34.0
24 23 35.0
24 100 36.0
24 101 37.0
24 41 38.0
24 39 39.0
24 45 40.0
24 43 41.0
24 48 42.0
24 142 43.0
25 144 18.0
25 88 19.0
25 20 20.0
25 19 21.0
25 50 22.0
25 51 23.0
25 52 24.0
25 53 25.0
25 54 26.0
25 55 27.0
25 22 28.0
25 23 29.0
25 100 30.0
25 101 31.0
25 41 32.0
25 39 33.0
25 45 34.0
25 43 35.0
25 48 36.0
25 142 37.0
26 145 14.0
26 92 15.0
26 102 16.0
26 103 17.0
26 104 18.0
26 105 19.0
26 106 20.0
26 107 21.0
26 18 22.0
26 19 23.0
26 96 24.0
26 97 25.0
26 29 26.0
26 27 27.0
26 33 28.0
26 31 29.0
26 36 30.0
26 141 31.0
27 147 15.0
27 49 16.0
27 16 17.0
27 17 18.0
27 74 19.0
27 75 20.0
27 76 21.0
27 77 22.0
27 78 23.0
27 79 24.0
27 12 25.0
27 13 26.0
27 34 27.0
27 35 28.0
27 141 29.0
28 144 29.1
28 88 29.0
28 20 30.0
28 19 31.0
28 50 32.0
28 51 33.0
28 52 34.0
28 53 35.0
28 54 36.0
28 55 37.0
28 22 38.0
28 23 39.0
28 100 40.0
28 101 41.0
28 41 42.0
28 39 43.0
28 45 44.0
28 43 45.0
28 48 46.0
28 142 47.0
30 146 19.0
30 34 20.0
30 35 21.0
30 32 22.0
30 30 23.0
30 28 24.0
30 26 25.0
30 94 26.0
30 95 27.0
30 18 28.0
30 19 29.0
30 50 30.0
30 51 31.0
30 52 32.0
30 53 33.0
30 54 34.0
30 55 35.0
30 22 36.0
30 25 37.0
30 91 38.0
30 138 39.0
33 147 23.0
33 46 24.0
33 47 25.0
33 44 26.0
33 42 27.0
33 40 28.0
33 38 29.0
33 98 30.0
33 99 31.0
33 22 32.0
33 25 33.0
33 56 34.0
33 57 35.0
33 58 36.0
33 59 37.0
33 60 38.0
33 61 39.0
33 20 40.0
33 21 41.0
33 89 42.0
33 139 43.0
35 146 25.0
35 37 26.0
35 12 27.0
35 1 28.0
35 68 29.0
35 69 30.0
35 70 31.0
35 71 32.0
35 72 33.0
35 73 34.0
35 14 35.0
35 17 36.0
35 46 37.0
35 47 38.0
35 142 39.0
36 7 19.0
36 126 20.0
36 127 21.0
36 128 22.0
36 129 23.0
36 130 24.0
36 131 25.0
36 14 26.0
36 17 27.0
36 74 28.0
36 75 29.0
36 76 30.0
36 77 31.0
36 78 32.0
36 79 33.0
36 12 34.0
36 13 35.0
36 34 36.0
36 35 37.0
36 141 38.0
37 147 17.0
37 46 18.0
37 47 19.0
37 44 20.0
37 42 21.0
37 40 22.0
37 38 23.0
37 98 24.0
37 99 25.0
37 22 26.0
37 25 27.0
37 56 28.0
37 57 29.0
37 58 30.0
37 59 31.0
37 60 32.0
37 61 33.0
37 20 34.0
37 21 35.0
37 89 36.0
37 139 37.0
39 9 28.0
39 5 29.0
39 114 30.0
39 115 31.0
39 116 32.0
39 117 33.0
39 118 34.0
39 119 35.0
39 0 36.0
39 13 37.0
39 34 38.0
39 35 39.0
39 32 40.0
39 30 41.0
39 28 42.0
39 26 43.0
39 94 44.0
39 95 45.0
39 18 46.0
39 21 47.0
39 89 48.0
39 139 49.0
40 143 30.0
40 90 31.0
40 24 32.0
40 23 33.0
40 100 34.0
40 101 35.0
40 41 36.0
40 39 37.0
40 45 38.0
40 43 39.0
40 48 40.0
40 142 41.0
41 9 35.0
41 5 36.0
41 114 37.0
41 115 38.0
41 116 39.0
41 117 40.0
41 118 41.0
41 119 42.0
41 0 43.0
41 13 44.0
41 34 45.0
41 35 46.0
41 32 47.0
41 30 48.0
41 28 49.0
41 26 50.0
41 94 51.0
41 95 52.0
41 18 53.0
41 21 54.0
41 89 55.0
41 139 56.0
42 145 36.0
42 92 37.0
42 102 38.0
42 103 39.0
42 104 40.0
42 105 41.0
42 106 42.0
42 107 43.0
42 18 44.0
42 19 45.0
42 50 46.0
42 51 47.0
42 52 48.0
42 53 49.0
42 54 50.0
42 55 51.0
42 22 52.0
42 25 53.0
42 91 54.0
42 138 55.0
43 145 32.0
43 92 33.0
43 102 34.0
43 103 35.0
43 104 36.0
43 105 37.0
43 106 38.0
43 107 39.0
43 18 40.0
43 19 41.0
43 96 42.0
43 97 43.0
43 29 44.0
43 27 45.0
43 33 46.0
43 31 47.0
43 36 48.0
43 141 49.0
45 143 24.0
45 90 25.0
45 24 26.0
45 23 27.0
45 100 28.0
45 101 29.0
45 41 30.0
45 39 31.0
45 45 32.0
45 43 33.0
45 48 34.0
45 142 35.0
46 11 25.0
46 3 26.0
46 62 27.0
46 63 28.0
46 64 29.0
46 65 30.0
46 66 31.0
46 67 32.0
46 0 33.0
46 1 34.0
46 68 35.0
46 69 36.0
46 70 37.0
46 71 38.0
46 72 39.0
46 73 40.0
46 14 41.0
46 17 42.0
46 46 43.0
46 47 44.0
46 142 45.0
47 143 28.0
47 90 29.0
47 24 30.0
47 25 31.0
47 56 32.0
47 57 33.0
47 58 34.0
47 59 35.0
47 60 36.0
47 61 37.0
47 20 38.0
47 19 39.0
47 96 40.0
47 97 41.0
47 29 42.0
47 27 43.0
47 33 44.0
47 31 45.0
47 36 46.0
47 141 47.0
48 147 27.0
48 49 28.0
48 16 29.0
48 17 30.0
48 74 31.0
48 75 32.0
48 76 33.0
48 77 34.0
48 78 35.0
48 79 36.0
48 12 37.0
48 1 38.0
48 120 39.0
48 121 40.0
48 122 41.0
48 123 42.0
48 124 43.0
48 125 44.0
48 4 45.0
48 8 46.0
49 11 21.0
49 3 22.0
49 62 23.0
49 63 24.0
49 64 25.0
49 65 26.0
49 66 27.0
49 67 28.0
49 0 29.0
49 1 30.0
49 68 31.0
49 69 32.0
49 70 33.0
49 71 34.0
49 72 35.0
49 73 36.0
49 14 37.0
49 15 38.0
49 132 39.0
49 133 40.0
49 134 41.0
49 135 42.0
49 136 43.0
49 137 44.0
49 6 45.0
50 7 26.0
50 126 27.0
50 127 28.0
50 128 29.0
50 129 30.0
50 130 31.0
50 131 32.0
50 14 33.0
50 17 34.0
50 74 35.0
50 75 36.0
50 76 37.0
50 77 38.0
50 78 39.0
50 79 40.0
50 12 41.0
50 13 42.0
50 80 43.0
50 81 44.0
50 82 45.0
50 83 46.0
50 84 47.0
50 85 48.0
50 2 49.0
50 10 50.0
51 11 23.0
51 3 24.0
51 62 25.0
51 63 26.0
51 64 27.0
51 65 28.0
51 66 29.0
51 67 30.0
51 0 31.0
51 1 32.0
51 120 33.0
51 121 34.0
51 122 35.0
51 123 36.0
51 124 37.0
51 125 38.0
51 4 39.0
51 8 40.0
53 147 25.0
53 49 26.0
53 16 27.0
53 15 28.0
53 132 29.0
53 133 30.0
53 134 31.0
53 135 32.0
53 136 33.0
53 137 34.0
53 6 35.0
54 145 26.0
54 92 27.0
54 102 28.0
54 103 29.0
54 104 30.0
54 105 31.0
54 106 32.0
54 107 33.0
54 18 34.0
54 19 35.0
54 96 36.0
54 97 37.0
54 29 38.0
54 27 39.0
54 33 40.0
54 31 41.0
54 36 42.0
54 141 43.0
55 147 29.0
55 49 30.0
55 16 31.0
55 15 32.0
55 132 33.0
55 133 34.0
55 134 35.0
55 135 36.0
55 136 37.0
55 137 38.0
55 6 39.0
56 143 26.0
56 90 27.0
56 24 28.0
56 25 29.0
56 56 30.0
56 57 31.0
56 58 32.0
56 59 33.0
56 60 34.0
56 61 35.0
56 20 36.0
56 21 37.0
56 108 38.0
56 109 39.0
56 110 40.0
56 111 41.0
56 112 42.0
56 113 43.0
56 93 44.0
56 140 45.0
57 146 29.0
57 37 30.0
57 12 31.0
57 13 32.0
57 80 33.0
57 81 34.0
57 82 35.0
57 83 36.0
57 84 37.0
57 85 38.0
57 2 39.0
57 10 40.0
58 145 28.0
58 92 29.0
58 102 30.0
58 103 31.0
58 104 32.0
58 105 33.0
58 106 34.0
58 107 35.0
58 18 36.0
58 19 37.0
58 50 38.0
58 51 39.0
58 52 40.0
58 53 41.0
58 54 42.0
58 55 43.0
58 22 44.0
58 25 45.0
58 91 46.0
58 138 47.0
59 143 22.0
59 90 23.0
59 24 24.0
59 25 25.0
59 56 26.0
59 57 27.0
59 58 28.0
59 59 29.0
59 60 30.0
59 61 31.0
59 20 32.0
59 19 33.0
59 96 34.0
59 97 35.0
59 29 36.0
59 27 37.0
59 33 38.0
59 31 39.0
59 36 40.0
59 141 41.0
60 11 41.0
60 3 42.0
60 62 43.0
60 63 44.0
60 64 45.0
60 65 46.0
60 66 47.0
60 67 48.0
60 0 49.0
60 13 50.0
60 34 51.0
60 35 52.0
60 141 53.0
61 146 45.0
61 37 46.0
61 12 47.0
61 1 48.0
61 68 49.0
61 69 50.0
61 70 51.0
61 71 52.0
61 72 53.0
61 73 54.0
61 14 55.0
61 15 56.0
61 132 57.0
61 133 58.0
61 134 59.0
61 135 60.0
61 136 61.0
61 137 62.0
61 6 63.0
62 7 44.0
62 126 45.0
62 127 46.0
62 128 47.0
62 129 48.0
62 130 49.0
62 131 50.0
62 14 51.0
62 17 52.0
62 74 53.0
62 75 54.0
62 76 55.0
62 77 56.0
62 78 57.0
62 79 58.0
62 12 59.0
62 13 60.0
62 34 61.0
62 35 62.0
62 141 63.0
63 144 46.0
63 88 47.0
63 20 48.0
63 19 49.0
63 96 50.0
63 97 51.0
63 29 52.0
63 27 53.0
63 33 54.0
63 31 55.0
63 36 56.0
63 141 57.0
64 9 39.0
64 5 40.0
64 114 41.0
64 115 42.0
64 116 43.0
64 117 44.0
64 118 45.0
64 119 46.0
64 0 47.0
64 13 48.0
64 34 49.0
64 35 50.0
64 141 51.0
65 147 47.0
65 49 48.0
65 16 49.0
65 17 50.0
65 74 51.0
65 75 52.0
65 76 53.0
65 77 54.0
65 78 55.0
65 79 56.0
65 12 57.0
65 13 58.0
65 34 59.0
65 35 60.0
65 141 61.0
66 7 32.0
66 126 33.0
66 127 34.0
66 128 35.0
66 129 36.0
66 130 37.0
66 131 38.0
66 14 39.0
66 17 40.0
66 46 41.0
66 47 42.0
66 44 43.0
66 42 44.0
66 40 45.0
66 38 46.0
66 98 47.0
66 99 48.0
66 22 49.0
66 25 50.0
66 91 51.0
66 138 52.0
67 143 34.0
67 90 35.0
67 24 36.0
67 23 37.0
67 100 38.0
67 101 39.0
67 41 40.0
67 39 41.0
67 45 42.0
67 43 43.0
67 48 44.0
67 49 45.0
67 16 46.0
67 15 47.0
67 132 48.0
67 133 49.0
67 134 50.0
67 135 51.0
67 136 52.0
67 137 53.0
67 6 54.0
68 11 31.0
68 3 32.0
68 62 33.0
68 63 34.0
68 64 35.0
68 65 36.0
68 66 37.0
68 67 38.0
68 0 39.0
68 1 40.0
68 120 41.0
68 121 42.0
68 122 43.0
68 123 44.0
68 124 45.0
68 125 46.0
68 4 47.0
68 8 48.0
69 144 49.0
69 88 50.0
69 20 51.0
69 19 52.0
69 96 53.0
69 97 54.0
69 29 55.0
69 27 56.0
69 33 57.0
69 31 58.0
69 36 59.0
69 37 60.0
69 12 61.0
69 1 62.0
69 120 63.0
69 121 64.0
69 122 65.0
69 123 66.0
69 124 67.0
69 125 68.0
69 4 69.0
69 8 70.0
70 147 35.0
70 49 36.0
70 16 37.0
70 17 38.0
70 74 39.0
70 75 40.0
70 76 41.0
70 77 42.0
70 78 43.0
70 79 44.0
70 12 45.0
70 13 46.0
70 80 47.0
70 81 48.0
70 82 49.0
70 83 50.0
70 84 51.0
70 85 52.0
70 2 53.0
70 10 54.0
71 7 38.0
71 126 39.0
71 127 40.0
71 128 41.0
71 129 42.0
71 130 43.0
71 131 44.0
71 14 45.0
71 17 46.0
71 74 47.0
71 75 48.0
71 76 49.0
71 77 50.0
71 78 51.0
71 79 52.0
71 12 53.0
71 13 54.0
71 80 55.0
71 81 56.0
71 82 57.0
71 83 58.0
71 84 59.0
71 85 60.0
71 2 61.0
71 10 62.0
72 146 47.0
72 37 48.0
72 12 49.0
72 1 50.0
72 68 51.0
72 69 52.0
72 70 53.0
72 71 54.0
72 72 55.0
72 73 56.0
72 14 57.0
72 17 58.0
72 46 59.0
72 47 60.0
72 142 61.0
73 146 39.0
73 34 40.0
73 35 41.0
73 32 42.0
73 30 43.0
73 28 44.0
73 26 45.0
73 94 46.0
73 95 47.0
73 18 48.0
73 21 49.0
73 89 50.0
73 139 51.0
74 11 33.0
74 3 34.0
74 62 35.0
74 63 36.0
74 64 37.0
74 65 38.0
74 66 39.0
74 67 40.0
74 0 41.0
74 1 42.0
74 68 43.0
74 69 44.0
74 70 45.0
74 71 46.0
74 72 47.0
74 73 48.0
74 14 49.0
74 15 50.0
74 132 51.0
74 133 52.0
74 134 53.0
74 135 54.0
74 136 55.0
74 137 56.0
74 6 57.0
75 7 36.0
75 126 37.0
75 127 38.0
75 128 39.0
75 129 40.0
75 130 41.0
75 131 42.0
75 14 43.0
75 17 44.0
75 74 45.0
75 75 46.0
75 76 47.0
75 77 48.0
75 78 49.0
75 79 50.0
75 12 51.0
75 13 52.0
75 80 53.0
75 81 54.0
75 82 55.0
75 83 56.0
75 84 57.0
75 85 58.0
75 2 59.0
75 10 60.0
76 144 44.0
76 88 45.0
76 20 46.0
76 19 47.0
76 50 48.0
76 51 49.0
76 52 50.0
76 53 51.0
76 54 52.0
76 55 53.0
76 22 54.0
76 25 55.0
76 91 56.0
76 138 57.0
77 143 39.0
77 90 40.0
77 24 41.0
77 23 42.0
77 100 43.0
77 101 44.0
77 41 45.0
77 39 46.0
77 45 47.0
77 43 48.0
77 48 49.0
77 49 50.0
77 16 51.0
77 15 52.0
77 132 53.0
77 133 54.0
77 134 55.0
77 135 56.0
77 136 57.0
77 137 58.0
77 6 59.0
78 9 37.0
78 5 38.0
78 114 39.0
78 115 40.0
78 116 41.0
78 117 42.0
78 118 43.0
78 119 44.0
78 0 45.0
78 1 46.0
78 68 47.0
78 69 48.0
78 70 49.0
78 71 50.0
78 72 51.0
78 73 52.0
78 14 53.0
78 15 54.0
78 132 55.0
78 133 56.0
78 134 57.0
78 135 58.0
78 136 59.0
78 137 60.0
78 6 61.0
79 146 33.0
79 34 34.0
79 35 35.0
79 32 36.0
79 30 37.0
79 28 38.0
79 26 39.0
79 94 40.0
79 95 41.0
79 18 42.0
79 21 43.0
79 108 44.0
79 109 45.0
79 110 46.0
79 111 47.0
79 112 48.0
79 113 49.0
79 93 50.0
79 140 51.0
83 9 47.0
83 5 48.0
83 114 49.0
83 115 50.0
83 116 51.0
83 117 52.0
83 118 53.0
83 119 54.0
83 0 55.0
83 1 56.0
83 68 57.0
83 69 58.0
83 70 59.0
83 71 60.0
83 72 61.0
83 73 62.0
83 14 63.0
83 15 64.0
83 132 65.0
83 133 66.0
83 134 67.0
83 135 68.0
83 136 69.0
83 137 70.0
83 6 71.0
84 7 40.0
84 126 41.0
84 127 42.0
84 128 43.0
84 129 44.0
84 130 45.0
84 131 46.0
84 14 47.0
84 17 48.0
84 46 49.0
84 47 50.0
84 44 51.0
84 42 52.0
84 40 53.0
84 38 54.0
84 98 55.0
84 99 56.0
84 22 57.0
84 25 58.0
84 91 59.0
84 138 60.0
85 11 45.0
85 3 46.0
85 62 47.0
85 63 48.0
85 64 49.0
85 65 50.0
85 66 51.0
85 67 52.0
85 0 53.0
85 1 54.0
85 68 55.0
85 69 56.0
85 70 57.0
85 71 58.0
85 72 59.0
85 73 60.0
85 14 61.0
85 15 62.0
85 132 63.0
85 133 64.0
85 134 65.0
85 135 66.0
85 136 67.0
85 137 68.0
85 6 69.0
86 145 49.0
86 92 50.0
86 102 51.0
86 103 52.0
86 104 53.0
86 105 54.0
86 106 55.0
86 107 56.0
86 18 57.0
86 19 58.0
86 96 59.0
86 97 60.0
86 29 61.0
86 27 62.0
86 33 63.0
86 31 64.0
86 36 65.0
86 141 66.0
89 11 49.0
89 3 50.0
89 62 51.0
89 63 52.0
89 64 53.0
89 65 54.0
89 66 55.0
89 67 56.0
89 0 57.0
89 1 58.0
89 68 59.0
89 69 60.0
89 70 61.0
89 71 62.0
89 72 63.0
89 73 64.0
89 14 65.0
89 15 66.0
89 132 67.0
89 133 68.0
89 134 69.0
89 135 70.0
89 136 71.0
89 137 72.0
89 6 73.0
93 143 45.0
93 90 46.0
93 24 47.0
93 25 48.0
93 56 49.0
93 57 50.0
93 58 51.0
93 59 52.0
93 60 53.0
93 61 54.0
93 20 55.0
93 21 56.0
93 89 57.0
93 139 58.0
96 9 43.0
96 5 44.0
96 114 45.0
96 115 46.0
96 116 47.0
96 117 48.0
96 118 49.0
96 119 50.0
96 0 51.0
96 1 52.0
96 68 53.0
96 69 54.0
96 70 55.0
96 71 56.0
96 72 57.0
96 73 58.0
96 14 59.0
96 15 60.0
96 132 61.0
96 133 62.0
96 134 63.0
96 135 64.0
96 136 65.0
96 137 66.0
96 6 67.0
97 143 41.0
97 90 42.0
97 24 43.0
97 23 44.0
97 100 45.0
97 101 46.0
97 41 47.0
97 39 48.0
97 45 49.0
97 43 50.0
97 48 51.0
97 142 52.0
;
param t_hat_lat:=
7 144 9.0
7 88 10.0
7 20 11.0
7 19 12.0
7 96 13.0
7 97 14.0
7 29 15.0
7 27 16.0
7 33 17.0
7 31 18.0
7 36 19.0
7 37 20.0
7 12 21.0
7 13 22.0
7 80 23.0
7 81 24.0
7 82 25.0
7 83 26.0
7 84 27.0
7 85 28.0
7 2 29.0
7 10 30.0
8 145 9.0
8 92 10.0
8 102 11.0
8 103 12.0
8 104 13.0
8 105 14.0
8 106 15.0
8 107 16.0
8 18 17.0
8 19 18.0
8 50 19.0
8 51 20.0
8 52 21.0
8 53 22.0
8 54 23.0
8 55 24.0
8 22 25.0
8 23 26.0
8 100 27.0
8 101 28.0
8 41 29.0
8 39 30.0
8 45 31.0
8 43 32.0
8 48 33.0
8 142 34.0
10 145 7.0
10 92 8.0
10 102 9.0
10 103 10.0
10 104 11.0
10 105 12.0
10 106 13.0
10 107 14.0
10 18 15.0
10 19 16.0
10 50 17.0
10 51 18.0
10 52 19.0
10 53 20.0
10 54 21.0
10 55 22.0
10 22 23.0
10 23 24.0
10 100 25.0
10 101 26.0
10 41 27.0
10 39 28.0
10 45 29.0
10 43 30.0
10 48 31.0
10 142 32.0
17 11 7.0
17 3 8.0
17 62 9.0
17 63 10.0
17 64 11.0
17 65 12.0
17 66 13.0
17 67 14.0
17 0 15.0
17 1 16.0
17 68 17.0
17 69 18.0
17 70 19.0
17 71 20.0
17 72 21.0
17 73 22.0
17 14 23.0
17 15 24.0
17 132 25.0
17 133 26.0
17 134 27.0
17 135 28.0
17 136 29.0
17 137 30.0
17 6 31.0
19 7 9.0
19 126 10.0
19 127 11.0
19 128 12.0
19 129 13.0
19 130 14.0
19 131 15.0
19 14 16.0
19 17 17.0
19 74 18.0
19 75 19.0
19 76 20.0
19 77 21.0
19 78 22.0
19 79 23.0
19 12 24.0
19 13 25.0
19 80 26.0
19 81 27.0
19 82 28.0
19 83 29.0
19 84 30.0
19 85 31.0
19 2 32.0
19 10 33.0
20 9 20.0
20 5 21.0
20 114 22.0
20 115 23.0
20 116 24.0
20 117 25.0
20 118 26.0
20 119 27.0
20 0 28.0
20 13 29.0
20 80 30.0
20 81 31.0
20 82 32.0
20 83 33.0
20 84 34.0
20 85 35.0
20 2 36.0
20 10 37.0
21 7 25.0
21 126 26.0
21 127 27.0
21 128 28.0
21 129 29.0
21 130 30.0
21 131 31.0
21 14 32.0
21 17 33.0
21 74 34.0
21 75 35.0
21 76 36.0
21 77 37.0
21 78 38.0
21 79 39.0
21 12 40.0
21 13 41.0
21 80 42.0
21 81 43.0
21 82 44.0
21 83 45.0
21 84 46.0
21 85 47.0
21 2 48.0
21 10 49.0
22 143 15.0
22 90 16.0
22 24 17.0
22 25 18.0
22 56 19.0
22 57 20.0
22 58 21.0
22 59 22.0
22 60 23.0
22 61 24.0
22 20 25.0
22 19 26.0
22 96 27.0
22 97 28.0
22 29 29.0
22 27 30.0
22 33 31.0
22 31 32.0
22 36 33.0
22 141 34.0
23 147 20.0
23 49 21.0
23 16 22.0
23 17 23.0
23 74 24.0
23 75 25.0
23 76 26.0
23 77 27.0
23 78 28.0
23 79 29.0
23 12 30.0
23 13 31.0
23 80 32.0
23 81 33.0
23 82 34.0
23 83 35.0
23 84 36.0
23 85 37.0
23 2 38.0
23 10 39.0
24 145 19.0
24 92 20.0
24 102 21.0
24 103 22.0
24 104 23.0
24 105 24.0
24 106 25.0
24 107 26.0
24 18 27.0
24 19 28.0
24 50 29.0
24 51 30.0
24 52 31.0
24 53 32.0
24 54 33.0
24 55 34.0
24 22 35.0
24 23 36.0
24 100 37.0
24 101 38.0
24 41 39.0
24 39 40.0
24 45 41.0
24 43 42.0
24 48 43.0
24 142 44.0
25 144 19.0
25 88 20.0
25 20 21.0
25 19 22.0
25 50 23.0
25 51 24.0
25 52 25.0
25 53 26.0
25 54 27.0
25 55 28.0
25 22 29.0
25 23 30.0
25 100 31.0
25 101 32.0
25 41 33.0
25 39 34.0
25 45 35.0
25 43 36.0
25 48 37.0
25 142 38.0
26 145 15.0
26 92 16.0
26 102 17.0
26 103 18.0
26 104 19.0
26 105 20.0
26 106 21.0
26 107 22.0
26 18 23.0
26 19 24.0
26 96 25.0
26 97 26.0
26 29 27.0
26 27 28.0
26 33 29.0
26 31 30.0
26 36 31.0
26 141 32.0
27 147 16.0
27 49 17.0
27 16 18.0
27 17 19.0
27 74 20.0
27 75 21.0
27 76 22.0
27 77 23.0
27 78 24.0
27 79 25.0
27 12 26.0
27 13 27.0
27 34 28.0
27 35 29.0
27 141 30.0
28 144 30.1
28 88 30.0
28 20 31.0
28 19 32.0
28 50 33.0
28 51 34.0
28 52 35.0
28 53 36.0
28 54 37.0
28 55 38.0
28 22 39.0
28 23 40.0
28 100 41.0
28 101 42.0
28 41 43.0
28 39 44.0
28 45 45.0
28 43 46.0
28 48 47.0
28 142 48.0
30 146 20.0
30 34 21.0
30 35 22.0
30 32 23.0
30 30 24.0
30 28 25.0
30 26 26.0
30 94 27.0
30 95 28.0
30 18 29.0
30 19 30.0
30 50 31.0
30 51 32.0
30 52 33.0
30 53 34.0
30 54 35.0
30 55 36.0
30 22 37.0
30 25 38.0
30 91 39.0
30 138 40.0
33 147 24.0
33 46 25.0
33 47 26.0
33 44 27.0
33 42 28.0
33 40 29.0
33 38 30.0
33 98 31.0
33 99 32.0
33 22 33.0
33 25 34.0
33 56 35.0
33 57 36.0
33 58 37.0
33 59 38.0
33 60 39.0
33 61 40.0
33 20 41.0
33 21 42.0
33 89 43.0
33 139 44.0
35 146 26.0
35 37 27.0
35 12 28.0
35 1 29.0
35 68 30.0
35 69 31.0
35 70 32.0
35 71 33.0
35 72 34.0
35 73 35.0
35 14 36.0
35 17 37.0
35 46 38.0
35 47 39.0
35 142 40.0
36 7 20.0
36 126 21.0
36 127 22.0
36 128 23.0
36 129 24.0
36 130 25.0
36 131 26.0
36 14 27.0
36 17 28.0
36 74 29.0
36 75 30.0
36 76 31.0
36 77 32.0
36 78 33.0
36 79 34.0
36 12 35.0
36 13 36.0
36 34 37.0
36 35 38.0
36 141 39.0
37 147 18.0
37 46 19.0
37 47 20.0
37 44 21.0
37 42 22.0
37 40 23.0
37 38 24.0
37 98 25.0
37 99 26.0
37 22 27.0
37 25 28.0
37 56 29.0
37 57 30.0
37 58 31.0
37 59 32.0
37 60 33.0
37 61 34.0
37 20 35.0
37 21 36.0
37 89 37.0
37 139 38.0
39 9 29.0
39 5 30.0
39 114 31.0
39 115 32.0
39 116 33.0
39 117 34.0
39 118 35.0
39 119 36.0
39 0 37.0
39 13 38.0
39 34 39.0
39 35 40.0
39 32 41.0
39 30 42.0
39 28 43.0
39 26 44.0
39 94 45.0
39 95 46.0
39 18 47.0
39 21 48.0
39 89 49.0
39 139 50.0
40 143 31.0
40 90 32.0
40 24 33.0
40 23 34.0
40 100 35.0
40 101 36.0
40 41 37.0
40 39 38.0
40 45 39.0
40 43 40.0
40 48 41.0
40 142 42.0
41 9 36.0
41 5 37.0
41 114 38.0
41 115 39.0
41 116 40.0
41 117 41.0
41 118 42.0
41 119 43.0
41 0 44.0
41 13 45.0
41 34 46.0
41 35 47.0
41 32 48.0
41 30 49.0
41 28 50.0
41 26 51.0
41 94 52.0
41 95 53.0
41 18 54.0
41 21 55.0
41 89 56.0
41 139 57.0
42 145 37.0
42 92 38.0
42 102 39.0
42 103 40.0
42 104 41.0
42 105 42.0
42 106 43.0
42 107 44.0
42 18 45.0
42 19 46.0
42 50 47.0
42 51 48.0
42 52 49.0
42 53 50.0
42 54 51.0
42 55 52.0
42 22 53.0
42 25 54.0
42 91 55.0
42 138 56.0
43 145 33.0
43 92 34.0
43 102 35.0
43 103 36.0
43 104 37.0
43 105 38.0
43 106 39.0
43 107 40.0
43 18 41.0
43 19 42.0
43 96 43.0
43 97 44.0
43 29 45.0
43 27 46.0
43 33 47.0
43 31 48.0
43 36 49.0
43 141 50.0
45 143 25.0
45 90 26.0
45 24 27.0
45 23 28.0
45 100 29.0
45 101 30.0
45 41 31.0
45 39 32.0
45 45 33.0
45 43 34.0
45 48 35.0
45 142 36.0
46 11 26.0
46 3 27.0
46 62 28.0
46 63 29.0
46 64 30.0
46 65 31.0
46 66 32.0
46 67 33.0
46 0 34.0
46 1 35.0
46 68 36.0
46 69 37.0
46 70 38.0
46 71 39.0
46 72 40.0
46 73 41.0
46 14 42.0
46 17 43.0
46 46 44.0
46 47 45.0
46 142 46.0
47 143 29.0
47 90 30.0
47 24 31.0
47 25 32.0
47 56 33.0
47 57 34.0
47 58 35.0
47 59 36.0
47 60 37.0
47 61 38.0
47 20 39.0
47 19 40.0
47 96 41.0
47 97 42.0
47 29 43.0
47 27 44.0
47 33 45.0
47 31 46.0
47 36 47.0
47 141 48.0
48 147 28.0
48 49 29.0
48 16 30.0
48 17 31.0
48 74 32.0
48 75 33.0
48 76 34.0
48 77 35.0
48 78 36.0
48 79 37.0
48 12 38.0
48 1 39.0
48 120 40.0
48 121 41.0
48 122 42.0
48 123 43.0
48 124 44.0
48 125 45.0
48 4 46.0
48 8 47.0
49 11 22.0
49 3 23.0
49 62 24.0
49 63 25.0
49 64 26.0
49 65 27.0
49 66 28.0
49 67 29.0
49 0 30.0
49 1 31.0
49 68 32.0
49 69 33.0
49 70 34.0
49 71 35.0
49 72 36.0
49 73 37.0
49 14 38.0
49 15 39.0
49 132 40.0
49 133 41.0
49 134 42.0
49 135 43.0
49 136 44.0
49 137 45.0
49 6 46.0
50 7 27.0
50 126 28.0
50 127 29.0
50 128 30.0
50 129 31.0
50 130 32.0
50 131 33.0
50 14 34.0
50 17 35.0
50 74 36.0
50 75 37.0
50 76 38.0
50 77 39.0
50 78 40.0
50 79 41.0
50 12 42.0
50 13 43.0
50 80 44.0
50 81 45.0
50 82 46.0
50 83 47.0
50 84 48.0
50 85 49.0
50 2 50.0
50 10 51.0
51 11 24.0
51 3 25.0
51 62 26.0
51 63 27.0
51 64 28.0
51 65 29.0
51 66 30.0
51 67 31.0
51 0 32.0
51 1 33.0
51 120 34.0
51 121 35.0
51 122 36.0
51 123 37.0
51 124 38.0
51 125 39.0
51 4 40.0
51 8 41.0
53 147 26.0
53 49 27.0
53 16 28.0
53 15 29.0
53 132 30.0
53 133 31.0
53 134 32.0
53 135 33.0
53 136 34.0
53 137 35.0
53 6 36.0
54 145 27.0
54 92 28.0
54 102 29.0
54 103 30.0
54 104 31.0
54 105 32.0
54 106 33.0
54 107 34.0
54 18 35.0
54 19 36.0
54 96 37.0
54 97 38.0
54 29 39.0
54 27 40.0
54 33 41.0
54 31 42.0
54 36 43.0
54 141 44.0
55 147 30.0
55 49 31.0
55 16 32.0
55 15 33.0
55 132 34.0
55 133 35.0
55 134 36.0
55 135 37.0
55 136 38.0
55 137 39.0
55 6 40.0
56 143 27.0
56 90 28.0
56 24 29.0
56 25 30.0
56 56 31.0
56 57 32.0
56 58 33.0
56 59 34.0
56 60 35.0
56 61 36.0
56 20 37.0
56 21 38.0
56 108 39.0
56 109 40.0
56 110 41.0
56 111 42.0
56 112 43.0
56 113 44.0
56 93 45.0
56 140 46.0
57 146 30.0
57 37 31.0
57 12 32.0
57 13 33.0
57 80 34.0
57 81 35.0
57 82 36.0
57 83 37.0
57 84 38.0
57 85 39.0
57 2 40.0
57 10 41.0
58 145 29.0
58 92 30.0
58 102 31.0
58 103 32.0
58 104 33.0
58 105 34.0
58 106 35.0
58 107 36.0
58 18 37.0
58 19 38.0
58 50 39.0
58 51 40.0
58 52 41.0
58 53 42.0
58 54 43.0
58 55 44.0
58 22 45.0
58 25 46.0
58 91 47.0
58 138 48.0
59 143 23.0
59 90 24.0
59 24 25.0
59 25 26.0
59 56 27.0
59 57 28.0
59 58 29.0
59 59 30.0
59 60 31.0
59 61 32.0
59 20 33.0
59 19 34.0
59 96 35.0
59 97 36.0
59 29 37.0
59 27 38.0
59 33 39.0
59 31 40.0
59 36 41.0
59 141 42.0
60 11 42.0
60 3 43.0
60 62 44.0
60 63 45.0
60 64 46.0
60 65 47.0
60 66 48.0
60 67 49.0
60 0 50.0
60 13 51.0
60 34 52.0
60 35 53.0
60 141 54.0
61 146 46.0
61 37 47.0
61 12 48.0
61 1 49.0
61 68 50.0
61 69 51.0
61 70 52.0
61 71 53.0
61 72 54.0
61 73 55.0
61 14 56.0
61 15 57.0
61 132 58.0
61 133 59.0
61 134 60.0
61 135 61.0
61 136 62.0
61 137 63.0
61 6 64.0
62 7 45.0
62 126 46.0
62 127 47.0
62 128 48.0
62 129 49.0
62 130 50.0
62 131 51.0
62 14 52.0
62 17 53.0
62 74 54.0
62 75 55.0
62 76 56.0
62 77 57.0
62 78 58.0
62 79 59.0
62 12 60.0
62 13 61.0
62 34 62.0
62 35 63.0
62 141 64.0
63 144 47.0
63 88 48.0
63 20 49.0
63 19 50.0
63 96 51.0
63 97 52.0
63 29 53.0
63 27 54.0
63 33 55.0
63 31 56.0
63 36 57.0
63 141 58.0
64 9 40.0
64 5 41.0
64 114 42.0
64 115 43.0
64 116 44.0
64 117 45.0
64 118 46.0
64 119 47.0
64 0 48.0
64 13 49.0
64 34 50.0
64 35 51.0
64 141 52.0
65 147 48.0
65 49 49.0
65 16 50.0
65 17 51.0
65 74 52.0
65 75 53.0
65 76 54.0
65 77 55.0
65 78 56.0
65 79 57.0
65 12 58.0
65 13 59.0
65 34 60.0
65 35 61.0
65 141 62.0
66 7 33.0
66 126 34.0
66 127 35.0
66 128 36.0
66 129 37.0
66 130 38.0
66 131 39.0
66 14 40.0
66 17 41.0
66 46 42.0
66 47 43.0
66 44 44.0
66 42 45.0
66 40 46.0
66 38 47.0
66 98 48.0
66 99 49.0
66 22 50.0
66 25 51.0
66 91 52.0
66 138 53.0
67 143 35.0
67 90 36.0
67 24 37.0
67 23 38.0
67 100 39.0
67 101 40.0
67 41 41.0
67 39 42.0
67 45 43.0
67 43 44.0
67 48 45.0
67 49 46.0
67 16 47.0
67 15 48.0
67 132 49.0
67 133 50.0
67 134 51.0
67 135 52.0
67 136 53.0
67 137 54.0
67 6 55.0
68 11 32.0
68 3 33.0
68 62 34.0
68 63 35.0
68 64 36.0
68 65 37.0
68 66 38.0
68 67 39.0
68 0 40.0
68 1 41.0
68 120 42.0
68 121 43.0
68 122 44.0
68 123 45.0
68 124 46.0
68 125 47.0
68 4 48.0
68 8 49.0
69 144 50.0
69 88 51.0
69 20 52.0
69 19 53.0
69 96 54.0
69 97 55.0
69 29 56.0
69 27 57.0
69 33 58.0
69 31 59.0
69 36 60.0
69 37 61.0
69 12 62.0
69 1 63.0
69 120 64.0
69 121 65.0
69 122 66.0
69 123 67.0
69 124 68.0
69 125 69.0
69 4 70.0
69 8 71.0
70 147 36.0
70 49 37.0
70 16 38.0
70 17 39.0
70 74 40.0
70 75 41.0
70 76 42.0
70 77 43.0
70 78 44.0
70 79 45.0
70 12 46.0
70 13 47.0
70 80 48.0
70 81 49.0
70 82 50.0
70 83 51.0
70 84 52.0
70 85 53.0
70 2 54.0
70 10 55.0
71 7 39.0
71 126 40.0
71 127 41.0
71 128 42.0
71 129 43.0
71 130 44.0
71 131 45.0
71 14 46.0
71 17 47.0
71 74 48.0
71 75 49.0
71 76 50.0
71 77 51.0
71 78 52.0
71 79 53.0
71 12 54.0
71 13 55.0
71 80 56.0
71 81 57.0
71 82 58.0
71 83 59.0
71 84 60.0
71 85 61.0
71 2 62.0
71 10 63.0
72 146 48.0
72 37 49.0
72 12 50.0
72 1 51.0
72 68 52.0
72 69 53.0
72 70 54.0
72 71 55.0
72 72 56.0
72 73 57.0
72 14 58.0
72 17 59.0
72 46 60.0
72 47 61.0
72 142 62.0
73 146 40.0
73 34 41.0
73 35 42.0
73 32 43.0
73 30 44.0
73 28 45.0
73 26 46.0
73 94 47.0
73 95 48.0
73 18 49.0
73 21 50.0
73 89 51.0
73 139 52.0
74 11 34.0
74 3 35.0
74 62 36.0
74 63 37.0
74 64 38.0
74 65 39.0
74 66 40.0
74 67 41.0
74 0 42.0
74 1 43.0
74 68 44.0
74 69 45.0
74 70 46.0
74 71 47.0
74 72 48.0
74 73 49.0
74 14 50.0
74 15 51.0
74 132 52.0
74 133 53.0
74 134 54.0
74 135 55.0
74 136 56.0
74 137 57.0
74 6 58.0
75 7 37.0
75 126 38.0
75 127 39.0
75 128 40.0
75 129 41.0
75 130 42.0
75 131 43.0
75 14 44.0
75 17 45.0
75 74 46.0
75 75 47.0
75 76 48.0
75 77 49.0
75 78 50.0
75 79 51.0
75 12 52.0
75 13 53.0
75 80 54.0
75 81 55.0
75 82 56.0
75 83 57.0
75 84 58.0
75 85 59.0
75 2 60.0
75 10 61.0
76 144 45.0
76 88 46.0
76 20 47.0
76 19 48.0
76 50 49.0
76 51 50.0
76 52 51.0
76 53 52.0
76 54 53.0
76 55 54.0
76 22 55.0
76 25 56.0
76 91 57.0
76 138 58.0
77 143 40.0
77 90 41.0
77 24 42.0
77 23 43.0
77 100 44.0
77 101 45.0
77 41 46.0
77 39 47.0
77 45 48.0
77 43 49.0
77 48 50.0
77 49 51.0
77 16 52.0
77 15 53.0
77 132 54.0
77 133 55.0
77 134 56.0
77 135 57.0
77 136 58.0
77 137 59.0
77 6 60.0
78 9 38.0
78 5 39.0
78 114 40.0
78 115 41.0
78 116 42.0
78 117 43.0
78 118 44.0
78 119 45.0
78 0 46.0
78 1 47.0
78 68 48.0
78 69 49.0
78 70 50.0
78 71 51.0
78 72 52.0
78 73 53.0
78 14 54.0
78 15 55.0
78 132 56.0
78 133 57.0
78 134 58.0
78 135 59.0
78 136 60.0
78 137 61.0
78 6 62.0
79 146 34.0
79 34 35.0
79 35 36.0
79 32 37.0
79 30 38.0
79 28 39.0
79 26 40.0
79 94 41.0
79 95 42.0
79 18 43.0
79 21 44.0
79 108 45.0
79 109 46.0
79 110 47.0
79 111 48.0
79 112 49.0
79 113 50.0
79 93 51.0
79 140 52.0
83 9 48.0
83 5 49.0
83 114 50.0
83 115 51.0
83 116 52.0
83 117 53.0
83 118 54.0
83 119 55.0
83 0 56.0
83 1 57.0
83 68 58.0
83 69 59.0
83 70 60.0
83 71 61.0
83 72 62.0
83 73 63.0
83 14 64.0
83 15 65.0
83 132 66.0
83 133 67.0
83 134 68.0
83 135 69.0
83 136 70.0
83 137 71.0
83 6 72.0
84 7 41.0
84 126 42.0
84 127 43.0
84 128 44.0
84 129 45.0
84 130 46.0
84 131 47.0
84 14 48.0
84 17 49.0
84 46 50.0
84 47 51.0
84 44 52.0
84 42 53.0
84 40 54.0
84 38 55.0
84 98 56.0
84 99 57.0
84 22 58.0
84 25 59.0
84 91 60.0
84 138 61.0
85 11 46.0
85 3 47.0
85 62 48.0
85 63 49.0
85 64 50.0
85 65 51.0
85 66 52.0
85 67 53.0
85 0 54.0
85 1 55.0
85 68 56.0
85 69 57.0
85 70 58.0
85 71 59.0
85 72 60.0
85 73 61.0
85 14 62.0
85 15 63.0
85 132 64.0
85 133 65.0
85 134 66.0
85 135 67.0
85 136 68.0
85 137 69.0
85 6 70.0
86 145 50.0
86 92 51.0
86 102 52.0
86 103 53.0
86 104 54.0
86 105 55.0
86 106 56.0
86 107 57.0
86 18 58.0
86 19 59.0
86 96 60.0
86 97 61.0
86 29 62.0
86 27 63.0
86 33 64.0
86 31 65.0
86 36 66.0
86 141 67.0
89 11 50.0
89 3 51.0
89 62 52.0
89 63 53.0
89 64 54.0
89 65 55.0
89 66 56.0
89 67 57.0
89 0 58.0
89 1 59.0
89 68 60.0
89 69 61.0
89 70 62.0
89 71 63.0
89 72 64.0
89 73 65.0
89 14 66.0
89 15 67.0
89 132 68.0
89 133 69.0
89 134 70.0
89 135 71.0
89 136 72.0
89 137 73.0
89 6 74.0
93 143 46.0
93 90 47.0
93 24 48.0
93 25 49.0
93 56 50.0
93 57 51.0
93 58 52.0
93 59 53.0
93 60 54.0
93 61 55.0
93 20 56.0
93 21 57.0
93 89 58.0
93 139 59.0
96 9 44.0
96 5 45.0
96 114 46.0
96 115 47.0
96 116 48.0
96 117 49.0
96 118 50.0
96 119 51.0
96 0 52.0
96 1 53.0
96 68 54.0
96 69 55.0
96 70 56.0
96 71 57.0
96 72 58.0
96 73 59.0
96 14 60.0
96 15 61.0
96 132 62.0
96 133 63.0
96 134 64.0
96 135 65.0
96 136 66.0
96 137 67.0
96 6 68.0
97 143 42.0
97 90 43.0
97 24 44.0
97 23 45.0
97 100 46.0
97 101 47.0
97 41 48.0
97 39 49.0
97 45 50.0
97 43 51.0
97 48 52.0
97 142 53.0
;
set fixedFlights :=
17 0 1
46 0 1
49 0 1
51 0 1
68 0 1
74 0 1
78 0 1
83 0 1
85 0 1
89 0 1
96 0 1
7 2 10
19 2 10
20 2 10
21 2 10
23 2 10
50 2 10
57 2 10
70 2 10
71 2 10
75 2 10
17 11 3
46 11 3
49 11 3
51 11 3
60 11 3
68 11 3
74 11 3
85 11 3
89 11 3
48 4 8
51 4 8
68 4 8
69 4 8
20 9 5
39 9 5
41 9 5
64 9 5
78 9 5
83 9 5
96 9 5
7 12 13
19 12 13
21 12 13
23 12 13
27 12 13
36 12 13
50 12 13
57 12 13
62 12 13
65 12 13
70 12 13
71 12 13
75 12 13
20 0 13
39 0 13
41 0 13
60 0 13
64 0 13
35 12 1
48 12 1
61 12 1
69 12 1
72 12 1
17 14 15
49 14 15
61 14 15
74 14 15
78 14 15
83 14 15
85 14 15
89 14 15
96 14 15
23 16 17
27 16 17
48 16 17
65 16 17
70 16 17
19 14 17
21 14 17
35 14 17
36 14 17
46 14 17
50 14 17
62 14 17
66 14 17
71 14 17
72 14 17
75 14 17
84 14 17
53 16 15
55 16 15
67 16 15
77 16 15
8 18 19
10 18 19
24 18 19
26 18 19
30 18 19
42 18 19
43 18 19
54 18 19
58 18 19
86 18 19
33 20 21
37 20 21
56 20 21
93 20 21
39 18 21
41 18 21
73 18 21
79 18 21
7 20 19
22 20 19
25 20 19
47 20 19
59 20 19
63 20 19
69 20 19
76 20 19
8 22 23
10 22 23
24 22 23
25 22 23
22 24 25
47 24 25
56 24 25
59 24 25
93 24 25
30 22 25
33 22 25
37 22 25
42 22 25
58 22 25
66 22 25
76 22 25
84 22 25
40 24 23
45 24 23
67 24 23
77 24 23
97 24 23
27 13 34
36 13 34
39 13 34
41 13 34
60 13 34
62 13 34
64 13 34
65 13 34
27 34 35
30 34 35
36 34 35
39 34 35
41 34 35
60 34 35
62 34 35
64 34 35
65 34 35
73 34 35
79 34 35
30 35 32
39 35 32
41 35 32
73 35 32
79 35 32
30 32 30
39 32 30
41 32 30
73 32 30
79 32 30
30 30 28
39 30 28
41 30 28
73 30 28
79 30 28
30 28 26
39 28 26
41 28 26
73 28 26
79 28 26
7 29 27
22 29 27
26 29 27
43 29 27
47 29 27
54 29 27
59 29 27
63 29 27
69 29 27
86 29 27
7 27 33
22 27 33
26 27 33
43 27 33
47 27 33
54 27 33
59 27 33
63 27 33
69 27 33
86 27 33
7 33 31
22 33 31
26 33 31
43 33 31
47 33 31
54 33 31
59 33 31
63 33 31
69 33 31
86 33 31
7 31 36
22 31 36
26 31 36
43 31 36
47 31 36
54 31 36
59 31 36
63 31 36
69 31 36
86 31 36
7 36 37
69 36 37
7 37 12
35 37 12
57 37 12
61 37 12
69 37 12
72 37 12
35 17 46
46 17 46
66 17 46
72 17 46
84 17 46
33 46 47
35 46 47
37 46 47
46 46 47
66 46 47
72 46 47
84 46 47
33 47 44
37 47 44
66 47 44
84 47 44
33 44 42
37 44 42
66 44 42
84 44 42
33 42 40
37 42 40
66 42 40
84 42 40
33 40 38
37 40 38
66 40 38
84 40 38
8 41 39
10 41 39
24 41 39
25 41 39
40 41 39
45 41 39
67 41 39
77 41 39
97 41 39
8 39 45
10 39 45
24 39 45
25 39 45
40 39 45
45 39 45
67 39 45
77 39 45
97 39 45
8 45 43
10 45 43
24 45 43
25 45 43
40 45 43
45 45 43
67 45 43
77 45 43
97 45 43
8 43 48
10 43 48
24 43 48
25 43 48
40 43 48
45 43 48
67 43 48
77 43 48
97 43 48
67 48 49
77 48 49
23 49 16
27 49 16
48 49 16
53 49 16
55 49 16
65 49 16
67 49 16
70 49 16
77 49 16
8 19 50
10 19 50
24 19 50
25 19 50
30 19 50
42 19 50
58 19 50
76 19 50
8 50 51
10 50 51
24 50 51
25 50 51
30 50 51
42 50 51
58 50 51
76 50 51
8 51 52
10 51 52
24 51 52
25 51 52
30 51 52
42 51 52
58 51 52
76 51 52
8 52 53
10 52 53
24 52 53
25 52 53
30 52 53
42 52 53
58 52 53
76 52 53
8 53 54
10 53 54
24 53 54
25 53 54
30 53 54
42 53 54
58 53 54
76 53 54
8 54 55
10 54 55
24 54 55
25 54 55
30 54 55
42 54 55
58 54 55
76 54 55
8 55 22
10 55 22
24 55 22
25 55 22
30 55 22
42 55 22
58 55 22
76 55 22
22 25 56
33 25 56
37 25 56
47 25 56
56 25 56
59 25 56
93 25 56
22 56 57
33 56 57
37 56 57
47 56 57
56 56 57
59 56 57
93 56 57
22 57 58
33 57 58
37 57 58
47 57 58
56 57 58
59 57 58
93 57 58
22 58 59
33 58 59
37 58 59
47 58 59
56 58 59
59 58 59
93 58 59
22 59 60
33 59 60
37 59 60
47 59 60
56 59 60
59 59 60
93 59 60
22 60 61
33 60 61
37 60 61
47 60 61
56 60 61
59 60 61
93 60 61
22 61 20
33 61 20
37 61 20
47 61 20
56 61 20
59 61 20
93 61 20
17 3 62
46 3 62
49 3 62
51 3 62
60 3 62
68 3 62
74 3 62
85 3 62
89 3 62
17 62 63
46 62 63
49 62 63
51 62 63
60 62 63
68 62 63
74 62 63
85 62 63
89 62 63
17 63 64
46 63 64
49 63 64
51 63 64
60 63 64
68 63 64
74 63 64
85 63 64
89 63 64
17 64 65
46 64 65
49 64 65
51 64 65
60 64 65
68 64 65
74 64 65
85 64 65
89 64 65
17 65 66
46 65 66
49 65 66
51 65 66
60 65 66
68 65 66
74 65 66
85 65 66
89 65 66
17 66 67
46 66 67
49 66 67
51 66 67
60 66 67
68 66 67
74 66 67
85 66 67
89 66 67
17 67 0
46 67 0
49 67 0
51 67 0
60 67 0
68 67 0
74 67 0
85 67 0
89 67 0
17 1 68
35 1 68
46 1 68
49 1 68
61 1 68
72 1 68
74 1 68
78 1 68
83 1 68
85 1 68
89 1 68
96 1 68
17 68 69
35 68 69
46 68 69
49 68 69
61 68 69
72 68 69
74 68 69
78 68 69
83 68 69
85 68 69
89 68 69
96 68 69
17 69 70
35 69 70
46 69 70
49 69 70
61 69 70
72 69 70
74 69 70
78 69 70
83 69 70
85 69 70
89 69 70
96 69 70
17 70 71
35 70 71
46 70 71
49 70 71
61 70 71
72 70 71
74 70 71
78 70 71
83 70 71
85 70 71
89 70 71
96 70 71
17 71 72
35 71 72
46 71 72
49 71 72
61 71 72
72 71 72
74 71 72
78 71 72
83 71 72
85 71 72
89 71 72
96 71 72
17 72 73
35 72 73
46 72 73
49 72 73
61 72 73
72 72 73
74 72 73
78 72 73
83 72 73
85 72 73
89 72 73
96 72 73
17 73 14
35 73 14
46 73 14
49 73 14
61 73 14
72 73 14
74 73 14
78 73 14
83 73 14
85 73 14
89 73 14
96 73 14
19 17 74
21 17 74
23 17 74
27 17 74
36 17 74
48 17 74
50 17 74
62 17 74
65 17 74
70 17 74
71 17 74
75 17 74
19 74 75
21 74 75
23 74 75
27 74 75
36 74 75
48 74 75
50 74 75
62 74 75
65 74 75
70 74 75
71 74 75
75 74 75
19 75 76
21 75 76
23 75 76
27 75 76
36 75 76
48 75 76
50 75 76
62 75 76
65 75 76
70 75 76
71 75 76
75 75 76
19 76 77
21 76 77
23 76 77
27 76 77
36 76 77
48 76 77
50 76 77
62 76 77
65 76 77
70 76 77
71 76 77
75 76 77
19 77 78
21 77 78
23 77 78
27 77 78
36 77 78
48 77 78
50 77 78
62 77 78
65 77 78
70 77 78
71 77 78
75 77 78
19 78 79
21 78 79
23 78 79
27 78 79
36 78 79
48 78 79
50 78 79
62 78 79
65 78 79
70 78 79
71 78 79
75 78 79
19 79 12
21 79 12
23 79 12
27 79 12
36 79 12
48 79 12
50 79 12
62 79 12
65 79 12
70 79 12
71 79 12
75 79 12
7 13 80
19 13 80
20 13 80
21 13 80
23 13 80
50 13 80
57 13 80
70 13 80
71 13 80
75 13 80
7 80 81
19 80 81
20 80 81
21 80 81
23 80 81
50 80 81
57 80 81
70 80 81
71 80 81
75 80 81
7 81 82
19 81 82
20 81 82
21 81 82
23 81 82
50 81 82
57 81 82
70 81 82
71 81 82
75 81 82
7 82 83
19 82 83
20 82 83
21 82 83
23 82 83
50 82 83
57 82 83
70 82 83
71 82 83
75 82 83
7 83 84
19 83 84
20 83 84
21 83 84
23 83 84
50 83 84
57 83 84
70 83 84
71 83 84
75 83 84
7 84 85
19 84 85
20 84 85
21 84 85
23 84 85
50 84 85
57 84 85
70 84 85
71 84 85
75 84 85
7 85 2
19 85 2
20 85 2
21 85 2
23 85 2
50 85 2
57 85 2
70 85 2
71 85 2
75 85 2
30 26 94
39 26 94
41 26 94
73 26 94
79 26 94
30 94 95
39 94 95
41 94 95
73 94 95
79 94 95
30 95 18
39 95 18
41 95 18
73 95 18
79 95 18
7 19 96
22 19 96
26 19 96
43 19 96
47 19 96
54 19 96
59 19 96
63 19 96
69 19 96
86 19 96
7 96 97
22 96 97
26 96 97
43 96 97
47 96 97
54 96 97
59 96 97
63 96 97
69 96 97
86 96 97
7 97 29
22 97 29
26 97 29
43 97 29
47 97 29
54 97 29
59 97 29
63 97 29
69 97 29
86 97 29
33 38 98
37 38 98
66 38 98
84 38 98
33 98 99
37 98 99
66 98 99
84 98 99
33 99 22
37 99 22
66 99 22
84 99 22
8 23 100
10 23 100
24 23 100
25 23 100
40 23 100
45 23 100
67 23 100
77 23 100
97 23 100
8 100 101
10 100 101
24 100 101
25 100 101
40 100 101
45 100 101
67 100 101
77 100 101
97 100 101
8 101 41
10 101 41
24 101 41
25 101 41
40 101 41
45 101 41
67 101 41
77 101 41
97 101 41
8 92 102
10 92 102
24 92 102
26 92 102
42 92 102
43 92 102
54 92 102
58 92 102
86 92 102
8 102 103
10 102 103
24 102 103
26 102 103
42 102 103
43 102 103
54 102 103
58 102 103
86 102 103
8 103 104
10 103 104
24 103 104
26 103 104
42 103 104
43 103 104
54 103 104
58 103 104
86 103 104
8 104 105
10 104 105
24 104 105
26 104 105
42 104 105
43 104 105
54 104 105
58 104 105
86 104 105
8 105 106
10 105 106
24 105 106
26 105 106
42 105 106
43 105 106
54 105 106
58 105 106
86 105 106
8 106 107
10 106 107
24 106 107
26 106 107
42 106 107
43 106 107
54 106 107
58 106 107
86 106 107
8 107 18
10 107 18
24 107 18
26 107 18
42 107 18
43 107 18
54 107 18
58 107 18
86 107 18
56 21 108
79 21 108
56 108 109
79 108 109
56 109 110
79 109 110
56 110 111
79 110 111
56 111 112
79 111 112
56 112 113
79 112 113
56 113 93
79 113 93
33 21 89
37 21 89
39 21 89
41 21 89
73 21 89
93 21 89
7 88 20
25 88 20
63 88 20
69 88 20
76 88 20
30 25 91
42 25 91
58 25 91
66 25 91
76 25 91
84 25 91
22 90 24
40 90 24
45 90 24
47 90 24
56 90 24
59 90 24
67 90 24
77 90 24
93 90 24
97 90 24
20 5 114
39 5 114
41 5 114
64 5 114
78 5 114
83 5 114
96 5 114
20 114 115
39 114 115
41 114 115
64 114 115
78 114 115
83 114 115
96 114 115
20 115 116
39 115 116
41 115 116
64 115 116
78 115 116
83 115 116
96 115 116
20 116 117
39 116 117
41 116 117
64 116 117
78 116 117
83 116 117
96 116 117
20 117 118
39 117 118
41 117 118
64 117 118
78 117 118
83 117 118
96 117 118
20 118 119
39 118 119
41 118 119
64 118 119
78 118 119
83 118 119
96 118 119
20 119 0
39 119 0
41 119 0
64 119 0
78 119 0
83 119 0
96 119 0
48 1 120
51 1 120
68 1 120
69 1 120
48 120 121
51 120 121
68 120 121
69 120 121
48 121 122
51 121 122
68 121 122
69 121 122
48 122 123
51 122 123
68 122 123
69 122 123
48 123 124
51 123 124
68 123 124
69 123 124
48 124 125
51 124 125
68 124 125
69 124 125
48 125 4
51 125 4
68 125 4
69 125 4
19 7 126
21 7 126
36 7 126
50 7 126
62 7 126
66 7 126
71 7 126
75 7 126
84 7 126
19 126 127
21 126 127
36 126 127
50 126 127
62 126 127
66 126 127
71 126 127
75 126 127
84 126 127
19 127 128
21 127 128
36 127 128
50 127 128
62 127 128
66 127 128
71 127 128
75 127 128
84 127 128
19 128 129
21 128 129
36 128 129
50 128 129
62 128 129
66 128 129
71 128 129
75 128 129
84 128 129
19 129 130
21 129 130
36 129 130
50 129 130
62 129 130
66 129 130
71 129 130
75 129 130
84 129 130
19 130 131
21 130 131
36 130 131
50 130 131
62 130 131
66 130 131
71 130 131
75 130 131
84 130 131
19 131 14
21 131 14
36 131 14
50 131 14
62 131 14
66 131 14
71 131 14
75 131 14
84 131 14
17 15 132
49 15 132
53 15 132
55 15 132
61 15 132
67 15 132
74 15 132
77 15 132
78 15 132
83 15 132
85 15 132
89 15 132
96 15 132
17 132 133
49 132 133
53 132 133
55 132 133
61 132 133
67 132 133
74 132 133
77 132 133
78 132 133
83 132 133
85 132 133
89 132 133
96 132 133
17 133 134
49 133 134
53 133 134
55 133 134
61 133 134
67 133 134
74 133 134
77 133 134
78 133 134
83 133 134
85 133 134
89 133 134
96 133 134
17 134 135
49 134 135
53 134 135
55 134 135
61 134 135
67 134 135
74 134 135
77 134 135
78 134 135
83 134 135
85 134 135
89 134 135
96 134 135
17 135 136
49 135 136
53 135 136
55 135 136
61 135 136
67 135 136
74 135 136
77 135 136
78 135 136
83 135 136
85 135 136
89 135 136
96 135 136
17 136 137
49 136 137
53 136 137
55 136 137
61 136 137
67 136 137
74 136 137
77 136 137
78 136 137
83 136 137
85 136 137
89 136 137
96 136 137
17 137 6
49 137 6
53 137 6
55 137 6
61 137 6
67 137 6
74 137 6
77 137 6
78 137 6
83 137 6
85 137 6
89 137 6
96 137 6
7 144 88
25 144 88
63 144 88
69 144 88
76 144 88
22 143 90
40 143 90
45 143 90
47 143 90
56 143 90
59 143 90
67 143 90
77 143 90
93 143 90
97 143 90
8 145 92
10 145 92
24 145 92
26 145 92
42 145 92
43 145 92
54 145 92
58 145 92
86 145 92
56 93 140
79 93 140
33 89 139
37 89 139
39 89 139
41 89 139
73 89 139
93 89 139
30 91 138
42 91 138
58 91 138
66 91 138
76 91 138
84 91 138
8 48 142
10 48 142
24 48 142
25 48 142
40 48 142
45 48 142
97 48 142
35 47 142
46 47 142
72 47 142
22 36 141
26 36 141
43 36 141
47 36 141
54 36 141
59 36 141
63 36 141
86 36 141
27 35 141
36 35 141
60 35 141
62 35 141
64 35 141
65 35 141
35 146 37
57 146 37
61 146 37
72 146 37
30 146 34
73 146 34
79 146 34
33 147 46
37 147 46
23 147 49
27 147 49
48 147 49
53 147 49
55 147 49
65 147 49
70 147 49
;
;
set inFlight:=
7
8
10
17
19
20
21
22
23
24
25
26
27
30
33
35
36
37
39
45
46
47
48
49
50
51
53
54
55
56
57
58
59
;
param tini := 29.1;
