param nn:= 148;
set F:=
4
5
7
8
9
10
11
14
15
16
18
19
20
21
22
23
24
25
26
27
28
29
30
31
32
33
34
35
36
37
38
39
40
41
42
43
44
45
46
47
48
49
50
51
52
53
54
55
56
57
58
59
61
62
63
64
65
66
67
69
70
71
72
73
74
75
76
79
81
82
84
86
90
91
93
94
96
97
99
;
param: E: d:=
0 1 2.500000
2 10 1.500000
11 3 1.500000
4 8 1.500000
9 5 1.500000
12 13 2.500000
0 13 2.500000
12 1 2.500000
14 15 2.500000
16 17 2.500000
14 17 2.500000
16 15 2.500000
18 19 2.500000
20 21 2.500000
18 21 2.500000
20 19 2.500000
22 23 2.500000
24 25 2.500000
22 25 2.500000
24 23 2.500000
13 34 2.500000
34 35 2.500000
35 32 2.500000
32 30 2.500000
30 28 2.500000
28 26 2.500000
29 27 2.500000
27 33 2.500000
33 31 2.500000
31 36 2.500000
36 37 2.500000
37 12 2.500000
17 46 2.500000
46 47 2.500000
47 44 2.500000
44 42 2.500000
42 40 2.500000
40 38 2.500000
41 39 2.500000
39 45 2.500000
45 43 2.500000
43 48 2.500000
48 49 2.500000
49 16 2.500000
19 50 2.500000
50 51 2.500000
51 52 2.500000
52 53 2.500000
53 54 2.500000
54 55 2.500000
55 22 2.500000
25 56 2.500000
56 57 2.500000
57 58 2.500000
58 59 2.500000
59 60 2.500000
60 61 2.500000
61 20 2.500000
3 62 2.500000
62 63 2.500000
63 64 2.500000
64 65 2.500000
65 66 2.500000
66 67 2.500000
67 0 2.500000
1 68 2.500000
68 69 2.500000
69 70 2.500000
70 71 2.500000
71 72 2.500000
72 73 2.500000
73 14 2.500000
17 74 2.500000
74 75 2.500000
75 76 2.500000
76 77 2.500000
77 78 2.500000
78 79 2.500000
79 12 2.500000
13 80 2.500000
80 81 2.500000
81 82 2.500000
82 83 2.500000
83 84 2.500000
84 85 2.500000
85 2 2.500000
26 94 2.500000
94 95 2.500000
95 18 2.500000
19 96 2.500000
96 97 2.500000
97 29 2.500000
38 98 2.500000
98 99 2.500000
99 22 2.500000
23 100 2.500000
100 101 2.500000
101 41 2.500000
92 102 2.500000
102 103 2.500000
103 104 2.500000
104 105 2.500000
105 106 2.500000
106 107 2.500000
107 18 2.500000
21 108 2.500000
108 109 2.500000
109 110 2.500000
110 111 2.500000
111 112 2.500000
112 113 2.500000
113 93 2.500000
21 89 2.500000
88 20 2.500000
25 91 2.500000
90 24 2.500000
5 114 2.500000
114 115 2.500000
115 116 2.500000
116 117 2.500000
117 118 2.500000
118 119 2.500000
119 0 2.500000
1 120 2.500000
120 121 2.500000
121 122 2.500000
122 123 2.500000
123 124 2.500000
124 125 2.500000
125 4 2.500000
7 126 1.500000
126 127 2.500000
127 128 2.500000
128 129 2.500000
129 130 2.500000
130 131 2.500000
131 14 2.500000
15 132 2.500000
132 133 2.500000
133 134 2.500000
134 135 2.500000
135 136 2.500000
136 137 2.500000
137 6 1.500000
87 6 1.500000
7 86 1.500000
144 88 1.500000
143 90 1.500000
145 92 1.500000
93 140 1.500000
89 139 1.500000
91 138 1.500000
48 142 1.500000
47 142 1.500000
36 141 1.500000
35 141 1.500000
146 37 1.500000
146 34 1.500000
147 46 1.500000
147 49 1.500000
;
param s:=
4 145
5 7
7 147
8 144
9 144
10 145
11 9
14 146
15 145
16 146
18 7
19 11
20 143
21 143
22 145
23 11
24 9
25 9
26 143
27 143
28 9
29 7
30 9
31 7
32 9
33 7
34 147
35 146
36 11
37 9
38 144
39 9
40 144
41 145
42 11
43 143
44 143
45 11
46 143
47 146
48 7
49 11
50 145
51 143
52 147
53 9
54 144
55 147
56 144
57 9
58 143
59 143
61 7
62 145
63 11
64 7
65 11
66 147
67 145
69 11
70 145
71 9
72 143
73 143
74 7
75 146
76 145
79 145
81 145
82 144
84 145
86 147
90 147
91 11
93 9
94 145
96 147
97 143
99 7
;
param e:=
4 142
5 8
7 8
8 8
9 142
10 138
11 6
14 138
15 139
16 140
18 141
19 139
20 139
21 139
22 138
23 141
24 10
25 142
26 139
27 141
28 141
29 138
30 6
31 10
32 141
33 141
34 10
35 142
36 6
37 141
38 142
39 139
40 140
41 142
42 141
43 6
44 140
45 142
46 141
47 139
48 141
49 8
50 141
51 142
52 8
53 141
54 138
55 6
56 10
57 142
58 6
59 141
61 8
62 138
63 141
64 142
65 142
66 138
67 142
69 139
70 138
71 10
72 141
73 140
74 141
75 142
76 142
79 139
81 139
82 8
84 142
86 6
90 6
91 6
93 6
94 141
96 6
97 6
99 142
;
param v_min:=2.375
;
param v_max:=2.625
;
param :conflictsNodes: angle:=
0 1 13 1.000000
0 13 1 1.000000
0 1 67 1.000000
0 67 1 1.000000
0 1 119 1.000000
0 119 1 1.000000
0 13 67 1.000000
0 67 13 1.000000
0 13 119 1.000000
0 119 13 1.000000
0 67 119 1.000000
0 119 67 1.000000
1 0 68 1.000000
1 68 0 1.000000
1 0 120 1.000000
1 120 0 1.000000
1 0 12 1.000000
1 12 0 1.000000
1 68 120 1.000000
1 120 68 1.000000
1 12 68 1.000000
1 68 12 1.000000
1 12 120 1.000000
1 120 12 1.000000
12 13 37 1.000000
12 37 13 1.000000
12 13 79 1.000000
12 79 13 1.000000
12 1 13 1.000000
12 13 1 1.000000
12 1 37 1.000000
12 37 1 1.000000
12 1 79 1.000000
12 79 1 1.000000
12 37 79 1.000000
12 79 37 1.000000
13 0 12 1.000000
13 12 0 1.000000
13 0 34 1.000000
13 34 0 1.000000
13 0 80 1.000000
13 80 0 1.000000
13 12 34 1.000000
13 34 12 1.000000
13 12 80 1.000000
13 80 12 1.000000
13 34 80 1.000000
13 80 34 1.000000
14 15 17 1.000000
14 17 15 1.000000
14 15 73 1.000000
14 73 15 1.000000
14 15 131 1.000000
14 131 15 1.000000
14 17 73 1.000000
14 73 17 1.000000
14 17 131 1.000000
14 131 17 1.000000
14 73 131 1.000000
14 131 73 1.000000
15 14 132 1.000000
15 132 14 1.000000
15 14 16 1.000000
15 16 14 1.000000
15 16 132 1.000000
15 132 16 1.000000
16 17 49 1.000000
16 49 17 1.000000
16 15 17 1.000000
16 17 15 1.000000
16 15 49 1.000000
16 49 15 1.000000
17 14 16 1.000000
17 16 14 1.000000
17 14 46 1.000000
17 46 14 1.000000
17 14 74 1.000000
17 74 14 1.000000
17 16 46 1.000000
17 46 16 1.000000
17 16 74 1.000000
17 74 16 1.000000
17 46 74 1.000000
17 74 46 1.000000
18 19 21 1.000000
18 21 19 1.000000
18 19 95 1.000000
18 95 19 1.000000
18 19 107 1.000000
18 107 19 1.000000
18 21 95 1.000000
18 95 21 1.000000
18 21 107 1.000000
18 107 21 1.000000
18 95 107 1.000000
18 107 95 1.000000
19 18 50 1.000000
19 50 18 1.000000
19 18 96 1.000000
19 96 18 1.000000
19 18 20 1.000000
19 20 18 1.000000
19 50 96 1.000000
19 96 50 1.000000
19 20 50 1.000000
19 50 20 1.000000
19 20 96 1.000000
19 96 20 1.000000
20 21 61 1.000000
20 61 21 1.000000
20 21 88 1.000000
20 88 21 1.000000
20 19 21 1.000000
20 21 19 1.000000
20 19 61 1.000000
20 61 19 1.000000
20 19 88 1.000000
20 88 19 1.000000
20 61 88 1.000000
20 88 61 1.000000
21 18 20 1.000000
21 20 18 1.000000
21 18 108 1.000000
21 108 18 1.000000
21 18 89 1.000000
21 89 18 1.000000
21 20 108 1.000000
21 108 20 1.000000
21 20 89 1.000000
21 89 20 1.000000
21 89 108 1.000000
21 108 89 1.000000
22 23 25 1.000000
22 25 23 1.000000
22 23 55 1.000000
22 55 23 1.000000
22 23 99 1.000000
22 99 23 1.000000
22 25 55 1.000000
22 55 25 1.000000
22 25 99 1.000000
22 99 25 1.000000
22 55 99 1.000000
22 99 55 1.000000
23 22 100 1.000000
23 100 22 1.000000
23 22 24 1.000000
23 24 22 1.000000
23 24 100 1.000000
23 100 24 1.000000
24 25 90 1.000000
24 90 25 1.000000
24 23 25 1.000000
24 25 23 1.000000
24 23 90 1.000000
24 90 23 1.000000
25 22 24 1.000000
25 24 22 1.000000
25 22 56 1.000000
25 56 22 1.000000
25 22 91 1.000000
25 91 22 1.000000
25 24 56 1.000000
25 56 24 1.000000
25 24 91 1.000000
25 91 24 1.000000
25 56 91 1.000000
25 91 56 1.000000
26 28 94 1.000000
26 94 28 1.000000
27 29 33 1.000000
27 33 29 1.000000
28 26 30 1.000000
28 30 26 1.000000
29 27 97 1.000000
29 97 27 1.000000
30 28 32 1.000000
30 32 28 1.000000
31 33 36 1.000000
31 36 33 1.000000
32 30 35 1.000000
32 35 30 1.000000
33 27 31 1.000000
33 31 27 1.000000
34 13 35 1.000000
34 35 13 1.000000
35 32 34 1.000000
35 34 32 1.000000
36 31 37 1.000000
36 37 31 1.000000
37 12 36 1.000000
37 36 12 1.000000
38 40 98 1.000000
38 98 40 1.000000
39 41 45 1.000000
39 45 41 1.000000
40 38 42 1.000000
40 42 38 1.000000
41 39 101 1.000000
41 101 39 1.000000
42 40 44 1.000000
42 44 40 1.000000
43 45 48 1.000000
43 48 45 1.000000
44 42 47 1.000000
44 47 42 1.000000
45 39 43 1.000000
45 43 39 1.000000
46 17 47 1.000000
46 47 17 1.000000
47 44 46 1.000000
47 46 44 1.000000
48 43 49 1.000000
48 49 43 1.000000
49 16 48 1.000000
49 48 16 1.000000
50 19 51 1.000000
50 51 19 1.000000
51 50 52 1.000000
51 52 50 1.000000
52 51 53 1.000000
52 53 51 1.000000
53 52 54 1.000000
53 54 52 1.000000
54 53 55 1.000000
54 55 53 1.000000
55 22 54 1.000000
55 54 22 1.000000
56 25 57 1.000000
56 57 25 1.000000
57 56 58 1.000000
57 58 56 1.000000
58 57 59 1.000000
58 59 57 1.000000
59 58 60 1.000000
59 60 58 1.000000
60 59 61 1.000000
60 61 59 1.000000
61 20 60 1.000000
61 60 20 1.000000
62 3 63 1.000000
62 63 3 1.000000
63 62 64 1.000000
63 64 62 1.000000
64 63 65 1.000000
64 65 63 1.000000
65 64 66 1.000000
65 66 64 1.000000
66 65 67 1.000000
66 67 65 1.000000
67 0 66 1.000000
67 66 0 1.000000
68 1 69 1.000000
68 69 1 1.000000
69 68 70 1.000000
69 70 68 1.000000
70 69 71 1.000000
70 71 69 1.000000
71 70 72 1.000000
71 72 70 1.000000
72 71 73 1.000000
72 73 71 1.000000
73 14 72 1.000000
73 72 14 1.000000
74 17 75 1.000000
74 75 17 1.000000
75 74 76 1.000000
75 76 74 1.000000
76 75 77 1.000000
76 77 75 1.000000
77 76 78 1.000000
77 78 76 1.000000
78 77 79 1.000000
78 79 77 1.000000
79 12 78 1.000000
79 78 12 1.000000
80 13 81 1.000000
80 81 13 1.000000
81 80 82 1.000000
81 82 80 1.000000
82 81 83 1.000000
82 83 81 1.000000
83 82 84 1.000000
83 84 82 1.000000
84 83 85 1.000000
84 85 83 1.000000
85 2 84 1.000000
85 84 2 1.000000
94 26 95 1.000000
94 95 26 1.000000
95 18 94 1.000000
95 94 18 1.000000
96 19 97 1.000000
96 97 19 1.000000
97 29 96 1.000000
97 96 29 1.000000
98 38 99 1.000000
98 99 38 1.000000
99 22 98 1.000000
99 98 22 1.000000
100 23 101 1.000000
100 101 23 1.000000
101 41 100 1.000000
101 100 41 1.000000
102 92 103 1.000000
102 103 92 1.000000
103 102 104 1.000000
103 104 102 1.000000
104 103 105 1.000000
104 105 103 1.000000
105 104 106 1.000000
105 106 104 1.000000
106 105 107 1.000000
106 107 105 1.000000
107 18 106 1.000000
107 106 18 1.000000
108 21 109 1.000000
108 109 21 1.000000
109 108 110 1.000000
109 110 108 1.000000
110 109 111 1.000000
110 111 109 1.000000
111 110 112 1.000000
111 112 110 1.000000
112 111 113 1.000000
112 113 111 1.000000
113 93 112 1.000000
113 112 93 1.000000
114 5 115 1.000000
114 115 5 1.000000
115 114 116 1.000000
115 116 114 1.000000
116 115 117 1.000000
116 117 115 1.000000
117 116 118 1.000000
117 118 116 1.000000
118 117 119 1.000000
118 119 117 1.000000
119 0 118 1.000000
119 118 0 1.000000
120 1 121 1.000000
120 121 1 1.000000
121 120 122 1.000000
121 122 120 1.000000
122 121 123 1.000000
122 123 121 1.000000
123 122 124 1.000000
123 124 122 1.000000
124 123 125 1.000000
124 125 123 1.000000
125 4 124 1.000000
125 124 4 1.000000
127 126 128 1.000000
127 128 126 1.000000
128 127 129 1.000000
128 129 127 1.000000
129 128 130 1.000000
129 130 128 1.000000
130 129 131 1.000000
130 131 129 1.000000
131 14 130 1.000000
131 130 14 1.000000
132 15 133 1.000000
132 133 15 1.000000
133 132 134 1.000000
133 134 132 1.000000
134 133 135 1.000000
134 135 133 1.000000
135 134 136 1.000000
135 136 134 1.000000
136 135 137 1.000000
136 137 135 1.000000
;
param D:=0.5;
param t_hat_ear:=
4 145 6.0
4 92 7.0
4 102 8.0
4 103 9.0
4 104 10.0
4 105 11.0
4 106 12.0
4 107 13.0
4 18 14.0
4 19 15.0
4 50 16.0
4 51 17.0
4 52 18.0
4 53 19.0
4 54 20.0
4 55 21.0
4 22 22.0
4 23 23.0
4 100 24.0
4 101 25.0
4 41 26.0
4 39 27.0
4 45 28.0
4 43 29.0
4 48 30.0
4 142 31.0
5 7 2.0
5 126 3.0
5 127 4.0
5 128 5.0
5 129 6.0
5 130 7.0
5 131 8.0
5 14 9.0
5 17 10.0
5 74 11.0
5 75 12.0
5 76 13.0
5 77 14.0
5 78 15.0
5 79 16.0
5 12 17.0
5 1 18.0
5 120 19.0
5 121 20.0
5 122 21.0
5 123 22.0
5 124 23.0
5 125 24.0
5 4 25.0
5 8 26.0
7 147 9.0
7 49 10.0
7 16 11.0
7 17 12.0
7 74 13.0
7 75 14.0
7 76 15.0
7 77 16.0
7 78 17.0
7 79 18.0
7 12 19.0
7 1 20.0
7 120 21.0
7 121 22.0
7 122 23.0
7 123 24.0
7 124 25.0
7 125 26.0
7 4 27.0
7 8 28.0
8 144 2.0
8 88 3.0
8 20 4.0
8 19 5.0
8 96 6.0
8 97 7.0
8 29 8.0
8 27 9.0
8 33 10.0
8 31 11.0
8 36 12.0
8 37 13.0
8 12 14.0
8 1 15.0
8 120 16.0
8 121 17.0
8 122 18.0
8 123 19.0
8 124 20.0
8 125 21.0
8 4 22.0
8 8 23.0
9 144 9.0
9 88 10.0
9 20 11.0
9 19 12.0
9 50 13.0
9 51 14.0
9 52 15.0
9 53 16.0
9 54 17.0
9 55 18.0
9 22 19.0
9 23 20.0
9 100 21.0
9 101 22.0
9 41 23.0
9 39 24.0
9 45 25.0
9 43 26.0
9 48 27.0
9 142 28.0
10 145 8.0
10 92 9.0
10 102 10.0
10 103 11.0
10 104 12.0
10 105 13.0
10 106 14.0
10 107 15.0
10 18 16.0
10 19 17.0
10 50 18.0
10 51 19.0
10 52 20.0
10 53 21.0
10 54 22.0
10 55 23.0
10 22 24.0
10 25 25.0
10 91 26.0
10 138 27.0
11 9 4.0
11 5 5.0
11 114 6.0
11 115 7.0
11 116 8.0
11 117 9.0
11 118 10.0
11 119 11.0
11 0 12.0
11 1 13.0
11 68 14.0
11 69 15.0
11 70 16.0
11 71 17.0
11 72 18.0
11 73 19.0
11 14 20.0
11 15 21.0
11 132 22.0
11 133 23.0
11 134 24.0
11 135 25.0
11 136 26.0
11 137 27.0
11 6 28.0
14 146 9.0
14 34 10.0
14 35 11.0
14 32 12.0
14 30 13.0
14 28 14.0
14 26 15.0
14 94 16.0
14 95 17.0
14 18 18.0
14 19 19.0
14 50 20.0
14 51 21.0
14 52 22.0
14 53 23.0
14 54 24.0
14 55 25.0
14 22 26.0
14 25 27.0
14 91 28.0
14 138 29.0
15 145 17.0
15 92 18.0
15 102 19.0
15 103 20.0
15 104 21.0
15 105 22.0
15 106 23.0
15 107 24.0
15 18 25.0
15 21 26.0
15 89 27.0
15 139 28.0
16 146 11.0
16 34 12.0
16 35 13.0
16 32 14.0
16 30 15.0
16 28 16.0
16 26 17.0
16 94 18.0
16 95 19.0
16 18 20.0
16 21 21.0
16 108 22.0
16 109 23.0
16 110 24.0
16 111 25.0
16 112 26.0
16 113 27.0
16 93 28.0
16 140 29.0
18 7 6.0
18 126 7.0
18 127 8.0
18 128 9.0
18 129 10.0
18 130 11.0
18 131 12.0
18 14 13.0
18 17 14.0
18 74 15.0
18 75 16.0
18 76 17.0
18 77 18.0
18 78 19.0
18 79 20.0
18 12 21.0
18 13 22.0
18 34 23.0
18 35 24.0
18 141 25.0
19 11 9.0
19 3 10.0
19 62 11.0
19 63 12.0
19 64 13.0
19 65 14.0
19 66 15.0
19 67 16.0
19 0 17.0
19 13 18.0
19 34 19.0
19 35 20.0
19 32 21.0
19 30 22.0
19 28 23.0
19 26 24.0
19 94 25.0
19 95 26.0
19 18 27.0
19 21 28.0
19 89 29.0
19 139 30.0
20 143 13.0
20 90 14.0
20 24 15.0
20 25 16.0
20 56 17.0
20 57 18.0
20 58 19.0
20 59 20.0
20 60 21.0
20 61 22.0
20 20 23.0
20 21 24.0
20 89 25.0
20 139 26.0
21 143 27.0
21 90 28.0
21 24 29.0
21 25 30.0
21 56 31.0
21 57 32.0
21 58 33.0
21 59 34.0
21 60 35.0
21 61 36.0
21 20 37.0
21 21 38.0
21 89 39.0
21 139 40.0
22 145 15.0
22 92 16.0
22 102 17.0
22 103 18.0
22 104 19.0
22 105 20.0
22 106 21.0
22 107 22.0
22 18 23.0
22 19 24.0
22 50 25.0
22 51 26.0
22 52 27.0
22 53 28.0
22 54 29.0
22 55 30.0
22 22 31.0
22 25 32.0
22 91 33.0
22 138 34.0
23 11 27.0
23 3 28.0
23 62 29.0
23 63 30.0
23 64 31.0
23 65 32.0
23 66 33.0
23 67 34.0
23 0 35.0
23 13 36.0
23 34 37.0
23 35 38.0
23 141 39.0
24 9 25.0
24 5 26.0
24 114 27.0
24 115 28.0
24 116 29.0
24 117 30.0
24 118 31.0
24 119 32.0
24 0 33.0
24 13 34.0
24 80 35.0
24 81 36.0
24 82 37.0
24 83 38.0
24 84 39.0
24 85 40.0
24 2 41.0
24 10 42.0
25 9 13.0
25 5 14.0
25 114 15.0
25 115 16.0
25 116 17.0
25 117 18.0
25 118 19.0
25 119 20.0
25 0 21.0
25 1 22.0
25 68 23.0
25 69 24.0
25 70 25.0
25 71 26.0
25 72 27.0
25 73 28.0
25 14 29.0
25 17 30.0
25 46 31.0
25 47 32.0
25 142 33.0
26 143 19.0
26 90 20.0
26 24 21.0
26 25 22.0
26 56 23.0
26 57 24.0
26 58 25.0
26 59 26.0
26 60 27.0
26 61 28.0
26 20 29.0
26 21 30.0
26 89 31.0
26 139 32.0
27 143 17.0
27 90 18.0
27 24 19.0
27 25 20.0
27 56 21.0
27 57 22.0
27 58 23.0
27 59 24.0
27 60 25.0
27 61 26.0
27 20 27.0
27 19 28.0
27 96 29.0
27 97 30.0
27 29 31.0
27 27 32.0
27 33 33.0
27 31 34.0
27 36 35.0
27 141 36.0
28 9 15.0
28 5 16.0
28 114 17.0
28 115 18.0
28 116 19.0
28 117 20.0
28 118 21.0
28 119 22.0
28 0 23.0
28 13 24.0
28 34 25.0
28 35 26.0
28 141 27.0
29 7 18.0
29 126 19.0
29 127 20.0
29 128 21.0
29 129 22.0
29 130 23.0
29 131 24.0
29 14 25.0
29 17 26.0
29 46 27.0
29 47 28.0
29 44 29.0
29 42 30.0
29 40 31.0
29 38 32.0
29 98 33.0
29 99 34.0
29 22 35.0
29 25 36.0
29 91 37.0
29 138 38.0
30 9 17.0
30 5 18.0
30 114 19.0
30 115 20.0
30 116 21.0
30 117 22.0
30 118 23.0
30 119 24.0
30 0 25.0
30 1 26.0
30 68 27.0
30 69 28.0
30 70 29.0
30 71 30.0
30 72 31.0
30 73 32.0
30 14 33.0
30 15 34.0
30 132 35.0
30 133 36.0
30 134 37.0
30 135 38.0
30 136 39.0
30 137 40.0
30 6 41.0
31 7 16.0
31 126 17.0
31 127 18.0
31 128 19.0
31 129 20.0
31 130 21.0
31 131 22.0
31 14 23.0
31 17 24.0
31 74 25.0
31 75 26.0
31 76 27.0
31 77 28.0
31 78 29.0
31 79 30.0
31 12 31.0
31 13 32.0
31 80 33.0
31 81 34.0
31 82 35.0
31 83 36.0
31 84 37.0
31 85 38.0
31 2 39.0
31 10 40.0
32 9 19.0
32 5 20.0
32 114 21.0
32 115 22.0
32 116 23.0
32 117 24.0
32 118 25.0
32 119 26.0
32 0 27.0
32 13 28.0
32 34 29.0
32 35 30.0
32 141 31.0
33 7 10.0
33 126 11.0
33 127 12.0
33 128 13.0
33 129 14.0
33 130 15.0
33 131 16.0
33 14 17.0
33 17 18.0
33 74 19.0
33 75 20.0
33 76 21.0
33 77 22.0
33 78 23.0
33 79 24.0
33 12 25.0
33 13 26.0
33 34 27.0
33 35 28.0
33 141 29.0
34 147 19.0
34 49 20.0
34 16 21.0
34 17 22.0
34 74 23.0
34 75 24.0
34 76 25.0
34 77 26.0
34 78 27.0
34 79 28.0
34 12 29.0
34 13 30.0
34 80 31.0
34 81 32.0
34 82 33.0
34 83 34.0
34 84 35.0
34 85 36.0
34 2 37.0
34 10 38.0
35 146 22.1
35 37 22.0
35 12 23.0
35 1 24.0
35 68 25.0
35 69 26.0
35 70 27.0
35 71 28.0
35 72 29.0
35 73 30.0
35 14 31.0
35 17 32.0
35 46 33.0
35 47 34.0
35 142 35.0
36 11 23.0
36 3 24.0
36 62 25.0
36 63 26.0
36 64 27.0
36 65 28.0
36 66 29.0
36 67 30.0
36 0 31.0
36 1 32.0
36 68 33.0
36 69 34.0
36 70 35.0
36 71 36.0
36 72 37.0
36 73 38.0
36 14 39.0
36 15 40.0
36 132 41.0
36 133 42.0
36 134 43.0
36 135 44.0
36 136 45.0
36 137 46.0
36 6 47.0
37 9 11.0
37 5 12.0
37 114 13.0
37 115 14.0
37 116 15.0
37 117 16.0
37 118 17.0
37 119 18.0
37 0 19.0
37 13 20.0
37 34 21.0
37 35 22.0
37 141 23.0
38 144 19.0
38 88 20.0
38 20 21.0
38 19 22.0
38 50 23.0
38 51 24.0
38 52 25.0
38 53 26.0
38 54 27.0
38 55 28.0
38 22 29.0
38 23 30.0
38 100 31.0
38 101 32.0
38 41 33.0
38 39 34.0
38 45 35.0
38 43 36.0
38 48 37.0
38 142 38.0
39 9 29.0
39 5 30.0
39 114 31.0
39 115 32.0
39 116 33.0
39 117 34.0
39 118 35.0
39 119 36.0
39 0 37.0
39 13 38.0
39 34 39.0
39 35 40.0
39 32 41.0
39 30 42.0
39 28 43.0
39 26 44.0
39 94 45.0
39 95 46.0
39 18 47.0
39 21 48.0
39 89 49.0
39 139 50.0
40 144 29.0
40 88 30.0
40 20 31.0
40 21 32.0
40 108 33.0
40 109 34.0
40 110 35.0
40 111 36.0
40 112 37.0
40 113 38.0
40 93 39.0
40 140 40.0
41 145 22.1
41 92 22.0
41 102 23.0
41 103 24.0
41 104 25.0
41 105 26.0
41 106 27.0
41 107 28.0
41 18 29.0
41 19 30.0
41 50 31.0
41 51 32.0
41 52 33.0
41 53 34.0
41 54 35.0
41 55 36.0
41 22 37.0
41 23 38.0
41 100 39.0
41 101 40.0
41 41 41.0
41 39 42.0
41 45 43.0
41 43 44.0
41 48 45.0
41 142 46.0
42 11 33.0
42 3 34.0
42 62 35.0
42 63 36.0
42 64 37.0
42 65 38.0
42 66 39.0
42 67 40.0
42 0 41.0
42 13 42.0
42 34 43.0
42 35 44.0
42 141 45.0
43 143 25.0
43 90 26.0
43 24 27.0
43 23 28.0
43 100 29.0
43 101 30.0
43 41 31.0
43 39 32.0
43 45 33.0
43 43 34.0
43 48 35.0
43 49 36.0
43 16 37.0
43 15 38.0
43 132 39.0
43 133 40.0
43 134 41.0
43 135 42.0
43 136 43.0
43 137 44.0
43 6 45.0
44 143 35.0
44 90 36.0
44 24 37.0
44 25 38.0
44 56 39.0
44 57 40.0
44 58 41.0
44 59 42.0
44 60 43.0
44 61 44.0
44 20 45.0
44 21 46.0
44 108 47.0
44 109 48.0
44 110 49.0
44 111 50.0
44 112 51.0
44 113 52.0
44 93 53.0
44 140 54.0
45 11 35.0
45 3 36.0
45 62 37.0
45 63 38.0
45 64 39.0
45 65 40.0
45 66 41.0
45 67 42.0
45 0 43.0
45 1 44.0
45 68 45.0
45 69 46.0
45 70 47.0
45 71 48.0
45 72 49.0
45 73 50.0
45 14 51.0
45 17 52.0
45 46 53.0
45 47 54.0
45 142 55.0
46 143 39.0
46 90 40.0
46 24 41.0
46 25 42.0
46 56 43.0
46 57 44.0
46 58 45.0
46 59 46.0
46 60 47.0
46 61 48.0
46 20 49.0
46 19 50.0
46 96 51.0
46 97 52.0
46 29 53.0
46 27 54.0
46 33 55.0
46 31 56.0
46 36 57.0
46 141 58.0
47 146 33.0
47 34 34.0
47 35 35.0
47 32 36.0
47 30 37.0
47 28 38.0
47 26 39.0
47 94 40.0
47 95 41.0
47 18 42.0
47 21 43.0
47 89 44.0
47 139 45.0
48 7 28.0
48 126 29.0
48 127 30.0
48 128 31.0
48 129 32.0
48 130 33.0
48 131 34.0
48 14 35.0
48 17 36.0
48 74 37.0
48 75 38.0
48 76 39.0
48 77 40.0
48 78 41.0
48 79 42.0
48 12 43.0
48 13 44.0
48 34 45.0
48 35 46.0
48 141 47.0
49 11 22.1
49 3 22.0
49 62 23.0
49 63 24.0
49 64 25.0
49 65 26.0
49 66 27.0
49 67 28.0
49 0 29.0
49 1 30.0
49 120 31.0
49 121 32.0
49 122 33.0
49 123 34.0
49 124 35.0
49 125 36.0
49 4 37.0
49 8 38.0
50 145 24.0
50 92 25.0
50 102 26.0
50 103 27.0
50 104 28.0
50 105 29.0
50 106 30.0
50 107 31.0
50 18 32.0
50 19 33.0
50 96 34.0
50 97 35.0
50 29 36.0
50 27 37.0
50 33 38.0
50 31 39.0
50 36 40.0
50 141 41.0
51 143 29.0
51 90 30.0
51 24 31.0
51 23 32.0
51 100 33.0
51 101 34.0
51 41 35.0
51 39 36.0
51 45 37.0
51 43 38.0
51 48 39.0
51 142 40.0
52 147 25.0
52 49 26.0
52 16 27.0
52 17 28.0
52 74 29.0
52 75 30.0
52 76 31.0
52 77 32.0
52 78 33.0
52 79 34.0
52 12 35.0
52 1 36.0
52 120 37.0
52 121 38.0
52 122 39.0
52 123 40.0
52 124 41.0
52 125 42.0
52 4 43.0
52 8 44.0
53 9 37.0
53 5 38.0
53 114 39.0
53 115 40.0
53 116 41.0
53 117 42.0
53 118 43.0
53 119 44.0
53 0 45.0
53 13 46.0
53 34 47.0
53 35 48.0
53 141 49.0
54 144 23.0
54 88 24.0
54 20 25.0
54 19 26.0
54 50 27.0
54 51 28.0
54 52 29.0
54 53 30.0
54 54 31.0
54 55 32.0
54 22 33.0
54 25 34.0
54 91 35.0
54 138 36.0
55 147 27.0
55 49 28.0
55 16 29.0
55 15 30.0
55 132 31.0
55 133 32.0
55 134 33.0
55 135 34.0
55 136 35.0
55 137 36.0
55 6 37.0
56 144 39.0
56 88 40.0
56 20 41.0
56 19 42.0
56 96 43.0
56 97 44.0
56 29 45.0
56 27 46.0
56 33 47.0
56 31 48.0
56 36 49.0
56 37 50.0
56 12 51.0
56 13 52.0
56 80 53.0
56 81 54.0
56 82 55.0
56 83 56.0
56 84 57.0
56 85 58.0
56 2 59.0
56 10 60.0
57 9 31.0
57 5 32.0
57 114 33.0
57 115 34.0
57 116 35.0
57 117 36.0
57 118 37.0
57 119 38.0
57 0 39.0
57 1 40.0
57 68 41.0
57 69 42.0
57 70 43.0
57 71 44.0
57 72 45.0
57 73 46.0
57 14 47.0
57 17 48.0
57 46 49.0
57 47 50.0
57 142 51.0
58 143 23.0
58 90 24.0
58 24 25.0
58 23 26.0
58 100 27.0
58 101 28.0
58 41 29.0
58 39 30.0
58 45 31.0
58 43 32.0
58 48 33.0
58 49 34.0
58 16 35.0
58 15 36.0
58 132 37.0
58 133 38.0
58 134 39.0
58 135 40.0
58 136 41.0
58 137 42.0
58 6 43.0
59 143 37.0
59 90 38.0
59 24 39.0
59 25 40.0
59 56 41.0
59 57 42.0
59 58 43.0
59 59 44.0
59 60 45.0
59 61 46.0
59 20 47.0
59 19 48.0
59 96 49.0
59 97 50.0
59 29 51.0
59 27 52.0
59 33 53.0
59 31 54.0
59 36 55.0
59 141 56.0
61 7 30.0
61 126 31.0
61 127 32.0
61 128 33.0
61 129 34.0
61 130 35.0
61 131 36.0
61 14 37.0
61 17 38.0
61 74 39.0
61 75 40.0
61 76 41.0
61 77 42.0
61 78 43.0
61 79 44.0
61 12 45.0
61 1 46.0
61 120 47.0
61 121 48.0
61 122 49.0
61 123 50.0
61 124 51.0
61 125 52.0
61 4 53.0
61 8 54.0
62 145 45.0
62 92 46.0
62 102 47.0
62 103 48.0
62 104 49.0
62 105 50.0
62 106 51.0
62 107 52.0
62 18 53.0
62 19 54.0
62 50 55.0
62 51 56.0
62 52 57.0
62 53 58.0
62 54 59.0
62 55 60.0
62 22 61.0
62 25 62.0
62 91 63.0
62 138 64.0
63 11 49.0
63 3 50.0
63 62 51.0
63 63 52.0
63 64 53.0
63 65 54.0
63 66 55.0
63 67 56.0
63 0 57.0
63 13 58.0
63 34 59.0
63 35 60.0
63 141 61.0
64 7 37.0
64 126 38.0
64 127 39.0
64 128 40.0
64 129 41.0
64 130 42.0
64 131 43.0
64 14 44.0
64 17 45.0
64 46 46.0
64 47 47.0
64 142 48.0
65 11 39.0
65 3 40.0
65 62 41.0
65 63 42.0
65 64 43.0
65 65 44.0
65 66 45.0
65 67 46.0
65 0 47.0
65 1 48.0
65 68 49.0
65 69 50.0
65 70 51.0
65 71 52.0
65 72 53.0
65 73 54.0
65 14 55.0
65 17 56.0
65 46 57.0
65 47 58.0
65 142 59.0
66 147 35.0
66 46 36.0
66 47 37.0
66 44 38.0
66 42 39.0
66 40 40.0
66 38 41.0
66 98 42.0
66 99 43.0
66 22 44.0
66 25 45.0
66 91 46.0
66 138 47.0
67 145 43.0
67 92 44.0
67 102 45.0
67 103 46.0
67 104 47.0
67 105 48.0
67 106 49.0
67 107 50.0
67 18 51.0
67 19 52.0
67 50 53.0
67 51 54.0
67 52 55.0
67 53 56.0
67 54 57.0
67 55 58.0
67 22 59.0
67 23 60.0
67 100 61.0
67 101 62.0
67 41 63.0
67 39 64.0
67 45 65.0
67 43 66.0
67 48 67.0
67 142 68.0
69 11 47.0
69 3 48.0
69 62 49.0
69 63 50.0
69 64 51.0
69 65 52.0
69 66 53.0
69 67 54.0
69 0 55.0
69 13 56.0
69 34 57.0
69 35 58.0
69 32 59.0
69 30 60.0
69 28 61.0
69 26 62.0
69 94 63.0
69 95 64.0
69 18 65.0
69 21 66.0
69 89 67.0
69 139 68.0
70 145 30.0
70 92 31.0
70 102 32.0
70 103 33.0
70 104 34.0
70 105 35.0
70 106 36.0
70 107 37.0
70 18 38.0
70 19 39.0
70 50 40.0
70 51 41.0
70 52 42.0
70 53 43.0
70 54 44.0
70 55 45.0
70 22 46.0
70 25 47.0
70 91 48.0
70 138 49.0
71 9 45.0
71 5 46.0
71 114 47.0
71 115 48.0
71 116 49.0
71 117 50.0
71 118 51.0
71 119 52.0
71 0 53.0
71 13 54.0
71 80 55.0
71 81 56.0
71 82 57.0
71 83 58.0
71 84 59.0
71 85 60.0
71 2 61.0
71 10 62.0
72 143 49.0
72 90 50.0
72 24 51.0
72 25 52.0
72 56 53.0
72 57 54.0
72 58 55.0
72 59 56.0
72 60 57.0
72 61 58.0
72 20 59.0
72 19 60.0
72 96 61.0
72 97 62.0
72 29 63.0
72 27 64.0
72 33 65.0
72 31 66.0
72 36 67.0
72 141 68.0
73 143 46.0
73 90 47.0
73 24 48.0
73 25 49.0
73 56 50.0
73 57 51.0
73 58 52.0
73 59 53.0
73 60 54.0
73 61 55.0
73 20 56.0
73 21 57.0
73 108 58.0
73 109 59.0
73 110 60.0
73 111 61.0
73 112 62.0
73 113 63.0
73 93 64.0
73 140 65.0
74 7 34.0
74 126 35.0
74 127 36.0
74 128 37.0
74 129 38.0
74 130 39.0
74 131 40.0
74 14 41.0
74 17 42.0
74 74 43.0
74 75 44.0
74 76 45.0
74 77 46.0
74 78 47.0
74 79 48.0
74 12 49.0
74 13 50.0
74 34 51.0
74 35 52.0
74 141 53.0
75 146 39.0
75 37 40.0
75 12 41.0
75 1 42.0
75 68 43.0
75 69 44.0
75 70 45.0
75 71 46.0
75 72 47.0
75 73 48.0
75 14 49.0
75 17 50.0
75 46 51.0
75 47 52.0
75 142 53.0
76 145 37.0
76 92 38.0
76 102 39.0
76 103 40.0
76 104 41.0
76 105 42.0
76 106 43.0
76 107 44.0
76 18 45.0
76 19 46.0
76 50 47.0
76 51 48.0
76 52 49.0
76 53 50.0
76 54 51.0
76 55 52.0
76 22 53.0
76 23 54.0
76 100 55.0
76 101 56.0
76 41 57.0
76 39 58.0
76 45 59.0
76 43 60.0
76 48 61.0
76 142 62.0
79 145 32.0
79 92 33.0
79 102 34.0
79 103 35.0
79 104 36.0
79 105 37.0
79 106 38.0
79 107 39.0
79 18 40.0
79 21 41.0
79 89 42.0
79 139 43.0
81 145 41.0
81 92 42.0
81 102 43.0
81 103 44.0
81 104 45.0
81 105 46.0
81 106 47.0
81 107 48.0
81 18 49.0
81 21 50.0
81 89 51.0
81 139 52.0
82 144 41.0
82 88 42.0
82 20 43.0
82 19 44.0
82 96 45.0
82 97 46.0
82 29 47.0
82 27 48.0
82 33 49.0
82 31 50.0
82 36 51.0
82 37 52.0
82 12 53.0
82 1 54.0
82 120 55.0
82 121 56.0
82 122 57.0
82 123 58.0
82 124 59.0
82 125 60.0
82 4 61.0
82 8 62.0
84 145 49.0
84 92 50.0
84 102 51.0
84 103 52.0
84 104 53.0
84 105 54.0
84 106 55.0
84 107 56.0
84 18 57.0
84 19 58.0
84 50 59.0
84 51 60.0
84 52 61.0
84 53 62.0
84 54 63.0
84 55 64.0
84 22 65.0
84 23 66.0
84 100 67.0
84 101 68.0
84 41 69.0
84 39 70.0
84 45 71.0
84 43 72.0
84 48 73.0
84 142 74.0
86 147 44.0
86 49 45.0
86 16 46.0
86 15 47.0
86 132 48.0
86 133 49.0
86 134 50.0
86 135 51.0
86 136 52.0
86 137 53.0
86 6 54.0
90 147 40.0
90 49 41.0
90 16 42.0
90 15 43.0
90 132 44.0
90 133 45.0
90 134 46.0
90 135 47.0
90 136 48.0
90 137 49.0
90 6 50.0
91 11 41.0
91 3 42.0
91 62 43.0
91 63 44.0
91 64 45.0
91 65 46.0
91 66 47.0
91 67 48.0
91 0 49.0
91 1 50.0
91 68 51.0
91 69 52.0
91 70 53.0
91 71 54.0
91 72 55.0
91 73 56.0
91 14 57.0
91 15 58.0
91 132 59.0
91 133 60.0
91 134 61.0
91 135 62.0
91 136 63.0
91 137 64.0
91 6 65.0
93 9 43.0
93 5 44.0
93 114 45.0
93 115 46.0
93 116 47.0
93 117 48.0
93 118 49.0
93 119 50.0
93 0 51.0
93 1 52.0
93 68 53.0
93 69 54.0
93 70 55.0
93 71 56.0
93 72 57.0
93 73 58.0
93 14 59.0
93 15 60.0
93 132 61.0
93 133 62.0
93 134 63.0
93 135 64.0
93 136 65.0
93 137 66.0
93 6 67.0
94 145 47.0
94 92 48.0
94 102 49.0
94 103 50.0
94 104 51.0
94 105 52.0
94 106 53.0
94 107 54.0
94 18 55.0
94 19 56.0
94 96 57.0
94 97 58.0
94 29 59.0
94 27 60.0
94 33 61.0
94 31 62.0
94 36 63.0
94 141 64.0
96 147 42.0
96 49 43.0
96 16 44.0
96 15 45.0
96 132 46.0
96 133 47.0
96 134 48.0
96 135 49.0
96 136 50.0
96 137 51.0
96 6 52.0
97 143 41.0
97 90 42.0
97 24 43.0
97 23 44.0
97 100 45.0
97 101 46.0
97 41 47.0
97 39 48.0
97 45 49.0
97 43 50.0
97 48 51.0
97 49 52.0
97 16 53.0
97 15 54.0
97 132 55.0
97 133 56.0
97 134 57.0
97 135 58.0
97 136 59.0
97 137 60.0
97 6 61.0
99 7 46.0
99 126 47.0
99 127 48.0
99 128 49.0
99 129 50.0
99 130 51.0
99 131 52.0
99 14 53.0
99 17 54.0
99 46 55.0
99 47 56.0
99 142 57.0
;
param t_hat_lat:=
4 145 7.0
4 92 8.0
4 102 9.0
4 103 10.0
4 104 11.0
4 105 12.0
4 106 13.0
4 107 14.0
4 18 15.0
4 19 16.0
4 50 17.0
4 51 18.0
4 52 19.0
4 53 20.0
4 54 21.0
4 55 22.0
4 22 23.0
4 23 24.0
4 100 25.0
4 101 26.0
4 41 27.0
4 39 28.0
4 45 29.0
4 43 30.0
4 48 31.0
4 142 32.0
5 7 3.0
5 126 4.0
5 127 5.0
5 128 6.0
5 129 7.0
5 130 8.0
5 131 9.0
5 14 10.0
5 17 11.0
5 74 12.0
5 75 13.0
5 76 14.0
5 77 15.0
5 78 16.0
5 79 17.0
5 12 18.0
5 1 19.0
5 120 20.0
5 121 21.0
5 122 22.0
5 123 23.0
5 124 24.0
5 125 25.0
5 4 26.0
5 8 27.0
7 147 10.0
7 49 11.0
7 16 12.0
7 17 13.0
7 74 14.0
7 75 15.0
7 76 16.0
7 77 17.0
7 78 18.0
7 79 19.0
7 12 20.0
7 1 21.0
7 120 22.0
7 121 23.0
7 122 24.0
7 123 25.0
7 124 26.0
7 125 27.0
7 4 28.0
7 8 29.0
8 144 3.0
8 88 4.0
8 20 5.0
8 19 6.0
8 96 7.0
8 97 8.0
8 29 9.0
8 27 10.0
8 33 11.0
8 31 12.0
8 36 13.0
8 37 14.0
8 12 15.0
8 1 16.0
8 120 17.0
8 121 18.0
8 122 19.0
8 123 20.0
8 124 21.0
8 125 22.0
8 4 23.0
8 8 24.0
9 144 10.0
9 88 11.0
9 20 12.0
9 19 13.0
9 50 14.0
9 51 15.0
9 52 16.0
9 53 17.0
9 54 18.0
9 55 19.0
9 22 20.0
9 23 21.0
9 100 22.0
9 101 23.0
9 41 24.0
9 39 25.0
9 45 26.0
9 43 27.0
9 48 28.0
9 142 29.0
10 145 9.0
10 92 10.0
10 102 11.0
10 103 12.0
10 104 13.0
10 105 14.0
10 106 15.0
10 107 16.0
10 18 17.0
10 19 18.0
10 50 19.0
10 51 20.0
10 52 21.0
10 53 22.0
10 54 23.0
10 55 24.0
10 22 25.0
10 25 26.0
10 91 27.0
10 138 28.0
11 9 5.0
11 5 6.0
11 114 7.0
11 115 8.0
11 116 9.0
11 117 10.0
11 118 11.0
11 119 12.0
11 0 13.0
11 1 14.0
11 68 15.0
11 69 16.0
11 70 17.0
11 71 18.0
11 72 19.0
11 73 20.0
11 14 21.0
11 15 22.0
11 132 23.0
11 133 24.0
11 134 25.0
11 135 26.0
11 136 27.0
11 137 28.0
11 6 29.0
14 146 10.0
14 34 11.0
14 35 12.0
14 32 13.0
14 30 14.0
14 28 15.0
14 26 16.0
14 94 17.0
14 95 18.0
14 18 19.0
14 19 20.0
14 50 21.0
14 51 22.0
14 52 23.0
14 53 24.0
14 54 25.0
14 55 26.0
14 22 27.0
14 25 28.0
14 91 29.0
14 138 30.0
15 145 18.0
15 92 19.0
15 102 20.0
15 103 21.0
15 104 22.0
15 105 23.0
15 106 24.0
15 107 25.0
15 18 26.0
15 21 27.0
15 89 28.0
15 139 29.0
16 146 12.0
16 34 13.0
16 35 14.0
16 32 15.0
16 30 16.0
16 28 17.0
16 26 18.0
16 94 19.0
16 95 20.0
16 18 21.0
16 21 22.0
16 108 23.0
16 109 24.0
16 110 25.0
16 111 26.0
16 112 27.0
16 113 28.0
16 93 29.0
16 140 30.0
18 7 7.0
18 126 8.0
18 127 9.0
18 128 10.0
18 129 11.0
18 130 12.0
18 131 13.0
18 14 14.0
18 17 15.0
18 74 16.0
18 75 17.0
18 76 18.0
18 77 19.0
18 78 20.0
18 79 21.0
18 12 22.0
18 13 23.0
18 34 24.0
18 35 25.0
18 141 26.0
19 11 10.0
19 3 11.0
19 62 12.0
19 63 13.0
19 64 14.0
19 65 15.0
19 66 16.0
19 67 17.0
19 0 18.0
19 13 19.0
19 34 20.0
19 35 21.0
19 32 22.0
19 30 23.0
19 28 24.0
19 26 25.0
19 94 26.0
19 95 27.0
19 18 28.0
19 21 29.0
19 89 30.0
19 139 31.0
20 143 14.0
20 90 15.0
20 24 16.0
20 25 17.0
20 56 18.0
20 57 19.0
20 58 20.0
20 59 21.0
20 60 22.0
20 61 23.0
20 20 24.0
20 21 25.0
20 89 26.0
20 139 27.0
21 143 28.0
21 90 29.0
21 24 30.0
21 25 31.0
21 56 32.0
21 57 33.0
21 58 34.0
21 59 35.0
21 60 36.0
21 61 37.0
21 20 38.0
21 21 39.0
21 89 40.0
21 139 41.0
22 145 16.0
22 92 17.0
22 102 18.0
22 103 19.0
22 104 20.0
22 105 21.0
22 106 22.0
22 107 23.0
22 18 24.0
22 19 25.0
22 50 26.0
22 51 27.0
22 52 28.0
22 53 29.0
22 54 30.0
22 55 31.0
22 22 32.0
22 25 33.0
22 91 34.0
22 138 35.0
23 11 28.0
23 3 29.0
23 62 30.0
23 63 31.0
23 64 32.0
23 65 33.0
23 66 34.0
23 67 35.0
23 0 36.0
23 13 37.0
23 34 38.0
23 35 39.0
23 141 40.0
24 9 26.0
24 5 27.0
24 114 28.0
24 115 29.0
24 116 30.0
24 117 31.0
24 118 32.0
24 119 33.0
24 0 34.0
24 13 35.0
24 80 36.0
24 81 37.0
24 82 38.0
24 83 39.0
24 84 40.0
24 85 41.0
24 2 42.0
24 10 43.0
25 9 14.0
25 5 15.0
25 114 16.0
25 115 17.0
25 116 18.0
25 117 19.0
25 118 20.0
25 119 21.0
25 0 22.0
25 1 23.0
25 68 24.0
25 69 25.0
25 70 26.0
25 71 27.0
25 72 28.0
25 73 29.0
25 14 30.0
25 17 31.0
25 46 32.0
25 47 33.0
25 142 34.0
26 143 20.0
26 90 21.0
26 24 22.0
26 25 23.0
26 56 24.0
26 57 25.0
26 58 26.0
26 59 27.0
26 60 28.0
26 61 29.0
26 20 30.0
26 21 31.0
26 89 32.0
26 139 33.0
27 143 18.0
27 90 19.0
27 24 20.0
27 25 21.0
27 56 22.0
27 57 23.0
27 58 24.0
27 59 25.0
27 60 26.0
27 61 27.0
27 20 28.0
27 19 29.0
27 96 30.0
27 97 31.0
27 29 32.0
27 27 33.0
27 33 34.0
27 31 35.0
27 36 36.0
27 141 37.0
28 9 16.0
28 5 17.0
28 114 18.0
28 115 19.0
28 116 20.0
28 117 21.0
28 118 22.0
28 119 23.0
28 0 24.0
28 13 25.0
28 34 26.0
28 35 27.0
28 141 28.0
29 7 19.0
29 126 20.0
29 127 21.0
29 128 22.0
29 129 23.0
29 130 24.0
29 131 25.0
29 14 26.0
29 17 27.0
29 46 28.0
29 47 29.0
29 44 30.0
29 42 31.0
29 40 32.0
29 38 33.0
29 98 34.0
29 99 35.0
29 22 36.0
29 25 37.0
29 91 38.0
29 138 39.0
30 9 18.0
30 5 19.0
30 114 20.0
30 115 21.0
30 116 22.0
30 117 23.0
30 118 24.0
30 119 25.0
30 0 26.0
30 1 27.0
30 68 28.0
30 69 29.0
30 70 30.0
30 71 31.0
30 72 32.0
30 73 33.0
30 14 34.0
30 15 35.0
30 132 36.0
30 133 37.0
30 134 38.0
30 135 39.0
30 136 40.0
30 137 41.0
30 6 42.0
31 7 17.0
31 126 18.0
31 127 19.0
31 128 20.0
31 129 21.0
31 130 22.0
31 131 23.0
31 14 24.0
31 17 25.0
31 74 26.0
31 75 27.0
31 76 28.0
31 77 29.0
31 78 30.0
31 79 31.0
31 12 32.0
31 13 33.0
31 80 34.0
31 81 35.0
31 82 36.0
31 83 37.0
31 84 38.0
31 85 39.0
31 2 40.0
31 10 41.0
32 9 20.0
32 5 21.0
32 114 22.0
32 115 23.0
32 116 24.0
32 117 25.0
32 118 26.0
32 119 27.0
32 0 28.0
32 13 29.0
32 34 30.0
32 35 31.0
32 141 32.0
33 7 11.0
33 126 12.0
33 127 13.0
33 128 14.0
33 129 15.0
33 130 16.0
33 131 17.0
33 14 18.0
33 17 19.0
33 74 20.0
33 75 21.0
33 76 22.0
33 77 23.0
33 78 24.0
33 79 25.0
33 12 26.0
33 13 27.0
33 34 28.0
33 35 29.0
33 141 30.0
34 147 20.0
34 49 21.0
34 16 22.0
34 17 23.0
34 74 24.0
34 75 25.0
34 76 26.0
34 77 27.0
34 78 28.0
34 79 29.0
34 12 30.0
34 13 31.0
34 80 32.0
34 81 33.0
34 82 34.0
34 83 35.0
34 84 36.0
34 85 37.0
34 2 38.0
34 10 39.0
35 146 23.1
35 37 23.0
35 12 24.0
35 1 25.0
35 68 26.0
35 69 27.0
35 70 28.0
35 71 29.0
35 72 30.0
35 73 31.0
35 14 32.0
35 17 33.0
35 46 34.0
35 47 35.0
35 142 36.0
36 11 24.0
36 3 25.0
36 62 26.0
36 63 27.0
36 64 28.0
36 65 29.0
36 66 30.0
36 67 31.0
36 0 32.0
36 1 33.0
36 68 34.0
36 69 35.0
36 70 36.0
36 71 37.0
36 72 38.0
36 73 39.0
36 14 40.0
36 15 41.0
36 132 42.0
36 133 43.0
36 134 44.0
36 135 45.0
36 136 46.0
36 137 47.0
36 6 48.0
37 9 12.0
37 5 13.0
37 114 14.0
37 115 15.0
37 116 16.0
37 117 17.0
37 118 18.0
37 119 19.0
37 0 20.0
37 13 21.0
37 34 22.0
37 35 23.0
37 141 24.0
38 144 20.0
38 88 21.0
38 20 22.0
38 19 23.0
38 50 24.0
38 51 25.0
38 52 26.0
38 53 27.0
38 54 28.0
38 55 29.0
38 22 30.0
38 23 31.0
38 100 32.0
38 101 33.0
38 41 34.0
38 39 35.0
38 45 36.0
38 43 37.0
38 48 38.0
38 142 39.0
39 9 30.0
39 5 31.0
39 114 32.0
39 115 33.0
39 116 34.0
39 117 35.0
39 118 36.0
39 119 37.0
39 0 38.0
39 13 39.0
39 34 40.0
39 35 41.0
39 32 42.0
39 30 43.0
39 28 44.0
39 26 45.0
39 94 46.0
39 95 47.0
39 18 48.0
39 21 49.0
39 89 50.0
39 139 51.0
40 144 30.0
40 88 31.0
40 20 32.0
40 21 33.0
40 108 34.0
40 109 35.0
40 110 36.0
40 111 37.0
40 112 38.0
40 113 39.0
40 93 40.0
40 140 41.0
41 145 23.1
41 92 23.0
41 102 24.0
41 103 25.0
41 104 26.0
41 105 27.0
41 106 28.0
41 107 29.0
41 18 30.0
41 19 31.0
41 50 32.0
41 51 33.0
41 52 34.0
41 53 35.0
41 54 36.0
41 55 37.0
41 22 38.0
41 23 39.0
41 100 40.0
41 101 41.0
41 41 42.0
41 39 43.0
41 45 44.0
41 43 45.0
41 48 46.0
41 142 47.0
42 11 34.0
42 3 35.0
42 62 36.0
42 63 37.0
42 64 38.0
42 65 39.0
42 66 40.0
42 67 41.0
42 0 42.0
42 13 43.0
42 34 44.0
42 35 45.0
42 141 46.0
43 143 26.0
43 90 27.0
43 24 28.0
43 23 29.0
43 100 30.0
43 101 31.0
43 41 32.0
43 39 33.0
43 45 34.0
43 43 35.0
43 48 36.0
43 49 37.0
43 16 38.0
43 15 39.0
43 132 40.0
43 133 41.0
43 134 42.0
43 135 43.0
43 136 44.0
43 137 45.0
43 6 46.0
44 143 36.0
44 90 37.0
44 24 38.0
44 25 39.0
44 56 40.0
44 57 41.0
44 58 42.0
44 59 43.0
44 60 44.0
44 61 45.0
44 20 46.0
44 21 47.0
44 108 48.0
44 109 49.0
44 110 50.0
44 111 51.0
44 112 52.0
44 113 53.0
44 93 54.0
44 140 55.0
45 11 36.0
45 3 37.0
45 62 38.0
45 63 39.0
45 64 40.0
45 65 41.0
45 66 42.0
45 67 43.0
45 0 44.0
45 1 45.0
45 68 46.0
45 69 47.0
45 70 48.0
45 71 49.0
45 72 50.0
45 73 51.0
45 14 52.0
45 17 53.0
45 46 54.0
45 47 55.0
45 142 56.0
46 143 40.0
46 90 41.0
46 24 42.0
46 25 43.0
46 56 44.0
46 57 45.0
46 58 46.0
46 59 47.0
46 60 48.0
46 61 49.0
46 20 50.0
46 19 51.0
46 96 52.0
46 97 53.0
46 29 54.0
46 27 55.0
46 33 56.0
46 31 57.0
46 36 58.0
46 141 59.0
47 146 34.0
47 34 35.0
47 35 36.0
47 32 37.0
47 30 38.0
47 28 39.0
47 26 40.0
47 94 41.0
47 95 42.0
47 18 43.0
47 21 44.0
47 89 45.0
47 139 46.0
48 7 29.0
48 126 30.0
48 127 31.0
48 128 32.0
48 129 33.0
48 130 34.0
48 131 35.0
48 14 36.0
48 17 37.0
48 74 38.0
48 75 39.0
48 76 40.0
48 77 41.0
48 78 42.0
48 79 43.0
48 12 44.0
48 13 45.0
48 34 46.0
48 35 47.0
48 141 48.0
49 11 23.1
49 3 23.0
49 62 24.0
49 63 25.0
49 64 26.0
49 65 27.0
49 66 28.0
49 67 29.0
49 0 30.0
49 1 31.0
49 120 32.0
49 121 33.0
49 122 34.0
49 123 35.0
49 124 36.0
49 125 37.0
49 4 38.0
49 8 39.0
50 145 25.0
50 92 26.0
50 102 27.0
50 103 28.0
50 104 29.0
50 105 30.0
50 106 31.0
50 107 32.0
50 18 33.0
50 19 34.0
50 96 35.0
50 97 36.0
50 29 37.0
50 27 38.0
50 33 39.0
50 31 40.0
50 36 41.0
50 141 42.0
51 143 30.0
51 90 31.0
51 24 32.0
51 23 33.0
51 100 34.0
51 101 35.0
51 41 36.0
51 39 37.0
51 45 38.0
51 43 39.0
51 48 40.0
51 142 41.0
52 147 26.0
52 49 27.0
52 16 28.0
52 17 29.0
52 74 30.0
52 75 31.0
52 76 32.0
52 77 33.0
52 78 34.0
52 79 35.0
52 12 36.0
52 1 37.0
52 120 38.0
52 121 39.0
52 122 40.0
52 123 41.0
52 124 42.0
52 125 43.0
52 4 44.0
52 8 45.0
53 9 38.0
53 5 39.0
53 114 40.0
53 115 41.0
53 116 42.0
53 117 43.0
53 118 44.0
53 119 45.0
53 0 46.0
53 13 47.0
53 34 48.0
53 35 49.0
53 141 50.0
54 144 24.0
54 88 25.0
54 20 26.0
54 19 27.0
54 50 28.0
54 51 29.0
54 52 30.0
54 53 31.0
54 54 32.0
54 55 33.0
54 22 34.0
54 25 35.0
54 91 36.0
54 138 37.0
55 147 28.0
55 49 29.0
55 16 30.0
55 15 31.0
55 132 32.0
55 133 33.0
55 134 34.0
55 135 35.0
55 136 36.0
55 137 37.0
55 6 38.0
56 144 40.0
56 88 41.0
56 20 42.0
56 19 43.0
56 96 44.0
56 97 45.0
56 29 46.0
56 27 47.0
56 33 48.0
56 31 49.0
56 36 50.0
56 37 51.0
56 12 52.0
56 13 53.0
56 80 54.0
56 81 55.0
56 82 56.0
56 83 57.0
56 84 58.0
56 85 59.0
56 2 60.0
56 10 61.0
57 9 32.0
57 5 33.0
57 114 34.0
57 115 35.0
57 116 36.0
57 117 37.0
57 118 38.0
57 119 39.0
57 0 40.0
57 1 41.0
57 68 42.0
57 69 43.0
57 70 44.0
57 71 45.0
57 72 46.0
57 73 47.0
57 14 48.0
57 17 49.0
57 46 50.0
57 47 51.0
57 142 52.0
58 143 24.0
58 90 25.0
58 24 26.0
58 23 27.0
58 100 28.0
58 101 29.0
58 41 30.0
58 39 31.0
58 45 32.0
58 43 33.0
58 48 34.0
58 49 35.0
58 16 36.0
58 15 37.0
58 132 38.0
58 133 39.0
58 134 40.0
58 135 41.0
58 136 42.0
58 137 43.0
58 6 44.0
59 143 38.0
59 90 39.0
59 24 40.0
59 25 41.0
59 56 42.0
59 57 43.0
59 58 44.0
59 59 45.0
59 60 46.0
59 61 47.0
59 20 48.0
59 19 49.0
59 96 50.0
59 97 51.0
59 29 52.0
59 27 53.0
59 33 54.0
59 31 55.0
59 36 56.0
59 141 57.0
61 7 31.0
61 126 32.0
61 127 33.0
61 128 34.0
61 129 35.0
61 130 36.0
61 131 37.0
61 14 38.0
61 17 39.0
61 74 40.0
61 75 41.0
61 76 42.0
61 77 43.0
61 78 44.0
61 79 45.0
61 12 46.0
61 1 47.0
61 120 48.0
61 121 49.0
61 122 50.0
61 123 51.0
61 124 52.0
61 125 53.0
61 4 54.0
61 8 55.0
62 145 46.0
62 92 47.0
62 102 48.0
62 103 49.0
62 104 50.0
62 105 51.0
62 106 52.0
62 107 53.0
62 18 54.0
62 19 55.0
62 50 56.0
62 51 57.0
62 52 58.0
62 53 59.0
62 54 60.0
62 55 61.0
62 22 62.0
62 25 63.0
62 91 64.0
62 138 65.0
63 11 50.0
63 3 51.0
63 62 52.0
63 63 53.0
63 64 54.0
63 65 55.0
63 66 56.0
63 67 57.0
63 0 58.0
63 13 59.0
63 34 60.0
63 35 61.0
63 141 62.0
64 7 38.0
64 126 39.0
64 127 40.0
64 128 41.0
64 129 42.0
64 130 43.0
64 131 44.0
64 14 45.0
64 17 46.0
64 46 47.0
64 47 48.0
64 142 49.0
65 11 40.0
65 3 41.0
65 62 42.0
65 63 43.0
65 64 44.0
65 65 45.0
65 66 46.0
65 67 47.0
65 0 48.0
65 1 49.0
65 68 50.0
65 69 51.0
65 70 52.0
65 71 53.0
65 72 54.0
65 73 55.0
65 14 56.0
65 17 57.0
65 46 58.0
65 47 59.0
65 142 60.0
66 147 36.0
66 46 37.0
66 47 38.0
66 44 39.0
66 42 40.0
66 40 41.0
66 38 42.0
66 98 43.0
66 99 44.0
66 22 45.0
66 25 46.0
66 91 47.0
66 138 48.0
67 145 44.0
67 92 45.0
67 102 46.0
67 103 47.0
67 104 48.0
67 105 49.0
67 106 50.0
67 107 51.0
67 18 52.0
67 19 53.0
67 50 54.0
67 51 55.0
67 52 56.0
67 53 57.0
67 54 58.0
67 55 59.0
67 22 60.0
67 23 61.0
67 100 62.0
67 101 63.0
67 41 64.0
67 39 65.0
67 45 66.0
67 43 67.0
67 48 68.0
67 142 69.0
69 11 48.0
69 3 49.0
69 62 50.0
69 63 51.0
69 64 52.0
69 65 53.0
69 66 54.0
69 67 55.0
69 0 56.0
69 13 57.0
69 34 58.0
69 35 59.0
69 32 60.0
69 30 61.0
69 28 62.0
69 26 63.0
69 94 64.0
69 95 65.0
69 18 66.0
69 21 67.0
69 89 68.0
69 139 69.0
70 145 31.0
70 92 32.0
70 102 33.0
70 103 34.0
70 104 35.0
70 105 36.0
70 106 37.0
70 107 38.0
70 18 39.0
70 19 40.0
70 50 41.0
70 51 42.0
70 52 43.0
70 53 44.0
70 54 45.0
70 55 46.0
70 22 47.0
70 25 48.0
70 91 49.0
70 138 50.0
71 9 46.0
71 5 47.0
71 114 48.0
71 115 49.0
71 116 50.0
71 117 51.0
71 118 52.0
71 119 53.0
71 0 54.0
71 13 55.0
71 80 56.0
71 81 57.0
71 82 58.0
71 83 59.0
71 84 60.0
71 85 61.0
71 2 62.0
71 10 63.0
72 143 50.0
72 90 51.0
72 24 52.0
72 25 53.0
72 56 54.0
72 57 55.0
72 58 56.0
72 59 57.0
72 60 58.0
72 61 59.0
72 20 60.0
72 19 61.0
72 96 62.0
72 97 63.0
72 29 64.0
72 27 65.0
72 33 66.0
72 31 67.0
72 36 68.0
72 141 69.0
73 143 47.0
73 90 48.0
73 24 49.0
73 25 50.0
73 56 51.0
73 57 52.0
73 58 53.0
73 59 54.0
73 60 55.0
73 61 56.0
73 20 57.0
73 21 58.0
73 108 59.0
73 109 60.0
73 110 61.0
73 111 62.0
73 112 63.0
73 113 64.0
73 93 65.0
73 140 66.0
74 7 35.0
74 126 36.0
74 127 37.0
74 128 38.0
74 129 39.0
74 130 40.0
74 131 41.0
74 14 42.0
74 17 43.0
74 74 44.0
74 75 45.0
74 76 46.0
74 77 47.0
74 78 48.0
74 79 49.0
74 12 50.0
74 13 51.0
74 34 52.0
74 35 53.0
74 141 54.0
75 146 40.0
75 37 41.0
75 12 42.0
75 1 43.0
75 68 44.0
75 69 45.0
75 70 46.0
75 71 47.0
75 72 48.0
75 73 49.0
75 14 50.0
75 17 51.0
75 46 52.0
75 47 53.0
75 142 54.0
76 145 38.0
76 92 39.0
76 102 40.0
76 103 41.0
76 104 42.0
76 105 43.0
76 106 44.0
76 107 45.0
76 18 46.0
76 19 47.0
76 50 48.0
76 51 49.0
76 52 50.0
76 53 51.0
76 54 52.0
76 55 53.0
76 22 54.0
76 23 55.0
76 100 56.0
76 101 57.0
76 41 58.0
76 39 59.0
76 45 60.0
76 43 61.0
76 48 62.0
76 142 63.0
79 145 33.0
79 92 34.0
79 102 35.0
79 103 36.0
79 104 37.0
79 105 38.0
79 106 39.0
79 107 40.0
79 18 41.0
79 21 42.0
79 89 43.0
79 139 44.0
81 145 42.0
81 92 43.0
81 102 44.0
81 103 45.0
81 104 46.0
81 105 47.0
81 106 48.0
81 107 49.0
81 18 50.0
81 21 51.0
81 89 52.0
81 139 53.0
82 144 42.0
82 88 43.0
82 20 44.0
82 19 45.0
82 96 46.0
82 97 47.0
82 29 48.0
82 27 49.0
82 33 50.0
82 31 51.0
82 36 52.0
82 37 53.0
82 12 54.0
82 1 55.0
82 120 56.0
82 121 57.0
82 122 58.0
82 123 59.0
82 124 60.0
82 125 61.0
82 4 62.0
82 8 63.0
84 145 50.0
84 92 51.0
84 102 52.0
84 103 53.0
84 104 54.0
84 105 55.0
84 106 56.0
84 107 57.0
84 18 58.0
84 19 59.0
84 50 60.0
84 51 61.0
84 52 62.0
84 53 63.0
84 54 64.0
84 55 65.0
84 22 66.0
84 23 67.0
84 100 68.0
84 101 69.0
84 41 70.0
84 39 71.0
84 45 72.0
84 43 73.0
84 48 74.0
84 142 75.0
86 147 45.0
86 49 46.0
86 16 47.0
86 15 48.0
86 132 49.0
86 133 50.0
86 134 51.0
86 135 52.0
86 136 53.0
86 137 54.0
86 6 55.0
90 147 41.0
90 49 42.0
90 16 43.0
90 15 44.0
90 132 45.0
90 133 46.0
90 134 47.0
90 135 48.0
90 136 49.0
90 137 50.0
90 6 51.0
91 11 42.0
91 3 43.0
91 62 44.0
91 63 45.0
91 64 46.0
91 65 47.0
91 66 48.0
91 67 49.0
91 0 50.0
91 1 51.0
91 68 52.0
91 69 53.0
91 70 54.0
91 71 55.0
91 72 56.0
91 73 57.0
91 14 58.0
91 15 59.0
91 132 60.0
91 133 61.0
91 134 62.0
91 135 63.0
91 136 64.0
91 137 65.0
91 6 66.0
93 9 44.0
93 5 45.0
93 114 46.0
93 115 47.0
93 116 48.0
93 117 49.0
93 118 50.0
93 119 51.0
93 0 52.0
93 1 53.0
93 68 54.0
93 69 55.0
93 70 56.0
93 71 57.0
93 72 58.0
93 73 59.0
93 14 60.0
93 15 61.0
93 132 62.0
93 133 63.0
93 134 64.0
93 135 65.0
93 136 66.0
93 137 67.0
93 6 68.0
94 145 48.0
94 92 49.0
94 102 50.0
94 103 51.0
94 104 52.0
94 105 53.0
94 106 54.0
94 107 55.0
94 18 56.0
94 19 57.0
94 96 58.0
94 97 59.0
94 29 60.0
94 27 61.0
94 33 62.0
94 31 63.0
94 36 64.0
94 141 65.0
96 147 43.0
96 49 44.0
96 16 45.0
96 15 46.0
96 132 47.0
96 133 48.0
96 134 49.0
96 135 50.0
96 136 51.0
96 137 52.0
96 6 53.0
97 143 42.0
97 90 43.0
97 24 44.0
97 23 45.0
97 100 46.0
97 101 47.0
97 41 48.0
97 39 49.0
97 45 50.0
97 43 51.0
97 48 52.0
97 49 53.0
97 16 54.0
97 15 55.0
97 132 56.0
97 133 57.0
97 134 58.0
97 135 59.0
97 136 60.0
97 137 61.0
97 6 62.0
99 7 47.0
99 126 48.0
99 127 49.0
99 128 50.0
99 129 51.0
99 130 52.0
99 131 53.0
99 14 54.0
99 17 55.0
99 46 56.0
99 47 57.0
99 142 58.0
;
set fixedFlights :=
11 0 1
25 0 1
30 0 1
36 0 1
45 0 1
57 0 1
65 0 1
91 0 1
93 0 1
24 2 10
31 2 10
34 2 10
56 2 10
71 2 10
19 11 3
23 11 3
36 11 3
42 11 3
45 11 3
63 11 3
65 11 3
69 11 3
91 11 3
5 4 8
7 4 8
8 4 8
52 4 8
61 4 8
82 4 8
11 9 5
24 9 5
25 9 5
28 9 5
30 9 5
32 9 5
37 9 5
39 9 5
53 9 5
57 9 5
71 9 5
93 9 5
18 12 13
31 12 13
33 12 13
34 12 13
48 12 13
56 12 13
74 12 13
19 0 13
23 0 13
24 0 13
28 0 13
32 0 13
37 0 13
39 0 13
42 0 13
53 0 13
63 0 13
69 0 13
71 0 13
5 12 1
7 12 1
8 12 1
52 12 1
61 12 1
75 12 1
82 12 1
11 14 15
30 14 15
36 14 15
91 14 15
93 14 15
7 16 17
34 16 17
52 16 17
5 14 17
18 14 17
25 14 17
29 14 17
31 14 17
33 14 17
45 14 17
48 14 17
57 14 17
61 14 17
64 14 17
65 14 17
74 14 17
75 14 17
99 14 17
43 16 15
55 16 15
58 16 15
86 16 15
90 16 15
96 16 15
97 16 15
4 18 19
10 18 19
14 18 19
22 18 19
50 18 19
62 18 19
67 18 19
70 18 19
76 18 19
84 18 19
94 18 19
20 20 21
21 20 21
26 20 21
40 20 21
44 20 21
73 20 21
15 18 21
16 18 21
19 18 21
39 18 21
47 18 21
69 18 21
79 18 21
81 18 21
8 20 19
9 20 19
27 20 19
38 20 19
46 20 19
54 20 19
56 20 19
59 20 19
72 20 19
82 20 19
4 22 23
9 22 23
38 22 23
67 22 23
76 22 23
84 22 23
20 24 25
21 24 25
26 24 25
27 24 25
44 24 25
46 24 25
59 24 25
72 24 25
73 24 25
10 22 25
14 22 25
22 22 25
29 22 25
54 22 25
62 22 25
66 22 25
70 22 25
43 24 23
51 24 23
58 24 23
97 24 23
18 13 34
19 13 34
23 13 34
28 13 34
32 13 34
33 13 34
37 13 34
39 13 34
42 13 34
48 13 34
53 13 34
63 13 34
69 13 34
74 13 34
14 34 35
16 34 35
18 34 35
19 34 35
23 34 35
28 34 35
32 34 35
33 34 35
37 34 35
39 34 35
42 34 35
47 34 35
48 34 35
53 34 35
63 34 35
69 34 35
74 34 35
14 35 32
16 35 32
19 35 32
39 35 32
47 35 32
69 35 32
14 32 30
16 32 30
19 32 30
39 32 30
47 32 30
69 32 30
14 30 28
16 30 28
19 30 28
39 30 28
47 30 28
69 30 28
14 28 26
16 28 26
19 28 26
39 28 26
47 28 26
69 28 26
8 29 27
27 29 27
46 29 27
50 29 27
56 29 27
59 29 27
72 29 27
82 29 27
94 29 27
8 27 33
27 27 33
46 27 33
50 27 33
56 27 33
59 27 33
72 27 33
82 27 33
94 27 33
8 33 31
27 33 31
46 33 31
50 33 31
56 33 31
59 33 31
72 33 31
82 33 31
94 33 31
8 31 36
27 31 36
46 31 36
50 31 36
56 31 36
59 31 36
72 31 36
82 31 36
94 31 36
8 36 37
56 36 37
82 36 37
8 37 12
56 37 12
75 37 12
82 37 12
25 17 46
29 17 46
45 17 46
57 17 46
64 17 46
65 17 46
75 17 46
99 17 46
25 46 47
29 46 47
45 46 47
57 46 47
64 46 47
65 46 47
66 46 47
75 46 47
99 46 47
29 47 44
66 47 44
29 44 42
66 44 42
29 42 40
66 42 40
29 40 38
66 40 38
4 41 39
9 41 39
38 41 39
43 41 39
51 41 39
58 41 39
67 41 39
76 41 39
84 41 39
97 41 39
4 39 45
9 39 45
38 39 45
43 39 45
51 39 45
58 39 45
67 39 45
76 39 45
84 39 45
97 39 45
4 45 43
9 45 43
38 45 43
43 45 43
51 45 43
58 45 43
67 45 43
76 45 43
84 45 43
97 45 43
4 43 48
9 43 48
38 43 48
43 43 48
51 43 48
58 43 48
67 43 48
76 43 48
84 43 48
97 43 48
43 48 49
58 48 49
97 48 49
7 49 16
34 49 16
43 49 16
52 49 16
55 49 16
58 49 16
86 49 16
90 49 16
96 49 16
97 49 16
4 19 50
9 19 50
10 19 50
14 19 50
22 19 50
38 19 50
54 19 50
62 19 50
67 19 50
70 19 50
76 19 50
84 19 50
4 50 51
9 50 51
10 50 51
14 50 51
22 50 51
38 50 51
54 50 51
62 50 51
67 50 51
70 50 51
76 50 51
84 50 51
4 51 52
9 51 52
10 51 52
14 51 52
22 51 52
38 51 52
54 51 52
62 51 52
67 51 52
70 51 52
76 51 52
84 51 52
4 52 53
9 52 53
10 52 53
14 52 53
22 52 53
38 52 53
54 52 53
62 52 53
67 52 53
70 52 53
76 52 53
84 52 53
4 53 54
9 53 54
10 53 54
14 53 54
22 53 54
38 53 54
54 53 54
62 53 54
67 53 54
70 53 54
76 53 54
84 53 54
4 54 55
9 54 55
10 54 55
14 54 55
22 54 55
38 54 55
54 54 55
62 54 55
67 54 55
70 54 55
76 54 55
84 54 55
4 55 22
9 55 22
10 55 22
14 55 22
22 55 22
38 55 22
54 55 22
62 55 22
67 55 22
70 55 22
76 55 22
84 55 22
20 25 56
21 25 56
26 25 56
27 25 56
44 25 56
46 25 56
59 25 56
72 25 56
73 25 56
20 56 57
21 56 57
26 56 57
27 56 57
44 56 57
46 56 57
59 56 57
72 56 57
73 56 57
20 57 58
21 57 58
26 57 58
27 57 58
44 57 58
46 57 58
59 57 58
72 57 58
73 57 58
20 58 59
21 58 59
26 58 59
27 58 59
44 58 59
46 58 59
59 58 59
72 58 59
73 58 59
20 59 60
21 59 60
26 59 60
27 59 60
44 59 60
46 59 60
59 59 60
72 59 60
73 59 60
20 60 61
21 60 61
26 60 61
27 60 61
44 60 61
46 60 61
59 60 61
72 60 61
73 60 61
20 61 20
21 61 20
26 61 20
27 61 20
44 61 20
46 61 20
59 61 20
72 61 20
73 61 20
19 3 62
23 3 62
36 3 62
42 3 62
45 3 62
63 3 62
65 3 62
69 3 62
91 3 62
19 62 63
23 62 63
36 62 63
42 62 63
45 62 63
63 62 63
65 62 63
69 62 63
91 62 63
19 63 64
23 63 64
36 63 64
42 63 64
45 63 64
63 63 64
65 63 64
69 63 64
91 63 64
19 64 65
23 64 65
36 64 65
42 64 65
45 64 65
63 64 65
65 64 65
69 64 65
91 64 65
19 65 66
23 65 66
36 65 66
42 65 66
45 65 66
63 65 66
65 65 66
69 65 66
91 65 66
19 66 67
23 66 67
36 66 67
42 66 67
45 66 67
63 66 67
65 66 67
69 66 67
91 66 67
19 67 0
23 67 0
36 67 0
42 67 0
45 67 0
63 67 0
65 67 0
69 67 0
91 67 0
11 1 68
25 1 68
30 1 68
36 1 68
45 1 68
57 1 68
65 1 68
75 1 68
91 1 68
93 1 68
11 68 69
25 68 69
30 68 69
36 68 69
45 68 69
57 68 69
65 68 69
75 68 69
91 68 69
93 68 69
11 69 70
25 69 70
30 69 70
36 69 70
45 69 70
57 69 70
65 69 70
75 69 70
91 69 70
93 69 70
11 70 71
25 70 71
30 70 71
36 70 71
45 70 71
57 70 71
65 70 71
75 70 71
91 70 71
93 70 71
11 71 72
25 71 72
30 71 72
36 71 72
45 71 72
57 71 72
65 71 72
75 71 72
91 71 72
93 71 72
11 72 73
25 72 73
30 72 73
36 72 73
45 72 73
57 72 73
65 72 73
75 72 73
91 72 73
93 72 73
11 73 14
25 73 14
30 73 14
36 73 14
45 73 14
57 73 14
65 73 14
75 73 14
91 73 14
93 73 14
5 17 74
7 17 74
18 17 74
31 17 74
33 17 74
34 17 74
48 17 74
52 17 74
61 17 74
74 17 74
5 74 75
7 74 75
18 74 75
31 74 75
33 74 75
34 74 75
48 74 75
52 74 75
61 74 75
74 74 75
5 75 76
7 75 76
18 75 76
31 75 76
33 75 76
34 75 76
48 75 76
52 75 76
61 75 76
74 75 76
5 76 77
7 76 77
18 76 77
31 76 77
33 76 77
34 76 77
48 76 77
52 76 77
61 76 77
74 76 77
5 77 78
7 77 78
18 77 78
31 77 78
33 77 78
34 77 78
48 77 78
52 77 78
61 77 78
74 77 78
5 78 79
7 78 79
18 78 79
31 78 79
33 78 79
34 78 79
48 78 79
52 78 79
61 78 79
74 78 79
5 79 12
7 79 12
18 79 12
31 79 12
33 79 12
34 79 12
48 79 12
52 79 12
61 79 12
74 79 12
24 13 80
31 13 80
34 13 80
56 13 80
71 13 80
24 80 81
31 80 81
34 80 81
56 80 81
71 80 81
24 81 82
31 81 82
34 81 82
56 81 82
71 81 82
24 82 83
31 82 83
34 82 83
56 82 83
71 82 83
24 83 84
31 83 84
34 83 84
56 83 84
71 83 84
24 84 85
31 84 85
34 84 85
56 84 85
71 84 85
24 85 2
31 85 2
34 85 2
56 85 2
71 85 2
14 26 94
16 26 94
19 26 94
39 26 94
47 26 94
69 26 94
14 94 95
16 94 95
19 94 95
39 94 95
47 94 95
69 94 95
14 95 18
16 95 18
19 95 18
39 95 18
47 95 18
69 95 18
8 19 96
27 19 96
46 19 96
50 19 96
56 19 96
59 19 96
72 19 96
82 19 96
94 19 96
8 96 97
27 96 97
46 96 97
50 96 97
56 96 97
59 96 97
72 96 97
82 96 97
94 96 97
8 97 29
27 97 29
46 97 29
50 97 29
56 97 29
59 97 29
72 97 29
82 97 29
94 97 29
29 38 98
66 38 98
29 98 99
66 98 99
29 99 22
66 99 22
4 23 100
9 23 100
38 23 100
43 23 100
51 23 100
58 23 100
67 23 100
76 23 100
84 23 100
97 23 100
4 100 101
9 100 101
38 100 101
43 100 101
51 100 101
58 100 101
67 100 101
76 100 101
84 100 101
97 100 101
4 101 41
9 101 41
38 101 41
43 101 41
51 101 41
58 101 41
67 101 41
76 101 41
84 101 41
97 101 41
4 92 102
10 92 102
15 92 102
22 92 102
50 92 102
62 92 102
67 92 102
70 92 102
76 92 102
79 92 102
81 92 102
84 92 102
94 92 102
4 102 103
10 102 103
15 102 103
22 102 103
50 102 103
62 102 103
67 102 103
70 102 103
76 102 103
79 102 103
81 102 103
84 102 103
94 102 103
4 103 104
10 103 104
15 103 104
22 103 104
50 103 104
62 103 104
67 103 104
70 103 104
76 103 104
79 103 104
81 103 104
84 103 104
94 103 104
4 104 105
10 104 105
15 104 105
22 104 105
50 104 105
62 104 105
67 104 105
70 104 105
76 104 105
79 104 105
81 104 105
84 104 105
94 104 105
4 105 106
10 105 106
15 105 106
22 105 106
50 105 106
62 105 106
67 105 106
70 105 106
76 105 106
79 105 106
81 105 106
84 105 106
94 105 106
4 106 107
10 106 107
15 106 107
22 106 107
50 106 107
62 106 107
67 106 107
70 106 107
76 106 107
79 106 107
81 106 107
84 106 107
94 106 107
4 107 18
10 107 18
15 107 18
22 107 18
50 107 18
62 107 18
67 107 18
70 107 18
76 107 18
79 107 18
81 107 18
84 107 18
94 107 18
16 21 108
40 21 108
44 21 108
73 21 108
16 108 109
40 108 109
44 108 109
73 108 109
16 109 110
40 109 110
44 109 110
73 109 110
16 110 111
40 110 111
44 110 111
73 110 111
16 111 112
40 111 112
44 111 112
73 111 112
16 112 113
40 112 113
44 112 113
73 112 113
16 113 93
40 113 93
44 113 93
73 113 93
15 21 89
19 21 89
20 21 89
21 21 89
26 21 89
39 21 89
47 21 89
69 21 89
79 21 89
81 21 89
8 88 20
9 88 20
38 88 20
40 88 20
54 88 20
56 88 20
82 88 20
10 25 91
14 25 91
22 25 91
29 25 91
54 25 91
62 25 91
66 25 91
70 25 91
20 90 24
21 90 24
26 90 24
27 90 24
43 90 24
44 90 24
46 90 24
51 90 24
58 90 24
59 90 24
72 90 24
73 90 24
97 90 24
11 5 114
24 5 114
25 5 114
28 5 114
30 5 114
32 5 114
37 5 114
39 5 114
53 5 114
57 5 114
71 5 114
93 5 114
11 114 115
24 114 115
25 114 115
28 114 115
30 114 115
32 114 115
37 114 115
39 114 115
53 114 115
57 114 115
71 114 115
93 114 115
11 115 116
24 115 116
25 115 116
28 115 116
30 115 116
32 115 116
37 115 116
39 115 116
53 115 116
57 115 116
71 115 116
93 115 116
11 116 117
24 116 117
25 116 117
28 116 117
30 116 117
32 116 117
37 116 117
39 116 117
53 116 117
57 116 117
71 116 117
93 116 117
11 117 118
24 117 118
25 117 118
28 117 118
30 117 118
32 117 118
37 117 118
39 117 118
53 117 118
57 117 118
71 117 118
93 117 118
11 118 119
24 118 119
25 118 119
28 118 119
30 118 119
32 118 119
37 118 119
39 118 119
53 118 119
57 118 119
71 118 119
93 118 119
11 119 0
24 119 0
25 119 0
28 119 0
30 119 0
32 119 0
37 119 0
39 119 0
53 119 0
57 119 0
71 119 0
93 119 0
5 1 120
7 1 120
8 1 120
52 1 120
61 1 120
82 1 120
5 120 121
7 120 121
8 120 121
52 120 121
61 120 121
82 120 121
5 121 122
7 121 122
8 121 122
52 121 122
61 121 122
82 121 122
5 122 123
7 122 123
8 122 123
52 122 123
61 122 123
82 122 123
5 123 124
7 123 124
8 123 124
52 123 124
61 123 124
82 123 124
5 124 125
7 124 125
8 124 125
52 124 125
61 124 125
82 124 125
5 125 4
7 125 4
8 125 4
52 125 4
61 125 4
82 125 4
5 7 126
18 7 126
29 7 126
31 7 126
33 7 126
48 7 126
61 7 126
64 7 126
74 7 126
99 7 126
5 126 127
18 126 127
29 126 127
31 126 127
33 126 127
48 126 127
61 126 127
64 126 127
74 126 127
99 126 127
5 127 128
18 127 128
29 127 128
31 127 128
33 127 128
48 127 128
61 127 128
64 127 128
74 127 128
99 127 128
5 128 129
18 128 129
29 128 129
31 128 129
33 128 129
48 128 129
61 128 129
64 128 129
74 128 129
99 128 129
5 129 130
18 129 130
29 129 130
31 129 130
33 129 130
48 129 130
61 129 130
64 129 130
74 129 130
99 129 130
5 130 131
18 130 131
29 130 131
31 130 131
33 130 131
48 130 131
61 130 131
64 130 131
74 130 131
99 130 131
5 131 14
18 131 14
29 131 14
31 131 14
33 131 14
48 131 14
61 131 14
64 131 14
74 131 14
99 131 14
11 15 132
30 15 132
36 15 132
43 15 132
55 15 132
58 15 132
86 15 132
90 15 132
91 15 132
93 15 132
96 15 132
97 15 132
11 132 133
30 132 133
36 132 133
43 132 133
55 132 133
58 132 133
86 132 133
90 132 133
91 132 133
93 132 133
96 132 133
97 132 133
11 133 134
30 133 134
36 133 134
43 133 134
55 133 134
58 133 134
86 133 134
90 133 134
91 133 134
93 133 134
96 133 134
97 133 134
11 134 135
30 134 135
36 134 135
43 134 135
55 134 135
58 134 135
86 134 135
90 134 135
91 134 135
93 134 135
96 134 135
97 134 135
11 135 136
30 135 136
36 135 136
43 135 136
55 135 136
58 135 136
86 135 136
90 135 136
91 135 136
93 135 136
96 135 136
97 135 136
11 136 137
30 136 137
36 136 137
43 136 137
55 136 137
58 136 137
86 136 137
90 136 137
91 136 137
93 136 137
96 136 137
97 136 137
11 137 6
30 137 6
36 137 6
43 137 6
55 137 6
58 137 6
86 137 6
90 137 6
91 137 6
93 137 6
96 137 6
97 137 6
8 144 88
9 144 88
38 144 88
40 144 88
54 144 88
56 144 88
82 144 88
20 143 90
21 143 90
26 143 90
27 143 90
43 143 90
44 143 90
46 143 90
51 143 90
58 143 90
59 143 90
72 143 90
73 143 90
97 143 90
4 145 92
10 145 92
15 145 92
22 145 92
50 145 92
62 145 92
67 145 92
70 145 92
76 145 92
79 145 92
81 145 92
84 145 92
94 145 92
16 93 140
40 93 140
44 93 140
73 93 140
15 89 139
19 89 139
20 89 139
21 89 139
26 89 139
39 89 139
47 89 139
69 89 139
79 89 139
81 89 139
10 91 138
14 91 138
22 91 138
29 91 138
54 91 138
62 91 138
66 91 138
70 91 138
4 48 142
9 48 142
38 48 142
51 48 142
67 48 142
76 48 142
84 48 142
25 47 142
45 47 142
57 47 142
64 47 142
65 47 142
75 47 142
99 47 142
27 36 141
46 36 141
50 36 141
59 36 141
72 36 141
94 36 141
18 35 141
23 35 141
28 35 141
32 35 141
33 35 141
37 35 141
42 35 141
48 35 141
53 35 141
63 35 141
74 35 141
75 146 37
14 146 34
16 146 34
47 146 34
66 147 46
7 147 49
34 147 49
52 147 49
55 147 49
86 147 49
90 147 49
96 147 49
;
;
set inFlight:=
4
5
7
8
9
10
11
14
15
16
18
19
20
22
25
26
27
28
29
30
31
32
33
34
37
38
;
param tini := 22.1;
