param nn:= 148;
set F:=
0
1
2
3
4
5
6
7
8
9
10
11
12
13
14
15
17
18
19
20
21
22
23
24
25
26
27
28
29
30
31
32
33
34
35
36
37
38
39
40
41
42
43
44
45
46
47
48
49
50
51
52
54
55
56
57
58
59
60
61
63
64
66
67
68
69
70
71
73
74
75
76
77
78
79
81
82
83
85
87
90
92
97
99
;
param: E: d:=
0 1 2.500000
2 10 1.500000
11 3 1.500000
4 8 1.500000
9 5 1.500000
12 13 2.500000
0 13 2.500000
12 1 2.500000
14 15 2.500000
16 17 2.500000
14 17 2.500000
16 15 2.500000
18 19 2.500000
20 21 2.500000
18 21 2.500000
20 19 2.500000
22 23 2.500000
24 25 2.500000
22 25 2.500000
24 23 2.500000
13 34 2.500000
34 35 2.500000
35 32 2.500000
32 30 2.500000
30 28 2.500000
28 26 2.500000
29 27 2.500000
27 33 2.500000
33 31 2.500000
31 36 2.500000
36 37 2.500000
37 12 2.500000
17 46 2.500000
46 47 2.500000
47 44 2.500000
44 42 2.500000
42 40 2.500000
40 38 2.500000
41 39 2.500000
39 45 2.500000
45 43 2.500000
43 48 2.500000
48 49 2.500000
49 16 2.500000
19 50 2.500000
50 51 2.500000
51 52 2.500000
52 53 2.500000
53 54 2.500000
54 55 2.500000
55 22 2.500000
25 56 2.500000
56 57 2.500000
57 58 2.500000
58 59 2.500000
59 60 2.500000
60 61 2.500000
61 20 2.500000
3 62 2.500000
62 63 2.500000
63 64 2.500000
64 65 2.500000
65 66 2.500000
66 67 2.500000
67 0 2.500000
1 68 2.500000
68 69 2.500000
69 70 2.500000
70 71 2.500000
71 72 2.500000
72 73 2.500000
73 14 2.500000
17 74 2.500000
74 75 2.500000
75 76 2.500000
76 77 2.500000
77 78 2.500000
78 79 2.500000
79 12 2.500000
13 80 2.500000
80 81 2.500000
81 82 2.500000
82 83 2.500000
83 84 2.500000
84 85 2.500000
85 2 2.500000
26 94 2.500000
94 95 2.500000
95 18 2.500000
19 96 2.500000
96 97 2.500000
97 29 2.500000
38 98 2.500000
98 99 2.500000
99 22 2.500000
23 100 2.500000
100 101 2.500000
101 41 2.500000
92 102 2.500000
102 103 2.500000
103 104 2.500000
104 105 2.500000
105 106 2.500000
106 107 2.500000
107 18 2.500000
21 108 2.500000
108 109 2.500000
109 110 2.500000
110 111 2.500000
111 112 2.500000
112 113 2.500000
113 93 2.500000
21 89 2.500000
88 20 2.500000
25 91 2.500000
90 24 2.500000
5 114 2.500000
114 115 2.500000
115 116 2.500000
116 117 2.500000
117 118 2.500000
118 119 2.500000
119 0 2.500000
1 120 2.500000
120 121 2.500000
121 122 2.500000
122 123 2.500000
123 124 2.500000
124 125 2.500000
125 4 2.500000
7 126 1.500000
126 127 2.500000
127 128 2.500000
128 129 2.500000
129 130 2.500000
130 131 2.500000
131 14 2.500000
15 132 2.500000
132 133 2.500000
133 134 2.500000
134 135 2.500000
135 136 2.500000
136 137 2.500000
137 6 1.500000
87 6 1.500000
7 86 1.500000
144 88 1.500000
143 90 1.500000
145 92 1.500000
93 140 1.500000
89 139 1.500000
91 138 1.500000
48 142 1.500000
47 142 1.500000
36 141 1.500000
35 141 1.500000
146 37 1.500000
146 34 1.500000
147 46 1.500000
147 49 1.500000
;
param s:=
0 143
1 11
2 9
3 143
4 9
5 11
6 9
7 11
8 144
9 9
10 7
11 143
12 144
13 146
14 145
15 147
17 143
18 146
19 143
20 144
21 9
22 144
23 147
24 7
25 143
26 7
27 143
28 146
29 144
30 11
31 147
32 145
33 146
34 7
35 145
36 143
37 7
38 146
39 145
40 145
41 144
42 9
43 146
44 11
45 11
46 145
47 147
48 144
49 11
50 143
51 9
52 7
54 146
55 145
56 143
57 9
58 11
59 145
60 7
61 145
63 7
64 147
66 11
67 143
68 146
69 143
70 11
71 146
73 144
74 147
75 9
76 9
77 143
78 7
79 143
81 9
82 143
83 145
85 11
87 143
90 144
92 143
97 9
99 147
;
param e:=
0 139
1 6
2 141
3 139
4 6
5 6
6 142
7 6
8 138
9 10
10 138
11 141
12 138
13 8
14 142
15 138
17 139
18 139
19 142
20 8
21 10
22 8
23 141
24 10
25 141
26 142
27 6
28 6
29 140
30 142
31 8
32 142
33 139
34 142
35 141
36 142
37 138
38 139
39 139
40 141
41 8
42 142
43 10
44 8
45 141
46 142
47 6
48 138
49 8
50 139
51 142
52 138
54 6
55 139
56 6
57 141
58 142
59 139
60 10
61 142
63 138
64 141
66 141
67 6
68 6
69 6
70 141
71 10
73 140
74 6
75 139
76 6
77 141
78 8
79 140
81 6
82 139
83 139
85 8
87 139
90 142
92 140
97 141
99 10
;
param v_min:=2.375
;
param v_max:=2.625
;
param :conflictsNodes: angle:=
0 1 13 1.000000
0 13 1 1.000000
0 1 67 1.000000
0 67 1 1.000000
0 1 119 1.000000
0 119 1 1.000000
0 13 67 1.000000
0 67 13 1.000000
0 13 119 1.000000
0 119 13 1.000000
0 67 119 1.000000
0 119 67 1.000000
1 0 68 1.000000
1 68 0 1.000000
1 0 120 1.000000
1 120 0 1.000000
1 0 12 1.000000
1 12 0 1.000000
1 68 120 1.000000
1 120 68 1.000000
1 12 68 1.000000
1 68 12 1.000000
1 12 120 1.000000
1 120 12 1.000000
12 13 37 1.000000
12 37 13 1.000000
12 13 79 1.000000
12 79 13 1.000000
12 1 13 1.000000
12 13 1 1.000000
12 1 37 1.000000
12 37 1 1.000000
12 1 79 1.000000
12 79 1 1.000000
12 37 79 1.000000
12 79 37 1.000000
13 0 12 1.000000
13 12 0 1.000000
13 0 34 1.000000
13 34 0 1.000000
13 0 80 1.000000
13 80 0 1.000000
13 12 34 1.000000
13 34 12 1.000000
13 12 80 1.000000
13 80 12 1.000000
13 34 80 1.000000
13 80 34 1.000000
14 15 17 1.000000
14 17 15 1.000000
14 15 73 1.000000
14 73 15 1.000000
14 15 131 1.000000
14 131 15 1.000000
14 17 73 1.000000
14 73 17 1.000000
14 17 131 1.000000
14 131 17 1.000000
14 73 131 1.000000
14 131 73 1.000000
15 14 132 1.000000
15 132 14 1.000000
15 14 16 1.000000
15 16 14 1.000000
15 16 132 1.000000
15 132 16 1.000000
16 17 49 1.000000
16 49 17 1.000000
16 15 17 1.000000
16 17 15 1.000000
16 15 49 1.000000
16 49 15 1.000000
17 14 16 1.000000
17 16 14 1.000000
17 14 46 1.000000
17 46 14 1.000000
17 14 74 1.000000
17 74 14 1.000000
17 16 46 1.000000
17 46 16 1.000000
17 16 74 1.000000
17 74 16 1.000000
17 46 74 1.000000
17 74 46 1.000000
18 19 21 1.000000
18 21 19 1.000000
18 19 95 1.000000
18 95 19 1.000000
18 19 107 1.000000
18 107 19 1.000000
18 21 95 1.000000
18 95 21 1.000000
18 21 107 1.000000
18 107 21 1.000000
18 95 107 1.000000
18 107 95 1.000000
19 18 50 1.000000
19 50 18 1.000000
19 18 96 1.000000
19 96 18 1.000000
19 18 20 1.000000
19 20 18 1.000000
19 50 96 1.000000
19 96 50 1.000000
19 20 50 1.000000
19 50 20 1.000000
19 20 96 1.000000
19 96 20 1.000000
20 21 61 1.000000
20 61 21 1.000000
20 21 88 1.000000
20 88 21 1.000000
20 19 21 1.000000
20 21 19 1.000000
20 19 61 1.000000
20 61 19 1.000000
20 19 88 1.000000
20 88 19 1.000000
20 61 88 1.000000
20 88 61 1.000000
21 18 20 1.000000
21 20 18 1.000000
21 18 108 1.000000
21 108 18 1.000000
21 18 89 1.000000
21 89 18 1.000000
21 20 108 1.000000
21 108 20 1.000000
21 20 89 1.000000
21 89 20 1.000000
21 89 108 1.000000
21 108 89 1.000000
22 23 25 1.000000
22 25 23 1.000000
22 23 55 1.000000
22 55 23 1.000000
22 23 99 1.000000
22 99 23 1.000000
22 25 55 1.000000
22 55 25 1.000000
22 25 99 1.000000
22 99 25 1.000000
22 55 99 1.000000
22 99 55 1.000000
23 22 100 1.000000
23 100 22 1.000000
23 22 24 1.000000
23 24 22 1.000000
23 24 100 1.000000
23 100 24 1.000000
24 25 90 1.000000
24 90 25 1.000000
24 23 25 1.000000
24 25 23 1.000000
24 23 90 1.000000
24 90 23 1.000000
25 22 24 1.000000
25 24 22 1.000000
25 22 56 1.000000
25 56 22 1.000000
25 22 91 1.000000
25 91 22 1.000000
25 24 56 1.000000
25 56 24 1.000000
25 24 91 1.000000
25 91 24 1.000000
25 56 91 1.000000
25 91 56 1.000000
26 28 94 1.000000
26 94 28 1.000000
27 29 33 1.000000
27 33 29 1.000000
28 26 30 1.000000
28 30 26 1.000000
29 27 97 1.000000
29 97 27 1.000000
30 28 32 1.000000
30 32 28 1.000000
31 33 36 1.000000
31 36 33 1.000000
32 30 35 1.000000
32 35 30 1.000000
33 27 31 1.000000
33 31 27 1.000000
34 13 35 1.000000
34 35 13 1.000000
35 32 34 1.000000
35 34 32 1.000000
36 31 37 1.000000
36 37 31 1.000000
37 12 36 1.000000
37 36 12 1.000000
38 40 98 1.000000
38 98 40 1.000000
39 41 45 1.000000
39 45 41 1.000000
40 38 42 1.000000
40 42 38 1.000000
41 39 101 1.000000
41 101 39 1.000000
42 40 44 1.000000
42 44 40 1.000000
43 45 48 1.000000
43 48 45 1.000000
44 42 47 1.000000
44 47 42 1.000000
45 39 43 1.000000
45 43 39 1.000000
46 17 47 1.000000
46 47 17 1.000000
47 44 46 1.000000
47 46 44 1.000000
48 43 49 1.000000
48 49 43 1.000000
49 16 48 1.000000
49 48 16 1.000000
50 19 51 1.000000
50 51 19 1.000000
51 50 52 1.000000
51 52 50 1.000000
52 51 53 1.000000
52 53 51 1.000000
53 52 54 1.000000
53 54 52 1.000000
54 53 55 1.000000
54 55 53 1.000000
55 22 54 1.000000
55 54 22 1.000000
56 25 57 1.000000
56 57 25 1.000000
57 56 58 1.000000
57 58 56 1.000000
58 57 59 1.000000
58 59 57 1.000000
59 58 60 1.000000
59 60 58 1.000000
60 59 61 1.000000
60 61 59 1.000000
61 20 60 1.000000
61 60 20 1.000000
62 3 63 1.000000
62 63 3 1.000000
63 62 64 1.000000
63 64 62 1.000000
64 63 65 1.000000
64 65 63 1.000000
65 64 66 1.000000
65 66 64 1.000000
66 65 67 1.000000
66 67 65 1.000000
67 0 66 1.000000
67 66 0 1.000000
68 1 69 1.000000
68 69 1 1.000000
69 68 70 1.000000
69 70 68 1.000000
70 69 71 1.000000
70 71 69 1.000000
71 70 72 1.000000
71 72 70 1.000000
72 71 73 1.000000
72 73 71 1.000000
73 14 72 1.000000
73 72 14 1.000000
74 17 75 1.000000
74 75 17 1.000000
75 74 76 1.000000
75 76 74 1.000000
76 75 77 1.000000
76 77 75 1.000000
77 76 78 1.000000
77 78 76 1.000000
78 77 79 1.000000
78 79 77 1.000000
79 12 78 1.000000
79 78 12 1.000000
80 13 81 1.000000
80 81 13 1.000000
81 80 82 1.000000
81 82 80 1.000000
82 81 83 1.000000
82 83 81 1.000000
83 82 84 1.000000
83 84 82 1.000000
84 83 85 1.000000
84 85 83 1.000000
85 2 84 1.000000
85 84 2 1.000000
94 26 95 1.000000
94 95 26 1.000000
95 18 94 1.000000
95 94 18 1.000000
96 19 97 1.000000
96 97 19 1.000000
97 29 96 1.000000
97 96 29 1.000000
98 38 99 1.000000
98 99 38 1.000000
99 22 98 1.000000
99 98 22 1.000000
100 23 101 1.000000
100 101 23 1.000000
101 41 100 1.000000
101 100 41 1.000000
102 92 103 1.000000
102 103 92 1.000000
103 102 104 1.000000
103 104 102 1.000000
104 103 105 1.000000
104 105 103 1.000000
105 104 106 1.000000
105 106 104 1.000000
106 105 107 1.000000
106 107 105 1.000000
107 18 106 1.000000
107 106 18 1.000000
108 21 109 1.000000
108 109 21 1.000000
109 108 110 1.000000
109 110 108 1.000000
110 109 111 1.000000
110 111 109 1.000000
111 110 112 1.000000
111 112 110 1.000000
112 111 113 1.000000
112 113 111 1.000000
113 93 112 1.000000
113 112 93 1.000000
114 5 115 1.000000
114 115 5 1.000000
115 114 116 1.000000
115 116 114 1.000000
116 115 117 1.000000
116 117 115 1.000000
117 116 118 1.000000
117 118 116 1.000000
118 117 119 1.000000
118 119 117 1.000000
119 0 118 1.000000
119 118 0 1.000000
120 1 121 1.000000
120 121 1 1.000000
121 120 122 1.000000
121 122 120 1.000000
122 121 123 1.000000
122 123 121 1.000000
123 122 124 1.000000
123 124 122 1.000000
124 123 125 1.000000
124 125 123 1.000000
125 4 124 1.000000
125 124 4 1.000000
127 126 128 1.000000
127 128 126 1.000000
128 127 129 1.000000
128 129 127 1.000000
129 128 130 1.000000
129 130 128 1.000000
130 129 131 1.000000
130 131 129 1.000000
131 14 130 1.000000
131 130 14 1.000000
132 15 133 1.000000
132 133 15 1.000000
133 132 134 1.000000
133 134 132 1.000000
134 133 135 1.000000
134 135 133 1.000000
135 134 136 1.000000
135 136 134 1.000000
136 135 137 1.000000
136 137 135 1.000000
;
param D:=0.5;
param t_hat_ear:=
0 143 2.0
0 90 3.0
0 24 4.0
0 25 5.0
0 56 6.0
0 57 7.0
0 58 8.0
0 59 9.0
0 60 10.0
0 61 11.0
0 20 12.0
0 21 13.0
0 89 14.0
0 139 15.0
1 11 0.0
1 3 1.0
1 62 2.0
1 63 3.0
1 64 4.0
1 65 5.0
1 66 6.0
1 67 7.0
1 0 8.0
1 1 9.0
1 68 10.0
1 69 11.0
1 70 12.0
1 71 13.0
1 72 14.0
1 73 15.0
1 14 16.0
1 15 17.0
1 132 18.0
1 133 19.0
1 134 20.0
1 135 21.0
1 136 22.0
1 137 23.0
1 6 24.0
2 9 4.0
2 5 5.0
2 114 6.0
2 115 7.0
2 116 8.0
2 117 9.0
2 118 10.0
2 119 11.0
2 0 12.0
2 13 13.0
2 34 14.0
2 35 15.0
2 141 16.0
3 143 6.0
3 90 7.0
3 24 8.0
3 25 9.0
3 56 10.0
3 57 11.0
3 58 12.0
3 59 13.0
3 60 14.0
3 61 15.0
3 20 16.0
3 21 17.0
3 89 18.0
3 139 19.0
4 9 6.0
4 5 7.0
4 114 8.0
4 115 9.0
4 116 10.0
4 117 11.0
4 118 12.0
4 119 13.0
4 0 14.0
4 1 15.0
4 68 16.0
4 69 17.0
4 70 18.0
4 71 19.0
4 72 20.0
4 73 21.0
4 14 22.0
4 15 23.0
4 132 24.0
4 133 25.0
4 134 26.0
4 135 27.0
4 136 28.0
4 137 29.0
4 6 30.0
5 11 8.0
5 3 9.0
5 62 10.0
5 63 11.0
5 64 12.0
5 65 13.0
5 66 14.0
5 67 15.0
5 0 16.0
5 1 17.0
5 68 18.0
5 69 19.0
5 70 20.0
5 71 21.0
5 72 22.0
5 73 23.0
5 14 24.0
5 15 25.0
5 132 26.0
5 133 27.0
5 134 28.0
5 135 29.0
5 136 30.0
5 137 31.0
5 6 32.0
6 9 19.0
6 5 20.0
6 114 21.0
6 115 22.0
6 116 23.0
6 117 24.0
6 118 25.0
6 119 26.0
6 0 27.0
6 1 28.0
6 68 29.0
6 69 30.0
6 70 31.0
6 71 32.0
6 72 33.0
6 73 34.0
6 14 35.0
6 17 36.0
6 46 37.0
6 47 38.0
6 142 39.0
7 11 14.0
7 3 15.0
7 62 16.0
7 63 17.0
7 64 18.0
7 65 19.0
7 66 20.0
7 67 21.0
7 0 22.0
7 1 23.0
7 68 24.0
7 69 25.0
7 70 26.0
7 71 27.0
7 72 28.0
7 73 29.0
7 14 30.0
7 15 31.0
7 132 32.0
7 133 33.0
7 134 34.0
7 135 35.0
7 136 36.0
7 137 37.0
7 6 38.0
8 144 4.0
8 88 5.0
8 20 6.0
8 19 7.0
8 50 8.0
8 51 9.0
8 52 10.0
8 53 11.0
8 54 12.0
8 55 13.0
8 22 14.0
8 25 15.0
8 91 16.0
8 138 17.0
9 9 2.0
9 5 3.0
9 114 4.0
9 115 5.0
9 116 6.0
9 117 7.0
9 118 8.0
9 119 9.0
9 0 10.0
9 13 11.0
9 80 12.0
9 81 13.0
9 82 14.0
9 83 15.0
9 84 16.0
9 85 17.0
9 2 18.0
9 10 19.0
10 7 5.0
10 126 6.0
10 127 7.0
10 128 8.0
10 129 9.0
10 130 10.0
10 131 11.0
10 14 12.0
10 17 13.0
10 46 14.0
10 47 15.0
10 44 16.0
10 42 17.0
10 40 18.0
10 38 19.0
10 98 20.0
10 99 21.0
10 22 22.0
10 25 23.0
10 91 24.0
10 138 25.0
11 143 0.0
11 90 1.0
11 24 2.0
11 25 3.0
11 56 4.0
11 57 5.0
11 58 6.0
11 59 7.0
11 60 8.0
11 61 9.0
11 20 10.0
11 19 11.0
11 96 12.0
11 97 13.0
11 29 14.0
11 27 15.0
11 33 16.0
11 31 17.0
11 36 18.0
11 141 19.0
12 144 2.0
12 88 3.0
12 20 4.0
12 19 5.0
12 50 6.0
12 51 7.0
12 52 8.0
12 53 9.0
12 54 10.0
12 55 11.0
12 22 12.0
12 25 13.0
12 91 14.0
12 138 15.0
13 146 8.0
13 37 9.0
13 12 10.0
13 1 11.0
13 120 12.0
13 121 13.0
13 122 14.0
13 123 15.0
13 124 16.0
13 125 17.0
13 4 18.0
13 8 19.0
14 145 4.0
14 92 5.0
14 102 6.0
14 103 7.0
14 104 8.0
14 105 9.0
14 106 10.0
14 107 11.0
14 18 12.0
14 19 13.0
14 50 14.0
14 51 15.0
14 52 16.0
14 53 17.0
14 54 18.0
14 55 19.0
14 22 20.0
14 23 21.0
14 100 22.0
14 101 23.0
14 41 24.0
14 39 25.0
14 45 26.0
14 43 27.0
14 48 28.0
14 142 29.0
15 147 7.0
15 46 8.0
15 47 9.0
15 44 10.0
15 42 11.0
15 40 12.0
15 38 13.0
15 98 14.0
15 99 15.0
15 22 16.0
15 25 17.0
15 91 18.0
15 138 19.0
17 143 8.0
17 90 9.0
17 24 10.0
17 25 11.0
17 56 12.0
17 57 13.0
17 58 14.0
17 59 15.0
17 60 16.0
17 61 17.0
17 20 18.0
17 21 19.0
17 89 20.0
17 139 21.0
18 146 5.0
18 34 6.0
18 35 7.0
18 32 8.0
18 30 9.0
18 28 10.0
18 26 11.0
18 94 12.0
18 95 13.0
18 18 14.0
18 21 15.0
18 89 16.0
18 139 17.0
19 143 4.0
19 90 5.0
19 24 6.0
19 23 7.0
19 100 8.0
19 101 9.0
19 41 10.0
19 39 11.0
19 45 12.0
19 43 13.0
19 48 14.0
19 142 15.0
20 144 29.0
20 88 30.0
20 20 31.0
20 19 32.0
20 96 33.0
20 97 34.0
20 29 35.0
20 27 36.0
20 33 37.0
20 31 38.0
20 36 39.0
20 37 40.0
20 12 41.0
20 1 42.0
20 120 43.0
20 121 44.0
20 122 45.0
20 123 46.0
20 124 47.0
20 125 48.0
20 4 49.0
20 8 50.0
21 9 10.0
21 5 11.0
21 114 12.0
21 115 13.0
21 116 14.0
21 117 15.0
21 118 16.0
21 119 17.0
21 0 18.0
21 13 19.0
21 80 20.0
21 81 21.0
21 82 22.0
21 83 23.0
21 84 24.0
21 85 25.0
21 2 26.0
21 10 27.0
22 144 12.0
22 88 13.0
22 20 14.0
22 19 15.0
22 96 16.0
22 97 17.0
22 29 18.0
22 27 19.0
22 33 20.0
22 31 21.0
22 36 22.0
22 37 23.0
22 12 24.0
22 1 25.0
22 120 26.0
22 121 27.0
22 122 28.0
22 123 29.0
22 124 30.0
22 125 31.0
22 4 32.0
22 8 33.0
23 147 12.0
23 49 13.0
23 16 14.0
23 17 15.0
23 74 16.0
23 75 17.0
23 76 18.0
23 77 19.0
23 78 20.0
23 79 21.0
23 12 22.0
23 13 23.0
23 34 24.0
23 35 25.0
23 141 26.0
24 7 19.0
24 126 20.0
24 127 21.0
24 128 22.0
24 129 23.0
24 130 24.0
24 131 25.0
24 14 26.0
24 17 27.0
24 74 28.0
24 75 29.0
24 76 30.0
24 77 31.0
24 78 32.0
24 79 33.0
24 12 34.0
24 13 35.0
24 80 36.0
24 81 37.0
24 82 38.0
24 83 39.0
24 84 40.0
24 85 41.0
24 2 42.0
24 10 43.0
25 143 18.0
25 90 19.0
25 24 20.0
25 25 21.0
25 56 22.0
25 57 23.0
25 58 24.0
25 59 25.0
25 60 26.0
25 61 27.0
25 20 28.0
25 19 29.0
25 96 30.0
25 97 31.0
25 29 32.0
25 27 33.0
25 33 34.0
25 31 35.0
25 36 36.0
25 141 37.0
26 7 11.0
26 126 12.0
26 127 13.0
26 128 14.0
26 129 15.0
26 130 16.0
26 131 17.0
26 14 18.0
26 17 19.0
26 46 20.0
26 47 21.0
26 142 22.0
27 143 16.0
27 90 17.0
27 24 18.0
27 23 19.0
27 100 20.0
27 101 21.0
27 41 22.0
27 39 23.0
27 45 24.0
27 43 25.0
27 48 26.0
27 49 27.0
27 16 28.0
27 15 29.0
27 132 30.0
27 133 31.0
27 134 32.0
27 135 33.0
27 136 34.0
27 137 35.0
27 6 36.0
28 146 10.0
28 37 11.0
28 12 12.0
28 1 13.0
28 68 14.0
28 69 15.0
28 70 16.0
28 71 17.0
28 72 18.0
28 73 19.0
28 14 20.0
28 15 21.0
28 132 22.0
28 133 23.0
28 134 24.0
28 135 25.0
28 136 26.0
28 137 27.0
28 6 28.0
29 144 18.0
29 88 19.0
29 20 20.0
29 21 21.0
29 108 22.0
29 109 23.0
29 110 24.0
29 111 25.0
29 112 26.0
29 113 27.0
29 93 28.0
29 140 29.0
30 11 13.1
30 3 13.0
30 62 14.0
30 63 15.0
30 64 16.0
30 65 17.0
30 66 18.0
30 67 19.0
30 0 20.0
30 1 21.0
30 68 22.0
30 69 23.0
30 70 24.0
30 71 25.0
30 72 26.0
30 73 27.0
30 14 28.0
30 17 29.0
30 46 30.0
30 47 31.0
30 142 32.0
31 147 19.0
31 49 20.0
31 16 21.0
31 17 22.0
31 74 23.0
31 75 24.0
31 76 25.0
31 77 26.0
31 78 27.0
31 79 28.0
31 12 29.0
31 1 30.0
31 120 31.0
31 121 32.0
31 122 33.0
31 123 34.0
31 124 35.0
31 125 36.0
31 4 37.0
31 8 38.0
32 145 18.0
32 92 19.0
32 102 20.0
32 103 21.0
32 104 22.0
32 105 23.0
32 106 24.0
32 107 25.0
32 18 26.0
32 19 27.0
32 50 28.0
32 51 29.0
32 52 30.0
32 53 31.0
32 54 32.0
32 55 33.0
32 22 34.0
32 23 35.0
32 100 36.0
32 101 37.0
32 41 38.0
32 39 39.0
32 45 40.0
32 43 41.0
32 48 42.0
32 142 43.0
33 146 19.0
33 34 20.0
33 35 21.0
33 32 22.0
33 30 23.0
33 28 24.0
33 26 25.0
33 94 26.0
33 95 27.0
33 18 28.0
33 21 29.0
33 89 30.0
33 139 31.0
34 7 34.0
34 126 35.0
34 127 36.0
34 128 37.0
34 129 38.0
34 130 39.0
34 131 40.0
34 14 41.0
34 17 42.0
34 46 43.0
34 47 44.0
34 142 45.0
35 145 11.0
35 92 12.0
35 102 13.0
35 103 14.0
35 104 15.0
35 105 16.0
35 106 17.0
35 107 18.0
35 18 19.0
35 19 20.0
35 96 21.0
35 97 22.0
35 29 23.0
35 27 24.0
35 33 25.0
35 31 26.0
35 36 27.0
35 141 28.0
36 143 14.0
36 90 15.0
36 24 16.0
36 23 17.0
36 100 18.0
36 101 19.0
36 41 20.0
36 39 21.0
36 45 22.0
36 43 23.0
36 48 24.0
36 142 25.0
37 7 26.0
37 126 27.0
37 127 28.0
37 128 29.0
37 129 30.0
37 130 31.0
37 131 32.0
37 14 33.0
37 17 34.0
37 46 35.0
37 47 36.0
37 44 37.0
37 42 38.0
37 40 39.0
37 38 40.0
37 98 41.0
37 99 42.0
37 22 43.0
37 25 44.0
37 91 45.0
37 138 46.0
38 146 15.0
38 34 16.0
38 35 17.0
38 32 18.0
38 30 19.0
38 28 20.0
38 26 21.0
38 94 22.0
38 95 23.0
38 18 24.0
38 21 25.0
38 89 26.0
38 139 27.0
39 145 14.0
39 92 15.0
39 102 16.0
39 103 17.0
39 104 18.0
39 105 19.0
39 106 20.0
39 107 21.0
39 18 22.0
39 21 23.0
39 89 24.0
39 139 25.0
40 145 27.0
40 92 28.0
40 102 29.0
40 103 30.0
40 104 31.0
40 105 32.0
40 106 33.0
40 107 34.0
40 18 35.0
40 19 36.0
40 96 37.0
40 97 38.0
40 29 39.0
40 27 40.0
40 33 41.0
40 31 42.0
40 36 43.0
40 141 44.0
41 144 38.0
41 88 39.0
41 20 40.0
41 19 41.0
41 96 42.0
41 97 43.0
41 29 44.0
41 27 45.0
41 33 46.0
41 31 47.0
41 36 48.0
41 37 49.0
41 12 50.0
41 1 51.0
41 120 52.0
41 121 53.0
41 122 54.0
41 123 55.0
41 124 56.0
41 125 57.0
41 4 58.0
41 8 59.0
42 9 27.0
42 5 28.0
42 114 29.0
42 115 30.0
42 116 31.0
42 117 32.0
42 118 33.0
42 119 34.0
42 0 35.0
42 1 36.0
42 68 37.0
42 69 38.0
42 70 39.0
42 71 40.0
42 72 41.0
42 73 42.0
42 14 43.0
42 17 44.0
42 46 45.0
42 47 46.0
42 142 47.0
43 146 24.0
43 37 25.0
43 12 26.0
43 13 27.0
43 80 28.0
43 81 29.0
43 82 30.0
43 83 31.0
43 84 32.0
43 85 33.0
43 2 34.0
43 10 35.0
44 11 25.0
44 3 26.0
44 62 27.0
44 63 28.0
44 64 29.0
44 65 30.0
44 66 31.0
44 67 32.0
44 0 33.0
44 1 34.0
44 120 35.0
44 121 36.0
44 122 37.0
44 123 38.0
44 124 39.0
44 125 40.0
44 4 41.0
44 8 42.0
45 11 21.0
45 3 22.0
45 62 23.0
45 63 24.0
45 64 25.0
45 65 26.0
45 66 27.0
45 67 28.0
45 0 29.0
45 13 30.0
45 34 31.0
45 35 32.0
45 141 33.0
46 145 29.0
46 92 30.0
46 102 31.0
46 103 32.0
46 104 33.0
46 105 34.0
46 106 35.0
46 107 36.0
46 18 37.0
46 19 38.0
46 50 39.0
46 51 40.0
46 52 41.0
46 53 42.0
46 54 43.0
46 55 44.0
46 22 45.0
46 23 46.0
46 100 47.0
46 101 48.0
46 41 49.0
46 39 50.0
46 45 51.0
46 43 52.0
46 48 53.0
46 142 54.0
47 147 24.0
47 49 25.0
47 16 26.0
47 15 27.0
47 132 28.0
47 133 29.0
47 134 30.0
47 135 31.0
47 136 32.0
47 137 33.0
47 6 34.0
48 144 20.0
48 88 21.0
48 20 22.0
48 19 23.0
48 50 24.0
48 51 25.0
48 52 26.0
48 53 27.0
48 54 28.0
48 55 29.0
48 22 30.0
48 25 31.0
48 91 32.0
48 138 33.0
49 11 36.0
49 3 37.0
49 62 38.0
49 63 39.0
49 64 40.0
49 65 41.0
49 66 42.0
49 67 43.0
49 0 44.0
49 1 45.0
49 120 46.0
49 121 47.0
49 122 48.0
49 123 49.0
49 124 50.0
49 125 51.0
49 4 52.0
49 8 53.0
50 143 24.0
50 90 25.0
50 24 26.0
50 25 27.0
50 56 28.0
50 57 29.0
50 58 30.0
50 59 31.0
50 60 32.0
50 61 33.0
50 20 34.0
50 21 35.0
50 89 36.0
50 139 37.0
51 9 29.0
51 5 30.0
51 114 31.0
51 115 32.0
51 116 33.0
51 117 34.0
51 118 35.0
51 119 36.0
51 0 37.0
51 1 38.0
51 68 39.0
51 69 40.0
51 70 41.0
51 71 42.0
51 72 43.0
51 73 44.0
51 14 45.0
51 17 46.0
51 46 47.0
51 47 48.0
51 142 49.0
52 7 30.0
52 126 31.0
52 127 32.0
52 128 33.0
52 129 34.0
52 130 35.0
52 131 36.0
52 14 37.0
52 17 38.0
52 46 39.0
52 47 40.0
52 44 41.0
52 42 42.0
52 40 43.0
52 38 44.0
52 98 45.0
52 99 46.0
52 22 47.0
52 25 48.0
52 91 49.0
52 138 50.0
54 146 29.0
54 37 30.0
54 12 31.0
54 1 32.0
54 68 33.0
54 69 34.0
54 70 35.0
54 71 36.0
54 72 37.0
54 73 38.0
54 14 39.0
54 15 40.0
54 132 41.0
54 133 42.0
54 134 43.0
54 135 44.0
54 136 45.0
54 137 46.0
54 6 47.0
55 145 22.0
55 92 23.0
55 102 24.0
55 103 25.0
55 104 26.0
55 105 27.0
55 106 28.0
55 107 29.0
55 18 30.0
55 21 31.0
55 89 32.0
55 139 33.0
56 143 20.0
56 90 21.0
56 24 22.0
56 23 23.0
56 100 24.0
56 101 25.0
56 41 26.0
56 39 27.0
56 45 28.0
56 43 29.0
56 48 30.0
56 49 31.0
56 16 32.0
56 15 33.0
56 132 34.0
56 133 35.0
56 134 36.0
56 135 37.0
56 136 38.0
56 137 39.0
56 6 40.0
57 9 23.0
57 5 24.0
57 114 25.0
57 115 26.0
57 116 27.0
57 117 28.0
57 118 29.0
57 119 30.0
57 0 31.0
57 13 32.0
57 34 33.0
57 35 34.0
57 141 35.0
58 11 38.0
58 3 39.0
58 62 40.0
58 63 41.0
58 64 42.0
58 65 43.0
58 66 44.0
58 67 45.0
58 0 46.0
58 1 47.0
58 68 48.0
58 69 49.0
58 70 50.0
58 71 51.0
58 72 52.0
58 73 53.0
58 14 54.0
58 17 55.0
58 46 56.0
58 47 57.0
58 142 58.0
59 145 24.0
59 92 25.0
59 102 26.0
59 103 27.0
59 104 28.0
59 105 29.0
59 106 30.0
59 107 31.0
59 18 32.0
59 21 33.0
59 89 34.0
59 139 35.0
60 7 45.0
60 126 46.0
60 127 47.0
60 128 48.0
60 129 49.0
60 130 50.0
60 131 51.0
60 14 52.0
60 17 53.0
60 74 54.0
60 75 55.0
60 76 56.0
60 77 57.0
60 78 58.0
60 79 59.0
60 12 60.0
60 13 61.0
60 80 62.0
60 81 63.0
60 82 64.0
60 83 65.0
60 84 66.0
60 85 67.0
60 2 68.0
60 10 69.0
61 145 38.0
61 92 39.0
61 102 40.0
61 103 41.0
61 104 42.0
61 105 43.0
61 106 44.0
61 107 45.0
61 18 46.0
61 19 47.0
61 50 48.0
61 51 49.0
61 52 50.0
61 53 51.0
61 54 52.0
61 55 53.0
61 22 54.0
61 23 55.0
61 100 56.0
61 101 57.0
61 41 58.0
61 39 59.0
61 45 60.0
61 43 61.0
61 48 62.0
61 142 63.0
63 7 49.0
63 126 50.0
63 127 51.0
63 128 52.0
63 129 53.0
63 130 54.0
63 131 55.0
63 14 56.0
63 17 57.0
63 46 58.0
63 47 59.0
63 44 60.0
63 42 61.0
63 40 62.0
63 38 63.0
63 98 64.0
63 99 65.0
63 22 66.0
63 25 67.0
63 91 68.0
63 138 69.0
64 147 37.0
64 49 38.0
64 16 39.0
64 17 40.0
64 74 41.0
64 75 42.0
64 76 43.0
64 77 44.0
64 78 45.0
64 79 46.0
64 12 47.0
64 13 48.0
64 34 49.0
64 35 50.0
64 141 51.0
66 11 34.0
66 3 35.0
66 62 36.0
66 63 37.0
66 64 38.0
66 65 39.0
66 66 40.0
66 67 41.0
66 0 42.0
66 13 43.0
66 34 44.0
66 35 45.0
66 141 46.0
67 143 30.0
67 90 31.0
67 24 32.0
67 23 33.0
67 100 34.0
67 101 35.0
67 41 36.0
67 39 37.0
67 45 38.0
67 43 39.0
67 48 40.0
67 49 41.0
67 16 42.0
67 15 43.0
67 132 44.0
67 133 45.0
67 134 46.0
67 135 47.0
67 136 48.0
67 137 49.0
67 6 50.0
68 146 37.0
68 37 38.0
68 12 39.0
68 1 40.0
68 68 41.0
68 69 42.0
68 70 43.0
68 71 44.0
68 72 45.0
68 73 46.0
68 14 47.0
68 15 48.0
68 132 49.0
68 133 50.0
68 134 51.0
68 135 52.0
68 136 53.0
68 137 54.0
68 6 55.0
69 143 37.0
69 90 38.0
69 24 39.0
69 23 40.0
69 100 41.0
69 101 42.0
69 41 43.0
69 39 44.0
69 45 45.0
69 43 46.0
69 48 47.0
69 49 48.0
69 16 49.0
69 15 50.0
69 132 51.0
69 133 52.0
69 134 53.0
69 135 54.0
69 136 55.0
69 137 56.0
69 6 57.0
70 11 49.0
70 3 50.0
70 62 51.0
70 63 52.0
70 64 53.0
70 65 54.0
70 66 55.0
70 67 56.0
70 0 57.0
70 13 58.0
70 34 59.0
70 35 60.0
70 141 61.0
71 146 34.0
71 37 35.0
71 12 36.0
71 13 37.0
71 80 38.0
71 81 39.0
71 82 40.0
71 83 41.0
71 84 42.0
71 85 43.0
71 2 44.0
71 10 45.0
73 144 34.0
73 88 35.0
73 20 36.0
73 21 37.0
73 108 38.0
73 109 39.0
73 110 40.0
73 111 41.0
73 112 42.0
73 113 43.0
73 93 44.0
73 140 45.0
74 147 32.0
74 49 33.0
74 16 34.0
74 15 35.0
74 132 36.0
74 133 37.0
74 134 38.0
74 135 39.0
74 136 40.0
74 137 41.0
74 6 42.0
75 9 31.0
75 5 32.0
75 114 33.0
75 115 34.0
75 116 35.0
75 117 36.0
75 118 37.0
75 119 38.0
75 0 39.0
75 13 40.0
75 34 41.0
75 35 42.0
75 32 43.0
75 30 44.0
75 28 45.0
75 26 46.0
75 94 47.0
75 95 48.0
75 18 49.0
75 21 50.0
75 89 51.0
75 139 52.0
76 9 47.0
76 5 48.0
76 114 49.0
76 115 50.0
76 116 51.0
76 117 52.0
76 118 53.0
76 119 54.0
76 0 55.0
76 1 56.0
76 68 57.0
76 69 58.0
76 70 59.0
76 71 60.0
76 72 61.0
76 73 62.0
76 14 63.0
76 15 64.0
76 132 65.0
76 133 66.0
76 134 67.0
76 135 68.0
76 136 69.0
76 137 70.0
76 6 71.0
77 143 34.0
77 90 35.0
77 24 36.0
77 25 37.0
77 56 38.0
77 57 39.0
77 58 40.0
77 59 41.0
77 60 42.0
77 61 43.0
77 20 44.0
77 19 45.0
77 96 46.0
77 97 47.0
77 29 48.0
77 27 49.0
77 33 50.0
77 31 51.0
77 36 52.0
77 141 53.0
78 7 42.0
78 126 43.0
78 127 44.0
78 128 45.0
78 129 46.0
78 130 47.0
78 131 48.0
78 14 49.0
78 17 50.0
78 74 51.0
78 75 52.0
78 76 53.0
78 77 54.0
78 78 55.0
78 79 56.0
78 12 57.0
78 1 58.0
78 120 59.0
78 121 60.0
78 122 61.0
78 123 62.0
78 124 63.0
78 125 64.0
78 4 65.0
78 8 66.0
79 143 32.0
79 90 33.0
79 24 34.0
79 25 35.0
79 56 36.0
79 57 37.0
79 58 38.0
79 59 39.0
79 60 40.0
79 61 41.0
79 20 42.0
79 21 43.0
79 108 44.0
79 109 45.0
79 110 46.0
79 111 47.0
79 112 48.0
79 113 49.0
79 93 50.0
79 140 51.0
81 9 45.0
81 5 46.0
81 114 47.0
81 115 48.0
81 116 49.0
81 117 50.0
81 118 51.0
81 119 52.0
81 0 53.0
81 1 54.0
81 68 55.0
81 69 56.0
81 70 57.0
81 71 58.0
81 72 59.0
81 73 60.0
81 14 61.0
81 15 62.0
81 132 63.0
81 133 64.0
81 134 65.0
81 135 66.0
81 136 67.0
81 137 68.0
81 6 69.0
82 143 43.0
82 90 44.0
82 24 45.0
82 25 46.0
82 56 47.0
82 57 48.0
82 58 49.0
82 59 50.0
82 60 51.0
82 61 52.0
82 20 53.0
82 21 54.0
82 89 55.0
82 139 56.0
83 145 43.0
83 92 44.0
83 102 45.0
83 103 46.0
83 104 47.0
83 105 48.0
83 106 49.0
83 107 50.0
83 18 51.0
83 21 52.0
83 89 53.0
83 139 54.0
85 11 40.0
85 3 41.0
85 62 42.0
85 63 43.0
85 64 44.0
85 65 45.0
85 66 46.0
85 67 47.0
85 0 48.0
85 1 49.0
85 120 50.0
85 121 51.0
85 122 52.0
85 123 53.0
85 124 54.0
85 125 55.0
85 4 56.0
85 8 57.0
87 143 49.0
87 90 50.0
87 24 51.0
87 25 52.0
87 56 53.0
87 57 54.0
87 58 55.0
87 59 56.0
87 60 57.0
87 61 58.0
87 20 59.0
87 21 60.0
87 89 61.0
87 139 62.0
90 144 49.0
90 88 50.0
90 20 51.0
90 19 52.0
90 50 53.0
90 51 54.0
90 52 55.0
90 53 56.0
90 54 57.0
90 55 58.0
90 22 59.0
90 23 60.0
90 100 61.0
90 101 62.0
90 41 63.0
90 39 64.0
90 45 65.0
90 43 66.0
90 48 67.0
90 142 68.0
92 143 47.0
92 90 48.0
92 24 49.0
92 25 50.0
92 56 51.0
92 57 52.0
92 58 53.0
92 59 54.0
92 60 55.0
92 61 56.0
92 20 57.0
92 21 58.0
92 108 59.0
92 109 60.0
92 110 61.0
92 111 62.0
92 112 63.0
92 113 64.0
92 93 65.0
92 140 66.0
97 9 43.0
97 5 44.0
97 114 45.0
97 115 46.0
97 116 47.0
97 117 48.0
97 118 49.0
97 119 50.0
97 0 51.0
97 13 52.0
97 34 53.0
97 35 54.0
97 141 55.0
99 147 45.0
99 49 46.0
99 16 47.0
99 17 48.0
99 74 49.0
99 75 50.0
99 76 51.0
99 77 52.0
99 78 53.0
99 79 54.0
99 12 55.0
99 13 56.0
99 80 57.0
99 81 58.0
99 82 59.0
99 83 60.0
99 84 61.0
99 85 62.0
99 2 63.0
99 10 64.0
;
param t_hat_lat:=
0 143 3.0
0 90 4.0
0 24 5.0
0 25 6.0
0 56 7.0
0 57 8.0
0 58 9.0
0 59 10.0
0 60 11.0
0 61 12.0
0 20 13.0
0 21 14.0
0 89 15.0
0 139 16.0
1 11 1.0
1 3 2.0
1 62 3.0
1 63 4.0
1 64 5.0
1 65 6.0
1 66 7.0
1 67 8.0
1 0 9.0
1 1 10.0
1 68 11.0
1 69 12.0
1 70 13.0
1 71 14.0
1 72 15.0
1 73 16.0
1 14 17.0
1 15 18.0
1 132 19.0
1 133 20.0
1 134 21.0
1 135 22.0
1 136 23.0
1 137 24.0
1 6 25.0
2 9 5.0
2 5 6.0
2 114 7.0
2 115 8.0
2 116 9.0
2 117 10.0
2 118 11.0
2 119 12.0
2 0 13.0
2 13 14.0
2 34 15.0
2 35 16.0
2 141 17.0
3 143 7.0
3 90 8.0
3 24 9.0
3 25 10.0
3 56 11.0
3 57 12.0
3 58 13.0
3 59 14.0
3 60 15.0
3 61 16.0
3 20 17.0
3 21 18.0
3 89 19.0
3 139 20.0
4 9 7.0
4 5 8.0
4 114 9.0
4 115 10.0
4 116 11.0
4 117 12.0
4 118 13.0
4 119 14.0
4 0 15.0
4 1 16.0
4 68 17.0
4 69 18.0
4 70 19.0
4 71 20.0
4 72 21.0
4 73 22.0
4 14 23.0
4 15 24.0
4 132 25.0
4 133 26.0
4 134 27.0
4 135 28.0
4 136 29.0
4 137 30.0
4 6 31.0
5 11 9.0
5 3 10.0
5 62 11.0
5 63 12.0
5 64 13.0
5 65 14.0
5 66 15.0
5 67 16.0
5 0 17.0
5 1 18.0
5 68 19.0
5 69 20.0
5 70 21.0
5 71 22.0
5 72 23.0
5 73 24.0
5 14 25.0
5 15 26.0
5 132 27.0
5 133 28.0
5 134 29.0
5 135 30.0
5 136 31.0
5 137 32.0
5 6 33.0
6 9 20.0
6 5 21.0
6 114 22.0
6 115 23.0
6 116 24.0
6 117 25.0
6 118 26.0
6 119 27.0
6 0 28.0
6 1 29.0
6 68 30.0
6 69 31.0
6 70 32.0
6 71 33.0
6 72 34.0
6 73 35.0
6 14 36.0
6 17 37.0
6 46 38.0
6 47 39.0
6 142 40.0
7 11 15.0
7 3 16.0
7 62 17.0
7 63 18.0
7 64 19.0
7 65 20.0
7 66 21.0
7 67 22.0
7 0 23.0
7 1 24.0
7 68 25.0
7 69 26.0
7 70 27.0
7 71 28.0
7 72 29.0
7 73 30.0
7 14 31.0
7 15 32.0
7 132 33.0
7 133 34.0
7 134 35.0
7 135 36.0
7 136 37.0
7 137 38.0
7 6 39.0
8 144 5.0
8 88 6.0
8 20 7.0
8 19 8.0
8 50 9.0
8 51 10.0
8 52 11.0
8 53 12.0
8 54 13.0
8 55 14.0
8 22 15.0
8 25 16.0
8 91 17.0
8 138 18.0
9 9 3.0
9 5 4.0
9 114 5.0
9 115 6.0
9 116 7.0
9 117 8.0
9 118 9.0
9 119 10.0
9 0 11.0
9 13 12.0
9 80 13.0
9 81 14.0
9 82 15.0
9 83 16.0
9 84 17.0
9 85 18.0
9 2 19.0
9 10 20.0
10 7 6.0
10 126 7.0
10 127 8.0
10 128 9.0
10 129 10.0
10 130 11.0
10 131 12.0
10 14 13.0
10 17 14.0
10 46 15.0
10 47 16.0
10 44 17.0
10 42 18.0
10 40 19.0
10 38 20.0
10 98 21.0
10 99 22.0
10 22 23.0
10 25 24.0
10 91 25.0
10 138 26.0
11 143 1.0
11 90 2.0
11 24 3.0
11 25 4.0
11 56 5.0
11 57 6.0
11 58 7.0
11 59 8.0
11 60 9.0
11 61 10.0
11 20 11.0
11 19 12.0
11 96 13.0
11 97 14.0
11 29 15.0
11 27 16.0
11 33 17.0
11 31 18.0
11 36 19.0
11 141 20.0
12 144 3.0
12 88 4.0
12 20 5.0
12 19 6.0
12 50 7.0
12 51 8.0
12 52 9.0
12 53 10.0
12 54 11.0
12 55 12.0
12 22 13.0
12 25 14.0
12 91 15.0
12 138 16.0
13 146 9.0
13 37 10.0
13 12 11.0
13 1 12.0
13 120 13.0
13 121 14.0
13 122 15.0
13 123 16.0
13 124 17.0
13 125 18.0
13 4 19.0
13 8 20.0
14 145 5.0
14 92 6.0
14 102 7.0
14 103 8.0
14 104 9.0
14 105 10.0
14 106 11.0
14 107 12.0
14 18 13.0
14 19 14.0
14 50 15.0
14 51 16.0
14 52 17.0
14 53 18.0
14 54 19.0
14 55 20.0
14 22 21.0
14 23 22.0
14 100 23.0
14 101 24.0
14 41 25.0
14 39 26.0
14 45 27.0
14 43 28.0
14 48 29.0
14 142 30.0
15 147 8.0
15 46 9.0
15 47 10.0
15 44 11.0
15 42 12.0
15 40 13.0
15 38 14.0
15 98 15.0
15 99 16.0
15 22 17.0
15 25 18.0
15 91 19.0
15 138 20.0
17 143 9.0
17 90 10.0
17 24 11.0
17 25 12.0
17 56 13.0
17 57 14.0
17 58 15.0
17 59 16.0
17 60 17.0
17 61 18.0
17 20 19.0
17 21 20.0
17 89 21.0
17 139 22.0
18 146 6.0
18 34 7.0
18 35 8.0
18 32 9.0
18 30 10.0
18 28 11.0
18 26 12.0
18 94 13.0
18 95 14.0
18 18 15.0
18 21 16.0
18 89 17.0
18 139 18.0
19 143 5.0
19 90 6.0
19 24 7.0
19 23 8.0
19 100 9.0
19 101 10.0
19 41 11.0
19 39 12.0
19 45 13.0
19 43 14.0
19 48 15.0
19 142 16.0
20 144 30.0
20 88 31.0
20 20 32.0
20 19 33.0
20 96 34.0
20 97 35.0
20 29 36.0
20 27 37.0
20 33 38.0
20 31 39.0
20 36 40.0
20 37 41.0
20 12 42.0
20 1 43.0
20 120 44.0
20 121 45.0
20 122 46.0
20 123 47.0
20 124 48.0
20 125 49.0
20 4 50.0
20 8 51.0
21 9 11.0
21 5 12.0
21 114 13.0
21 115 14.0
21 116 15.0
21 117 16.0
21 118 17.0
21 119 18.0
21 0 19.0
21 13 20.0
21 80 21.0
21 81 22.0
21 82 23.0
21 83 24.0
21 84 25.0
21 85 26.0
21 2 27.0
21 10 28.0
22 144 13.0
22 88 14.0
22 20 15.0
22 19 16.0
22 96 17.0
22 97 18.0
22 29 19.0
22 27 20.0
22 33 21.0
22 31 22.0
22 36 23.0
22 37 24.0
22 12 25.0
22 1 26.0
22 120 27.0
22 121 28.0
22 122 29.0
22 123 30.0
22 124 31.0
22 125 32.0
22 4 33.0
22 8 34.0
23 147 13.0
23 49 14.0
23 16 15.0
23 17 16.0
23 74 17.0
23 75 18.0
23 76 19.0
23 77 20.0
23 78 21.0
23 79 22.0
23 12 23.0
23 13 24.0
23 34 25.0
23 35 26.0
23 141 27.0
24 7 20.0
24 126 21.0
24 127 22.0
24 128 23.0
24 129 24.0
24 130 25.0
24 131 26.0
24 14 27.0
24 17 28.0
24 74 29.0
24 75 30.0
24 76 31.0
24 77 32.0
24 78 33.0
24 79 34.0
24 12 35.0
24 13 36.0
24 80 37.0
24 81 38.0
24 82 39.0
24 83 40.0
24 84 41.0
24 85 42.0
24 2 43.0
24 10 44.0
25 143 19.0
25 90 20.0
25 24 21.0
25 25 22.0
25 56 23.0
25 57 24.0
25 58 25.0
25 59 26.0
25 60 27.0
25 61 28.0
25 20 29.0
25 19 30.0
25 96 31.0
25 97 32.0
25 29 33.0
25 27 34.0
25 33 35.0
25 31 36.0
25 36 37.0
25 141 38.0
26 7 12.0
26 126 13.0
26 127 14.0
26 128 15.0
26 129 16.0
26 130 17.0
26 131 18.0
26 14 19.0
26 17 20.0
26 46 21.0
26 47 22.0
26 142 23.0
27 143 17.0
27 90 18.0
27 24 19.0
27 23 20.0
27 100 21.0
27 101 22.0
27 41 23.0
27 39 24.0
27 45 25.0
27 43 26.0
27 48 27.0
27 49 28.0
27 16 29.0
27 15 30.0
27 132 31.0
27 133 32.0
27 134 33.0
27 135 34.0
27 136 35.0
27 137 36.0
27 6 37.0
28 146 11.0
28 37 12.0
28 12 13.0
28 1 14.0
28 68 15.0
28 69 16.0
28 70 17.0
28 71 18.0
28 72 19.0
28 73 20.0
28 14 21.0
28 15 22.0
28 132 23.0
28 133 24.0
28 134 25.0
28 135 26.0
28 136 27.0
28 137 28.0
28 6 29.0
29 144 19.0
29 88 20.0
29 20 21.0
29 21 22.0
29 108 23.0
29 109 24.0
29 110 25.0
29 111 26.0
29 112 27.0
29 113 28.0
29 93 29.0
29 140 30.0
30 11 14.100000000000001
30 3 14.0
30 62 15.0
30 63 16.0
30 64 17.0
30 65 18.0
30 66 19.0
30 67 20.0
30 0 21.0
30 1 22.0
30 68 23.0
30 69 24.0
30 70 25.0
30 71 26.0
30 72 27.0
30 73 28.0
30 14 29.0
30 17 30.0
30 46 31.0
30 47 32.0
30 142 33.0
31 147 20.0
31 49 21.0
31 16 22.0
31 17 23.0
31 74 24.0
31 75 25.0
31 76 26.0
31 77 27.0
31 78 28.0
31 79 29.0
31 12 30.0
31 1 31.0
31 120 32.0
31 121 33.0
31 122 34.0
31 123 35.0
31 124 36.0
31 125 37.0
31 4 38.0
31 8 39.0
32 145 19.0
32 92 20.0
32 102 21.0
32 103 22.0
32 104 23.0
32 105 24.0
32 106 25.0
32 107 26.0
32 18 27.0
32 19 28.0
32 50 29.0
32 51 30.0
32 52 31.0
32 53 32.0
32 54 33.0
32 55 34.0
32 22 35.0
32 23 36.0
32 100 37.0
32 101 38.0
32 41 39.0
32 39 40.0
32 45 41.0
32 43 42.0
32 48 43.0
32 142 44.0
33 146 20.0
33 34 21.0
33 35 22.0
33 32 23.0
33 30 24.0
33 28 25.0
33 26 26.0
33 94 27.0
33 95 28.0
33 18 29.0
33 21 30.0
33 89 31.0
33 139 32.0
34 7 35.0
34 126 36.0
34 127 37.0
34 128 38.0
34 129 39.0
34 130 40.0
34 131 41.0
34 14 42.0
34 17 43.0
34 46 44.0
34 47 45.0
34 142 46.0
35 145 12.0
35 92 13.0
35 102 14.0
35 103 15.0
35 104 16.0
35 105 17.0
35 106 18.0
35 107 19.0
35 18 20.0
35 19 21.0
35 96 22.0
35 97 23.0
35 29 24.0
35 27 25.0
35 33 26.0
35 31 27.0
35 36 28.0
35 141 29.0
36 143 15.0
36 90 16.0
36 24 17.0
36 23 18.0
36 100 19.0
36 101 20.0
36 41 21.0
36 39 22.0
36 45 23.0
36 43 24.0
36 48 25.0
36 142 26.0
37 7 27.0
37 126 28.0
37 127 29.0
37 128 30.0
37 129 31.0
37 130 32.0
37 131 33.0
37 14 34.0
37 17 35.0
37 46 36.0
37 47 37.0
37 44 38.0
37 42 39.0
37 40 40.0
37 38 41.0
37 98 42.0
37 99 43.0
37 22 44.0
37 25 45.0
37 91 46.0
37 138 47.0
38 146 16.0
38 34 17.0
38 35 18.0
38 32 19.0
38 30 20.0
38 28 21.0
38 26 22.0
38 94 23.0
38 95 24.0
38 18 25.0
38 21 26.0
38 89 27.0
38 139 28.0
39 145 15.0
39 92 16.0
39 102 17.0
39 103 18.0
39 104 19.0
39 105 20.0
39 106 21.0
39 107 22.0
39 18 23.0
39 21 24.0
39 89 25.0
39 139 26.0
40 145 28.0
40 92 29.0
40 102 30.0
40 103 31.0
40 104 32.0
40 105 33.0
40 106 34.0
40 107 35.0
40 18 36.0
40 19 37.0
40 96 38.0
40 97 39.0
40 29 40.0
40 27 41.0
40 33 42.0
40 31 43.0
40 36 44.0
40 141 45.0
41 144 39.0
41 88 40.0
41 20 41.0
41 19 42.0
41 96 43.0
41 97 44.0
41 29 45.0
41 27 46.0
41 33 47.0
41 31 48.0
41 36 49.0
41 37 50.0
41 12 51.0
41 1 52.0
41 120 53.0
41 121 54.0
41 122 55.0
41 123 56.0
41 124 57.0
41 125 58.0
41 4 59.0
41 8 60.0
42 9 28.0
42 5 29.0
42 114 30.0
42 115 31.0
42 116 32.0
42 117 33.0
42 118 34.0
42 119 35.0
42 0 36.0
42 1 37.0
42 68 38.0
42 69 39.0
42 70 40.0
42 71 41.0
42 72 42.0
42 73 43.0
42 14 44.0
42 17 45.0
42 46 46.0
42 47 47.0
42 142 48.0
43 146 25.0
43 37 26.0
43 12 27.0
43 13 28.0
43 80 29.0
43 81 30.0
43 82 31.0
43 83 32.0
43 84 33.0
43 85 34.0
43 2 35.0
43 10 36.0
44 11 26.0
44 3 27.0
44 62 28.0
44 63 29.0
44 64 30.0
44 65 31.0
44 66 32.0
44 67 33.0
44 0 34.0
44 1 35.0
44 120 36.0
44 121 37.0
44 122 38.0
44 123 39.0
44 124 40.0
44 125 41.0
44 4 42.0
44 8 43.0
45 11 22.0
45 3 23.0
45 62 24.0
45 63 25.0
45 64 26.0
45 65 27.0
45 66 28.0
45 67 29.0
45 0 30.0
45 13 31.0
45 34 32.0
45 35 33.0
45 141 34.0
46 145 30.0
46 92 31.0
46 102 32.0
46 103 33.0
46 104 34.0
46 105 35.0
46 106 36.0
46 107 37.0
46 18 38.0
46 19 39.0
46 50 40.0
46 51 41.0
46 52 42.0
46 53 43.0
46 54 44.0
46 55 45.0
46 22 46.0
46 23 47.0
46 100 48.0
46 101 49.0
46 41 50.0
46 39 51.0
46 45 52.0
46 43 53.0
46 48 54.0
46 142 55.0
47 147 25.0
47 49 26.0
47 16 27.0
47 15 28.0
47 132 29.0
47 133 30.0
47 134 31.0
47 135 32.0
47 136 33.0
47 137 34.0
47 6 35.0
48 144 21.0
48 88 22.0
48 20 23.0
48 19 24.0
48 50 25.0
48 51 26.0
48 52 27.0
48 53 28.0
48 54 29.0
48 55 30.0
48 22 31.0
48 25 32.0
48 91 33.0
48 138 34.0
49 11 37.0
49 3 38.0
49 62 39.0
49 63 40.0
49 64 41.0
49 65 42.0
49 66 43.0
49 67 44.0
49 0 45.0
49 1 46.0
49 120 47.0
49 121 48.0
49 122 49.0
49 123 50.0
49 124 51.0
49 125 52.0
49 4 53.0
49 8 54.0
50 143 25.0
50 90 26.0
50 24 27.0
50 25 28.0
50 56 29.0
50 57 30.0
50 58 31.0
50 59 32.0
50 60 33.0
50 61 34.0
50 20 35.0
50 21 36.0
50 89 37.0
50 139 38.0
51 9 30.0
51 5 31.0
51 114 32.0
51 115 33.0
51 116 34.0
51 117 35.0
51 118 36.0
51 119 37.0
51 0 38.0
51 1 39.0
51 68 40.0
51 69 41.0
51 70 42.0
51 71 43.0
51 72 44.0
51 73 45.0
51 14 46.0
51 17 47.0
51 46 48.0
51 47 49.0
51 142 50.0
52 7 31.0
52 126 32.0
52 127 33.0
52 128 34.0
52 129 35.0
52 130 36.0
52 131 37.0
52 14 38.0
52 17 39.0
52 46 40.0
52 47 41.0
52 44 42.0
52 42 43.0
52 40 44.0
52 38 45.0
52 98 46.0
52 99 47.0
52 22 48.0
52 25 49.0
52 91 50.0
52 138 51.0
54 146 30.0
54 37 31.0
54 12 32.0
54 1 33.0
54 68 34.0
54 69 35.0
54 70 36.0
54 71 37.0
54 72 38.0
54 73 39.0
54 14 40.0
54 15 41.0
54 132 42.0
54 133 43.0
54 134 44.0
54 135 45.0
54 136 46.0
54 137 47.0
54 6 48.0
55 145 23.0
55 92 24.0
55 102 25.0
55 103 26.0
55 104 27.0
55 105 28.0
55 106 29.0
55 107 30.0
55 18 31.0
55 21 32.0
55 89 33.0
55 139 34.0
56 143 21.0
56 90 22.0
56 24 23.0
56 23 24.0
56 100 25.0
56 101 26.0
56 41 27.0
56 39 28.0
56 45 29.0
56 43 30.0
56 48 31.0
56 49 32.0
56 16 33.0
56 15 34.0
56 132 35.0
56 133 36.0
56 134 37.0
56 135 38.0
56 136 39.0
56 137 40.0
56 6 41.0
57 9 24.0
57 5 25.0
57 114 26.0
57 115 27.0
57 116 28.0
57 117 29.0
57 118 30.0
57 119 31.0
57 0 32.0
57 13 33.0
57 34 34.0
57 35 35.0
57 141 36.0
58 11 39.0
58 3 40.0
58 62 41.0
58 63 42.0
58 64 43.0
58 65 44.0
58 66 45.0
58 67 46.0
58 0 47.0
58 1 48.0
58 68 49.0
58 69 50.0
58 70 51.0
58 71 52.0
58 72 53.0
58 73 54.0
58 14 55.0
58 17 56.0
58 46 57.0
58 47 58.0
58 142 59.0
59 145 25.0
59 92 26.0
59 102 27.0
59 103 28.0
59 104 29.0
59 105 30.0
59 106 31.0
59 107 32.0
59 18 33.0
59 21 34.0
59 89 35.0
59 139 36.0
60 7 46.0
60 126 47.0
60 127 48.0
60 128 49.0
60 129 50.0
60 130 51.0
60 131 52.0
60 14 53.0
60 17 54.0
60 74 55.0
60 75 56.0
60 76 57.0
60 77 58.0
60 78 59.0
60 79 60.0
60 12 61.0
60 13 62.0
60 80 63.0
60 81 64.0
60 82 65.0
60 83 66.0
60 84 67.0
60 85 68.0
60 2 69.0
60 10 70.0
61 145 39.0
61 92 40.0
61 102 41.0
61 103 42.0
61 104 43.0
61 105 44.0
61 106 45.0
61 107 46.0
61 18 47.0
61 19 48.0
61 50 49.0
61 51 50.0
61 52 51.0
61 53 52.0
61 54 53.0
61 55 54.0
61 22 55.0
61 23 56.0
61 100 57.0
61 101 58.0
61 41 59.0
61 39 60.0
61 45 61.0
61 43 62.0
61 48 63.0
61 142 64.0
63 7 50.0
63 126 51.0
63 127 52.0
63 128 53.0
63 129 54.0
63 130 55.0
63 131 56.0
63 14 57.0
63 17 58.0
63 46 59.0
63 47 60.0
63 44 61.0
63 42 62.0
63 40 63.0
63 38 64.0
63 98 65.0
63 99 66.0
63 22 67.0
63 25 68.0
63 91 69.0
63 138 70.0
64 147 38.0
64 49 39.0
64 16 40.0
64 17 41.0
64 74 42.0
64 75 43.0
64 76 44.0
64 77 45.0
64 78 46.0
64 79 47.0
64 12 48.0
64 13 49.0
64 34 50.0
64 35 51.0
64 141 52.0
66 11 35.0
66 3 36.0
66 62 37.0
66 63 38.0
66 64 39.0
66 65 40.0
66 66 41.0
66 67 42.0
66 0 43.0
66 13 44.0
66 34 45.0
66 35 46.0
66 141 47.0
67 143 31.0
67 90 32.0
67 24 33.0
67 23 34.0
67 100 35.0
67 101 36.0
67 41 37.0
67 39 38.0
67 45 39.0
67 43 40.0
67 48 41.0
67 49 42.0
67 16 43.0
67 15 44.0
67 132 45.0
67 133 46.0
67 134 47.0
67 135 48.0
67 136 49.0
67 137 50.0
67 6 51.0
68 146 38.0
68 37 39.0
68 12 40.0
68 1 41.0
68 68 42.0
68 69 43.0
68 70 44.0
68 71 45.0
68 72 46.0
68 73 47.0
68 14 48.0
68 15 49.0
68 132 50.0
68 133 51.0
68 134 52.0
68 135 53.0
68 136 54.0
68 137 55.0
68 6 56.0
69 143 38.0
69 90 39.0
69 24 40.0
69 23 41.0
69 100 42.0
69 101 43.0
69 41 44.0
69 39 45.0
69 45 46.0
69 43 47.0
69 48 48.0
69 49 49.0
69 16 50.0
69 15 51.0
69 132 52.0
69 133 53.0
69 134 54.0
69 135 55.0
69 136 56.0
69 137 57.0
69 6 58.0
70 11 50.0
70 3 51.0
70 62 52.0
70 63 53.0
70 64 54.0
70 65 55.0
70 66 56.0
70 67 57.0
70 0 58.0
70 13 59.0
70 34 60.0
70 35 61.0
70 141 62.0
71 146 35.0
71 37 36.0
71 12 37.0
71 13 38.0
71 80 39.0
71 81 40.0
71 82 41.0
71 83 42.0
71 84 43.0
71 85 44.0
71 2 45.0
71 10 46.0
73 144 35.0
73 88 36.0
73 20 37.0
73 21 38.0
73 108 39.0
73 109 40.0
73 110 41.0
73 111 42.0
73 112 43.0
73 113 44.0
73 93 45.0
73 140 46.0
74 147 33.0
74 49 34.0
74 16 35.0
74 15 36.0
74 132 37.0
74 133 38.0
74 134 39.0
74 135 40.0
74 136 41.0
74 137 42.0
74 6 43.0
75 9 32.0
75 5 33.0
75 114 34.0
75 115 35.0
75 116 36.0
75 117 37.0
75 118 38.0
75 119 39.0
75 0 40.0
75 13 41.0
75 34 42.0
75 35 43.0
75 32 44.0
75 30 45.0
75 28 46.0
75 26 47.0
75 94 48.0
75 95 49.0
75 18 50.0
75 21 51.0
75 89 52.0
75 139 53.0
76 9 48.0
76 5 49.0
76 114 50.0
76 115 51.0
76 116 52.0
76 117 53.0
76 118 54.0
76 119 55.0
76 0 56.0
76 1 57.0
76 68 58.0
76 69 59.0
76 70 60.0
76 71 61.0
76 72 62.0
76 73 63.0
76 14 64.0
76 15 65.0
76 132 66.0
76 133 67.0
76 134 68.0
76 135 69.0
76 136 70.0
76 137 71.0
76 6 72.0
77 143 35.0
77 90 36.0
77 24 37.0
77 25 38.0
77 56 39.0
77 57 40.0
77 58 41.0
77 59 42.0
77 60 43.0
77 61 44.0
77 20 45.0
77 19 46.0
77 96 47.0
77 97 48.0
77 29 49.0
77 27 50.0
77 33 51.0
77 31 52.0
77 36 53.0
77 141 54.0
78 7 43.0
78 126 44.0
78 127 45.0
78 128 46.0
78 129 47.0
78 130 48.0
78 131 49.0
78 14 50.0
78 17 51.0
78 74 52.0
78 75 53.0
78 76 54.0
78 77 55.0
78 78 56.0
78 79 57.0
78 12 58.0
78 1 59.0
78 120 60.0
78 121 61.0
78 122 62.0
78 123 63.0
78 124 64.0
78 125 65.0
78 4 66.0
78 8 67.0
79 143 33.0
79 90 34.0
79 24 35.0
79 25 36.0
79 56 37.0
79 57 38.0
79 58 39.0
79 59 40.0
79 60 41.0
79 61 42.0
79 20 43.0
79 21 44.0
79 108 45.0
79 109 46.0
79 110 47.0
79 111 48.0
79 112 49.0
79 113 50.0
79 93 51.0
79 140 52.0
81 9 46.0
81 5 47.0
81 114 48.0
81 115 49.0
81 116 50.0
81 117 51.0
81 118 52.0
81 119 53.0
81 0 54.0
81 1 55.0
81 68 56.0
81 69 57.0
81 70 58.0
81 71 59.0
81 72 60.0
81 73 61.0
81 14 62.0
81 15 63.0
81 132 64.0
81 133 65.0
81 134 66.0
81 135 67.0
81 136 68.0
81 137 69.0
81 6 70.0
82 143 44.0
82 90 45.0
82 24 46.0
82 25 47.0
82 56 48.0
82 57 49.0
82 58 50.0
82 59 51.0
82 60 52.0
82 61 53.0
82 20 54.0
82 21 55.0
82 89 56.0
82 139 57.0
83 145 44.0
83 92 45.0
83 102 46.0
83 103 47.0
83 104 48.0
83 105 49.0
83 106 50.0
83 107 51.0
83 18 52.0
83 21 53.0
83 89 54.0
83 139 55.0
85 11 41.0
85 3 42.0
85 62 43.0
85 63 44.0
85 64 45.0
85 65 46.0
85 66 47.0
85 67 48.0
85 0 49.0
85 1 50.0
85 120 51.0
85 121 52.0
85 122 53.0
85 123 54.0
85 124 55.0
85 125 56.0
85 4 57.0
85 8 58.0
87 143 50.0
87 90 51.0
87 24 52.0
87 25 53.0
87 56 54.0
87 57 55.0
87 58 56.0
87 59 57.0
87 60 58.0
87 61 59.0
87 20 60.0
87 21 61.0
87 89 62.0
87 139 63.0
90 144 50.0
90 88 51.0
90 20 52.0
90 19 53.0
90 50 54.0
90 51 55.0
90 52 56.0
90 53 57.0
90 54 58.0
90 55 59.0
90 22 60.0
90 23 61.0
90 100 62.0
90 101 63.0
90 41 64.0
90 39 65.0
90 45 66.0
90 43 67.0
90 48 68.0
90 142 69.0
92 143 48.0
92 90 49.0
92 24 50.0
92 25 51.0
92 56 52.0
92 57 53.0
92 58 54.0
92 59 55.0
92 60 56.0
92 61 57.0
92 20 58.0
92 21 59.0
92 108 60.0
92 109 61.0
92 110 62.0
92 111 63.0
92 112 64.0
92 113 65.0
92 93 66.0
92 140 67.0
97 9 44.0
97 5 45.0
97 114 46.0
97 115 47.0
97 116 48.0
97 117 49.0
97 118 50.0
97 119 51.0
97 0 52.0
97 13 53.0
97 34 54.0
97 35 55.0
97 141 56.0
99 147 46.0
99 49 47.0
99 16 48.0
99 17 49.0
99 74 50.0
99 75 51.0
99 76 52.0
99 77 53.0
99 78 54.0
99 79 55.0
99 12 56.0
99 13 57.0
99 80 58.0
99 81 59.0
99 82 60.0
99 83 61.0
99 84 62.0
99 85 63.0
99 2 64.0
99 10 65.0
;
set fixedFlights :=
1 0 1
4 0 1
7 0 1
44 0 1
49 0 1
51 0 1
57 0 1
76 0 1
81 0 1
85 0 1
9 2 10
21 2 10
24 2 10
43 2 10
60 2 10
71 2 10
99 2 10
1 11 3
5 11 3
7 11 3
44 11 3
45 11 3
49 11 3
58 11 3
66 11 3
70 11 3
85 11 3
13 4 8
20 4 8
22 4 8
31 4 8
41 4 8
44 4 8
49 4 8
78 4 8
85 4 8
2 9 5
4 9 5
6 9 5
9 9 5
21 9 5
42 9 5
51 9 5
57 9 5
75 9 5
76 9 5
81 9 5
97 9 5
23 12 13
24 12 13
25 12 13
43 12 13
50 12 13
60 12 13
71 12 13
73 12 13
79 12 13
92 12 13
99 12 13
2 0 13
5 0 13
6 0 13
9 0 13
21 0 13
42 0 13
45 0 13
58 0 13
66 0 13
70 0 13
75 0 13
97 0 13
13 12 1
14 12 1
20 12 1
22 12 1
27 12 1
28 12 1
31 12 1
32 12 1
38 12 1
41 12 1
54 12 1
68 12 1
78 12 1
1 14 15
4 14 15
7 14 15
27 14 15
28 14 15
54 14 15
68 14 15
76 14 15
81 14 15
20 16 17
23 16 17
25 16 17
31 16 17
50 16 17
79 16 17
92 16 17
10 14 17
14 14 17
24 14 17
26 14 17
32 14 17
34 14 17
37 14 17
38 14 17
51 14 17
52 14 17
57 14 17
60 14 17
63 14 17
78 14 17
5 16 15
47 16 15
56 16 15
67 16 15
69 16 15
74 16 15
5 18 19
6 18 19
14 18 19
32 18 19
33 18 19
35 18 19
40 18 19
42 18 19
46 18 19
55 18 19
58 18 19
61 18 19
0 20 21
3 20 21
17 20 21
29 20 21
33 20 21
38 20 21
55 20 21
82 20 21
87 20 21
18 18 21
39 18 21
50 18 21
59 18 21
73 18 21
75 18 21
79 18 21
83 18 21
92 18 21
8 20 19
11 20 19
12 20 19
14 20 19
20 20 19
22 20 19
27 20 19
41 20 19
48 20 19
57 20 19
64 20 19
73 20 19
77 20 19
90 20 19
99 20 19
5 22 23
6 22 23
20 22 23
42 22 23
46 22 23
58 22 23
61 22 23
90 22 23
0 24 25
3 24 25
11 24 25
17 24 25
27 24 25
77 24 25
82 24 25
87 24 25
8 22 25
10 22 25
12 22 25
14 22 25
15 22 25
33 22 25
37 22 25
38 22 25
48 22 25
52 22 25
55 22 25
57 22 25
63 22 25
64 22 25
99 22 25
19 24 23
25 24 23
36 24 23
50 24 23
56 24 23
67 24 23
69 24 23
79 24 23
92 24 23
2 13 34
5 13 34
6 13 34
23 13 34
25 13 34
42 13 34
45 13 34
50 13 34
58 13 34
66 13 34
70 13 34
73 13 34
75 13 34
79 13 34
92 13 34
97 13 34
2 34 35
5 34 35
6 34 35
18 34 35
23 34 35
25 34 35
33 34 35
42 34 35
45 34 35
50 34 35
58 34 35
66 34 35
70 34 35
73 34 35
75 34 35
79 34 35
92 34 35
97 34 35
5 35 32
6 35 32
18 35 32
33 35 32
42 35 32
50 35 32
58 35 32
73 35 32
75 35 32
79 35 32
92 35 32
5 32 30
6 32 30
18 32 30
33 32 30
42 32 30
50 32 30
58 32 30
73 32 30
75 32 30
79 32 30
92 32 30
5 30 28
6 30 28
18 30 28
33 30 28
42 30 28
50 30 28
58 30 28
73 30 28
75 30 28
79 30 28
92 30 28
5 28 26
6 28 26
18 28 26
33 28 26
42 28 26
50 28 26
58 28 26
73 28 26
75 28 26
79 28 26
92 28 26
11 29 27
14 29 27
22 29 27
27 29 27
32 29 27
35 29 27
40 29 27
41 29 27
57 29 27
64 29 27
73 29 27
77 29 27
99 29 27
11 27 33
14 27 33
22 27 33
27 27 33
32 27 33
35 27 33
40 27 33
41 27 33
57 27 33
64 27 33
73 27 33
77 27 33
99 27 33
11 33 31
14 33 31
22 33 31
27 33 31
32 33 31
35 33 31
40 33 31
41 33 31
57 33 31
64 33 31
73 33 31
77 33 31
99 33 31
11 31 36
14 31 36
22 31 36
27 31 36
32 31 36
35 31 36
40 31 36
41 31 36
57 31 36
64 31 36
73 31 36
77 31 36
99 31 36
14 36 37
22 36 37
27 36 37
32 36 37
41 36 37
73 36 37
99 36 37
13 37 12
14 37 12
22 37 12
27 37 12
28 37 12
32 37 12
38 37 12
41 37 12
43 37 12
54 37 12
68 37 12
71 37 12
73 37 12
99 37 12
10 17 46
14 17 46
26 17 46
32 17 46
34 17 46
37 17 46
38 17 46
51 17 46
52 17 46
57 17 46
63 17 46
10 46 47
14 46 47
15 46 47
26 46 47
32 46 47
34 46 47
37 46 47
38 46 47
51 46 47
52 46 47
57 46 47
63 46 47
64 46 47
99 46 47
10 47 44
15 47 44
37 47 44
38 47 44
52 47 44
57 47 44
63 47 44
64 47 44
99 47 44
10 44 42
15 44 42
37 44 42
38 44 42
52 44 42
57 44 42
63 44 42
64 44 42
99 44 42
10 42 40
15 42 40
37 42 40
38 42 40
52 42 40
57 42 40
63 42 40
64 42 40
99 42 40
10 40 38
15 40 38
37 40 38
38 40 38
52 40 38
57 40 38
63 40 38
64 40 38
99 40 38
5 41 39
6 41 39
19 41 39
20 41 39
25 41 39
36 41 39
42 41 39
46 41 39
50 41 39
56 41 39
58 41 39
61 41 39
67 41 39
69 41 39
79 41 39
90 41 39
92 41 39
5 39 45
6 39 45
19 39 45
20 39 45
25 39 45
36 39 45
42 39 45
46 39 45
50 39 45
56 39 45
58 39 45
61 39 45
67 39 45
69 39 45
79 39 45
90 39 45
92 39 45
5 45 43
6 45 43
19 45 43
20 45 43
25 45 43
36 45 43
42 45 43
46 45 43
50 45 43
56 45 43
58 45 43
61 45 43
67 45 43
69 45 43
79 45 43
90 45 43
92 45 43
5 43 48
6 43 48
19 43 48
20 43 48
25 43 48
36 43 48
42 43 48
46 43 48
50 43 48
56 43 48
58 43 48
61 43 48
67 43 48
69 43 48
79 43 48
90 43 48
92 43 48
5 48 49
20 48 49
25 48 49
50 48 49
56 48 49
67 48 49
69 48 49
79 48 49
92 48 49
5 49 16
20 49 16
23 49 16
25 49 16
31 49 16
47 49 16
50 49 16
56 49 16
67 49 16
69 49 16
74 49 16
79 49 16
92 49 16
5 19 50
6 19 50
8 19 50
12 19 50
14 19 50
20 19 50
33 19 50
42 19 50
46 19 50
48 19 50
55 19 50
58 19 50
61 19 50
90 19 50
5 50 51
6 50 51
8 50 51
12 50 51
14 50 51
20 50 51
33 50 51
42 50 51
46 50 51
48 50 51
55 50 51
58 50 51
61 50 51
90 50 51
5 51 52
6 51 52
8 51 52
12 51 52
14 51 52
20 51 52
33 51 52
42 51 52
46 51 52
48 51 52
55 51 52
58 51 52
61 51 52
90 51 52
5 52 53
6 52 53
8 52 53
12 52 53
14 52 53
20 52 53
33 52 53
42 52 53
46 52 53
48 52 53
55 52 53
58 52 53
61 52 53
90 52 53
5 53 54
6 53 54
8 53 54
12 53 54
14 53 54
20 53 54
33 53 54
42 53 54
46 53 54
48 53 54
55 53 54
58 53 54
61 53 54
90 53 54
5 54 55
6 54 55
8 54 55
12 54 55
14 54 55
20 54 55
33 54 55
42 54 55
46 54 55
48 54 55
55 54 55
58 54 55
61 54 55
90 54 55
5 55 22
6 55 22
8 55 22
12 55 22
14 55 22
20 55 22
33 55 22
42 55 22
46 55 22
48 55 22
55 55 22
58 55 22
61 55 22
90 55 22
0 25 56
3 25 56
11 25 56
14 25 56
17 25 56
27 25 56
33 25 56
38 25 56
55 25 56
57 25 56
64 25 56
77 25 56
82 25 56
87 25 56
99 25 56
0 56 57
3 56 57
11 56 57
14 56 57
17 56 57
27 56 57
33 56 57
38 56 57
55 56 57
57 56 57
64 56 57
77 56 57
82 56 57
87 56 57
99 56 57
0 57 58
3 57 58
11 57 58
14 57 58
17 57 58
27 57 58
33 57 58
38 57 58
55 57 58
57 57 58
64 57 58
77 57 58
82 57 58
87 57 58
99 57 58
0 58 59
3 58 59
11 58 59
14 58 59
17 58 59
27 58 59
33 58 59
38 58 59
55 58 59
57 58 59
64 58 59
77 58 59
82 58 59
87 58 59
99 58 59
0 59 60
3 59 60
11 59 60
14 59 60
17 59 60
27 59 60
33 59 60
38 59 60
55 59 60
57 59 60
64 59 60
77 59 60
82 59 60
87 59 60
99 59 60
0 60 61
3 60 61
11 60 61
14 60 61
17 60 61
27 60 61
33 60 61
38 60 61
55 60 61
57 60 61
64 60 61
77 60 61
82 60 61
87 60 61
99 60 61
0 61 20
3 61 20
11 61 20
14 61 20
17 61 20
27 61 20
33 61 20
38 61 20
55 61 20
57 61 20
64 61 20
77 61 20
82 61 20
87 61 20
99 61 20
1 3 62
5 3 62
7 3 62
44 3 62
45 3 62
49 3 62
58 3 62
66 3 62
70 3 62
85 3 62
1 62 63
5 62 63
7 62 63
44 62 63
45 62 63
49 62 63
58 62 63
66 62 63
70 62 63
85 62 63
1 63 64
5 63 64
7 63 64
44 63 64
45 63 64
49 63 64
58 63 64
66 63 64
70 63 64
85 63 64
1 64 65
5 64 65
7 64 65
44 64 65
45 64 65
49 64 65
58 64 65
66 64 65
70 64 65
85 64 65
1 65 66
5 65 66
7 65 66
44 65 66
45 65 66
49 65 66
58 65 66
66 65 66
70 65 66
85 65 66
1 66 67
5 66 67
7 66 67
44 66 67
45 66 67
49 66 67
58 66 67
66 66 67
70 66 67
85 66 67
1 67 0
5 67 0
7 67 0
44 67 0
45 67 0
49 67 0
58 67 0
66 67 0
70 67 0
85 67 0
1 1 68
4 1 68
7 1 68
14 1 68
27 1 68
28 1 68
32 1 68
38 1 68
51 1 68
54 1 68
57 1 68
68 1 68
76 1 68
81 1 68
1 68 69
4 68 69
7 68 69
14 68 69
27 68 69
28 68 69
32 68 69
38 68 69
51 68 69
54 68 69
57 68 69
68 68 69
76 68 69
81 68 69
1 69 70
4 69 70
7 69 70
14 69 70
27 69 70
28 69 70
32 69 70
38 69 70
51 69 70
54 69 70
57 69 70
68 69 70
76 69 70
81 69 70
1 70 71
4 70 71
7 70 71
14 70 71
27 70 71
28 70 71
32 70 71
38 70 71
51 70 71
54 70 71
57 70 71
68 70 71
76 70 71
81 70 71
1 71 72
4 71 72
7 71 72
14 71 72
27 71 72
28 71 72
32 71 72
38 71 72
51 71 72
54 71 72
57 71 72
68 71 72
76 71 72
81 71 72
1 72 73
4 72 73
7 72 73
14 72 73
27 72 73
28 72 73
32 72 73
38 72 73
51 72 73
54 72 73
57 72 73
68 72 73
76 72 73
81 72 73
1 73 14
4 73 14
7 73 14
14 73 14
27 73 14
28 73 14
32 73 14
38 73 14
51 73 14
54 73 14
57 73 14
68 73 14
76 73 14
81 73 14
20 17 74
23 17 74
24 17 74
25 17 74
31 17 74
50 17 74
60 17 74
78 17 74
79 17 74
92 17 74
20 74 75
23 74 75
24 74 75
25 74 75
31 74 75
50 74 75
60 74 75
78 74 75
79 74 75
92 74 75
20 75 76
23 75 76
24 75 76
25 75 76
31 75 76
50 75 76
60 75 76
78 75 76
79 75 76
92 75 76
20 76 77
23 76 77
24 76 77
25 76 77
31 76 77
50 76 77
60 76 77
78 76 77
79 76 77
92 76 77
20 77 78
23 77 78
24 77 78
25 77 78
31 77 78
50 77 78
60 77 78
78 77 78
79 77 78
92 77 78
20 78 79
23 78 79
24 78 79
25 78 79
31 78 79
50 78 79
60 78 79
78 78 79
79 78 79
92 78 79
20 79 12
23 79 12
24 79 12
25 79 12
31 79 12
50 79 12
60 79 12
78 79 12
79 79 12
92 79 12
9 13 80
21 13 80
24 13 80
43 13 80
60 13 80
71 13 80
99 13 80
9 80 81
21 80 81
24 80 81
43 80 81
60 80 81
71 80 81
99 80 81
9 81 82
21 81 82
24 81 82
43 81 82
60 81 82
71 81 82
99 81 82
9 82 83
21 82 83
24 82 83
43 82 83
60 82 83
71 82 83
99 82 83
9 83 84
21 83 84
24 83 84
43 83 84
60 83 84
71 83 84
99 83 84
9 84 85
21 84 85
24 84 85
43 84 85
60 84 85
71 84 85
99 84 85
9 85 2
21 85 2
24 85 2
43 85 2
60 85 2
71 85 2
99 85 2
5 26 94
6 26 94
18 26 94
33 26 94
42 26 94
50 26 94
58 26 94
73 26 94
75 26 94
79 26 94
92 26 94
5 94 95
6 94 95
18 94 95
33 94 95
42 94 95
50 94 95
58 94 95
73 94 95
75 94 95
79 94 95
92 94 95
5 95 18
6 95 18
18 95 18
33 95 18
42 95 18
50 95 18
58 95 18
73 95 18
75 95 18
79 95 18
92 95 18
11 19 96
14 19 96
22 19 96
27 19 96
32 19 96
35 19 96
40 19 96
41 19 96
57 19 96
64 19 96
73 19 96
77 19 96
99 19 96
11 96 97
14 96 97
22 96 97
27 96 97
32 96 97
35 96 97
40 96 97
41 96 97
57 96 97
64 96 97
73 96 97
77 96 97
99 96 97
11 97 29
14 97 29
22 97 29
27 97 29
32 97 29
35 97 29
40 97 29
41 97 29
57 97 29
64 97 29
73 97 29
77 97 29
99 97 29
10 38 98
15 38 98
37 38 98
38 38 98
52 38 98
57 38 98
63 38 98
64 38 98
99 38 98
10 98 99
15 98 99
37 98 99
38 98 99
52 98 99
57 98 99
63 98 99
64 98 99
99 98 99
10 99 22
15 99 22
37 99 22
38 99 22
52 99 22
57 99 22
63 99 22
64 99 22
99 99 22
5 23 100
6 23 100
19 23 100
20 23 100
25 23 100
36 23 100
42 23 100
46 23 100
50 23 100
56 23 100
58 23 100
61 23 100
67 23 100
69 23 100
79 23 100
90 23 100
92 23 100
5 100 101
6 100 101
19 100 101
20 100 101
25 100 101
36 100 101
42 100 101
46 100 101
50 100 101
56 100 101
58 100 101
61 100 101
67 100 101
69 100 101
79 100 101
90 100 101
92 100 101
5 101 41
6 101 41
19 101 41
20 101 41
25 101 41
36 101 41
42 101 41
46 101 41
50 101 41
56 101 41
58 101 41
61 101 41
67 101 41
69 101 41
79 101 41
90 101 41
92 101 41
14 92 102
32 92 102
35 92 102
39 92 102
40 92 102
46 92 102
55 92 102
59 92 102
61 92 102
83 92 102
14 102 103
32 102 103
35 102 103
39 102 103
40 102 103
46 102 103
55 102 103
59 102 103
61 102 103
83 102 103
14 103 104
32 103 104
35 103 104
39 103 104
40 103 104
46 103 104
55 103 104
59 103 104
61 103 104
83 103 104
14 104 105
32 104 105
35 104 105
39 104 105
40 104 105
46 104 105
55 104 105
59 104 105
61 104 105
83 104 105
14 105 106
32 105 106
35 105 106
39 105 106
40 105 106
46 105 106
55 105 106
59 105 106
61 105 106
83 105 106
14 106 107
32 106 107
35 106 107
39 106 107
40 106 107
46 106 107
55 106 107
59 106 107
61 106 107
83 106 107
14 107 18
32 107 18
35 107 18
39 107 18
40 107 18
46 107 18
55 107 18
59 107 18
61 107 18
83 107 18
29 21 108
73 21 108
79 21 108
92 21 108
29 108 109
73 108 109
79 108 109
92 108 109
29 109 110
73 109 110
79 109 110
92 109 110
29 110 111
73 110 111
79 110 111
92 110 111
29 111 112
73 111 112
79 111 112
92 111 112
29 112 113
73 112 113
79 112 113
92 112 113
29 113 93
73 113 93
79 113 93
92 113 93
0 21 89
3 21 89
17 21 89
18 21 89
33 21 89
38 21 89
39 21 89
50 21 89
55 21 89
59 21 89
75 21 89
82 21 89
83 21 89
87 21 89
8 88 20
12 88 20
20 88 20
22 88 20
29 88 20
41 88 20
48 88 20
73 88 20
90 88 20
8 25 91
10 25 91
12 25 91
15 25 91
37 25 91
48 25 91
52 25 91
63 25 91
0 90 24
3 90 24
11 90 24
17 90 24
19 90 24
25 90 24
27 90 24
36 90 24
50 90 24
56 90 24
67 90 24
69 90 24
77 90 24
79 90 24
82 90 24
87 90 24
92 90 24
2 5 114
4 5 114
6 5 114
9 5 114
21 5 114
42 5 114
51 5 114
57 5 114
75 5 114
76 5 114
81 5 114
97 5 114
2 114 115
4 114 115
6 114 115
9 114 115
21 114 115
42 114 115
51 114 115
57 114 115
75 114 115
76 114 115
81 114 115
97 114 115
2 115 116
4 115 116
6 115 116
9 115 116
21 115 116
42 115 116
51 115 116
57 115 116
75 115 116
76 115 116
81 115 116
97 115 116
2 116 117
4 116 117
6 116 117
9 116 117
21 116 117
42 116 117
51 116 117
57 116 117
75 116 117
76 116 117
81 116 117
97 116 117
2 117 118
4 117 118
6 117 118
9 117 118
21 117 118
42 117 118
51 117 118
57 117 118
75 117 118
76 117 118
81 117 118
97 117 118
2 118 119
4 118 119
6 118 119
9 118 119
21 118 119
42 118 119
51 118 119
57 118 119
75 118 119
76 118 119
81 118 119
97 118 119
2 119 0
4 119 0
6 119 0
9 119 0
21 119 0
42 119 0
51 119 0
57 119 0
75 119 0
76 119 0
81 119 0
97 119 0
13 1 120
20 1 120
22 1 120
31 1 120
41 1 120
44 1 120
49 1 120
78 1 120
85 1 120
13 120 121
20 120 121
22 120 121
31 120 121
41 120 121
44 120 121
49 120 121
78 120 121
85 120 121
13 121 122
20 121 122
22 121 122
31 121 122
41 121 122
44 121 122
49 121 122
78 121 122
85 121 122
13 122 123
20 122 123
22 122 123
31 122 123
41 122 123
44 122 123
49 122 123
78 122 123
85 122 123
13 123 124
20 123 124
22 123 124
31 123 124
41 123 124
44 123 124
49 123 124
78 123 124
85 123 124
13 124 125
20 124 125
22 124 125
31 124 125
41 124 125
44 124 125
49 124 125
78 124 125
85 124 125
13 125 4
20 125 4
22 125 4
31 125 4
41 125 4
44 125 4
49 125 4
78 125 4
85 125 4
10 7 126
24 7 126
26 7 126
34 7 126
37 7 126
52 7 126
60 7 126
63 7 126
78 7 126
10 126 127
24 126 127
26 126 127
34 126 127
37 126 127
52 126 127
60 126 127
63 126 127
78 126 127
10 127 128
24 127 128
26 127 128
34 127 128
37 127 128
52 127 128
60 127 128
63 127 128
78 127 128
10 128 129
24 128 129
26 128 129
34 128 129
37 128 129
52 128 129
60 128 129
63 128 129
78 128 129
10 129 130
24 129 130
26 129 130
34 129 130
37 129 130
52 129 130
60 129 130
63 129 130
78 129 130
10 130 131
24 130 131
26 130 131
34 130 131
37 130 131
52 130 131
60 130 131
63 130 131
78 130 131
10 131 14
24 131 14
26 131 14
34 131 14
37 131 14
52 131 14
60 131 14
63 131 14
78 131 14
1 15 132
4 15 132
5 15 132
7 15 132
27 15 132
28 15 132
47 15 132
54 15 132
56 15 132
67 15 132
68 15 132
69 15 132
74 15 132
76 15 132
81 15 132
1 132 133
4 132 133
5 132 133
7 132 133
27 132 133
28 132 133
47 132 133
54 132 133
56 132 133
67 132 133
68 132 133
69 132 133
74 132 133
76 132 133
81 132 133
1 133 134
4 133 134
5 133 134
7 133 134
27 133 134
28 133 134
47 133 134
54 133 134
56 133 134
67 133 134
68 133 134
69 133 134
74 133 134
76 133 134
81 133 134
1 134 135
4 134 135
5 134 135
7 134 135
27 134 135
28 134 135
47 134 135
54 134 135
56 134 135
67 134 135
68 134 135
69 134 135
74 134 135
76 134 135
81 134 135
1 135 136
4 135 136
5 135 136
7 135 136
27 135 136
28 135 136
47 135 136
54 135 136
56 135 136
67 135 136
68 135 136
69 135 136
74 135 136
76 135 136
81 135 136
1 136 137
4 136 137
5 136 137
7 136 137
27 136 137
28 136 137
47 136 137
54 136 137
56 136 137
67 136 137
68 136 137
69 136 137
74 136 137
76 136 137
81 136 137
1 137 6
4 137 6
5 137 6
7 137 6
27 137 6
28 137 6
47 137 6
54 137 6
56 137 6
67 137 6
68 137 6
69 137 6
74 137 6
76 137 6
81 137 6
8 144 88
12 144 88
20 144 88
22 144 88
29 144 88
41 144 88
48 144 88
73 144 88
90 144 88
0 143 90
3 143 90
11 143 90
17 143 90
19 143 90
25 143 90
27 143 90
36 143 90
50 143 90
56 143 90
67 143 90
69 143 90
77 143 90
79 143 90
82 143 90
87 143 90
92 143 90
14 145 92
32 145 92
35 145 92
39 145 92
40 145 92
46 145 92
55 145 92
59 145 92
61 145 92
83 145 92
29 93 140
73 93 140
79 93 140
92 93 140
0 89 139
3 89 139
17 89 139
18 89 139
33 89 139
38 89 139
39 89 139
50 89 139
55 89 139
59 89 139
75 89 139
82 89 139
83 89 139
87 89 139
8 91 138
10 91 138
12 91 138
15 91 138
37 91 138
48 91 138
52 91 138
63 91 138
6 48 142
19 48 142
36 48 142
42 48 142
46 48 142
58 48 142
61 48 142
90 48 142
14 47 142
26 47 142
32 47 142
34 47 142
51 47 142
11 36 141
35 36 141
40 36 141
57 36 141
64 36 141
77 36 141
2 35 141
23 35 141
25 35 141
45 35 141
66 35 141
70 35 141
97 35 141
13 146 37
28 146 37
38 146 37
43 146 37
54 146 37
68 146 37
71 146 37
18 146 34
33 146 34
15 147 46
64 147 46
99 147 46
23 147 49
31 147 49
47 147 49
74 147 49
;
;
set inFlight:=
0
1
2
3
4
5
8
9
10
11
12
13
14
15
17
18
19
21
22
23
26
28
35
;
param tini := 13.1;
