param nn:= 148;
set F:=
4
7
18
20
21
22
23
24
25
26
27
29
30
31
32
33
34
36
37
38
40
41
42
43
44
45
46
47
48
49
50
51
52
53
54
55
56
57
58
59
60
61
63
64
66
67
68
69
70
71
72
73
74
75
77
78
79
82
84
91
92
93
95
97
;
param: E: d:=
0 1 2.500000
2 10 1.500000
11 3 1.500000
4 8 1.500000
9 5 1.500000
12 13 2.500000
0 13 2.500000
12 1 2.500000
14 15 2.500000
16 17 2.500000
14 17 2.500000
16 15 2.500000
18 19 2.500000
20 21 2.500000
18 21 2.500000
20 19 2.500000
22 23 2.500000
24 25 2.500000
22 25 2.500000
24 23 2.500000
13 34 2.500000
34 35 2.500000
35 32 2.500000
32 30 2.500000
30 28 2.500000
28 26 2.500000
29 27 2.500000
27 33 2.500000
33 31 2.500000
31 36 2.500000
36 37 2.500000
37 12 2.500000
17 46 2.500000
46 47 2.500000
47 44 2.500000
44 42 2.500000
42 40 2.500000
40 38 2.500000
41 39 2.500000
39 45 2.500000
45 43 2.500000
43 48 2.500000
48 49 2.500000
49 16 2.500000
19 50 2.500000
50 51 2.500000
51 52 2.500000
52 53 2.500000
53 54 2.500000
54 55 2.500000
55 22 2.500000
25 56 2.500000
56 57 2.500000
57 58 2.500000
58 59 2.500000
59 60 2.500000
60 61 2.500000
61 20 2.500000
3 62 2.500000
62 63 2.500000
63 64 2.500000
64 65 2.500000
65 66 2.500000
66 67 2.500000
67 0 2.500000
1 68 2.500000
68 69 2.500000
69 70 2.500000
70 71 2.500000
71 72 2.500000
72 73 2.500000
73 14 2.500000
17 74 2.500000
74 75 2.500000
75 76 2.500000
76 77 2.500000
77 78 2.500000
78 79 2.500000
79 12 2.500000
13 80 2.500000
80 81 2.500000
81 82 2.500000
82 83 2.500000
83 84 2.500000
84 85 2.500000
85 2 2.500000
26 94 2.500000
94 95 2.500000
95 18 2.500000
19 96 2.500000
96 97 2.500000
97 29 2.500000
38 98 2.500000
98 99 2.500000
99 22 2.500000
23 100 2.500000
100 101 2.500000
101 41 2.500000
92 102 2.500000
102 103 2.500000
103 104 2.500000
104 105 2.500000
105 106 2.500000
106 107 2.500000
107 18 2.500000
21 108 2.500000
108 109 2.500000
109 110 2.500000
110 111 2.500000
111 112 2.500000
112 113 2.500000
113 93 2.500000
21 89 2.500000
88 20 2.500000
25 91 2.500000
90 24 2.500000
5 114 2.500000
114 115 2.500000
115 116 2.500000
116 117 2.500000
117 118 2.500000
118 119 2.500000
119 0 2.500000
1 120 2.500000
120 121 2.500000
121 122 2.500000
122 123 2.500000
123 124 2.500000
124 125 2.500000
125 4 2.500000
7 126 1.500000
126 127 2.500000
127 128 2.500000
128 129 2.500000
129 130 2.500000
130 131 2.500000
131 14 2.500000
15 132 2.500000
132 133 2.500000
133 134 2.500000
134 135 2.500000
135 136 2.500000
136 137 2.500000
137 6 1.500000
87 6 1.500000
7 86 1.500000
144 88 1.500000
143 90 1.500000
145 92 1.500000
93 140 1.500000
89 139 1.500000
91 138 1.500000
48 142 1.500000
47 142 1.500000
36 141 1.500000
35 141 1.500000
146 37 1.500000
146 34 1.500000
147 46 1.500000
147 49 1.500000
;
param s:=
4 11
7 9
18 7
20 145
21 147
22 144
23 11
24 145
25 145
26 11
27 146
29 9
30 9
31 145
32 145
33 11
34 145
36 145
37 9
38 143
40 144
41 11
42 147
43 7
44 147
45 147
46 7
47 145
48 11
49 146
50 143
51 146
52 144
53 145
54 144
55 143
56 11
57 146
58 143
59 11
60 147
61 144
63 146
64 144
66 145
67 147
68 145
69 146
70 147
71 147
72 147
73 11
74 143
75 9
77 9
78 7
79 147
82 11
84 11
91 9
92 143
93 7
95 7
97 143
;
param e:=
4 6
7 139
18 8
20 142
21 10
22 142
23 6
24 138
25 142
26 142
27 140
29 6
30 10
31 142
32 138
33 142
34 142
36 141
37 6
38 6
40 10
41 6
42 10
43 8
44 10
45 139
46 141
47 138
48 141
49 140
50 142
51 8
52 141
53 139
54 142
55 141
56 139
57 140
58 142
59 139
60 8
61 141
63 8
64 8
66 139
67 10
68 141
69 8
70 8
71 8
72 141
73 8
74 6
75 139
77 10
78 141
79 139
82 139
84 6
91 6
92 141
93 8
95 142
97 141
;
param v_min:=2.375
;
param v_max:=2.625
;
param :conflictsNodes: angle:=
0 1 13 1.000000
0 13 1 1.000000
0 1 67 1.000000
0 67 1 1.000000
0 1 119 1.000000
0 119 1 1.000000
0 13 67 1.000000
0 67 13 1.000000
0 13 119 1.000000
0 119 13 1.000000
0 67 119 1.000000
0 119 67 1.000000
1 0 68 1.000000
1 68 0 1.000000
1 0 120 1.000000
1 120 0 1.000000
1 0 12 1.000000
1 12 0 1.000000
1 68 120 1.000000
1 120 68 1.000000
1 12 68 1.000000
1 68 12 1.000000
1 12 120 1.000000
1 120 12 1.000000
12 13 37 1.000000
12 37 13 1.000000
12 13 79 1.000000
12 79 13 1.000000
12 1 13 1.000000
12 13 1 1.000000
12 1 37 1.000000
12 37 1 1.000000
12 1 79 1.000000
12 79 1 1.000000
12 37 79 1.000000
12 79 37 1.000000
13 0 12 1.000000
13 12 0 1.000000
13 0 34 1.000000
13 34 0 1.000000
13 0 80 1.000000
13 80 0 1.000000
13 12 34 1.000000
13 34 12 1.000000
13 12 80 1.000000
13 80 12 1.000000
13 34 80 1.000000
13 80 34 1.000000
14 15 17 1.000000
14 17 15 1.000000
14 15 73 1.000000
14 73 15 1.000000
14 15 131 1.000000
14 131 15 1.000000
14 17 73 1.000000
14 73 17 1.000000
14 17 131 1.000000
14 131 17 1.000000
14 73 131 1.000000
14 131 73 1.000000
15 14 132 1.000000
15 132 14 1.000000
15 14 16 1.000000
15 16 14 1.000000
15 16 132 1.000000
15 132 16 1.000000
16 17 49 1.000000
16 49 17 1.000000
16 15 17 1.000000
16 17 15 1.000000
16 15 49 1.000000
16 49 15 1.000000
17 14 16 1.000000
17 16 14 1.000000
17 14 46 1.000000
17 46 14 1.000000
17 14 74 1.000000
17 74 14 1.000000
17 16 46 1.000000
17 46 16 1.000000
17 16 74 1.000000
17 74 16 1.000000
17 46 74 1.000000
17 74 46 1.000000
18 19 21 1.000000
18 21 19 1.000000
18 19 95 1.000000
18 95 19 1.000000
18 19 107 1.000000
18 107 19 1.000000
18 21 95 1.000000
18 95 21 1.000000
18 21 107 1.000000
18 107 21 1.000000
18 95 107 1.000000
18 107 95 1.000000
19 18 50 1.000000
19 50 18 1.000000
19 18 96 1.000000
19 96 18 1.000000
19 18 20 1.000000
19 20 18 1.000000
19 50 96 1.000000
19 96 50 1.000000
19 20 50 1.000000
19 50 20 1.000000
19 20 96 1.000000
19 96 20 1.000000
20 21 61 1.000000
20 61 21 1.000000
20 21 88 1.000000
20 88 21 1.000000
20 19 21 1.000000
20 21 19 1.000000
20 19 61 1.000000
20 61 19 1.000000
20 19 88 1.000000
20 88 19 1.000000
20 61 88 1.000000
20 88 61 1.000000
21 18 20 1.000000
21 20 18 1.000000
21 18 108 1.000000
21 108 18 1.000000
21 18 89 1.000000
21 89 18 1.000000
21 20 108 1.000000
21 108 20 1.000000
21 20 89 1.000000
21 89 20 1.000000
21 89 108 1.000000
21 108 89 1.000000
22 23 25 1.000000
22 25 23 1.000000
22 23 55 1.000000
22 55 23 1.000000
22 23 99 1.000000
22 99 23 1.000000
22 25 55 1.000000
22 55 25 1.000000
22 25 99 1.000000
22 99 25 1.000000
22 55 99 1.000000
22 99 55 1.000000
23 22 100 1.000000
23 100 22 1.000000
23 22 24 1.000000
23 24 22 1.000000
23 24 100 1.000000
23 100 24 1.000000
24 25 90 1.000000
24 90 25 1.000000
24 23 25 1.000000
24 25 23 1.000000
24 23 90 1.000000
24 90 23 1.000000
25 22 24 1.000000
25 24 22 1.000000
25 22 56 1.000000
25 56 22 1.000000
25 22 91 1.000000
25 91 22 1.000000
25 24 56 1.000000
25 56 24 1.000000
25 24 91 1.000000
25 91 24 1.000000
25 56 91 1.000000
25 91 56 1.000000
26 28 94 1.000000
26 94 28 1.000000
27 29 33 1.000000
27 33 29 1.000000
28 26 30 1.000000
28 30 26 1.000000
29 27 97 1.000000
29 97 27 1.000000
30 28 32 1.000000
30 32 28 1.000000
31 33 36 1.000000
31 36 33 1.000000
32 30 35 1.000000
32 35 30 1.000000
33 27 31 1.000000
33 31 27 1.000000
34 13 35 1.000000
34 35 13 1.000000
35 32 34 1.000000
35 34 32 1.000000
36 31 37 1.000000
36 37 31 1.000000
37 12 36 1.000000
37 36 12 1.000000
38 40 98 1.000000
38 98 40 1.000000
39 41 45 1.000000
39 45 41 1.000000
40 38 42 1.000000
40 42 38 1.000000
41 39 101 1.000000
41 101 39 1.000000
42 40 44 1.000000
42 44 40 1.000000
43 45 48 1.000000
43 48 45 1.000000
44 42 47 1.000000
44 47 42 1.000000
45 39 43 1.000000
45 43 39 1.000000
46 17 47 1.000000
46 47 17 1.000000
47 44 46 1.000000
47 46 44 1.000000
48 43 49 1.000000
48 49 43 1.000000
49 16 48 1.000000
49 48 16 1.000000
50 19 51 1.000000
50 51 19 1.000000
51 50 52 1.000000
51 52 50 1.000000
52 51 53 1.000000
52 53 51 1.000000
53 52 54 1.000000
53 54 52 1.000000
54 53 55 1.000000
54 55 53 1.000000
55 22 54 1.000000
55 54 22 1.000000
56 25 57 1.000000
56 57 25 1.000000
57 56 58 1.000000
57 58 56 1.000000
58 57 59 1.000000
58 59 57 1.000000
59 58 60 1.000000
59 60 58 1.000000
60 59 61 1.000000
60 61 59 1.000000
61 20 60 1.000000
61 60 20 1.000000
62 3 63 1.000000
62 63 3 1.000000
63 62 64 1.000000
63 64 62 1.000000
64 63 65 1.000000
64 65 63 1.000000
65 64 66 1.000000
65 66 64 1.000000
66 65 67 1.000000
66 67 65 1.000000
67 0 66 1.000000
67 66 0 1.000000
68 1 69 1.000000
68 69 1 1.000000
69 68 70 1.000000
69 70 68 1.000000
70 69 71 1.000000
70 71 69 1.000000
71 70 72 1.000000
71 72 70 1.000000
72 71 73 1.000000
72 73 71 1.000000
73 14 72 1.000000
73 72 14 1.000000
74 17 75 1.000000
74 75 17 1.000000
75 74 76 1.000000
75 76 74 1.000000
76 75 77 1.000000
76 77 75 1.000000
77 76 78 1.000000
77 78 76 1.000000
78 77 79 1.000000
78 79 77 1.000000
79 12 78 1.000000
79 78 12 1.000000
80 13 81 1.000000
80 81 13 1.000000
81 80 82 1.000000
81 82 80 1.000000
82 81 83 1.000000
82 83 81 1.000000
83 82 84 1.000000
83 84 82 1.000000
84 83 85 1.000000
84 85 83 1.000000
85 2 84 1.000000
85 84 2 1.000000
94 26 95 1.000000
94 95 26 1.000000
95 18 94 1.000000
95 94 18 1.000000
96 19 97 1.000000
96 97 19 1.000000
97 29 96 1.000000
97 96 29 1.000000
98 38 99 1.000000
98 99 38 1.000000
99 22 98 1.000000
99 98 22 1.000000
100 23 101 1.000000
100 101 23 1.000000
101 41 100 1.000000
101 100 41 1.000000
102 92 103 1.000000
102 103 92 1.000000
103 102 104 1.000000
103 104 102 1.000000
104 103 105 1.000000
104 105 103 1.000000
105 104 106 1.000000
105 106 104 1.000000
106 105 107 1.000000
106 107 105 1.000000
107 18 106 1.000000
107 106 18 1.000000
108 21 109 1.000000
108 109 21 1.000000
109 108 110 1.000000
109 110 108 1.000000
110 109 111 1.000000
110 111 109 1.000000
111 110 112 1.000000
111 112 110 1.000000
112 111 113 1.000000
112 113 111 1.000000
113 93 112 1.000000
113 112 93 1.000000
114 5 115 1.000000
114 115 5 1.000000
115 114 116 1.000000
115 116 114 1.000000
116 115 117 1.000000
116 117 115 1.000000
117 116 118 1.000000
117 118 116 1.000000
118 117 119 1.000000
118 119 117 1.000000
119 0 118 1.000000
119 118 0 1.000000
120 1 121 1.000000
120 121 1 1.000000
121 120 122 1.000000
121 122 120 1.000000
122 121 123 1.000000
122 123 121 1.000000
123 122 124 1.000000
123 124 122 1.000000
124 123 125 1.000000
124 125 123 1.000000
125 4 124 1.000000
125 124 4 1.000000
127 126 128 1.000000
127 128 126 1.000000
128 127 129 1.000000
128 129 127 1.000000
129 128 130 1.000000
129 130 128 1.000000
130 129 131 1.000000
130 131 129 1.000000
131 14 130 1.000000
131 130 14 1.000000
132 15 133 1.000000
132 133 15 1.000000
133 132 134 1.000000
133 134 132 1.000000
134 133 135 1.000000
134 135 133 1.000000
135 134 136 1.000000
135 136 134 1.000000
136 135 137 1.000000
136 137 135 1.000000
;
param D:=0.5;
param t_hat_ear:=
4 11 4.0
4 3 5.0
4 62 6.0
4 63 7.0
4 64 8.0
4 65 9.0
4 66 10.0
4 67 11.0
4 0 12.0
4 1 13.0
4 68 14.0
4 69 15.0
4 70 16.0
4 71 17.0
4 72 18.0
4 73 19.0
4 14 20.0
4 15 21.0
4 132 22.0
4 133 23.0
4 134 24.0
4 135 25.0
4 136 26.0
4 137 27.0
4 6 28.0
7 9 8.0
7 5 9.0
7 114 10.0
7 115 11.0
7 116 12.0
7 117 13.0
7 118 14.0
7 119 15.0
7 0 16.0
7 13 17.0
7 34 18.0
7 35 19.0
7 32 20.0
7 30 21.0
7 28 22.0
7 26 23.0
7 94 24.0
7 95 25.0
7 18 26.0
7 21 27.0
7 89 28.0
7 139 29.0
18 7 2.0
18 126 3.0
18 127 4.0
18 128 5.0
18 129 6.0
18 130 7.0
18 131 8.0
18 14 9.0
18 17 10.0
18 74 11.0
18 75 12.0
18 76 13.0
18 77 14.0
18 78 15.0
18 79 16.0
18 12 17.0
18 1 18.0
18 120 19.0
18 121 20.0
18 122 21.0
18 123 22.0
18 124 23.0
18 125 24.0
18 4 25.0
18 8 26.0
20 145 26.0
20 92 27.0
20 102 28.0
20 103 29.0
20 104 30.0
20 105 31.0
20 106 32.0
20 107 33.0
20 18 34.0
20 19 35.0
20 50 36.0
20 51 37.0
20 52 38.0
20 53 39.0
20 54 40.0
20 55 41.0
20 22 42.0
20 23 43.0
20 100 44.0
20 101 45.0
20 41 46.0
20 39 47.0
20 45 48.0
20 43 49.0
20 48 50.0
20 142 51.0
21 147 19.0
21 49 20.0
21 16 21.0
21 17 22.0
21 74 23.0
21 75 24.0
21 76 25.0
21 77 26.0
21 78 27.0
21 79 28.0
21 12 29.0
21 13 30.0
21 80 31.0
21 81 32.0
21 82 33.0
21 83 34.0
21 84 35.0
21 85 36.0
21 2 37.0
21 10 38.0
22 144 18.0
22 88 19.0
22 20 20.0
22 19 21.0
22 50 22.0
22 51 23.0
22 52 24.0
22 53 25.0
22 54 26.0
22 55 27.0
22 22 28.0
22 23 29.0
22 100 30.0
22 101 31.0
22 41 32.0
22 39 33.0
22 45 34.0
22 43 35.0
22 48 36.0
22 142 37.0
23 11 11.0
23 3 12.0
23 62 13.0
23 63 14.0
23 64 15.0
23 65 16.0
23 66 17.0
23 67 18.0
23 0 19.0
23 1 20.0
23 68 21.0
23 69 22.0
23 70 23.0
23 71 24.0
23 72 25.0
23 73 26.0
23 14 27.0
23 15 28.0
23 132 29.0
23 133 30.0
23 134 31.0
23 135 32.0
23 136 33.0
23 137 34.0
23 6 35.0
24 145 16.0
24 92 17.0
24 102 18.0
24 103 19.0
24 104 20.0
24 105 21.0
24 106 22.0
24 107 23.0
24 18 24.0
24 19 25.0
24 50 26.0
24 51 27.0
24 52 28.0
24 53 29.0
24 54 30.0
24 55 31.0
24 22 32.0
24 25 33.0
24 91 34.0
24 138 35.0
25 145 14.0
25 92 15.0
25 102 16.0
25 103 17.0
25 104 18.0
25 105 19.0
25 106 20.0
25 107 21.0
25 18 22.0
25 19 23.0
25 50 24.0
25 51 25.0
25 52 26.0
25 53 27.0
25 54 28.0
25 55 29.0
25 22 30.0
25 23 31.0
25 100 32.0
25 101 33.0
25 41 34.0
25 39 35.0
25 45 36.0
25 43 37.0
25 48 38.0
25 142 39.0
26 11 15.0
26 3 16.0
26 62 17.0
26 63 18.0
26 64 19.0
26 65 20.0
26 66 21.0
26 67 22.0
26 0 23.0
26 1 24.0
26 68 25.0
26 69 26.0
26 70 27.0
26 71 28.0
26 72 29.0
26 73 30.0
26 14 31.0
26 17 32.0
26 46 33.0
26 47 34.0
26 142 35.0
27 146 19.0
27 34 20.0
27 35 21.0
27 32 22.0
27 30 23.0
27 28 24.0
27 26 25.0
27 94 26.0
27 95 27.0
27 18 28.0
27 21 29.0
27 108 30.0
27 109 31.0
27 110 32.0
27 111 33.0
27 112 34.0
27 113 35.0
27 93 36.0
27 140 37.0
29 9 13.0
29 5 14.0
29 114 15.0
29 115 16.0
29 116 17.0
29 117 18.0
29 118 19.0
29 119 20.0
29 0 21.0
29 1 22.0
29 68 23.0
29 69 24.0
29 70 25.0
29 71 26.0
29 72 27.0
29 73 28.0
29 14 29.0
29 15 30.0
29 132 31.0
29 133 32.0
29 134 33.0
29 135 34.0
29 136 35.0
29 137 36.0
29 6 37.0
30 9 19.0
30 5 20.0
30 114 21.0
30 115 22.0
30 116 23.0
30 117 24.0
30 118 25.0
30 119 26.0
30 0 27.0
30 13 28.0
30 80 29.0
30 81 30.0
30 82 31.0
30 83 32.0
30 84 33.0
30 85 34.0
30 2 35.0
30 10 36.0
31 145 24.0
31 92 25.0
31 102 26.0
31 103 27.0
31 104 28.0
31 105 29.0
31 106 30.0
31 107 31.0
31 18 32.0
31 19 33.0
31 50 34.0
31 51 35.0
31 52 36.0
31 53 37.0
31 54 38.0
31 55 39.0
31 22 40.0
31 23 41.0
31 100 42.0
31 101 43.0
31 41 44.0
31 39 45.0
31 45 46.0
31 43 47.0
31 48 48.0
31 142 49.0
32 145 10.0
32 92 11.0
32 102 12.0
32 103 13.0
32 104 14.0
32 105 15.0
32 106 16.0
32 107 17.0
32 18 18.0
32 19 19.0
32 50 20.0
32 51 21.0
32 52 22.0
32 53 23.0
32 54 24.0
32 55 25.0
32 22 26.0
32 25 27.0
32 91 28.0
32 138 29.0
33 11 27.0
33 3 28.0
33 62 29.0
33 63 30.0
33 64 31.0
33 65 32.0
33 66 33.0
33 67 34.0
33 0 35.0
33 1 36.0
33 68 37.0
33 69 38.0
33 70 39.0
33 71 40.0
33 72 41.0
33 73 42.0
33 14 43.0
33 17 44.0
33 46 45.0
33 47 46.0
33 142 47.0
34 145 28.0
34 92 29.0
34 102 30.0
34 103 31.0
34 104 32.0
34 105 33.0
34 106 34.0
34 107 35.0
34 18 36.0
34 19 37.0
34 50 38.0
34 51 39.0
34 52 40.0
34 53 41.0
34 54 42.0
34 55 43.0
34 22 44.0
34 23 45.0
34 100 46.0
34 101 47.0
34 41 48.0
34 39 49.0
34 45 50.0
34 43 51.0
34 48 52.0
34 142 53.0
36 145 22.0
36 92 23.0
36 102 24.0
36 103 25.0
36 104 26.0
36 105 27.0
36 106 28.0
36 107 29.0
36 18 30.0
36 19 31.0
36 96 32.0
36 97 33.0
36 29 34.0
36 27 35.0
36 33 36.0
36 31 37.0
36 36 38.0
36 141 39.0
37 9 17.0
37 5 18.0
37 114 19.0
37 115 20.0
37 116 21.0
37 117 22.0
37 118 23.0
37 119 24.0
37 0 25.0
37 1 26.0
37 68 27.0
37 69 28.0
37 70 29.0
37 71 30.0
37 72 31.0
37 73 32.0
37 14 33.0
37 15 34.0
37 132 35.0
37 133 36.0
37 134 37.0
37 135 38.0
37 136 39.0
37 137 40.0
37 6 41.0
38 143 12.0
38 90 13.0
38 24 14.0
38 23 15.0
38 100 16.0
38 101 17.0
38 41 18.0
38 39 19.0
38 45 20.0
38 43 21.0
38 48 22.0
38 49 23.0
38 16 24.0
38 15 25.0
38 132 26.0
38 133 27.0
38 134 28.0
38 135 29.0
38 136 30.0
38 137 31.0
38 6 32.0
40 144 39.0
40 88 40.0
40 20 41.0
40 19 42.0
40 96 43.0
40 97 44.0
40 29 45.0
40 27 46.0
40 33 47.0
40 31 48.0
40 36 49.0
40 37 50.0
40 12 51.0
40 13 52.0
40 80 53.0
40 81 54.0
40 82 55.0
40 83 56.0
40 84 57.0
40 85 58.0
40 2 59.0
40 10 60.0
41 11 21.0
41 3 22.0
41 62 23.0
41 63 24.0
41 64 25.0
41 65 26.0
41 66 27.0
41 67 28.0
41 0 29.0
41 1 30.0
41 68 31.0
41 69 32.0
41 70 33.0
41 71 34.0
41 72 35.0
41 73 36.0
41 14 37.0
41 15 38.0
41 132 39.0
41 133 40.0
41 134 41.0
41 135 42.0
41 136 43.0
41 137 44.0
41 6 45.0
42 147 27.0
42 49 28.0
42 16 29.0
42 17 30.0
42 74 31.0
42 75 32.0
42 76 33.0
42 77 34.0
42 78 35.0
42 79 36.0
42 12 37.0
42 13 38.0
42 80 39.0
42 81 40.0
42 82 41.0
42 83 42.0
42 84 43.0
42 85 44.0
42 2 45.0
42 10 46.0
43 7 28.0
43 126 29.0
43 127 30.0
43 128 31.0
43 129 32.0
43 130 33.0
43 131 34.0
43 14 35.0
43 17 36.0
43 74 37.0
43 75 38.0
43 76 39.0
43 77 40.0
43 78 41.0
43 79 42.0
43 12 43.0
43 1 44.0
43 120 45.0
43 121 46.0
43 122 47.0
43 123 48.0
43 124 49.0
43 125 50.0
43 4 51.0
43 8 52.0
44 147 25.0
44 49 26.0
44 16 27.0
44 17 28.0
44 74 29.0
44 75 30.0
44 76 31.0
44 77 32.0
44 78 33.0
44 79 34.0
44 12 35.0
44 13 36.0
44 80 37.0
44 81 38.0
44 82 39.0
44 83 40.0
44 84 41.0
44 85 42.0
44 2 43.0
44 10 44.0
45 147 29.0
45 46 30.0
45 47 31.0
45 44 32.0
45 42 33.0
45 40 34.0
45 38 35.0
45 98 36.0
45 99 37.0
45 22 38.0
45 25 39.0
45 56 40.0
45 57 41.0
45 58 42.0
45 59 43.0
45 60 44.0
45 61 45.0
45 20 46.0
45 21 47.0
45 89 48.0
45 139 49.0
46 7 32.0
46 126 33.0
46 127 34.0
46 128 35.0
46 129 36.0
46 130 37.0
46 131 38.0
46 14 39.0
46 17 40.0
46 74 41.0
46 75 42.0
46 76 43.0
46 77 44.0
46 78 45.0
46 79 46.0
46 12 47.0
46 13 48.0
46 34 49.0
46 35 50.0
46 141 51.0
47 145 38.0
47 92 39.0
47 102 40.0
47 103 41.0
47 104 42.0
47 105 43.0
47 106 44.0
47 107 45.0
47 18 46.0
47 19 47.0
47 50 48.0
47 51 49.0
47 52 50.0
47 53 51.0
47 54 52.0
47 55 53.0
47 22 54.0
47 25 55.0
47 91 56.0
47 138 57.0
48 11 25.0
48 3 26.0
48 62 27.0
48 63 28.0
48 64 29.0
48 65 30.0
48 66 31.0
48 67 32.0
48 0 33.0
48 13 34.0
48 34 35.0
48 35 36.0
48 141 37.0
49 146 29.0
49 34 30.0
49 35 31.0
49 32 32.0
49 30 33.0
49 28 34.0
49 26 35.0
49 94 36.0
49 95 37.0
49 18 38.0
49 21 39.0
49 108 40.0
49 109 41.0
49 110 42.0
49 111 43.0
49 112 44.0
49 113 45.0
49 93 46.0
49 140 47.0
50 143 20.0
50 90 21.0
50 24 22.0
50 23 23.0
50 100 24.0
50 101 25.0
50 41 26.0
50 39 27.0
50 45 28.0
50 43 29.0
50 48 30.0
50 142 31.0
51 146 25.0
51 37 26.0
51 12 27.0
51 1 28.0
51 120 29.0
51 121 30.0
51 122 31.0
51 123 32.0
51 124 33.0
51 125 34.0
51 4 35.0
51 8 36.0
52 144 25.1
52 88 25.0
52 20 26.0
52 19 27.0
52 96 28.0
52 97 29.0
52 29 30.0
52 27 31.0
52 33 32.0
52 31 33.0
52 36 34.0
52 141 35.0
53 145 35.0
53 92 36.0
53 102 37.0
53 103 38.0
53 104 39.0
53 105 40.0
53 106 41.0
53 107 42.0
53 18 43.0
53 21 44.0
53 89 45.0
53 139 46.0
54 144 26.0
54 88 27.0
54 20 28.0
54 19 29.0
54 50 30.0
54 51 31.0
54 52 32.0
54 53 33.0
54 54 34.0
54 55 35.0
54 22 36.0
54 23 37.0
54 100 38.0
54 101 39.0
54 41 40.0
54 39 41.0
54 45 42.0
54 43 43.0
54 48 44.0
54 142 45.0
55 143 28.0
55 90 29.0
55 24 30.0
55 25 31.0
55 56 32.0
55 57 33.0
55 58 34.0
55 59 35.0
55 60 36.0
55 61 37.0
55 20 38.0
55 19 39.0
55 96 40.0
55 97 41.0
55 29 42.0
55 27 43.0
55 33 44.0
55 31 45.0
55 36 46.0
55 141 47.0
56 11 32.0
56 3 33.0
56 62 34.0
56 63 35.0
56 64 36.0
56 65 37.0
56 66 38.0
56 67 39.0
56 0 40.0
56 13 41.0
56 34 42.0
56 35 43.0
56 32 44.0
56 30 45.0
56 28 46.0
56 26 47.0
56 94 48.0
56 95 49.0
56 18 50.0
56 21 51.0
56 89 52.0
56 139 53.0
57 146 39.0
57 34 40.0
57 35 41.0
57 32 42.0
57 30 43.0
57 28 44.0
57 26 45.0
57 94 46.0
57 95 47.0
57 18 48.0
57 21 49.0
57 108 50.0
57 109 51.0
57 110 52.0
57 111 53.0
57 112 54.0
57 113 55.0
57 93 56.0
57 140 57.0
58 143 22.0
58 90 23.0
58 24 24.0
58 23 25.0
58 100 26.0
58 101 27.0
58 41 28.0
58 39 29.0
58 45 30.0
58 43 31.0
58 48 32.0
58 142 33.0
59 11 23.0
59 3 24.0
59 62 25.0
59 63 26.0
59 64 27.0
59 65 28.0
59 66 29.0
59 67 30.0
59 0 31.0
59 13 32.0
59 34 33.0
59 35 34.0
59 32 35.0
59 30 36.0
59 28 37.0
59 26 38.0
59 94 39.0
59 95 40.0
59 18 41.0
59 21 42.0
59 89 43.0
59 139 44.0
60 147 39.0
60 49 40.0
60 16 41.0
60 17 42.0
60 74 43.0
60 75 44.0
60 76 45.0
60 77 46.0
60 78 47.0
60 79 48.0
60 12 49.0
60 1 50.0
60 120 51.0
60 121 52.0
60 122 53.0
60 123 54.0
60 124 55.0
60 125 56.0
60 4 57.0
60 8 58.0
61 144 42.0
61 88 43.0
61 20 44.0
61 19 45.0
61 96 46.0
61 97 47.0
61 29 48.0
61 27 49.0
61 33 50.0
61 31 51.0
61 36 52.0
61 141 53.0
63 146 37.0
63 37 38.0
63 12 39.0
63 1 40.0
63 120 41.0
63 121 42.0
63 122 43.0
63 123 44.0
63 124 45.0
63 125 46.0
63 4 47.0
63 8 48.0
64 144 48.0
64 88 49.0
64 20 50.0
64 19 51.0
64 96 52.0
64 97 53.0
64 29 54.0
64 27 55.0
64 33 56.0
64 31 57.0
64 36 58.0
64 37 59.0
64 12 60.0
64 1 61.0
64 120 62.0
64 121 63.0
64 122 64.0
64 123 65.0
64 124 66.0
64 125 67.0
64 4 68.0
64 8 69.0
66 145 48.0
66 92 49.0
66 102 50.0
66 103 51.0
66 104 52.0
66 105 53.0
66 106 54.0
66 107 55.0
66 18 56.0
66 21 57.0
66 89 58.0
66 139 59.0
67 147 48.0
67 49 49.0
67 16 50.0
67 17 51.0
67 74 52.0
67 75 53.0
67 76 54.0
67 77 55.0
67 78 56.0
67 79 57.0
67 12 58.0
67 13 59.0
67 80 60.0
67 81 61.0
67 82 62.0
67 83 63.0
67 84 64.0
67 85 65.0
67 2 66.0
67 10 67.0
68 145 46.0
68 92 47.0
68 102 48.0
68 103 49.0
68 104 50.0
68 105 51.0
68 106 52.0
68 107 53.0
68 18 54.0
68 19 55.0
68 96 56.0
68 97 57.0
68 29 58.0
68 27 59.0
68 33 60.0
68 31 61.0
68 36 62.0
68 141 63.0
69 146 31.0
69 37 32.0
69 12 33.0
69 1 34.0
69 120 35.0
69 121 36.0
69 122 37.0
69 123 38.0
69 124 39.0
69 125 40.0
69 4 41.0
69 8 42.0
70 147 31.0
70 49 32.0
70 16 33.0
70 17 34.0
70 74 35.0
70 75 36.0
70 76 37.0
70 77 38.0
70 78 39.0
70 79 40.0
70 12 41.0
70 1 42.0
70 120 43.0
70 121 44.0
70 122 45.0
70 123 46.0
70 124 47.0
70 125 48.0
70 4 49.0
70 8 50.0
71 147 35.0
71 49 36.0
71 16 37.0
71 17 38.0
71 74 39.0
71 75 40.0
71 76 41.0
71 77 42.0
71 78 43.0
71 79 44.0
71 12 45.0
71 1 46.0
71 120 47.0
71 121 48.0
71 122 49.0
71 123 50.0
71 124 51.0
71 125 52.0
71 4 53.0
71 8 54.0
72 147 46.0
72 49 47.0
72 16 48.0
72 17 49.0
72 74 50.0
72 75 51.0
72 76 52.0
72 77 53.0
72 78 54.0
72 79 55.0
72 12 56.0
72 13 57.0
72 34 58.0
72 35 59.0
72 141 60.0
73 11 39.0
73 3 40.0
73 62 41.0
73 63 42.0
73 64 43.0
73 65 44.0
73 66 45.0
73 67 46.0
73 0 47.0
73 1 48.0
73 120 49.0
73 121 50.0
73 122 51.0
73 123 52.0
73 124 53.0
73 125 54.0
73 4 55.0
73 8 56.0
74 143 32.0
74 90 33.0
74 24 34.0
74 23 35.0
74 100 36.0
74 101 37.0
74 41 38.0
74 39 39.0
74 45 40.0
74 43 41.0
74 48 42.0
74 49 43.0
74 16 44.0
74 15 45.0
74 132 46.0
74 133 47.0
74 134 48.0
74 135 49.0
74 136 50.0
74 137 51.0
74 6 52.0
75 9 34.0
75 5 35.0
75 114 36.0
75 115 37.0
75 116 38.0
75 117 39.0
75 118 40.0
75 119 41.0
75 0 42.0
75 13 43.0
75 34 44.0
75 35 45.0
75 32 46.0
75 30 47.0
75 28 48.0
75 26 49.0
75 94 50.0
75 95 51.0
75 18 52.0
75 21 53.0
75 89 54.0
75 139 55.0
77 9 37.0
77 5 38.0
77 114 39.0
77 115 40.0
77 116 41.0
77 117 42.0
77 118 43.0
77 119 44.0
77 0 45.0
77 13 46.0
77 80 47.0
77 81 48.0
77 82 49.0
77 83 50.0
77 84 51.0
77 85 52.0
77 2 53.0
77 10 54.0
78 7 39.0
78 126 40.0
78 127 41.0
78 128 42.0
78 129 43.0
78 130 44.0
78 131 45.0
78 14 46.0
78 17 47.0
78 74 48.0
78 75 49.0
78 76 50.0
78 77 51.0
78 78 52.0
78 79 53.0
78 12 54.0
78 13 55.0
78 34 56.0
78 35 57.0
78 141 58.0
79 147 37.0
79 46 38.0
79 47 39.0
79 44 40.0
79 42 41.0
79 40 42.0
79 38 43.0
79 98 44.0
79 99 45.0
79 22 46.0
79 25 47.0
79 56 48.0
79 57 49.0
79 58 50.0
79 59 51.0
79 60 52.0
79 61 53.0
79 20 54.0
79 21 55.0
79 89 56.0
79 139 57.0
82 11 41.0
82 3 42.0
82 62 43.0
82 63 44.0
82 64 45.0
82 65 46.0
82 66 47.0
82 67 48.0
82 0 49.0
82 13 50.0
82 34 51.0
82 35 52.0
82 32 53.0
82 30 54.0
82 28 55.0
82 26 56.0
82 94 57.0
82 95 58.0
82 18 59.0
82 21 60.0
82 89 61.0
82 139 62.0
84 11 43.0
84 3 44.0
84 62 45.0
84 63 46.0
84 64 47.0
84 65 48.0
84 66 49.0
84 67 50.0
84 0 51.0
84 1 52.0
84 68 53.0
84 69 54.0
84 70 55.0
84 71 56.0
84 72 57.0
84 73 58.0
84 14 59.0
84 15 60.0
84 132 61.0
84 133 62.0
84 134 63.0
84 135 64.0
84 136 65.0
84 137 66.0
84 6 67.0
91 9 45.0
91 5 46.0
91 114 47.0
91 115 48.0
91 116 49.0
91 117 50.0
91 118 51.0
91 119 52.0
91 0 53.0
91 1 54.0
91 68 55.0
91 69 56.0
91 70 57.0
91 71 58.0
91 72 59.0
91 73 60.0
91 14 61.0
91 15 62.0
91 132 63.0
91 133 64.0
91 134 65.0
91 135 66.0
91 136 67.0
91 137 68.0
91 6 69.0
92 143 48.0
92 90 49.0
92 24 50.0
92 25 51.0
92 56 52.0
92 57 53.0
92 58 54.0
92 59 55.0
92 60 56.0
92 61 57.0
92 20 58.0
92 19 59.0
92 96 60.0
92 97 61.0
92 29 62.0
92 27 63.0
92 33 64.0
92 31 65.0
92 36 66.0
92 141 67.0
93 7 47.0
93 126 48.0
93 127 49.0
93 128 50.0
93 129 51.0
93 130 52.0
93 131 53.0
93 14 54.0
93 17 55.0
93 74 56.0
93 75 57.0
93 76 58.0
93 77 59.0
93 78 60.0
93 79 61.0
93 12 62.0
93 1 63.0
93 120 64.0
93 121 65.0
93 122 66.0
93 123 67.0
93 124 68.0
93 125 69.0
93 4 70.0
93 8 71.0
95 7 45.0
95 126 46.0
95 127 47.0
95 128 48.0
95 129 49.0
95 130 50.0
95 131 51.0
95 14 52.0
95 17 53.0
95 46 54.0
95 47 55.0
95 142 56.0
97 143 46.0
97 90 47.0
97 24 48.0
97 25 49.0
97 56 50.0
97 57 51.0
97 58 52.0
97 59 53.0
97 60 54.0
97 61 55.0
97 20 56.0
97 19 57.0
97 96 58.0
97 97 59.0
97 29 60.0
97 27 61.0
97 33 62.0
97 31 63.0
97 36 64.0
97 141 65.0
;
param t_hat_lat:=
4 11 5.0
4 3 6.0
4 62 7.0
4 63 8.0
4 64 9.0
4 65 10.0
4 66 11.0
4 67 12.0
4 0 13.0
4 1 14.0
4 68 15.0
4 69 16.0
4 70 17.0
4 71 18.0
4 72 19.0
4 73 20.0
4 14 21.0
4 15 22.0
4 132 23.0
4 133 24.0
4 134 25.0
4 135 26.0
4 136 27.0
4 137 28.0
4 6 29.0
7 9 9.0
7 5 10.0
7 114 11.0
7 115 12.0
7 116 13.0
7 117 14.0
7 118 15.0
7 119 16.0
7 0 17.0
7 13 18.0
7 34 19.0
7 35 20.0
7 32 21.0
7 30 22.0
7 28 23.0
7 26 24.0
7 94 25.0
7 95 26.0
7 18 27.0
7 21 28.0
7 89 29.0
7 139 30.0
18 7 3.0
18 126 4.0
18 127 5.0
18 128 6.0
18 129 7.0
18 130 8.0
18 131 9.0
18 14 10.0
18 17 11.0
18 74 12.0
18 75 13.0
18 76 14.0
18 77 15.0
18 78 16.0
18 79 17.0
18 12 18.0
18 1 19.0
18 120 20.0
18 121 21.0
18 122 22.0
18 123 23.0
18 124 24.0
18 125 25.0
18 4 26.0
18 8 27.0
20 145 27.0
20 92 28.0
20 102 29.0
20 103 30.0
20 104 31.0
20 105 32.0
20 106 33.0
20 107 34.0
20 18 35.0
20 19 36.0
20 50 37.0
20 51 38.0
20 52 39.0
20 53 40.0
20 54 41.0
20 55 42.0
20 22 43.0
20 23 44.0
20 100 45.0
20 101 46.0
20 41 47.0
20 39 48.0
20 45 49.0
20 43 50.0
20 48 51.0
20 142 52.0
21 147 20.0
21 49 21.0
21 16 22.0
21 17 23.0
21 74 24.0
21 75 25.0
21 76 26.0
21 77 27.0
21 78 28.0
21 79 29.0
21 12 30.0
21 13 31.0
21 80 32.0
21 81 33.0
21 82 34.0
21 83 35.0
21 84 36.0
21 85 37.0
21 2 38.0
21 10 39.0
22 144 19.0
22 88 20.0
22 20 21.0
22 19 22.0
22 50 23.0
22 51 24.0
22 52 25.0
22 53 26.0
22 54 27.0
22 55 28.0
22 22 29.0
22 23 30.0
22 100 31.0
22 101 32.0
22 41 33.0
22 39 34.0
22 45 35.0
22 43 36.0
22 48 37.0
22 142 38.0
23 11 12.0
23 3 13.0
23 62 14.0
23 63 15.0
23 64 16.0
23 65 17.0
23 66 18.0
23 67 19.0
23 0 20.0
23 1 21.0
23 68 22.0
23 69 23.0
23 70 24.0
23 71 25.0
23 72 26.0
23 73 27.0
23 14 28.0
23 15 29.0
23 132 30.0
23 133 31.0
23 134 32.0
23 135 33.0
23 136 34.0
23 137 35.0
23 6 36.0
24 145 17.0
24 92 18.0
24 102 19.0
24 103 20.0
24 104 21.0
24 105 22.0
24 106 23.0
24 107 24.0
24 18 25.0
24 19 26.0
24 50 27.0
24 51 28.0
24 52 29.0
24 53 30.0
24 54 31.0
24 55 32.0
24 22 33.0
24 25 34.0
24 91 35.0
24 138 36.0
25 145 15.0
25 92 16.0
25 102 17.0
25 103 18.0
25 104 19.0
25 105 20.0
25 106 21.0
25 107 22.0
25 18 23.0
25 19 24.0
25 50 25.0
25 51 26.0
25 52 27.0
25 53 28.0
25 54 29.0
25 55 30.0
25 22 31.0
25 23 32.0
25 100 33.0
25 101 34.0
25 41 35.0
25 39 36.0
25 45 37.0
25 43 38.0
25 48 39.0
25 142 40.0
26 11 16.0
26 3 17.0
26 62 18.0
26 63 19.0
26 64 20.0
26 65 21.0
26 66 22.0
26 67 23.0
26 0 24.0
26 1 25.0
26 68 26.0
26 69 27.0
26 70 28.0
26 71 29.0
26 72 30.0
26 73 31.0
26 14 32.0
26 17 33.0
26 46 34.0
26 47 35.0
26 142 36.0
27 146 20.0
27 34 21.0
27 35 22.0
27 32 23.0
27 30 24.0
27 28 25.0
27 26 26.0
27 94 27.0
27 95 28.0
27 18 29.0
27 21 30.0
27 108 31.0
27 109 32.0
27 110 33.0
27 111 34.0
27 112 35.0
27 113 36.0
27 93 37.0
27 140 38.0
29 9 14.0
29 5 15.0
29 114 16.0
29 115 17.0
29 116 18.0
29 117 19.0
29 118 20.0
29 119 21.0
29 0 22.0
29 1 23.0
29 68 24.0
29 69 25.0
29 70 26.0
29 71 27.0
29 72 28.0
29 73 29.0
29 14 30.0
29 15 31.0
29 132 32.0
29 133 33.0
29 134 34.0
29 135 35.0
29 136 36.0
29 137 37.0
29 6 38.0
30 9 20.0
30 5 21.0
30 114 22.0
30 115 23.0
30 116 24.0
30 117 25.0
30 118 26.0
30 119 27.0
30 0 28.0
30 13 29.0
30 80 30.0
30 81 31.0
30 82 32.0
30 83 33.0
30 84 34.0
30 85 35.0
30 2 36.0
30 10 37.0
31 145 25.0
31 92 26.0
31 102 27.0
31 103 28.0
31 104 29.0
31 105 30.0
31 106 31.0
31 107 32.0
31 18 33.0
31 19 34.0
31 50 35.0
31 51 36.0
31 52 37.0
31 53 38.0
31 54 39.0
31 55 40.0
31 22 41.0
31 23 42.0
31 100 43.0
31 101 44.0
31 41 45.0
31 39 46.0
31 45 47.0
31 43 48.0
31 48 49.0
31 142 50.0
32 145 11.0
32 92 12.0
32 102 13.0
32 103 14.0
32 104 15.0
32 105 16.0
32 106 17.0
32 107 18.0
32 18 19.0
32 19 20.0
32 50 21.0
32 51 22.0
32 52 23.0
32 53 24.0
32 54 25.0
32 55 26.0
32 22 27.0
32 25 28.0
32 91 29.0
32 138 30.0
33 11 28.0
33 3 29.0
33 62 30.0
33 63 31.0
33 64 32.0
33 65 33.0
33 66 34.0
33 67 35.0
33 0 36.0
33 1 37.0
33 68 38.0
33 69 39.0
33 70 40.0
33 71 41.0
33 72 42.0
33 73 43.0
33 14 44.0
33 17 45.0
33 46 46.0
33 47 47.0
33 142 48.0
34 145 29.0
34 92 30.0
34 102 31.0
34 103 32.0
34 104 33.0
34 105 34.0
34 106 35.0
34 107 36.0
34 18 37.0
34 19 38.0
34 50 39.0
34 51 40.0
34 52 41.0
34 53 42.0
34 54 43.0
34 55 44.0
34 22 45.0
34 23 46.0
34 100 47.0
34 101 48.0
34 41 49.0
34 39 50.0
34 45 51.0
34 43 52.0
34 48 53.0
34 142 54.0
36 145 23.0
36 92 24.0
36 102 25.0
36 103 26.0
36 104 27.0
36 105 28.0
36 106 29.0
36 107 30.0
36 18 31.0
36 19 32.0
36 96 33.0
36 97 34.0
36 29 35.0
36 27 36.0
36 33 37.0
36 31 38.0
36 36 39.0
36 141 40.0
37 9 18.0
37 5 19.0
37 114 20.0
37 115 21.0
37 116 22.0
37 117 23.0
37 118 24.0
37 119 25.0
37 0 26.0
37 1 27.0
37 68 28.0
37 69 29.0
37 70 30.0
37 71 31.0
37 72 32.0
37 73 33.0
37 14 34.0
37 15 35.0
37 132 36.0
37 133 37.0
37 134 38.0
37 135 39.0
37 136 40.0
37 137 41.0
37 6 42.0
38 143 13.0
38 90 14.0
38 24 15.0
38 23 16.0
38 100 17.0
38 101 18.0
38 41 19.0
38 39 20.0
38 45 21.0
38 43 22.0
38 48 23.0
38 49 24.0
38 16 25.0
38 15 26.0
38 132 27.0
38 133 28.0
38 134 29.0
38 135 30.0
38 136 31.0
38 137 32.0
38 6 33.0
40 144 40.0
40 88 41.0
40 20 42.0
40 19 43.0
40 96 44.0
40 97 45.0
40 29 46.0
40 27 47.0
40 33 48.0
40 31 49.0
40 36 50.0
40 37 51.0
40 12 52.0
40 13 53.0
40 80 54.0
40 81 55.0
40 82 56.0
40 83 57.0
40 84 58.0
40 85 59.0
40 2 60.0
40 10 61.0
41 11 22.0
41 3 23.0
41 62 24.0
41 63 25.0
41 64 26.0
41 65 27.0
41 66 28.0
41 67 29.0
41 0 30.0
41 1 31.0
41 68 32.0
41 69 33.0
41 70 34.0
41 71 35.0
41 72 36.0
41 73 37.0
41 14 38.0
41 15 39.0
41 132 40.0
41 133 41.0
41 134 42.0
41 135 43.0
41 136 44.0
41 137 45.0
41 6 46.0
42 147 28.0
42 49 29.0
42 16 30.0
42 17 31.0
42 74 32.0
42 75 33.0
42 76 34.0
42 77 35.0
42 78 36.0
42 79 37.0
42 12 38.0
42 13 39.0
42 80 40.0
42 81 41.0
42 82 42.0
42 83 43.0
42 84 44.0
42 85 45.0
42 2 46.0
42 10 47.0
43 7 29.0
43 126 30.0
43 127 31.0
43 128 32.0
43 129 33.0
43 130 34.0
43 131 35.0
43 14 36.0
43 17 37.0
43 74 38.0
43 75 39.0
43 76 40.0
43 77 41.0
43 78 42.0
43 79 43.0
43 12 44.0
43 1 45.0
43 120 46.0
43 121 47.0
43 122 48.0
43 123 49.0
43 124 50.0
43 125 51.0
43 4 52.0
43 8 53.0
44 147 26.0
44 49 27.0
44 16 28.0
44 17 29.0
44 74 30.0
44 75 31.0
44 76 32.0
44 77 33.0
44 78 34.0
44 79 35.0
44 12 36.0
44 13 37.0
44 80 38.0
44 81 39.0
44 82 40.0
44 83 41.0
44 84 42.0
44 85 43.0
44 2 44.0
44 10 45.0
45 147 30.0
45 46 31.0
45 47 32.0
45 44 33.0
45 42 34.0
45 40 35.0
45 38 36.0
45 98 37.0
45 99 38.0
45 22 39.0
45 25 40.0
45 56 41.0
45 57 42.0
45 58 43.0
45 59 44.0
45 60 45.0
45 61 46.0
45 20 47.0
45 21 48.0
45 89 49.0
45 139 50.0
46 7 33.0
46 126 34.0
46 127 35.0
46 128 36.0
46 129 37.0
46 130 38.0
46 131 39.0
46 14 40.0
46 17 41.0
46 74 42.0
46 75 43.0
46 76 44.0
46 77 45.0
46 78 46.0
46 79 47.0
46 12 48.0
46 13 49.0
46 34 50.0
46 35 51.0
46 141 52.0
47 145 39.0
47 92 40.0
47 102 41.0
47 103 42.0
47 104 43.0
47 105 44.0
47 106 45.0
47 107 46.0
47 18 47.0
47 19 48.0
47 50 49.0
47 51 50.0
47 52 51.0
47 53 52.0
47 54 53.0
47 55 54.0
47 22 55.0
47 25 56.0
47 91 57.0
47 138 58.0
48 11 26.0
48 3 27.0
48 62 28.0
48 63 29.0
48 64 30.0
48 65 31.0
48 66 32.0
48 67 33.0
48 0 34.0
48 13 35.0
48 34 36.0
48 35 37.0
48 141 38.0
49 146 30.0
49 34 31.0
49 35 32.0
49 32 33.0
49 30 34.0
49 28 35.0
49 26 36.0
49 94 37.0
49 95 38.0
49 18 39.0
49 21 40.0
49 108 41.0
49 109 42.0
49 110 43.0
49 111 44.0
49 112 45.0
49 113 46.0
49 93 47.0
49 140 48.0
50 143 21.0
50 90 22.0
50 24 23.0
50 23 24.0
50 100 25.0
50 101 26.0
50 41 27.0
50 39 28.0
50 45 29.0
50 43 30.0
50 48 31.0
50 142 32.0
51 146 26.0
51 37 27.0
51 12 28.0
51 1 29.0
51 120 30.0
51 121 31.0
51 122 32.0
51 123 33.0
51 124 34.0
51 125 35.0
51 4 36.0
51 8 37.0
52 144 26.1
52 88 26.0
52 20 27.0
52 19 28.0
52 96 29.0
52 97 30.0
52 29 31.0
52 27 32.0
52 33 33.0
52 31 34.0
52 36 35.0
52 141 36.0
53 145 36.0
53 92 37.0
53 102 38.0
53 103 39.0
53 104 40.0
53 105 41.0
53 106 42.0
53 107 43.0
53 18 44.0
53 21 45.0
53 89 46.0
53 139 47.0
54 144 27.0
54 88 28.0
54 20 29.0
54 19 30.0
54 50 31.0
54 51 32.0
54 52 33.0
54 53 34.0
54 54 35.0
54 55 36.0
54 22 37.0
54 23 38.0
54 100 39.0
54 101 40.0
54 41 41.0
54 39 42.0
54 45 43.0
54 43 44.0
54 48 45.0
54 142 46.0
55 143 29.0
55 90 30.0
55 24 31.0
55 25 32.0
55 56 33.0
55 57 34.0
55 58 35.0
55 59 36.0
55 60 37.0
55 61 38.0
55 20 39.0
55 19 40.0
55 96 41.0
55 97 42.0
55 29 43.0
55 27 44.0
55 33 45.0
55 31 46.0
55 36 47.0
55 141 48.0
56 11 33.0
56 3 34.0
56 62 35.0
56 63 36.0
56 64 37.0
56 65 38.0
56 66 39.0
56 67 40.0
56 0 41.0
56 13 42.0
56 34 43.0
56 35 44.0
56 32 45.0
56 30 46.0
56 28 47.0
56 26 48.0
56 94 49.0
56 95 50.0
56 18 51.0
56 21 52.0
56 89 53.0
56 139 54.0
57 146 40.0
57 34 41.0
57 35 42.0
57 32 43.0
57 30 44.0
57 28 45.0
57 26 46.0
57 94 47.0
57 95 48.0
57 18 49.0
57 21 50.0
57 108 51.0
57 109 52.0
57 110 53.0
57 111 54.0
57 112 55.0
57 113 56.0
57 93 57.0
57 140 58.0
58 143 23.0
58 90 24.0
58 24 25.0
58 23 26.0
58 100 27.0
58 101 28.0
58 41 29.0
58 39 30.0
58 45 31.0
58 43 32.0
58 48 33.0
58 142 34.0
59 11 24.0
59 3 25.0
59 62 26.0
59 63 27.0
59 64 28.0
59 65 29.0
59 66 30.0
59 67 31.0
59 0 32.0
59 13 33.0
59 34 34.0
59 35 35.0
59 32 36.0
59 30 37.0
59 28 38.0
59 26 39.0
59 94 40.0
59 95 41.0
59 18 42.0
59 21 43.0
59 89 44.0
59 139 45.0
60 147 40.0
60 49 41.0
60 16 42.0
60 17 43.0
60 74 44.0
60 75 45.0
60 76 46.0
60 77 47.0
60 78 48.0
60 79 49.0
60 12 50.0
60 1 51.0
60 120 52.0
60 121 53.0
60 122 54.0
60 123 55.0
60 124 56.0
60 125 57.0
60 4 58.0
60 8 59.0
61 144 43.0
61 88 44.0
61 20 45.0
61 19 46.0
61 96 47.0
61 97 48.0
61 29 49.0
61 27 50.0
61 33 51.0
61 31 52.0
61 36 53.0
61 141 54.0
63 146 38.0
63 37 39.0
63 12 40.0
63 1 41.0
63 120 42.0
63 121 43.0
63 122 44.0
63 123 45.0
63 124 46.0
63 125 47.0
63 4 48.0
63 8 49.0
64 144 49.0
64 88 50.0
64 20 51.0
64 19 52.0
64 96 53.0
64 97 54.0
64 29 55.0
64 27 56.0
64 33 57.0
64 31 58.0
64 36 59.0
64 37 60.0
64 12 61.0
64 1 62.0
64 120 63.0
64 121 64.0
64 122 65.0
64 123 66.0
64 124 67.0
64 125 68.0
64 4 69.0
64 8 70.0
66 145 49.0
66 92 50.0
66 102 51.0
66 103 52.0
66 104 53.0
66 105 54.0
66 106 55.0
66 107 56.0
66 18 57.0
66 21 58.0
66 89 59.0
66 139 60.0
67 147 49.0
67 49 50.0
67 16 51.0
67 17 52.0
67 74 53.0
67 75 54.0
67 76 55.0
67 77 56.0
67 78 57.0
67 79 58.0
67 12 59.0
67 13 60.0
67 80 61.0
67 81 62.0
67 82 63.0
67 83 64.0
67 84 65.0
67 85 66.0
67 2 67.0
67 10 68.0
68 145 47.0
68 92 48.0
68 102 49.0
68 103 50.0
68 104 51.0
68 105 52.0
68 106 53.0
68 107 54.0
68 18 55.0
68 19 56.0
68 96 57.0
68 97 58.0
68 29 59.0
68 27 60.0
68 33 61.0
68 31 62.0
68 36 63.0
68 141 64.0
69 146 32.0
69 37 33.0
69 12 34.0
69 1 35.0
69 120 36.0
69 121 37.0
69 122 38.0
69 123 39.0
69 124 40.0
69 125 41.0
69 4 42.0
69 8 43.0
70 147 32.0
70 49 33.0
70 16 34.0
70 17 35.0
70 74 36.0
70 75 37.0
70 76 38.0
70 77 39.0
70 78 40.0
70 79 41.0
70 12 42.0
70 1 43.0
70 120 44.0
70 121 45.0
70 122 46.0
70 123 47.0
70 124 48.0
70 125 49.0
70 4 50.0
70 8 51.0
71 147 36.0
71 49 37.0
71 16 38.0
71 17 39.0
71 74 40.0
71 75 41.0
71 76 42.0
71 77 43.0
71 78 44.0
71 79 45.0
71 12 46.0
71 1 47.0
71 120 48.0
71 121 49.0
71 122 50.0
71 123 51.0
71 124 52.0
71 125 53.0
71 4 54.0
71 8 55.0
72 147 47.0
72 49 48.0
72 16 49.0
72 17 50.0
72 74 51.0
72 75 52.0
72 76 53.0
72 77 54.0
72 78 55.0
72 79 56.0
72 12 57.0
72 13 58.0
72 34 59.0
72 35 60.0
72 141 61.0
73 11 40.0
73 3 41.0
73 62 42.0
73 63 43.0
73 64 44.0
73 65 45.0
73 66 46.0
73 67 47.0
73 0 48.0
73 1 49.0
73 120 50.0
73 121 51.0
73 122 52.0
73 123 53.0
73 124 54.0
73 125 55.0
73 4 56.0
73 8 57.0
74 143 33.0
74 90 34.0
74 24 35.0
74 23 36.0
74 100 37.0
74 101 38.0
74 41 39.0
74 39 40.0
74 45 41.0
74 43 42.0
74 48 43.0
74 49 44.0
74 16 45.0
74 15 46.0
74 132 47.0
74 133 48.0
74 134 49.0
74 135 50.0
74 136 51.0
74 137 52.0
74 6 53.0
75 9 35.0
75 5 36.0
75 114 37.0
75 115 38.0
75 116 39.0
75 117 40.0
75 118 41.0
75 119 42.0
75 0 43.0
75 13 44.0
75 34 45.0
75 35 46.0
75 32 47.0
75 30 48.0
75 28 49.0
75 26 50.0
75 94 51.0
75 95 52.0
75 18 53.0
75 21 54.0
75 89 55.0
75 139 56.0
77 9 38.0
77 5 39.0
77 114 40.0
77 115 41.0
77 116 42.0
77 117 43.0
77 118 44.0
77 119 45.0
77 0 46.0
77 13 47.0
77 80 48.0
77 81 49.0
77 82 50.0
77 83 51.0
77 84 52.0
77 85 53.0
77 2 54.0
77 10 55.0
78 7 40.0
78 126 41.0
78 127 42.0
78 128 43.0
78 129 44.0
78 130 45.0
78 131 46.0
78 14 47.0
78 17 48.0
78 74 49.0
78 75 50.0
78 76 51.0
78 77 52.0
78 78 53.0
78 79 54.0
78 12 55.0
78 13 56.0
78 34 57.0
78 35 58.0
78 141 59.0
79 147 38.0
79 46 39.0
79 47 40.0
79 44 41.0
79 42 42.0
79 40 43.0
79 38 44.0
79 98 45.0
79 99 46.0
79 22 47.0
79 25 48.0
79 56 49.0
79 57 50.0
79 58 51.0
79 59 52.0
79 60 53.0
79 61 54.0
79 20 55.0
79 21 56.0
79 89 57.0
79 139 58.0
82 11 42.0
82 3 43.0
82 62 44.0
82 63 45.0
82 64 46.0
82 65 47.0
82 66 48.0
82 67 49.0
82 0 50.0
82 13 51.0
82 34 52.0
82 35 53.0
82 32 54.0
82 30 55.0
82 28 56.0
82 26 57.0
82 94 58.0
82 95 59.0
82 18 60.0
82 21 61.0
82 89 62.0
82 139 63.0
84 11 44.0
84 3 45.0
84 62 46.0
84 63 47.0
84 64 48.0
84 65 49.0
84 66 50.0
84 67 51.0
84 0 52.0
84 1 53.0
84 68 54.0
84 69 55.0
84 70 56.0
84 71 57.0
84 72 58.0
84 73 59.0
84 14 60.0
84 15 61.0
84 132 62.0
84 133 63.0
84 134 64.0
84 135 65.0
84 136 66.0
84 137 67.0
84 6 68.0
91 9 46.0
91 5 47.0
91 114 48.0
91 115 49.0
91 116 50.0
91 117 51.0
91 118 52.0
91 119 53.0
91 0 54.0
91 1 55.0
91 68 56.0
91 69 57.0
91 70 58.0
91 71 59.0
91 72 60.0
91 73 61.0
91 14 62.0
91 15 63.0
91 132 64.0
91 133 65.0
91 134 66.0
91 135 67.0
91 136 68.0
91 137 69.0
91 6 70.0
92 143 49.0
92 90 50.0
92 24 51.0
92 25 52.0
92 56 53.0
92 57 54.0
92 58 55.0
92 59 56.0
92 60 57.0
92 61 58.0
92 20 59.0
92 19 60.0
92 96 61.0
92 97 62.0
92 29 63.0
92 27 64.0
92 33 65.0
92 31 66.0
92 36 67.0
92 141 68.0
93 7 48.0
93 126 49.0
93 127 50.0
93 128 51.0
93 129 52.0
93 130 53.0
93 131 54.0
93 14 55.0
93 17 56.0
93 74 57.0
93 75 58.0
93 76 59.0
93 77 60.0
93 78 61.0
93 79 62.0
93 12 63.0
93 1 64.0
93 120 65.0
93 121 66.0
93 122 67.0
93 123 68.0
93 124 69.0
93 125 70.0
93 4 71.0
93 8 72.0
95 7 46.0
95 126 47.0
95 127 48.0
95 128 49.0
95 129 50.0
95 130 51.0
95 131 52.0
95 14 53.0
95 17 54.0
95 46 55.0
95 47 56.0
95 142 57.0
97 143 47.0
97 90 48.0
97 24 49.0
97 25 50.0
97 56 51.0
97 57 52.0
97 58 53.0
97 59 54.0
97 60 55.0
97 61 56.0
97 20 57.0
97 19 58.0
97 96 59.0
97 97 60.0
97 29 61.0
97 27 62.0
97 33 63.0
97 31 64.0
97 36 65.0
97 141 66.0
;
set fixedFlights :=
4 0 1
4 11 3
4 14 15
4 3 62
4 62 63
4 63 64
4 64 65
4 65 66
4 66 67
4 67 0
4 1 68
4 68 69
4 69 70
4 70 71
4 71 72
4 72 73
4 73 14
4 15 132
4 132 133
4 133 134
4 134 135
4 135 136
4 136 137
4 137 6
7 9 5
7 0 13
7 18 21
7 13 34
7 34 35
7 35 32
7 32 30
7 30 28
7 28 26
7 26 94
7 94 95
7 95 18
7 21 89
7 5 114
7 114 115
7 115 116
7 116 117
7 117 118
7 118 119
7 119 0
7 89 139
18 4 8
18 12 1
18 14 17
18 17 74
18 74 75
18 75 76
18 76 77
18 77 78
18 78 79
18 79 12
18 1 120
18 120 121
18 121 122
18 122 123
18 123 124
18 124 125
18 125 4
18 7 126
18 126 127
18 127 128
18 128 129
18 129 130
18 130 131
18 131 14
20 18 19
20 22 23
20 41 39
20 39 45
20 45 43
20 43 48
20 19 50
20 50 51
20 51 52
20 52 53
20 53 54
20 54 55
20 55 22
20 23 100
20 100 101
20 101 41
20 92 102
20 102 103
20 103 104
20 104 105
20 105 106
20 106 107
20 107 18
20 145 92
20 48 142
21 2 10
21 12 13
21 16 17
21 49 16
21 17 74
21 74 75
21 75 76
21 76 77
21 77 78
21 78 79
21 79 12
21 13 80
21 80 81
21 81 82
21 82 83
21 83 84
21 84 85
21 85 2
21 147 49
22 20 19
22 22 23
22 41 39
22 39 45
22 45 43
22 43 48
22 19 50
22 50 51
22 51 52
22 52 53
22 53 54
22 54 55
22 55 22
22 23 100
22 100 101
22 101 41
22 88 20
22 144 88
22 48 142
23 0 1
23 11 3
23 14 15
23 3 62
23 62 63
23 63 64
23 64 65
23 65 66
23 66 67
23 67 0
23 1 68
23 68 69
23 69 70
23 70 71
23 71 72
23 72 73
23 73 14
23 15 132
23 132 133
23 133 134
23 134 135
23 135 136
23 136 137
23 137 6
24 18 19
24 22 25
24 19 50
24 50 51
24 51 52
24 52 53
24 53 54
24 54 55
24 55 22
24 92 102
24 102 103
24 103 104
24 104 105
24 105 106
24 106 107
24 107 18
24 25 91
24 145 92
24 91 138
25 18 19
25 22 23
25 41 39
25 39 45
25 45 43
25 43 48
25 19 50
25 50 51
25 51 52
25 52 53
25 53 54
25 54 55
25 55 22
25 23 100
25 100 101
25 101 41
25 92 102
25 102 103
25 103 104
25 104 105
25 105 106
25 106 107
25 107 18
25 145 92
25 48 142
26 0 1
26 11 3
26 14 17
26 17 46
26 46 47
26 3 62
26 62 63
26 63 64
26 64 65
26 65 66
26 66 67
26 67 0
26 1 68
26 68 69
26 69 70
26 70 71
26 71 72
26 72 73
26 73 14
26 47 142
27 18 21
27 34 35
27 35 32
27 32 30
27 30 28
27 28 26
27 26 94
27 94 95
27 95 18
27 21 108
27 108 109
27 109 110
27 110 111
27 111 112
27 112 113
27 113 93
27 93 140
27 146 34
29 0 1
29 9 5
29 14 15
29 1 68
29 68 69
29 69 70
29 70 71
29 71 72
29 72 73
29 73 14
29 5 114
29 114 115
29 115 116
29 116 117
29 117 118
29 118 119
29 119 0
29 15 132
29 132 133
29 133 134
29 134 135
29 135 136
29 136 137
29 137 6
30 2 10
30 9 5
30 0 13
30 13 80
30 80 81
30 81 82
30 82 83
30 83 84
30 84 85
30 85 2
30 5 114
30 114 115
30 115 116
30 116 117
30 117 118
30 118 119
30 119 0
31 18 19
31 22 23
31 41 39
31 39 45
31 45 43
31 43 48
31 19 50
31 50 51
31 51 52
31 52 53
31 53 54
31 54 55
31 55 22
31 23 100
31 100 101
31 101 41
31 92 102
31 102 103
31 103 104
31 104 105
31 105 106
31 106 107
31 107 18
31 145 92
31 48 142
32 18 19
32 22 25
32 19 50
32 50 51
32 51 52
32 52 53
32 53 54
32 54 55
32 55 22
32 92 102
32 102 103
32 103 104
32 104 105
32 105 106
32 106 107
32 107 18
32 25 91
32 145 92
32 91 138
33 0 1
33 11 3
33 14 17
33 17 46
33 46 47
33 3 62
33 62 63
33 63 64
33 64 65
33 65 66
33 66 67
33 67 0
33 1 68
33 68 69
33 69 70
33 70 71
33 71 72
33 72 73
33 73 14
33 47 142
34 18 19
34 22 23
34 41 39
34 39 45
34 45 43
34 43 48
34 19 50
34 50 51
34 51 52
34 52 53
34 53 54
34 54 55
34 55 22
34 23 100
34 100 101
34 101 41
34 92 102
34 102 103
34 103 104
34 104 105
34 105 106
34 106 107
34 107 18
34 145 92
34 48 142
36 18 19
36 29 27
36 27 33
36 33 31
36 31 36
36 19 96
36 96 97
36 97 29
36 92 102
36 102 103
36 103 104
36 104 105
36 105 106
36 106 107
36 107 18
36 145 92
36 36 141
37 0 1
37 9 5
37 14 15
37 1 68
37 68 69
37 69 70
37 70 71
37 71 72
37 72 73
37 73 14
37 5 114
37 114 115
37 115 116
37 116 117
37 117 118
37 118 119
37 119 0
37 15 132
37 132 133
37 133 134
37 134 135
37 135 136
37 136 137
37 137 6
38 16 15
38 24 23
38 41 39
38 39 45
38 45 43
38 43 48
38 48 49
38 49 16
38 23 100
38 100 101
38 101 41
38 90 24
38 15 132
38 132 133
38 133 134
38 134 135
38 135 136
38 136 137
38 137 6
38 143 90
40 2 10
40 12 13
40 20 19
40 29 27
40 27 33
40 33 31
40 31 36
40 36 37
40 37 12
40 13 80
40 80 81
40 81 82
40 82 83
40 83 84
40 84 85
40 85 2
40 19 96
40 96 97
40 97 29
40 88 20
40 144 88
41 0 1
41 11 3
41 14 15
41 3 62
41 62 63
41 63 64
41 64 65
41 65 66
41 66 67
41 67 0
41 1 68
41 68 69
41 69 70
41 70 71
41 71 72
41 72 73
41 73 14
41 15 132
41 132 133
41 133 134
41 134 135
41 135 136
41 136 137
41 137 6
42 2 10
42 12 13
42 16 17
42 49 16
42 17 74
42 74 75
42 75 76
42 76 77
42 77 78
42 78 79
42 79 12
42 13 80
42 80 81
42 81 82
42 82 83
42 83 84
42 84 85
42 85 2
42 147 49
43 4 8
43 12 1
43 14 17
43 17 74
43 74 75
43 75 76
43 76 77
43 77 78
43 78 79
43 79 12
43 1 120
43 120 121
43 121 122
43 122 123
43 123 124
43 124 125
43 125 4
43 7 126
43 126 127
43 127 128
43 128 129
43 129 130
43 130 131
43 131 14
44 2 10
44 12 13
44 16 17
44 49 16
44 17 74
44 74 75
44 75 76
44 76 77
44 77 78
44 78 79
44 79 12
44 13 80
44 80 81
44 81 82
44 82 83
44 83 84
44 84 85
44 85 2
44 147 49
45 20 21
45 22 25
45 46 47
45 47 44
45 44 42
45 42 40
45 40 38
45 25 56
45 56 57
45 57 58
45 58 59
45 59 60
45 60 61
45 61 20
45 38 98
45 98 99
45 99 22
45 21 89
45 89 139
45 147 46
46 12 13
46 14 17
46 13 34
46 34 35
46 17 74
46 74 75
46 75 76
46 76 77
46 77 78
46 78 79
46 79 12
46 7 126
46 126 127
46 127 128
46 128 129
46 129 130
46 130 131
46 131 14
46 35 141
47 18 19
47 22 25
47 19 50
47 50 51
47 51 52
47 52 53
47 53 54
47 54 55
47 55 22
47 92 102
47 102 103
47 103 104
47 104 105
47 105 106
47 106 107
47 107 18
47 25 91
47 145 92
47 91 138
48 11 3
48 0 13
48 13 34
48 34 35
48 3 62
48 62 63
48 63 64
48 64 65
48 65 66
48 66 67
48 67 0
48 35 141
49 18 21
49 34 35
49 35 32
49 32 30
49 30 28
49 28 26
49 26 94
49 94 95
49 95 18
49 21 108
49 108 109
49 109 110
49 110 111
49 111 112
49 112 113
49 113 93
49 93 140
49 146 34
50 24 23
50 41 39
50 39 45
50 45 43
50 43 48
50 23 100
50 100 101
50 101 41
50 90 24
50 143 90
50 48 142
51 4 8
51 12 1
51 37 12
51 1 120
51 120 121
51 121 122
51 122 123
51 123 124
51 124 125
51 125 4
51 146 37
53 18 21
53 92 102
53 102 103
53 103 104
53 104 105
53 105 106
53 106 107
53 107 18
53 21 89
53 145 92
53 89 139
54 20 19
54 22 23
54 41 39
54 39 45
54 45 43
54 43 48
54 19 50
54 50 51
54 51 52
54 52 53
54 53 54
54 54 55
54 55 22
54 23 100
54 100 101
54 101 41
54 88 20
54 144 88
54 48 142
55 20 19
55 24 25
55 29 27
55 27 33
55 33 31
55 31 36
55 25 56
55 56 57
55 57 58
55 58 59
55 59 60
55 60 61
55 61 20
55 19 96
55 96 97
55 97 29
55 90 24
55 143 90
55 36 141
56 11 3
56 0 13
56 18 21
56 13 34
56 34 35
56 35 32
56 32 30
56 30 28
56 28 26
56 3 62
56 62 63
56 63 64
56 64 65
56 65 66
56 66 67
56 67 0
56 26 94
56 94 95
56 95 18
56 21 89
56 89 139
57 18 21
57 34 35
57 35 32
57 32 30
57 30 28
57 28 26
57 26 94
57 94 95
57 95 18
57 21 108
57 108 109
57 109 110
57 110 111
57 111 112
57 112 113
57 113 93
57 93 140
57 146 34
58 24 23
58 41 39
58 39 45
58 45 43
58 43 48
58 23 100
58 100 101
58 101 41
58 90 24
58 143 90
58 48 142
59 11 3
59 0 13
59 18 21
59 13 34
59 34 35
59 35 32
59 32 30
59 30 28
59 28 26
59 3 62
59 62 63
59 63 64
59 64 65
59 65 66
59 66 67
59 67 0
59 26 94
59 94 95
59 95 18
59 21 89
59 89 139
60 4 8
60 12 1
60 16 17
60 49 16
60 17 74
60 74 75
60 75 76
60 76 77
60 77 78
60 78 79
60 79 12
60 1 120
60 120 121
60 121 122
60 122 123
60 123 124
60 124 125
60 125 4
60 147 49
61 20 19
61 29 27
61 27 33
61 33 31
61 31 36
61 19 96
61 96 97
61 97 29
61 88 20
61 144 88
61 36 141
63 4 8
63 12 1
63 37 12
63 1 120
63 120 121
63 121 122
63 122 123
63 123 124
63 124 125
63 125 4
63 146 37
64 4 8
64 12 1
64 20 19
64 29 27
64 27 33
64 33 31
64 31 36
64 36 37
64 37 12
64 19 96
64 96 97
64 97 29
64 88 20
64 1 120
64 120 121
64 121 122
64 122 123
64 123 124
64 124 125
64 125 4
64 144 88
66 18 21
66 92 102
66 102 103
66 103 104
66 104 105
66 105 106
66 106 107
66 107 18
66 21 89
66 145 92
66 89 139
67 2 10
67 12 13
67 16 17
67 49 16
67 17 74
67 74 75
67 75 76
67 76 77
67 77 78
67 78 79
67 79 12
67 13 80
67 80 81
67 81 82
67 82 83
67 83 84
67 84 85
67 85 2
67 147 49
68 18 19
68 29 27
68 27 33
68 33 31
68 31 36
68 19 96
68 96 97
68 97 29
68 92 102
68 102 103
68 103 104
68 104 105
68 105 106
68 106 107
68 107 18
68 145 92
68 36 141
69 4 8
69 12 1
69 37 12
69 1 120
69 120 121
69 121 122
69 122 123
69 123 124
69 124 125
69 125 4
69 146 37
70 4 8
70 12 1
70 16 17
70 49 16
70 17 74
70 74 75
70 75 76
70 76 77
70 77 78
70 78 79
70 79 12
70 1 120
70 120 121
70 121 122
70 122 123
70 123 124
70 124 125
70 125 4
70 147 49
71 4 8
71 12 1
71 16 17
71 49 16
71 17 74
71 74 75
71 75 76
71 76 77
71 77 78
71 78 79
71 79 12
71 1 120
71 120 121
71 121 122
71 122 123
71 123 124
71 124 125
71 125 4
71 147 49
72 12 13
72 16 17
72 13 34
72 34 35
72 49 16
72 17 74
72 74 75
72 75 76
72 76 77
72 77 78
72 78 79
72 79 12
72 35 141
72 147 49
73 0 1
73 11 3
73 4 8
73 3 62
73 62 63
73 63 64
73 64 65
73 65 66
73 66 67
73 67 0
73 1 120
73 120 121
73 121 122
73 122 123
73 123 124
73 124 125
73 125 4
74 16 15
74 24 23
74 41 39
74 39 45
74 45 43
74 43 48
74 48 49
74 49 16
74 23 100
74 100 101
74 101 41
74 90 24
74 15 132
74 132 133
74 133 134
74 134 135
74 135 136
74 136 137
74 137 6
74 143 90
75 9 5
75 0 13
75 18 21
75 13 34
75 34 35
75 35 32
75 32 30
75 30 28
75 28 26
75 26 94
75 94 95
75 95 18
75 21 89
75 5 114
75 114 115
75 115 116
75 116 117
75 117 118
75 118 119
75 119 0
75 89 139
77 2 10
77 9 5
77 0 13
77 13 80
77 80 81
77 81 82
77 82 83
77 83 84
77 84 85
77 85 2
77 5 114
77 114 115
77 115 116
77 116 117
77 117 118
77 118 119
77 119 0
78 12 13
78 14 17
78 13 34
78 34 35
78 17 74
78 74 75
78 75 76
78 76 77
78 77 78
78 78 79
78 79 12
78 7 126
78 126 127
78 127 128
78 128 129
78 129 130
78 130 131
78 131 14
78 35 141
79 20 21
79 22 25
79 46 47
79 47 44
79 44 42
79 42 40
79 40 38
79 25 56
79 56 57
79 57 58
79 58 59
79 59 60
79 60 61
79 61 20
79 38 98
79 98 99
79 99 22
79 21 89
79 89 139
79 147 46
82 11 3
82 0 13
82 18 21
82 13 34
82 34 35
82 35 32
82 32 30
82 30 28
82 28 26
82 3 62
82 62 63
82 63 64
82 64 65
82 65 66
82 66 67
82 67 0
82 26 94
82 94 95
82 95 18
82 21 89
82 89 139
84 0 1
84 11 3
84 14 15
84 3 62
84 62 63
84 63 64
84 64 65
84 65 66
84 66 67
84 67 0
84 1 68
84 68 69
84 69 70
84 70 71
84 71 72
84 72 73
84 73 14
84 15 132
84 132 133
84 133 134
84 134 135
84 135 136
84 136 137
84 137 6
91 0 1
91 9 5
91 14 15
91 1 68
91 68 69
91 69 70
91 70 71
91 71 72
91 72 73
91 73 14
91 5 114
91 114 115
91 115 116
91 116 117
91 117 118
91 118 119
91 119 0
91 15 132
91 132 133
91 133 134
91 134 135
91 135 136
91 136 137
91 137 6
92 20 19
92 24 25
92 29 27
92 27 33
92 33 31
92 31 36
92 25 56
92 56 57
92 57 58
92 58 59
92 59 60
92 60 61
92 61 20
92 19 96
92 96 97
92 97 29
92 90 24
92 143 90
92 36 141
93 4 8
93 12 1
93 14 17
93 17 74
93 74 75
93 75 76
93 76 77
93 77 78
93 78 79
93 79 12
93 1 120
93 120 121
93 121 122
93 122 123
93 123 124
93 124 125
93 125 4
93 7 126
93 126 127
93 127 128
93 128 129
93 129 130
93 130 131
93 131 14
95 14 17
95 17 46
95 46 47
95 7 126
95 126 127
95 127 128
95 128 129
95 129 130
95 130 131
95 131 14
95 47 142
97 20 19
97 24 25
97 29 27
97 27 33
97 33 31
97 31 36
97 25 56
97 56 57
97 57 58
97 58 59
97 59 60
97 60 61
97 61 20
97 19 96
97 96 97
97 97 29
97 90 24
97 143 90
97 36 141
;
;
set inFlight:=
4
7
18
21
22
23
24
25
26
27
29
30
31
32
36
37
38
41
44
48
50
51
58
59
;
param tini := 25.1;
