param nn:= 148;
set F:=
4
5
14
17
20
22
23
24
25
26
27
28
29
32
33
34
35
36
37
38
39
40
41
42
43
44
45
46
47
48
49
50
51
52
53
54
55
56
57
58
59
60
61
63
65
66
67
68
69
70
72
74
75
76
77
78
79
80
81
83
87
88
90
92
93
95
96
99
;
param: E: d:=
0 1 2.500000
2 10 1.500000
11 3 1.500000
4 8 1.500000
9 5 1.500000
12 13 2.500000
0 13 2.500000
12 1 2.500000
14 15 2.500000
16 17 2.500000
14 17 2.500000
16 15 2.500000
18 19 2.500000
20 21 2.500000
18 21 2.500000
20 19 2.500000
22 23 2.500000
24 25 2.500000
22 25 2.500000
24 23 2.500000
13 34 2.500000
34 35 2.500000
35 32 2.500000
32 30 2.500000
30 28 2.500000
28 26 2.500000
29 27 2.500000
27 33 2.500000
33 31 2.500000
31 36 2.500000
36 37 2.500000
37 12 2.500000
17 46 2.500000
46 47 2.500000
47 44 2.500000
44 42 2.500000
42 40 2.500000
40 38 2.500000
41 39 2.500000
39 45 2.500000
45 43 2.500000
43 48 2.500000
48 49 2.500000
49 16 2.500000
19 50 2.500000
50 51 2.500000
51 52 2.500000
52 53 2.500000
53 54 2.500000
54 55 2.500000
55 22 2.500000
25 56 2.500000
56 57 2.500000
57 58 2.500000
58 59 2.500000
59 60 2.500000
60 61 2.500000
61 20 2.500000
3 62 2.500000
62 63 2.500000
63 64 2.500000
64 65 2.500000
65 66 2.500000
66 67 2.500000
67 0 2.500000
1 68 2.500000
68 69 2.500000
69 70 2.500000
70 71 2.500000
71 72 2.500000
72 73 2.500000
73 14 2.500000
17 74 2.500000
74 75 2.500000
75 76 2.500000
76 77 2.500000
77 78 2.500000
78 79 2.500000
79 12 2.500000
13 80 2.500000
80 81 2.500000
81 82 2.500000
82 83 2.500000
83 84 2.500000
84 85 2.500000
85 2 2.500000
26 94 2.500000
94 95 2.500000
95 18 2.500000
19 96 2.500000
96 97 2.500000
97 29 2.500000
38 98 2.500000
98 99 2.500000
99 22 2.500000
23 100 2.500000
100 101 2.500000
101 41 2.500000
92 102 2.500000
102 103 2.500000
103 104 2.500000
104 105 2.500000
105 106 2.500000
106 107 2.500000
107 18 2.500000
21 108 2.500000
108 109 2.500000
109 110 2.500000
110 111 2.500000
111 112 2.500000
112 113 2.500000
113 93 2.500000
21 89 2.500000
88 20 2.500000
25 91 2.500000
90 24 2.500000
5 114 2.500000
114 115 2.500000
115 116 2.500000
116 117 2.500000
117 118 2.500000
118 119 2.500000
119 0 2.500000
1 120 2.500000
120 121 2.500000
121 122 2.500000
122 123 2.500000
123 124 2.500000
124 125 2.500000
125 4 2.500000
7 126 1.500000
126 127 2.500000
127 128 2.500000
128 129 2.500000
129 130 2.500000
130 131 2.500000
131 14 2.500000
15 132 2.500000
132 133 2.500000
133 134 2.500000
134 135 2.500000
135 136 2.500000
136 137 2.500000
137 6 1.500000
87 6 1.500000
7 86 1.500000
144 88 1.500000
143 90 1.500000
145 92 1.500000
93 140 1.500000
89 139 1.500000
91 138 1.500000
48 142 1.500000
47 142 1.500000
36 141 1.500000
35 141 1.500000
146 37 1.500000
146 34 1.500000
147 46 1.500000
147 49 1.500000
;
param s:=
4 144
5 144
14 7
17 9
20 143
22 143
23 146
24 9
25 145
26 145
27 7
28 146
29 7
32 11
33 9
34 11
35 145
36 11
37 146
38 147
39 145
40 9
41 7
42 144
43 11
44 11
45 144
46 145
47 143
48 7
49 145
50 147
51 9
52 143
53 9
54 9
55 147
56 143
57 11
58 143
59 143
60 147
61 145
63 144
65 145
66 143
67 145
68 143
69 9
70 146
72 144
74 146
75 144
76 7
77 7
78 144
79 143
80 146
81 145
83 147
87 11
88 9
90 147
92 9
93 9
95 147
96 144
99 143
;
param e:=
4 10
5 10
14 8
17 6
20 140
22 141
23 142
24 141
25 138
26 138
27 142
28 139
29 142
32 8
33 142
34 142
35 142
36 139
37 140
38 8
39 142
40 142
41 8
42 142
43 6
44 141
45 8
46 138
47 141
48 142
49 141
50 10
51 142
52 139
53 139
54 6
55 6
56 6
57 141
58 142
59 139
60 6
61 138
63 141
65 139
66 139
67 139
68 141
69 6
70 138
72 142
74 138
75 141
76 8
77 138
78 8
79 142
80 138
81 139
83 6
87 141
88 6
90 138
92 142
93 141
95 6
96 140
99 140
;
param v_min:=2.375
;
param v_max:=2.625
;
param :conflictsNodes: angle:=
0 1 13 1.000000
0 13 1 1.000000
0 1 67 1.000000
0 67 1 1.000000
0 1 119 1.000000
0 119 1 1.000000
0 13 67 1.000000
0 67 13 1.000000
0 13 119 1.000000
0 119 13 1.000000
0 67 119 1.000000
0 119 67 1.000000
1 0 68 1.000000
1 68 0 1.000000
1 0 120 1.000000
1 120 0 1.000000
1 0 12 1.000000
1 12 0 1.000000
1 68 120 1.000000
1 120 68 1.000000
1 12 68 1.000000
1 68 12 1.000000
1 12 120 1.000000
1 120 12 1.000000
12 13 37 1.000000
12 37 13 1.000000
12 13 79 1.000000
12 79 13 1.000000
12 1 13 1.000000
12 13 1 1.000000
12 1 37 1.000000
12 37 1 1.000000
12 1 79 1.000000
12 79 1 1.000000
12 37 79 1.000000
12 79 37 1.000000
13 0 12 1.000000
13 12 0 1.000000
13 0 34 1.000000
13 34 0 1.000000
13 0 80 1.000000
13 80 0 1.000000
13 12 34 1.000000
13 34 12 1.000000
13 12 80 1.000000
13 80 12 1.000000
13 34 80 1.000000
13 80 34 1.000000
14 15 17 1.000000
14 17 15 1.000000
14 15 73 1.000000
14 73 15 1.000000
14 15 131 1.000000
14 131 15 1.000000
14 17 73 1.000000
14 73 17 1.000000
14 17 131 1.000000
14 131 17 1.000000
14 73 131 1.000000
14 131 73 1.000000
15 14 132 1.000000
15 132 14 1.000000
15 14 16 1.000000
15 16 14 1.000000
15 16 132 1.000000
15 132 16 1.000000
16 17 49 1.000000
16 49 17 1.000000
16 15 17 1.000000
16 17 15 1.000000
16 15 49 1.000000
16 49 15 1.000000
17 14 16 1.000000
17 16 14 1.000000
17 14 46 1.000000
17 46 14 1.000000
17 14 74 1.000000
17 74 14 1.000000
17 16 46 1.000000
17 46 16 1.000000
17 16 74 1.000000
17 74 16 1.000000
17 46 74 1.000000
17 74 46 1.000000
18 19 21 1.000000
18 21 19 1.000000
18 19 95 1.000000
18 95 19 1.000000
18 19 107 1.000000
18 107 19 1.000000
18 21 95 1.000000
18 95 21 1.000000
18 21 107 1.000000
18 107 21 1.000000
18 95 107 1.000000
18 107 95 1.000000
19 18 50 1.000000
19 50 18 1.000000
19 18 96 1.000000
19 96 18 1.000000
19 18 20 1.000000
19 20 18 1.000000
19 50 96 1.000000
19 96 50 1.000000
19 20 50 1.000000
19 50 20 1.000000
19 20 96 1.000000
19 96 20 1.000000
20 21 61 1.000000
20 61 21 1.000000
20 21 88 1.000000
20 88 21 1.000000
20 19 21 1.000000
20 21 19 1.000000
20 19 61 1.000000
20 61 19 1.000000
20 19 88 1.000000
20 88 19 1.000000
20 61 88 1.000000
20 88 61 1.000000
21 18 20 1.000000
21 20 18 1.000000
21 18 108 1.000000
21 108 18 1.000000
21 18 89 1.000000
21 89 18 1.000000
21 20 108 1.000000
21 108 20 1.000000
21 20 89 1.000000
21 89 20 1.000000
21 89 108 1.000000
21 108 89 1.000000
22 23 25 1.000000
22 25 23 1.000000
22 23 55 1.000000
22 55 23 1.000000
22 23 99 1.000000
22 99 23 1.000000
22 25 55 1.000000
22 55 25 1.000000
22 25 99 1.000000
22 99 25 1.000000
22 55 99 1.000000
22 99 55 1.000000
23 22 100 1.000000
23 100 22 1.000000
23 22 24 1.000000
23 24 22 1.000000
23 24 100 1.000000
23 100 24 1.000000
24 25 90 1.000000
24 90 25 1.000000
24 23 25 1.000000
24 25 23 1.000000
24 23 90 1.000000
24 90 23 1.000000
25 22 24 1.000000
25 24 22 1.000000
25 22 56 1.000000
25 56 22 1.000000
25 22 91 1.000000
25 91 22 1.000000
25 24 56 1.000000
25 56 24 1.000000
25 24 91 1.000000
25 91 24 1.000000
25 56 91 1.000000
25 91 56 1.000000
26 28 94 1.000000
26 94 28 1.000000
27 29 33 1.000000
27 33 29 1.000000
28 26 30 1.000000
28 30 26 1.000000
29 27 97 1.000000
29 97 27 1.000000
30 28 32 1.000000
30 32 28 1.000000
31 33 36 1.000000
31 36 33 1.000000
32 30 35 1.000000
32 35 30 1.000000
33 27 31 1.000000
33 31 27 1.000000
34 13 35 1.000000
34 35 13 1.000000
35 32 34 1.000000
35 34 32 1.000000
36 31 37 1.000000
36 37 31 1.000000
37 12 36 1.000000
37 36 12 1.000000
38 40 98 1.000000
38 98 40 1.000000
39 41 45 1.000000
39 45 41 1.000000
40 38 42 1.000000
40 42 38 1.000000
41 39 101 1.000000
41 101 39 1.000000
42 40 44 1.000000
42 44 40 1.000000
43 45 48 1.000000
43 48 45 1.000000
44 42 47 1.000000
44 47 42 1.000000
45 39 43 1.000000
45 43 39 1.000000
46 17 47 1.000000
46 47 17 1.000000
47 44 46 1.000000
47 46 44 1.000000
48 43 49 1.000000
48 49 43 1.000000
49 16 48 1.000000
49 48 16 1.000000
50 19 51 1.000000
50 51 19 1.000000
51 50 52 1.000000
51 52 50 1.000000
52 51 53 1.000000
52 53 51 1.000000
53 52 54 1.000000
53 54 52 1.000000
54 53 55 1.000000
54 55 53 1.000000
55 22 54 1.000000
55 54 22 1.000000
56 25 57 1.000000
56 57 25 1.000000
57 56 58 1.000000
57 58 56 1.000000
58 57 59 1.000000
58 59 57 1.000000
59 58 60 1.000000
59 60 58 1.000000
60 59 61 1.000000
60 61 59 1.000000
61 20 60 1.000000
61 60 20 1.000000
62 3 63 1.000000
62 63 3 1.000000
63 62 64 1.000000
63 64 62 1.000000
64 63 65 1.000000
64 65 63 1.000000
65 64 66 1.000000
65 66 64 1.000000
66 65 67 1.000000
66 67 65 1.000000
67 0 66 1.000000
67 66 0 1.000000
68 1 69 1.000000
68 69 1 1.000000
69 68 70 1.000000
69 70 68 1.000000
70 69 71 1.000000
70 71 69 1.000000
71 70 72 1.000000
71 72 70 1.000000
72 71 73 1.000000
72 73 71 1.000000
73 14 72 1.000000
73 72 14 1.000000
74 17 75 1.000000
74 75 17 1.000000
75 74 76 1.000000
75 76 74 1.000000
76 75 77 1.000000
76 77 75 1.000000
77 76 78 1.000000
77 78 76 1.000000
78 77 79 1.000000
78 79 77 1.000000
79 12 78 1.000000
79 78 12 1.000000
80 13 81 1.000000
80 81 13 1.000000
81 80 82 1.000000
81 82 80 1.000000
82 81 83 1.000000
82 83 81 1.000000
83 82 84 1.000000
83 84 82 1.000000
84 83 85 1.000000
84 85 83 1.000000
85 2 84 1.000000
85 84 2 1.000000
94 26 95 1.000000
94 95 26 1.000000
95 18 94 1.000000
95 94 18 1.000000
96 19 97 1.000000
96 97 19 1.000000
97 29 96 1.000000
97 96 29 1.000000
98 38 99 1.000000
98 99 38 1.000000
99 22 98 1.000000
99 98 22 1.000000
100 23 101 1.000000
100 101 23 1.000000
101 41 100 1.000000
101 100 41 1.000000
102 92 103 1.000000
102 103 92 1.000000
103 102 104 1.000000
103 104 102 1.000000
104 103 105 1.000000
104 105 103 1.000000
105 104 106 1.000000
105 106 104 1.000000
106 105 107 1.000000
106 107 105 1.000000
107 18 106 1.000000
107 106 18 1.000000
108 21 109 1.000000
108 109 21 1.000000
109 108 110 1.000000
109 110 108 1.000000
110 109 111 1.000000
110 111 109 1.000000
111 110 112 1.000000
111 112 110 1.000000
112 111 113 1.000000
112 113 111 1.000000
113 93 112 1.000000
113 112 93 1.000000
114 5 115 1.000000
114 115 5 1.000000
115 114 116 1.000000
115 116 114 1.000000
116 115 117 1.000000
116 117 115 1.000000
117 116 118 1.000000
117 118 116 1.000000
118 117 119 1.000000
118 119 117 1.000000
119 0 118 1.000000
119 118 0 1.000000
120 1 121 1.000000
120 121 1 1.000000
121 120 122 1.000000
121 122 120 1.000000
122 121 123 1.000000
122 123 121 1.000000
123 122 124 1.000000
123 124 122 1.000000
124 123 125 1.000000
124 125 123 1.000000
125 4 124 1.000000
125 124 4 1.000000
127 126 128 1.000000
127 128 126 1.000000
128 127 129 1.000000
128 129 127 1.000000
129 128 130 1.000000
129 130 128 1.000000
130 129 131 1.000000
130 131 129 1.000000
131 14 130 1.000000
131 130 14 1.000000
132 15 133 1.000000
132 133 15 1.000000
133 132 134 1.000000
133 134 132 1.000000
134 133 135 1.000000
134 135 133 1.000000
135 134 136 1.000000
135 136 134 1.000000
136 135 137 1.000000
136 137 135 1.000000
;
param D:=0.5;
param t_hat_ear:=
4 144 8.0
4 88 9.0
4 20 10.0
4 19 11.0
4 96 12.0
4 97 13.0
4 29 14.0
4 27 15.0
4 33 16.0
4 31 17.0
4 36 18.0
4 37 19.0
4 12 20.0
4 13 21.0
4 80 22.0
4 81 23.0
4 82 24.0
4 83 25.0
4 84 26.0
4 85 27.0
4 2 28.0
4 10 29.0
5 144 12.0
5 88 13.0
5 20 14.0
5 19 15.0
5 96 16.0
5 97 17.0
5 29 18.0
5 27 19.0
5 33 20.0
5 31 21.0
5 36 22.0
5 37 23.0
5 12 24.0
5 13 25.0
5 80 26.0
5 81 27.0
5 82 28.0
5 83 29.0
5 84 30.0
5 85 31.0
5 2 32.0
5 10 33.0
14 7 7.0
14 126 8.0
14 127 9.0
14 128 10.0
14 129 11.0
14 130 12.0
14 131 13.0
14 14 14.0
14 17 15.0
14 74 16.0
14 75 17.0
14 76 18.0
14 77 19.0
14 78 20.0
14 79 21.0
14 12 22.0
14 1 23.0
14 120 24.0
14 121 25.0
14 122 26.0
14 123 27.0
14 124 28.0
14 125 29.0
14 4 30.0
14 8 31.0
17 9 8.0
17 5 9.0
17 114 10.0
17 115 11.0
17 116 12.0
17 117 13.0
17 118 14.0
17 119 15.0
17 0 16.0
17 1 17.0
17 68 18.0
17 69 19.0
17 70 20.0
17 71 21.0
17 72 22.0
17 73 23.0
17 14 24.0
17 15 25.0
17 132 26.0
17 133 27.0
17 134 28.0
17 135 29.0
17 136 30.0
17 137 31.0
17 6 32.0
20 143 16.0
20 90 17.0
20 24 18.0
20 25 19.0
20 56 20.0
20 57 21.0
20 58 22.0
20 59 23.0
20 60 24.0
20 61 25.0
20 20 26.0
20 21 27.0
20 108 28.0
20 109 29.0
20 110 30.0
20 111 31.0
20 112 32.0
20 113 33.0
20 93 34.0
20 140 35.0
22 143 10.0
22 90 11.0
22 24 12.0
22 25 13.0
22 56 14.0
22 57 15.0
22 58 16.0
22 59 17.0
22 60 18.0
22 61 19.0
22 20 20.0
22 19 21.0
22 96 22.0
22 97 23.0
22 29 24.0
22 27 25.0
22 33 26.0
22 31 27.0
22 36 28.0
22 141 29.0
23 146 29.0
23 37 30.0
23 12 31.0
23 1 32.0
23 68 33.0
23 69 34.0
23 70 35.0
23 71 36.0
23 72 37.0
23 73 38.0
23 14 39.0
23 17 40.0
23 46 41.0
23 47 42.0
23 142 43.0
24 9 19.0
24 5 20.0
24 114 21.0
24 115 22.0
24 116 23.0
24 117 24.0
24 118 25.0
24 119 26.0
24 0 27.0
24 13 28.0
24 34 29.0
24 35 30.0
24 141 31.0
25 145 14.0
25 92 15.0
25 102 16.0
25 103 17.0
25 104 18.0
25 105 19.0
25 106 20.0
25 107 21.0
25 18 22.0
25 19 23.0
25 50 24.0
25 51 25.0
25 52 26.0
25 53 27.0
25 54 28.0
25 55 29.0
25 22 30.0
25 25 31.0
25 91 32.0
25 138 33.0
26 145 18.0
26 92 19.0
26 102 20.0
26 103 21.0
26 104 22.0
26 105 23.0
26 106 24.0
26 107 25.0
26 18 26.0
26 19 27.0
26 50 28.0
26 51 29.0
26 52 30.0
26 53 31.0
26 54 32.0
26 55 33.0
26 22 34.0
26 25 35.0
26 91 36.0
26 138 37.0
27 7 21.0
27 126 22.0
27 127 23.0
27 128 24.0
27 129 25.0
27 130 26.0
27 131 27.0
27 14 28.0
27 17 29.0
27 46 30.0
27 47 31.0
27 142 32.0
28 146 21.0
28 34 22.0
28 35 23.0
28 32 24.0
28 30 25.0
28 28 26.0
28 26 27.0
28 94 28.0
28 95 29.0
28 18 30.0
28 21 31.0
28 89 32.0
28 139 33.0
29 7 19.0
29 126 20.0
29 127 21.0
29 128 22.0
29 129 23.0
29 130 24.0
29 131 25.0
29 14 26.0
29 17 27.0
29 46 28.0
29 47 29.0
29 142 30.0
32 11 12.0
32 3 13.0
32 62 14.0
32 63 15.0
32 64 16.0
32 65 17.0
32 66 18.0
32 67 19.0
32 0 20.0
32 1 21.0
32 120 22.0
32 121 23.0
32 122 24.0
32 123 25.0
32 124 26.0
32 125 27.0
32 4 28.0
32 8 29.0
33 9 17.0
33 5 18.0
33 114 19.0
33 115 20.0
33 116 21.0
33 117 22.0
33 118 23.0
33 119 24.0
33 0 25.0
33 1 26.0
33 68 27.0
33 69 28.0
33 70 29.0
33 71 30.0
33 72 31.0
33 73 32.0
33 14 33.0
33 17 34.0
33 46 35.0
33 47 36.0
33 142 37.0
34 11 29.0
34 3 30.0
34 62 31.0
34 63 32.0
34 64 33.0
34 65 34.0
34 66 35.0
34 67 36.0
34 0 37.0
34 1 38.0
34 68 39.0
34 69 40.0
34 70 41.0
34 71 42.0
34 72 43.0
34 73 44.0
34 14 45.0
34 17 46.0
34 46 47.0
34 47 48.0
34 142 49.0
35 145 10.0
35 92 11.0
35 102 12.0
35 103 13.0
35 104 14.0
35 105 15.0
35 106 16.0
35 107 17.0
35 18 18.0
35 19 19.0
35 50 20.0
35 51 21.0
35 52 22.0
35 53 23.0
35 54 24.0
35 55 25.0
35 22 26.0
35 23 27.0
35 100 28.0
35 101 29.0
35 41 30.0
35 39 31.0
35 45 32.0
35 43 33.0
35 48 34.0
35 142 35.0
36 11 14.0
36 3 15.0
36 62 16.0
36 63 17.0
36 64 18.0
36 65 19.0
36 66 20.0
36 67 21.0
36 0 22.0
36 13 23.0
36 34 24.0
36 35 25.0
36 32 26.0
36 30 27.0
36 28 28.0
36 26 29.0
36 94 30.0
36 95 31.0
36 18 32.0
36 21 33.0
36 89 34.0
36 139 35.0
37 146 25.0
37 34 26.0
37 35 27.0
37 32 28.0
37 30 29.0
37 28 30.0
37 26 31.0
37 94 32.0
37 95 33.0
37 18 34.0
37 21 35.0
37 108 36.0
37 109 37.0
37 110 38.0
37 111 39.0
37 112 40.0
37 113 41.0
37 93 42.0
37 140 43.0
38 147 17.0
38 49 18.0
38 16 19.0
38 17 20.0
38 74 21.0
38 75 22.0
38 76 23.0
38 77 24.0
38 78 25.0
38 79 26.0
38 12 27.0
38 1 28.0
38 120 29.0
38 121 30.0
38 122 31.0
38 123 32.0
38 124 33.0
38 125 34.0
38 4 35.0
38 8 36.0
39 145 29.0
39 92 30.0
39 102 31.0
39 103 32.0
39 104 33.0
39 105 34.0
39 106 35.0
39 107 36.0
39 18 37.0
39 19 38.0
39 50 39.0
39 51 40.0
39 52 41.0
39 53 42.0
39 54 43.0
39 55 44.0
39 22 45.0
39 23 46.0
39 100 47.0
39 101 48.0
39 41 49.0
39 39 50.0
39 45 51.0
39 43 52.0
39 48 53.0
39 142 54.0
40 9 37.0
40 5 38.0
40 114 39.0
40 115 40.0
40 116 41.0
40 117 42.0
40 118 43.0
40 119 44.0
40 0 45.0
40 1 46.0
40 68 47.0
40 69 48.0
40 70 49.0
40 71 50.0
40 72 51.0
40 73 52.0
40 14 53.0
40 17 54.0
40 46 55.0
40 47 56.0
40 142 57.0
41 7 29.1
41 126 29.0
41 127 30.0
41 128 31.0
41 129 32.0
41 130 33.0
41 131 34.0
41 14 35.0
41 17 36.0
41 74 37.0
41 75 38.0
41 76 39.0
41 77 40.0
41 78 41.0
41 79 42.0
41 12 43.0
41 1 44.0
41 120 45.0
41 121 46.0
41 122 47.0
41 123 48.0
41 124 49.0
41 125 50.0
41 4 51.0
41 8 52.0
42 144 28.0
42 88 29.0
42 20 30.0
42 19 31.0
42 50 32.0
42 51 33.0
42 52 34.0
42 53 35.0
42 54 36.0
42 55 37.0
42 22 38.0
42 23 39.0
42 100 40.0
42 101 41.0
42 41 42.0
42 39 43.0
42 45 44.0
42 43 45.0
42 48 46.0
42 142 47.0
43 11 31.0
43 3 32.0
43 62 33.0
43 63 34.0
43 64 35.0
43 65 36.0
43 66 37.0
43 67 38.0
43 0 39.0
43 1 40.0
43 68 41.0
43 69 42.0
43 70 43.0
43 71 44.0
43 72 45.0
43 73 46.0
43 14 47.0
43 15 48.0
43 132 49.0
43 133 50.0
43 134 51.0
43 135 52.0
43 136 53.0
43 137 54.0
43 6 55.0
44 11 23.0
44 3 24.0
44 62 25.0
44 63 26.0
44 64 27.0
44 65 28.0
44 66 29.0
44 67 30.0
44 0 31.0
44 13 32.0
44 34 33.0
44 35 34.0
44 141 35.0
45 144 22.0
45 88 23.0
45 20 24.0
45 19 25.0
45 96 26.0
45 97 27.0
45 29 28.0
45 27 29.0
45 33 30.0
45 31 31.0
45 36 32.0
45 37 33.0
45 12 34.0
45 1 35.0
45 120 36.0
45 121 37.0
45 122 38.0
45 123 39.0
45 124 40.0
45 125 41.0
45 4 42.0
45 8 43.0
46 145 37.0
46 92 38.0
46 102 39.0
46 103 40.0
46 104 41.0
46 105 42.0
46 106 43.0
46 107 44.0
46 18 45.0
46 19 46.0
46 50 47.0
46 51 48.0
46 52 49.0
46 53 50.0
46 54 51.0
46 55 52.0
46 22 53.0
46 25 54.0
46 91 55.0
46 138 56.0
47 143 22.0
47 90 23.0
47 24 24.0
47 25 25.0
47 56 26.0
47 57 27.0
47 58 28.0
47 59 29.0
47 60 30.0
47 61 31.0
47 20 32.0
47 19 33.0
47 96 34.0
47 97 35.0
47 29 36.0
47 27 37.0
47 33 38.0
47 31 39.0
47 36 40.0
47 141 41.0
48 7 34.0
48 126 35.0
48 127 36.0
48 128 37.0
48 129 38.0
48 130 39.0
48 131 40.0
48 14 41.0
48 17 42.0
48 46 43.0
48 47 44.0
48 142 45.0
49 145 20.0
49 92 21.0
49 102 22.0
49 103 23.0
49 104 24.0
49 105 25.0
49 106 26.0
49 107 27.0
49 18 28.0
49 19 29.0
49 96 30.0
49 97 31.0
49 29 32.0
49 27 33.0
49 33 34.0
49 31 35.0
49 36 36.0
49 141 37.0
50 147 29.1
50 49 29.0
50 16 30.0
50 17 31.0
50 74 32.0
50 75 33.0
50 76 34.0
50 77 35.0
50 78 36.0
50 79 37.0
50 12 38.0
50 13 39.0
50 80 40.0
50 81 41.0
50 82 42.0
50 83 43.0
50 84 44.0
50 85 45.0
50 2 46.0
50 10 47.0
51 9 21.0
51 5 22.0
51 114 23.0
51 115 24.0
51 116 25.0
51 117 26.0
51 118 27.0
51 119 28.0
51 0 29.0
51 1 30.0
51 68 31.0
51 69 32.0
51 70 33.0
51 71 34.0
51 72 35.0
51 73 36.0
51 14 37.0
51 17 38.0
51 46 39.0
51 47 40.0
51 142 41.0
52 143 26.0
52 90 27.0
52 24 28.0
52 25 29.0
52 56 30.0
52 57 31.0
52 58 32.0
52 59 33.0
52 60 34.0
52 61 35.0
52 20 36.0
52 21 37.0
52 89 38.0
52 139 39.0
53 9 25.0
53 5 26.0
53 114 27.0
53 115 28.0
53 116 29.0
53 117 30.0
53 118 31.0
53 119 32.0
53 0 33.0
53 13 34.0
53 34 35.0
53 35 36.0
53 32 37.0
53 30 38.0
53 28 39.0
53 26 40.0
53 94 41.0
53 95 42.0
53 18 43.0
53 21 44.0
53 89 45.0
53 139 46.0
54 9 39.0
54 5 40.0
54 114 41.0
54 115 42.0
54 116 43.0
54 117 44.0
54 118 45.0
54 119 46.0
54 0 47.0
54 1 48.0
54 68 49.0
54 69 50.0
54 70 51.0
54 71 52.0
54 72 53.0
54 73 54.0
54 14 55.0
54 15 56.0
54 132 57.0
54 133 58.0
54 134 59.0
54 135 60.0
54 136 61.0
54 137 62.0
54 6 63.0
55 147 20.0
55 49 21.0
55 16 22.0
55 15 23.0
55 132 24.0
55 133 25.0
55 134 26.0
55 135 27.0
55 136 28.0
55 137 29.0
55 6 30.0
56 143 20.0
56 90 21.0
56 24 22.0
56 23 23.0
56 100 24.0
56 101 25.0
56 41 26.0
56 39 27.0
56 45 28.0
56 43 29.0
56 48 30.0
56 49 31.0
56 16 32.0
56 15 33.0
56 132 34.0
56 133 35.0
56 134 36.0
56 135 37.0
56 136 38.0
56 137 39.0
56 6 40.0
57 11 27.0
57 3 28.0
57 62 29.0
57 63 30.0
57 64 31.0
57 65 32.0
57 66 33.0
57 67 34.0
57 0 35.0
57 13 36.0
57 34 37.0
57 35 38.0
57 141 39.0
58 143 29.1
58 90 29.0
58 24 30.0
58 23 31.0
58 100 32.0
58 101 33.0
58 41 34.0
58 39 35.0
58 45 36.0
58 43 37.0
58 48 38.0
58 142 39.0
59 143 37.0
59 90 38.0
59 24 39.0
59 25 40.0
59 56 41.0
59 57 42.0
59 58 43.0
59 59 44.0
59 60 45.0
59 61 46.0
59 20 47.0
59 21 48.0
59 89 49.0
59 139 50.0
60 147 39.0
60 49 40.0
60 16 41.0
60 15 42.0
60 132 43.0
60 133 44.0
60 134 45.0
60 135 46.0
60 136 47.0
60 137 48.0
60 6 49.0
61 145 47.0
61 92 48.0
61 102 49.0
61 103 50.0
61 104 51.0
61 105 52.0
61 106 53.0
61 107 54.0
61 18 55.0
61 19 56.0
61 50 57.0
61 51 58.0
61 52 59.0
61 53 60.0
61 54 61.0
61 55 62.0
61 22 63.0
61 25 64.0
61 91 65.0
61 138 66.0
63 144 39.0
63 88 40.0
63 20 41.0
63 19 42.0
63 96 43.0
63 97 44.0
63 29 45.0
63 27 46.0
63 33 47.0
63 31 48.0
63 36 49.0
63 141 50.0
65 145 33.0
65 92 34.0
65 102 35.0
65 103 36.0
65 104 37.0
65 105 38.0
65 106 39.0
65 107 40.0
65 18 41.0
65 21 42.0
65 89 43.0
65 139 44.0
66 143 35.0
66 90 36.0
66 24 37.0
66 25 38.0
66 56 39.0
66 57 40.0
66 58 41.0
66 59 42.0
66 60 43.0
66 61 44.0
66 20 45.0
66 21 46.0
66 89 47.0
66 139 48.0
67 145 31.0
67 92 32.0
67 102 33.0
67 103 34.0
67 104 35.0
67 105 36.0
67 106 37.0
67 107 38.0
67 18 39.0
67 21 40.0
67 89 41.0
67 139 42.0
68 143 39.0
68 90 40.0
68 24 41.0
68 25 42.0
68 56 43.0
68 57 44.0
68 58 45.0
68 59 46.0
68 60 47.0
68 61 48.0
68 20 49.0
68 19 50.0
68 96 51.0
68 97 52.0
68 29 53.0
68 27 54.0
68 33 55.0
68 31 56.0
68 36 57.0
68 141 58.0
69 9 33.0
69 5 34.0
69 114 35.0
69 115 36.0
69 116 37.0
69 117 38.0
69 118 39.0
69 119 40.0
69 0 41.0
69 1 42.0
69 68 43.0
69 69 44.0
69 70 45.0
69 71 46.0
69 72 47.0
69 73 48.0
69 14 49.0
69 15 50.0
69 132 51.0
69 133 52.0
69 134 53.0
69 135 54.0
69 136 55.0
69 137 56.0
69 6 57.0
70 146 38.0
70 34 39.0
70 35 40.0
70 32 41.0
70 30 42.0
70 28 43.0
70 26 44.0
70 94 45.0
70 95 46.0
70 18 47.0
70 19 48.0
70 50 49.0
70 51 50.0
70 52 51.0
70 53 52.0
70 54 53.0
70 55 54.0
70 22 55.0
70 25 56.0
70 91 57.0
70 138 58.0
72 144 32.0
72 88 33.0
72 20 34.0
72 19 35.0
72 50 36.0
72 51 37.0
72 52 38.0
72 53 39.0
72 54 40.0
72 55 41.0
72 22 42.0
72 23 43.0
72 100 44.0
72 101 45.0
72 41 46.0
72 39 47.0
72 45 48.0
72 43 49.0
72 48 50.0
72 142 51.0
74 146 49.0
74 34 50.0
74 35 51.0
74 32 52.0
74 30 53.0
74 28 54.0
74 26 55.0
74 94 56.0
74 95 57.0
74 18 58.0
74 19 59.0
74 50 60.0
74 51 61.0
74 52 62.0
74 53 63.0
74 54 64.0
74 55 65.0
74 22 66.0
74 25 67.0
74 91 68.0
74 138 69.0
75 144 41.0
75 88 42.0
75 20 43.0
75 19 44.0
75 96 45.0
75 97 46.0
75 29 47.0
75 27 48.0
75 33 49.0
75 31 50.0
75 36 51.0
75 141 52.0
76 7 36.0
76 126 37.0
76 127 38.0
76 128 39.0
76 129 40.0
76 130 41.0
76 131 42.0
76 14 43.0
76 17 44.0
76 74 45.0
76 75 46.0
76 76 47.0
76 77 48.0
76 78 49.0
76 79 50.0
76 12 51.0
76 1 52.0
76 120 53.0
76 121 54.0
76 122 55.0
76 123 56.0
76 124 57.0
76 125 58.0
76 4 59.0
76 8 60.0
77 7 44.0
77 126 45.0
77 127 46.0
77 128 47.0
77 129 48.0
77 130 49.0
77 131 50.0
77 14 51.0
77 17 52.0
77 46 53.0
77 47 54.0
77 44 55.0
77 42 56.0
77 40 57.0
77 38 58.0
77 98 59.0
77 99 60.0
77 22 61.0
77 25 62.0
77 91 63.0
77 138 64.0
78 144 37.0
78 88 38.0
78 20 39.0
78 19 40.0
78 96 41.0
78 97 42.0
78 29 43.0
78 27 44.0
78 33 45.0
78 31 46.0
78 36 47.0
78 37 48.0
78 12 49.0
78 1 50.0
78 120 51.0
78 121 52.0
78 122 53.0
78 123 54.0
78 124 55.0
78 125 56.0
78 4 57.0
78 8 58.0
79 143 48.0
79 90 49.0
79 24 50.0
79 23 51.0
79 100 52.0
79 101 53.0
79 41 54.0
79 39 55.0
79 45 56.0
79 43 57.0
79 48 58.0
79 142 59.0
80 146 42.0
80 34 43.0
80 35 44.0
80 32 45.0
80 30 46.0
80 28 47.0
80 26 48.0
80 94 49.0
80 95 50.0
80 18 51.0
80 19 52.0
80 50 53.0
80 51 54.0
80 52 55.0
80 53 56.0
80 54 57.0
80 55 58.0
80 22 59.0
80 25 60.0
80 91 61.0
80 138 62.0
81 145 41.0
81 92 42.0
81 102 43.0
81 103 44.0
81 104 45.0
81 105 46.0
81 106 47.0
81 107 48.0
81 18 49.0
81 21 50.0
81 89 51.0
81 139 52.0
83 147 41.0
83 49 42.0
83 16 43.0
83 15 44.0
83 132 45.0
83 133 46.0
83 134 47.0
83 135 48.0
83 136 49.0
83 137 50.0
83 6 51.0
87 11 43.0
87 3 44.0
87 62 45.0
87 63 46.0
87 64 47.0
87 65 48.0
87 66 49.0
87 67 50.0
87 0 51.0
87 13 52.0
87 34 53.0
87 35 54.0
87 141 55.0
88 9 47.0
88 5 48.0
88 114 49.0
88 115 50.0
88 116 51.0
88 117 52.0
88 118 53.0
88 119 54.0
88 0 55.0
88 1 56.0
88 68 57.0
88 69 58.0
88 70 59.0
88 71 60.0
88 72 61.0
88 73 62.0
88 14 63.0
88 15 64.0
88 132 65.0
88 133 66.0
88 134 67.0
88 135 68.0
88 136 69.0
88 137 70.0
88 6 71.0
90 147 48.0
90 46 49.0
90 47 50.0
90 44 51.0
90 42 52.0
90 40 53.0
90 38 54.0
90 98 55.0
90 99 56.0
90 22 57.0
90 25 58.0
90 91 59.0
90 138 60.0
92 9 45.0
92 5 46.0
92 114 47.0
92 115 48.0
92 116 49.0
92 117 50.0
92 118 51.0
92 119 52.0
92 0 53.0
92 1 54.0
92 68 55.0
92 69 56.0
92 70 57.0
92 71 58.0
92 72 59.0
92 73 60.0
92 14 61.0
92 17 62.0
92 46 63.0
92 47 64.0
92 142 65.0
93 9 49.0
93 5 50.0
93 114 51.0
93 115 52.0
93 116 53.0
93 117 54.0
93 118 55.0
93 119 56.0
93 0 57.0
93 13 58.0
93 34 59.0
93 35 60.0
93 141 61.0
95 147 43.0
95 49 44.0
95 16 45.0
95 15 46.0
95 132 47.0
95 133 48.0
95 134 49.0
95 135 50.0
95 136 51.0
95 137 52.0
95 6 53.0
96 144 49.0
96 88 50.0
96 20 51.0
96 21 52.0
96 108 53.0
96 109 54.0
96 110 55.0
96 111 56.0
96 112 57.0
96 113 58.0
96 93 59.0
96 140 60.0
99 143 43.0
99 90 44.0
99 24 45.0
99 25 46.0
99 56 47.0
99 57 48.0
99 58 49.0
99 59 50.0
99 60 51.0
99 61 52.0
99 20 53.0
99 21 54.0
99 108 55.0
99 109 56.0
99 110 57.0
99 111 58.0
99 112 59.0
99 113 60.0
99 93 61.0
99 140 62.0
;
param t_hat_lat:=
4 144 9.0
4 88 10.0
4 20 11.0
4 19 12.0
4 96 13.0
4 97 14.0
4 29 15.0
4 27 16.0
4 33 17.0
4 31 18.0
4 36 19.0
4 37 20.0
4 12 21.0
4 13 22.0
4 80 23.0
4 81 24.0
4 82 25.0
4 83 26.0
4 84 27.0
4 85 28.0
4 2 29.0
4 10 30.0
5 144 13.0
5 88 14.0
5 20 15.0
5 19 16.0
5 96 17.0
5 97 18.0
5 29 19.0
5 27 20.0
5 33 21.0
5 31 22.0
5 36 23.0
5 37 24.0
5 12 25.0
5 13 26.0
5 80 27.0
5 81 28.0
5 82 29.0
5 83 30.0
5 84 31.0
5 85 32.0
5 2 33.0
5 10 34.0
14 7 8.0
14 126 9.0
14 127 10.0
14 128 11.0
14 129 12.0
14 130 13.0
14 131 14.0
14 14 15.0
14 17 16.0
14 74 17.0
14 75 18.0
14 76 19.0
14 77 20.0
14 78 21.0
14 79 22.0
14 12 23.0
14 1 24.0
14 120 25.0
14 121 26.0
14 122 27.0
14 123 28.0
14 124 29.0
14 125 30.0
14 4 31.0
14 8 32.0
17 9 9.0
17 5 10.0
17 114 11.0
17 115 12.0
17 116 13.0
17 117 14.0
17 118 15.0
17 119 16.0
17 0 17.0
17 1 18.0
17 68 19.0
17 69 20.0
17 70 21.0
17 71 22.0
17 72 23.0
17 73 24.0
17 14 25.0
17 15 26.0
17 132 27.0
17 133 28.0
17 134 29.0
17 135 30.0
17 136 31.0
17 137 32.0
17 6 33.0
20 143 17.0
20 90 18.0
20 24 19.0
20 25 20.0
20 56 21.0
20 57 22.0
20 58 23.0
20 59 24.0
20 60 25.0
20 61 26.0
20 20 27.0
20 21 28.0
20 108 29.0
20 109 30.0
20 110 31.0
20 111 32.0
20 112 33.0
20 113 34.0
20 93 35.0
20 140 36.0
22 143 11.0
22 90 12.0
22 24 13.0
22 25 14.0
22 56 15.0
22 57 16.0
22 58 17.0
22 59 18.0
22 60 19.0
22 61 20.0
22 20 21.0
22 19 22.0
22 96 23.0
22 97 24.0
22 29 25.0
22 27 26.0
22 33 27.0
22 31 28.0
22 36 29.0
22 141 30.0
23 146 30.0
23 37 31.0
23 12 32.0
23 1 33.0
23 68 34.0
23 69 35.0
23 70 36.0
23 71 37.0
23 72 38.0
23 73 39.0
23 14 40.0
23 17 41.0
23 46 42.0
23 47 43.0
23 142 44.0
24 9 20.0
24 5 21.0
24 114 22.0
24 115 23.0
24 116 24.0
24 117 25.0
24 118 26.0
24 119 27.0
24 0 28.0
24 13 29.0
24 34 30.0
24 35 31.0
24 141 32.0
25 145 15.0
25 92 16.0
25 102 17.0
25 103 18.0
25 104 19.0
25 105 20.0
25 106 21.0
25 107 22.0
25 18 23.0
25 19 24.0
25 50 25.0
25 51 26.0
25 52 27.0
25 53 28.0
25 54 29.0
25 55 30.0
25 22 31.0
25 25 32.0
25 91 33.0
25 138 34.0
26 145 19.0
26 92 20.0
26 102 21.0
26 103 22.0
26 104 23.0
26 105 24.0
26 106 25.0
26 107 26.0
26 18 27.0
26 19 28.0
26 50 29.0
26 51 30.0
26 52 31.0
26 53 32.0
26 54 33.0
26 55 34.0
26 22 35.0
26 25 36.0
26 91 37.0
26 138 38.0
27 7 22.0
27 126 23.0
27 127 24.0
27 128 25.0
27 129 26.0
27 130 27.0
27 131 28.0
27 14 29.0
27 17 30.0
27 46 31.0
27 47 32.0
27 142 33.0
28 146 22.0
28 34 23.0
28 35 24.0
28 32 25.0
28 30 26.0
28 28 27.0
28 26 28.0
28 94 29.0
28 95 30.0
28 18 31.0
28 21 32.0
28 89 33.0
28 139 34.0
29 7 20.0
29 126 21.0
29 127 22.0
29 128 23.0
29 129 24.0
29 130 25.0
29 131 26.0
29 14 27.0
29 17 28.0
29 46 29.0
29 47 30.0
29 142 31.0
32 11 13.0
32 3 14.0
32 62 15.0
32 63 16.0
32 64 17.0
32 65 18.0
32 66 19.0
32 67 20.0
32 0 21.0
32 1 22.0
32 120 23.0
32 121 24.0
32 122 25.0
32 123 26.0
32 124 27.0
32 125 28.0
32 4 29.0
32 8 30.0
33 9 18.0
33 5 19.0
33 114 20.0
33 115 21.0
33 116 22.0
33 117 23.0
33 118 24.0
33 119 25.0
33 0 26.0
33 1 27.0
33 68 28.0
33 69 29.0
33 70 30.0
33 71 31.0
33 72 32.0
33 73 33.0
33 14 34.0
33 17 35.0
33 46 36.0
33 47 37.0
33 142 38.0
34 11 30.0
34 3 31.0
34 62 32.0
34 63 33.0
34 64 34.0
34 65 35.0
34 66 36.0
34 67 37.0
34 0 38.0
34 1 39.0
34 68 40.0
34 69 41.0
34 70 42.0
34 71 43.0
34 72 44.0
34 73 45.0
34 14 46.0
34 17 47.0
34 46 48.0
34 47 49.0
34 142 50.0
35 145 11.0
35 92 12.0
35 102 13.0
35 103 14.0
35 104 15.0
35 105 16.0
35 106 17.0
35 107 18.0
35 18 19.0
35 19 20.0
35 50 21.0
35 51 22.0
35 52 23.0
35 53 24.0
35 54 25.0
35 55 26.0
35 22 27.0
35 23 28.0
35 100 29.0
35 101 30.0
35 41 31.0
35 39 32.0
35 45 33.0
35 43 34.0
35 48 35.0
35 142 36.0
36 11 15.0
36 3 16.0
36 62 17.0
36 63 18.0
36 64 19.0
36 65 20.0
36 66 21.0
36 67 22.0
36 0 23.0
36 13 24.0
36 34 25.0
36 35 26.0
36 32 27.0
36 30 28.0
36 28 29.0
36 26 30.0
36 94 31.0
36 95 32.0
36 18 33.0
36 21 34.0
36 89 35.0
36 139 36.0
37 146 26.0
37 34 27.0
37 35 28.0
37 32 29.0
37 30 30.0
37 28 31.0
37 26 32.0
37 94 33.0
37 95 34.0
37 18 35.0
37 21 36.0
37 108 37.0
37 109 38.0
37 110 39.0
37 111 40.0
37 112 41.0
37 113 42.0
37 93 43.0
37 140 44.0
38 147 18.0
38 49 19.0
38 16 20.0
38 17 21.0
38 74 22.0
38 75 23.0
38 76 24.0
38 77 25.0
38 78 26.0
38 79 27.0
38 12 28.0
38 1 29.0
38 120 30.0
38 121 31.0
38 122 32.0
38 123 33.0
38 124 34.0
38 125 35.0
38 4 36.0
38 8 37.0
39 145 30.0
39 92 31.0
39 102 32.0
39 103 33.0
39 104 34.0
39 105 35.0
39 106 36.0
39 107 37.0
39 18 38.0
39 19 39.0
39 50 40.0
39 51 41.0
39 52 42.0
39 53 43.0
39 54 44.0
39 55 45.0
39 22 46.0
39 23 47.0
39 100 48.0
39 101 49.0
39 41 50.0
39 39 51.0
39 45 52.0
39 43 53.0
39 48 54.0
39 142 55.0
40 9 38.0
40 5 39.0
40 114 40.0
40 115 41.0
40 116 42.0
40 117 43.0
40 118 44.0
40 119 45.0
40 0 46.0
40 1 47.0
40 68 48.0
40 69 49.0
40 70 50.0
40 71 51.0
40 72 52.0
40 73 53.0
40 14 54.0
40 17 55.0
40 46 56.0
40 47 57.0
40 142 58.0
41 7 30.1
41 126 30.0
41 127 31.0
41 128 32.0
41 129 33.0
41 130 34.0
41 131 35.0
41 14 36.0
41 17 37.0
41 74 38.0
41 75 39.0
41 76 40.0
41 77 41.0
41 78 42.0
41 79 43.0
41 12 44.0
41 1 45.0
41 120 46.0
41 121 47.0
41 122 48.0
41 123 49.0
41 124 50.0
41 125 51.0
41 4 52.0
41 8 53.0
42 144 29.0
42 88 30.0
42 20 31.0
42 19 32.0
42 50 33.0
42 51 34.0
42 52 35.0
42 53 36.0
42 54 37.0
42 55 38.0
42 22 39.0
42 23 40.0
42 100 41.0
42 101 42.0
42 41 43.0
42 39 44.0
42 45 45.0
42 43 46.0
42 48 47.0
42 142 48.0
43 11 32.0
43 3 33.0
43 62 34.0
43 63 35.0
43 64 36.0
43 65 37.0
43 66 38.0
43 67 39.0
43 0 40.0
43 1 41.0
43 68 42.0
43 69 43.0
43 70 44.0
43 71 45.0
43 72 46.0
43 73 47.0
43 14 48.0
43 15 49.0
43 132 50.0
43 133 51.0
43 134 52.0
43 135 53.0
43 136 54.0
43 137 55.0
43 6 56.0
44 11 24.0
44 3 25.0
44 62 26.0
44 63 27.0
44 64 28.0
44 65 29.0
44 66 30.0
44 67 31.0
44 0 32.0
44 13 33.0
44 34 34.0
44 35 35.0
44 141 36.0
45 144 23.0
45 88 24.0
45 20 25.0
45 19 26.0
45 96 27.0
45 97 28.0
45 29 29.0
45 27 30.0
45 33 31.0
45 31 32.0
45 36 33.0
45 37 34.0
45 12 35.0
45 1 36.0
45 120 37.0
45 121 38.0
45 122 39.0
45 123 40.0
45 124 41.0
45 125 42.0
45 4 43.0
45 8 44.0
46 145 38.0
46 92 39.0
46 102 40.0
46 103 41.0
46 104 42.0
46 105 43.0
46 106 44.0
46 107 45.0
46 18 46.0
46 19 47.0
46 50 48.0
46 51 49.0
46 52 50.0
46 53 51.0
46 54 52.0
46 55 53.0
46 22 54.0
46 25 55.0
46 91 56.0
46 138 57.0
47 143 23.0
47 90 24.0
47 24 25.0
47 25 26.0
47 56 27.0
47 57 28.0
47 58 29.0
47 59 30.0
47 60 31.0
47 61 32.0
47 20 33.0
47 19 34.0
47 96 35.0
47 97 36.0
47 29 37.0
47 27 38.0
47 33 39.0
47 31 40.0
47 36 41.0
47 141 42.0
48 7 35.0
48 126 36.0
48 127 37.0
48 128 38.0
48 129 39.0
48 130 40.0
48 131 41.0
48 14 42.0
48 17 43.0
48 46 44.0
48 47 45.0
48 142 46.0
49 145 21.0
49 92 22.0
49 102 23.0
49 103 24.0
49 104 25.0
49 105 26.0
49 106 27.0
49 107 28.0
49 18 29.0
49 19 30.0
49 96 31.0
49 97 32.0
49 29 33.0
49 27 34.0
49 33 35.0
49 31 36.0
49 36 37.0
49 141 38.0
50 147 30.1
50 49 30.0
50 16 31.0
50 17 32.0
50 74 33.0
50 75 34.0
50 76 35.0
50 77 36.0
50 78 37.0
50 79 38.0
50 12 39.0
50 13 40.0
50 80 41.0
50 81 42.0
50 82 43.0
50 83 44.0
50 84 45.0
50 85 46.0
50 2 47.0
50 10 48.0
51 9 22.0
51 5 23.0
51 114 24.0
51 115 25.0
51 116 26.0
51 117 27.0
51 118 28.0
51 119 29.0
51 0 30.0
51 1 31.0
51 68 32.0
51 69 33.0
51 70 34.0
51 71 35.0
51 72 36.0
51 73 37.0
51 14 38.0
51 17 39.0
51 46 40.0
51 47 41.0
51 142 42.0
52 143 27.0
52 90 28.0
52 24 29.0
52 25 30.0
52 56 31.0
52 57 32.0
52 58 33.0
52 59 34.0
52 60 35.0
52 61 36.0
52 20 37.0
52 21 38.0
52 89 39.0
52 139 40.0
53 9 26.0
53 5 27.0
53 114 28.0
53 115 29.0
53 116 30.0
53 117 31.0
53 118 32.0
53 119 33.0
53 0 34.0
53 13 35.0
53 34 36.0
53 35 37.0
53 32 38.0
53 30 39.0
53 28 40.0
53 26 41.0
53 94 42.0
53 95 43.0
53 18 44.0
53 21 45.0
53 89 46.0
53 139 47.0
54 9 40.0
54 5 41.0
54 114 42.0
54 115 43.0
54 116 44.0
54 117 45.0
54 118 46.0
54 119 47.0
54 0 48.0
54 1 49.0
54 68 50.0
54 69 51.0
54 70 52.0
54 71 53.0
54 72 54.0
54 73 55.0
54 14 56.0
54 15 57.0
54 132 58.0
54 133 59.0
54 134 60.0
54 135 61.0
54 136 62.0
54 137 63.0
54 6 64.0
55 147 21.0
55 49 22.0
55 16 23.0
55 15 24.0
55 132 25.0
55 133 26.0
55 134 27.0
55 135 28.0
55 136 29.0
55 137 30.0
55 6 31.0
56 143 21.0
56 90 22.0
56 24 23.0
56 23 24.0
56 100 25.0
56 101 26.0
56 41 27.0
56 39 28.0
56 45 29.0
56 43 30.0
56 48 31.0
56 49 32.0
56 16 33.0
56 15 34.0
56 132 35.0
56 133 36.0
56 134 37.0
56 135 38.0
56 136 39.0
56 137 40.0
56 6 41.0
57 11 28.0
57 3 29.0
57 62 30.0
57 63 31.0
57 64 32.0
57 65 33.0
57 66 34.0
57 67 35.0
57 0 36.0
57 13 37.0
57 34 38.0
57 35 39.0
57 141 40.0
58 143 30.1
58 90 30.0
58 24 31.0
58 23 32.0
58 100 33.0
58 101 34.0
58 41 35.0
58 39 36.0
58 45 37.0
58 43 38.0
58 48 39.0
58 142 40.0
59 143 38.0
59 90 39.0
59 24 40.0
59 25 41.0
59 56 42.0
59 57 43.0
59 58 44.0
59 59 45.0
59 60 46.0
59 61 47.0
59 20 48.0
59 21 49.0
59 89 50.0
59 139 51.0
60 147 40.0
60 49 41.0
60 16 42.0
60 15 43.0
60 132 44.0
60 133 45.0
60 134 46.0
60 135 47.0
60 136 48.0
60 137 49.0
60 6 50.0
61 145 48.0
61 92 49.0
61 102 50.0
61 103 51.0
61 104 52.0
61 105 53.0
61 106 54.0
61 107 55.0
61 18 56.0
61 19 57.0
61 50 58.0
61 51 59.0
61 52 60.0
61 53 61.0
61 54 62.0
61 55 63.0
61 22 64.0
61 25 65.0
61 91 66.0
61 138 67.0
63 144 40.0
63 88 41.0
63 20 42.0
63 19 43.0
63 96 44.0
63 97 45.0
63 29 46.0
63 27 47.0
63 33 48.0
63 31 49.0
63 36 50.0
63 141 51.0
65 145 34.0
65 92 35.0
65 102 36.0
65 103 37.0
65 104 38.0
65 105 39.0
65 106 40.0
65 107 41.0
65 18 42.0
65 21 43.0
65 89 44.0
65 139 45.0
66 143 36.0
66 90 37.0
66 24 38.0
66 25 39.0
66 56 40.0
66 57 41.0
66 58 42.0
66 59 43.0
66 60 44.0
66 61 45.0
66 20 46.0
66 21 47.0
66 89 48.0
66 139 49.0
67 145 32.0
67 92 33.0
67 102 34.0
67 103 35.0
67 104 36.0
67 105 37.0
67 106 38.0
67 107 39.0
67 18 40.0
67 21 41.0
67 89 42.0
67 139 43.0
68 143 40.0
68 90 41.0
68 24 42.0
68 25 43.0
68 56 44.0
68 57 45.0
68 58 46.0
68 59 47.0
68 60 48.0
68 61 49.0
68 20 50.0
68 19 51.0
68 96 52.0
68 97 53.0
68 29 54.0
68 27 55.0
68 33 56.0
68 31 57.0
68 36 58.0
68 141 59.0
69 9 34.0
69 5 35.0
69 114 36.0
69 115 37.0
69 116 38.0
69 117 39.0
69 118 40.0
69 119 41.0
69 0 42.0
69 1 43.0
69 68 44.0
69 69 45.0
69 70 46.0
69 71 47.0
69 72 48.0
69 73 49.0
69 14 50.0
69 15 51.0
69 132 52.0
69 133 53.0
69 134 54.0
69 135 55.0
69 136 56.0
69 137 57.0
69 6 58.0
70 146 39.0
70 34 40.0
70 35 41.0
70 32 42.0
70 30 43.0
70 28 44.0
70 26 45.0
70 94 46.0
70 95 47.0
70 18 48.0
70 19 49.0
70 50 50.0
70 51 51.0
70 52 52.0
70 53 53.0
70 54 54.0
70 55 55.0
70 22 56.0
70 25 57.0
70 91 58.0
70 138 59.0
72 144 33.0
72 88 34.0
72 20 35.0
72 19 36.0
72 50 37.0
72 51 38.0
72 52 39.0
72 53 40.0
72 54 41.0
72 55 42.0
72 22 43.0
72 23 44.0
72 100 45.0
72 101 46.0
72 41 47.0
72 39 48.0
72 45 49.0
72 43 50.0
72 48 51.0
72 142 52.0
74 146 50.0
74 34 51.0
74 35 52.0
74 32 53.0
74 30 54.0
74 28 55.0
74 26 56.0
74 94 57.0
74 95 58.0
74 18 59.0
74 19 60.0
74 50 61.0
74 51 62.0
74 52 63.0
74 53 64.0
74 54 65.0
74 55 66.0
74 22 67.0
74 25 68.0
74 91 69.0
74 138 70.0
75 144 42.0
75 88 43.0
75 20 44.0
75 19 45.0
75 96 46.0
75 97 47.0
75 29 48.0
75 27 49.0
75 33 50.0
75 31 51.0
75 36 52.0
75 141 53.0
76 7 37.0
76 126 38.0
76 127 39.0
76 128 40.0
76 129 41.0
76 130 42.0
76 131 43.0
76 14 44.0
76 17 45.0
76 74 46.0
76 75 47.0
76 76 48.0
76 77 49.0
76 78 50.0
76 79 51.0
76 12 52.0
76 1 53.0
76 120 54.0
76 121 55.0
76 122 56.0
76 123 57.0
76 124 58.0
76 125 59.0
76 4 60.0
76 8 61.0
77 7 45.0
77 126 46.0
77 127 47.0
77 128 48.0
77 129 49.0
77 130 50.0
77 131 51.0
77 14 52.0
77 17 53.0
77 46 54.0
77 47 55.0
77 44 56.0
77 42 57.0
77 40 58.0
77 38 59.0
77 98 60.0
77 99 61.0
77 22 62.0
77 25 63.0
77 91 64.0
77 138 65.0
78 144 38.0
78 88 39.0
78 20 40.0
78 19 41.0
78 96 42.0
78 97 43.0
78 29 44.0
78 27 45.0
78 33 46.0
78 31 47.0
78 36 48.0
78 37 49.0
78 12 50.0
78 1 51.0
78 120 52.0
78 121 53.0
78 122 54.0
78 123 55.0
78 124 56.0
78 125 57.0
78 4 58.0
78 8 59.0
79 143 49.0
79 90 50.0
79 24 51.0
79 23 52.0
79 100 53.0
79 101 54.0
79 41 55.0
79 39 56.0
79 45 57.0
79 43 58.0
79 48 59.0
79 142 60.0
80 146 43.0
80 34 44.0
80 35 45.0
80 32 46.0
80 30 47.0
80 28 48.0
80 26 49.0
80 94 50.0
80 95 51.0
80 18 52.0
80 19 53.0
80 50 54.0
80 51 55.0
80 52 56.0
80 53 57.0
80 54 58.0
80 55 59.0
80 22 60.0
80 25 61.0
80 91 62.0
80 138 63.0
81 145 42.0
81 92 43.0
81 102 44.0
81 103 45.0
81 104 46.0
81 105 47.0
81 106 48.0
81 107 49.0
81 18 50.0
81 21 51.0
81 89 52.0
81 139 53.0
83 147 42.0
83 49 43.0
83 16 44.0
83 15 45.0
83 132 46.0
83 133 47.0
83 134 48.0
83 135 49.0
83 136 50.0
83 137 51.0
83 6 52.0
87 11 44.0
87 3 45.0
87 62 46.0
87 63 47.0
87 64 48.0
87 65 49.0
87 66 50.0
87 67 51.0
87 0 52.0
87 13 53.0
87 34 54.0
87 35 55.0
87 141 56.0
88 9 48.0
88 5 49.0
88 114 50.0
88 115 51.0
88 116 52.0
88 117 53.0
88 118 54.0
88 119 55.0
88 0 56.0
88 1 57.0
88 68 58.0
88 69 59.0
88 70 60.0
88 71 61.0
88 72 62.0
88 73 63.0
88 14 64.0
88 15 65.0
88 132 66.0
88 133 67.0
88 134 68.0
88 135 69.0
88 136 70.0
88 137 71.0
88 6 72.0
90 147 49.0
90 46 50.0
90 47 51.0
90 44 52.0
90 42 53.0
90 40 54.0
90 38 55.0
90 98 56.0
90 99 57.0
90 22 58.0
90 25 59.0
90 91 60.0
90 138 61.0
92 9 46.0
92 5 47.0
92 114 48.0
92 115 49.0
92 116 50.0
92 117 51.0
92 118 52.0
92 119 53.0
92 0 54.0
92 1 55.0
92 68 56.0
92 69 57.0
92 70 58.0
92 71 59.0
92 72 60.0
92 73 61.0
92 14 62.0
92 17 63.0
92 46 64.0
92 47 65.0
92 142 66.0
93 9 50.0
93 5 51.0
93 114 52.0
93 115 53.0
93 116 54.0
93 117 55.0
93 118 56.0
93 119 57.0
93 0 58.0
93 13 59.0
93 34 60.0
93 35 61.0
93 141 62.0
95 147 44.0
95 49 45.0
95 16 46.0
95 15 47.0
95 132 48.0
95 133 49.0
95 134 50.0
95 135 51.0
95 136 52.0
95 137 53.0
95 6 54.0
96 144 50.0
96 88 51.0
96 20 52.0
96 21 53.0
96 108 54.0
96 109 55.0
96 110 56.0
96 111 57.0
96 112 58.0
96 113 59.0
96 93 60.0
96 140 61.0
99 143 44.0
99 90 45.0
99 24 46.0
99 25 47.0
99 56 48.0
99 57 49.0
99 58 50.0
99 59 51.0
99 60 52.0
99 61 53.0
99 20 54.0
99 21 55.0
99 108 56.0
99 109 57.0
99 110 58.0
99 111 59.0
99 112 60.0
99 113 61.0
99 93 62.0
99 140 63.0
;
set fixedFlights :=
4 2 10
4 12 13
4 20 19
4 29 27
4 27 33
4 33 31
4 31 36
4 36 37
4 37 12
4 13 80
4 80 81
4 81 82
4 82 83
4 83 84
4 84 85
4 85 2
4 19 96
4 96 97
4 97 29
4 88 20
4 144 88
5 2 10
5 12 13
5 20 19
5 29 27
5 27 33
5 33 31
5 31 36
5 36 37
5 37 12
5 13 80
5 80 81
5 81 82
5 82 83
5 83 84
5 84 85
5 85 2
5 19 96
5 96 97
5 97 29
5 88 20
5 144 88
14 4 8
14 12 1
14 14 17
14 17 74
14 74 75
14 75 76
14 76 77
14 77 78
14 78 79
14 79 12
14 1 120
14 120 121
14 121 122
14 122 123
14 123 124
14 124 125
14 125 4
14 7 126
14 126 127
14 127 128
14 128 129
14 129 130
14 130 131
14 131 14
17 0 1
17 9 5
17 14 15
17 1 68
17 68 69
17 69 70
17 70 71
17 71 72
17 72 73
17 73 14
17 5 114
17 114 115
17 115 116
17 116 117
17 117 118
17 118 119
17 119 0
17 15 132
17 132 133
17 133 134
17 134 135
17 135 136
17 136 137
17 137 6
20 20 21
20 24 25
20 25 56
20 56 57
20 57 58
20 58 59
20 59 60
20 60 61
20 61 20
20 21 108
20 108 109
20 109 110
20 110 111
20 111 112
20 112 113
20 113 93
20 90 24
20 143 90
20 93 140
22 20 19
22 24 25
22 29 27
22 27 33
22 33 31
22 31 36
22 25 56
22 56 57
22 57 58
22 58 59
22 59 60
22 60 61
22 61 20
22 19 96
22 96 97
22 97 29
22 90 24
22 143 90
22 36 141
23 12 1
23 14 17
23 37 12
23 17 46
23 46 47
23 1 68
23 68 69
23 69 70
23 70 71
23 71 72
23 72 73
23 73 14
23 47 142
23 146 37
24 9 5
24 0 13
24 13 34
24 34 35
24 5 114
24 114 115
24 115 116
24 116 117
24 117 118
24 118 119
24 119 0
24 35 141
25 18 19
25 22 25
25 19 50
25 50 51
25 51 52
25 52 53
25 53 54
25 54 55
25 55 22
25 92 102
25 102 103
25 103 104
25 104 105
25 105 106
25 106 107
25 107 18
25 25 91
25 145 92
25 91 138
26 18 19
26 22 25
26 19 50
26 50 51
26 51 52
26 52 53
26 53 54
26 54 55
26 55 22
26 92 102
26 102 103
26 103 104
26 104 105
26 105 106
26 106 107
26 107 18
26 25 91
26 145 92
26 91 138
27 14 17
27 17 46
27 46 47
27 7 126
27 126 127
27 127 128
27 128 129
27 129 130
27 130 131
27 131 14
27 47 142
28 18 21
28 34 35
28 35 32
28 32 30
28 30 28
28 28 26
28 26 94
28 94 95
28 95 18
28 21 89
28 89 139
28 146 34
29 14 17
29 17 46
29 46 47
29 7 126
29 126 127
29 127 128
29 128 129
29 129 130
29 130 131
29 131 14
29 47 142
32 0 1
32 11 3
32 4 8
32 3 62
32 62 63
32 63 64
32 64 65
32 65 66
32 66 67
32 67 0
32 1 120
32 120 121
32 121 122
32 122 123
32 123 124
32 124 125
32 125 4
33 0 1
33 9 5
33 14 17
33 17 46
33 46 47
33 1 68
33 68 69
33 69 70
33 70 71
33 71 72
33 72 73
33 73 14
33 5 114
33 114 115
33 115 116
33 116 117
33 117 118
33 118 119
33 119 0
33 47 142
34 0 1
34 11 3
34 14 17
34 17 46
34 46 47
34 3 62
34 62 63
34 63 64
34 64 65
34 65 66
34 66 67
34 67 0
34 1 68
34 68 69
34 69 70
34 70 71
34 71 72
34 72 73
34 73 14
34 47 142
35 18 19
35 22 23
35 41 39
35 39 45
35 45 43
35 43 48
35 19 50
35 50 51
35 51 52
35 52 53
35 53 54
35 54 55
35 55 22
35 23 100
35 100 101
35 101 41
35 92 102
35 102 103
35 103 104
35 104 105
35 105 106
35 106 107
35 107 18
35 145 92
35 48 142
36 11 3
36 0 13
36 18 21
36 13 34
36 34 35
36 35 32
36 32 30
36 30 28
36 28 26
36 3 62
36 62 63
36 63 64
36 64 65
36 65 66
36 66 67
36 67 0
36 26 94
36 94 95
36 95 18
36 21 89
36 89 139
37 18 21
37 34 35
37 35 32
37 32 30
37 30 28
37 28 26
37 26 94
37 94 95
37 95 18
37 21 108
37 108 109
37 109 110
37 110 111
37 111 112
37 112 113
37 113 93
37 93 140
37 146 34
38 4 8
38 12 1
38 16 17
38 49 16
38 17 74
38 74 75
38 75 76
38 76 77
38 77 78
38 78 79
38 79 12
38 1 120
38 120 121
38 121 122
38 122 123
38 123 124
38 124 125
38 125 4
38 147 49
39 18 19
39 22 23
39 41 39
39 39 45
39 45 43
39 43 48
39 19 50
39 50 51
39 51 52
39 52 53
39 53 54
39 54 55
39 55 22
39 23 100
39 100 101
39 101 41
39 92 102
39 102 103
39 103 104
39 104 105
39 105 106
39 106 107
39 107 18
39 145 92
39 48 142
40 0 1
40 9 5
40 14 17
40 17 46
40 46 47
40 1 68
40 68 69
40 69 70
40 70 71
40 71 72
40 72 73
40 73 14
40 5 114
40 114 115
40 115 116
40 116 117
40 117 118
40 118 119
40 119 0
40 47 142
42 20 19
42 22 23
42 41 39
42 39 45
42 45 43
42 43 48
42 19 50
42 50 51
42 51 52
42 52 53
42 53 54
42 54 55
42 55 22
42 23 100
42 100 101
42 101 41
42 88 20
42 144 88
42 48 142
43 0 1
43 11 3
43 14 15
43 3 62
43 62 63
43 63 64
43 64 65
43 65 66
43 66 67
43 67 0
43 1 68
43 68 69
43 69 70
43 70 71
43 71 72
43 72 73
43 73 14
43 15 132
43 132 133
43 133 134
43 134 135
43 135 136
43 136 137
43 137 6
44 11 3
44 0 13
44 13 34
44 34 35
44 3 62
44 62 63
44 63 64
44 64 65
44 65 66
44 66 67
44 67 0
44 35 141
45 4 8
45 12 1
45 20 19
45 29 27
45 27 33
45 33 31
45 31 36
45 36 37
45 37 12
45 19 96
45 96 97
45 97 29
45 88 20
45 1 120
45 120 121
45 121 122
45 122 123
45 123 124
45 124 125
45 125 4
45 144 88
46 18 19
46 22 25
46 19 50
46 50 51
46 51 52
46 52 53
46 53 54
46 54 55
46 55 22
46 92 102
46 102 103
46 103 104
46 104 105
46 105 106
46 106 107
46 107 18
46 25 91
46 145 92
46 91 138
47 20 19
47 24 25
47 29 27
47 27 33
47 33 31
47 31 36
47 25 56
47 56 57
47 57 58
47 58 59
47 59 60
47 60 61
47 61 20
47 19 96
47 96 97
47 97 29
47 90 24
47 143 90
47 36 141
48 14 17
48 17 46
48 46 47
48 7 126
48 126 127
48 127 128
48 128 129
48 129 130
48 130 131
48 131 14
48 47 142
49 18 19
49 29 27
49 27 33
49 33 31
49 31 36
49 19 96
49 96 97
49 97 29
49 92 102
49 102 103
49 103 104
49 104 105
49 105 106
49 106 107
49 107 18
49 145 92
49 36 141
51 0 1
51 9 5
51 14 17
51 17 46
51 46 47
51 1 68
51 68 69
51 69 70
51 70 71
51 71 72
51 72 73
51 73 14
51 5 114
51 114 115
51 115 116
51 116 117
51 117 118
51 118 119
51 119 0
51 47 142
52 20 21
52 24 25
52 25 56
52 56 57
52 57 58
52 58 59
52 59 60
52 60 61
52 61 20
52 21 89
52 90 24
52 143 90
52 89 139
53 9 5
53 0 13
53 18 21
53 13 34
53 34 35
53 35 32
53 32 30
53 30 28
53 28 26
53 26 94
53 94 95
53 95 18
53 21 89
53 5 114
53 114 115
53 115 116
53 116 117
53 117 118
53 118 119
53 119 0
53 89 139
54 0 1
54 9 5
54 14 15
54 1 68
54 68 69
54 69 70
54 70 71
54 71 72
54 72 73
54 73 14
54 5 114
54 114 115
54 115 116
54 116 117
54 117 118
54 118 119
54 119 0
54 15 132
54 132 133
54 133 134
54 134 135
54 135 136
54 136 137
54 137 6
55 16 15
55 49 16
55 15 132
55 132 133
55 133 134
55 134 135
55 135 136
55 136 137
55 137 6
55 147 49
56 16 15
56 24 23
56 41 39
56 39 45
56 45 43
56 43 48
56 48 49
56 49 16
56 23 100
56 100 101
56 101 41
56 90 24
56 15 132
56 132 133
56 133 134
56 134 135
56 135 136
56 136 137
56 137 6
56 143 90
57 11 3
57 0 13
57 13 34
57 34 35
57 3 62
57 62 63
57 63 64
57 64 65
57 65 66
57 66 67
57 67 0
57 35 141
59 20 21
59 24 25
59 25 56
59 56 57
59 57 58
59 58 59
59 59 60
59 60 61
59 61 20
59 21 89
59 90 24
59 143 90
59 89 139
60 16 15
60 49 16
60 15 132
60 132 133
60 133 134
60 134 135
60 135 136
60 136 137
60 137 6
60 147 49
61 18 19
61 22 25
61 19 50
61 50 51
61 51 52
61 52 53
61 53 54
61 54 55
61 55 22
61 92 102
61 102 103
61 103 104
61 104 105
61 105 106
61 106 107
61 107 18
61 25 91
61 145 92
61 91 138
63 20 19
63 29 27
63 27 33
63 33 31
63 31 36
63 19 96
63 96 97
63 97 29
63 88 20
63 144 88
63 36 141
65 18 21
65 92 102
65 102 103
65 103 104
65 104 105
65 105 106
65 106 107
65 107 18
65 21 89
65 145 92
65 89 139
66 20 21
66 24 25
66 25 56
66 56 57
66 57 58
66 58 59
66 59 60
66 60 61
66 61 20
66 21 89
66 90 24
66 143 90
66 89 139
67 18 21
67 92 102
67 102 103
67 103 104
67 104 105
67 105 106
67 106 107
67 107 18
67 21 89
67 145 92
67 89 139
68 20 19
68 24 25
68 29 27
68 27 33
68 33 31
68 31 36
68 25 56
68 56 57
68 57 58
68 58 59
68 59 60
68 60 61
68 61 20
68 19 96
68 96 97
68 97 29
68 90 24
68 143 90
68 36 141
69 0 1
69 9 5
69 14 15
69 1 68
69 68 69
69 69 70
69 70 71
69 71 72
69 72 73
69 73 14
69 5 114
69 114 115
69 115 116
69 116 117
69 117 118
69 118 119
69 119 0
69 15 132
69 132 133
69 133 134
69 134 135
69 135 136
69 136 137
69 137 6
70 18 19
70 22 25
70 34 35
70 35 32
70 32 30
70 30 28
70 28 26
70 19 50
70 50 51
70 51 52
70 52 53
70 53 54
70 54 55
70 55 22
70 26 94
70 94 95
70 95 18
70 25 91
70 91 138
70 146 34
72 20 19
72 22 23
72 41 39
72 39 45
72 45 43
72 43 48
72 19 50
72 50 51
72 51 52
72 52 53
72 53 54
72 54 55
72 55 22
72 23 100
72 100 101
72 101 41
72 88 20
72 144 88
72 48 142
74 18 19
74 22 25
74 34 35
74 35 32
74 32 30
74 30 28
74 28 26
74 19 50
74 50 51
74 51 52
74 52 53
74 53 54
74 54 55
74 55 22
74 26 94
74 94 95
74 95 18
74 25 91
74 91 138
74 146 34
75 20 19
75 29 27
75 27 33
75 33 31
75 31 36
75 19 96
75 96 97
75 97 29
75 88 20
75 144 88
75 36 141
76 4 8
76 12 1
76 14 17
76 17 74
76 74 75
76 75 76
76 76 77
76 77 78
76 78 79
76 79 12
76 1 120
76 120 121
76 121 122
76 122 123
76 123 124
76 124 125
76 125 4
76 7 126
76 126 127
76 127 128
76 128 129
76 129 130
76 130 131
76 131 14
77 14 17
77 22 25
77 17 46
77 46 47
77 47 44
77 44 42
77 42 40
77 40 38
77 38 98
77 98 99
77 99 22
77 25 91
77 7 126
77 126 127
77 127 128
77 128 129
77 129 130
77 130 131
77 131 14
77 91 138
78 4 8
78 12 1
78 20 19
78 29 27
78 27 33
78 33 31
78 31 36
78 36 37
78 37 12
78 19 96
78 96 97
78 97 29
78 88 20
78 1 120
78 120 121
78 121 122
78 122 123
78 123 124
78 124 125
78 125 4
78 144 88
79 24 23
79 41 39
79 39 45
79 45 43
79 43 48
79 23 100
79 100 101
79 101 41
79 90 24
79 143 90
79 48 142
80 18 19
80 22 25
80 34 35
80 35 32
80 32 30
80 30 28
80 28 26
80 19 50
80 50 51
80 51 52
80 52 53
80 53 54
80 54 55
80 55 22
80 26 94
80 94 95
80 95 18
80 25 91
80 91 138
80 146 34
81 18 21
81 92 102
81 102 103
81 103 104
81 104 105
81 105 106
81 106 107
81 107 18
81 21 89
81 145 92
81 89 139
83 16 15
83 49 16
83 15 132
83 132 133
83 133 134
83 134 135
83 135 136
83 136 137
83 137 6
83 147 49
87 11 3
87 0 13
87 13 34
87 34 35
87 3 62
87 62 63
87 63 64
87 64 65
87 65 66
87 66 67
87 67 0
87 35 141
88 0 1
88 9 5
88 14 15
88 1 68
88 68 69
88 69 70
88 70 71
88 71 72
88 72 73
88 73 14
88 5 114
88 114 115
88 115 116
88 116 117
88 117 118
88 118 119
88 119 0
88 15 132
88 132 133
88 133 134
88 134 135
88 135 136
88 136 137
88 137 6
90 22 25
90 46 47
90 47 44
90 44 42
90 42 40
90 40 38
90 38 98
90 98 99
90 99 22
90 25 91
90 91 138
90 147 46
92 0 1
92 9 5
92 14 17
92 17 46
92 46 47
92 1 68
92 68 69
92 69 70
92 70 71
92 71 72
92 72 73
92 73 14
92 5 114
92 114 115
92 115 116
92 116 117
92 117 118
92 118 119
92 119 0
92 47 142
93 9 5
93 0 13
93 13 34
93 34 35
93 5 114
93 114 115
93 115 116
93 116 117
93 117 118
93 118 119
93 119 0
93 35 141
95 16 15
95 49 16
95 15 132
95 132 133
95 133 134
95 134 135
95 135 136
95 136 137
95 137 6
95 147 49
96 20 21
96 21 108
96 108 109
96 109 110
96 110 111
96 111 112
96 112 113
96 113 93
96 88 20
96 144 88
96 93 140
99 20 21
99 24 25
99 25 56
99 56 57
99 57 58
99 58 59
99 59 60
99 60 61
99 61 20
99 21 108
99 108 109
99 109 110
99 110 111
99 111 112
99 112 113
99 113 93
99 90 24
99 143 90
99 93 140
;
;
set inFlight:=
4
5
14
17
20
22
23
24
25
26
27
28
29
32
33
34
35
36
37
38
39
42
44
45
47
49
51
52
53
55
56
57
;
param tini := 29.1;
