param nn:= 148;
set F:=
4
8
14
21
22
24
25
26
27
28
29
31
32
34
35
38
39
40
41
42
43
44
45
46
47
48
49
50
51
52
53
54
55
56
57
59
60
61
62
63
64
65
67
68
69
71
72
73
74
75
76
77
78
79
83
85
87
88
90
91
93
94
95
96
97
98
99
;
param: E: d:=
0 1 2.500000
2 10 1.500000
11 3 1.500000
4 8 1.500000
9 5 1.500000
12 13 2.500000
0 13 2.500000
12 1 2.500000
14 15 2.500000
16 17 2.500000
14 17 2.500000
16 15 2.500000
18 19 2.500000
20 21 2.500000
18 21 2.500000
20 19 2.500000
22 23 2.500000
24 25 2.500000
22 25 2.500000
24 23 2.500000
13 34 2.500000
34 35 2.500000
35 32 2.500000
32 30 2.500000
30 28 2.500000
28 26 2.500000
29 27 2.500000
27 33 2.500000
33 31 2.500000
31 36 2.500000
36 37 2.500000
37 12 2.500000
17 46 2.500000
46 47 2.500000
47 44 2.500000
44 42 2.500000
42 40 2.500000
40 38 2.500000
41 39 2.500000
39 45 2.500000
45 43 2.500000
43 48 2.500000
48 49 2.500000
49 16 2.500000
19 50 2.500000
50 51 2.500000
51 52 2.500000
52 53 2.500000
53 54 2.500000
54 55 2.500000
55 22 2.500000
25 56 2.500000
56 57 2.500000
57 58 2.500000
58 59 2.500000
59 60 2.500000
60 61 2.500000
61 20 2.500000
3 62 2.500000
62 63 2.500000
63 64 2.500000
64 65 2.500000
65 66 2.500000
66 67 2.500000
67 0 2.500000
1 68 2.500000
68 69 2.500000
69 70 2.500000
70 71 2.500000
71 72 2.500000
72 73 2.500000
73 14 2.500000
17 74 2.500000
74 75 2.500000
75 76 2.500000
76 77 2.500000
77 78 2.500000
78 79 2.500000
79 12 2.500000
13 80 2.500000
80 81 2.500000
81 82 2.500000
82 83 2.500000
83 84 2.500000
84 85 2.500000
85 2 2.500000
26 94 2.500000
94 95 2.500000
95 18 2.500000
19 96 2.500000
96 97 2.500000
97 29 2.500000
38 98 2.500000
98 99 2.500000
99 22 2.500000
23 100 2.500000
100 101 2.500000
101 41 2.500000
92 102 2.500000
102 103 2.500000
103 104 2.500000
104 105 2.500000
105 106 2.500000
106 107 2.500000
107 18 2.500000
21 108 2.500000
108 109 2.500000
109 110 2.500000
110 111 2.500000
111 112 2.500000
112 113 2.500000
113 93 2.500000
21 89 2.500000
88 20 2.500000
25 91 2.500000
90 24 2.500000
5 114 2.500000
114 115 2.500000
115 116 2.500000
116 117 2.500000
117 118 2.500000
118 119 2.500000
119 0 2.500000
1 120 2.500000
120 121 2.500000
121 122 2.500000
122 123 2.500000
123 124 2.500000
124 125 2.500000
125 4 2.500000
7 126 1.500000
126 127 2.500000
127 128 2.500000
128 129 2.500000
129 130 2.500000
130 131 2.500000
131 14 2.500000
15 132 2.500000
132 133 2.500000
133 134 2.500000
134 135 2.500000
135 136 2.500000
136 137 2.500000
137 6 1.500000
87 6 1.500000
7 86 1.500000
144 88 1.500000
143 90 1.500000
145 92 1.500000
93 140 1.500000
89 139 1.500000
91 138 1.500000
48 142 1.500000
47 142 1.500000
36 141 1.500000
35 141 1.500000
146 37 1.500000
146 34 1.500000
147 46 1.500000
147 49 1.500000
;
param s:=
4 7
8 145
14 7
21 144
22 7
24 144
25 147
26 143
27 7
28 147
29 9
31 11
32 146
34 147
35 147
38 145
39 147
40 143
41 144
42 144
43 147
44 9
45 11
46 144
47 144
48 147
49 145
50 145
51 143
52 147
53 11
54 7
55 145
56 147
57 143
59 146
60 11
61 145
62 146
63 147
64 9
65 7
67 9
68 143
69 147
71 143
72 9
73 145
74 145
75 11
76 144
77 147
78 7
79 145
83 7
85 7
87 147
88 11
90 143
91 143
93 143
94 144
95 143
96 145
97 11
98 145
99 146
;
param e:=
4 141
8 142
14 138
21 140
22 8
24 8
25 10
26 6
27 141
28 8
29 6
31 8
32 140
34 141
35 138
38 142
39 8
40 141
41 140
42 10
43 8
44 142
45 8
46 140
47 10
48 10
49 142
50 139
51 141
52 6
53 141
54 142
55 139
56 139
57 140
59 139
60 139
61 139
62 139
63 139
64 10
65 141
67 139
68 6
69 138
71 139
72 6
73 141
74 138
75 8
76 8
77 141
78 141
79 139
83 142
85 142
87 6
88 8
90 6
91 139
93 141
94 142
95 139
96 138
97 6
98 141
99 8
;
param v_min:=2.375
;
param v_max:=2.625
;
param :conflictsNodes: angle:=
0 1 13 1.000000
0 13 1 1.000000
0 1 67 1.000000
0 67 1 1.000000
0 1 119 1.000000
0 119 1 1.000000
0 13 67 1.000000
0 67 13 1.000000
0 13 119 1.000000
0 119 13 1.000000
0 67 119 1.000000
0 119 67 1.000000
1 0 68 1.000000
1 68 0 1.000000
1 0 120 1.000000
1 120 0 1.000000
1 0 12 1.000000
1 12 0 1.000000
1 68 120 1.000000
1 120 68 1.000000
1 12 68 1.000000
1 68 12 1.000000
1 12 120 1.000000
1 120 12 1.000000
12 13 37 1.000000
12 37 13 1.000000
12 13 79 1.000000
12 79 13 1.000000
12 1 13 1.000000
12 13 1 1.000000
12 1 37 1.000000
12 37 1 1.000000
12 1 79 1.000000
12 79 1 1.000000
12 37 79 1.000000
12 79 37 1.000000
13 0 12 1.000000
13 12 0 1.000000
13 0 34 1.000000
13 34 0 1.000000
13 0 80 1.000000
13 80 0 1.000000
13 12 34 1.000000
13 34 12 1.000000
13 12 80 1.000000
13 80 12 1.000000
13 34 80 1.000000
13 80 34 1.000000
14 15 17 1.000000
14 17 15 1.000000
14 15 73 1.000000
14 73 15 1.000000
14 15 131 1.000000
14 131 15 1.000000
14 17 73 1.000000
14 73 17 1.000000
14 17 131 1.000000
14 131 17 1.000000
14 73 131 1.000000
14 131 73 1.000000
15 14 132 1.000000
15 132 14 1.000000
15 14 16 1.000000
15 16 14 1.000000
15 16 132 1.000000
15 132 16 1.000000
16 17 49 1.000000
16 49 17 1.000000
16 15 17 1.000000
16 17 15 1.000000
16 15 49 1.000000
16 49 15 1.000000
17 14 16 1.000000
17 16 14 1.000000
17 14 46 1.000000
17 46 14 1.000000
17 14 74 1.000000
17 74 14 1.000000
17 16 46 1.000000
17 46 16 1.000000
17 16 74 1.000000
17 74 16 1.000000
17 46 74 1.000000
17 74 46 1.000000
18 19 21 1.000000
18 21 19 1.000000
18 19 95 1.000000
18 95 19 1.000000
18 19 107 1.000000
18 107 19 1.000000
18 21 95 1.000000
18 95 21 1.000000
18 21 107 1.000000
18 107 21 1.000000
18 95 107 1.000000
18 107 95 1.000000
19 18 50 1.000000
19 50 18 1.000000
19 18 96 1.000000
19 96 18 1.000000
19 18 20 1.000000
19 20 18 1.000000
19 50 96 1.000000
19 96 50 1.000000
19 20 50 1.000000
19 50 20 1.000000
19 20 96 1.000000
19 96 20 1.000000
20 21 61 1.000000
20 61 21 1.000000
20 21 88 1.000000
20 88 21 1.000000
20 19 21 1.000000
20 21 19 1.000000
20 19 61 1.000000
20 61 19 1.000000
20 19 88 1.000000
20 88 19 1.000000
20 61 88 1.000000
20 88 61 1.000000
21 18 20 1.000000
21 20 18 1.000000
21 18 108 1.000000
21 108 18 1.000000
21 18 89 1.000000
21 89 18 1.000000
21 20 108 1.000000
21 108 20 1.000000
21 20 89 1.000000
21 89 20 1.000000
21 89 108 1.000000
21 108 89 1.000000
22 23 25 1.000000
22 25 23 1.000000
22 23 55 1.000000
22 55 23 1.000000
22 23 99 1.000000
22 99 23 1.000000
22 25 55 1.000000
22 55 25 1.000000
22 25 99 1.000000
22 99 25 1.000000
22 55 99 1.000000
22 99 55 1.000000
23 22 100 1.000000
23 100 22 1.000000
23 22 24 1.000000
23 24 22 1.000000
23 24 100 1.000000
23 100 24 1.000000
24 25 90 1.000000
24 90 25 1.000000
24 23 25 1.000000
24 25 23 1.000000
24 23 90 1.000000
24 90 23 1.000000
25 22 24 1.000000
25 24 22 1.000000
25 22 56 1.000000
25 56 22 1.000000
25 22 91 1.000000
25 91 22 1.000000
25 24 56 1.000000
25 56 24 1.000000
25 24 91 1.000000
25 91 24 1.000000
25 56 91 1.000000
25 91 56 1.000000
26 28 94 1.000000
26 94 28 1.000000
27 29 33 1.000000
27 33 29 1.000000
28 26 30 1.000000
28 30 26 1.000000
29 27 97 1.000000
29 97 27 1.000000
30 28 32 1.000000
30 32 28 1.000000
31 33 36 1.000000
31 36 33 1.000000
32 30 35 1.000000
32 35 30 1.000000
33 27 31 1.000000
33 31 27 1.000000
34 13 35 1.000000
34 35 13 1.000000
35 32 34 1.000000
35 34 32 1.000000
36 31 37 1.000000
36 37 31 1.000000
37 12 36 1.000000
37 36 12 1.000000
38 40 98 1.000000
38 98 40 1.000000
39 41 45 1.000000
39 45 41 1.000000
40 38 42 1.000000
40 42 38 1.000000
41 39 101 1.000000
41 101 39 1.000000
42 40 44 1.000000
42 44 40 1.000000
43 45 48 1.000000
43 48 45 1.000000
44 42 47 1.000000
44 47 42 1.000000
45 39 43 1.000000
45 43 39 1.000000
46 17 47 1.000000
46 47 17 1.000000
47 44 46 1.000000
47 46 44 1.000000
48 43 49 1.000000
48 49 43 1.000000
49 16 48 1.000000
49 48 16 1.000000
50 19 51 1.000000
50 51 19 1.000000
51 50 52 1.000000
51 52 50 1.000000
52 51 53 1.000000
52 53 51 1.000000
53 52 54 1.000000
53 54 52 1.000000
54 53 55 1.000000
54 55 53 1.000000
55 22 54 1.000000
55 54 22 1.000000
56 25 57 1.000000
56 57 25 1.000000
57 56 58 1.000000
57 58 56 1.000000
58 57 59 1.000000
58 59 57 1.000000
59 58 60 1.000000
59 60 58 1.000000
60 59 61 1.000000
60 61 59 1.000000
61 20 60 1.000000
61 60 20 1.000000
62 3 63 1.000000
62 63 3 1.000000
63 62 64 1.000000
63 64 62 1.000000
64 63 65 1.000000
64 65 63 1.000000
65 64 66 1.000000
65 66 64 1.000000
66 65 67 1.000000
66 67 65 1.000000
67 0 66 1.000000
67 66 0 1.000000
68 1 69 1.000000
68 69 1 1.000000
69 68 70 1.000000
69 70 68 1.000000
70 69 71 1.000000
70 71 69 1.000000
71 70 72 1.000000
71 72 70 1.000000
72 71 73 1.000000
72 73 71 1.000000
73 14 72 1.000000
73 72 14 1.000000
74 17 75 1.000000
74 75 17 1.000000
75 74 76 1.000000
75 76 74 1.000000
76 75 77 1.000000
76 77 75 1.000000
77 76 78 1.000000
77 78 76 1.000000
78 77 79 1.000000
78 79 77 1.000000
79 12 78 1.000000
79 78 12 1.000000
80 13 81 1.000000
80 81 13 1.000000
81 80 82 1.000000
81 82 80 1.000000
82 81 83 1.000000
82 83 81 1.000000
83 82 84 1.000000
83 84 82 1.000000
84 83 85 1.000000
84 85 83 1.000000
85 2 84 1.000000
85 84 2 1.000000
94 26 95 1.000000
94 95 26 1.000000
95 18 94 1.000000
95 94 18 1.000000
96 19 97 1.000000
96 97 19 1.000000
97 29 96 1.000000
97 96 29 1.000000
98 38 99 1.000000
98 99 38 1.000000
99 22 98 1.000000
99 98 22 1.000000
100 23 101 1.000000
100 101 23 1.000000
101 41 100 1.000000
101 100 41 1.000000
102 92 103 1.000000
102 103 92 1.000000
103 102 104 1.000000
103 104 102 1.000000
104 103 105 1.000000
104 105 103 1.000000
105 104 106 1.000000
105 106 104 1.000000
106 105 107 1.000000
106 107 105 1.000000
107 18 106 1.000000
107 106 18 1.000000
108 21 109 1.000000
108 109 21 1.000000
109 108 110 1.000000
109 110 108 1.000000
110 109 111 1.000000
110 111 109 1.000000
111 110 112 1.000000
111 112 110 1.000000
112 111 113 1.000000
112 113 111 1.000000
113 93 112 1.000000
113 112 93 1.000000
114 5 115 1.000000
114 115 5 1.000000
115 114 116 1.000000
115 116 114 1.000000
116 115 117 1.000000
116 117 115 1.000000
117 116 118 1.000000
117 118 116 1.000000
118 117 119 1.000000
118 119 117 1.000000
119 0 118 1.000000
119 118 0 1.000000
120 1 121 1.000000
120 121 1 1.000000
121 120 122 1.000000
121 122 120 1.000000
122 121 123 1.000000
122 123 121 1.000000
123 122 124 1.000000
123 124 122 1.000000
124 123 125 1.000000
124 125 123 1.000000
125 4 124 1.000000
125 124 4 1.000000
127 126 128 1.000000
127 128 126 1.000000
128 127 129 1.000000
128 129 127 1.000000
129 128 130 1.000000
129 130 128 1.000000
130 129 131 1.000000
130 131 129 1.000000
131 14 130 1.000000
131 130 14 1.000000
132 15 133 1.000000
132 133 15 1.000000
133 132 134 1.000000
133 134 132 1.000000
134 133 135 1.000000
134 135 133 1.000000
135 134 136 1.000000
135 136 134 1.000000
136 135 137 1.000000
136 137 135 1.000000
;
param D:=0.5;
param t_hat_ear:=
4 7 19.0
4 126 20.0
4 127 21.0
4 128 22.0
4 129 23.0
4 130 24.0
4 131 25.0
4 14 26.0
4 17 27.0
4 74 28.0
4 75 29.0
4 76 30.0
4 77 31.0
4 78 32.0
4 79 33.0
4 12 34.0
4 13 35.0
4 34 36.0
4 35 37.0
4 141 38.0
8 145 8.0
8 92 9.0
8 102 10.0
8 103 11.0
8 104 12.0
8 105 13.0
8 106 14.0
8 107 15.0
8 18 16.0
8 19 17.0
8 50 18.0
8 51 19.0
8 52 20.0
8 53 21.0
8 54 22.0
8 55 23.0
8 22 24.0
8 23 25.0
8 100 26.0
8 101 27.0
8 41 28.0
8 39 29.0
8 45 30.0
8 43 31.0
8 48 32.0
8 142 33.0
14 7 17.0
14 126 18.0
14 127 19.0
14 128 20.0
14 129 21.0
14 130 22.0
14 131 23.0
14 14 24.0
14 17 25.0
14 46 26.0
14 47 27.0
14 44 28.0
14 42 29.0
14 40 30.0
14 38 31.0
14 98 32.0
14 99 33.0
14 22 34.0
14 25 35.0
14 91 36.0
14 138 37.0
21 144 26.0
21 88 27.0
21 20 28.0
21 21 29.0
21 108 30.0
21 109 31.0
21 110 32.0
21 111 33.0
21 112 34.0
21 113 35.0
21 93 36.0
21 140 37.0
22 7 14.0
22 126 15.0
22 127 16.0
22 128 17.0
22 129 18.0
22 130 19.0
22 131 20.0
22 14 21.0
22 17 22.0
22 74 23.0
22 75 24.0
22 76 25.0
22 77 26.0
22 78 27.0
22 79 28.0
22 12 29.0
22 1 30.0
22 120 31.0
22 121 32.0
22 122 33.0
22 123 34.0
22 124 35.0
22 125 36.0
22 4 37.0
22 8 38.0
24 144 19.0
24 88 20.0
24 20 21.0
24 19 22.0
24 96 23.0
24 97 24.0
24 29 25.0
24 27 26.0
24 33 27.0
24 31 28.0
24 36 29.0
24 37 30.0
24 12 31.0
24 1 32.0
24 120 33.0
24 121 34.0
24 122 35.0
24 123 36.0
24 124 37.0
24 125 38.0
24 4 39.0
24 8 40.0
25 147 17.0
25 49 18.0
25 16 19.0
25 17 20.0
25 74 21.0
25 75 22.0
25 76 23.0
25 77 24.0
25 78 25.0
25 79 26.0
25 12 27.0
25 13 28.0
25 80 29.0
25 81 30.0
25 82 31.0
25 83 32.0
25 84 33.0
25 85 34.0
25 2 35.0
25 10 36.0
26 143 12.0
26 90 13.0
26 24 14.0
26 23 15.0
26 100 16.0
26 101 17.0
26 41 18.0
26 39 19.0
26 45 20.0
26 43 21.0
26 48 22.0
26 49 23.0
26 16 24.0
26 15 25.0
26 132 26.0
26 133 27.0
26 134 28.0
26 135 29.0
26 136 30.0
26 137 31.0
26 6 32.0
27 7 26.0
27 126 27.0
27 127 28.0
27 128 29.0
27 129 30.0
27 130 31.0
27 131 32.0
27 14 33.0
27 17 34.0
27 74 35.0
27 75 36.0
27 76 37.0
27 77 38.0
27 78 39.0
27 79 40.0
27 12 41.0
27 13 42.0
27 34 43.0
27 35 44.0
27 141 45.0
28 147 27.0
28 49 28.0
28 16 29.0
28 17 30.0
28 74 31.0
28 75 32.0
28 76 33.0
28 77 34.0
28 78 35.0
28 79 36.0
28 12 37.0
28 1 38.0
28 120 39.0
28 121 40.0
28 122 41.0
28 123 42.0
28 124 43.0
28 125 44.0
28 4 45.0
28 8 46.0
29 9 15.0
29 5 16.0
29 114 17.0
29 115 18.0
29 116 19.0
29 117 20.0
29 118 21.0
29 119 22.0
29 0 23.0
29 1 24.0
29 68 25.0
29 69 26.0
29 70 27.0
29 71 28.0
29 72 29.0
29 73 30.0
29 14 31.0
29 15 32.0
29 132 33.0
29 133 34.0
29 134 35.0
29 135 36.0
29 136 37.0
29 137 38.0
29 6 39.0
31 11 19.0
31 3 20.0
31 62 21.0
31 63 22.0
31 64 23.0
31 65 24.0
31 66 25.0
31 67 26.0
31 0 27.0
31 1 28.0
31 120 29.0
31 121 30.0
31 122 31.0
31 123 32.0
31 124 33.0
31 125 34.0
31 4 35.0
31 8 36.0
32 146 13.0
32 34 14.0
32 35 15.0
32 32 16.0
32 30 17.0
32 28 18.0
32 26 19.0
32 94 20.0
32 95 21.0
32 18 22.0
32 21 23.0
32 108 24.0
32 109 25.0
32 110 26.0
32 111 27.0
32 112 28.0
32 113 29.0
32 93 30.0
32 140 31.0
34 147 30.1
34 49 30.0
34 16 31.0
34 17 32.0
34 74 33.0
34 75 34.0
34 76 35.0
34 77 36.0
34 78 37.0
34 79 38.0
34 12 39.0
34 13 40.0
34 34 41.0
34 35 42.0
34 141 43.0
35 147 19.0
35 46 20.0
35 47 21.0
35 44 22.0
35 42 23.0
35 40 24.0
35 38 25.0
35 98 26.0
35 99 27.0
35 22 28.0
35 25 29.0
35 91 30.0
35 138 31.0
38 145 16.0
38 92 17.0
38 102 18.0
38 103 19.0
38 104 20.0
38 105 21.0
38 106 22.0
38 107 23.0
38 18 24.0
38 19 25.0
38 50 26.0
38 51 27.0
38 52 28.0
38 53 29.0
38 54 30.0
38 55 31.0
38 22 32.0
38 23 33.0
38 100 34.0
38 101 35.0
38 41 36.0
38 39 37.0
38 45 38.0
38 43 39.0
38 48 40.0
38 142 41.0
39 147 15.0
39 49 16.0
39 16 17.0
39 17 18.0
39 74 19.0
39 75 20.0
39 76 21.0
39 77 22.0
39 78 23.0
39 79 24.0
39 12 25.0
39 1 26.0
39 120 27.0
39 121 28.0
39 122 29.0
39 123 30.0
39 124 31.0
39 125 32.0
39 4 33.0
39 8 34.0
40 143 22.0
40 90 23.0
40 24 24.0
40 25 25.0
40 56 26.0
40 57 27.0
40 58 28.0
40 59 29.0
40 60 30.0
40 61 31.0
40 20 32.0
40 19 33.0
40 96 34.0
40 97 35.0
40 29 36.0
40 27 37.0
40 33 38.0
40 31 39.0
40 36 40.0
40 141 41.0
41 144 24.0
41 88 25.0
41 20 26.0
41 21 27.0
41 108 28.0
41 109 29.0
41 110 30.0
41 111 31.0
41 112 32.0
41 113 33.0
41 93 34.0
41 140 35.0
42 144 39.0
42 88 40.0
42 20 41.0
42 19 42.0
42 96 43.0
42 97 44.0
42 29 45.0
42 27 46.0
42 33 47.0
42 31 48.0
42 36 49.0
42 37 50.0
42 12 51.0
42 13 52.0
42 80 53.0
42 81 54.0
42 82 55.0
42 83 56.0
42 84 57.0
42 85 58.0
42 2 59.0
42 10 60.0
43 147 37.0
43 49 38.0
43 16 39.0
43 17 40.0
43 74 41.0
43 75 42.0
43 76 43.0
43 77 44.0
43 78 45.0
43 79 46.0
43 12 47.0
43 1 48.0
43 120 49.0
43 121 50.0
43 122 51.0
43 123 52.0
43 124 53.0
43 125 54.0
43 4 55.0
43 8 56.0
44 9 27.0
44 5 28.0
44 114 29.0
44 115 30.0
44 116 31.0
44 117 32.0
44 118 33.0
44 119 34.0
44 0 35.0
44 1 36.0
44 68 37.0
44 69 38.0
44 70 39.0
44 71 40.0
44 72 41.0
44 73 42.0
44 14 43.0
44 17 44.0
44 46 45.0
44 47 46.0
44 142 47.0
45 11 25.0
45 3 26.0
45 62 27.0
45 63 28.0
45 64 29.0
45 65 30.0
45 66 31.0
45 67 32.0
45 0 33.0
45 1 34.0
45 120 35.0
45 121 36.0
45 122 37.0
45 123 38.0
45 124 39.0
45 125 40.0
45 4 41.0
45 8 42.0
46 144 22.0
46 88 23.0
46 20 24.0
46 21 25.0
46 108 26.0
46 109 27.0
46 110 28.0
46 111 29.0
46 112 30.0
46 113 31.0
46 93 32.0
46 140 33.0
47 144 33.0
47 88 34.0
47 20 35.0
47 19 36.0
47 96 37.0
47 97 38.0
47 29 39.0
47 27 40.0
47 33 41.0
47 31 42.0
47 36 43.0
47 37 44.0
47 12 45.0
47 13 46.0
47 80 47.0
47 81 48.0
47 82 49.0
47 83 50.0
47 84 51.0
47 85 52.0
47 2 53.0
47 10 54.0
48 147 39.0
48 49 40.0
48 16 41.0
48 17 42.0
48 74 43.0
48 75 44.0
48 76 45.0
48 77 46.0
48 78 47.0
48 79 48.0
48 12 49.0
48 13 50.0
48 80 51.0
48 81 52.0
48 82 53.0
48 83 54.0
48 84 55.0
48 85 56.0
48 2 57.0
48 10 58.0
49 145 20.0
49 92 21.0
49 102 22.0
49 103 23.0
49 104 24.0
49 105 25.0
49 106 26.0
49 107 27.0
49 18 28.0
49 19 29.0
49 50 30.0
49 51 31.0
49 52 32.0
49 53 33.0
49 54 34.0
49 55 35.0
49 22 36.0
49 23 37.0
49 100 38.0
49 101 39.0
49 41 40.0
49 39 41.0
49 45 42.0
49 43 43.0
49 48 44.0
49 142 45.0
50 145 26.0
50 92 27.0
50 102 28.0
50 103 29.0
50 104 30.0
50 105 31.0
50 106 32.0
50 107 33.0
50 18 34.0
50 21 35.0
50 89 36.0
50 139 37.0
51 143 30.1
51 90 30.0
51 24 31.0
51 25 32.0
51 56 33.0
51 57 34.0
51 58 35.0
51 59 36.0
51 60 37.0
51 61 38.0
51 20 39.0
51 19 40.0
51 96 41.0
51 97 42.0
51 29 43.0
51 27 44.0
51 33 45.0
51 31 46.0
51 36 47.0
51 141 48.0
52 147 24.0
52 49 25.0
52 16 26.0
52 15 27.0
52 132 28.0
52 133 29.0
52 134 30.0
52 135 31.0
52 136 32.0
52 137 33.0
52 6 34.0
53 11 21.0
53 3 22.0
53 62 23.0
53 63 24.0
53 64 25.0
53 65 26.0
53 66 27.0
53 67 28.0
53 0 29.0
53 13 30.0
53 34 31.0
53 35 32.0
53 141 33.0
54 7 28.0
54 126 29.0
54 127 30.0
54 128 31.0
54 129 32.0
54 130 33.0
54 131 34.0
54 14 35.0
54 17 36.0
54 46 37.0
54 47 38.0
54 142 39.0
55 145 24.0
55 92 25.0
55 102 26.0
55 103 27.0
55 104 28.0
55 105 29.0
55 106 30.0
55 107 31.0
55 18 32.0
55 21 33.0
55 89 34.0
55 139 35.0
56 147 32.0
56 46 33.0
56 47 34.0
56 44 35.0
56 42 36.0
56 40 37.0
56 38 38.0
56 98 39.0
56 99 40.0
56 22 41.0
56 25 42.0
56 56 43.0
56 57 44.0
56 58 45.0
56 59 46.0
56 60 47.0
56 61 48.0
56 20 49.0
56 21 50.0
56 89 51.0
56 139 52.0
57 143 20.0
57 90 21.0
57 24 22.0
57 25 23.0
57 56 24.0
57 57 25.0
57 58 26.0
57 59 27.0
57 60 28.0
57 61 29.0
57 20 30.0
57 21 31.0
57 108 32.0
57 109 33.0
57 110 34.0
57 111 35.0
57 112 36.0
57 113 37.0
57 93 38.0
57 140 39.0
59 146 28.0
59 34 29.0
59 35 30.0
59 32 31.0
59 30 32.0
59 28 33.0
59 26 34.0
59 94 35.0
59 95 36.0
59 18 37.0
59 21 38.0
59 89 39.0
59 139 40.0
60 11 39.0
60 3 40.0
60 62 41.0
60 63 42.0
60 64 43.0
60 65 44.0
60 66 45.0
60 67 46.0
60 0 47.0
60 13 48.0
60 34 49.0
60 35 50.0
60 32 51.0
60 30 52.0
60 28 53.0
60 26 54.0
60 94 55.0
60 95 56.0
60 18 57.0
60 21 58.0
60 89 59.0
60 139 60.0
61 145 31.0
61 92 32.0
61 102 33.0
61 103 34.0
61 104 35.0
61 105 36.0
61 106 37.0
61 107 38.0
61 18 39.0
61 21 40.0
61 89 41.0
61 139 42.0
62 146 32.0
62 34 33.0
62 35 34.0
62 32 35.0
62 30 36.0
62 28 37.0
62 26 38.0
62 94 39.0
62 95 40.0
62 18 41.0
62 21 42.0
62 89 43.0
62 139 44.0
63 147 46.0
63 46 47.0
63 47 48.0
63 44 49.0
63 42 50.0
63 40 51.0
63 38 52.0
63 98 53.0
63 99 54.0
63 22 55.0
63 25 56.0
63 56 57.0
63 57 58.0
63 58 59.0
63 59 60.0
63 60 61.0
63 61 62.0
63 20 63.0
63 21 64.0
63 89 65.0
63 139 66.0
64 9 35.0
64 5 36.0
64 114 37.0
64 115 38.0
64 116 39.0
64 117 40.0
64 118 41.0
64 119 42.0
64 0 43.0
64 13 44.0
64 80 45.0
64 81 46.0
64 82 47.0
64 83 48.0
64 84 49.0
64 85 50.0
64 2 51.0
64 10 52.0
65 7 39.0
65 126 40.0
65 127 41.0
65 128 42.0
65 129 43.0
65 130 44.0
65 131 45.0
65 14 46.0
65 17 47.0
65 74 48.0
65 75 49.0
65 76 50.0
65 77 51.0
65 78 52.0
65 79 53.0
65 12 54.0
65 13 55.0
65 34 56.0
65 35 57.0
65 141 58.0
67 9 48.0
67 5 49.0
67 114 50.0
67 115 51.0
67 116 52.0
67 117 53.0
67 118 54.0
67 119 55.0
67 0 56.0
67 13 57.0
67 34 58.0
67 35 59.0
67 32 60.0
67 30 61.0
67 28 62.0
67 26 63.0
67 94 64.0
67 95 65.0
67 18 66.0
67 21 67.0
67 89 68.0
67 139 69.0
68 143 32.0
68 90 33.0
68 24 34.0
68 23 35.0
68 100 36.0
68 101 37.0
68 41 38.0
68 39 39.0
68 45 40.0
68 43 41.0
68 48 42.0
68 49 43.0
68 16 44.0
68 15 45.0
68 132 46.0
68 133 47.0
68 134 48.0
68 135 49.0
68 136 50.0
68 137 51.0
68 6 52.0
69 147 34.0
69 46 35.0
69 47 36.0
69 44 37.0
69 42 38.0
69 40 39.0
69 38 40.0
69 98 41.0
69 99 42.0
69 22 43.0
69 25 44.0
69 91 45.0
69 138 46.0
71 143 37.0
71 90 38.0
71 24 39.0
71 25 40.0
71 56 41.0
71 57 42.0
71 58 43.0
71 59 44.0
71 60 45.0
71 61 46.0
71 20 47.0
71 21 48.0
71 89 49.0
71 139 50.0
72 9 33.0
72 5 34.0
72 114 35.0
72 115 36.0
72 116 37.0
72 117 38.0
72 118 39.0
72 119 40.0
72 0 41.0
72 1 42.0
72 68 43.0
72 69 44.0
72 70 45.0
72 71 46.0
72 72 47.0
72 73 48.0
72 14 49.0
72 15 50.0
72 132 51.0
72 133 52.0
72 134 53.0
72 135 54.0
72 136 55.0
72 137 56.0
72 6 57.0
73 145 39.0
73 92 40.0
73 102 41.0
73 103 42.0
73 104 43.0
73 105 44.0
73 106 45.0
73 107 46.0
73 18 47.0
73 19 48.0
73 96 49.0
73 97 50.0
73 29 51.0
73 27 52.0
73 33 53.0
73 31 54.0
73 36 55.0
73 141 56.0
74 145 35.0
74 92 36.0
74 102 37.0
74 103 38.0
74 104 39.0
74 105 40.0
74 106 41.0
74 107 42.0
74 18 43.0
74 19 44.0
74 50 45.0
74 51 46.0
74 52 47.0
74 53 48.0
74 54 49.0
74 55 50.0
74 22 51.0
74 25 52.0
74 91 53.0
74 138 54.0
75 11 31.0
75 3 32.0
75 62 33.0
75 63 34.0
75 64 35.0
75 65 36.0
75 66 37.0
75 67 38.0
75 0 39.0
75 1 40.0
75 120 41.0
75 121 42.0
75 122 43.0
75 123 44.0
75 124 45.0
75 125 46.0
75 4 47.0
75 8 48.0
76 144 49.0
76 88 50.0
76 20 51.0
76 19 52.0
76 96 53.0
76 97 54.0
76 29 55.0
76 27 56.0
76 33 57.0
76 31 58.0
76 36 59.0
76 37 60.0
76 12 61.0
76 1 62.0
76 120 63.0
76 121 64.0
76 122 65.0
76 123 66.0
76 124 67.0
76 125 68.0
76 4 69.0
76 8 70.0
77 147 48.0
77 49 49.0
77 16 50.0
77 17 51.0
77 74 52.0
77 75 53.0
77 76 54.0
77 77 55.0
77 78 56.0
77 79 57.0
77 12 58.0
77 13 59.0
77 34 60.0
77 35 61.0
77 141 62.0
78 7 49.0
78 126 50.0
78 127 51.0
78 128 52.0
78 129 53.0
78 130 54.0
78 131 55.0
78 14 56.0
78 17 57.0
78 74 58.0
78 75 59.0
78 76 60.0
78 77 61.0
78 78 62.0
78 79 63.0
78 12 64.0
78 13 65.0
78 34 66.0
78 35 67.0
78 141 68.0
79 145 37.0
79 92 38.0
79 102 39.0
79 103 40.0
79 104 41.0
79 105 42.0
79 106 43.0
79 107 44.0
79 18 45.0
79 21 46.0
79 89 47.0
79 139 48.0
83 7 47.0
83 126 48.0
83 127 49.0
83 128 50.0
83 129 51.0
83 130 52.0
83 131 53.0
83 14 54.0
83 17 55.0
83 46 56.0
83 47 57.0
83 142 58.0
85 7 45.0
85 126 46.0
85 127 47.0
85 128 48.0
85 129 49.0
85 130 50.0
85 131 51.0
85 14 52.0
85 17 53.0
85 46 54.0
85 47 55.0
85 142 56.0
87 147 44.0
87 49 45.0
87 16 46.0
87 15 47.0
87 132 48.0
87 133 49.0
87 134 50.0
87 135 51.0
87 136 52.0
87 137 53.0
87 6 54.0
88 11 46.0
88 3 47.0
88 62 48.0
88 63 49.0
88 64 50.0
88 65 51.0
88 66 52.0
88 67 53.0
88 0 54.0
88 1 55.0
88 120 56.0
88 121 57.0
88 122 58.0
88 123 59.0
88 124 60.0
88 125 61.0
88 4 62.0
88 8 63.0
90 143 40.0
90 90 41.0
90 24 42.0
90 23 43.0
90 100 44.0
90 101 45.0
90 41 46.0
90 39 47.0
90 45 48.0
90 43 49.0
90 48 50.0
90 49 51.0
90 16 52.0
90 15 53.0
90 132 54.0
90 133 55.0
90 134 56.0
90 135 57.0
90 136 58.0
90 137 59.0
90 6 60.0
91 143 43.0
91 90 44.0
91 24 45.0
91 25 46.0
91 56 47.0
91 57 48.0
91 58 49.0
91 59 50.0
91 60 51.0
91 61 52.0
91 20 53.0
91 21 54.0
91 89 55.0
91 139 56.0
93 143 47.0
93 90 48.0
93 24 49.0
93 25 50.0
93 56 51.0
93 57 52.0
93 58 53.0
93 59 54.0
93 60 55.0
93 61 56.0
93 20 57.0
93 19 58.0
93 96 59.0
93 97 60.0
93 29 61.0
93 27 62.0
93 33 63.0
93 31 64.0
93 36 65.0
93 141 66.0
94 144 43.0
94 88 44.0
94 20 45.0
94 19 46.0
94 50 47.0
94 51 48.0
94 52 49.0
94 53 50.0
94 54 51.0
94 55 52.0
94 22 53.0
94 23 54.0
94 100 55.0
94 101 56.0
94 41 57.0
94 39 58.0
94 45 59.0
94 43 60.0
94 48 61.0
94 142 62.0
95 143 45.0
95 90 46.0
95 24 47.0
95 25 48.0
95 56 49.0
95 57 50.0
95 58 51.0
95 59 52.0
95 60 53.0
95 61 54.0
95 20 55.0
95 21 56.0
95 89 57.0
95 139 58.0
96 145 41.0
96 92 42.0
96 102 43.0
96 103 44.0
96 104 45.0
96 105 46.0
96 106 47.0
96 107 48.0
96 18 49.0
96 19 50.0
96 50 51.0
96 51 52.0
96 52 53.0
96 53 54.0
96 54 55.0
96 55 56.0
96 22 57.0
96 25 58.0
96 91 59.0
96 138 60.0
97 11 42.0
97 3 43.0
97 62 44.0
97 63 45.0
97 64 46.0
97 65 47.0
97 66 48.0
97 67 49.0
97 0 50.0
97 1 51.0
97 68 52.0
97 69 53.0
97 70 54.0
97 71 55.0
97 72 56.0
97 73 57.0
97 14 58.0
97 15 59.0
97 132 60.0
97 133 61.0
97 134 62.0
97 135 63.0
97 136 64.0
97 137 65.0
97 6 66.0
98 145 47.0
98 92 48.0
98 102 49.0
98 103 50.0
98 104 51.0
98 105 52.0
98 106 53.0
98 107 54.0
98 18 55.0
98 19 56.0
98 96 57.0
98 97 58.0
98 29 59.0
98 27 60.0
98 33 61.0
98 31 62.0
98 36 63.0
98 141 64.0
99 146 41.0
99 37 42.0
99 12 43.0
99 1 44.0
99 120 45.0
99 121 46.0
99 122 47.0
99 123 48.0
99 124 49.0
99 125 50.0
99 4 51.0
99 8 52.0
;
param t_hat_lat:=
4 7 20.0
4 126 21.0
4 127 22.0
4 128 23.0
4 129 24.0
4 130 25.0
4 131 26.0
4 14 27.0
4 17 28.0
4 74 29.0
4 75 30.0
4 76 31.0
4 77 32.0
4 78 33.0
4 79 34.0
4 12 35.0
4 13 36.0
4 34 37.0
4 35 38.0
4 141 39.0
8 145 9.0
8 92 10.0
8 102 11.0
8 103 12.0
8 104 13.0
8 105 14.0
8 106 15.0
8 107 16.0
8 18 17.0
8 19 18.0
8 50 19.0
8 51 20.0
8 52 21.0
8 53 22.0
8 54 23.0
8 55 24.0
8 22 25.0
8 23 26.0
8 100 27.0
8 101 28.0
8 41 29.0
8 39 30.0
8 45 31.0
8 43 32.0
8 48 33.0
8 142 34.0
14 7 18.0
14 126 19.0
14 127 20.0
14 128 21.0
14 129 22.0
14 130 23.0
14 131 24.0
14 14 25.0
14 17 26.0
14 46 27.0
14 47 28.0
14 44 29.0
14 42 30.0
14 40 31.0
14 38 32.0
14 98 33.0
14 99 34.0
14 22 35.0
14 25 36.0
14 91 37.0
14 138 38.0
21 144 27.0
21 88 28.0
21 20 29.0
21 21 30.0
21 108 31.0
21 109 32.0
21 110 33.0
21 111 34.0
21 112 35.0
21 113 36.0
21 93 37.0
21 140 38.0
22 7 15.0
22 126 16.0
22 127 17.0
22 128 18.0
22 129 19.0
22 130 20.0
22 131 21.0
22 14 22.0
22 17 23.0
22 74 24.0
22 75 25.0
22 76 26.0
22 77 27.0
22 78 28.0
22 79 29.0
22 12 30.0
22 1 31.0
22 120 32.0
22 121 33.0
22 122 34.0
22 123 35.0
22 124 36.0
22 125 37.0
22 4 38.0
22 8 39.0
24 144 20.0
24 88 21.0
24 20 22.0
24 19 23.0
24 96 24.0
24 97 25.0
24 29 26.0
24 27 27.0
24 33 28.0
24 31 29.0
24 36 30.0
24 37 31.0
24 12 32.0
24 1 33.0
24 120 34.0
24 121 35.0
24 122 36.0
24 123 37.0
24 124 38.0
24 125 39.0
24 4 40.0
24 8 41.0
25 147 18.0
25 49 19.0
25 16 20.0
25 17 21.0
25 74 22.0
25 75 23.0
25 76 24.0
25 77 25.0
25 78 26.0
25 79 27.0
25 12 28.0
25 13 29.0
25 80 30.0
25 81 31.0
25 82 32.0
25 83 33.0
25 84 34.0
25 85 35.0
25 2 36.0
25 10 37.0
26 143 13.0
26 90 14.0
26 24 15.0
26 23 16.0
26 100 17.0
26 101 18.0
26 41 19.0
26 39 20.0
26 45 21.0
26 43 22.0
26 48 23.0
26 49 24.0
26 16 25.0
26 15 26.0
26 132 27.0
26 133 28.0
26 134 29.0
26 135 30.0
26 136 31.0
26 137 32.0
26 6 33.0
27 7 27.0
27 126 28.0
27 127 29.0
27 128 30.0
27 129 31.0
27 130 32.0
27 131 33.0
27 14 34.0
27 17 35.0
27 74 36.0
27 75 37.0
27 76 38.0
27 77 39.0
27 78 40.0
27 79 41.0
27 12 42.0
27 13 43.0
27 34 44.0
27 35 45.0
27 141 46.0
28 147 28.0
28 49 29.0
28 16 30.0
28 17 31.0
28 74 32.0
28 75 33.0
28 76 34.0
28 77 35.0
28 78 36.0
28 79 37.0
28 12 38.0
28 1 39.0
28 120 40.0
28 121 41.0
28 122 42.0
28 123 43.0
28 124 44.0
28 125 45.0
28 4 46.0
28 8 47.0
29 9 16.0
29 5 17.0
29 114 18.0
29 115 19.0
29 116 20.0
29 117 21.0
29 118 22.0
29 119 23.0
29 0 24.0
29 1 25.0
29 68 26.0
29 69 27.0
29 70 28.0
29 71 29.0
29 72 30.0
29 73 31.0
29 14 32.0
29 15 33.0
29 132 34.0
29 133 35.0
29 134 36.0
29 135 37.0
29 136 38.0
29 137 39.0
29 6 40.0
31 11 20.0
31 3 21.0
31 62 22.0
31 63 23.0
31 64 24.0
31 65 25.0
31 66 26.0
31 67 27.0
31 0 28.0
31 1 29.0
31 120 30.0
31 121 31.0
31 122 32.0
31 123 33.0
31 124 34.0
31 125 35.0
31 4 36.0
31 8 37.0
32 146 14.0
32 34 15.0
32 35 16.0
32 32 17.0
32 30 18.0
32 28 19.0
32 26 20.0
32 94 21.0
32 95 22.0
32 18 23.0
32 21 24.0
32 108 25.0
32 109 26.0
32 110 27.0
32 111 28.0
32 112 29.0
32 113 30.0
32 93 31.0
32 140 32.0
34 147 31.1
34 49 31.0
34 16 32.0
34 17 33.0
34 74 34.0
34 75 35.0
34 76 36.0
34 77 37.0
34 78 38.0
34 79 39.0
34 12 40.0
34 13 41.0
34 34 42.0
34 35 43.0
34 141 44.0
35 147 20.0
35 46 21.0
35 47 22.0
35 44 23.0
35 42 24.0
35 40 25.0
35 38 26.0
35 98 27.0
35 99 28.0
35 22 29.0
35 25 30.0
35 91 31.0
35 138 32.0
38 145 17.0
38 92 18.0
38 102 19.0
38 103 20.0
38 104 21.0
38 105 22.0
38 106 23.0
38 107 24.0
38 18 25.0
38 19 26.0
38 50 27.0
38 51 28.0
38 52 29.0
38 53 30.0
38 54 31.0
38 55 32.0
38 22 33.0
38 23 34.0
38 100 35.0
38 101 36.0
38 41 37.0
38 39 38.0
38 45 39.0
38 43 40.0
38 48 41.0
38 142 42.0
39 147 16.0
39 49 17.0
39 16 18.0
39 17 19.0
39 74 20.0
39 75 21.0
39 76 22.0
39 77 23.0
39 78 24.0
39 79 25.0
39 12 26.0
39 1 27.0
39 120 28.0
39 121 29.0
39 122 30.0
39 123 31.0
39 124 32.0
39 125 33.0
39 4 34.0
39 8 35.0
40 143 23.0
40 90 24.0
40 24 25.0
40 25 26.0
40 56 27.0
40 57 28.0
40 58 29.0
40 59 30.0
40 60 31.0
40 61 32.0
40 20 33.0
40 19 34.0
40 96 35.0
40 97 36.0
40 29 37.0
40 27 38.0
40 33 39.0
40 31 40.0
40 36 41.0
40 141 42.0
41 144 25.0
41 88 26.0
41 20 27.0
41 21 28.0
41 108 29.0
41 109 30.0
41 110 31.0
41 111 32.0
41 112 33.0
41 113 34.0
41 93 35.0
41 140 36.0
42 144 40.0
42 88 41.0
42 20 42.0
42 19 43.0
42 96 44.0
42 97 45.0
42 29 46.0
42 27 47.0
42 33 48.0
42 31 49.0
42 36 50.0
42 37 51.0
42 12 52.0
42 13 53.0
42 80 54.0
42 81 55.0
42 82 56.0
42 83 57.0
42 84 58.0
42 85 59.0
42 2 60.0
42 10 61.0
43 147 38.0
43 49 39.0
43 16 40.0
43 17 41.0
43 74 42.0
43 75 43.0
43 76 44.0
43 77 45.0
43 78 46.0
43 79 47.0
43 12 48.0
43 1 49.0
43 120 50.0
43 121 51.0
43 122 52.0
43 123 53.0
43 124 54.0
43 125 55.0
43 4 56.0
43 8 57.0
44 9 28.0
44 5 29.0
44 114 30.0
44 115 31.0
44 116 32.0
44 117 33.0
44 118 34.0
44 119 35.0
44 0 36.0
44 1 37.0
44 68 38.0
44 69 39.0
44 70 40.0
44 71 41.0
44 72 42.0
44 73 43.0
44 14 44.0
44 17 45.0
44 46 46.0
44 47 47.0
44 142 48.0
45 11 26.0
45 3 27.0
45 62 28.0
45 63 29.0
45 64 30.0
45 65 31.0
45 66 32.0
45 67 33.0
45 0 34.0
45 1 35.0
45 120 36.0
45 121 37.0
45 122 38.0
45 123 39.0
45 124 40.0
45 125 41.0
45 4 42.0
45 8 43.0
46 144 23.0
46 88 24.0
46 20 25.0
46 21 26.0
46 108 27.0
46 109 28.0
46 110 29.0
46 111 30.0
46 112 31.0
46 113 32.0
46 93 33.0
46 140 34.0
47 144 34.0
47 88 35.0
47 20 36.0
47 19 37.0
47 96 38.0
47 97 39.0
47 29 40.0
47 27 41.0
47 33 42.0
47 31 43.0
47 36 44.0
47 37 45.0
47 12 46.0
47 13 47.0
47 80 48.0
47 81 49.0
47 82 50.0
47 83 51.0
47 84 52.0
47 85 53.0
47 2 54.0
47 10 55.0
48 147 40.0
48 49 41.0
48 16 42.0
48 17 43.0
48 74 44.0
48 75 45.0
48 76 46.0
48 77 47.0
48 78 48.0
48 79 49.0
48 12 50.0
48 13 51.0
48 80 52.0
48 81 53.0
48 82 54.0
48 83 55.0
48 84 56.0
48 85 57.0
48 2 58.0
48 10 59.0
49 145 21.0
49 92 22.0
49 102 23.0
49 103 24.0
49 104 25.0
49 105 26.0
49 106 27.0
49 107 28.0
49 18 29.0
49 19 30.0
49 50 31.0
49 51 32.0
49 52 33.0
49 53 34.0
49 54 35.0
49 55 36.0
49 22 37.0
49 23 38.0
49 100 39.0
49 101 40.0
49 41 41.0
49 39 42.0
49 45 43.0
49 43 44.0
49 48 45.0
49 142 46.0
50 145 27.0
50 92 28.0
50 102 29.0
50 103 30.0
50 104 31.0
50 105 32.0
50 106 33.0
50 107 34.0
50 18 35.0
50 21 36.0
50 89 37.0
50 139 38.0
51 143 31.1
51 90 31.0
51 24 32.0
51 25 33.0
51 56 34.0
51 57 35.0
51 58 36.0
51 59 37.0
51 60 38.0
51 61 39.0
51 20 40.0
51 19 41.0
51 96 42.0
51 97 43.0
51 29 44.0
51 27 45.0
51 33 46.0
51 31 47.0
51 36 48.0
51 141 49.0
52 147 25.0
52 49 26.0
52 16 27.0
52 15 28.0
52 132 29.0
52 133 30.0
52 134 31.0
52 135 32.0
52 136 33.0
52 137 34.0
52 6 35.0
53 11 22.0
53 3 23.0
53 62 24.0
53 63 25.0
53 64 26.0
53 65 27.0
53 66 28.0
53 67 29.0
53 0 30.0
53 13 31.0
53 34 32.0
53 35 33.0
53 141 34.0
54 7 29.0
54 126 30.0
54 127 31.0
54 128 32.0
54 129 33.0
54 130 34.0
54 131 35.0
54 14 36.0
54 17 37.0
54 46 38.0
54 47 39.0
54 142 40.0
55 145 25.0
55 92 26.0
55 102 27.0
55 103 28.0
55 104 29.0
55 105 30.0
55 106 31.0
55 107 32.0
55 18 33.0
55 21 34.0
55 89 35.0
55 139 36.0
56 147 33.0
56 46 34.0
56 47 35.0
56 44 36.0
56 42 37.0
56 40 38.0
56 38 39.0
56 98 40.0
56 99 41.0
56 22 42.0
56 25 43.0
56 56 44.0
56 57 45.0
56 58 46.0
56 59 47.0
56 60 48.0
56 61 49.0
56 20 50.0
56 21 51.0
56 89 52.0
56 139 53.0
57 143 21.0
57 90 22.0
57 24 23.0
57 25 24.0
57 56 25.0
57 57 26.0
57 58 27.0
57 59 28.0
57 60 29.0
57 61 30.0
57 20 31.0
57 21 32.0
57 108 33.0
57 109 34.0
57 110 35.0
57 111 36.0
57 112 37.0
57 113 38.0
57 93 39.0
57 140 40.0
59 146 29.0
59 34 30.0
59 35 31.0
59 32 32.0
59 30 33.0
59 28 34.0
59 26 35.0
59 94 36.0
59 95 37.0
59 18 38.0
59 21 39.0
59 89 40.0
59 139 41.0
60 11 40.0
60 3 41.0
60 62 42.0
60 63 43.0
60 64 44.0
60 65 45.0
60 66 46.0
60 67 47.0
60 0 48.0
60 13 49.0
60 34 50.0
60 35 51.0
60 32 52.0
60 30 53.0
60 28 54.0
60 26 55.0
60 94 56.0
60 95 57.0
60 18 58.0
60 21 59.0
60 89 60.0
60 139 61.0
61 145 32.0
61 92 33.0
61 102 34.0
61 103 35.0
61 104 36.0
61 105 37.0
61 106 38.0
61 107 39.0
61 18 40.0
61 21 41.0
61 89 42.0
61 139 43.0
62 146 33.0
62 34 34.0
62 35 35.0
62 32 36.0
62 30 37.0
62 28 38.0
62 26 39.0
62 94 40.0
62 95 41.0
62 18 42.0
62 21 43.0
62 89 44.0
62 139 45.0
63 147 47.0
63 46 48.0
63 47 49.0
63 44 50.0
63 42 51.0
63 40 52.0
63 38 53.0
63 98 54.0
63 99 55.0
63 22 56.0
63 25 57.0
63 56 58.0
63 57 59.0
63 58 60.0
63 59 61.0
63 60 62.0
63 61 63.0
63 20 64.0
63 21 65.0
63 89 66.0
63 139 67.0
64 9 36.0
64 5 37.0
64 114 38.0
64 115 39.0
64 116 40.0
64 117 41.0
64 118 42.0
64 119 43.0
64 0 44.0
64 13 45.0
64 80 46.0
64 81 47.0
64 82 48.0
64 83 49.0
64 84 50.0
64 85 51.0
64 2 52.0
64 10 53.0
65 7 40.0
65 126 41.0
65 127 42.0
65 128 43.0
65 129 44.0
65 130 45.0
65 131 46.0
65 14 47.0
65 17 48.0
65 74 49.0
65 75 50.0
65 76 51.0
65 77 52.0
65 78 53.0
65 79 54.0
65 12 55.0
65 13 56.0
65 34 57.0
65 35 58.0
65 141 59.0
67 9 49.0
67 5 50.0
67 114 51.0
67 115 52.0
67 116 53.0
67 117 54.0
67 118 55.0
67 119 56.0
67 0 57.0
67 13 58.0
67 34 59.0
67 35 60.0
67 32 61.0
67 30 62.0
67 28 63.0
67 26 64.0
67 94 65.0
67 95 66.0
67 18 67.0
67 21 68.0
67 89 69.0
67 139 70.0
68 143 33.0
68 90 34.0
68 24 35.0
68 23 36.0
68 100 37.0
68 101 38.0
68 41 39.0
68 39 40.0
68 45 41.0
68 43 42.0
68 48 43.0
68 49 44.0
68 16 45.0
68 15 46.0
68 132 47.0
68 133 48.0
68 134 49.0
68 135 50.0
68 136 51.0
68 137 52.0
68 6 53.0
69 147 35.0
69 46 36.0
69 47 37.0
69 44 38.0
69 42 39.0
69 40 40.0
69 38 41.0
69 98 42.0
69 99 43.0
69 22 44.0
69 25 45.0
69 91 46.0
69 138 47.0
71 143 38.0
71 90 39.0
71 24 40.0
71 25 41.0
71 56 42.0
71 57 43.0
71 58 44.0
71 59 45.0
71 60 46.0
71 61 47.0
71 20 48.0
71 21 49.0
71 89 50.0
71 139 51.0
72 9 34.0
72 5 35.0
72 114 36.0
72 115 37.0
72 116 38.0
72 117 39.0
72 118 40.0
72 119 41.0
72 0 42.0
72 1 43.0
72 68 44.0
72 69 45.0
72 70 46.0
72 71 47.0
72 72 48.0
72 73 49.0
72 14 50.0
72 15 51.0
72 132 52.0
72 133 53.0
72 134 54.0
72 135 55.0
72 136 56.0
72 137 57.0
72 6 58.0
73 145 40.0
73 92 41.0
73 102 42.0
73 103 43.0
73 104 44.0
73 105 45.0
73 106 46.0
73 107 47.0
73 18 48.0
73 19 49.0
73 96 50.0
73 97 51.0
73 29 52.0
73 27 53.0
73 33 54.0
73 31 55.0
73 36 56.0
73 141 57.0
74 145 36.0
74 92 37.0
74 102 38.0
74 103 39.0
74 104 40.0
74 105 41.0
74 106 42.0
74 107 43.0
74 18 44.0
74 19 45.0
74 50 46.0
74 51 47.0
74 52 48.0
74 53 49.0
74 54 50.0
74 55 51.0
74 22 52.0
74 25 53.0
74 91 54.0
74 138 55.0
75 11 32.0
75 3 33.0
75 62 34.0
75 63 35.0
75 64 36.0
75 65 37.0
75 66 38.0
75 67 39.0
75 0 40.0
75 1 41.0
75 120 42.0
75 121 43.0
75 122 44.0
75 123 45.0
75 124 46.0
75 125 47.0
75 4 48.0
75 8 49.0
76 144 50.0
76 88 51.0
76 20 52.0
76 19 53.0
76 96 54.0
76 97 55.0
76 29 56.0
76 27 57.0
76 33 58.0
76 31 59.0
76 36 60.0
76 37 61.0
76 12 62.0
76 1 63.0
76 120 64.0
76 121 65.0
76 122 66.0
76 123 67.0
76 124 68.0
76 125 69.0
76 4 70.0
76 8 71.0
77 147 49.0
77 49 50.0
77 16 51.0
77 17 52.0
77 74 53.0
77 75 54.0
77 76 55.0
77 77 56.0
77 78 57.0
77 79 58.0
77 12 59.0
77 13 60.0
77 34 61.0
77 35 62.0
77 141 63.0
78 7 50.0
78 126 51.0
78 127 52.0
78 128 53.0
78 129 54.0
78 130 55.0
78 131 56.0
78 14 57.0
78 17 58.0
78 74 59.0
78 75 60.0
78 76 61.0
78 77 62.0
78 78 63.0
78 79 64.0
78 12 65.0
78 13 66.0
78 34 67.0
78 35 68.0
78 141 69.0
79 145 38.0
79 92 39.0
79 102 40.0
79 103 41.0
79 104 42.0
79 105 43.0
79 106 44.0
79 107 45.0
79 18 46.0
79 21 47.0
79 89 48.0
79 139 49.0
83 7 48.0
83 126 49.0
83 127 50.0
83 128 51.0
83 129 52.0
83 130 53.0
83 131 54.0
83 14 55.0
83 17 56.0
83 46 57.0
83 47 58.0
83 142 59.0
85 7 46.0
85 126 47.0
85 127 48.0
85 128 49.0
85 129 50.0
85 130 51.0
85 131 52.0
85 14 53.0
85 17 54.0
85 46 55.0
85 47 56.0
85 142 57.0
87 147 45.0
87 49 46.0
87 16 47.0
87 15 48.0
87 132 49.0
87 133 50.0
87 134 51.0
87 135 52.0
87 136 53.0
87 137 54.0
87 6 55.0
88 11 47.0
88 3 48.0
88 62 49.0
88 63 50.0
88 64 51.0
88 65 52.0
88 66 53.0
88 67 54.0
88 0 55.0
88 1 56.0
88 120 57.0
88 121 58.0
88 122 59.0
88 123 60.0
88 124 61.0
88 125 62.0
88 4 63.0
88 8 64.0
90 143 41.0
90 90 42.0
90 24 43.0
90 23 44.0
90 100 45.0
90 101 46.0
90 41 47.0
90 39 48.0
90 45 49.0
90 43 50.0
90 48 51.0
90 49 52.0
90 16 53.0
90 15 54.0
90 132 55.0
90 133 56.0
90 134 57.0
90 135 58.0
90 136 59.0
90 137 60.0
90 6 61.0
91 143 44.0
91 90 45.0
91 24 46.0
91 25 47.0
91 56 48.0
91 57 49.0
91 58 50.0
91 59 51.0
91 60 52.0
91 61 53.0
91 20 54.0
91 21 55.0
91 89 56.0
91 139 57.0
93 143 48.0
93 90 49.0
93 24 50.0
93 25 51.0
93 56 52.0
93 57 53.0
93 58 54.0
93 59 55.0
93 60 56.0
93 61 57.0
93 20 58.0
93 19 59.0
93 96 60.0
93 97 61.0
93 29 62.0
93 27 63.0
93 33 64.0
93 31 65.0
93 36 66.0
93 141 67.0
94 144 44.0
94 88 45.0
94 20 46.0
94 19 47.0
94 50 48.0
94 51 49.0
94 52 50.0
94 53 51.0
94 54 52.0
94 55 53.0
94 22 54.0
94 23 55.0
94 100 56.0
94 101 57.0
94 41 58.0
94 39 59.0
94 45 60.0
94 43 61.0
94 48 62.0
94 142 63.0
95 143 46.0
95 90 47.0
95 24 48.0
95 25 49.0
95 56 50.0
95 57 51.0
95 58 52.0
95 59 53.0
95 60 54.0
95 61 55.0
95 20 56.0
95 21 57.0
95 89 58.0
95 139 59.0
96 145 42.0
96 92 43.0
96 102 44.0
96 103 45.0
96 104 46.0
96 105 47.0
96 106 48.0
96 107 49.0
96 18 50.0
96 19 51.0
96 50 52.0
96 51 53.0
96 52 54.0
96 53 55.0
96 54 56.0
96 55 57.0
96 22 58.0
96 25 59.0
96 91 60.0
96 138 61.0
97 11 43.0
97 3 44.0
97 62 45.0
97 63 46.0
97 64 47.0
97 65 48.0
97 66 49.0
97 67 50.0
97 0 51.0
97 1 52.0
97 68 53.0
97 69 54.0
97 70 55.0
97 71 56.0
97 72 57.0
97 73 58.0
97 14 59.0
97 15 60.0
97 132 61.0
97 133 62.0
97 134 63.0
97 135 64.0
97 136 65.0
97 137 66.0
97 6 67.0
98 145 48.0
98 92 49.0
98 102 50.0
98 103 51.0
98 104 52.0
98 105 53.0
98 106 54.0
98 107 55.0
98 18 56.0
98 19 57.0
98 96 58.0
98 97 59.0
98 29 60.0
98 27 61.0
98 33 62.0
98 31 63.0
98 36 64.0
98 141 65.0
99 146 42.0
99 37 43.0
99 12 44.0
99 1 45.0
99 120 46.0
99 121 47.0
99 122 48.0
99 123 49.0
99 124 50.0
99 125 51.0
99 4 52.0
99 8 53.0
;
set fixedFlights :=
29 0 1
31 0 1
44 0 1
45 0 1
72 0 1
75 0 1
88 0 1
97 0 1
25 2 10
42 2 10
47 2 10
48 2 10
64 2 10
31 11 3
45 11 3
53 11 3
60 11 3
75 11 3
88 11 3
97 11 3
22 4 8
24 4 8
28 4 8
31 4 8
39 4 8
43 4 8
45 4 8
75 4 8
76 4 8
88 4 8
99 4 8
29 9 5
44 9 5
64 9 5
67 9 5
72 9 5
4 12 13
25 12 13
27 12 13
42 12 13
47 12 13
48 12 13
65 12 13
77 12 13
78 12 13
53 0 13
60 0 13
64 0 13
67 0 13
22 12 1
24 12 1
28 12 1
39 12 1
43 12 1
76 12 1
99 12 1
29 14 15
72 14 15
97 14 15
25 16 17
28 16 17
39 16 17
43 16 17
48 16 17
77 16 17
4 14 17
14 14 17
22 14 17
27 14 17
44 14 17
54 14 17
65 14 17
78 14 17
83 14 17
85 14 17
26 16 15
52 16 15
68 16 15
87 16 15
90 16 15
8 18 19
38 18 19
49 18 19
73 18 19
74 18 19
96 18 19
98 18 19
21 20 21
41 20 21
46 20 21
56 20 21
57 20 21
63 20 21
71 20 21
91 20 21
95 20 21
32 18 21
50 18 21
55 18 21
59 18 21
60 18 21
61 18 21
62 18 21
67 18 21
79 18 21
24 20 19
40 20 19
42 20 19
47 20 19
76 20 19
93 20 19
94 20 19
8 22 23
38 22 23
49 22 23
94 22 23
40 24 25
57 24 25
71 24 25
91 24 25
93 24 25
95 24 25
14 22 25
35 22 25
56 22 25
63 22 25
69 22 25
74 22 25
96 22 25
26 24 23
68 24 23
90 24 23
4 13 34
27 13 34
53 13 34
60 13 34
65 13 34
67 13 34
77 13 34
78 13 34
4 34 35
27 34 35
32 34 35
53 34 35
59 34 35
60 34 35
62 34 35
65 34 35
67 34 35
77 34 35
78 34 35
32 35 32
59 35 32
60 35 32
62 35 32
67 35 32
32 32 30
59 32 30
60 32 30
62 32 30
67 32 30
32 30 28
59 30 28
60 30 28
62 30 28
67 30 28
32 28 26
59 28 26
60 28 26
62 28 26
67 28 26
24 29 27
40 29 27
42 29 27
47 29 27
73 29 27
76 29 27
93 29 27
98 29 27
24 27 33
40 27 33
42 27 33
47 27 33
73 27 33
76 27 33
93 27 33
98 27 33
24 33 31
40 33 31
42 33 31
47 33 31
73 33 31
76 33 31
93 33 31
98 33 31
24 31 36
40 31 36
42 31 36
47 31 36
73 31 36
76 31 36
93 31 36
98 31 36
24 36 37
42 36 37
47 36 37
76 36 37
24 37 12
42 37 12
47 37 12
76 37 12
99 37 12
14 17 46
44 17 46
54 17 46
83 17 46
85 17 46
14 46 47
35 46 47
44 46 47
54 46 47
56 46 47
63 46 47
69 46 47
83 46 47
85 46 47
14 47 44
35 47 44
56 47 44
63 47 44
69 47 44
14 44 42
35 44 42
56 44 42
63 44 42
69 44 42
14 42 40
35 42 40
56 42 40
63 42 40
69 42 40
14 40 38
35 40 38
56 40 38
63 40 38
69 40 38
8 41 39
26 41 39
38 41 39
49 41 39
68 41 39
90 41 39
94 41 39
8 39 45
26 39 45
38 39 45
49 39 45
68 39 45
90 39 45
94 39 45
8 45 43
26 45 43
38 45 43
49 45 43
68 45 43
90 45 43
94 45 43
8 43 48
26 43 48
38 43 48
49 43 48
68 43 48
90 43 48
94 43 48
26 48 49
68 48 49
90 48 49
25 49 16
26 49 16
28 49 16
39 49 16
43 49 16
48 49 16
52 49 16
68 49 16
77 49 16
87 49 16
90 49 16
8 19 50
38 19 50
49 19 50
74 19 50
94 19 50
96 19 50
8 50 51
38 50 51
49 50 51
74 50 51
94 50 51
96 50 51
8 51 52
38 51 52
49 51 52
74 51 52
94 51 52
96 51 52
8 52 53
38 52 53
49 52 53
74 52 53
94 52 53
96 52 53
8 53 54
38 53 54
49 53 54
74 53 54
94 53 54
96 53 54
8 54 55
38 54 55
49 54 55
74 54 55
94 54 55
96 54 55
8 55 22
38 55 22
49 55 22
74 55 22
94 55 22
96 55 22
40 25 56
56 25 56
57 25 56
63 25 56
71 25 56
91 25 56
93 25 56
95 25 56
40 56 57
56 56 57
57 56 57
63 56 57
71 56 57
91 56 57
93 56 57
95 56 57
40 57 58
56 57 58
57 57 58
63 57 58
71 57 58
91 57 58
93 57 58
95 57 58
40 58 59
56 58 59
57 58 59
63 58 59
71 58 59
91 58 59
93 58 59
95 58 59
40 59 60
56 59 60
57 59 60
63 59 60
71 59 60
91 59 60
93 59 60
95 59 60
40 60 61
56 60 61
57 60 61
63 60 61
71 60 61
91 60 61
93 60 61
95 60 61
40 61 20
56 61 20
57 61 20
63 61 20
71 61 20
91 61 20
93 61 20
95 61 20
31 3 62
45 3 62
53 3 62
60 3 62
75 3 62
88 3 62
97 3 62
31 62 63
45 62 63
53 62 63
60 62 63
75 62 63
88 62 63
97 62 63
31 63 64
45 63 64
53 63 64
60 63 64
75 63 64
88 63 64
97 63 64
31 64 65
45 64 65
53 64 65
60 64 65
75 64 65
88 64 65
97 64 65
31 65 66
45 65 66
53 65 66
60 65 66
75 65 66
88 65 66
97 65 66
31 66 67
45 66 67
53 66 67
60 66 67
75 66 67
88 66 67
97 66 67
31 67 0
45 67 0
53 67 0
60 67 0
75 67 0
88 67 0
97 67 0
29 1 68
44 1 68
72 1 68
97 1 68
29 68 69
44 68 69
72 68 69
97 68 69
29 69 70
44 69 70
72 69 70
97 69 70
29 70 71
44 70 71
72 70 71
97 70 71
29 71 72
44 71 72
72 71 72
97 71 72
29 72 73
44 72 73
72 72 73
97 72 73
29 73 14
44 73 14
72 73 14
97 73 14
4 17 74
22 17 74
25 17 74
27 17 74
28 17 74
39 17 74
43 17 74
48 17 74
65 17 74
77 17 74
78 17 74
4 74 75
22 74 75
25 74 75
27 74 75
28 74 75
39 74 75
43 74 75
48 74 75
65 74 75
77 74 75
78 74 75
4 75 76
22 75 76
25 75 76
27 75 76
28 75 76
39 75 76
43 75 76
48 75 76
65 75 76
77 75 76
78 75 76
4 76 77
22 76 77
25 76 77
27 76 77
28 76 77
39 76 77
43 76 77
48 76 77
65 76 77
77 76 77
78 76 77
4 77 78
22 77 78
25 77 78
27 77 78
28 77 78
39 77 78
43 77 78
48 77 78
65 77 78
77 77 78
78 77 78
4 78 79
22 78 79
25 78 79
27 78 79
28 78 79
39 78 79
43 78 79
48 78 79
65 78 79
77 78 79
78 78 79
4 79 12
22 79 12
25 79 12
27 79 12
28 79 12
39 79 12
43 79 12
48 79 12
65 79 12
77 79 12
78 79 12
25 13 80
42 13 80
47 13 80
48 13 80
64 13 80
25 80 81
42 80 81
47 80 81
48 80 81
64 80 81
25 81 82
42 81 82
47 81 82
48 81 82
64 81 82
25 82 83
42 82 83
47 82 83
48 82 83
64 82 83
25 83 84
42 83 84
47 83 84
48 83 84
64 83 84
25 84 85
42 84 85
47 84 85
48 84 85
64 84 85
25 85 2
42 85 2
47 85 2
48 85 2
64 85 2
32 26 94
59 26 94
60 26 94
62 26 94
67 26 94
32 94 95
59 94 95
60 94 95
62 94 95
67 94 95
32 95 18
59 95 18
60 95 18
62 95 18
67 95 18
24 19 96
40 19 96
42 19 96
47 19 96
73 19 96
76 19 96
93 19 96
98 19 96
24 96 97
40 96 97
42 96 97
47 96 97
73 96 97
76 96 97
93 96 97
98 96 97
24 97 29
40 97 29
42 97 29
47 97 29
73 97 29
76 97 29
93 97 29
98 97 29
14 38 98
35 38 98
56 38 98
63 38 98
69 38 98
14 98 99
35 98 99
56 98 99
63 98 99
69 98 99
14 99 22
35 99 22
56 99 22
63 99 22
69 99 22
8 23 100
26 23 100
38 23 100
49 23 100
68 23 100
90 23 100
94 23 100
8 100 101
26 100 101
38 100 101
49 100 101
68 100 101
90 100 101
94 100 101
8 101 41
26 101 41
38 101 41
49 101 41
68 101 41
90 101 41
94 101 41
8 92 102
38 92 102
49 92 102
50 92 102
55 92 102
61 92 102
73 92 102
74 92 102
79 92 102
96 92 102
98 92 102
8 102 103
38 102 103
49 102 103
50 102 103
55 102 103
61 102 103
73 102 103
74 102 103
79 102 103
96 102 103
98 102 103
8 103 104
38 103 104
49 103 104
50 103 104
55 103 104
61 103 104
73 103 104
74 103 104
79 103 104
96 103 104
98 103 104
8 104 105
38 104 105
49 104 105
50 104 105
55 104 105
61 104 105
73 104 105
74 104 105
79 104 105
96 104 105
98 104 105
8 105 106
38 105 106
49 105 106
50 105 106
55 105 106
61 105 106
73 105 106
74 105 106
79 105 106
96 105 106
98 105 106
8 106 107
38 106 107
49 106 107
50 106 107
55 106 107
61 106 107
73 106 107
74 106 107
79 106 107
96 106 107
98 106 107
8 107 18
38 107 18
49 107 18
50 107 18
55 107 18
61 107 18
73 107 18
74 107 18
79 107 18
96 107 18
98 107 18
21 21 108
32 21 108
41 21 108
46 21 108
57 21 108
21 108 109
32 108 109
41 108 109
46 108 109
57 108 109
21 109 110
32 109 110
41 109 110
46 109 110
57 109 110
21 110 111
32 110 111
41 110 111
46 110 111
57 110 111
21 111 112
32 111 112
41 111 112
46 111 112
57 111 112
21 112 113
32 112 113
41 112 113
46 112 113
57 112 113
21 113 93
32 113 93
41 113 93
46 113 93
57 113 93
50 21 89
55 21 89
56 21 89
59 21 89
60 21 89
61 21 89
62 21 89
63 21 89
67 21 89
71 21 89
79 21 89
91 21 89
95 21 89
21 88 20
24 88 20
41 88 20
42 88 20
46 88 20
47 88 20
76 88 20
94 88 20
14 25 91
35 25 91
69 25 91
74 25 91
96 25 91
26 90 24
40 90 24
57 90 24
68 90 24
71 90 24
90 90 24
91 90 24
93 90 24
95 90 24
29 5 114
44 5 114
64 5 114
67 5 114
72 5 114
29 114 115
44 114 115
64 114 115
67 114 115
72 114 115
29 115 116
44 115 116
64 115 116
67 115 116
72 115 116
29 116 117
44 116 117
64 116 117
67 116 117
72 116 117
29 117 118
44 117 118
64 117 118
67 117 118
72 117 118
29 118 119
44 118 119
64 118 119
67 118 119
72 118 119
29 119 0
44 119 0
64 119 0
67 119 0
72 119 0
22 1 120
24 1 120
28 1 120
31 1 120
39 1 120
43 1 120
45 1 120
75 1 120
76 1 120
88 1 120
99 1 120
22 120 121
24 120 121
28 120 121
31 120 121
39 120 121
43 120 121
45 120 121
75 120 121
76 120 121
88 120 121
99 120 121
22 121 122
24 121 122
28 121 122
31 121 122
39 121 122
43 121 122
45 121 122
75 121 122
76 121 122
88 121 122
99 121 122
22 122 123
24 122 123
28 122 123
31 122 123
39 122 123
43 122 123
45 122 123
75 122 123
76 122 123
88 122 123
99 122 123
22 123 124
24 123 124
28 123 124
31 123 124
39 123 124
43 123 124
45 123 124
75 123 124
76 123 124
88 123 124
99 123 124
22 124 125
24 124 125
28 124 125
31 124 125
39 124 125
43 124 125
45 124 125
75 124 125
76 124 125
88 124 125
99 124 125
22 125 4
24 125 4
28 125 4
31 125 4
39 125 4
43 125 4
45 125 4
75 125 4
76 125 4
88 125 4
99 125 4
4 7 126
14 7 126
22 7 126
27 7 126
54 7 126
65 7 126
78 7 126
83 7 126
85 7 126
4 126 127
14 126 127
22 126 127
27 126 127
54 126 127
65 126 127
78 126 127
83 126 127
85 126 127
4 127 128
14 127 128
22 127 128
27 127 128
54 127 128
65 127 128
78 127 128
83 127 128
85 127 128
4 128 129
14 128 129
22 128 129
27 128 129
54 128 129
65 128 129
78 128 129
83 128 129
85 128 129
4 129 130
14 129 130
22 129 130
27 129 130
54 129 130
65 129 130
78 129 130
83 129 130
85 129 130
4 130 131
14 130 131
22 130 131
27 130 131
54 130 131
65 130 131
78 130 131
83 130 131
85 130 131
4 131 14
14 131 14
22 131 14
27 131 14
54 131 14
65 131 14
78 131 14
83 131 14
85 131 14
26 15 132
29 15 132
52 15 132
68 15 132
72 15 132
87 15 132
90 15 132
97 15 132
26 132 133
29 132 133
52 132 133
68 132 133
72 132 133
87 132 133
90 132 133
97 132 133
26 133 134
29 133 134
52 133 134
68 133 134
72 133 134
87 133 134
90 133 134
97 133 134
26 134 135
29 134 135
52 134 135
68 134 135
72 134 135
87 134 135
90 134 135
97 134 135
26 135 136
29 135 136
52 135 136
68 135 136
72 135 136
87 135 136
90 135 136
97 135 136
26 136 137
29 136 137
52 136 137
68 136 137
72 136 137
87 136 137
90 136 137
97 136 137
26 137 6
29 137 6
52 137 6
68 137 6
72 137 6
87 137 6
90 137 6
97 137 6
21 144 88
24 144 88
41 144 88
42 144 88
46 144 88
47 144 88
76 144 88
94 144 88
26 143 90
40 143 90
57 143 90
68 143 90
71 143 90
90 143 90
91 143 90
93 143 90
95 143 90
8 145 92
38 145 92
49 145 92
50 145 92
55 145 92
61 145 92
73 145 92
74 145 92
79 145 92
96 145 92
98 145 92
21 93 140
32 93 140
41 93 140
46 93 140
57 93 140
50 89 139
55 89 139
56 89 139
59 89 139
60 89 139
61 89 139
62 89 139
63 89 139
67 89 139
71 89 139
79 89 139
91 89 139
95 89 139
14 91 138
35 91 138
69 91 138
74 91 138
96 91 138
8 48 142
38 48 142
49 48 142
94 48 142
44 47 142
54 47 142
83 47 142
85 47 142
40 36 141
73 36 141
93 36 141
98 36 141
4 35 141
27 35 141
53 35 141
65 35 141
77 35 141
78 35 141
99 146 37
32 146 34
59 146 34
62 146 34
35 147 46
56 147 46
63 147 46
69 147 46
25 147 49
28 147 49
39 147 49
43 147 49
48 147 49
52 147 49
77 147 49
87 147 49
;
;
set inFlight:=
4
8
14
21
22
24
25
26
27
28
29
31
32
35
38
39
40
41
44
45
46
49
50
52
53
54
55
57
59
;
param tini := 30.1;
