param nn:= 148;
set F:=
0
1
2
3
4
5
6
7
8
9
10
11
12
13
14
15
16
17
18
19
20
21
22
23
24
25
26
27
28
29
30
31
32
33
34
35
36
37
38
39
40
41
42
43
44
45
46
47
48
49
50
51
52
53
54
55
56
57
58
59
60
61
62
63
64
65
66
67
68
69
70
71
72
73
74
75
76
77
78
79
80
83
85
86
88
92
94
95
98
;
param: E: d:=
0 1 2.500000
2 10 1.500000
11 3 1.500000
4 8 1.500000
9 5 1.500000
12 13 2.500000
0 13 2.500000
12 1 2.500000
14 15 2.500000
16 17 2.500000
14 17 2.500000
16 15 2.500000
18 19 2.500000
20 21 2.500000
18 21 2.500000
20 19 2.500000
22 23 2.500000
24 25 2.500000
22 25 2.500000
24 23 2.500000
13 34 2.500000
34 35 2.500000
35 32 2.500000
32 30 2.500000
30 28 2.500000
28 26 2.500000
29 27 2.500000
27 33 2.500000
33 31 2.500000
31 36 2.500000
36 37 2.500000
37 12 2.500000
17 46 2.500000
46 47 2.500000
47 44 2.500000
44 42 2.500000
42 40 2.500000
40 38 2.500000
41 39 2.500000
39 45 2.500000
45 43 2.500000
43 48 2.500000
48 49 2.500000
49 16 2.500000
19 50 2.500000
50 51 2.500000
51 52 2.500000
52 53 2.500000
53 54 2.500000
54 55 2.500000
55 22 2.500000
25 56 2.500000
56 57 2.500000
57 58 2.500000
58 59 2.500000
59 60 2.500000
60 61 2.500000
61 20 2.500000
3 62 2.500000
62 63 2.500000
63 64 2.500000
64 65 2.500000
65 66 2.500000
66 67 2.500000
67 0 2.500000
1 68 2.500000
68 69 2.500000
69 70 2.500000
70 71 2.500000
71 72 2.500000
72 73 2.500000
73 14 2.500000
17 74 2.500000
74 75 2.500000
75 76 2.500000
76 77 2.500000
77 78 2.500000
78 79 2.500000
79 12 2.500000
13 80 2.500000
80 81 2.500000
81 82 2.500000
82 83 2.500000
83 84 2.500000
84 85 2.500000
85 2 2.500000
26 94 2.500000
94 95 2.500000
95 18 2.500000
19 96 2.500000
96 97 2.500000
97 29 2.500000
38 98 2.500000
98 99 2.500000
99 22 2.500000
23 100 2.500000
100 101 2.500000
101 41 2.500000
92 102 2.500000
102 103 2.500000
103 104 2.500000
104 105 2.500000
105 106 2.500000
106 107 2.500000
107 18 2.500000
21 108 2.500000
108 109 2.500000
109 110 2.500000
110 111 2.500000
111 112 2.500000
112 113 2.500000
113 93 2.500000
21 89 2.500000
88 20 2.500000
25 91 2.500000
90 24 2.500000
5 114 2.500000
114 115 2.500000
115 116 2.500000
116 117 2.500000
117 118 2.500000
118 119 2.500000
119 0 2.500000
1 120 2.500000
120 121 2.500000
121 122 2.500000
122 123 2.500000
123 124 2.500000
124 125 2.500000
125 4 2.500000
7 126 1.500000
126 127 2.500000
127 128 2.500000
128 129 2.500000
129 130 2.500000
130 131 2.500000
131 14 2.500000
15 132 2.500000
132 133 2.500000
133 134 2.500000
134 135 2.500000
135 136 2.500000
136 137 2.500000
137 6 1.500000
87 6 1.500000
7 86 1.500000
144 88 1.500000
143 90 1.500000
145 92 1.500000
93 140 1.500000
89 139 1.500000
91 138 1.500000
48 142 1.500000
47 142 1.500000
36 141 1.500000
35 141 1.500000
146 37 1.500000
146 34 1.500000
147 46 1.500000
147 49 1.500000
;
param s:=
0 9
1 143
2 9
3 145
4 143
5 9
6 145
7 145
8 9
9 144
10 145
11 9
12 143
13 7
14 9
15 145
16 145
17 144
18 144
19 147
20 146
21 7
22 9
23 143
24 145
25 9
26 144
27 143
28 143
29 11
30 7
31 7
32 143
33 147
34 146
35 144
36 9
37 7
38 9
39 144
40 146
41 146
42 143
43 147
44 11
45 144
46 144
47 144
48 7
49 9
50 11
51 9
52 146
53 145
54 147
55 11
56 7
57 143
58 11
59 146
60 9
61 9
62 145
63 144
64 147
65 143
66 147
67 143
68 145
69 143
70 145
71 145
72 147
73 146
74 143
75 144
76 7
77 147
78 146
79 9
80 7
83 147
85 147
86 11
88 9
92 9
94 7
95 11
98 145
;
param e:=
0 139
1 6
2 139
3 142
4 140
5 10
6 139
7 142
8 10
9 10
10 141
11 10
12 139
13 142
14 141
15 138
16 141
17 142
18 142
19 139
20 10
21 138
22 141
23 142
24 142
25 10
26 10
27 140
28 140
29 141
30 142
31 142
32 139
33 6
34 140
35 140
36 139
37 142
38 141
39 10
40 140
41 139
42 6
43 8
44 142
45 10
46 142
47 142
48 10
49 142
50 141
51 6
52 138
53 139
54 138
55 8
56 8
57 141
58 8
59 10
60 6
61 141
62 141
63 10
64 8
65 141
66 10
67 139
68 138
69 140
70 141
71 139
72 10
73 140
74 141
75 10
76 8
77 138
78 140
79 141
80 138
83 6
85 138
86 8
88 139
92 6
94 8
95 8
98 138
;
param v_min:=2.375
;
param v_max:=2.625
;
param :conflictsNodes: angle:=
0 1 13 1.000000
0 13 1 1.000000
0 1 67 1.000000
0 67 1 1.000000
0 1 119 1.000000
0 119 1 1.000000
0 13 67 1.000000
0 67 13 1.000000
0 13 119 1.000000
0 119 13 1.000000
0 67 119 1.000000
0 119 67 1.000000
1 0 68 1.000000
1 68 0 1.000000
1 0 120 1.000000
1 120 0 1.000000
1 0 12 1.000000
1 12 0 1.000000
1 68 120 1.000000
1 120 68 1.000000
1 12 68 1.000000
1 68 12 1.000000
1 12 120 1.000000
1 120 12 1.000000
12 13 37 1.000000
12 37 13 1.000000
12 13 79 1.000000
12 79 13 1.000000
12 1 13 1.000000
12 13 1 1.000000
12 1 37 1.000000
12 37 1 1.000000
12 1 79 1.000000
12 79 1 1.000000
12 37 79 1.000000
12 79 37 1.000000
13 0 12 1.000000
13 12 0 1.000000
13 0 34 1.000000
13 34 0 1.000000
13 0 80 1.000000
13 80 0 1.000000
13 12 34 1.000000
13 34 12 1.000000
13 12 80 1.000000
13 80 12 1.000000
13 34 80 1.000000
13 80 34 1.000000
14 15 17 1.000000
14 17 15 1.000000
14 15 73 1.000000
14 73 15 1.000000
14 15 131 1.000000
14 131 15 1.000000
14 17 73 1.000000
14 73 17 1.000000
14 17 131 1.000000
14 131 17 1.000000
14 73 131 1.000000
14 131 73 1.000000
15 14 132 1.000000
15 132 14 1.000000
15 14 16 1.000000
15 16 14 1.000000
15 16 132 1.000000
15 132 16 1.000000
16 17 49 1.000000
16 49 17 1.000000
16 15 17 1.000000
16 17 15 1.000000
16 15 49 1.000000
16 49 15 1.000000
17 14 16 1.000000
17 16 14 1.000000
17 14 46 1.000000
17 46 14 1.000000
17 14 74 1.000000
17 74 14 1.000000
17 16 46 1.000000
17 46 16 1.000000
17 16 74 1.000000
17 74 16 1.000000
17 46 74 1.000000
17 74 46 1.000000
18 19 21 1.000000
18 21 19 1.000000
18 19 95 1.000000
18 95 19 1.000000
18 19 107 1.000000
18 107 19 1.000000
18 21 95 1.000000
18 95 21 1.000000
18 21 107 1.000000
18 107 21 1.000000
18 95 107 1.000000
18 107 95 1.000000
19 18 50 1.000000
19 50 18 1.000000
19 18 96 1.000000
19 96 18 1.000000
19 18 20 1.000000
19 20 18 1.000000
19 50 96 1.000000
19 96 50 1.000000
19 20 50 1.000000
19 50 20 1.000000
19 20 96 1.000000
19 96 20 1.000000
20 21 61 1.000000
20 61 21 1.000000
20 21 88 1.000000
20 88 21 1.000000
20 19 21 1.000000
20 21 19 1.000000
20 19 61 1.000000
20 61 19 1.000000
20 19 88 1.000000
20 88 19 1.000000
20 61 88 1.000000
20 88 61 1.000000
21 18 20 1.000000
21 20 18 1.000000
21 18 108 1.000000
21 108 18 1.000000
21 18 89 1.000000
21 89 18 1.000000
21 20 108 1.000000
21 108 20 1.000000
21 20 89 1.000000
21 89 20 1.000000
21 89 108 1.000000
21 108 89 1.000000
22 23 25 1.000000
22 25 23 1.000000
22 23 55 1.000000
22 55 23 1.000000
22 23 99 1.000000
22 99 23 1.000000
22 25 55 1.000000
22 55 25 1.000000
22 25 99 1.000000
22 99 25 1.000000
22 55 99 1.000000
22 99 55 1.000000
23 22 100 1.000000
23 100 22 1.000000
23 22 24 1.000000
23 24 22 1.000000
23 24 100 1.000000
23 100 24 1.000000
24 25 90 1.000000
24 90 25 1.000000
24 23 25 1.000000
24 25 23 1.000000
24 23 90 1.000000
24 90 23 1.000000
25 22 24 1.000000
25 24 22 1.000000
25 22 56 1.000000
25 56 22 1.000000
25 22 91 1.000000
25 91 22 1.000000
25 24 56 1.000000
25 56 24 1.000000
25 24 91 1.000000
25 91 24 1.000000
25 56 91 1.000000
25 91 56 1.000000
26 28 94 1.000000
26 94 28 1.000000
27 29 33 1.000000
27 33 29 1.000000
28 26 30 1.000000
28 30 26 1.000000
29 27 97 1.000000
29 97 27 1.000000
30 28 32 1.000000
30 32 28 1.000000
31 33 36 1.000000
31 36 33 1.000000
32 30 35 1.000000
32 35 30 1.000000
33 27 31 1.000000
33 31 27 1.000000
34 13 35 1.000000
34 35 13 1.000000
35 32 34 1.000000
35 34 32 1.000000
36 31 37 1.000000
36 37 31 1.000000
37 12 36 1.000000
37 36 12 1.000000
38 40 98 1.000000
38 98 40 1.000000
39 41 45 1.000000
39 45 41 1.000000
40 38 42 1.000000
40 42 38 1.000000
41 39 101 1.000000
41 101 39 1.000000
42 40 44 1.000000
42 44 40 1.000000
43 45 48 1.000000
43 48 45 1.000000
44 42 47 1.000000
44 47 42 1.000000
45 39 43 1.000000
45 43 39 1.000000
46 17 47 1.000000
46 47 17 1.000000
47 44 46 1.000000
47 46 44 1.000000
48 43 49 1.000000
48 49 43 1.000000
49 16 48 1.000000
49 48 16 1.000000
50 19 51 1.000000
50 51 19 1.000000
51 50 52 1.000000
51 52 50 1.000000
52 51 53 1.000000
52 53 51 1.000000
53 52 54 1.000000
53 54 52 1.000000
54 53 55 1.000000
54 55 53 1.000000
55 22 54 1.000000
55 54 22 1.000000
56 25 57 1.000000
56 57 25 1.000000
57 56 58 1.000000
57 58 56 1.000000
58 57 59 1.000000
58 59 57 1.000000
59 58 60 1.000000
59 60 58 1.000000
60 59 61 1.000000
60 61 59 1.000000
61 20 60 1.000000
61 60 20 1.000000
62 3 63 1.000000
62 63 3 1.000000
63 62 64 1.000000
63 64 62 1.000000
64 63 65 1.000000
64 65 63 1.000000
65 64 66 1.000000
65 66 64 1.000000
66 65 67 1.000000
66 67 65 1.000000
67 0 66 1.000000
67 66 0 1.000000
68 1 69 1.000000
68 69 1 1.000000
69 68 70 1.000000
69 70 68 1.000000
70 69 71 1.000000
70 71 69 1.000000
71 70 72 1.000000
71 72 70 1.000000
72 71 73 1.000000
72 73 71 1.000000
73 14 72 1.000000
73 72 14 1.000000
74 17 75 1.000000
74 75 17 1.000000
75 74 76 1.000000
75 76 74 1.000000
76 75 77 1.000000
76 77 75 1.000000
77 76 78 1.000000
77 78 76 1.000000
78 77 79 1.000000
78 79 77 1.000000
79 12 78 1.000000
79 78 12 1.000000
80 13 81 1.000000
80 81 13 1.000000
81 80 82 1.000000
81 82 80 1.000000
82 81 83 1.000000
82 83 81 1.000000
83 82 84 1.000000
83 84 82 1.000000
84 83 85 1.000000
84 85 83 1.000000
85 2 84 1.000000
85 84 2 1.000000
94 26 95 1.000000
94 95 26 1.000000
95 18 94 1.000000
95 94 18 1.000000
96 19 97 1.000000
96 97 19 1.000000
97 29 96 1.000000
97 96 29 1.000000
98 38 99 1.000000
98 99 38 1.000000
99 22 98 1.000000
99 98 22 1.000000
100 23 101 1.000000
100 101 23 1.000000
101 41 100 1.000000
101 100 41 1.000000
102 92 103 1.000000
102 103 92 1.000000
103 102 104 1.000000
103 104 102 1.000000
104 103 105 1.000000
104 105 103 1.000000
105 104 106 1.000000
105 106 104 1.000000
106 105 107 1.000000
106 107 105 1.000000
107 18 106 1.000000
107 106 18 1.000000
108 21 109 1.000000
108 109 21 1.000000
109 108 110 1.000000
109 110 108 1.000000
110 109 111 1.000000
110 111 109 1.000000
111 110 112 1.000000
111 112 110 1.000000
112 111 113 1.000000
112 113 111 1.000000
113 93 112 1.000000
113 112 93 1.000000
114 5 115 1.000000
114 115 5 1.000000
115 114 116 1.000000
115 116 114 1.000000
116 115 117 1.000000
116 117 115 1.000000
117 116 118 1.000000
117 118 116 1.000000
118 117 119 1.000000
118 119 117 1.000000
119 0 118 1.000000
119 118 0 1.000000
120 1 121 1.000000
120 121 1 1.000000
121 120 122 1.000000
121 122 120 1.000000
122 121 123 1.000000
122 123 121 1.000000
123 122 124 1.000000
123 124 122 1.000000
124 123 125 1.000000
124 125 123 1.000000
125 4 124 1.000000
125 124 4 1.000000
127 126 128 1.000000
127 128 126 1.000000
128 127 129 1.000000
128 129 127 1.000000
129 128 130 1.000000
129 130 128 1.000000
130 129 131 1.000000
130 131 129 1.000000
131 14 130 1.000000
131 130 14 1.000000
132 15 133 1.000000
132 133 15 1.000000
133 132 134 1.000000
133 134 132 1.000000
134 133 135 1.000000
134 135 133 1.000000
135 134 136 1.000000
135 136 134 1.000000
136 135 137 1.000000
136 137 135 1.000000
;
param D:=0.5;
param t_hat_ear:=
0 9 8.0
0 5 9.0
0 114 10.0
0 115 11.0
0 116 12.0
0 117 13.0
0 118 14.0
0 119 15.0
0 0 16.0
0 13 17.0
0 34 18.0
0 35 19.0
0 32 20.0
0 30 21.0
0 28 22.0
0 26 23.0
0 94 24.0
0 95 25.0
0 18 26.0
0 21 27.0
0 89 28.0
0 139 29.0
1 143 0.0
1 90 1.0
1 24 2.0
1 23 3.0
1 100 4.0
1 101 5.0
1 41 6.0
1 39 7.0
1 45 8.0
1 43 9.0
1 48 10.0
1 49 11.0
1 16 12.0
1 15 13.0
1 132 14.0
1 133 15.0
1 134 16.0
1 135 17.0
1 136 18.0
1 137 19.0
1 6 20.0
2 9 3.1
2 5 3.0
2 114 4.0
2 115 5.0
2 116 6.0
2 117 7.0
2 118 8.0
2 119 9.0
2 0 10.0
2 13 11.0
2 34 12.0
2 35 13.0
2 32 14.0
2 30 15.0
2 28 16.0
2 26 17.0
2 94 18.0
2 95 19.0
2 18 20.0
2 21 21.0
2 89 22.0
2 139 23.0
3 145 0.0
3 92 1.0
3 102 2.0
3 103 3.0
3 104 4.0
3 105 5.0
3 106 6.0
3 107 7.0
3 18 8.0
3 19 9.0
3 50 10.0
3 51 11.0
3 52 12.0
3 53 13.0
3 54 14.0
3 55 15.0
3 22 16.0
3 23 17.0
3 100 18.0
3 101 19.0
3 41 20.0
3 39 21.0
3 45 22.0
3 43 23.0
3 48 24.0
3 142 25.0
4 143 5.0
4 90 6.0
4 24 7.0
4 25 8.0
4 56 9.0
4 57 10.0
4 58 11.0
4 59 12.0
4 60 13.0
4 61 14.0
4 20 15.0
4 21 16.0
4 108 17.0
4 109 18.0
4 110 19.0
4 111 20.0
4 112 21.0
4 113 22.0
4 93 23.0
4 140 24.0
5 9 4.0
5 5 5.0
5 114 6.0
5 115 7.0
5 116 8.0
5 117 9.0
5 118 10.0
5 119 11.0
5 0 12.0
5 13 13.0
5 80 14.0
5 81 15.0
5 82 16.0
5 83 17.0
5 84 18.0
5 85 19.0
5 2 20.0
5 10 21.0
6 145 3.1
6 92 3.0
6 102 4.0
6 103 5.0
6 104 6.0
6 105 7.0
6 106 8.0
6 107 9.0
6 18 10.0
6 21 11.0
6 89 12.0
6 139 13.0
7 145 10.0
7 92 11.0
7 102 12.0
7 103 13.0
7 104 14.0
7 105 15.0
7 106 16.0
7 107 17.0
7 18 18.0
7 19 19.0
7 50 20.0
7 51 21.0
7 52 22.0
7 53 23.0
7 54 24.0
7 55 25.0
7 22 26.0
7 23 27.0
7 100 28.0
7 101 29.0
7 41 30.0
7 39 31.0
7 45 32.0
7 43 33.0
7 48 34.0
7 142 35.0
8 9 6.0
8 5 7.0
8 114 8.0
8 115 9.0
8 116 10.0
8 117 11.0
8 118 12.0
8 119 13.0
8 0 14.0
8 13 15.0
8 80 16.0
8 81 17.0
8 82 18.0
8 83 19.0
8 84 20.0
8 85 21.0
8 2 22.0
8 10 23.0
9 144 8.0
9 88 9.0
9 20 10.0
9 19 11.0
9 96 12.0
9 97 13.0
9 29 14.0
9 27 15.0
9 33 16.0
9 31 17.0
9 36 18.0
9 37 19.0
9 12 20.0
9 13 21.0
9 80 22.0
9 81 23.0
9 82 24.0
9 83 25.0
9 84 26.0
9 85 27.0
9 2 28.0
9 10 29.0
10 145 6.0
10 92 7.0
10 102 8.0
10 103 9.0
10 104 10.0
10 105 11.0
10 106 12.0
10 107 13.0
10 18 14.0
10 19 15.0
10 96 16.0
10 97 17.0
10 29 18.0
10 27 19.0
10 33 20.0
10 31 21.0
10 36 22.0
10 141 23.0
11 9 10.0
11 5 11.0
11 114 12.0
11 115 13.0
11 116 14.0
11 117 15.0
11 118 16.0
11 119 17.0
11 0 18.0
11 13 19.0
11 80 20.0
11 81 21.0
11 82 22.0
11 83 23.0
11 84 24.0
11 85 25.0
11 2 26.0
11 10 27.0
12 143 3.1
12 90 3.0
12 24 4.0
12 25 5.0
12 56 6.0
12 57 7.0
12 58 8.0
12 59 9.0
12 60 10.0
12 61 11.0
12 20 12.0
12 21 13.0
12 89 14.0
12 139 15.0
13 7 0.0
13 126 1.0
13 127 2.0
13 128 3.0
13 129 4.0
13 130 5.0
13 131 6.0
13 14 7.0
13 17 8.0
13 46 9.0
13 47 10.0
13 142 11.0
14 9 0.0
14 5 1.0
14 114 2.0
14 115 3.0
14 116 4.0
14 117 5.0
14 118 6.0
14 119 7.0
14 0 8.0
14 13 9.0
14 34 10.0
14 35 11.0
14 141 12.0
15 145 8.0
15 92 9.0
15 102 10.0
15 103 11.0
15 104 12.0
15 105 13.0
15 106 14.0
15 107 15.0
15 18 16.0
15 19 17.0
15 50 18.0
15 51 19.0
15 52 20.0
15 53 21.0
15 54 22.0
15 55 23.0
15 22 24.0
15 25 25.0
15 91 26.0
15 138 27.0
16 145 4.0
16 92 5.0
16 102 6.0
16 103 7.0
16 104 8.0
16 105 9.0
16 106 10.0
16 107 11.0
16 18 12.0
16 19 13.0
16 96 14.0
16 97 15.0
16 29 16.0
16 27 17.0
16 33 18.0
16 31 19.0
16 36 20.0
16 141 21.0
17 144 4.0
17 88 5.0
17 20 6.0
17 19 7.0
17 50 8.0
17 51 9.0
17 52 10.0
17 53 11.0
17 54 12.0
17 55 13.0
17 22 14.0
17 23 15.0
17 100 16.0
17 101 17.0
17 41 18.0
17 39 19.0
17 45 20.0
17 43 21.0
17 48 22.0
17 142 23.0
18 144 1.0
18 88 2.0
18 20 3.0
18 19 4.0
18 50 5.0
18 51 6.0
18 52 7.0
18 53 8.0
18 54 9.0
18 55 10.0
18 22 11.0
18 23 12.0
18 100 13.0
18 101 14.0
18 41 15.0
18 39 16.0
18 45 17.0
18 43 18.0
18 48 19.0
18 142 20.0
19 147 0.0
19 46 1.0
19 47 2.0
19 44 3.0
19 42 4.0
19 40 5.0
19 38 6.0
19 98 7.0
19 99 8.0
19 22 9.0
19 25 10.0
19 56 11.0
19 57 12.0
19 58 13.0
19 59 14.0
19 60 15.0
19 61 16.0
19 20 17.0
19 21 18.0
19 89 19.0
19 139 20.0
20 146 26.0
20 37 27.0
20 12 28.0
20 13 29.0
20 80 30.0
20 81 31.0
20 82 32.0
20 83 33.0
20 84 34.0
20 85 35.0
20 2 36.0
20 10 37.0
21 7 11.0
21 126 12.0
21 127 13.0
21 128 14.0
21 129 15.0
21 130 16.0
21 131 17.0
21 14 18.0
21 17 19.0
21 46 20.0
21 47 21.0
21 44 22.0
21 42 23.0
21 40 24.0
21 38 25.0
21 98 26.0
21 99 27.0
21 22 28.0
21 25 29.0
21 91 30.0
21 138 31.0
22 9 24.0
22 5 25.0
22 114 26.0
22 115 27.0
22 116 28.0
22 117 29.0
22 118 30.0
22 119 31.0
22 0 32.0
22 13 33.0
22 34 34.0
22 35 35.0
22 141 36.0
23 143 16.0
23 90 17.0
23 24 18.0
23 23 19.0
23 100 20.0
23 101 21.0
23 41 22.0
23 39 23.0
23 45 24.0
23 43 25.0
23 48 26.0
23 142 27.0
24 145 14.0
24 92 15.0
24 102 16.0
24 103 17.0
24 104 18.0
24 105 19.0
24 106 20.0
24 107 21.0
24 18 22.0
24 19 23.0
24 50 24.0
24 51 25.0
24 52 26.0
24 53 27.0
24 54 28.0
24 55 29.0
24 22 30.0
24 23 31.0
24 100 32.0
24 101 33.0
24 41 34.0
24 39 35.0
24 45 36.0
24 43 37.0
24 48 38.0
24 142 39.0
25 9 28.0
25 5 29.0
25 114 30.0
25 115 31.0
25 116 32.0
25 117 33.0
25 118 34.0
25 119 35.0
25 0 36.0
25 13 37.0
25 80 38.0
25 81 39.0
25 82 40.0
25 83 41.0
25 84 42.0
25 85 43.0
25 2 44.0
25 10 45.0
26 144 22.0
26 88 23.0
26 20 24.0
26 19 25.0
26 96 26.0
26 97 27.0
26 29 28.0
26 27 29.0
26 33 30.0
26 31 31.0
26 36 32.0
26 37 33.0
26 12 34.0
26 13 35.0
26 80 36.0
26 81 37.0
26 82 38.0
26 83 39.0
26 84 40.0
26 85 41.0
26 2 42.0
26 10 43.0
27 143 12.0
27 90 13.0
27 24 14.0
27 25 15.0
27 56 16.0
27 57 17.0
27 58 18.0
27 59 19.0
27 60 20.0
27 61 21.0
27 20 22.0
27 21 23.0
27 108 24.0
27 109 25.0
27 110 26.0
27 111 27.0
27 112 28.0
27 113 29.0
27 93 30.0
27 140 31.0
28 143 18.0
28 90 19.0
28 24 20.0
28 25 21.0
28 56 22.0
28 57 23.0
28 58 24.0
28 59 25.0
28 60 26.0
28 61 27.0
28 20 28.0
28 21 29.0
28 108 30.0
28 109 31.0
28 110 32.0
28 111 33.0
28 112 34.0
28 113 35.0
28 93 36.0
28 140 37.0
29 11 18.0
29 3 19.0
29 62 20.0
29 63 21.0
29 64 22.0
29 65 23.0
29 66 24.0
29 67 25.0
29 0 26.0
29 13 27.0
29 34 28.0
29 35 29.0
29 141 30.0
30 7 20.0
30 126 21.0
30 127 22.0
30 128 23.0
30 129 24.0
30 130 25.0
30 131 26.0
30 14 27.0
30 17 28.0
30 46 29.0
30 47 30.0
30 142 31.0
31 7 26.0
31 126 27.0
31 127 28.0
31 128 29.0
31 129 30.0
31 130 31.0
31 131 32.0
31 14 33.0
31 17 34.0
31 46 35.0
31 47 36.0
31 142 37.0
32 143 28.0
32 90 29.0
32 24 30.0
32 25 31.0
32 56 32.0
32 57 33.0
32 58 34.0
32 59 35.0
32 60 36.0
32 61 37.0
32 20 38.0
32 21 39.0
32 89 40.0
32 139 41.0
33 147 12.0
33 49 13.0
33 16 14.0
33 15 15.0
33 132 16.0
33 133 17.0
33 134 18.0
33 135 19.0
33 136 20.0
33 137 21.0
33 6 22.0
34 146 15.0
34 34 16.0
34 35 17.0
34 32 18.0
34 30 19.0
34 28 20.0
34 26 21.0
34 94 22.0
34 95 23.0
34 18 24.0
34 21 25.0
34 108 26.0
34 109 27.0
34 110 28.0
34 111 29.0
34 112 30.0
34 113 31.0
34 93 32.0
34 140 33.0
35 144 28.0
35 88 29.0
35 20 30.0
35 21 31.0
35 108 32.0
35 109 33.0
35 110 34.0
35 111 35.0
35 112 36.0
35 113 37.0
35 93 38.0
35 140 39.0
36 9 16.0
36 5 17.0
36 114 18.0
36 115 19.0
36 116 20.0
36 117 21.0
36 118 22.0
36 119 23.0
36 0 24.0
36 13 25.0
36 34 26.0
36 35 27.0
36 32 28.0
36 30 29.0
36 28 30.0
36 26 31.0
36 94 32.0
36 95 33.0
36 18 34.0
36 21 35.0
36 89 36.0
36 139 37.0
37 7 18.0
37 126 19.0
37 127 20.0
37 128 21.0
37 129 22.0
37 130 23.0
37 131 24.0
37 14 25.0
37 17 26.0
37 46 27.0
37 47 28.0
37 142 29.0
38 9 14.0
38 5 15.0
38 114 16.0
38 115 17.0
38 116 18.0
38 117 19.0
38 118 20.0
38 119 21.0
38 0 22.0
38 13 23.0
38 34 24.0
38 35 25.0
38 141 26.0
39 144 18.0
39 88 19.0
39 20 20.0
39 19 21.0
39 96 22.0
39 97 23.0
39 29 24.0
39 27 25.0
39 33 26.0
39 31 27.0
39 36 28.0
39 37 29.0
39 12 30.0
39 13 31.0
39 80 32.0
39 81 33.0
39 82 34.0
39 83 35.0
39 84 36.0
39 85 37.0
39 2 38.0
39 10 39.0
40 146 31.0
40 34 32.0
40 35 33.0
40 32 34.0
40 30 35.0
40 28 36.0
40 26 37.0
40 94 38.0
40 95 39.0
40 18 40.0
40 21 41.0
40 108 42.0
40 109 43.0
40 110 44.0
40 111 45.0
40 112 46.0
40 113 47.0
40 93 48.0
40 140 49.0
41 146 36.0
41 34 37.0
41 35 38.0
41 32 39.0
41 30 40.0
41 28 41.0
41 26 42.0
41 94 43.0
41 95 44.0
41 18 45.0
41 21 46.0
41 89 47.0
41 139 48.0
42 143 20.0
42 90 21.0
42 24 22.0
42 23 23.0
42 100 24.0
42 101 25.0
42 41 26.0
42 39 27.0
42 45 28.0
42 43 29.0
42 48 30.0
42 49 31.0
42 16 32.0
42 15 33.0
42 132 34.0
42 133 35.0
42 134 36.0
42 135 37.0
42 136 38.0
42 137 39.0
42 6 40.0
43 147 27.0
43 49 28.0
43 16 29.0
43 17 30.0
43 74 31.0
43 75 32.0
43 76 33.0
43 77 34.0
43 78 35.0
43 79 36.0
43 12 37.0
43 1 38.0
43 120 39.0
43 121 40.0
43 122 41.0
43 123 42.0
43 124 43.0
43 125 44.0
43 4 45.0
43 8 46.0
44 11 33.0
44 3 34.0
44 62 35.0
44 63 36.0
44 64 37.0
44 65 38.0
44 66 39.0
44 67 40.0
44 0 41.0
44 1 42.0
44 68 43.0
44 69 44.0
44 70 45.0
44 71 46.0
44 72 47.0
44 73 48.0
44 14 49.0
44 17 50.0
44 46 51.0
44 47 52.0
44 142 53.0
45 144 39.0
45 88 40.0
45 20 41.0
45 19 42.0
45 96 43.0
45 97 44.0
45 29 45.0
45 27 46.0
45 33 47.0
45 31 48.0
45 36 49.0
45 37 50.0
45 12 51.0
45 13 52.0
45 80 53.0
45 81 54.0
45 82 55.0
45 83 56.0
45 84 57.0
45 85 58.0
45 2 59.0
45 10 60.0
46 144 30.0
46 88 31.0
46 20 32.0
46 19 33.0
46 50 34.0
46 51 35.0
46 52 36.0
46 53 37.0
46 54 38.0
46 55 39.0
46 22 40.0
46 23 41.0
46 100 42.0
46 101 43.0
46 41 44.0
46 39 45.0
46 45 46.0
46 43 47.0
46 48 48.0
46 142 49.0
47 144 24.0
47 88 25.0
47 20 26.0
47 19 27.0
47 50 28.0
47 51 29.0
47 52 30.0
47 53 31.0
47 54 32.0
47 55 33.0
47 22 34.0
47 23 35.0
47 100 36.0
47 101 37.0
47 41 38.0
47 39 39.0
47 45 40.0
47 43 41.0
47 48 42.0
47 142 43.0
48 7 24.0
48 126 25.0
48 127 26.0
48 128 27.0
48 129 28.0
48 130 29.0
48 131 30.0
48 14 31.0
48 17 32.0
48 74 33.0
48 75 34.0
48 76 35.0
48 77 36.0
48 78 37.0
48 79 38.0
48 12 39.0
48 13 40.0
48 80 41.0
48 81 42.0
48 82 43.0
48 83 44.0
48 84 45.0
48 85 46.0
48 2 47.0
48 10 48.0
49 9 31.0
49 5 32.0
49 114 33.0
49 115 34.0
49 116 35.0
49 117 36.0
49 118 37.0
49 119 38.0
49 0 39.0
49 1 40.0
49 68 41.0
49 69 42.0
49 70 43.0
49 71 44.0
49 72 45.0
49 73 46.0
49 14 47.0
49 17 48.0
49 46 49.0
49 47 50.0
49 142 51.0
50 11 35.0
50 3 36.0
50 62 37.0
50 63 38.0
50 64 39.0
50 65 40.0
50 66 41.0
50 67 42.0
50 0 43.0
50 13 44.0
50 34 45.0
50 35 46.0
50 141 47.0
51 9 22.0
51 5 23.0
51 114 24.0
51 115 25.0
51 116 26.0
51 117 27.0
51 118 28.0
51 119 29.0
51 0 30.0
51 1 31.0
51 68 32.0
51 69 33.0
51 70 34.0
51 71 35.0
51 72 36.0
51 73 37.0
51 14 38.0
51 15 39.0
51 132 40.0
51 133 41.0
51 134 42.0
51 135 43.0
51 136 44.0
51 137 45.0
51 6 46.0
52 146 20.0
52 34 21.0
52 35 22.0
52 32 23.0
52 30 24.0
52 28 25.0
52 26 26.0
52 94 27.0
52 95 28.0
52 18 29.0
52 19 30.0
52 50 31.0
52 51 32.0
52 52 33.0
52 53 34.0
52 54 35.0
52 55 36.0
52 22 37.0
52 25 38.0
52 91 39.0
52 138 40.0
53 145 24.0
53 92 25.0
53 102 26.0
53 103 27.0
53 104 28.0
53 105 29.0
53 106 30.0
53 107 31.0
53 18 32.0
53 21 33.0
53 89 34.0
53 139 35.0
54 147 23.0
54 46 24.0
54 47 25.0
54 44 26.0
54 42 27.0
54 40 28.0
54 38 29.0
54 98 30.0
54 99 31.0
54 22 32.0
54 25 33.0
54 91 34.0
54 138 35.0
55 11 20.0
55 3 21.0
55 62 22.0
55 63 23.0
55 64 24.0
55 65 25.0
55 66 26.0
55 67 27.0
55 0 28.0
55 1 29.0
55 120 30.0
55 121 31.0
55 122 32.0
55 123 33.0
55 124 34.0
55 125 35.0
55 4 36.0
55 8 37.0
56 7 28.0
56 126 29.0
56 127 30.0
56 128 31.0
56 129 32.0
56 130 33.0
56 131 34.0
56 14 35.0
56 17 36.0
56 74 37.0
56 75 38.0
56 76 39.0
56 77 40.0
56 78 41.0
56 79 42.0
56 12 43.0
56 1 44.0
56 120 45.0
56 121 46.0
56 122 47.0
56 123 48.0
56 124 49.0
56 125 50.0
56 4 51.0
56 8 52.0
57 143 24.0
57 90 25.0
57 24 26.0
57 25 27.0
57 56 28.0
57 57 29.0
57 58 30.0
57 59 31.0
57 60 32.0
57 61 33.0
57 20 34.0
57 19 35.0
57 96 36.0
57 97 37.0
57 29 38.0
57 27 39.0
57 33 40.0
57 31 41.0
57 36 42.0
57 141 43.0
58 11 26.0
58 3 27.0
58 62 28.0
58 63 29.0
58 64 30.0
58 65 31.0
58 66 32.0
58 67 33.0
58 0 34.0
58 1 35.0
58 120 36.0
58 121 37.0
58 122 38.0
58 123 39.0
58 124 40.0
58 125 41.0
58 4 42.0
58 8 43.0
59 146 39.0
59 37 40.0
59 12 41.0
59 13 42.0
59 80 43.0
59 81 44.0
59 82 45.0
59 83 46.0
59 84 47.0
59 85 48.0
59 2 49.0
59 10 50.0
60 9 39.0
60 5 40.0
60 114 41.0
60 115 42.0
60 116 43.0
60 117 44.0
60 118 45.0
60 119 46.0
60 0 47.0
60 1 48.0
60 68 49.0
60 69 50.0
60 70 51.0
60 71 52.0
60 72 53.0
60 73 54.0
60 14 55.0
60 15 56.0
60 132 57.0
60 133 58.0
60 134 59.0
60 135 60.0
60 136 61.0
60 137 62.0
60 6 63.0
61 9 49.0
61 5 50.0
61 114 51.0
61 115 52.0
61 116 53.0
61 117 54.0
61 118 55.0
61 119 56.0
61 0 57.0
61 13 58.0
61 34 59.0
61 35 60.0
61 141 61.0
62 145 39.0
62 92 40.0
62 102 41.0
62 103 42.0
62 104 43.0
62 105 44.0
62 106 45.0
62 107 46.0
62 18 47.0
62 19 48.0
62 96 49.0
62 97 50.0
62 29 51.0
62 27 52.0
62 33 53.0
62 31 54.0
62 36 55.0
62 141 56.0
63 144 43.0
63 88 44.0
63 20 45.0
63 19 46.0
63 96 47.0
63 97 48.0
63 29 49.0
63 27 50.0
63 33 51.0
63 31 52.0
63 36 53.0
63 37 54.0
63 12 55.0
63 13 56.0
63 80 57.0
63 81 58.0
63 82 59.0
63 83 60.0
63 84 61.0
63 85 62.0
63 2 63.0
63 10 64.0
64 147 35.0
64 49 36.0
64 16 37.0
64 17 38.0
64 74 39.0
64 75 40.0
64 76 41.0
64 77 42.0
64 78 43.0
64 79 44.0
64 12 45.0
64 1 46.0
64 120 47.0
64 121 48.0
64 122 49.0
64 123 50.0
64 124 51.0
64 125 52.0
64 4 53.0
64 8 54.0
65 143 46.0
65 90 47.0
65 24 48.0
65 25 49.0
65 56 50.0
65 57 51.0
65 58 52.0
65 59 53.0
65 60 54.0
65 61 55.0
65 20 56.0
65 19 57.0
65 96 58.0
65 97 59.0
65 29 60.0
65 27 61.0
65 33 62.0
65 31 63.0
65 36 64.0
65 141 65.0
66 147 39.0
66 49 40.0
66 16 41.0
66 17 42.0
66 74 43.0
66 75 44.0
66 76 45.0
66 77 46.0
66 78 47.0
66 79 48.0
66 12 49.0
66 13 50.0
66 80 51.0
66 81 52.0
66 82 53.0
66 83 54.0
66 84 55.0
66 85 56.0
66 2 57.0
66 10 58.0
67 143 39.0
67 90 40.0
67 24 41.0
67 25 42.0
67 56 43.0
67 57 44.0
67 58 45.0
67 59 46.0
67 60 47.0
67 61 48.0
67 20 49.0
67 21 50.0
67 89 51.0
67 139 52.0
68 145 30.0
68 92 31.0
68 102 32.0
68 103 33.0
68 104 34.0
68 105 35.0
68 106 36.0
68 107 37.0
68 18 38.0
68 19 39.0
68 50 40.0
68 51 41.0
68 52 42.0
68 53 43.0
68 54 44.0
68 55 45.0
68 22 46.0
68 25 47.0
68 91 48.0
68 138 49.0
69 143 37.0
69 90 38.0
69 24 39.0
69 25 40.0
69 56 41.0
69 57 42.0
69 58 43.0
69 59 44.0
69 60 45.0
69 61 46.0
69 20 47.0
69 21 48.0
69 108 49.0
69 109 50.0
69 110 51.0
69 111 52.0
69 112 53.0
69 113 54.0
69 93 55.0
69 140 56.0
70 145 41.0
70 92 42.0
70 102 43.0
70 103 44.0
70 104 45.0
70 105 46.0
70 106 47.0
70 107 48.0
70 18 49.0
70 19 50.0
70 96 51.0
70 97 52.0
70 29 53.0
70 27 54.0
70 33 55.0
70 31 56.0
70 36 57.0
70 141 58.0
71 145 34.0
71 92 35.0
71 102 36.0
71 103 37.0
71 104 38.0
71 105 39.0
71 106 40.0
71 107 41.0
71 18 42.0
71 21 43.0
71 89 44.0
71 139 45.0
72 147 37.0
72 49 38.0
72 16 39.0
72 17 40.0
72 74 41.0
72 75 42.0
72 76 43.0
72 77 44.0
72 78 45.0
72 79 46.0
72 12 47.0
72 13 48.0
72 80 49.0
72 81 50.0
72 82 51.0
72 83 52.0
72 84 53.0
72 85 54.0
72 2 55.0
72 10 56.0
73 146 48.0
73 34 49.0
73 35 50.0
73 32 51.0
73 30 52.0
73 28 53.0
73 26 54.0
73 94 55.0
73 95 56.0
73 18 57.0
73 21 58.0
73 108 59.0
73 109 60.0
73 110 61.0
73 111 62.0
73 112 63.0
73 113 64.0
73 93 65.0
73 140 66.0
74 143 33.0
74 90 34.0
74 24 35.0
74 25 36.0
74 56 37.0
74 57 38.0
74 58 39.0
74 59 40.0
74 60 41.0
74 61 42.0
74 20 43.0
74 19 44.0
74 96 45.0
74 97 46.0
74 29 47.0
74 27 48.0
74 33 49.0
74 31 50.0
74 36 51.0
74 141 52.0
75 144 49.0
75 88 50.0
75 20 51.0
75 19 52.0
75 96 53.0
75 97 54.0
75 29 55.0
75 27 56.0
75 33 57.0
75 31 58.0
75 36 59.0
75 37 60.0
75 12 61.0
75 13 62.0
75 80 63.0
75 81 64.0
75 82 65.0
75 83 66.0
75 84 67.0
75 85 68.0
75 2 69.0
75 10 70.0
76 7 38.0
76 126 39.0
76 127 40.0
76 128 41.0
76 129 42.0
76 130 43.0
76 131 44.0
76 14 45.0
76 17 46.0
76 74 47.0
76 75 48.0
76 76 49.0
76 77 50.0
76 78 51.0
76 79 52.0
76 12 53.0
76 1 54.0
76 120 55.0
76 121 56.0
76 122 57.0
76 123 58.0
76 124 59.0
76 125 60.0
76 4 61.0
76 8 62.0
77 147 46.0
77 46 47.0
77 47 48.0
77 44 49.0
77 42 50.0
77 40 51.0
77 38 52.0
77 98 53.0
77 99 54.0
77 22 55.0
77 25 56.0
77 91 57.0
77 138 58.0
78 146 42.0
78 34 43.0
78 35 44.0
78 32 45.0
78 30 46.0
78 28 47.0
78 26 48.0
78 94 49.0
78 95 50.0
78 18 51.0
78 21 52.0
78 108 53.0
78 109 54.0
78 110 55.0
78 111 56.0
78 112 57.0
78 113 58.0
78 93 59.0
78 140 60.0
79 9 37.0
79 5 38.0
79 114 39.0
79 115 40.0
79 116 41.0
79 117 42.0
79 118 43.0
79 119 44.0
79 0 45.0
79 13 46.0
79 34 47.0
79 35 48.0
79 141 49.0
80 7 46.0
80 126 47.0
80 127 48.0
80 128 49.0
80 129 50.0
80 130 51.0
80 131 52.0
80 14 53.0
80 17 54.0
80 46 55.0
80 47 56.0
80 44 57.0
80 42 58.0
80 40 59.0
80 38 60.0
80 98 61.0
80 99 62.0
80 22 63.0
80 25 64.0
80 91 65.0
80 138 66.0
83 147 41.0
83 49 42.0
83 16 43.0
83 15 44.0
83 132 45.0
83 133 46.0
83 134 47.0
83 135 48.0
83 136 49.0
83 137 50.0
83 6 51.0
85 147 44.0
85 46 45.0
85 47 46.0
85 44 47.0
85 42 48.0
85 40 49.0
85 38 50.0
85 98 51.0
85 99 52.0
85 22 53.0
85 25 54.0
85 91 55.0
85 138 56.0
86 11 43.0
86 3 44.0
86 62 45.0
86 63 46.0
86 64 47.0
86 65 48.0
86 66 49.0
86 67 50.0
86 0 51.0
86 1 52.0
86 120 53.0
86 121 54.0
86 122 55.0
86 123 56.0
86 124 57.0
86 125 58.0
86 4 59.0
86 8 60.0
88 9 45.0
88 5 46.0
88 114 47.0
88 115 48.0
88 116 49.0
88 117 50.0
88 118 51.0
88 119 52.0
88 0 53.0
88 13 54.0
88 34 55.0
88 35 56.0
88 32 57.0
88 30 58.0
88 28 59.0
88 26 60.0
88 94 61.0
88 95 62.0
88 18 63.0
88 21 64.0
88 89 65.0
88 139 66.0
92 9 47.0
92 5 48.0
92 114 49.0
92 115 50.0
92 116 51.0
92 117 52.0
92 118 53.0
92 119 54.0
92 0 55.0
92 1 56.0
92 68 57.0
92 69 58.0
92 70 59.0
92 71 60.0
92 72 61.0
92 73 62.0
92 14 63.0
92 15 64.0
92 132 65.0
92 133 66.0
92 134 67.0
92 135 68.0
92 136 69.0
92 137 70.0
92 6 71.0
94 7 44.0
94 126 45.0
94 127 46.0
94 128 47.0
94 129 48.0
94 130 49.0
94 131 50.0
94 14 51.0
94 17 52.0
94 74 53.0
94 75 54.0
94 76 55.0
94 77 56.0
94 78 57.0
94 79 58.0
94 12 59.0
94 1 60.0
94 120 61.0
94 121 62.0
94 122 63.0
94 123 64.0
94 124 65.0
94 125 66.0
94 4 67.0
94 8 68.0
95 11 41.0
95 3 42.0
95 62 43.0
95 63 44.0
95 64 45.0
95 65 46.0
95 66 47.0
95 67 48.0
95 0 49.0
95 1 50.0
95 120 51.0
95 121 52.0
95 122 53.0
95 123 54.0
95 124 55.0
95 125 56.0
95 4 57.0
95 8 58.0
98 145 45.0
98 92 46.0
98 102 47.0
98 103 48.0
98 104 49.0
98 105 50.0
98 106 51.0
98 107 52.0
98 18 53.0
98 19 54.0
98 50 55.0
98 51 56.0
98 52 57.0
98 53 58.0
98 54 59.0
98 55 60.0
98 22 61.0
98 25 62.0
98 91 63.0
98 138 64.0
;
param t_hat_lat:=
0 9 9.0
0 5 10.0
0 114 11.0
0 115 12.0
0 116 13.0
0 117 14.0
0 118 15.0
0 119 16.0
0 0 17.0
0 13 18.0
0 34 19.0
0 35 20.0
0 32 21.0
0 30 22.0
0 28 23.0
0 26 24.0
0 94 25.0
0 95 26.0
0 18 27.0
0 21 28.0
0 89 29.0
0 139 30.0
1 143 1.0
1 90 2.0
1 24 3.0
1 23 4.0
1 100 5.0
1 101 6.0
1 41 7.0
1 39 8.0
1 45 9.0
1 43 10.0
1 48 11.0
1 49 12.0
1 16 13.0
1 15 14.0
1 132 15.0
1 133 16.0
1 134 17.0
1 135 18.0
1 136 19.0
1 137 20.0
1 6 21.0
2 9 4.1
2 5 4.0
2 114 5.0
2 115 6.0
2 116 7.0
2 117 8.0
2 118 9.0
2 119 10.0
2 0 11.0
2 13 12.0
2 34 13.0
2 35 14.0
2 32 15.0
2 30 16.0
2 28 17.0
2 26 18.0
2 94 19.0
2 95 20.0
2 18 21.0
2 21 22.0
2 89 23.0
2 139 24.0
3 145 1.0
3 92 2.0
3 102 3.0
3 103 4.0
3 104 5.0
3 105 6.0
3 106 7.0
3 107 8.0
3 18 9.0
3 19 10.0
3 50 11.0
3 51 12.0
3 52 13.0
3 53 14.0
3 54 15.0
3 55 16.0
3 22 17.0
3 23 18.0
3 100 19.0
3 101 20.0
3 41 21.0
3 39 22.0
3 45 23.0
3 43 24.0
3 48 25.0
3 142 26.0
4 143 6.0
4 90 7.0
4 24 8.0
4 25 9.0
4 56 10.0
4 57 11.0
4 58 12.0
4 59 13.0
4 60 14.0
4 61 15.0
4 20 16.0
4 21 17.0
4 108 18.0
4 109 19.0
4 110 20.0
4 111 21.0
4 112 22.0
4 113 23.0
4 93 24.0
4 140 25.0
5 9 5.0
5 5 6.0
5 114 7.0
5 115 8.0
5 116 9.0
5 117 10.0
5 118 11.0
5 119 12.0
5 0 13.0
5 13 14.0
5 80 15.0
5 81 16.0
5 82 17.0
5 83 18.0
5 84 19.0
5 85 20.0
5 2 21.0
5 10 22.0
6 145 4.1
6 92 4.0
6 102 5.0
6 103 6.0
6 104 7.0
6 105 8.0
6 106 9.0
6 107 10.0
6 18 11.0
6 21 12.0
6 89 13.0
6 139 14.0
7 145 11.0
7 92 12.0
7 102 13.0
7 103 14.0
7 104 15.0
7 105 16.0
7 106 17.0
7 107 18.0
7 18 19.0
7 19 20.0
7 50 21.0
7 51 22.0
7 52 23.0
7 53 24.0
7 54 25.0
7 55 26.0
7 22 27.0
7 23 28.0
7 100 29.0
7 101 30.0
7 41 31.0
7 39 32.0
7 45 33.0
7 43 34.0
7 48 35.0
7 142 36.0
8 9 7.0
8 5 8.0
8 114 9.0
8 115 10.0
8 116 11.0
8 117 12.0
8 118 13.0
8 119 14.0
8 0 15.0
8 13 16.0
8 80 17.0
8 81 18.0
8 82 19.0
8 83 20.0
8 84 21.0
8 85 22.0
8 2 23.0
8 10 24.0
9 144 9.0
9 88 10.0
9 20 11.0
9 19 12.0
9 96 13.0
9 97 14.0
9 29 15.0
9 27 16.0
9 33 17.0
9 31 18.0
9 36 19.0
9 37 20.0
9 12 21.0
9 13 22.0
9 80 23.0
9 81 24.0
9 82 25.0
9 83 26.0
9 84 27.0
9 85 28.0
9 2 29.0
9 10 30.0
10 145 7.0
10 92 8.0
10 102 9.0
10 103 10.0
10 104 11.0
10 105 12.0
10 106 13.0
10 107 14.0
10 18 15.0
10 19 16.0
10 96 17.0
10 97 18.0
10 29 19.0
10 27 20.0
10 33 21.0
10 31 22.0
10 36 23.0
10 141 24.0
11 9 11.0
11 5 12.0
11 114 13.0
11 115 14.0
11 116 15.0
11 117 16.0
11 118 17.0
11 119 18.0
11 0 19.0
11 13 20.0
11 80 21.0
11 81 22.0
11 82 23.0
11 83 24.0
11 84 25.0
11 85 26.0
11 2 27.0
11 10 28.0
12 143 4.1
12 90 4.0
12 24 5.0
12 25 6.0
12 56 7.0
12 57 8.0
12 58 9.0
12 59 10.0
12 60 11.0
12 61 12.0
12 20 13.0
12 21 14.0
12 89 15.0
12 139 16.0
13 7 1.0
13 126 2.0
13 127 3.0
13 128 4.0
13 129 5.0
13 130 6.0
13 131 7.0
13 14 8.0
13 17 9.0
13 46 10.0
13 47 11.0
13 142 12.0
14 9 1.0
14 5 2.0
14 114 3.0
14 115 4.0
14 116 5.0
14 117 6.0
14 118 7.0
14 119 8.0
14 0 9.0
14 13 10.0
14 34 11.0
14 35 12.0
14 141 13.0
15 145 9.0
15 92 10.0
15 102 11.0
15 103 12.0
15 104 13.0
15 105 14.0
15 106 15.0
15 107 16.0
15 18 17.0
15 19 18.0
15 50 19.0
15 51 20.0
15 52 21.0
15 53 22.0
15 54 23.0
15 55 24.0
15 22 25.0
15 25 26.0
15 91 27.0
15 138 28.0
16 145 5.0
16 92 6.0
16 102 7.0
16 103 8.0
16 104 9.0
16 105 10.0
16 106 11.0
16 107 12.0
16 18 13.0
16 19 14.0
16 96 15.0
16 97 16.0
16 29 17.0
16 27 18.0
16 33 19.0
16 31 20.0
16 36 21.0
16 141 22.0
17 144 5.0
17 88 6.0
17 20 7.0
17 19 8.0
17 50 9.0
17 51 10.0
17 52 11.0
17 53 12.0
17 54 13.0
17 55 14.0
17 22 15.0
17 23 16.0
17 100 17.0
17 101 18.0
17 41 19.0
17 39 20.0
17 45 21.0
17 43 22.0
17 48 23.0
17 142 24.0
18 144 2.0
18 88 3.0
18 20 4.0
18 19 5.0
18 50 6.0
18 51 7.0
18 52 8.0
18 53 9.0
18 54 10.0
18 55 11.0
18 22 12.0
18 23 13.0
18 100 14.0
18 101 15.0
18 41 16.0
18 39 17.0
18 45 18.0
18 43 19.0
18 48 20.0
18 142 21.0
19 147 1.0
19 46 2.0
19 47 3.0
19 44 4.0
19 42 5.0
19 40 6.0
19 38 7.0
19 98 8.0
19 99 9.0
19 22 10.0
19 25 11.0
19 56 12.0
19 57 13.0
19 58 14.0
19 59 15.0
19 60 16.0
19 61 17.0
19 20 18.0
19 21 19.0
19 89 20.0
19 139 21.0
20 146 27.0
20 37 28.0
20 12 29.0
20 13 30.0
20 80 31.0
20 81 32.0
20 82 33.0
20 83 34.0
20 84 35.0
20 85 36.0
20 2 37.0
20 10 38.0
21 7 12.0
21 126 13.0
21 127 14.0
21 128 15.0
21 129 16.0
21 130 17.0
21 131 18.0
21 14 19.0
21 17 20.0
21 46 21.0
21 47 22.0
21 44 23.0
21 42 24.0
21 40 25.0
21 38 26.0
21 98 27.0
21 99 28.0
21 22 29.0
21 25 30.0
21 91 31.0
21 138 32.0
22 9 25.0
22 5 26.0
22 114 27.0
22 115 28.0
22 116 29.0
22 117 30.0
22 118 31.0
22 119 32.0
22 0 33.0
22 13 34.0
22 34 35.0
22 35 36.0
22 141 37.0
23 143 17.0
23 90 18.0
23 24 19.0
23 23 20.0
23 100 21.0
23 101 22.0
23 41 23.0
23 39 24.0
23 45 25.0
23 43 26.0
23 48 27.0
23 142 28.0
24 145 15.0
24 92 16.0
24 102 17.0
24 103 18.0
24 104 19.0
24 105 20.0
24 106 21.0
24 107 22.0
24 18 23.0
24 19 24.0
24 50 25.0
24 51 26.0
24 52 27.0
24 53 28.0
24 54 29.0
24 55 30.0
24 22 31.0
24 23 32.0
24 100 33.0
24 101 34.0
24 41 35.0
24 39 36.0
24 45 37.0
24 43 38.0
24 48 39.0
24 142 40.0
25 9 29.0
25 5 30.0
25 114 31.0
25 115 32.0
25 116 33.0
25 117 34.0
25 118 35.0
25 119 36.0
25 0 37.0
25 13 38.0
25 80 39.0
25 81 40.0
25 82 41.0
25 83 42.0
25 84 43.0
25 85 44.0
25 2 45.0
25 10 46.0
26 144 23.0
26 88 24.0
26 20 25.0
26 19 26.0
26 96 27.0
26 97 28.0
26 29 29.0
26 27 30.0
26 33 31.0
26 31 32.0
26 36 33.0
26 37 34.0
26 12 35.0
26 13 36.0
26 80 37.0
26 81 38.0
26 82 39.0
26 83 40.0
26 84 41.0
26 85 42.0
26 2 43.0
26 10 44.0
27 143 13.0
27 90 14.0
27 24 15.0
27 25 16.0
27 56 17.0
27 57 18.0
27 58 19.0
27 59 20.0
27 60 21.0
27 61 22.0
27 20 23.0
27 21 24.0
27 108 25.0
27 109 26.0
27 110 27.0
27 111 28.0
27 112 29.0
27 113 30.0
27 93 31.0
27 140 32.0
28 143 19.0
28 90 20.0
28 24 21.0
28 25 22.0
28 56 23.0
28 57 24.0
28 58 25.0
28 59 26.0
28 60 27.0
28 61 28.0
28 20 29.0
28 21 30.0
28 108 31.0
28 109 32.0
28 110 33.0
28 111 34.0
28 112 35.0
28 113 36.0
28 93 37.0
28 140 38.0
29 11 19.0
29 3 20.0
29 62 21.0
29 63 22.0
29 64 23.0
29 65 24.0
29 66 25.0
29 67 26.0
29 0 27.0
29 13 28.0
29 34 29.0
29 35 30.0
29 141 31.0
30 7 21.0
30 126 22.0
30 127 23.0
30 128 24.0
30 129 25.0
30 130 26.0
30 131 27.0
30 14 28.0
30 17 29.0
30 46 30.0
30 47 31.0
30 142 32.0
31 7 27.0
31 126 28.0
31 127 29.0
31 128 30.0
31 129 31.0
31 130 32.0
31 131 33.0
31 14 34.0
31 17 35.0
31 46 36.0
31 47 37.0
31 142 38.0
32 143 29.0
32 90 30.0
32 24 31.0
32 25 32.0
32 56 33.0
32 57 34.0
32 58 35.0
32 59 36.0
32 60 37.0
32 61 38.0
32 20 39.0
32 21 40.0
32 89 41.0
32 139 42.0
33 147 13.0
33 49 14.0
33 16 15.0
33 15 16.0
33 132 17.0
33 133 18.0
33 134 19.0
33 135 20.0
33 136 21.0
33 137 22.0
33 6 23.0
34 146 16.0
34 34 17.0
34 35 18.0
34 32 19.0
34 30 20.0
34 28 21.0
34 26 22.0
34 94 23.0
34 95 24.0
34 18 25.0
34 21 26.0
34 108 27.0
34 109 28.0
34 110 29.0
34 111 30.0
34 112 31.0
34 113 32.0
34 93 33.0
34 140 34.0
35 144 29.0
35 88 30.0
35 20 31.0
35 21 32.0
35 108 33.0
35 109 34.0
35 110 35.0
35 111 36.0
35 112 37.0
35 113 38.0
35 93 39.0
35 140 40.0
36 9 17.0
36 5 18.0
36 114 19.0
36 115 20.0
36 116 21.0
36 117 22.0
36 118 23.0
36 119 24.0
36 0 25.0
36 13 26.0
36 34 27.0
36 35 28.0
36 32 29.0
36 30 30.0
36 28 31.0
36 26 32.0
36 94 33.0
36 95 34.0
36 18 35.0
36 21 36.0
36 89 37.0
36 139 38.0
37 7 19.0
37 126 20.0
37 127 21.0
37 128 22.0
37 129 23.0
37 130 24.0
37 131 25.0
37 14 26.0
37 17 27.0
37 46 28.0
37 47 29.0
37 142 30.0
38 9 15.0
38 5 16.0
38 114 17.0
38 115 18.0
38 116 19.0
38 117 20.0
38 118 21.0
38 119 22.0
38 0 23.0
38 13 24.0
38 34 25.0
38 35 26.0
38 141 27.0
39 144 19.0
39 88 20.0
39 20 21.0
39 19 22.0
39 96 23.0
39 97 24.0
39 29 25.0
39 27 26.0
39 33 27.0
39 31 28.0
39 36 29.0
39 37 30.0
39 12 31.0
39 13 32.0
39 80 33.0
39 81 34.0
39 82 35.0
39 83 36.0
39 84 37.0
39 85 38.0
39 2 39.0
39 10 40.0
40 146 32.0
40 34 33.0
40 35 34.0
40 32 35.0
40 30 36.0
40 28 37.0
40 26 38.0
40 94 39.0
40 95 40.0
40 18 41.0
40 21 42.0
40 108 43.0
40 109 44.0
40 110 45.0
40 111 46.0
40 112 47.0
40 113 48.0
40 93 49.0
40 140 50.0
41 146 37.0
41 34 38.0
41 35 39.0
41 32 40.0
41 30 41.0
41 28 42.0
41 26 43.0
41 94 44.0
41 95 45.0
41 18 46.0
41 21 47.0
41 89 48.0
41 139 49.0
42 143 21.0
42 90 22.0
42 24 23.0
42 23 24.0
42 100 25.0
42 101 26.0
42 41 27.0
42 39 28.0
42 45 29.0
42 43 30.0
42 48 31.0
42 49 32.0
42 16 33.0
42 15 34.0
42 132 35.0
42 133 36.0
42 134 37.0
42 135 38.0
42 136 39.0
42 137 40.0
42 6 41.0
43 147 28.0
43 49 29.0
43 16 30.0
43 17 31.0
43 74 32.0
43 75 33.0
43 76 34.0
43 77 35.0
43 78 36.0
43 79 37.0
43 12 38.0
43 1 39.0
43 120 40.0
43 121 41.0
43 122 42.0
43 123 43.0
43 124 44.0
43 125 45.0
43 4 46.0
43 8 47.0
44 11 34.0
44 3 35.0
44 62 36.0
44 63 37.0
44 64 38.0
44 65 39.0
44 66 40.0
44 67 41.0
44 0 42.0
44 1 43.0
44 68 44.0
44 69 45.0
44 70 46.0
44 71 47.0
44 72 48.0
44 73 49.0
44 14 50.0
44 17 51.0
44 46 52.0
44 47 53.0
44 142 54.0
45 144 40.0
45 88 41.0
45 20 42.0
45 19 43.0
45 96 44.0
45 97 45.0
45 29 46.0
45 27 47.0
45 33 48.0
45 31 49.0
45 36 50.0
45 37 51.0
45 12 52.0
45 13 53.0
45 80 54.0
45 81 55.0
45 82 56.0
45 83 57.0
45 84 58.0
45 85 59.0
45 2 60.0
45 10 61.0
46 144 31.0
46 88 32.0
46 20 33.0
46 19 34.0
46 50 35.0
46 51 36.0
46 52 37.0
46 53 38.0
46 54 39.0
46 55 40.0
46 22 41.0
46 23 42.0
46 100 43.0
46 101 44.0
46 41 45.0
46 39 46.0
46 45 47.0
46 43 48.0
46 48 49.0
46 142 50.0
47 144 25.0
47 88 26.0
47 20 27.0
47 19 28.0
47 50 29.0
47 51 30.0
47 52 31.0
47 53 32.0
47 54 33.0
47 55 34.0
47 22 35.0
47 23 36.0
47 100 37.0
47 101 38.0
47 41 39.0
47 39 40.0
47 45 41.0
47 43 42.0
47 48 43.0
47 142 44.0
48 7 25.0
48 126 26.0
48 127 27.0
48 128 28.0
48 129 29.0
48 130 30.0
48 131 31.0
48 14 32.0
48 17 33.0
48 74 34.0
48 75 35.0
48 76 36.0
48 77 37.0
48 78 38.0
48 79 39.0
48 12 40.0
48 13 41.0
48 80 42.0
48 81 43.0
48 82 44.0
48 83 45.0
48 84 46.0
48 85 47.0
48 2 48.0
48 10 49.0
49 9 32.0
49 5 33.0
49 114 34.0
49 115 35.0
49 116 36.0
49 117 37.0
49 118 38.0
49 119 39.0
49 0 40.0
49 1 41.0
49 68 42.0
49 69 43.0
49 70 44.0
49 71 45.0
49 72 46.0
49 73 47.0
49 14 48.0
49 17 49.0
49 46 50.0
49 47 51.0
49 142 52.0
50 11 36.0
50 3 37.0
50 62 38.0
50 63 39.0
50 64 40.0
50 65 41.0
50 66 42.0
50 67 43.0
50 0 44.0
50 13 45.0
50 34 46.0
50 35 47.0
50 141 48.0
51 9 23.0
51 5 24.0
51 114 25.0
51 115 26.0
51 116 27.0
51 117 28.0
51 118 29.0
51 119 30.0
51 0 31.0
51 1 32.0
51 68 33.0
51 69 34.0
51 70 35.0
51 71 36.0
51 72 37.0
51 73 38.0
51 14 39.0
51 15 40.0
51 132 41.0
51 133 42.0
51 134 43.0
51 135 44.0
51 136 45.0
51 137 46.0
51 6 47.0
52 146 21.0
52 34 22.0
52 35 23.0
52 32 24.0
52 30 25.0
52 28 26.0
52 26 27.0
52 94 28.0
52 95 29.0
52 18 30.0
52 19 31.0
52 50 32.0
52 51 33.0
52 52 34.0
52 53 35.0
52 54 36.0
52 55 37.0
52 22 38.0
52 25 39.0
52 91 40.0
52 138 41.0
53 145 25.0
53 92 26.0
53 102 27.0
53 103 28.0
53 104 29.0
53 105 30.0
53 106 31.0
53 107 32.0
53 18 33.0
53 21 34.0
53 89 35.0
53 139 36.0
54 147 24.0
54 46 25.0
54 47 26.0
54 44 27.0
54 42 28.0
54 40 29.0
54 38 30.0
54 98 31.0
54 99 32.0
54 22 33.0
54 25 34.0
54 91 35.0
54 138 36.0
55 11 21.0
55 3 22.0
55 62 23.0
55 63 24.0
55 64 25.0
55 65 26.0
55 66 27.0
55 67 28.0
55 0 29.0
55 1 30.0
55 120 31.0
55 121 32.0
55 122 33.0
55 123 34.0
55 124 35.0
55 125 36.0
55 4 37.0
55 8 38.0
56 7 29.0
56 126 30.0
56 127 31.0
56 128 32.0
56 129 33.0
56 130 34.0
56 131 35.0
56 14 36.0
56 17 37.0
56 74 38.0
56 75 39.0
56 76 40.0
56 77 41.0
56 78 42.0
56 79 43.0
56 12 44.0
56 1 45.0
56 120 46.0
56 121 47.0
56 122 48.0
56 123 49.0
56 124 50.0
56 125 51.0
56 4 52.0
56 8 53.0
57 143 25.0
57 90 26.0
57 24 27.0
57 25 28.0
57 56 29.0
57 57 30.0
57 58 31.0
57 59 32.0
57 60 33.0
57 61 34.0
57 20 35.0
57 19 36.0
57 96 37.0
57 97 38.0
57 29 39.0
57 27 40.0
57 33 41.0
57 31 42.0
57 36 43.0
57 141 44.0
58 11 27.0
58 3 28.0
58 62 29.0
58 63 30.0
58 64 31.0
58 65 32.0
58 66 33.0
58 67 34.0
58 0 35.0
58 1 36.0
58 120 37.0
58 121 38.0
58 122 39.0
58 123 40.0
58 124 41.0
58 125 42.0
58 4 43.0
58 8 44.0
59 146 40.0
59 37 41.0
59 12 42.0
59 13 43.0
59 80 44.0
59 81 45.0
59 82 46.0
59 83 47.0
59 84 48.0
59 85 49.0
59 2 50.0
59 10 51.0
60 9 40.0
60 5 41.0
60 114 42.0
60 115 43.0
60 116 44.0
60 117 45.0
60 118 46.0
60 119 47.0
60 0 48.0
60 1 49.0
60 68 50.0
60 69 51.0
60 70 52.0
60 71 53.0
60 72 54.0
60 73 55.0
60 14 56.0
60 15 57.0
60 132 58.0
60 133 59.0
60 134 60.0
60 135 61.0
60 136 62.0
60 137 63.0
60 6 64.0
61 9 50.0
61 5 51.0
61 114 52.0
61 115 53.0
61 116 54.0
61 117 55.0
61 118 56.0
61 119 57.0
61 0 58.0
61 13 59.0
61 34 60.0
61 35 61.0
61 141 62.0
62 145 40.0
62 92 41.0
62 102 42.0
62 103 43.0
62 104 44.0
62 105 45.0
62 106 46.0
62 107 47.0
62 18 48.0
62 19 49.0
62 96 50.0
62 97 51.0
62 29 52.0
62 27 53.0
62 33 54.0
62 31 55.0
62 36 56.0
62 141 57.0
63 144 44.0
63 88 45.0
63 20 46.0
63 19 47.0
63 96 48.0
63 97 49.0
63 29 50.0
63 27 51.0
63 33 52.0
63 31 53.0
63 36 54.0
63 37 55.0
63 12 56.0
63 13 57.0
63 80 58.0
63 81 59.0
63 82 60.0
63 83 61.0
63 84 62.0
63 85 63.0
63 2 64.0
63 10 65.0
64 147 36.0
64 49 37.0
64 16 38.0
64 17 39.0
64 74 40.0
64 75 41.0
64 76 42.0
64 77 43.0
64 78 44.0
64 79 45.0
64 12 46.0
64 1 47.0
64 120 48.0
64 121 49.0
64 122 50.0
64 123 51.0
64 124 52.0
64 125 53.0
64 4 54.0
64 8 55.0
65 143 47.0
65 90 48.0
65 24 49.0
65 25 50.0
65 56 51.0
65 57 52.0
65 58 53.0
65 59 54.0
65 60 55.0
65 61 56.0
65 20 57.0
65 19 58.0
65 96 59.0
65 97 60.0
65 29 61.0
65 27 62.0
65 33 63.0
65 31 64.0
65 36 65.0
65 141 66.0
66 147 40.0
66 49 41.0
66 16 42.0
66 17 43.0
66 74 44.0
66 75 45.0
66 76 46.0
66 77 47.0
66 78 48.0
66 79 49.0
66 12 50.0
66 13 51.0
66 80 52.0
66 81 53.0
66 82 54.0
66 83 55.0
66 84 56.0
66 85 57.0
66 2 58.0
66 10 59.0
67 143 40.0
67 90 41.0
67 24 42.0
67 25 43.0
67 56 44.0
67 57 45.0
67 58 46.0
67 59 47.0
67 60 48.0
67 61 49.0
67 20 50.0
67 21 51.0
67 89 52.0
67 139 53.0
68 145 31.0
68 92 32.0
68 102 33.0
68 103 34.0
68 104 35.0
68 105 36.0
68 106 37.0
68 107 38.0
68 18 39.0
68 19 40.0
68 50 41.0
68 51 42.0
68 52 43.0
68 53 44.0
68 54 45.0
68 55 46.0
68 22 47.0
68 25 48.0
68 91 49.0
68 138 50.0
69 143 38.0
69 90 39.0
69 24 40.0
69 25 41.0
69 56 42.0
69 57 43.0
69 58 44.0
69 59 45.0
69 60 46.0
69 61 47.0
69 20 48.0
69 21 49.0
69 108 50.0
69 109 51.0
69 110 52.0
69 111 53.0
69 112 54.0
69 113 55.0
69 93 56.0
69 140 57.0
70 145 42.0
70 92 43.0
70 102 44.0
70 103 45.0
70 104 46.0
70 105 47.0
70 106 48.0
70 107 49.0
70 18 50.0
70 19 51.0
70 96 52.0
70 97 53.0
70 29 54.0
70 27 55.0
70 33 56.0
70 31 57.0
70 36 58.0
70 141 59.0
71 145 35.0
71 92 36.0
71 102 37.0
71 103 38.0
71 104 39.0
71 105 40.0
71 106 41.0
71 107 42.0
71 18 43.0
71 21 44.0
71 89 45.0
71 139 46.0
72 147 38.0
72 49 39.0
72 16 40.0
72 17 41.0
72 74 42.0
72 75 43.0
72 76 44.0
72 77 45.0
72 78 46.0
72 79 47.0
72 12 48.0
72 13 49.0
72 80 50.0
72 81 51.0
72 82 52.0
72 83 53.0
72 84 54.0
72 85 55.0
72 2 56.0
72 10 57.0
73 146 49.0
73 34 50.0
73 35 51.0
73 32 52.0
73 30 53.0
73 28 54.0
73 26 55.0
73 94 56.0
73 95 57.0
73 18 58.0
73 21 59.0
73 108 60.0
73 109 61.0
73 110 62.0
73 111 63.0
73 112 64.0
73 113 65.0
73 93 66.0
73 140 67.0
74 143 34.0
74 90 35.0
74 24 36.0
74 25 37.0
74 56 38.0
74 57 39.0
74 58 40.0
74 59 41.0
74 60 42.0
74 61 43.0
74 20 44.0
74 19 45.0
74 96 46.0
74 97 47.0
74 29 48.0
74 27 49.0
74 33 50.0
74 31 51.0
74 36 52.0
74 141 53.0
75 144 50.0
75 88 51.0
75 20 52.0
75 19 53.0
75 96 54.0
75 97 55.0
75 29 56.0
75 27 57.0
75 33 58.0
75 31 59.0
75 36 60.0
75 37 61.0
75 12 62.0
75 13 63.0
75 80 64.0
75 81 65.0
75 82 66.0
75 83 67.0
75 84 68.0
75 85 69.0
75 2 70.0
75 10 71.0
76 7 39.0
76 126 40.0
76 127 41.0
76 128 42.0
76 129 43.0
76 130 44.0
76 131 45.0
76 14 46.0
76 17 47.0
76 74 48.0
76 75 49.0
76 76 50.0
76 77 51.0
76 78 52.0
76 79 53.0
76 12 54.0
76 1 55.0
76 120 56.0
76 121 57.0
76 122 58.0
76 123 59.0
76 124 60.0
76 125 61.0
76 4 62.0
76 8 63.0
77 147 47.0
77 46 48.0
77 47 49.0
77 44 50.0
77 42 51.0
77 40 52.0
77 38 53.0
77 98 54.0
77 99 55.0
77 22 56.0
77 25 57.0
77 91 58.0
77 138 59.0
78 146 43.0
78 34 44.0
78 35 45.0
78 32 46.0
78 30 47.0
78 28 48.0
78 26 49.0
78 94 50.0
78 95 51.0
78 18 52.0
78 21 53.0
78 108 54.0
78 109 55.0
78 110 56.0
78 111 57.0
78 112 58.0
78 113 59.0
78 93 60.0
78 140 61.0
79 9 38.0
79 5 39.0
79 114 40.0
79 115 41.0
79 116 42.0
79 117 43.0
79 118 44.0
79 119 45.0
79 0 46.0
79 13 47.0
79 34 48.0
79 35 49.0
79 141 50.0
80 7 47.0
80 126 48.0
80 127 49.0
80 128 50.0
80 129 51.0
80 130 52.0
80 131 53.0
80 14 54.0
80 17 55.0
80 46 56.0
80 47 57.0
80 44 58.0
80 42 59.0
80 40 60.0
80 38 61.0
80 98 62.0
80 99 63.0
80 22 64.0
80 25 65.0
80 91 66.0
80 138 67.0
83 147 42.0
83 49 43.0
83 16 44.0
83 15 45.0
83 132 46.0
83 133 47.0
83 134 48.0
83 135 49.0
83 136 50.0
83 137 51.0
83 6 52.0
85 147 45.0
85 46 46.0
85 47 47.0
85 44 48.0
85 42 49.0
85 40 50.0
85 38 51.0
85 98 52.0
85 99 53.0
85 22 54.0
85 25 55.0
85 91 56.0
85 138 57.0
86 11 44.0
86 3 45.0
86 62 46.0
86 63 47.0
86 64 48.0
86 65 49.0
86 66 50.0
86 67 51.0
86 0 52.0
86 1 53.0
86 120 54.0
86 121 55.0
86 122 56.0
86 123 57.0
86 124 58.0
86 125 59.0
86 4 60.0
86 8 61.0
88 9 46.0
88 5 47.0
88 114 48.0
88 115 49.0
88 116 50.0
88 117 51.0
88 118 52.0
88 119 53.0
88 0 54.0
88 13 55.0
88 34 56.0
88 35 57.0
88 32 58.0
88 30 59.0
88 28 60.0
88 26 61.0
88 94 62.0
88 95 63.0
88 18 64.0
88 21 65.0
88 89 66.0
88 139 67.0
92 9 48.0
92 5 49.0
92 114 50.0
92 115 51.0
92 116 52.0
92 117 53.0
92 118 54.0
92 119 55.0
92 0 56.0
92 1 57.0
92 68 58.0
92 69 59.0
92 70 60.0
92 71 61.0
92 72 62.0
92 73 63.0
92 14 64.0
92 15 65.0
92 132 66.0
92 133 67.0
92 134 68.0
92 135 69.0
92 136 70.0
92 137 71.0
92 6 72.0
94 7 45.0
94 126 46.0
94 127 47.0
94 128 48.0
94 129 49.0
94 130 50.0
94 131 51.0
94 14 52.0
94 17 53.0
94 74 54.0
94 75 55.0
94 76 56.0
94 77 57.0
94 78 58.0
94 79 59.0
94 12 60.0
94 1 61.0
94 120 62.0
94 121 63.0
94 122 64.0
94 123 65.0
94 124 66.0
94 125 67.0
94 4 68.0
94 8 69.0
95 11 42.0
95 3 43.0
95 62 44.0
95 63 45.0
95 64 46.0
95 65 47.0
95 66 48.0
95 67 49.0
95 0 50.0
95 1 51.0
95 120 52.0
95 121 53.0
95 122 54.0
95 123 55.0
95 124 56.0
95 125 57.0
95 4 58.0
95 8 59.0
98 145 46.0
98 92 47.0
98 102 48.0
98 103 49.0
98 104 50.0
98 105 51.0
98 106 52.0
98 107 53.0
98 18 54.0
98 19 55.0
98 50 56.0
98 51 57.0
98 52 58.0
98 53 59.0
98 54 60.0
98 55 61.0
98 22 62.0
98 25 63.0
98 91 64.0
98 138 65.0
;
set fixedFlights :=
0 9 5
0 0 13
0 18 21
0 13 34
0 34 35
0 35 32
0 32 30
0 30 28
0 28 26
0 26 94
0 94 95
0 95 18
0 21 89
0 5 114
0 114 115
0 115 116
0 116 117
0 117 118
0 118 119
0 119 0
0 89 139
1 12 1
1 14 15
1 16 17
1 24 23
1 41 39
1 39 45
1 45 43
1 43 48
1 48 49
1 49 16
1 1 68
1 68 69
1 69 70
1 70 71
1 71 72
1 72 73
1 73 14
1 17 74
1 74 75
1 75 76
1 76 77
1 77 78
1 78 79
1 79 12
1 23 100
1 100 101
1 101 41
1 90 24
1 15 132
1 132 133
1 133 134
1 134 135
1 135 136
1 136 137
1 137 6
1 143 90
3 18 19
3 22 23
3 41 39
3 39 45
3 45 43
3 43 48
3 19 50
3 50 51
3 51 52
3 52 53
3 53 54
3 54 55
3 55 22
3 23 100
3 100 101
3 101 41
3 92 102
3 102 103
3 103 104
3 104 105
3 105 106
3 106 107
3 107 18
3 145 92
3 48 142
4 20 21
4 24 25
4 25 56
4 56 57
4 57 58
4 58 59
4 59 60
4 60 61
4 61 20
4 21 108
4 108 109
4 109 110
4 110 111
4 111 112
4 112 113
4 113 93
4 90 24
4 143 90
4 93 140
5 2 10
5 9 5
5 0 13
5 13 80
5 80 81
5 81 82
5 82 83
5 83 84
5 84 85
5 85 2
5 5 114
5 114 115
5 115 116
5 116 117
5 117 118
5 118 119
5 119 0
7 18 19
7 22 23
7 41 39
7 39 45
7 45 43
7 43 48
7 19 50
7 50 51
7 51 52
7 52 53
7 53 54
7 54 55
7 55 22
7 23 100
7 100 101
7 101 41
7 92 102
7 102 103
7 103 104
7 104 105
7 105 106
7 106 107
7 107 18
7 145 92
7 48 142
8 2 10
8 9 5
8 0 13
8 13 80
8 80 81
8 81 82
8 82 83
8 83 84
8 84 85
8 85 2
8 5 114
8 114 115
8 115 116
8 116 117
8 117 118
8 118 119
8 119 0
9 2 10
9 12 13
9 20 19
9 29 27
9 27 33
9 33 31
9 31 36
9 36 37
9 37 12
9 13 80
9 80 81
9 81 82
9 82 83
9 83 84
9 84 85
9 85 2
9 19 96
9 96 97
9 97 29
9 88 20
9 144 88
10 18 19
10 29 27
10 27 33
10 33 31
10 31 36
10 19 96
10 96 97
10 97 29
10 92 102
10 102 103
10 103 104
10 104 105
10 105 106
10 106 107
10 107 18
10 145 92
10 36 141
11 2 10
11 9 5
11 0 13
11 13 80
11 80 81
11 81 82
11 82 83
11 83 84
11 84 85
11 85 2
11 5 114
11 114 115
11 115 116
11 116 117
11 117 118
11 118 119
11 119 0
13 14 17
13 17 46
13 46 47
13 7 126
13 126 127
13 127 128
13 128 129
13 129 130
13 130 131
13 131 14
13 47 142
14 9 5
14 0 13
14 13 34
14 34 35
14 5 114
14 114 115
14 115 116
14 116 117
14 117 118
14 118 119
14 119 0
14 35 141
15 18 19
15 22 25
15 19 50
15 50 51
15 51 52
15 52 53
15 53 54
15 54 55
15 55 22
15 92 102
15 102 103
15 103 104
15 104 105
15 105 106
15 106 107
15 107 18
15 25 91
15 145 92
15 91 138
16 18 19
16 29 27
16 27 33
16 33 31
16 31 36
16 19 96
16 96 97
16 97 29
16 92 102
16 102 103
16 103 104
16 104 105
16 105 106
16 106 107
16 107 18
16 145 92
16 36 141
17 20 19
17 22 23
17 41 39
17 39 45
17 45 43
17 43 48
17 19 50
17 50 51
17 51 52
17 52 53
17 53 54
17 54 55
17 55 22
17 23 100
17 100 101
17 101 41
17 88 20
17 144 88
17 48 142
18 20 19
18 22 23
18 41 39
18 39 45
18 45 43
18 43 48
18 19 50
18 50 51
18 51 52
18 52 53
18 53 54
18 54 55
18 55 22
18 23 100
18 100 101
18 101 41
18 88 20
18 144 88
18 48 142
19 20 21
19 22 25
19 46 47
19 47 44
19 44 42
19 42 40
19 40 38
19 25 56
19 56 57
19 57 58
19 58 59
19 59 60
19 60 61
19 61 20
19 38 98
19 98 99
19 99 22
19 21 89
19 89 139
19 147 46
20 2 10
20 12 13
20 37 12
20 13 80
20 80 81
20 81 82
20 82 83
20 83 84
20 84 85
20 85 2
20 146 37
21 14 17
21 22 25
21 17 46
21 46 47
21 47 44
21 44 42
21 42 40
21 40 38
21 38 98
21 98 99
21 99 22
21 25 91
21 7 126
21 126 127
21 127 128
21 128 129
21 129 130
21 130 131
21 131 14
21 91 138
22 9 5
22 0 13
22 13 34
22 34 35
22 5 114
22 114 115
22 115 116
22 116 117
22 117 118
22 118 119
22 119 0
22 35 141
23 24 23
23 41 39
23 39 45
23 45 43
23 43 48
23 23 100
23 100 101
23 101 41
23 90 24
23 143 90
23 48 142
24 18 19
24 22 23
24 41 39
24 39 45
24 45 43
24 43 48
24 19 50
24 50 51
24 51 52
24 52 53
24 53 54
24 54 55
24 55 22
24 23 100
24 100 101
24 101 41
24 92 102
24 102 103
24 103 104
24 104 105
24 105 106
24 106 107
24 107 18
24 145 92
24 48 142
25 2 10
25 9 5
25 0 13
25 13 80
25 80 81
25 81 82
25 82 83
25 83 84
25 84 85
25 85 2
25 5 114
25 114 115
25 115 116
25 116 117
25 117 118
25 118 119
25 119 0
26 2 10
26 12 13
26 20 19
26 29 27
26 27 33
26 33 31
26 31 36
26 36 37
26 37 12
26 13 80
26 80 81
26 81 82
26 82 83
26 83 84
26 84 85
26 85 2
26 19 96
26 96 97
26 97 29
26 88 20
26 144 88
27 20 21
27 24 25
27 25 56
27 56 57
27 57 58
27 58 59
27 59 60
27 60 61
27 61 20
27 21 108
27 108 109
27 109 110
27 110 111
27 111 112
27 112 113
27 113 93
27 90 24
27 143 90
27 93 140
28 20 21
28 24 25
28 25 56
28 56 57
28 57 58
28 58 59
28 59 60
28 60 61
28 61 20
28 21 108
28 108 109
28 109 110
28 110 111
28 111 112
28 112 113
28 113 93
28 90 24
28 143 90
28 93 140
29 11 3
29 0 13
29 13 34
29 34 35
29 3 62
29 62 63
29 63 64
29 64 65
29 65 66
29 66 67
29 67 0
29 35 141
30 14 17
30 17 46
30 46 47
30 7 126
30 126 127
30 127 128
30 128 129
30 129 130
30 130 131
30 131 14
30 47 142
31 14 17
31 17 46
31 46 47
31 7 126
31 126 127
31 127 128
31 128 129
31 129 130
31 130 131
31 131 14
31 47 142
32 20 21
32 24 25
32 25 56
32 56 57
32 57 58
32 58 59
32 59 60
32 60 61
32 61 20
32 21 89
32 90 24
32 143 90
32 89 139
33 12 1
33 14 15
33 20 19
33 22 25
33 29 27
33 27 33
33 33 31
33 31 36
33 36 37
33 37 12
33 46 47
33 47 44
33 44 42
33 42 40
33 40 38
33 25 56
33 56 57
33 57 58
33 58 59
33 59 60
33 60 61
33 61 20
33 1 68
33 68 69
33 69 70
33 70 71
33 71 72
33 72 73
33 73 14
33 19 96
33 96 97
33 97 29
33 38 98
33 98 99
33 99 22
33 15 132
33 132 133
33 133 134
33 134 135
33 135 136
33 136 137
33 137 6
33 147 46
34 18 21
34 34 35
34 35 32
34 32 30
34 30 28
34 28 26
34 26 94
34 94 95
34 95 18
34 21 108
34 108 109
34 109 110
34 110 111
34 111 112
34 112 113
34 113 93
34 93 140
34 146 34
35 20 21
35 21 108
35 108 109
35 109 110
35 110 111
35 111 112
35 112 113
35 113 93
35 88 20
35 144 88
35 93 140
36 9 5
36 0 13
36 18 21
36 13 34
36 34 35
36 35 32
36 32 30
36 30 28
36 28 26
36 26 94
36 94 95
36 95 18
36 21 89
36 5 114
36 114 115
36 115 116
36 116 117
36 117 118
36 118 119
36 119 0
36 89 139
37 14 17
37 17 46
37 46 47
37 7 126
37 126 127
37 127 128
37 128 129
37 129 130
37 130 131
37 131 14
37 47 142
38 9 5
38 0 13
38 13 34
38 34 35
38 5 114
38 114 115
38 115 116
38 116 117
38 117 118
38 118 119
38 119 0
38 35 141
39 2 10
39 12 13
39 20 19
39 29 27
39 27 33
39 33 31
39 31 36
39 36 37
39 37 12
39 13 80
39 80 81
39 81 82
39 82 83
39 83 84
39 84 85
39 85 2
39 19 96
39 96 97
39 97 29
39 88 20
39 144 88
40 18 21
40 34 35
40 35 32
40 32 30
40 30 28
40 28 26
40 26 94
40 94 95
40 95 18
40 21 108
40 108 109
40 109 110
40 110 111
40 111 112
40 112 113
40 113 93
40 93 140
40 146 34
41 18 21
41 34 35
41 35 32
41 32 30
41 30 28
41 28 26
41 26 94
41 94 95
41 95 18
41 21 89
41 89 139
41 146 34
42 16 15
42 24 23
42 41 39
42 39 45
42 45 43
42 43 48
42 48 49
42 49 16
42 23 100
42 100 101
42 101 41
42 90 24
42 15 132
42 132 133
42 133 134
42 134 135
42 135 136
42 136 137
42 137 6
42 143 90
43 4 8
43 12 1
43 16 17
43 49 16
43 17 74
43 74 75
43 75 76
43 76 77
43 77 78
43 78 79
43 79 12
43 1 120
43 120 121
43 121 122
43 122 123
43 123 124
43 124 125
43 125 4
43 147 49
44 0 1
44 11 3
44 14 17
44 17 46
44 46 47
44 3 62
44 62 63
44 63 64
44 64 65
44 65 66
44 66 67
44 67 0
44 1 68
44 68 69
44 69 70
44 70 71
44 71 72
44 72 73
44 73 14
44 47 142
45 2 10
45 12 13
45 20 19
45 29 27
45 27 33
45 33 31
45 31 36
45 36 37
45 37 12
45 13 80
45 80 81
45 81 82
45 82 83
45 83 84
45 84 85
45 85 2
45 19 96
45 96 97
45 97 29
45 88 20
45 144 88
46 20 19
46 22 23
46 41 39
46 39 45
46 45 43
46 43 48
46 19 50
46 50 51
46 51 52
46 52 53
46 53 54
46 54 55
46 55 22
46 23 100
46 100 101
46 101 41
46 88 20
46 144 88
46 48 142
47 20 19
47 22 23
47 41 39
47 39 45
47 45 43
47 43 48
47 19 50
47 50 51
47 51 52
47 52 53
47 53 54
47 54 55
47 55 22
47 23 100
47 100 101
47 101 41
47 88 20
47 144 88
47 48 142
48 2 10
48 12 13
48 14 17
48 17 74
48 74 75
48 75 76
48 76 77
48 77 78
48 78 79
48 79 12
48 13 80
48 80 81
48 81 82
48 82 83
48 83 84
48 84 85
48 85 2
48 7 126
48 126 127
48 127 128
48 128 129
48 129 130
48 130 131
48 131 14
49 0 1
49 9 5
49 14 17
49 17 46
49 46 47
49 1 68
49 68 69
49 69 70
49 70 71
49 71 72
49 72 73
49 73 14
49 5 114
49 114 115
49 115 116
49 116 117
49 117 118
49 118 119
49 119 0
49 47 142
50 11 3
50 0 13
50 13 34
50 34 35
50 3 62
50 62 63
50 63 64
50 64 65
50 65 66
50 66 67
50 67 0
50 35 141
51 0 1
51 9 5
51 14 15
51 1 68
51 68 69
51 69 70
51 70 71
51 71 72
51 72 73
51 73 14
51 5 114
51 114 115
51 115 116
51 116 117
51 117 118
51 118 119
51 119 0
51 15 132
51 132 133
51 133 134
51 134 135
51 135 136
51 136 137
51 137 6
52 18 19
52 22 25
52 34 35
52 35 32
52 32 30
52 30 28
52 28 26
52 19 50
52 50 51
52 51 52
52 52 53
52 53 54
52 54 55
52 55 22
52 26 94
52 94 95
52 95 18
52 25 91
52 91 138
52 146 34
53 18 21
53 92 102
53 102 103
53 103 104
53 104 105
53 105 106
53 106 107
53 107 18
53 21 89
53 145 92
53 89 139
54 22 25
54 46 47
54 47 44
54 44 42
54 42 40
54 40 38
54 38 98
54 98 99
54 99 22
54 25 91
54 91 138
54 147 46
55 0 1
55 11 3
55 4 8
55 3 62
55 62 63
55 63 64
55 64 65
55 65 66
55 66 67
55 67 0
55 1 120
55 120 121
55 121 122
55 122 123
55 123 124
55 124 125
55 125 4
56 4 8
56 12 1
56 14 17
56 17 74
56 74 75
56 75 76
56 76 77
56 77 78
56 78 79
56 79 12
56 1 120
56 120 121
56 121 122
56 122 123
56 123 124
56 124 125
56 125 4
56 7 126
56 126 127
56 127 128
56 128 129
56 129 130
56 130 131
56 131 14
57 20 19
57 24 25
57 29 27
57 27 33
57 33 31
57 31 36
57 25 56
57 56 57
57 57 58
57 58 59
57 59 60
57 60 61
57 61 20
57 19 96
57 96 97
57 97 29
57 90 24
57 143 90
57 36 141
58 0 1
58 11 3
58 4 8
58 3 62
58 62 63
58 63 64
58 64 65
58 65 66
58 66 67
58 67 0
58 1 120
58 120 121
58 121 122
58 122 123
58 123 124
58 124 125
58 125 4
59 2 10
59 12 13
59 37 12
59 13 80
59 80 81
59 81 82
59 82 83
59 83 84
59 84 85
59 85 2
59 146 37
60 0 1
60 9 5
60 14 15
60 1 68
60 68 69
60 69 70
60 70 71
60 71 72
60 72 73
60 73 14
60 5 114
60 114 115
60 115 116
60 116 117
60 117 118
60 118 119
60 119 0
60 15 132
60 132 133
60 133 134
60 134 135
60 135 136
60 136 137
60 137 6
61 9 5
61 0 13
61 13 34
61 34 35
61 5 114
61 114 115
61 115 116
61 116 117
61 117 118
61 118 119
61 119 0
61 35 141
62 18 19
62 29 27
62 27 33
62 33 31
62 31 36
62 19 96
62 96 97
62 97 29
62 92 102
62 102 103
62 103 104
62 104 105
62 105 106
62 106 107
62 107 18
62 145 92
62 36 141
63 2 10
63 12 13
63 20 19
63 29 27
63 27 33
63 33 31
63 31 36
63 36 37
63 37 12
63 13 80
63 80 81
63 81 82
63 82 83
63 83 84
63 84 85
63 85 2
63 19 96
63 96 97
63 97 29
63 88 20
63 144 88
64 4 8
64 12 1
64 16 17
64 49 16
64 17 74
64 74 75
64 75 76
64 76 77
64 77 78
64 78 79
64 79 12
64 1 120
64 120 121
64 121 122
64 122 123
64 123 124
64 124 125
64 125 4
64 147 49
65 20 19
65 24 25
65 29 27
65 27 33
65 33 31
65 31 36
65 25 56
65 56 57
65 57 58
65 58 59
65 59 60
65 60 61
65 61 20
65 19 96
65 96 97
65 97 29
65 90 24
65 143 90
65 36 141
66 2 10
66 12 13
66 16 17
66 49 16
66 17 74
66 74 75
66 75 76
66 76 77
66 77 78
66 78 79
66 79 12
66 13 80
66 80 81
66 81 82
66 82 83
66 83 84
66 84 85
66 85 2
66 147 49
67 20 21
67 24 25
67 25 56
67 56 57
67 57 58
67 58 59
67 59 60
67 60 61
67 61 20
67 21 89
67 90 24
67 143 90
67 89 139
68 18 19
68 22 25
68 19 50
68 50 51
68 51 52
68 52 53
68 53 54
68 54 55
68 55 22
68 92 102
68 102 103
68 103 104
68 104 105
68 105 106
68 106 107
68 107 18
68 25 91
68 145 92
68 91 138
69 20 21
69 24 25
69 25 56
69 56 57
69 57 58
69 58 59
69 59 60
69 60 61
69 61 20
69 21 108
69 108 109
69 109 110
69 110 111
69 111 112
69 112 113
69 113 93
69 90 24
69 143 90
69 93 140
70 18 19
70 29 27
70 27 33
70 33 31
70 31 36
70 19 96
70 96 97
70 97 29
70 92 102
70 102 103
70 103 104
70 104 105
70 105 106
70 106 107
70 107 18
70 145 92
70 36 141
71 18 21
71 92 102
71 102 103
71 103 104
71 104 105
71 105 106
71 106 107
71 107 18
71 21 89
71 145 92
71 89 139
72 2 10
72 12 13
72 16 17
72 49 16
72 17 74
72 74 75
72 75 76
72 76 77
72 77 78
72 78 79
72 79 12
72 13 80
72 80 81
72 81 82
72 82 83
72 83 84
72 84 85
72 85 2
72 147 49
73 18 21
73 34 35
73 35 32
73 32 30
73 30 28
73 28 26
73 26 94
73 94 95
73 95 18
73 21 108
73 108 109
73 109 110
73 110 111
73 111 112
73 112 113
73 113 93
73 93 140
73 146 34
74 20 19
74 24 25
74 29 27
74 27 33
74 33 31
74 31 36
74 25 56
74 56 57
74 57 58
74 58 59
74 59 60
74 60 61
74 61 20
74 19 96
74 96 97
74 97 29
74 90 24
74 143 90
74 36 141
75 2 10
75 12 13
75 20 19
75 29 27
75 27 33
75 33 31
75 31 36
75 36 37
75 37 12
75 13 80
75 80 81
75 81 82
75 82 83
75 83 84
75 84 85
75 85 2
75 19 96
75 96 97
75 97 29
75 88 20
75 144 88
76 4 8
76 12 1
76 14 17
76 17 74
76 74 75
76 75 76
76 76 77
76 77 78
76 78 79
76 79 12
76 1 120
76 120 121
76 121 122
76 122 123
76 123 124
76 124 125
76 125 4
76 7 126
76 126 127
76 127 128
76 128 129
76 129 130
76 130 131
76 131 14
77 22 25
77 46 47
77 47 44
77 44 42
77 42 40
77 40 38
77 38 98
77 98 99
77 99 22
77 25 91
77 91 138
77 147 46
78 18 21
78 34 35
78 35 32
78 32 30
78 30 28
78 28 26
78 26 94
78 94 95
78 95 18
78 21 108
78 108 109
78 109 110
78 110 111
78 111 112
78 112 113
78 113 93
78 93 140
78 146 34
79 9 5
79 0 13
79 13 34
79 34 35
79 5 114
79 114 115
79 115 116
79 116 117
79 117 118
79 118 119
79 119 0
79 35 141
80 14 17
80 22 25
80 17 46
80 46 47
80 47 44
80 44 42
80 42 40
80 40 38
80 38 98
80 98 99
80 99 22
80 25 91
80 7 126
80 126 127
80 127 128
80 128 129
80 129 130
80 130 131
80 131 14
80 91 138
83 16 15
83 49 16
83 15 132
83 132 133
83 133 134
83 134 135
83 135 136
83 136 137
83 137 6
83 147 49
85 22 25
85 46 47
85 47 44
85 44 42
85 42 40
85 40 38
85 38 98
85 98 99
85 99 22
85 25 91
85 91 138
85 147 46
86 0 1
86 11 3
86 4 8
86 3 62
86 62 63
86 63 64
86 64 65
86 65 66
86 66 67
86 67 0
86 1 120
86 120 121
86 121 122
86 122 123
86 123 124
86 124 125
86 125 4
88 9 5
88 0 13
88 18 21
88 13 34
88 34 35
88 35 32
88 32 30
88 30 28
88 28 26
88 26 94
88 94 95
88 95 18
88 21 89
88 5 114
88 114 115
88 115 116
88 116 117
88 117 118
88 118 119
88 119 0
88 89 139
92 0 1
92 9 5
92 14 15
92 1 68
92 68 69
92 69 70
92 70 71
92 71 72
92 72 73
92 73 14
92 5 114
92 114 115
92 115 116
92 116 117
92 117 118
92 118 119
92 119 0
92 15 132
92 132 133
92 133 134
92 134 135
92 135 136
92 136 137
92 137 6
94 4 8
94 12 1
94 14 17
94 17 74
94 74 75
94 75 76
94 76 77
94 77 78
94 78 79
94 79 12
94 1 120
94 120 121
94 121 122
94 122 123
94 123 124
94 124 125
94 125 4
94 7 126
94 126 127
94 127 128
94 128 129
94 129 130
94 130 131
94 131 14
95 0 1
95 11 3
95 4 8
95 3 62
95 62 63
95 63 64
95 64 65
95 65 66
95 66 67
95 67 0
95 1 120
95 120 121
95 121 122
95 122 123
95 123 124
95 124 125
95 125 4
98 18 19
98 22 25
98 19 50
98 50 51
98 51 52
98 52 53
98 53 54
98 54 55
98 55 22
98 92 102
98 102 103
98 103 104
98 104 105
98 105 106
98 106 107
98 107 18
98 25 91
98 145 92
98 91 138
;
;
set inFlight:=
1
3
13
14
18
19
;
param tini := 3.1;
