param nn:= 155;
set F:=
44
45
47
48
50
51
53
55
56
57
58
59
60
62
64
65
66
67
68
69
70
72
73
74
76
77
78
79
82
84
85
88
89
94
95
96
97
;
param: E: d:=
2 3 2.500000
3 4 2.500000
4 5 2.500000
5 6 2.500000
6 7 2.500000
7 0 2.500000
0 8 2.500000
9 10 2.500000
8 9 2.500000
12 11 2.500000
13 12 2.500000
14 13 2.500000
15 14 2.500000
16 15 2.500000
17 16 2.500000
18 17 2.500000
19 18 2.500000
20 19 2.500000
10 21 2.500000
21 22 2.500000
22 23 2.500000
23 24 2.500000
24 25 2.500000
26 20 2.500000
27 26 2.500000
28 27 2.500000
29 28 2.500000
30 29 2.500000
34 35 2.500000
36 31 2.500000
37 36 2.500000
41 40 2.500000
35 41 2.500000
41 42 2.500000
32 38 2.500000
38 43 2.500000
43 44 2.500000
45 37 2.500000
31 32 2.500000
45 44 2.500000
44 46 2.500000
46 47 2.500000
47 48 2.500000
42 48 2.500000
49 50 2.500000
51 52 2.500000
52 45 2.500000
44 51 2.500000
48 49 2.500000
50 47 2.500000
47 53 2.500000
53 40 2.500000
40 34 2.500000
54 143 1.500000
57 55 2.500000
56 58 2.500000
59 57 2.500000
58 60 2.500000
60 141 1.500000
142 59 1.500000
48 61 2.500000
61 62 2.500000
62 63 2.500000
66 65 2.500000
67 66 2.500000
68 67 2.500000
144 68 1.500000
2 1 2.500000
64 51 2.500000
63 54 2.500000
65 49 2.500000
50 64 2.500000
25 33 2.500000
33 69 2.500000
69 71 2.500000
71 73 2.500000
73 75 2.500000
75 77 2.500000
77 31 2.500000
40 80 2.500000
80 38 2.500000
38 36 2.500000
36 78 2.500000
78 76 2.500000
76 74 2.500000
74 72 2.500000
72 70 2.500000
70 39 2.500000
39 30 2.500000
32 79 2.500000
79 34 2.500000
148 95 1.500000
94 147 1.500000
152 100 1.500000
101 151 1.500000
154 98 1.500000
99 153 1.500000
96 149 1.500000
150 97 1.500000
97 35 2.500000
95 32 2.500000
31 94 2.500000
34 96 2.500000
51 101 2.500000
100 52 2.500000
98 50 2.500000
49 99 2.500000
35 81 2.500000
81 82 2.500000
82 83 2.500000
83 84 2.500000
84 85 2.500000
85 86 2.500000
93 92 2.500000
92 91 2.500000
91 90 2.500000
90 89 2.500000
89 88 2.500000
88 87 2.500000
87 41 2.500000
86 139 1.500000
140 93 1.500000
108 145 1.500000
146 107 1.500000
11 56 2.500000
2 11 2.500000
107 18 2.500000
18 8 2.500000
9 19 2.500000
19 108 2.500000
55 106 2.500000
106 1 2.500000
1 121 2.500000
121 122 2.500000
109 2 2.500000
110 109 2.500000
104 102 2.500000
102 114 2.500000
115 102 2.500000
102 103 2.500000
105 104 2.500000
104 134 2.500000
134 133 2.500000
103 105 2.500000
116 115 2.500000
8 117 2.500000
117 118 2.500000
118 119 2.500000
119 120 2.500000
120 116 2.500000
133 132 2.500000
132 131 2.500000
131 130 2.500000
130 129 2.500000
129 128 2.500000
128 9 2.500000
122 123 2.500000
123 124 2.500000
124 125 2.500000
125 126 2.500000
126 127 2.500000
127 103 2.500000
114 113 2.500000
113 112 2.500000
112 111 2.500000
111 110 2.500000
103 135 2.500000
135 137 1.500000
138 136 1.500000
136 105 2.500000
;
param s:=
44 146
45 146
47 144
48 150
50 140
51 140
53 152
55 152
56 148
57 150
58 148
59 152
60 146
62 142
64 142
65 148
66 146
67 154
68 146
69 152
70 140
72 154
73 152
74 152
76 138
77 140
78 138
79 144
82 146
84 150
85 140
88 138
89 138
94 138
95 138
96 138
97 140
;
param e:=
44 151
45 151
47 147
48 153
50 147
51 143
53 145
55 139
56 153
57 145
58 153
59 145
60 149
62 137
64 137
65 145
66 141
67 145
68 141
69 153
70 147
72 139
73 139
74 143
76 145
77 151
78 145
79 149
82 141
84 153
85 147
88 145
89 141
94 145
95 145
96 141
97 149
;
param v_min:=2.375
;
param v_max:=2.625
;
param :conflictsNodes: angle:=
0 7 8 1.000000
0 8 7 1.000000
1 2 121 1.154700
1 121 2 1.154700
1 2 106 1.000000
1 106 2 1.000000
1 106 121 1.000000
1 121 106 1.000000
2 3 11 1.000000
2 11 3 1.000000
2 3 109 1.154700
2 109 3 1.154700
2 1 3 1.000000
2 3 1 1.000000
2 1 11 1.000000
2 11 1 1.000000
2 1 109 1.000000
2 109 1 1.000000
2 11 109 1.000000
2 109 11 1.000000
3 2 4 1.000000
3 4 2 1.000000
4 3 5 1.000000
4 5 3 1.000000
5 4 6 1.000000
5 6 4 1.000000
6 5 7 1.000000
6 7 5 1.000000
7 0 6 1.000000
7 6 0 1.000000
8 0 9 1.000000
8 9 0 1.000000
8 0 117 1.154700
8 117 0 1.154700
8 0 18 1.000000
8 18 0 1.000000
8 9 117 1.000000
8 117 9 1.000000
8 9 18 1.000000
8 18 9 1.000000
8 18 117 1.000000
8 117 18 1.000000
9 8 10 1.000000
9 10 8 1.000000
9 8 19 1.000000
9 19 8 1.000000
9 8 128 1.154700
9 128 8 1.154700
9 10 19 1.000000
9 19 10 1.000000
9 10 128 1.000000
9 128 10 1.000000
9 19 128 1.000000
9 128 19 1.000000
10 9 21 1.000000
10 21 9 1.000000
11 2 12 1.000000
11 12 2 1.000000
11 2 56 1.000000
11 56 2 1.000000
11 12 56 1.000000
11 56 12 1.000000
12 11 13 1.000000
12 13 11 1.000000
13 12 14 1.000000
13 14 12 1.000000
14 13 15 1.000000
14 15 13 1.000000
15 14 16 1.000000
15 16 14 1.000000
16 15 17 1.000000
16 17 15 1.000000
17 16 18 1.000000
17 18 16 1.000000
18 17 19 1.000000
18 19 17 1.000000
18 17 107 1.000000
18 107 17 1.000000
18 8 17 1.000000
18 17 8 1.000000
18 8 19 1.000000
18 19 8 1.000000
18 8 107 1.000000
18 107 8 1.000000
18 19 107 1.000000
18 107 19 1.000000
19 9 18 1.000000
19 18 9 1.000000
19 9 108 1.000000
19 108 9 1.000000
19 9 20 1.000000
19 20 9 1.000000
19 18 108 1.000000
19 108 18 1.000000
19 18 20 1.000000
19 20 18 1.000000
19 20 108 1.000000
19 108 20 1.000000
20 19 26 1.000000
20 26 19 1.000000
21 10 22 1.000000
21 22 10 1.000000
22 21 23 1.000000
22 23 21 1.000000
23 22 24 1.000000
23 24 22 1.000000
24 23 25 1.000000
24 25 23 1.000000
25 24 33 1.000000
25 33 24 1.000000
26 20 27 1.000000
26 27 20 1.000000
27 26 28 1.000000
27 28 26 1.000000
28 27 29 1.000000
28 29 27 1.000000
29 28 30 1.000000
29 30 28 1.000000
30 29 39 1.000000
30 39 29 1.000000
31 36 94 1.000000
31 94 36 1.000000
31 36 77 1.000000
31 77 36 1.000000
31 32 36 1.000000
31 36 32 1.000000
31 32 94 1.000000
31 94 32 1.000000
31 32 77 1.000000
31 77 32 1.000000
31 77 94 1.000000
31 94 77 1.000000
32 31 38 1.000000
32 38 31 1.000000
32 31 79 1.000000
32 79 31 1.000000
32 31 95 1.000000
32 95 31 1.000000
32 38 79 1.000000
32 79 38 1.000000
32 38 95 1.000000
32 95 38 1.000000
32 79 95 1.000000
32 95 79 1.000000
33 25 69 1.000000
33 69 25 1.000000
34 35 96 1.000000
34 96 35 1.000000
34 35 40 1.000000
34 40 35 1.000000
34 35 79 1.000000
34 79 35 1.000000
34 40 96 1.000000
34 96 40 1.000000
34 40 79 1.000000
34 79 40 1.000000
34 79 96 1.000000
34 96 79 1.000000
35 34 41 1.000000
35 41 34 1.000000
35 34 81 1.000000
35 81 34 1.000000
35 34 97 1.000000
35 97 34 1.000000
35 41 81 1.000000
35 81 41 1.000000
35 41 97 1.000000
35 97 41 1.000000
35 81 97 1.189773
35 97 81 1.189773
36 31 78 1.000000
36 78 31 1.000000
36 31 37 1.000000
36 37 31 1.000000
36 31 38 1.000000
36 38 31 1.000000
36 37 78 1.000000
36 78 37 1.000000
36 37 38 1.000000
36 38 37 1.000000
36 38 78 1.000000
36 78 38 1.000000
37 36 45 1.000000
37 45 36 1.000000
38 32 43 1.000000
38 43 32 1.000000
38 32 36 1.000000
38 36 32 1.000000
38 32 80 1.000000
38 80 32 1.000000
38 43 80 1.000000
38 80 43 1.000000
38 36 43 1.000000
38 43 36 1.000000
38 36 80 1.000000
38 80 36 1.000000
39 30 70 1.000000
39 70 30 1.000000
40 41 80 1.000000
40 80 41 1.000000
40 41 53 1.000000
40 53 41 1.000000
40 34 41 1.000000
40 41 34 1.000000
40 34 80 1.000000
40 80 34 1.000000
40 34 53 1.000000
40 53 34 1.000000
40 53 80 1.000000
40 80 53 1.000000
41 35 40 1.000000
41 40 35 1.000000
41 35 42 1.000000
41 42 35 1.000000
41 35 87 1.189773
41 87 35 1.189773
41 40 42 1.000000
41 42 40 1.000000
41 40 87 1.000000
41 87 40 1.000000
41 42 87 1.000000
41 87 42 1.000000
42 41 48 1.000000
42 48 41 1.000000
43 38 44 1.000000
43 44 38 1.000000
44 43 46 1.000000
44 46 43 1.000000
44 43 51 1.000000
44 51 43 1.000000
44 43 45 1.000000
44 45 43 1.000000
44 46 51 1.000000
44 51 46 1.000000
44 45 46 1.000000
44 46 45 1.000000
44 45 51 1.000000
44 51 45 1.000000
45 37 44 1.000000
45 44 37 1.000000
45 37 52 1.000000
45 52 37 1.000000
45 44 52 1.000000
45 52 44 1.000000
46 44 47 1.000000
46 47 44 1.000000
47 46 48 1.000000
47 48 46 1.000000
47 46 53 1.000000
47 53 46 1.000000
47 46 50 1.000000
47 50 46 1.000000
47 48 53 1.000000
47 53 48 1.000000
47 48 50 1.000000
47 50 48 1.000000
47 50 53 1.000000
47 53 50 1.000000
48 42 47 1.000000
48 47 42 1.000000
48 42 49 1.000000
48 49 42 1.000000
48 42 61 1.000000
48 61 42 1.000000
48 47 49 1.000000
48 49 47 1.000000
48 47 61 1.000000
48 61 47 1.000000
48 49 61 1.000000
48 61 49 1.000000
49 48 50 1.000000
49 50 48 1.000000
49 48 99 1.000000
49 99 48 1.000000
49 48 65 1.000000
49 65 48 1.000000
49 50 99 1.000000
49 99 50 1.000000
49 50 65 1.000000
49 65 50 1.000000
49 65 99 1.000000
49 99 65 1.000000
50 49 64 1.000000
50 64 49 1.000000
50 49 98 1.000000
50 98 49 1.000000
50 47 49 1.000000
50 49 47 1.000000
50 47 64 1.000000
50 64 47 1.000000
50 47 98 1.000000
50 98 47 1.000000
50 64 98 1.000000
50 98 64 1.000000
51 44 52 1.000000
51 52 44 1.000000
51 44 101 1.000000
51 101 44 1.000000
51 44 64 1.000000
51 64 44 1.000000
51 52 101 1.000000
51 101 52 1.000000
51 52 64 1.000000
51 64 52 1.000000
51 64 101 1.000000
51 101 64 1.000000
52 51 100 1.000000
52 100 51 1.000000
52 45 51 1.000000
52 51 45 1.000000
52 45 100 1.000000
52 100 45 1.000000
53 40 47 1.000000
53 47 40 1.000000
55 57 106 1.000000
55 106 57 1.000000
56 11 58 1.000000
56 58 11 1.000000
57 55 59 1.000000
57 59 55 1.000000
58 56 60 1.000000
58 60 56 1.000000
61 48 62 1.000000
61 62 48 1.000000
62 61 63 1.000000
62 63 61 1.000000
63 54 62 1.000000
63 62 54 1.000000
64 50 51 1.000000
64 51 50 1.000000
65 49 66 1.000000
65 66 49 1.000000
66 65 67 1.000000
66 67 65 1.000000
67 66 68 1.000000
67 68 66 1.000000
69 33 71 1.000000
69 71 33 1.000000
70 39 72 1.000000
70 72 39 1.000000
71 69 73 1.000000
71 73 69 1.000000
72 70 74 1.000000
72 74 70 1.000000
73 71 75 1.000000
73 75 71 1.000000
74 72 76 1.000000
74 76 72 1.000000
75 73 77 1.000000
75 77 73 1.000000
76 74 78 1.000000
76 78 74 1.000000
77 31 75 1.000000
77 75 31 1.000000
78 36 76 1.000000
78 76 36 1.000000
79 32 34 1.000000
79 34 32 1.000000
80 38 40 1.000000
80 40 38 1.000000
81 35 82 1.000000
81 82 35 1.000000
82 81 83 1.000000
82 83 81 1.000000
83 82 84 1.000000
83 84 82 1.000000
84 83 85 1.000000
84 85 83 1.000000
85 84 86 1.000000
85 86 84 1.000000
87 41 88 1.000000
87 88 41 1.000000
88 87 89 1.000000
88 89 87 1.000000
89 88 90 1.000000
89 90 88 1.000000
90 89 91 1.000000
90 91 89 1.000000
91 90 92 1.000000
91 92 90 1.000000
92 91 93 1.000000
92 93 91 1.000000
102 104 114 1.000000
102 114 104 1.000000
102 104 115 1.000000
102 115 104 1.000000
102 114 115 1.154700
102 115 114 1.154700
102 103 104 1.154700
102 104 103 1.154700
102 103 114 1.000000
102 114 103 1.000000
102 103 115 1.000000
102 115 103 1.000000
103 102 105 1.000000
103 105 102 1.000000
103 102 135 1.000000
103 135 102 1.000000
103 102 127 1.154700
103 127 102 1.154700
103 105 135 1.154700
103 135 105 1.154700
103 105 127 1.000000
103 127 105 1.000000
103 127 135 1.000000
103 135 127 1.000000
104 102 134 1.154700
104 134 102 1.154700
104 102 105 1.000000
104 105 102 1.000000
104 105 134 1.000000
104 134 105 1.000000
105 103 104 1.154700
105 104 103 1.154700
105 103 136 1.000000
105 136 103 1.000000
105 104 136 1.000000
105 136 104 1.000000
106 1 55 1.000000
106 55 1 1.000000
109 2 110 1.000000
109 110 2 1.000000
110 109 111 1.000000
110 111 109 1.000000
111 110 112 1.000000
111 112 110 1.000000
112 111 113 1.000000
112 113 111 1.000000
113 112 114 1.000000
113 114 112 1.000000
114 102 113 1.000000
114 113 102 1.000000
115 102 116 1.000000
115 116 102 1.000000
116 115 120 1.000000
116 120 115 1.000000
117 8 118 1.000000
117 118 8 1.000000
118 117 119 1.000000
118 119 117 1.000000
119 118 120 1.000000
119 120 118 1.000000
120 116 119 1.000000
120 119 116 1.000000
121 1 122 1.000000
121 122 1 1.000000
122 121 123 1.000000
122 123 121 1.000000
123 122 124 1.000000
123 124 122 1.000000
124 123 125 1.000000
124 125 123 1.000000
125 124 126 1.000000
125 126 124 1.000000
126 125 127 1.000000
126 127 125 1.000000
127 103 126 1.000000
127 126 103 1.000000
128 9 129 1.000000
128 129 9 1.000000
129 128 130 1.000000
129 130 128 1.000000
130 129 131 1.000000
130 131 129 1.000000
131 130 132 1.000000
131 132 130 1.000000
132 131 133 1.000000
132 133 131 1.000000
133 132 134 1.000000
133 134 132 1.000000
134 104 133 1.000000
134 133 104 1.000000
;
param D:=0.5;
param t_hat_ear:=
44 146 27.0
44 107 28.0
44 18 29.0
44 8 30.0
44 9 31.0
44 10 32.0
44 21 33.0
44 22 34.0
44 23 35.0
44 24 36.0
44 25 37.0
44 33 38.0
44 69 39.0
44 71 40.0
44 73 41.0
44 75 42.0
44 77 43.0
44 31 44.0
44 32 45.0
44 38 46.0
44 43 47.0
44 44 48.0
44 51 49.0
44 101 50.0
44 151 51.0
45 146 29.0
45 107 30.0
45 18 31.0
45 8 32.0
45 9 33.0
45 10 34.0
45 21 35.0
45 22 36.0
45 23 37.0
45 24 38.0
45 25 39.0
45 33 40.0
45 69 41.0
45 71 42.0
45 73 43.0
45 75 44.0
45 77 45.0
45 31 46.0
45 32 47.0
45 38 48.0
45 43 49.0
45 44 50.0
45 51 51.0
45 101 52.0
45 151 53.0
47 144 26.0
47 68 27.0
47 67 28.0
47 66 29.0
47 65 30.0
47 49 31.0
47 50 32.0
47 47 33.0
47 53 34.0
47 40 35.0
47 80 36.0
47 38 37.0
47 36 38.0
47 31 39.0
47 94 40.0
47 147 41.0
48 150 36.0
48 97 37.0
48 35 38.0
48 41 39.0
48 42 40.0
48 48 41.0
48 49 42.0
48 99 43.0
48 153 44.0
50 140 29.0
50 93 30.0
50 92 31.0
50 91 32.0
50 90 33.0
50 89 34.0
50 88 35.0
50 87 36.0
50 41 37.0
50 40 38.0
50 80 39.0
50 38 40.0
50 36 41.0
50 31 42.0
50 94 43.0
50 147 44.0
51 140 26.0
51 93 27.0
51 92 28.0
51 91 29.0
51 90 30.0
51 89 31.0
51 88 32.0
51 87 33.0
51 41 34.0
51 42 35.0
51 48 36.0
51 61 37.0
51 62 38.0
51 63 39.0
51 54 40.0
51 143 41.0
53 152 27.0
53 100 28.0
53 52 29.0
53 45 30.0
53 37 31.0
53 36 32.0
53 78 33.0
53 76 34.0
53 74 35.0
53 72 36.0
53 70 37.0
53 39 38.0
53 30 39.0
53 29 40.0
53 28 41.0
53 27 42.0
53 26 43.0
53 20 44.0
53 19 45.0
53 108 46.0
53 145 47.0
55 152 23.0
55 100 24.0
55 52 25.0
55 45 26.0
55 44 27.0
55 46 28.0
55 47 29.0
55 53 30.0
55 40 31.0
55 34 32.0
55 35 33.0
55 81 34.0
55 82 35.0
55 83 36.0
55 84 37.0
55 85 38.0
55 86 39.0
55 139 40.0
56 148 39.0
56 95 40.0
56 32 41.0
56 38 42.0
56 43 43.0
56 44 44.0
56 46 45.0
56 47 46.0
56 48 47.0
56 49 48.0
56 99 49.0
56 153 50.0
57 150 38.0
57 97 39.0
57 35 40.0
57 41 41.0
57 40 42.0
57 80 43.0
57 38 44.0
57 36 45.0
57 78 46.0
57 76 47.0
57 74 48.0
57 72 49.0
57 70 50.0
57 39 51.0
57 30 52.0
57 29 53.0
57 28 54.0
57 27 55.0
57 26 56.0
57 20 57.0
57 19 58.0
57 108 59.0
57 145 60.0
58 148 30.0
58 95 31.0
58 32 32.0
58 38 33.0
58 43 34.0
58 44 35.0
58 46 36.0
58 47 37.0
58 48 38.0
58 49 39.0
58 99 40.0
58 153 41.0
59 152 29.0
59 100 30.0
59 52 31.0
59 45 32.0
59 37 33.0
59 36 34.0
59 78 35.0
59 76 36.0
59 74 37.0
59 72 38.0
59 70 39.0
59 39 40.0
59 30 41.0
59 29 42.0
59 28 43.0
59 27 44.0
59 26 45.0
59 20 46.0
59 19 47.0
59 108 48.0
59 145 49.0
60 146 40.1
60 107 40.0
60 18 41.0
60 8 42.0
60 9 43.0
60 10 44.0
60 21 45.0
60 22 46.0
60 23 47.0
60 24 48.0
60 25 49.0
60 33 50.0
60 69 51.0
60 71 52.0
60 73 53.0
60 75 54.0
60 77 55.0
60 31 56.0
60 32 57.0
60 79 58.0
60 34 59.0
60 96 60.0
60 149 61.0
62 142 30.0
62 59 31.0
62 57 32.0
62 55 33.0
62 106 34.0
62 1 35.0
62 121 36.0
62 122 37.0
62 123 38.0
62 124 39.0
62 125 40.0
62 126 41.0
62 127 42.0
62 103 43.0
62 135 44.0
62 137 45.0
64 142 40.1
64 59 40.0
64 57 41.0
64 55 42.0
64 106 43.0
64 1 44.0
64 121 45.0
64 122 46.0
64 123 47.0
64 124 48.0
64 125 49.0
64 126 50.0
64 127 51.0
64 103 52.0
64 135 53.0
64 137 54.0
65 148 49.0
65 95 50.0
65 32 51.0
65 38 52.0
65 36 53.0
65 78 54.0
65 76 55.0
65 74 56.0
65 72 57.0
65 70 58.0
65 39 59.0
65 30 60.0
65 29 61.0
65 28 62.0
65 27 63.0
65 26 64.0
65 20 65.0
65 19 66.0
65 108 67.0
65 145 68.0
66 146 33.0
66 107 34.0
66 18 35.0
66 17 36.0
66 16 37.0
66 15 38.0
66 14 39.0
66 13 40.0
66 12 41.0
66 11 42.0
66 56 43.0
66 58 44.0
66 60 45.0
66 141 46.0
67 154 47.0
67 98 48.0
67 50 49.0
67 47 50.0
67 53 51.0
67 40 52.0
67 80 53.0
67 38 54.0
67 36 55.0
67 78 56.0
67 76 57.0
67 74 58.0
67 72 59.0
67 70 60.0
67 39 61.0
67 30 62.0
67 29 63.0
67 28 64.0
67 27 65.0
67 26 66.0
67 20 67.0
67 19 68.0
67 108 69.0
67 145 70.0
68 146 31.0
68 107 32.0
68 18 33.0
68 17 34.0
68 16 35.0
68 15 36.0
68 14 37.0
68 13 38.0
68 12 39.0
68 11 40.0
68 56 41.0
68 58 42.0
68 60 43.0
68 141 44.0
69 152 49.0
69 100 50.0
69 52 51.0
69 45 52.0
69 44 53.0
69 46 54.0
69 47 55.0
69 48 56.0
69 49 57.0
69 99 58.0
69 153 59.0
70 140 40.1
70 93 40.0
70 92 41.0
70 91 42.0
70 90 43.0
70 89 44.0
70 88 45.0
70 87 46.0
70 41 47.0
70 40 48.0
70 80 49.0
70 38 50.0
70 36 51.0
70 31 52.0
70 94 53.0
70 147 54.0
72 154 39.0
72 98 40.0
72 50 41.0
72 47 42.0
72 53 43.0
72 40 44.0
72 34 45.0
72 35 46.0
72 81 47.0
72 82 48.0
72 83 49.0
72 84 50.0
72 85 51.0
72 86 52.0
72 139 53.0
73 152 38.0
73 100 39.0
73 52 40.0
73 45 41.0
73 44 42.0
73 46 43.0
73 47 44.0
73 53 45.0
73 40 46.0
73 34 47.0
73 35 48.0
73 81 49.0
73 82 50.0
73 83 51.0
73 84 52.0
73 85 53.0
73 86 54.0
73 139 55.0
74 152 42.0
74 100 43.0
74 52 44.0
74 45 45.0
74 44 46.0
74 46 47.0
74 47 48.0
74 48 49.0
74 61 50.0
74 62 51.0
74 63 52.0
74 54 53.0
74 143 54.0
76 138 30.0
76 136 31.0
76 105 32.0
76 104 33.0
76 134 34.0
76 133 35.0
76 132 36.0
76 131 37.0
76 130 38.0
76 129 39.0
76 128 40.0
76 9 41.0
76 19 42.0
76 108 43.0
76 145 44.0
77 140 47.0
77 93 48.0
77 92 49.0
77 91 50.0
77 90 51.0
77 89 52.0
77 88 53.0
77 87 54.0
77 41 55.0
77 40 56.0
77 80 57.0
77 38 58.0
77 43 59.0
77 44 60.0
77 51 61.0
77 101 62.0
77 151 63.0
78 138 37.0
78 136 38.0
78 105 39.0
78 104 40.0
78 134 41.0
78 133 42.0
78 132 43.0
78 131 44.0
78 130 45.0
78 129 46.0
78 128 47.0
78 9 48.0
78 19 49.0
78 108 50.0
78 145 51.0
79 144 45.0
79 68 46.0
79 67 47.0
79 66 48.0
79 65 49.0
79 49 50.0
79 50 51.0
79 47 52.0
79 53 53.0
79 40 54.0
79 34 55.0
79 96 56.0
79 149 57.0
82 146 41.0
82 107 42.0
82 18 43.0
82 17 44.0
82 16 45.0
82 15 46.0
82 14 47.0
82 13 48.0
82 12 49.0
82 11 50.0
82 56 51.0
82 58 52.0
82 60 53.0
82 141 54.0
84 150 40.0
84 97 41.0
84 35 42.0
84 41 43.0
84 42 44.0
84 48 45.0
84 49 46.0
84 99 47.0
84 153 48.0
85 140 49.0
85 93 50.0
85 92 51.0
85 91 52.0
85 90 53.0
85 89 54.0
85 88 55.0
85 87 56.0
85 41 57.0
85 40 58.0
85 80 59.0
85 38 60.0
85 36 61.0
85 31 62.0
85 94 63.0
85 147 64.0
88 138 44.0
88 136 45.0
88 105 46.0
88 104 47.0
88 134 48.0
88 133 49.0
88 132 50.0
88 131 51.0
88 130 52.0
88 129 53.0
88 128 54.0
88 9 55.0
88 19 56.0
88 108 57.0
88 145 58.0
89 138 47.0
89 136 48.0
89 105 49.0
89 104 50.0
89 102 51.0
89 114 52.0
89 113 53.0
89 112 54.0
89 111 55.0
89 110 56.0
89 109 57.0
89 2 58.0
89 11 59.0
89 56 60.0
89 58 61.0
89 60 62.0
89 141 63.0
94 138 42.0
94 136 43.0
94 105 44.0
94 104 45.0
94 134 46.0
94 133 47.0
94 132 48.0
94 131 49.0
94 130 50.0
94 129 51.0
94 128 52.0
94 9 53.0
94 19 54.0
94 108 55.0
94 145 56.0
95 138 40.0
95 136 41.0
95 105 42.0
95 104 43.0
95 134 44.0
95 133 45.0
95 132 46.0
95 131 47.0
95 130 48.0
95 129 49.0
95 128 50.0
95 9 51.0
95 19 52.0
95 108 53.0
95 145 54.0
96 138 49.0
96 136 50.0
96 105 51.0
96 104 52.0
96 102 53.0
96 114 54.0
96 113 55.0
96 112 56.0
96 111 57.0
96 110 58.0
96 109 59.0
96 2 60.0
96 11 61.0
96 56 62.0
96 58 63.0
96 60 64.0
96 141 65.0
97 140 41.0
97 93 42.0
97 92 43.0
97 91 44.0
97 90 45.0
97 89 46.0
97 88 47.0
97 87 48.0
97 41 49.0
97 40 50.0
97 34 51.0
97 96 52.0
97 149 53.0
;
param t_hat_lat:=
44 146 28.0
44 107 29.0
44 18 30.0
44 8 31.0
44 9 32.0
44 10 33.0
44 21 34.0
44 22 35.0
44 23 36.0
44 24 37.0
44 25 38.0
44 33 39.0
44 69 40.0
44 71 41.0
44 73 42.0
44 75 43.0
44 77 44.0
44 31 45.0
44 32 46.0
44 38 47.0
44 43 48.0
44 44 49.0
44 51 50.0
44 101 51.0
44 151 52.0
45 146 30.0
45 107 31.0
45 18 32.0
45 8 33.0
45 9 34.0
45 10 35.0
45 21 36.0
45 22 37.0
45 23 38.0
45 24 39.0
45 25 40.0
45 33 41.0
45 69 42.0
45 71 43.0
45 73 44.0
45 75 45.0
45 77 46.0
45 31 47.0
45 32 48.0
45 38 49.0
45 43 50.0
45 44 51.0
45 51 52.0
45 101 53.0
45 151 54.0
47 144 27.0
47 68 28.0
47 67 29.0
47 66 30.0
47 65 31.0
47 49 32.0
47 50 33.0
47 47 34.0
47 53 35.0
47 40 36.0
47 80 37.0
47 38 38.0
47 36 39.0
47 31 40.0
47 94 41.0
47 147 42.0
48 150 37.0
48 97 38.0
48 35 39.0
48 41 40.0
48 42 41.0
48 48 42.0
48 49 43.0
48 99 44.0
48 153 45.0
50 140 30.0
50 93 31.0
50 92 32.0
50 91 33.0
50 90 34.0
50 89 35.0
50 88 36.0
50 87 37.0
50 41 38.0
50 40 39.0
50 80 40.0
50 38 41.0
50 36 42.0
50 31 43.0
50 94 44.0
50 147 45.0
51 140 27.0
51 93 28.0
51 92 29.0
51 91 30.0
51 90 31.0
51 89 32.0
51 88 33.0
51 87 34.0
51 41 35.0
51 42 36.0
51 48 37.0
51 61 38.0
51 62 39.0
51 63 40.0
51 54 41.0
51 143 42.0
53 152 28.0
53 100 29.0
53 52 30.0
53 45 31.0
53 37 32.0
53 36 33.0
53 78 34.0
53 76 35.0
53 74 36.0
53 72 37.0
53 70 38.0
53 39 39.0
53 30 40.0
53 29 41.0
53 28 42.0
53 27 43.0
53 26 44.0
53 20 45.0
53 19 46.0
53 108 47.0
53 145 48.0
55 152 24.0
55 100 25.0
55 52 26.0
55 45 27.0
55 44 28.0
55 46 29.0
55 47 30.0
55 53 31.0
55 40 32.0
55 34 33.0
55 35 34.0
55 81 35.0
55 82 36.0
55 83 37.0
55 84 38.0
55 85 39.0
55 86 40.0
55 139 41.0
56 148 40.0
56 95 41.0
56 32 42.0
56 38 43.0
56 43 44.0
56 44 45.0
56 46 46.0
56 47 47.0
56 48 48.0
56 49 49.0
56 99 50.0
56 153 51.0
57 150 39.0
57 97 40.0
57 35 41.0
57 41 42.0
57 40 43.0
57 80 44.0
57 38 45.0
57 36 46.0
57 78 47.0
57 76 48.0
57 74 49.0
57 72 50.0
57 70 51.0
57 39 52.0
57 30 53.0
57 29 54.0
57 28 55.0
57 27 56.0
57 26 57.0
57 20 58.0
57 19 59.0
57 108 60.0
57 145 61.0
58 148 31.0
58 95 32.0
58 32 33.0
58 38 34.0
58 43 35.0
58 44 36.0
58 46 37.0
58 47 38.0
58 48 39.0
58 49 40.0
58 99 41.0
58 153 42.0
59 152 30.0
59 100 31.0
59 52 32.0
59 45 33.0
59 37 34.0
59 36 35.0
59 78 36.0
59 76 37.0
59 74 38.0
59 72 39.0
59 70 40.0
59 39 41.0
59 30 42.0
59 29 43.0
59 28 44.0
59 27 45.0
59 26 46.0
59 20 47.0
59 19 48.0
59 108 49.0
59 145 50.0
60 146 41.099999999999994
60 107 41.0
60 18 42.0
60 8 43.0
60 9 44.0
60 10 45.0
60 21 46.0
60 22 47.0
60 23 48.0
60 24 49.0
60 25 50.0
60 33 51.0
60 69 52.0
60 71 53.0
60 73 54.0
60 75 55.0
60 77 56.0
60 31 57.0
60 32 58.0
60 79 59.0
60 34 60.0
60 96 61.0
60 149 62.0
62 142 31.0
62 59 32.0
62 57 33.0
62 55 34.0
62 106 35.0
62 1 36.0
62 121 37.0
62 122 38.0
62 123 39.0
62 124 40.0
62 125 41.0
62 126 42.0
62 127 43.0
62 103 44.0
62 135 45.0
62 137 46.0
64 142 41.099999999999994
64 59 41.0
64 57 42.0
64 55 43.0
64 106 44.0
64 1 45.0
64 121 46.0
64 122 47.0
64 123 48.0
64 124 49.0
64 125 50.0
64 126 51.0
64 127 52.0
64 103 53.0
64 135 54.0
64 137 55.0
65 148 50.0
65 95 51.0
65 32 52.0
65 38 53.0
65 36 54.0
65 78 55.0
65 76 56.0
65 74 57.0
65 72 58.0
65 70 59.0
65 39 60.0
65 30 61.0
65 29 62.0
65 28 63.0
65 27 64.0
65 26 65.0
65 20 66.0
65 19 67.0
65 108 68.0
65 145 69.0
66 146 34.0
66 107 35.0
66 18 36.0
66 17 37.0
66 16 38.0
66 15 39.0
66 14 40.0
66 13 41.0
66 12 42.0
66 11 43.0
66 56 44.0
66 58 45.0
66 60 46.0
66 141 47.0
67 154 48.0
67 98 49.0
67 50 50.0
67 47 51.0
67 53 52.0
67 40 53.0
67 80 54.0
67 38 55.0
67 36 56.0
67 78 57.0
67 76 58.0
67 74 59.0
67 72 60.0
67 70 61.0
67 39 62.0
67 30 63.0
67 29 64.0
67 28 65.0
67 27 66.0
67 26 67.0
67 20 68.0
67 19 69.0
67 108 70.0
67 145 71.0
68 146 32.0
68 107 33.0
68 18 34.0
68 17 35.0
68 16 36.0
68 15 37.0
68 14 38.0
68 13 39.0
68 12 40.0
68 11 41.0
68 56 42.0
68 58 43.0
68 60 44.0
68 141 45.0
69 152 50.0
69 100 51.0
69 52 52.0
69 45 53.0
69 44 54.0
69 46 55.0
69 47 56.0
69 48 57.0
69 49 58.0
69 99 59.0
69 153 60.0
70 140 41.099999999999994
70 93 41.0
70 92 42.0
70 91 43.0
70 90 44.0
70 89 45.0
70 88 46.0
70 87 47.0
70 41 48.0
70 40 49.0
70 80 50.0
70 38 51.0
70 36 52.0
70 31 53.0
70 94 54.0
70 147 55.0
72 154 40.0
72 98 41.0
72 50 42.0
72 47 43.0
72 53 44.0
72 40 45.0
72 34 46.0
72 35 47.0
72 81 48.0
72 82 49.0
72 83 50.0
72 84 51.0
72 85 52.0
72 86 53.0
72 139 54.0
73 152 39.0
73 100 40.0
73 52 41.0
73 45 42.0
73 44 43.0
73 46 44.0
73 47 45.0
73 53 46.0
73 40 47.0
73 34 48.0
73 35 49.0
73 81 50.0
73 82 51.0
73 83 52.0
73 84 53.0
73 85 54.0
73 86 55.0
73 139 56.0
74 152 43.0
74 100 44.0
74 52 45.0
74 45 46.0
74 44 47.0
74 46 48.0
74 47 49.0
74 48 50.0
74 61 51.0
74 62 52.0
74 63 53.0
74 54 54.0
74 143 55.0
76 138 31.0
76 136 32.0
76 105 33.0
76 104 34.0
76 134 35.0
76 133 36.0
76 132 37.0
76 131 38.0
76 130 39.0
76 129 40.0
76 128 41.0
76 9 42.0
76 19 43.0
76 108 44.0
76 145 45.0
77 140 48.0
77 93 49.0
77 92 50.0
77 91 51.0
77 90 52.0
77 89 53.0
77 88 54.0
77 87 55.0
77 41 56.0
77 40 57.0
77 80 58.0
77 38 59.0
77 43 60.0
77 44 61.0
77 51 62.0
77 101 63.0
77 151 64.0
78 138 38.0
78 136 39.0
78 105 40.0
78 104 41.0
78 134 42.0
78 133 43.0
78 132 44.0
78 131 45.0
78 130 46.0
78 129 47.0
78 128 48.0
78 9 49.0
78 19 50.0
78 108 51.0
78 145 52.0
79 144 46.0
79 68 47.0
79 67 48.0
79 66 49.0
79 65 50.0
79 49 51.0
79 50 52.0
79 47 53.0
79 53 54.0
79 40 55.0
79 34 56.0
79 96 57.0
79 149 58.0
82 146 42.0
82 107 43.0
82 18 44.0
82 17 45.0
82 16 46.0
82 15 47.0
82 14 48.0
82 13 49.0
82 12 50.0
82 11 51.0
82 56 52.0
82 58 53.0
82 60 54.0
82 141 55.0
84 150 41.0
84 97 42.0
84 35 43.0
84 41 44.0
84 42 45.0
84 48 46.0
84 49 47.0
84 99 48.0
84 153 49.0
85 140 50.0
85 93 51.0
85 92 52.0
85 91 53.0
85 90 54.0
85 89 55.0
85 88 56.0
85 87 57.0
85 41 58.0
85 40 59.0
85 80 60.0
85 38 61.0
85 36 62.0
85 31 63.0
85 94 64.0
85 147 65.0
88 138 45.0
88 136 46.0
88 105 47.0
88 104 48.0
88 134 49.0
88 133 50.0
88 132 51.0
88 131 52.0
88 130 53.0
88 129 54.0
88 128 55.0
88 9 56.0
88 19 57.0
88 108 58.0
88 145 59.0
89 138 48.0
89 136 49.0
89 105 50.0
89 104 51.0
89 102 52.0
89 114 53.0
89 113 54.0
89 112 55.0
89 111 56.0
89 110 57.0
89 109 58.0
89 2 59.0
89 11 60.0
89 56 61.0
89 58 62.0
89 60 63.0
89 141 64.0
94 138 43.0
94 136 44.0
94 105 45.0
94 104 46.0
94 134 47.0
94 133 48.0
94 132 49.0
94 131 50.0
94 130 51.0
94 129 52.0
94 128 53.0
94 9 54.0
94 19 55.0
94 108 56.0
94 145 57.0
95 138 41.0
95 136 42.0
95 105 43.0
95 104 44.0
95 134 45.0
95 133 46.0
95 132 47.0
95 131 48.0
95 130 49.0
95 129 50.0
95 128 51.0
95 9 52.0
95 19 53.0
95 108 54.0
95 145 55.0
96 138 50.0
96 136 51.0
96 105 52.0
96 104 53.0
96 102 54.0
96 114 55.0
96 113 56.0
96 112 57.0
96 111 58.0
96 110 59.0
96 109 60.0
96 2 61.0
96 11 62.0
96 56 63.0
96 58 64.0
96 60 65.0
96 141 66.0
97 140 42.0
97 93 43.0
97 92 44.0
97 91 45.0
97 90 46.0
97 89 47.0
97 88 48.0
97 87 49.0
97 41 50.0
97 40 51.0
97 34 52.0
97 96 53.0
97 149 54.0
;
set fixedFlights :=
44 9 10
44 8 9
44 10 21
44 21 22
44 22 23
44 23 24
44 24 25
44 32 38
44 38 43
44 43 44
44 31 32
44 44 51
44 25 33
44 33 69
44 69 71
44 71 73
44 73 75
44 75 77
44 77 31
44 101 151
44 51 101
44 146 107
44 107 18
44 18 8
45 9 10
45 8 9
45 10 21
45 21 22
45 22 23
45 23 24
45 24 25
45 32 38
45 38 43
45 43 44
45 31 32
45 44 51
45 25 33
45 33 69
45 69 71
45 71 73
45 73 75
45 75 77
45 77 31
45 101 151
45 51 101
45 146 107
45 107 18
45 18 8
47 36 31
47 49 50
47 50 47
47 47 53
47 53 40
47 66 65
47 67 66
47 68 67
47 144 68
47 65 49
47 40 80
47 80 38
47 38 36
47 94 147
47 31 94
48 35 41
48 41 42
48 42 48
48 48 49
48 99 153
48 150 97
48 97 35
48 49 99
50 36 31
50 41 40
50 40 80
50 80 38
50 38 36
50 94 147
50 31 94
50 93 92
50 92 91
50 91 90
50 90 89
50 89 88
50 88 87
50 87 41
50 140 93
51 41 42
51 42 48
51 54 143
51 48 61
51 61 62
51 62 63
51 63 54
51 93 92
51 92 91
51 91 90
51 90 89
51 89 88
51 88 87
51 87 41
51 140 93
53 20 19
53 26 20
53 27 26
53 28 27
53 29 28
53 30 29
53 37 36
53 45 37
53 52 45
53 36 78
53 78 76
53 76 74
53 74 72
53 72 70
53 70 39
53 39 30
53 152 100
53 100 52
53 108 145
53 19 108
55 34 35
55 45 44
55 44 46
55 46 47
55 52 45
55 47 53
55 53 40
55 40 34
55 152 100
55 100 52
55 35 81
55 81 82
55 82 83
55 83 84
55 84 85
55 85 86
55 86 139
56 34 35
56 35 41
56 41 42
56 42 48
56 48 49
56 32 79
56 79 34
56 148 95
56 99 153
56 95 32
56 49 99
57 20 19
57 26 20
57 27 26
57 28 27
57 29 28
57 30 29
57 41 40
57 35 41
57 40 80
57 80 38
57 38 36
57 36 78
57 78 76
57 76 74
57 74 72
57 72 70
57 70 39
57 39 30
57 150 97
57 97 35
57 108 145
57 19 108
58 32 38
58 38 43
58 43 44
58 44 46
58 46 47
58 47 48
58 48 49
58 148 95
58 99 153
58 95 32
58 49 99
59 20 19
59 26 20
59 27 26
59 28 27
59 29 28
59 30 29
59 37 36
59 45 37
59 52 45
59 36 78
59 78 76
59 76 74
59 74 72
59 72 70
59 70 39
59 39 30
59 152 100
59 100 52
59 108 145
59 19 108
62 57 55
62 59 57
62 142 59
62 55 106
62 106 1
62 1 121
62 121 122
62 122 123
62 123 124
62 124 125
62 125 126
62 126 127
62 127 103
62 103 135
62 135 137
65 20 19
65 26 20
65 27 26
65 28 27
65 29 28
65 30 29
65 32 38
65 38 36
65 36 78
65 78 76
65 76 74
65 74 72
65 72 70
65 70 39
65 39 30
65 148 95
65 95 32
65 108 145
65 19 108
66 12 11
66 13 12
66 14 13
66 15 14
66 16 15
66 17 16
66 18 17
66 56 58
66 58 60
66 60 141
66 146 107
66 11 56
66 107 18
67 20 19
67 26 20
67 27 26
67 28 27
67 29 28
67 30 29
67 50 47
67 47 53
67 53 40
67 40 80
67 80 38
67 38 36
67 36 78
67 78 76
67 76 74
67 74 72
67 72 70
67 70 39
67 39 30
67 154 98
67 98 50
67 108 145
67 19 108
68 12 11
68 13 12
68 14 13
68 15 14
68 16 15
68 17 16
68 18 17
68 56 58
68 58 60
68 60 141
68 146 107
68 11 56
68 107 18
69 45 44
69 44 46
69 46 47
69 47 48
69 52 45
69 48 49
69 152 100
69 99 153
69 100 52
69 49 99
72 34 35
72 50 47
72 47 53
72 53 40
72 40 34
72 154 98
72 98 50
72 35 81
72 81 82
72 82 83
72 83 84
72 84 85
72 85 86
72 86 139
73 34 35
73 45 44
73 44 46
73 46 47
73 52 45
73 47 53
73 53 40
73 40 34
73 152 100
73 100 52
73 35 81
73 81 82
73 82 83
73 83 84
73 84 85
73 85 86
73 86 139
74 45 44
74 44 46
74 46 47
74 47 48
74 52 45
74 54 143
74 48 61
74 61 62
74 62 63
74 63 54
74 152 100
74 100 52
76 108 145
76 9 19
76 19 108
76 105 104
76 104 134
76 134 133
76 133 132
76 132 131
76 131 130
76 130 129
76 129 128
76 128 9
76 138 136
76 136 105
77 41 42
77 42 48
77 49 50
77 48 49
77 64 51
77 50 64
77 101 151
77 51 101
77 93 92
77 92 91
77 91 90
77 90 89
77 89 88
77 88 87
77 87 41
77 140 93
78 108 145
78 9 19
78 19 108
78 105 104
78 104 134
78 134 133
78 133 132
78 132 131
78 131 130
78 130 129
78 129 128
78 128 9
78 138 136
78 136 105
79 49 50
79 50 47
79 47 53
79 53 40
79 40 34
79 66 65
79 67 66
79 68 67
79 144 68
79 65 49
79 96 149
79 34 96
82 12 11
82 13 12
82 14 13
82 15 14
82 16 15
82 17 16
82 18 17
82 56 58
82 58 60
82 60 141
82 146 107
82 11 56
82 107 18
84 35 41
84 41 42
84 42 48
84 48 49
84 99 153
84 150 97
84 97 35
84 49 99
85 36 31
85 41 40
85 40 80
85 80 38
85 38 36
85 94 147
85 31 94
85 93 92
85 92 91
85 91 90
85 90 89
85 89 88
85 88 87
85 87 41
85 140 93
88 108 145
88 9 19
88 19 108
88 105 104
88 104 134
88 134 133
88 133 132
88 132 131
88 131 130
88 130 129
88 129 128
88 128 9
88 138 136
88 136 105
89 56 58
89 58 60
89 60 141
89 11 56
89 2 11
89 109 2
89 110 109
89 104 102
89 102 114
89 105 104
89 114 113
89 113 112
89 112 111
89 111 110
89 138 136
89 136 105
94 108 145
94 9 19
94 19 108
94 105 104
94 104 134
94 134 133
94 133 132
94 132 131
94 131 130
94 130 129
94 129 128
94 128 9
94 138 136
94 136 105
95 108 145
95 9 19
95 19 108
95 105 104
95 104 134
95 134 133
95 133 132
95 132 131
95 131 130
95 130 129
95 129 128
95 128 9
95 138 136
95 136 105
96 56 58
96 58 60
96 60 141
96 11 56
96 2 11
96 109 2
96 110 109
96 104 102
96 102 114
96 105 104
96 114 113
96 113 112
96 112 111
96 111 110
96 138 136
96 136 105
97 41 40
97 40 34
97 96 149
97 34 96
97 93 92
97 92 91
97 91 90
97 90 89
97 89 88
97 88 87
97 87 41
97 140 93
;
;
set inFlight:=
44
45
47
48
50
51
53
55
56
57
58
59
62
66
68
72
73
76
78
84
95
;
param tini := 40.1;
