param nn:= 155;
set F:=
2
4
5
6
8
9
12
14
18
20
21
22
23
24
25
26
27
28
29
30
31
32
33
34
35
36
37
38
39
40
41
42
43
44
45
46
47
48
49
50
51
52
53
54
55
56
57
58
59
60
61
62
63
64
65
66
67
68
69
70
71
72
73
74
75
76
77
78
79
80
82
83
86
88
89
90
92
93
94
95
96
97
;
param: E: d:=
2 3 2.500000
3 4 2.500000
4 5 2.500000
5 6 2.500000
6 7 2.500000
7 0 2.500000
0 8 2.500000
9 10 2.500000
8 9 2.500000
12 11 2.500000
13 12 2.500000
14 13 2.500000
15 14 2.500000
16 15 2.500000
17 16 2.500000
18 17 2.500000
19 18 2.500000
20 19 2.500000
10 21 2.500000
21 22 2.500000
22 23 2.500000
23 24 2.500000
24 25 2.500000
26 20 2.500000
27 26 2.500000
28 27 2.500000
29 28 2.500000
30 29 2.500000
34 35 2.500000
36 31 2.500000
37 36 2.500000
41 40 2.500000
35 41 2.500000
41 42 2.500000
32 38 2.500000
38 43 2.500000
43 44 2.500000
45 37 2.500000
31 32 2.500000
45 44 2.500000
44 46 2.500000
46 47 2.500000
47 48 2.500000
42 48 2.500000
49 50 2.500000
51 52 2.500000
52 45 2.500000
44 51 2.500000
48 49 2.500000
50 47 2.500000
47 53 2.500000
53 40 2.500000
40 34 2.500000
54 143 1.500000
57 55 2.500000
56 58 2.500000
59 57 2.500000
58 60 2.500000
60 141 1.500000
142 59 1.500000
48 61 2.500000
61 62 2.500000
62 63 2.500000
66 65 2.500000
67 66 2.500000
68 67 2.500000
144 68 1.500000
2 1 2.500000
64 51 2.500000
63 54 2.500000
65 49 2.500000
50 64 2.500000
25 33 2.500000
33 69 2.500000
69 71 2.500000
71 73 2.500000
73 75 2.500000
75 77 2.500000
77 31 2.500000
40 80 2.500000
80 38 2.500000
38 36 2.500000
36 78 2.500000
78 76 2.500000
76 74 2.500000
74 72 2.500000
72 70 2.500000
70 39 2.500000
39 30 2.500000
32 79 2.500000
79 34 2.500000
148 95 1.500000
94 147 1.500000
152 100 1.500000
101 151 1.500000
154 98 1.500000
99 153 1.500000
96 149 1.500000
150 97 1.500000
97 35 2.500000
95 32 2.500000
31 94 2.500000
34 96 2.500000
51 101 2.500000
100 52 2.500000
98 50 2.500000
49 99 2.500000
35 81 2.500000
81 82 2.500000
82 83 2.500000
83 84 2.500000
84 85 2.500000
85 86 2.500000
93 92 2.500000
92 91 2.500000
91 90 2.500000
90 89 2.500000
89 88 2.500000
88 87 2.500000
87 41 2.500000
86 139 1.500000
140 93 1.500000
108 145 1.500000
146 107 1.500000
11 56 2.500000
2 11 2.500000
107 18 2.500000
18 8 2.500000
9 19 2.500000
19 108 2.500000
55 106 2.500000
106 1 2.500000
1 121 2.500000
121 122 2.500000
109 2 2.500000
110 109 2.500000
104 102 2.500000
102 114 2.500000
115 102 2.500000
102 103 2.500000
105 104 2.500000
104 134 2.500000
134 133 2.500000
103 105 2.500000
116 115 2.500000
8 117 2.500000
117 118 2.500000
118 119 2.500000
119 120 2.500000
120 116 2.500000
133 132 2.500000
132 131 2.500000
131 130 2.500000
130 129 2.500000
129 128 2.500000
128 9 2.500000
122 123 2.500000
123 124 2.500000
124 125 2.500000
125 126 2.500000
126 127 2.500000
127 103 2.500000
114 113 2.500000
113 112 2.500000
112 111 2.500000
111 110 2.500000
103 135 2.500000
135 137 1.500000
138 136 1.500000
136 105 2.500000
;
param s:=
2 144
4 148
5 138
6 150
8 138
9 144
12 148
14 154
18 146
20 152
21 146
22 142
23 142
24 138
25 152
26 138
27 152
28 140
29 138
30 154
31 142
32 144
33 140
34 146
35 138
36 150
37 142
38 152
39 148
40 140
41 150
42 150
43 138
44 144
45 140
46 146
47 144
48 140
49 138
50 140
51 150
52 154
53 140
54 150
55 144
56 140
57 138
58 140
59 146
60 142
61 140
62 144
63 152
64 142
65 140
66 146
67 148
68 140
69 148
70 154
71 152
72 154
73 144
74 144
75 150
76 138
77 154
78 142
79 140
80 138
82 146
83 142
86 152
88 152
89 148
90 146
92 146
93 138
94 138
95 140
96 148
97 152
;
param e:=
2 147
4 145
5 141
6 145
8 141
9 147
12 145
14 145
18 147
20 153
21 147
22 137
23 137
24 145
25 153
26 145
27 139
28 151
29 141
30 147
31 137
32 147
33 143
34 151
35 145
36 143
37 137
38 153
39 139
40 143
41 145
42 145
43 145
44 139
45 153
46 137
47 139
48 151
49 141
50 151
51 139
52 147
53 147
54 147
55 153
56 149
57 145
58 149
59 151
60 137
61 153
62 147
63 143
64 137
65 151
66 149
67 139
68 149
69 153
70 143
71 143
72 139
73 153
74 151
75 139
76 145
77 149
78 137
79 143
80 145
82 141
83 137
86 143
88 145
89 139
90 137
92 137
93 141
94 145
95 149
96 139
97 145
;
param v_min:=2.375
;
param v_max:=2.625
;
param :conflictsNodes: angle:=
0 7 8 1.000000
0 8 7 1.000000
1 2 121 1.154701
1 121 2 1.154701
1 2 106 1.000000
1 106 2 1.000000
1 106 121 1.000000
1 121 106 1.000000
2 3 11 1.000000
2 11 3 1.000000
2 3 109 1.154701
2 109 3 1.154701
2 1 3 1.000000
2 3 1 1.000000
2 1 11 1.000000
2 11 1 1.000000
2 1 109 1.000000
2 109 1 1.000000
2 11 109 1.000000
2 109 11 1.000000
3 2 4 1.000000
3 4 2 1.000000
4 3 5 1.000000
4 5 3 1.000000
5 4 6 1.000000
5 6 4 1.000000
6 5 7 1.000000
6 7 5 1.000000
7 0 6 1.000000
7 6 0 1.000000
8 0 9 1.000000
8 9 0 1.000000
8 0 117 1.154701
8 117 0 1.154701
8 0 18 1.000000
8 18 0 1.000000
8 9 117 1.000000
8 117 9 1.000000
8 9 18 1.000000
8 18 9 1.000000
8 18 117 1.000000
8 117 18 1.000000
9 8 10 1.000000
9 10 8 1.000000
9 8 19 1.000000
9 19 8 1.000000
9 8 128 1.154701
9 128 8 1.154701
9 10 19 1.000000
9 19 10 1.000000
9 10 128 1.000000
9 128 10 1.000000
9 19 128 1.000000
9 128 19 1.000000
10 9 21 1.000000
10 21 9 1.000000
11 2 12 1.000000
11 12 2 1.000000
11 2 56 1.000000
11 56 2 1.000000
11 12 56 1.000000
11 56 12 1.000000
12 11 13 1.000000
12 13 11 1.000000
13 12 14 1.000000
13 14 12 1.000000
14 13 15 1.000000
14 15 13 1.000000
15 14 16 1.000000
15 16 14 1.000000
16 15 17 1.000000
16 17 15 1.000000
17 16 18 1.000000
17 18 16 1.000000
18 17 19 1.000000
18 19 17 1.000000
18 17 107 1.000000
18 107 17 1.000000
18 8 17 1.000000
18 17 8 1.000000
18 8 19 1.000000
18 19 8 1.000000
18 8 107 1.000000
18 107 8 1.000000
18 19 107 1.000000
18 107 19 1.000000
19 9 18 1.000000
19 18 9 1.000000
19 9 108 1.000000
19 108 9 1.000000
19 9 20 1.000000
19 20 9 1.000000
19 18 108 1.000000
19 108 18 1.000000
19 18 20 1.000000
19 20 18 1.000000
19 20 108 1.000000
19 108 20 1.000000
20 19 26 1.000000
20 26 19 1.000000
21 10 22 1.000000
21 22 10 1.000000
22 21 23 1.000000
22 23 21 1.000000
23 22 24 1.000000
23 24 22 1.000000
24 23 25 1.000000
24 25 23 1.000000
25 24 33 1.000000
25 33 24 1.000000
26 20 27 1.000000
26 27 20 1.000000
27 26 28 1.000000
27 28 26 1.000000
28 27 29 1.000000
28 29 27 1.000000
29 28 30 1.000000
29 30 28 1.000000
30 29 39 1.000000
30 39 29 1.000000
31 36 94 1.000000
31 94 36 1.000000
31 36 77 1.000000
31 77 36 1.000000
31 32 36 1.000000
31 36 32 1.000000
31 32 94 1.000000
31 94 32 1.000000
31 32 77 1.000000
31 77 32 1.000000
31 77 94 1.000000
31 94 77 1.000000
32 31 38 1.000000
32 38 31 1.000000
32 31 79 1.000000
32 79 31 1.000000
32 31 95 1.000000
32 95 31 1.000000
32 38 79 1.000000
32 79 38 1.000000
32 38 95 1.000000
32 95 38 1.000000
32 79 95 1.000000
32 95 79 1.000000
33 25 69 1.000000
33 69 25 1.000000
34 35 96 1.000000
34 96 35 1.000000
34 35 40 1.000000
34 40 35 1.000000
34 35 79 1.000000
34 79 35 1.000000
34 40 96 1.000000
34 96 40 1.000000
34 40 79 1.000000
34 79 40 1.000000
34 79 96 1.000000
34 96 79 1.000000
35 34 41 1.000000
35 41 34 1.000000
35 34 81 1.000000
35 81 34 1.000000
35 34 97 1.000000
35 97 34 1.000000
35 41 81 1.000000
35 81 41 1.000000
35 41 97 1.000000
35 97 41 1.000000
35 81 97 1.189773
35 97 81 1.189773
36 31 78 1.000000
36 78 31 1.000000
36 31 37 1.000000
36 37 31 1.000000
36 31 38 1.000000
36 38 31 1.000000
36 37 78 1.000000
36 78 37 1.000000
36 37 38 1.000000
36 38 37 1.000000
36 38 78 1.000000
36 78 38 1.000000
37 36 45 1.000000
37 45 36 1.000000
38 32 43 1.000000
38 43 32 1.000000
38 32 36 1.000000
38 36 32 1.000000
38 32 80 1.000000
38 80 32 1.000000
38 43 80 1.000000
38 80 43 1.000000
38 36 43 1.000000
38 43 36 1.000000
38 36 80 1.000000
38 80 36 1.000000
39 30 70 1.000000
39 70 30 1.000000
40 41 80 1.000000
40 80 41 1.000000
40 41 53 1.000000
40 53 41 1.000000
40 34 41 1.000000
40 41 34 1.000000
40 34 80 1.000000
40 80 34 1.000000
40 34 53 1.000000
40 53 34 1.000000
40 53 80 1.000000
40 80 53 1.000000
41 35 40 1.000000
41 40 35 1.000000
41 35 42 1.000000
41 42 35 1.000000
41 35 87 1.189773
41 87 35 1.189773
41 40 42 1.000000
41 42 40 1.000000
41 40 87 1.000000
41 87 40 1.000000
41 42 87 1.000000
41 87 42 1.000000
42 41 48 1.000000
42 48 41 1.000000
43 38 44 1.000000
43 44 38 1.000000
44 43 46 1.000000
44 46 43 1.000000
44 43 51 1.000000
44 51 43 1.000000
44 43 45 1.000000
44 45 43 1.000000
44 46 51 1.000000
44 51 46 1.000000
44 45 46 1.000000
44 46 45 1.000000
44 45 51 1.000000
44 51 45 1.000000
45 37 44 1.000000
45 44 37 1.000000
45 37 52 1.000000
45 52 37 1.000000
45 44 52 1.000000
45 52 44 1.000000
46 44 47 1.000000
46 47 44 1.000000
47 46 48 1.000000
47 48 46 1.000000
47 46 53 1.000000
47 53 46 1.000000
47 46 50 1.000000
47 50 46 1.000000
47 48 53 1.000000
47 53 48 1.000000
47 48 50 1.000000
47 50 48 1.000000
47 50 53 1.000000
47 53 50 1.000000
48 42 47 1.000000
48 47 42 1.000000
48 42 49 1.000000
48 49 42 1.000000
48 42 61 1.000000
48 61 42 1.000000
48 47 49 1.000000
48 49 47 1.000000
48 47 61 1.000000
48 61 47 1.000000
48 49 61 1.000000
48 61 49 1.000000
49 48 50 1.000000
49 50 48 1.000000
49 48 99 1.000000
49 99 48 1.000000
49 48 65 1.000000
49 65 48 1.000000
49 50 99 1.000000
49 99 50 1.000000
49 50 65 1.000000
49 65 50 1.000000
49 65 99 1.000000
49 99 65 1.000000
50 49 64 1.000000
50 64 49 1.000000
50 49 98 1.000000
50 98 49 1.000000
50 47 49 1.000000
50 49 47 1.000000
50 47 64 1.000000
50 64 47 1.000000
50 47 98 1.000000
50 98 47 1.000000
50 64 98 1.000000
50 98 64 1.000000
51 44 52 1.000000
51 52 44 1.000000
51 44 101 1.000000
51 101 44 1.000000
51 44 64 1.000000
51 64 44 1.000000
51 52 101 1.000000
51 101 52 1.000000
51 52 64 1.000000
51 64 52 1.000000
51 64 101 1.000000
51 101 64 1.000000
52 51 100 1.000000
52 100 51 1.000000
52 45 51 1.000000
52 51 45 1.000000
52 45 100 1.000000
52 100 45 1.000000
53 40 47 1.000000
53 47 40 1.000000
55 57 106 1.000000
55 106 57 1.000000
56 11 58 1.000000
56 58 11 1.000000
57 55 59 1.000000
57 59 55 1.000000
58 56 60 1.000000
58 60 56 1.000000
61 48 62 1.000000
61 62 48 1.000000
62 61 63 1.000000
62 63 61 1.000000
63 54 62 1.000000
63 62 54 1.000000
64 50 51 1.000000
64 51 50 1.000000
65 49 66 1.000000
65 66 49 1.000000
66 65 67 1.000000
66 67 65 1.000000
67 66 68 1.000000
67 68 66 1.000000
69 33 71 1.000000
69 71 33 1.000000
70 39 72 1.000000
70 72 39 1.000000
71 69 73 1.000000
71 73 69 1.000000
72 70 74 1.000000
72 74 70 1.000000
73 71 75 1.000000
73 75 71 1.000000
74 72 76 1.000000
74 76 72 1.000000
75 73 77 1.000000
75 77 73 1.000000
76 74 78 1.000000
76 78 74 1.000000
77 31 75 1.000000
77 75 31 1.000000
78 36 76 1.000000
78 76 36 1.000000
79 32 34 1.000000
79 34 32 1.000000
80 38 40 1.000000
80 40 38 1.000000
81 35 82 1.000000
81 82 35 1.000000
82 81 83 1.000000
82 83 81 1.000000
83 82 84 1.000000
83 84 82 1.000000
84 83 85 1.000000
84 85 83 1.000000
85 84 86 1.000000
85 86 84 1.000000
87 41 88 1.000000
87 88 41 1.000000
88 87 89 1.000000
88 89 87 1.000000
89 88 90 1.000000
89 90 88 1.000000
90 89 91 1.000000
90 91 89 1.000000
91 90 92 1.000000
91 92 90 1.000000
92 91 93 1.000000
92 93 91 1.000000
102 104 114 1.000000
102 114 104 1.000000
102 104 115 1.000000
102 115 104 1.000000
102 114 115 1.154701
102 115 114 1.154701
102 103 104 1.154701
102 104 103 1.154701
102 103 114 1.000000
102 114 103 1.000000
102 103 115 1.000000
102 115 103 1.000000
103 102 105 1.000000
103 105 102 1.000000
103 102 135 1.000000
103 135 102 1.000000
103 102 127 1.154701
103 127 102 1.154701
103 105 135 1.154701
103 135 105 1.154701
103 105 127 1.000000
103 127 105 1.000000
103 127 135 1.000000
103 135 127 1.000000
104 102 134 1.154701
104 134 102 1.154701
104 102 105 1.000000
104 105 102 1.000000
104 105 134 1.000000
104 134 105 1.000000
105 103 104 1.154701
105 104 103 1.154701
105 103 136 1.000000
105 136 103 1.000000
105 104 136 1.000000
105 136 104 1.000000
106 1 55 1.000000
106 55 1 1.000000
109 2 110 1.000000
109 110 2 1.000000
110 109 111 1.000000
110 111 109 1.000000
111 110 112 1.000000
111 112 110 1.000000
112 111 113 1.000000
112 113 111 1.000000
113 112 114 1.000000
113 114 112 1.000000
114 102 113 1.000000
114 113 102 1.000000
115 102 116 1.000000
115 116 102 1.000000
116 115 120 1.000000
116 120 115 1.000000
117 8 118 1.000000
117 118 8 1.000000
118 117 119 1.000000
118 119 117 1.000000
119 118 120 1.000000
119 120 118 1.000000
120 116 119 1.000000
120 119 116 1.000000
121 1 122 1.000000
121 122 1 1.000000
122 121 123 1.000000
122 123 121 1.000000
123 122 124 1.000000
123 124 122 1.000000
124 123 125 1.000000
124 125 123 1.000000
125 124 126 1.000000
125 126 124 1.000000
126 125 127 1.000000
126 127 125 1.000000
127 103 126 1.000000
127 126 103 1.000000
128 9 129 1.000000
128 129 9 1.000000
129 128 130 1.000000
129 130 128 1.000000
130 129 131 1.000000
130 131 129 1.000000
131 130 132 1.000000
131 132 130 1.000000
132 131 133 1.000000
132 133 131 1.000000
133 132 134 1.000000
133 134 132 1.000000
134 104 133 1.000000
134 133 104 1.000000
;
param D:=0.5;
param t_hat_ear:=
2 144 8.0
2 68 9.0
2 67 10.0
2 66 11.0
2 65 12.0
2 49 13.0
2 50 14.0
2 47 15.0
2 53 16.0
2 40 17.0
2 80 18.0
2 38 19.0
2 36 20.0
2 31 21.0
2 94 22.0
2 147 23.0
4 148 0.0
4 95 1.0
4 32 2.0
4 38 3.0
4 36 4.0
4 78 5.0
4 76 6.0
4 74 7.0
4 72 8.0
4 70 9.0
4 39 10.0
4 30 11.0
4 29 12.0
4 28 13.0
4 27 14.0
4 26 15.0
4 20 16.0
4 19 17.0
4 108 18.0
4 145 19.0
5 138 5.0
5 136 6.0
5 105 7.0
5 104 8.0
5 102 9.0
5 114 10.0
5 113 11.0
5 112 12.0
5 111 13.0
5 110 14.0
5 109 15.0
5 2 16.0
5 11 17.0
5 56 18.0
5 58 19.0
5 60 20.0
5 141 21.0
6 150 3.0
6 97 4.0
6 35 5.0
6 41 6.0
6 40 7.0
6 80 8.0
6 38 9.0
6 36 10.0
6 78 11.0
6 76 12.0
6 74 13.0
6 72 14.0
6 70 15.0
6 39 16.0
6 30 17.0
6 29 18.0
6 28 19.0
6 27 20.0
6 26 21.0
6 20 22.0
6 19 23.0
6 108 24.0
6 145 25.0
8 138 7.0
8 136 8.0
8 105 9.0
8 104 10.0
8 102 11.0
8 114 12.0
8 113 13.0
8 112 14.0
8 111 15.0
8 110 16.0
8 109 17.0
8 2 18.0
8 11 19.0
8 56 20.0
8 58 21.0
8 60 22.0
8 141 23.0
9 144 4.0
9 68 5.0
9 67 6.0
9 66 7.0
9 65 8.0
9 49 9.0
9 50 10.0
9 47 11.0
9 53 12.0
9 40 13.0
9 80 14.0
9 38 15.0
9 36 16.0
9 31 17.0
9 94 18.0
9 147 19.0
12 148 2.0
12 95 3.0
12 32 4.0
12 38 5.0
12 36 6.0
12 78 7.0
12 76 8.0
12 74 9.0
12 72 10.0
12 70 11.0
12 39 12.0
12 30 13.0
12 29 14.0
12 28 15.0
12 27 16.0
12 26 17.0
12 20 18.0
12 19 19.0
12 108 20.0
12 145 21.0
14 154 0.0
14 98 1.0
14 50 2.0
14 47 3.0
14 53 4.0
14 40 5.0
14 80 6.0
14 38 7.0
14 36 8.0
14 78 9.0
14 76 10.0
14 74 11.0
14 72 12.0
14 70 13.0
14 39 14.0
14 30 15.0
14 29 16.0
14 28 17.0
14 27 18.0
14 26 19.0
14 20 20.0
14 19 21.0
14 108 22.0
14 145 23.0
18 146 6.0
18 107 7.0
18 18 8.0
18 8 9.0
18 9 10.0
18 10 11.0
18 21 12.0
18 22 13.0
18 23 14.0
18 24 15.0
18 25 16.0
18 33 17.0
18 69 18.0
18 71 19.0
18 73 20.0
18 75 21.0
18 77 22.0
18 31 23.0
18 94 24.0
18 147 25.0
20 152 11.0
20 100 12.0
20 52 13.0
20 45 14.0
20 44 15.0
20 46 16.0
20 47 17.0
20 48 18.0
20 49 19.0
20 99 20.0
20 153 21.0
21 146 16.0
21 107 17.0
21 18 18.0
21 8 19.0
21 9 20.0
21 10 21.0
21 21 22.0
21 22 23.0
21 23 24.0
21 24 25.0
21 25 26.0
21 33 27.0
21 69 28.0
21 71 29.0
21 73 30.0
21 75 31.0
21 77 32.0
21 31 33.0
21 94 34.0
21 147 35.0
22 142 12.0
22 59 13.0
22 57 14.0
22 55 15.0
22 106 16.0
22 1 17.0
22 121 18.0
22 122 19.0
22 123 20.0
22 124 21.0
22 125 22.0
22 126 23.0
22 127 24.0
22 103 25.0
22 135 26.0
22 137 27.0
23 142 10.0
23 59 11.0
23 57 12.0
23 55 13.0
23 106 14.0
23 1 15.0
23 121 16.0
23 122 17.0
23 123 18.0
23 124 19.0
23 125 20.0
23 126 21.0
23 127 22.0
23 103 23.0
23 135 24.0
23 137 25.0
24 138 13.0
24 136 14.0
24 105 15.0
24 104 16.0
24 134 17.0
24 133 18.0
24 132 19.0
24 131 20.0
24 130 21.0
24 129 22.0
24 128 23.0
24 9 24.0
24 19 25.0
24 108 26.0
24 145 27.0
25 152 13.0
25 100 14.0
25 52 15.0
25 45 16.0
25 44 17.0
25 46 18.0
25 47 19.0
25 48 20.0
25 49 21.0
25 99 22.0
25 153 23.0
26 138 19.1
26 136 19.0
26 105 20.0
26 104 21.0
26 134 22.0
26 133 23.0
26 132 24.0
26 131 25.0
26 130 26.0
26 129 27.0
26 128 28.0
26 9 29.0
26 19 30.0
26 108 31.0
26 145 32.0
27 152 15.0
27 100 16.0
27 52 17.0
27 45 18.0
27 44 19.0
27 46 20.0
27 47 21.0
27 53 22.0
27 40 23.0
27 34 24.0
27 35 25.0
27 81 26.0
27 82 27.0
27 83 28.0
27 84 29.0
27 85 30.0
27 86 31.0
27 139 32.0
28 140 10.0
28 93 11.0
28 92 12.0
28 91 13.0
28 90 14.0
28 89 15.0
28 88 16.0
28 87 17.0
28 41 18.0
28 40 19.0
28 80 20.0
28 38 21.0
28 43 22.0
28 44 23.0
28 51 24.0
28 101 25.0
28 151 26.0
29 138 11.0
29 136 12.0
29 105 13.0
29 104 14.0
29 102 15.0
29 114 16.0
29 113 17.0
29 112 18.0
29 111 19.0
29 110 20.0
29 109 21.0
29 2 22.0
29 11 23.0
29 56 24.0
29 58 25.0
29 60 26.0
29 141 27.0
30 154 16.0
30 98 17.0
30 50 18.0
30 64 19.0
30 51 20.0
30 52 21.0
30 45 22.0
30 37 23.0
30 36 24.0
30 31 25.0
30 94 26.0
30 147 27.0
31 142 16.0
31 59 17.0
31 57 18.0
31 55 19.0
31 106 20.0
31 1 21.0
31 121 22.0
31 122 23.0
31 123 24.0
31 124 25.0
31 125 26.0
31 126 27.0
31 127 28.0
31 103 29.0
31 135 30.0
31 137 31.0
32 144 19.1
32 68 19.0
32 67 20.0
32 66 21.0
32 65 22.0
32 49 23.0
32 50 24.0
32 47 25.0
32 53 26.0
32 40 27.0
32 80 28.0
32 38 29.0
32 36 30.0
32 31 31.0
32 94 32.0
32 147 33.0
33 140 12.0
33 93 13.0
33 92 14.0
33 91 15.0
33 90 16.0
33 89 17.0
33 88 18.0
33 87 19.0
33 41 20.0
33 42 21.0
33 48 22.0
33 61 23.0
33 62 24.0
33 63 25.0
33 54 26.0
33 143 27.0
34 146 12.0
34 107 13.0
34 18 14.0
34 8 15.0
34 9 16.0
34 10 17.0
34 21 18.0
34 22 19.0
34 23 20.0
34 24 21.0
34 25 22.0
34 33 23.0
34 69 24.0
34 71 25.0
34 73 26.0
34 75 27.0
34 77 28.0
34 31 29.0
34 32 30.0
34 38 31.0
34 43 32.0
34 44 33.0
34 51 34.0
34 101 35.0
34 151 36.0
35 138 15.0
35 136 16.0
35 105 17.0
35 104 18.0
35 134 19.0
35 133 20.0
35 132 21.0
35 131 22.0
35 130 23.0
35 129 24.0
35 128 25.0
35 9 26.0
35 19 27.0
35 108 28.0
35 145 29.0
36 150 11.0
36 97 12.0
36 35 13.0
36 41 14.0
36 42 15.0
36 48 16.0
36 61 17.0
36 62 18.0
36 63 19.0
36 54 20.0
36 143 21.0
37 142 14.0
37 59 15.0
37 57 16.0
37 55 17.0
37 106 18.0
37 1 19.0
37 121 20.0
37 122 21.0
37 123 22.0
37 124 23.0
37 125 24.0
37 126 25.0
37 127 26.0
37 103 27.0
37 135 28.0
37 137 29.0
38 152 17.0
38 100 18.0
38 52 19.0
38 45 20.0
38 44 21.0
38 46 22.0
38 47 23.0
38 48 24.0
38 49 25.0
38 99 26.0
38 153 27.0
39 148 10.0
39 95 11.0
39 32 12.0
39 79 13.0
39 34 14.0
39 35 15.0
39 81 16.0
39 82 17.0
39 83 18.0
39 84 19.0
39 85 20.0
39 86 21.0
39 139 22.0
40 140 26.0
40 93 27.0
40 92 28.0
40 91 29.0
40 90 30.0
40 89 31.0
40 88 32.0
40 87 33.0
40 41 34.0
40 42 35.0
40 48 36.0
40 61 37.0
40 62 38.0
40 63 39.0
40 54 40.0
40 143 41.0
41 150 21.0
41 97 22.0
41 35 23.0
41 41 24.0
41 40 25.0
41 80 26.0
41 38 27.0
41 36 28.0
41 78 29.0
41 76 30.0
41 74 31.0
41 72 32.0
41 70 33.0
41 39 34.0
41 30 35.0
41 29 36.0
41 28 37.0
41 27 38.0
41 26 39.0
41 20 40.0
41 19 41.0
41 108 42.0
41 145 43.0
42 150 46.0
42 97 47.0
42 35 48.0
42 41 49.0
42 40 50.0
42 80 51.0
42 38 52.0
42 36 53.0
42 78 54.0
42 76 55.0
42 74 56.0
42 72 57.0
42 70 58.0
42 39 59.0
42 30 60.0
42 29 61.0
42 28 62.0
42 27 63.0
42 26 64.0
42 20 65.0
42 19 66.0
42 108 67.0
42 145 68.0
43 138 22.0
43 136 23.0
43 105 24.0
43 104 25.0
43 134 26.0
43 133 27.0
43 132 28.0
43 131 29.0
43 130 30.0
43 129 31.0
43 128 32.0
43 9 33.0
43 19 34.0
43 108 35.0
43 145 36.0
44 144 26.0
44 68 27.0
44 67 28.0
44 66 29.0
44 65 30.0
44 49 31.0
44 50 32.0
44 47 33.0
44 53 34.0
44 40 35.0
44 34 36.0
44 35 37.0
44 81 38.0
44 82 39.0
44 83 40.0
44 84 41.0
44 85 42.0
44 86 43.0
44 139 44.0
45 140 22.0
45 93 23.0
45 92 24.0
45 91 25.0
45 90 26.0
45 89 27.0
45 88 28.0
45 87 29.0
45 41 30.0
45 42 31.0
45 48 32.0
45 49 33.0
45 99 34.0
45 153 35.0
46 146 20.0
46 107 21.0
46 18 22.0
46 8 23.0
46 117 24.0
46 118 25.0
46 119 26.0
46 120 27.0
46 116 28.0
46 115 29.0
46 102 30.0
46 103 31.0
46 135 32.0
46 137 33.0
47 144 22.0
47 68 23.0
47 67 24.0
47 66 25.0
47 65 26.0
47 49 27.0
47 50 28.0
47 47 29.0
47 53 30.0
47 40 31.0
47 34 32.0
47 35 33.0
47 81 34.0
47 82 35.0
47 83 36.0
47 84 37.0
47 85 38.0
47 86 39.0
47 139 40.0
48 140 37.0
48 93 38.0
48 92 39.0
48 91 40.0
48 90 41.0
48 89 42.0
48 88 43.0
48 87 44.0
48 41 45.0
48 40 46.0
48 80 47.0
48 38 48.0
48 43 49.0
48 44 50.0
48 51 51.0
48 101 52.0
48 151 53.0
49 138 28.0
49 136 29.0
49 105 30.0
49 104 31.0
49 102 32.0
49 114 33.0
49 113 34.0
49 112 35.0
49 111 36.0
49 110 37.0
49 109 38.0
49 2 39.0
49 11 40.0
49 56 41.0
49 58 42.0
49 60 43.0
49 141 44.0
50 140 24.0
50 93 25.0
50 92 26.0
50 91 27.0
50 90 28.0
50 89 29.0
50 88 30.0
50 87 31.0
50 41 32.0
50 40 33.0
50 80 34.0
50 38 35.0
50 43 36.0
50 44 37.0
50 51 38.0
50 101 39.0
50 151 40.0
51 150 25.0
51 97 26.0
51 35 27.0
51 81 28.0
51 82 29.0
51 83 30.0
51 84 31.0
51 85 32.0
51 86 33.0
51 139 34.0
52 154 28.0
52 98 29.0
52 50 30.0
52 64 31.0
52 51 32.0
52 52 33.0
52 45 34.0
52 37 35.0
52 36 36.0
52 31 37.0
52 94 38.0
52 147 39.0
53 140 28.0
53 93 29.0
53 92 30.0
53 91 31.0
53 90 32.0
53 89 33.0
53 88 34.0
53 87 35.0
53 41 36.0
53 40 37.0
53 80 38.0
53 38 39.0
53 36 40.0
53 31 41.0
53 94 42.0
53 147 43.0
54 150 38.0
54 97 39.0
54 35 40.0
54 41 41.0
54 40 42.0
54 80 43.0
54 38 44.0
54 36 45.0
54 31 46.0
54 94 47.0
54 147 48.0
55 144 24.0
55 68 25.0
55 67 26.0
55 66 27.0
55 65 28.0
55 49 29.0
55 99 30.0
55 153 31.0
56 140 20.0
56 93 21.0
56 92 22.0
56 91 23.0
56 90 24.0
56 89 25.0
56 88 26.0
56 87 27.0
56 41 28.0
56 40 29.0
56 34 30.0
56 96 31.0
56 149 32.0
57 138 24.0
57 136 25.0
57 105 26.0
57 104 27.0
57 134 28.0
57 133 29.0
57 132 30.0
57 131 31.0
57 130 32.0
57 129 33.0
57 128 34.0
57 9 35.0
57 19 36.0
57 108 37.0
57 145 38.0
58 140 30.0
58 93 31.0
58 92 32.0
58 91 33.0
58 90 34.0
58 89 35.0
58 88 36.0
58 87 37.0
58 41 38.0
58 40 39.0
58 34 40.0
58 96 41.0
58 149 42.0
59 146 27.0
59 107 28.0
59 18 29.0
59 8 30.0
59 9 31.0
59 10 32.0
59 21 33.0
59 22 34.0
59 23 35.0
59 24 36.0
59 25 37.0
59 33 38.0
59 69 39.0
59 71 40.0
59 73 41.0
59 75 42.0
59 77 43.0
59 31 44.0
59 32 45.0
59 38 46.0
59 43 47.0
59 44 48.0
59 51 49.0
59 101 50.0
59 151 51.0
60 142 30.0
60 59 31.0
60 57 32.0
60 55 33.0
60 106 34.0
60 1 35.0
60 121 36.0
60 122 37.0
60 123 38.0
60 124 39.0
60 125 40.0
60 126 41.0
60 127 42.0
60 103 43.0
60 135 44.0
60 137 45.0
61 140 39.0
61 93 40.0
61 92 41.0
61 91 42.0
61 90 43.0
61 89 44.0
61 88 45.0
61 87 46.0
61 41 47.0
61 42 48.0
61 48 49.0
61 49 50.0
61 99 51.0
61 153 52.0
62 144 39.0
62 68 40.0
62 67 41.0
62 66 42.0
62 65 43.0
62 49 44.0
62 50 45.0
62 47 46.0
62 53 47.0
62 40 48.0
62 80 49.0
62 38 50.0
62 36 51.0
62 31 52.0
62 94 53.0
62 147 54.0
63 152 37.0
63 100 38.0
63 52 39.0
63 45 40.0
63 44 41.0
63 46 42.0
63 47 43.0
63 48 44.0
63 61 45.0
63 62 46.0
63 63 47.0
63 54 48.0
63 143 49.0
64 142 32.0
64 59 33.0
64 57 34.0
64 55 35.0
64 106 36.0
64 1 37.0
64 121 38.0
64 122 39.0
64 123 40.0
64 124 41.0
64 125 42.0
64 126 43.0
64 127 44.0
64 103 45.0
64 135 46.0
64 137 47.0
65 140 47.0
65 93 48.0
65 92 49.0
65 91 50.0
65 90 51.0
65 89 52.0
65 88 53.0
65 87 54.0
65 41 55.0
65 40 56.0
65 80 57.0
65 38 58.0
65 43 59.0
65 44 60.0
65 51 61.0
65 101 62.0
65 151 63.0
66 146 37.0
66 107 38.0
66 18 39.0
66 8 40.0
66 9 41.0
66 10 42.0
66 21 43.0
66 22 44.0
66 23 45.0
66 24 46.0
66 25 47.0
66 33 48.0
66 69 49.0
66 71 50.0
66 73 51.0
66 75 52.0
66 77 53.0
66 31 54.0
66 32 55.0
66 79 56.0
66 34 57.0
66 96 58.0
66 149 59.0
67 148 39.0
67 95 40.0
67 32 41.0
67 79 42.0
67 34 43.0
67 35 44.0
67 81 45.0
67 82 46.0
67 83 47.0
67 84 48.0
67 85 49.0
67 86 50.0
67 139 51.0
68 140 35.0
68 93 36.0
68 92 37.0
68 91 38.0
68 90 39.0
68 89 40.0
68 88 41.0
68 87 42.0
68 41 43.0
68 40 44.0
68 34 45.0
68 96 46.0
68 149 47.0
69 148 30.0
69 95 31.0
69 32 32.0
69 38 33.0
69 43 34.0
69 44 35.0
69 46 36.0
69 47 37.0
69 48 38.0
69 49 39.0
69 99 40.0
69 153 41.0
70 154 36.0
70 98 37.0
70 50 38.0
70 47 39.0
70 48 40.0
70 61 41.0
70 62 42.0
70 63 43.0
70 54 44.0
70 143 45.0
71 152 35.0
71 100 36.0
71 52 37.0
71 45 38.0
71 44 39.0
71 46 40.0
71 47 41.0
71 48 42.0
71 61 43.0
71 62 44.0
71 63 45.0
71 54 46.0
71 143 47.0
72 154 47.0
72 98 48.0
72 50 49.0
72 47 50.0
72 53 51.0
72 40 52.0
72 34 53.0
72 35 54.0
72 81 55.0
72 82 56.0
72 83 57.0
72 84 58.0
72 85 59.0
72 86 60.0
72 139 61.0
73 144 30.0
73 68 31.0
73 67 32.0
73 66 33.0
73 65 34.0
73 49 35.0
73 99 36.0
73 153 37.0
74 144 36.0
74 68 37.0
74 67 38.0
74 66 39.0
74 65 40.0
74 49 41.0
74 50 42.0
74 64 43.0
74 51 44.0
74 101 45.0
74 151 46.0
75 150 33.0
75 97 34.0
75 35 35.0
75 81 36.0
75 82 37.0
75 83 38.0
75 84 39.0
75 85 40.0
75 86 41.0
75 139 42.0
76 138 34.0
76 136 35.0
76 105 36.0
76 104 37.0
76 134 38.0
76 133 39.0
76 132 40.0
76 131 41.0
76 130 42.0
76 129 43.0
76 128 44.0
76 9 45.0
76 19 46.0
76 108 47.0
76 145 48.0
77 154 49.0
77 98 50.0
77 50 51.0
77 47 52.0
77 53 53.0
77 40 54.0
77 34 55.0
77 96 56.0
77 149 57.0
78 142 34.0
78 59 35.0
78 57 36.0
78 55 37.0
78 106 38.0
78 1 39.0
78 121 40.0
78 122 41.0
78 123 42.0
78 124 43.0
78 125 44.0
78 126 45.0
78 127 46.0
78 103 47.0
78 135 48.0
78 137 49.0
79 140 43.0
79 93 44.0
79 92 45.0
79 91 46.0
79 90 47.0
79 89 48.0
79 88 49.0
79 87 50.0
79 41 51.0
79 42 52.0
79 48 53.0
79 61 54.0
79 62 55.0
79 63 56.0
79 54 57.0
79 143 58.0
80 138 40.0
80 136 41.0
80 105 42.0
80 104 43.0
80 134 44.0
80 133 45.0
80 132 46.0
80 131 47.0
80 130 48.0
80 129 49.0
80 128 50.0
80 9 51.0
80 19 52.0
80 108 53.0
80 145 54.0
82 146 40.0
82 107 41.0
82 18 42.0
82 17 43.0
82 16 44.0
82 15 45.0
82 14 46.0
82 13 47.0
82 12 48.0
82 11 49.0
82 56 50.0
82 58 51.0
82 60 52.0
82 141 53.0
83 142 42.0
83 59 43.0
83 57 44.0
83 55 45.0
83 106 46.0
83 1 47.0
83 121 48.0
83 122 49.0
83 123 50.0
83 124 51.0
83 125 52.0
83 126 53.0
83 127 54.0
83 103 55.0
83 135 56.0
83 137 57.0
86 152 48.0
86 100 49.0
86 52 50.0
86 45 51.0
86 44 52.0
86 46 53.0
86 47 54.0
86 48 55.0
86 61 56.0
86 62 57.0
86 63 58.0
86 54 59.0
86 143 60.0
88 152 42.0
88 100 43.0
88 52 44.0
88 45 45.0
88 37 46.0
88 36 47.0
88 78 48.0
88 76 49.0
88 74 50.0
88 72 51.0
88 70 52.0
88 39 53.0
88 30 54.0
88 29 55.0
88 28 56.0
88 27 57.0
88 26 58.0
88 20 59.0
88 19 60.0
88 108 61.0
88 145 62.0
89 148 47.0
89 95 48.0
89 32 49.0
89 79 50.0
89 34 51.0
89 35 52.0
89 81 53.0
89 82 54.0
89 83 55.0
89 84 56.0
89 85 57.0
89 86 58.0
89 139 59.0
90 146 42.0
90 107 43.0
90 18 44.0
90 8 45.0
90 117 46.0
90 118 47.0
90 119 48.0
90 120 49.0
90 116 50.0
90 115 51.0
90 102 52.0
90 103 53.0
90 135 54.0
90 137 55.0
92 146 47.0
92 107 48.0
92 18 49.0
92 8 50.0
92 117 51.0
92 118 52.0
92 119 53.0
92 120 54.0
92 116 55.0
92 115 56.0
92 102 57.0
92 103 58.0
92 135 59.0
92 137 60.0
93 138 44.0
93 136 45.0
93 105 46.0
93 104 47.0
93 102 48.0
93 114 49.0
93 113 50.0
93 112 51.0
93 111 52.0
93 110 53.0
93 109 54.0
93 2 55.0
93 11 56.0
93 56 57.0
93 58 58.0
93 60 59.0
93 141 60.0
94 138 42.0
94 136 43.0
94 105 44.0
94 104 45.0
94 134 46.0
94 133 47.0
94 132 48.0
94 131 49.0
94 130 50.0
94 129 51.0
94 128 52.0
94 9 53.0
94 19 54.0
94 108 55.0
94 145 56.0
95 140 49.0
95 93 50.0
95 92 51.0
95 91 52.0
95 90 53.0
95 89 54.0
95 88 55.0
95 87 56.0
95 41 57.0
95 40 58.0
95 34 59.0
95 96 60.0
95 149 61.0
96 148 45.0
96 95 46.0
96 32 47.0
96 79 48.0
96 34 49.0
96 35 50.0
96 81 51.0
96 82 52.0
96 83 53.0
96 84 54.0
96 85 55.0
96 86 56.0
96 139 57.0
97 152 44.0
97 100 45.0
97 52 46.0
97 45 47.0
97 37 48.0
97 36 49.0
97 78 50.0
97 76 51.0
97 74 52.0
97 72 53.0
97 70 54.0
97 39 55.0
97 30 56.0
97 29 57.0
97 28 58.0
97 27 59.0
97 26 60.0
97 20 61.0
97 19 62.0
97 108 63.0
97 145 64.0
;
param t_hat_lat:=
2 144 9.0
2 68 10.0
2 67 11.0
2 66 12.0
2 65 13.0
2 49 14.0
2 50 15.0
2 47 16.0
2 53 17.0
2 40 18.0
2 80 19.0
2 38 20.0
2 36 21.0
2 31 22.0
2 94 23.0
2 147 24.0
4 148 1.0
4 95 2.0
4 32 3.0
4 38 4.0
4 36 5.0
4 78 6.0
4 76 7.0
4 74 8.0
4 72 9.0
4 70 10.0
4 39 11.0
4 30 12.0
4 29 13.0
4 28 14.0
4 27 15.0
4 26 16.0
4 20 17.0
4 19 18.0
4 108 19.0
4 145 20.0
5 138 6.0
5 136 7.0
5 105 8.0
5 104 9.0
5 102 10.0
5 114 11.0
5 113 12.0
5 112 13.0
5 111 14.0
5 110 15.0
5 109 16.0
5 2 17.0
5 11 18.0
5 56 19.0
5 58 20.0
5 60 21.0
5 141 22.0
6 150 4.0
6 97 5.0
6 35 6.0
6 41 7.0
6 40 8.0
6 80 9.0
6 38 10.0
6 36 11.0
6 78 12.0
6 76 13.0
6 74 14.0
6 72 15.0
6 70 16.0
6 39 17.0
6 30 18.0
6 29 19.0
6 28 20.0
6 27 21.0
6 26 22.0
6 20 23.0
6 19 24.0
6 108 25.0
6 145 26.0
8 138 8.0
8 136 9.0
8 105 10.0
8 104 11.0
8 102 12.0
8 114 13.0
8 113 14.0
8 112 15.0
8 111 16.0
8 110 17.0
8 109 18.0
8 2 19.0
8 11 20.0
8 56 21.0
8 58 22.0
8 60 23.0
8 141 24.0
9 144 5.0
9 68 6.0
9 67 7.0
9 66 8.0
9 65 9.0
9 49 10.0
9 50 11.0
9 47 12.0
9 53 13.0
9 40 14.0
9 80 15.0
9 38 16.0
9 36 17.0
9 31 18.0
9 94 19.0
9 147 20.0
12 148 3.0
12 95 4.0
12 32 5.0
12 38 6.0
12 36 7.0
12 78 8.0
12 76 9.0
12 74 10.0
12 72 11.0
12 70 12.0
12 39 13.0
12 30 14.0
12 29 15.0
12 28 16.0
12 27 17.0
12 26 18.0
12 20 19.0
12 19 20.0
12 108 21.0
12 145 22.0
14 154 1.0
14 98 2.0
14 50 3.0
14 47 4.0
14 53 5.0
14 40 6.0
14 80 7.0
14 38 8.0
14 36 9.0
14 78 10.0
14 76 11.0
14 74 12.0
14 72 13.0
14 70 14.0
14 39 15.0
14 30 16.0
14 29 17.0
14 28 18.0
14 27 19.0
14 26 20.0
14 20 21.0
14 19 22.0
14 108 23.0
14 145 24.0
18 146 7.0
18 107 8.0
18 18 9.0
18 8 10.0
18 9 11.0
18 10 12.0
18 21 13.0
18 22 14.0
18 23 15.0
18 24 16.0
18 25 17.0
18 33 18.0
18 69 19.0
18 71 20.0
18 73 21.0
18 75 22.0
18 77 23.0
18 31 24.0
18 94 25.0
18 147 26.0
20 152 12.0
20 100 13.0
20 52 14.0
20 45 15.0
20 44 16.0
20 46 17.0
20 47 18.0
20 48 19.0
20 49 20.0
20 99 21.0
20 153 22.0
21 146 17.0
21 107 18.0
21 18 19.0
21 8 20.0
21 9 21.0
21 10 22.0
21 21 23.0
21 22 24.0
21 23 25.0
21 24 26.0
21 25 27.0
21 33 28.0
21 69 29.0
21 71 30.0
21 73 31.0
21 75 32.0
21 77 33.0
21 31 34.0
21 94 35.0
21 147 36.0
22 142 13.0
22 59 14.0
22 57 15.0
22 55 16.0
22 106 17.0
22 1 18.0
22 121 19.0
22 122 20.0
22 123 21.0
22 124 22.0
22 125 23.0
22 126 24.0
22 127 25.0
22 103 26.0
22 135 27.0
22 137 28.0
23 142 11.0
23 59 12.0
23 57 13.0
23 55 14.0
23 106 15.0
23 1 16.0
23 121 17.0
23 122 18.0
23 123 19.0
23 124 20.0
23 125 21.0
23 126 22.0
23 127 23.0
23 103 24.0
23 135 25.0
23 137 26.0
24 138 14.0
24 136 15.0
24 105 16.0
24 104 17.0
24 134 18.0
24 133 19.0
24 132 20.0
24 131 21.0
24 130 22.0
24 129 23.0
24 128 24.0
24 9 25.0
24 19 26.0
24 108 27.0
24 145 28.0
25 152 14.0
25 100 15.0
25 52 16.0
25 45 17.0
25 44 18.0
25 46 19.0
25 47 20.0
25 48 21.0
25 49 22.0
25 99 23.0
25 153 24.0
26 138 20.1
26 136 20.0
26 105 21.0
26 104 22.0
26 134 23.0
26 133 24.0
26 132 25.0
26 131 26.0
26 130 27.0
26 129 28.0
26 128 29.0
26 9 30.0
26 19 31.0
26 108 32.0
26 145 33.0
27 152 16.0
27 100 17.0
27 52 18.0
27 45 19.0
27 44 20.0
27 46 21.0
27 47 22.0
27 53 23.0
27 40 24.0
27 34 25.0
27 35 26.0
27 81 27.0
27 82 28.0
27 83 29.0
27 84 30.0
27 85 31.0
27 86 32.0
27 139 33.0
28 140 11.0
28 93 12.0
28 92 13.0
28 91 14.0
28 90 15.0
28 89 16.0
28 88 17.0
28 87 18.0
28 41 19.0
28 40 20.0
28 80 21.0
28 38 22.0
28 43 23.0
28 44 24.0
28 51 25.0
28 101 26.0
28 151 27.0
29 138 12.0
29 136 13.0
29 105 14.0
29 104 15.0
29 102 16.0
29 114 17.0
29 113 18.0
29 112 19.0
29 111 20.0
29 110 21.0
29 109 22.0
29 2 23.0
29 11 24.0
29 56 25.0
29 58 26.0
29 60 27.0
29 141 28.0
30 154 17.0
30 98 18.0
30 50 19.0
30 64 20.0
30 51 21.0
30 52 22.0
30 45 23.0
30 37 24.0
30 36 25.0
30 31 26.0
30 94 27.0
30 147 28.0
31 142 17.0
31 59 18.0
31 57 19.0
31 55 20.0
31 106 21.0
31 1 22.0
31 121 23.0
31 122 24.0
31 123 25.0
31 124 26.0
31 125 27.0
31 126 28.0
31 127 29.0
31 103 30.0
31 135 31.0
31 137 32.0
32 144 20.1
32 68 20.0
32 67 21.0
32 66 22.0
32 65 23.0
32 49 24.0
32 50 25.0
32 47 26.0
32 53 27.0
32 40 28.0
32 80 29.0
32 38 30.0
32 36 31.0
32 31 32.0
32 94 33.0
32 147 34.0
33 140 13.0
33 93 14.0
33 92 15.0
33 91 16.0
33 90 17.0
33 89 18.0
33 88 19.0
33 87 20.0
33 41 21.0
33 42 22.0
33 48 23.0
33 61 24.0
33 62 25.0
33 63 26.0
33 54 27.0
33 143 28.0
34 146 13.0
34 107 14.0
34 18 15.0
34 8 16.0
34 9 17.0
34 10 18.0
34 21 19.0
34 22 20.0
34 23 21.0
34 24 22.0
34 25 23.0
34 33 24.0
34 69 25.0
34 71 26.0
34 73 27.0
34 75 28.0
34 77 29.0
34 31 30.0
34 32 31.0
34 38 32.0
34 43 33.0
34 44 34.0
34 51 35.0
34 101 36.0
34 151 37.0
35 138 16.0
35 136 17.0
35 105 18.0
35 104 19.0
35 134 20.0
35 133 21.0
35 132 22.0
35 131 23.0
35 130 24.0
35 129 25.0
35 128 26.0
35 9 27.0
35 19 28.0
35 108 29.0
35 145 30.0
36 150 12.0
36 97 13.0
36 35 14.0
36 41 15.0
36 42 16.0
36 48 17.0
36 61 18.0
36 62 19.0
36 63 20.0
36 54 21.0
36 143 22.0
37 142 15.0
37 59 16.0
37 57 17.0
37 55 18.0
37 106 19.0
37 1 20.0
37 121 21.0
37 122 22.0
37 123 23.0
37 124 24.0
37 125 25.0
37 126 26.0
37 127 27.0
37 103 28.0
37 135 29.0
37 137 30.0
38 152 18.0
38 100 19.0
38 52 20.0
38 45 21.0
38 44 22.0
38 46 23.0
38 47 24.0
38 48 25.0
38 49 26.0
38 99 27.0
38 153 28.0
39 148 11.0
39 95 12.0
39 32 13.0
39 79 14.0
39 34 15.0
39 35 16.0
39 81 17.0
39 82 18.0
39 83 19.0
39 84 20.0
39 85 21.0
39 86 22.0
39 139 23.0
40 140 27.0
40 93 28.0
40 92 29.0
40 91 30.0
40 90 31.0
40 89 32.0
40 88 33.0
40 87 34.0
40 41 35.0
40 42 36.0
40 48 37.0
40 61 38.0
40 62 39.0
40 63 40.0
40 54 41.0
40 143 42.0
41 150 22.0
41 97 23.0
41 35 24.0
41 41 25.0
41 40 26.0
41 80 27.0
41 38 28.0
41 36 29.0
41 78 30.0
41 76 31.0
41 74 32.0
41 72 33.0
41 70 34.0
41 39 35.0
41 30 36.0
41 29 37.0
41 28 38.0
41 27 39.0
41 26 40.0
41 20 41.0
41 19 42.0
41 108 43.0
41 145 44.0
42 150 47.0
42 97 48.0
42 35 49.0
42 41 50.0
42 40 51.0
42 80 52.0
42 38 53.0
42 36 54.0
42 78 55.0
42 76 56.0
42 74 57.0
42 72 58.0
42 70 59.0
42 39 60.0
42 30 61.0
42 29 62.0
42 28 63.0
42 27 64.0
42 26 65.0
42 20 66.0
42 19 67.0
42 108 68.0
42 145 69.0
43 138 23.0
43 136 24.0
43 105 25.0
43 104 26.0
43 134 27.0
43 133 28.0
43 132 29.0
43 131 30.0
43 130 31.0
43 129 32.0
43 128 33.0
43 9 34.0
43 19 35.0
43 108 36.0
43 145 37.0
44 144 27.0
44 68 28.0
44 67 29.0
44 66 30.0
44 65 31.0
44 49 32.0
44 50 33.0
44 47 34.0
44 53 35.0
44 40 36.0
44 34 37.0
44 35 38.0
44 81 39.0
44 82 40.0
44 83 41.0
44 84 42.0
44 85 43.0
44 86 44.0
44 139 45.0
45 140 23.0
45 93 24.0
45 92 25.0
45 91 26.0
45 90 27.0
45 89 28.0
45 88 29.0
45 87 30.0
45 41 31.0
45 42 32.0
45 48 33.0
45 49 34.0
45 99 35.0
45 153 36.0
46 146 21.0
46 107 22.0
46 18 23.0
46 8 24.0
46 117 25.0
46 118 26.0
46 119 27.0
46 120 28.0
46 116 29.0
46 115 30.0
46 102 31.0
46 103 32.0
46 135 33.0
46 137 34.0
47 144 23.0
47 68 24.0
47 67 25.0
47 66 26.0
47 65 27.0
47 49 28.0
47 50 29.0
47 47 30.0
47 53 31.0
47 40 32.0
47 34 33.0
47 35 34.0
47 81 35.0
47 82 36.0
47 83 37.0
47 84 38.0
47 85 39.0
47 86 40.0
47 139 41.0
48 140 38.0
48 93 39.0
48 92 40.0
48 91 41.0
48 90 42.0
48 89 43.0
48 88 44.0
48 87 45.0
48 41 46.0
48 40 47.0
48 80 48.0
48 38 49.0
48 43 50.0
48 44 51.0
48 51 52.0
48 101 53.0
48 151 54.0
49 138 29.0
49 136 30.0
49 105 31.0
49 104 32.0
49 102 33.0
49 114 34.0
49 113 35.0
49 112 36.0
49 111 37.0
49 110 38.0
49 109 39.0
49 2 40.0
49 11 41.0
49 56 42.0
49 58 43.0
49 60 44.0
49 141 45.0
50 140 25.0
50 93 26.0
50 92 27.0
50 91 28.0
50 90 29.0
50 89 30.0
50 88 31.0
50 87 32.0
50 41 33.0
50 40 34.0
50 80 35.0
50 38 36.0
50 43 37.0
50 44 38.0
50 51 39.0
50 101 40.0
50 151 41.0
51 150 26.0
51 97 27.0
51 35 28.0
51 81 29.0
51 82 30.0
51 83 31.0
51 84 32.0
51 85 33.0
51 86 34.0
51 139 35.0
52 154 29.0
52 98 30.0
52 50 31.0
52 64 32.0
52 51 33.0
52 52 34.0
52 45 35.0
52 37 36.0
52 36 37.0
52 31 38.0
52 94 39.0
52 147 40.0
53 140 29.0
53 93 30.0
53 92 31.0
53 91 32.0
53 90 33.0
53 89 34.0
53 88 35.0
53 87 36.0
53 41 37.0
53 40 38.0
53 80 39.0
53 38 40.0
53 36 41.0
53 31 42.0
53 94 43.0
53 147 44.0
54 150 39.0
54 97 40.0
54 35 41.0
54 41 42.0
54 40 43.0
54 80 44.0
54 38 45.0
54 36 46.0
54 31 47.0
54 94 48.0
54 147 49.0
55 144 25.0
55 68 26.0
55 67 27.0
55 66 28.0
55 65 29.0
55 49 30.0
55 99 31.0
55 153 32.0
56 140 21.0
56 93 22.0
56 92 23.0
56 91 24.0
56 90 25.0
56 89 26.0
56 88 27.0
56 87 28.0
56 41 29.0
56 40 30.0
56 34 31.0
56 96 32.0
56 149 33.0
57 138 25.0
57 136 26.0
57 105 27.0
57 104 28.0
57 134 29.0
57 133 30.0
57 132 31.0
57 131 32.0
57 130 33.0
57 129 34.0
57 128 35.0
57 9 36.0
57 19 37.0
57 108 38.0
57 145 39.0
58 140 31.0
58 93 32.0
58 92 33.0
58 91 34.0
58 90 35.0
58 89 36.0
58 88 37.0
58 87 38.0
58 41 39.0
58 40 40.0
58 34 41.0
58 96 42.0
58 149 43.0
59 146 28.0
59 107 29.0
59 18 30.0
59 8 31.0
59 9 32.0
59 10 33.0
59 21 34.0
59 22 35.0
59 23 36.0
59 24 37.0
59 25 38.0
59 33 39.0
59 69 40.0
59 71 41.0
59 73 42.0
59 75 43.0
59 77 44.0
59 31 45.0
59 32 46.0
59 38 47.0
59 43 48.0
59 44 49.0
59 51 50.0
59 101 51.0
59 151 52.0
60 142 31.0
60 59 32.0
60 57 33.0
60 55 34.0
60 106 35.0
60 1 36.0
60 121 37.0
60 122 38.0
60 123 39.0
60 124 40.0
60 125 41.0
60 126 42.0
60 127 43.0
60 103 44.0
60 135 45.0
60 137 46.0
61 140 40.0
61 93 41.0
61 92 42.0
61 91 43.0
61 90 44.0
61 89 45.0
61 88 46.0
61 87 47.0
61 41 48.0
61 42 49.0
61 48 50.0
61 49 51.0
61 99 52.0
61 153 53.0
62 144 40.0
62 68 41.0
62 67 42.0
62 66 43.0
62 65 44.0
62 49 45.0
62 50 46.0
62 47 47.0
62 53 48.0
62 40 49.0
62 80 50.0
62 38 51.0
62 36 52.0
62 31 53.0
62 94 54.0
62 147 55.0
63 152 38.0
63 100 39.0
63 52 40.0
63 45 41.0
63 44 42.0
63 46 43.0
63 47 44.0
63 48 45.0
63 61 46.0
63 62 47.0
63 63 48.0
63 54 49.0
63 143 50.0
64 142 33.0
64 59 34.0
64 57 35.0
64 55 36.0
64 106 37.0
64 1 38.0
64 121 39.0
64 122 40.0
64 123 41.0
64 124 42.0
64 125 43.0
64 126 44.0
64 127 45.0
64 103 46.0
64 135 47.0
64 137 48.0
65 140 48.0
65 93 49.0
65 92 50.0
65 91 51.0
65 90 52.0
65 89 53.0
65 88 54.0
65 87 55.0
65 41 56.0
65 40 57.0
65 80 58.0
65 38 59.0
65 43 60.0
65 44 61.0
65 51 62.0
65 101 63.0
65 151 64.0
66 146 38.0
66 107 39.0
66 18 40.0
66 8 41.0
66 9 42.0
66 10 43.0
66 21 44.0
66 22 45.0
66 23 46.0
66 24 47.0
66 25 48.0
66 33 49.0
66 69 50.0
66 71 51.0
66 73 52.0
66 75 53.0
66 77 54.0
66 31 55.0
66 32 56.0
66 79 57.0
66 34 58.0
66 96 59.0
66 149 60.0
67 148 40.0
67 95 41.0
67 32 42.0
67 79 43.0
67 34 44.0
67 35 45.0
67 81 46.0
67 82 47.0
67 83 48.0
67 84 49.0
67 85 50.0
67 86 51.0
67 139 52.0
68 140 36.0
68 93 37.0
68 92 38.0
68 91 39.0
68 90 40.0
68 89 41.0
68 88 42.0
68 87 43.0
68 41 44.0
68 40 45.0
68 34 46.0
68 96 47.0
68 149 48.0
69 148 31.0
69 95 32.0
69 32 33.0
69 38 34.0
69 43 35.0
69 44 36.0
69 46 37.0
69 47 38.0
69 48 39.0
69 49 40.0
69 99 41.0
69 153 42.0
70 154 37.0
70 98 38.0
70 50 39.0
70 47 40.0
70 48 41.0
70 61 42.0
70 62 43.0
70 63 44.0
70 54 45.0
70 143 46.0
71 152 36.0
71 100 37.0
71 52 38.0
71 45 39.0
71 44 40.0
71 46 41.0
71 47 42.0
71 48 43.0
71 61 44.0
71 62 45.0
71 63 46.0
71 54 47.0
71 143 48.0
72 154 48.0
72 98 49.0
72 50 50.0
72 47 51.0
72 53 52.0
72 40 53.0
72 34 54.0
72 35 55.0
72 81 56.0
72 82 57.0
72 83 58.0
72 84 59.0
72 85 60.0
72 86 61.0
72 139 62.0
73 144 31.0
73 68 32.0
73 67 33.0
73 66 34.0
73 65 35.0
73 49 36.0
73 99 37.0
73 153 38.0
74 144 37.0
74 68 38.0
74 67 39.0
74 66 40.0
74 65 41.0
74 49 42.0
74 50 43.0
74 64 44.0
74 51 45.0
74 101 46.0
74 151 47.0
75 150 34.0
75 97 35.0
75 35 36.0
75 81 37.0
75 82 38.0
75 83 39.0
75 84 40.0
75 85 41.0
75 86 42.0
75 139 43.0
76 138 35.0
76 136 36.0
76 105 37.0
76 104 38.0
76 134 39.0
76 133 40.0
76 132 41.0
76 131 42.0
76 130 43.0
76 129 44.0
76 128 45.0
76 9 46.0
76 19 47.0
76 108 48.0
76 145 49.0
77 154 50.0
77 98 51.0
77 50 52.0
77 47 53.0
77 53 54.0
77 40 55.0
77 34 56.0
77 96 57.0
77 149 58.0
78 142 35.0
78 59 36.0
78 57 37.0
78 55 38.0
78 106 39.0
78 1 40.0
78 121 41.0
78 122 42.0
78 123 43.0
78 124 44.0
78 125 45.0
78 126 46.0
78 127 47.0
78 103 48.0
78 135 49.0
78 137 50.0
79 140 44.0
79 93 45.0
79 92 46.0
79 91 47.0
79 90 48.0
79 89 49.0
79 88 50.0
79 87 51.0
79 41 52.0
79 42 53.0
79 48 54.0
79 61 55.0
79 62 56.0
79 63 57.0
79 54 58.0
79 143 59.0
80 138 41.0
80 136 42.0
80 105 43.0
80 104 44.0
80 134 45.0
80 133 46.0
80 132 47.0
80 131 48.0
80 130 49.0
80 129 50.0
80 128 51.0
80 9 52.0
80 19 53.0
80 108 54.0
80 145 55.0
82 146 41.0
82 107 42.0
82 18 43.0
82 17 44.0
82 16 45.0
82 15 46.0
82 14 47.0
82 13 48.0
82 12 49.0
82 11 50.0
82 56 51.0
82 58 52.0
82 60 53.0
82 141 54.0
83 142 43.0
83 59 44.0
83 57 45.0
83 55 46.0
83 106 47.0
83 1 48.0
83 121 49.0
83 122 50.0
83 123 51.0
83 124 52.0
83 125 53.0
83 126 54.0
83 127 55.0
83 103 56.0
83 135 57.0
83 137 58.0
86 152 49.0
86 100 50.0
86 52 51.0
86 45 52.0
86 44 53.0
86 46 54.0
86 47 55.0
86 48 56.0
86 61 57.0
86 62 58.0
86 63 59.0
86 54 60.0
86 143 61.0
88 152 43.0
88 100 44.0
88 52 45.0
88 45 46.0
88 37 47.0
88 36 48.0
88 78 49.0
88 76 50.0
88 74 51.0
88 72 52.0
88 70 53.0
88 39 54.0
88 30 55.0
88 29 56.0
88 28 57.0
88 27 58.0
88 26 59.0
88 20 60.0
88 19 61.0
88 108 62.0
88 145 63.0
89 148 48.0
89 95 49.0
89 32 50.0
89 79 51.0
89 34 52.0
89 35 53.0
89 81 54.0
89 82 55.0
89 83 56.0
89 84 57.0
89 85 58.0
89 86 59.0
89 139 60.0
90 146 43.0
90 107 44.0
90 18 45.0
90 8 46.0
90 117 47.0
90 118 48.0
90 119 49.0
90 120 50.0
90 116 51.0
90 115 52.0
90 102 53.0
90 103 54.0
90 135 55.0
90 137 56.0
92 146 48.0
92 107 49.0
92 18 50.0
92 8 51.0
92 117 52.0
92 118 53.0
92 119 54.0
92 120 55.0
92 116 56.0
92 115 57.0
92 102 58.0
92 103 59.0
92 135 60.0
92 137 61.0
93 138 45.0
93 136 46.0
93 105 47.0
93 104 48.0
93 102 49.0
93 114 50.0
93 113 51.0
93 112 52.0
93 111 53.0
93 110 54.0
93 109 55.0
93 2 56.0
93 11 57.0
93 56 58.0
93 58 59.0
93 60 60.0
93 141 61.0
94 138 43.0
94 136 44.0
94 105 45.0
94 104 46.0
94 134 47.0
94 133 48.0
94 132 49.0
94 131 50.0
94 130 51.0
94 129 52.0
94 128 53.0
94 9 54.0
94 19 55.0
94 108 56.0
94 145 57.0
95 140 50.0
95 93 51.0
95 92 52.0
95 91 53.0
95 90 54.0
95 89 55.0
95 88 56.0
95 87 57.0
95 41 58.0
95 40 59.0
95 34 60.0
95 96 61.0
95 149 62.0
96 148 46.0
96 95 47.0
96 32 48.0
96 79 49.0
96 34 50.0
96 35 51.0
96 81 52.0
96 82 53.0
96 83 54.0
96 84 55.0
96 85 56.0
96 86 57.0
96 139 58.0
97 152 45.0
97 100 46.0
97 52 47.0
97 45 48.0
97 37 49.0
97 36 50.0
97 78 51.0
97 76 52.0
97 74 53.0
97 72 54.0
97 70 55.0
97 39 56.0
97 30 57.0
97 29 58.0
97 28 59.0
97 27 60.0
97 26 61.0
97 20 62.0
97 19 63.0
97 108 64.0
97 145 65.0
;
set fixedFlights :=
18 9 10
21 9 10
34 9 10
59 9 10
66 9 10
18 8 9
21 8 9
34 8 9
59 8 9
66 8 9
82 12 11
82 13 12
82 14 13
82 15 14
82 16 15
82 17 16
82 18 17
4 20 19
6 20 19
12 20 19
14 20 19
41 20 19
42 20 19
88 20 19
97 20 19
18 10 21
21 10 21
34 10 21
59 10 21
66 10 21
18 21 22
21 21 22
34 21 22
59 21 22
66 21 22
18 22 23
21 22 23
34 22 23
59 22 23
66 22 23
18 23 24
21 23 24
34 23 24
59 23 24
66 23 24
18 24 25
21 24 25
34 24 25
59 24 25
66 24 25
4 26 20
6 26 20
12 26 20
14 26 20
41 26 20
42 26 20
88 26 20
97 26 20
4 27 26
6 27 26
12 27 26
14 27 26
41 27 26
42 27 26
88 27 26
97 27 26
4 28 27
6 28 27
12 28 27
14 28 27
41 28 27
42 28 27
88 28 27
97 28 27
4 29 28
6 29 28
12 29 28
14 29 28
41 29 28
42 29 28
88 29 28
97 29 28
4 30 29
6 30 29
12 30 29
14 30 29
41 30 29
42 30 29
88 30 29
97 30 29
27 34 35
39 34 35
44 34 35
47 34 35
67 34 35
69 34 35
72 34 35
89 34 35
96 34 35
2 36 31
9 36 31
30 36 31
52 36 31
53 36 31
54 36 31
62 36 31
30 37 36
52 37 36
62 37 36
88 37 36
97 37 36
6 41 40
28 41 40
41 41 40
42 41 40
48 41 40
50 41 40
53 41 40
54 41 40
56 41 40
58 41 40
68 41 40
95 41 40
6 35 41
36 35 41
41 35 41
42 35 41
54 35 41
69 35 41
33 41 42
36 41 42
40 41 42
45 41 42
61 41 42
65 41 42
69 41 42
79 41 42
4 32 38
12 32 38
34 32 38
59 32 38
28 38 43
34 38 43
48 38 43
50 38 43
59 38 43
28 43 44
34 43 44
48 43 44
50 43 44
59 43 44
30 45 37
52 45 37
62 45 37
88 45 37
97 45 37
34 31 32
59 31 32
66 31 32
20 45 44
25 45 44
27 45 44
38 45 44
63 45 44
71 45 44
86 45 44
20 44 46
25 44 46
27 44 46
38 44 46
63 44 46
71 44 46
86 44 46
20 46 47
25 46 47
27 46 47
38 46 47
63 46 47
71 46 47
86 46 47
20 47 48
25 47 48
38 47 48
63 47 48
70 47 48
71 47 48
86 47 48
33 42 48
36 42 48
40 42 48
45 42 48
61 42 48
65 42 48
69 42 48
79 42 48
2 49 50
9 49 50
44 49 50
47 49 50
62 49 50
65 49 50
74 49 50
30 51 52
52 51 52
62 51 52
20 52 45
25 52 45
27 52 45
30 52 45
38 52 45
52 52 45
62 52 45
63 52 45
71 52 45
86 52 45
88 52 45
97 52 45
28 44 51
34 44 51
48 44 51
50 44 51
59 44 51
20 48 49
25 48 49
38 48 49
45 48 49
61 48 49
65 48 49
69 48 49
2 50 47
9 50 47
14 50 47
44 50 47
47 50 47
70 50 47
72 50 47
77 50 47
2 47 53
9 47 53
14 47 53
27 47 53
44 47 53
47 47 53
72 47 53
77 47 53
2 53 40
9 53 40
14 53 40
27 53 40
44 53 40
47 53 40
72 53 40
77 53 40
27 40 34
44 40 34
47 40 34
56 40 34
58 40 34
68 40 34
72 40 34
77 40 34
95 40 34
33 54 143
36 54 143
40 54 143
63 54 143
70 54 143
71 54 143
79 54 143
86 54 143
22 57 55
23 57 55
31 57 55
37 57 55
60 57 55
64 57 55
78 57 55
83 57 55
5 56 58
8 56 58
29 56 58
49 56 58
82 56 58
93 56 58
22 59 57
23 59 57
31 59 57
37 59 57
60 59 57
64 59 57
78 59 57
83 59 57
5 58 60
8 58 60
29 58 60
49 58 60
82 58 60
93 58 60
5 60 141
8 60 141
29 60 141
49 60 141
82 60 141
93 60 141
22 142 59
23 142 59
31 142 59
37 142 59
60 142 59
64 142 59
78 142 59
83 142 59
33 48 61
36 48 61
40 48 61
63 48 61
70 48 61
71 48 61
79 48 61
86 48 61
33 61 62
36 61 62
40 61 62
63 61 62
70 61 62
71 61 62
79 61 62
86 61 62
33 62 63
36 62 63
40 62 63
63 62 63
70 62 63
71 62 63
79 62 63
86 62 63
2 66 65
9 66 65
44 66 65
47 66 65
55 66 65
62 66 65
73 66 65
74 66 65
2 67 66
9 67 66
44 67 66
47 67 66
55 67 66
62 67 66
73 67 66
74 67 66
2 68 67
9 68 67
44 68 67
47 68 67
55 68 67
62 68 67
73 68 67
74 68 67
2 144 68
9 144 68
44 144 68
47 144 68
55 144 68
62 144 68
73 144 68
74 144 68
30 64 51
52 64 51
62 64 51
65 64 51
74 64 51
33 63 54
36 63 54
40 63 54
63 63 54
70 63 54
71 63 54
79 63 54
86 63 54
2 65 49
9 65 49
44 65 49
47 65 49
55 65 49
62 65 49
73 65 49
74 65 49
30 50 64
52 50 64
62 50 64
65 50 64
74 50 64
18 25 33
21 25 33
34 25 33
59 25 33
66 25 33
18 33 69
21 33 69
34 33 69
59 33 69
66 33 69
18 69 71
21 69 71
34 69 71
59 69 71
66 69 71
18 71 73
21 71 73
34 71 73
59 71 73
66 71 73
18 73 75
21 73 75
34 73 75
59 73 75
66 73 75
18 75 77
21 75 77
34 75 77
59 75 77
66 75 77
18 77 31
21 77 31
34 77 31
59 77 31
66 77 31
2 40 80
6 40 80
9 40 80
14 40 80
28 40 80
41 40 80
42 40 80
48 40 80
50 40 80
53 40 80
54 40 80
2 80 38
6 80 38
9 80 38
14 80 38
28 80 38
41 80 38
42 80 38
48 80 38
50 80 38
53 80 38
54 80 38
2 38 36
4 38 36
6 38 36
9 38 36
12 38 36
14 38 36
41 38 36
42 38 36
53 38 36
54 38 36
4 36 78
6 36 78
12 36 78
14 36 78
41 36 78
42 36 78
88 36 78
97 36 78
4 78 76
6 78 76
12 78 76
14 78 76
41 78 76
42 78 76
88 78 76
97 78 76
4 76 74
6 76 74
12 76 74
14 76 74
41 76 74
42 76 74
88 76 74
97 76 74
4 74 72
6 74 72
12 74 72
14 74 72
41 74 72
42 74 72
88 74 72
97 74 72
4 72 70
6 72 70
12 72 70
14 72 70
41 72 70
42 72 70
88 72 70
97 72 70
4 70 39
6 70 39
12 70 39
14 70 39
41 70 39
42 70 39
88 70 39
97 70 39
4 39 30
6 39 30
12 39 30
14 39 30
41 39 30
42 39 30
88 39 30
97 39 30
39 32 79
66 32 79
67 32 79
69 32 79
89 32 79
96 32 79
39 79 34
66 79 34
67 79 34
69 79 34
89 79 34
96 79 34
4 148 95
12 148 95
39 148 95
67 148 95
69 148 95
89 148 95
96 148 95
2 94 147
9 94 147
18 94 147
21 94 147
30 94 147
52 94 147
53 94 147
54 94 147
62 94 147
20 152 100
25 152 100
27 152 100
38 152 100
63 152 100
71 152 100
86 152 100
88 152 100
97 152 100
28 101 151
34 101 151
48 101 151
50 101 151
59 101 151
65 101 151
74 101 151
14 154 98
30 154 98
52 154 98
70 154 98
72 154 98
77 154 98
20 99 153
25 99 153
38 99 153
45 99 153
55 99 153
61 99 153
69 99 153
73 99 153
56 96 149
58 96 149
66 96 149
68 96 149
77 96 149
95 96 149
6 150 97
36 150 97
41 150 97
42 150 97
51 150 97
54 150 97
75 150 97
6 97 35
36 97 35
41 97 35
42 97 35
51 97 35
54 97 35
75 97 35
4 95 32
12 95 32
39 95 32
67 95 32
69 95 32
89 95 32
96 95 32
2 31 94
9 31 94
18 31 94
21 31 94
30 31 94
52 31 94
53 31 94
54 31 94
62 31 94
56 34 96
58 34 96
66 34 96
68 34 96
77 34 96
95 34 96
28 51 101
34 51 101
48 51 101
50 51 101
59 51 101
65 51 101
74 51 101
20 100 52
25 100 52
27 100 52
38 100 52
63 100 52
71 100 52
86 100 52
88 100 52
97 100 52
14 98 50
30 98 50
52 98 50
70 98 50
72 98 50
77 98 50
20 49 99
25 49 99
38 49 99
45 49 99
55 49 99
61 49 99
69 49 99
73 49 99
27 35 81
39 35 81
44 35 81
47 35 81
51 35 81
67 35 81
72 35 81
75 35 81
89 35 81
96 35 81
27 81 82
39 81 82
44 81 82
47 81 82
51 81 82
67 81 82
72 81 82
75 81 82
89 81 82
96 81 82
27 82 83
39 82 83
44 82 83
47 82 83
51 82 83
67 82 83
72 82 83
75 82 83
89 82 83
96 82 83
27 83 84
39 83 84
44 83 84
47 83 84
51 83 84
67 83 84
72 83 84
75 83 84
89 83 84
96 83 84
27 84 85
39 84 85
44 84 85
47 84 85
51 84 85
67 84 85
72 84 85
75 84 85
89 84 85
96 84 85
27 85 86
39 85 86
44 85 86
47 85 86
51 85 86
67 85 86
72 85 86
75 85 86
89 85 86
96 85 86
28 93 92
33 93 92
40 93 92
45 93 92
48 93 92
50 93 92
53 93 92
56 93 92
58 93 92
61 93 92
65 93 92
68 93 92
79 93 92
95 93 92
28 92 91
33 92 91
40 92 91
45 92 91
48 92 91
50 92 91
53 92 91
56 92 91
58 92 91
61 92 91
65 92 91
68 92 91
79 92 91
95 92 91
28 91 90
33 91 90
40 91 90
45 91 90
48 91 90
50 91 90
53 91 90
56 91 90
58 91 90
61 91 90
65 91 90
68 91 90
79 91 90
95 91 90
28 90 89
33 90 89
40 90 89
45 90 89
48 90 89
50 90 89
53 90 89
56 90 89
58 90 89
61 90 89
65 90 89
68 90 89
79 90 89
95 90 89
28 89 88
33 89 88
40 89 88
45 89 88
48 89 88
50 89 88
53 89 88
56 89 88
58 89 88
61 89 88
65 89 88
68 89 88
79 89 88
95 89 88
28 88 87
33 88 87
40 88 87
45 88 87
48 88 87
50 88 87
53 88 87
56 88 87
58 88 87
61 88 87
65 88 87
68 88 87
79 88 87
95 88 87
28 87 41
33 87 41
40 87 41
45 87 41
48 87 41
50 87 41
53 87 41
56 87 41
58 87 41
61 87 41
65 87 41
68 87 41
79 87 41
95 87 41
27 86 139
39 86 139
44 86 139
47 86 139
51 86 139
67 86 139
72 86 139
75 86 139
89 86 139
96 86 139
28 140 93
33 140 93
40 140 93
45 140 93
48 140 93
50 140 93
53 140 93
56 140 93
58 140 93
61 140 93
65 140 93
68 140 93
79 140 93
95 140 93
4 108 145
6 108 145
12 108 145
14 108 145
24 108 145
35 108 145
41 108 145
42 108 145
43 108 145
57 108 145
76 108 145
80 108 145
88 108 145
94 108 145
97 108 145
18 146 107
21 146 107
34 146 107
46 146 107
59 146 107
66 146 107
82 146 107
90 146 107
92 146 107
5 11 56
8 11 56
29 11 56
49 11 56
82 11 56
93 11 56
5 2 11
8 2 11
29 2 11
49 2 11
93 2 11
18 107 18
21 107 18
34 107 18
46 107 18
59 107 18
66 107 18
82 107 18
90 107 18
92 107 18
18 18 8
21 18 8
34 18 8
46 18 8
59 18 8
66 18 8
90 18 8
92 18 8
24 9 19
35 9 19
43 9 19
57 9 19
76 9 19
80 9 19
94 9 19
4 19 108
6 19 108
12 19 108
14 19 108
24 19 108
35 19 108
41 19 108
42 19 108
43 19 108
57 19 108
76 19 108
80 19 108
88 19 108
94 19 108
97 19 108
22 55 106
23 55 106
31 55 106
37 55 106
60 55 106
64 55 106
78 55 106
83 55 106
22 106 1
23 106 1
31 106 1
37 106 1
60 106 1
64 106 1
78 106 1
83 106 1
22 1 121
23 1 121
31 1 121
37 1 121
60 1 121
64 1 121
78 1 121
83 1 121
22 121 122
23 121 122
31 121 122
37 121 122
60 121 122
64 121 122
78 121 122
83 121 122
5 109 2
8 109 2
29 109 2
49 109 2
93 109 2
5 110 109
8 110 109
29 110 109
49 110 109
93 110 109
5 104 102
8 104 102
29 104 102
49 104 102
93 104 102
5 102 114
8 102 114
29 102 114
49 102 114
93 102 114
46 115 102
90 115 102
92 115 102
46 102 103
90 102 103
92 102 103
5 105 104
8 105 104
24 105 104
29 105 104
35 105 104
43 105 104
49 105 104
57 105 104
76 105 104
80 105 104
93 105 104
94 105 104
24 104 134
35 104 134
43 104 134
57 104 134
76 104 134
80 104 134
94 104 134
24 134 133
35 134 133
43 134 133
57 134 133
76 134 133
80 134 133
94 134 133
46 116 115
90 116 115
92 116 115
46 8 117
90 8 117
92 8 117
46 117 118
90 117 118
92 117 118
46 118 119
90 118 119
92 118 119
46 119 120
90 119 120
92 119 120
46 120 116
90 120 116
92 120 116
24 133 132
35 133 132
43 133 132
57 133 132
76 133 132
80 133 132
94 133 132
24 132 131
35 132 131
43 132 131
57 132 131
76 132 131
80 132 131
94 132 131
24 131 130
35 131 130
43 131 130
57 131 130
76 131 130
80 131 130
94 131 130
24 130 129
35 130 129
43 130 129
57 130 129
76 130 129
80 130 129
94 130 129
24 129 128
35 129 128
43 129 128
57 129 128
76 129 128
80 129 128
94 129 128
24 128 9
35 128 9
43 128 9
57 128 9
76 128 9
80 128 9
94 128 9
22 122 123
23 122 123
31 122 123
37 122 123
60 122 123
64 122 123
78 122 123
83 122 123
22 123 124
23 123 124
31 123 124
37 123 124
60 123 124
64 123 124
78 123 124
83 123 124
22 124 125
23 124 125
31 124 125
37 124 125
60 124 125
64 124 125
78 124 125
83 124 125
22 125 126
23 125 126
31 125 126
37 125 126
60 125 126
64 125 126
78 125 126
83 125 126
22 126 127
23 126 127
31 126 127
37 126 127
60 126 127
64 126 127
78 126 127
83 126 127
22 127 103
23 127 103
31 127 103
37 127 103
60 127 103
64 127 103
78 127 103
83 127 103
5 114 113
8 114 113
29 114 113
49 114 113
93 114 113
5 113 112
8 113 112
29 113 112
49 113 112
93 113 112
5 112 111
8 112 111
29 112 111
49 112 111
93 112 111
5 111 110
8 111 110
29 111 110
49 111 110
93 111 110
22 103 135
23 103 135
31 103 135
37 103 135
46 103 135
60 103 135
64 103 135
78 103 135
83 103 135
90 103 135
92 103 135
22 135 137
23 135 137
31 135 137
37 135 137
46 135 137
60 135 137
64 135 137
78 135 137
83 135 137
90 135 137
92 135 137
5 138 136
8 138 136
24 138 136
29 138 136
35 138 136
43 138 136
49 138 136
57 138 136
76 138 136
80 138 136
93 138 136
94 138 136
5 136 105
8 136 105
24 136 105
29 136 105
35 136 105
43 136 105
49 136 105
57 136 105
76 136 105
80 136 105
93 136 105
94 136 105
;
;
set inFlight:=
2
4
5
6
8
9
12
14
18
20
21
22
23
24
25
27
28
29
30
31
33
34
35
36
37
38
39
;
param tini := 19.1;
