param nn:= 155;
set F:=
0
7
8
10
14
20
21
22
23
24
25
26
27
29
30
31
32
33
34
35
36
37
38
39
40
41
42
43
44
45
46
47
48
49
50
51
52
53
54
55
56
57
58
59
60
61
62
63
64
65
66
67
68
69
70
71
72
73
74
75
76
77
78
79
80
81
82
84
86
87
89
90
91
92
93
95
96
97
99
;
param: E: d:=
2 3 2.500000
3 4 2.500000
4 5 2.500000
5 6 2.500000
6 7 2.500000
7 0 2.500000
0 8 2.500000
9 10 2.500000
8 9 2.500000
12 11 2.500000
13 12 2.500000
14 13 2.500000
15 14 2.500000
16 15 2.500000
17 16 2.500000
18 17 2.500000
19 18 2.500000
20 19 2.500000
10 21 2.500000
21 22 2.500000
22 23 2.500000
23 24 2.500000
24 25 2.500000
26 20 2.500000
27 26 2.500000
28 27 2.500000
29 28 2.500000
30 29 2.500000
34 35 2.500000
36 31 2.500000
37 36 2.500000
41 40 2.500000
35 41 2.500000
41 42 2.500000
32 38 2.500000
38 43 2.500000
43 44 2.500000
45 37 2.500000
31 32 2.500000
45 44 2.500000
44 46 2.500000
46 47 2.500000
47 48 2.500000
42 48 2.500000
49 50 2.500000
51 52 2.500000
52 45 2.500000
44 51 2.500000
48 49 2.500000
50 47 2.500000
47 53 2.500000
53 40 2.500000
40 34 2.500000
54 143 1.500000
57 55 2.500000
56 58 2.500000
59 57 2.500000
58 60 2.500000
60 141 1.500000
142 59 1.500000
48 61 2.500000
61 62 2.500000
62 63 2.500000
66 65 2.500000
67 66 2.500000
68 67 2.500000
144 68 1.500000
2 1 2.500000
64 51 2.500000
63 54 2.500000
65 49 2.500000
50 64 2.500000
25 33 2.500000
33 69 2.500000
69 71 2.500000
71 73 2.500000
73 75 2.500000
75 77 2.500000
77 31 2.500000
40 80 2.500000
80 38 2.500000
38 36 2.500000
36 78 2.500000
78 76 2.500000
76 74 2.500000
74 72 2.500000
72 70 2.500000
70 39 2.500000
39 30 2.500000
32 79 2.500000
79 34 2.500000
148 95 1.500000
94 147 1.500000
152 100 1.500000
101 151 1.500000
154 98 1.500000
99 153 1.500000
96 149 1.500000
150 97 1.500000
97 35 2.500000
95 32 2.500000
31 94 2.500000
34 96 2.500000
51 101 2.500000
100 52 2.500000
98 50 2.500000
49 99 2.500000
35 81 2.500000
81 82 2.500000
82 83 2.500000
83 84 2.500000
84 85 2.500000
85 86 2.500000
93 92 2.500000
92 91 2.500000
91 90 2.500000
90 89 2.500000
89 88 2.500000
88 87 2.500000
87 41 2.500000
86 139 1.500000
140 93 1.500000
108 145 1.500000
146 107 1.500000
11 56 2.500000
2 11 2.500000
107 18 2.500000
18 8 2.500000
9 19 2.500000
19 108 2.500000
55 106 2.500000
106 1 2.500000
1 121 2.500000
121 122 2.500000
109 2 2.500000
110 109 2.500000
104 102 2.500000
102 114 2.500000
115 102 2.500000
102 103 2.500000
105 104 2.500000
104 134 2.500000
134 133 2.500000
103 105 2.500000
116 115 2.500000
8 117 2.500000
117 118 2.500000
118 119 2.500000
119 120 2.500000
120 116 2.500000
133 132 2.500000
132 131 2.500000
131 130 2.500000
130 129 2.500000
129 128 2.500000
128 9 2.500000
122 123 2.500000
123 124 2.500000
124 125 2.500000
125 126 2.500000
126 127 2.500000
127 103 2.500000
114 113 2.500000
113 112 2.500000
112 111 2.500000
111 110 2.500000
103 135 2.500000
135 137 1.500000
138 136 1.500000
136 105 2.500000
;
param s:=
0 146
7 142
8 138
10 146
14 146
20 150
21 140
22 142
23 144
24 152
25 144
26 150
27 138
29 138
30 142
31 152
32 148
33 146
34 146
35 142
36 152
37 148
38 138
39 138
40 144
41 152
42 144
43 148
44 144
45 154
46 144
47 142
48 144
49 152
50 142
51 154
52 142
53 146
54 140
55 150
56 146
57 140
58 142
59 144
60 146
61 138
62 150
63 152
64 152
65 140
66 146
67 150
68 152
69 146
70 142
71 154
72 140
73 154
74 144
75 138
76 148
77 144
78 152
79 140
80 154
81 138
82 144
84 148
86 154
87 146
89 142
90 140
91 148
92 148
93 150
95 152
96 140
97 138
99 138
;
param e:=
0 147
7 137
8 145
10 147
14 149
20 139
21 147
22 137
23 147
24 145
25 139
26 147
27 141
29 141
30 137
31 143
32 153
33 149
34 137
35 137
36 149
37 145
38 145
39 141
40 139
41 145
42 151
43 143
44 147
45 145
46 153
47 137
48 139
49 147
50 137
51 145
52 137
53 141
54 151
55 139
56 137
57 147
58 137
59 153
60 137
61 145
62 143
63 143
64 153
65 151
66 149
67 139
68 153
69 149
70 137
71 147
72 143
73 145
74 139
75 141
76 145
77 147
78 145
79 153
80 139
81 145
82 153
84 139
86 143
87 141
89 137
90 153
91 139
92 139
93 143
95 147
96 153
97 145
99 145
;
param v_min:=2.375
;
param v_max:=2.625
;
param :conflictsNodes: angle:=
0 7 8 1.000000
0 8 7 1.000000
1 2 121 1.154701
1 121 2 1.154701
1 2 106 1.000000
1 106 2 1.000000
1 106 121 1.000000
1 121 106 1.000000
2 3 11 1.000000
2 11 3 1.000000
2 3 109 1.154701
2 109 3 1.154701
2 1 3 1.000000
2 3 1 1.000000
2 1 11 1.000000
2 11 1 1.000000
2 1 109 1.000000
2 109 1 1.000000
2 11 109 1.000000
2 109 11 1.000000
3 2 4 1.000000
3 4 2 1.000000
4 3 5 1.000000
4 5 3 1.000000
5 4 6 1.000000
5 6 4 1.000000
6 5 7 1.000000
6 7 5 1.000000
7 0 6 1.000000
7 6 0 1.000000
8 0 9 1.000000
8 9 0 1.000000
8 0 117 1.154701
8 117 0 1.154701
8 0 18 1.000000
8 18 0 1.000000
8 9 117 1.000000
8 117 9 1.000000
8 9 18 1.000000
8 18 9 1.000000
8 18 117 1.000000
8 117 18 1.000000
9 8 10 1.000000
9 10 8 1.000000
9 8 19 1.000000
9 19 8 1.000000
9 8 128 1.154701
9 128 8 1.154701
9 10 19 1.000000
9 19 10 1.000000
9 10 128 1.000000
9 128 10 1.000000
9 19 128 1.000000
9 128 19 1.000000
10 9 21 1.000000
10 21 9 1.000000
11 2 12 1.000000
11 12 2 1.000000
11 2 56 1.000000
11 56 2 1.000000
11 12 56 1.000000
11 56 12 1.000000
12 11 13 1.000000
12 13 11 1.000000
13 12 14 1.000000
13 14 12 1.000000
14 13 15 1.000000
14 15 13 1.000000
15 14 16 1.000000
15 16 14 1.000000
16 15 17 1.000000
16 17 15 1.000000
17 16 18 1.000000
17 18 16 1.000000
18 17 19 1.000000
18 19 17 1.000000
18 17 107 1.000000
18 107 17 1.000000
18 8 17 1.000000
18 17 8 1.000000
18 8 19 1.000000
18 19 8 1.000000
18 8 107 1.000000
18 107 8 1.000000
18 19 107 1.000000
18 107 19 1.000000
19 9 18 1.000000
19 18 9 1.000000
19 9 108 1.000000
19 108 9 1.000000
19 9 20 1.000000
19 20 9 1.000000
19 18 108 1.000000
19 108 18 1.000000
19 18 20 1.000000
19 20 18 1.000000
19 20 108 1.000000
19 108 20 1.000000
20 19 26 1.000000
20 26 19 1.000000
21 10 22 1.000000
21 22 10 1.000000
22 21 23 1.000000
22 23 21 1.000000
23 22 24 1.000000
23 24 22 1.000000
24 23 25 1.000000
24 25 23 1.000000
25 24 33 1.000000
25 33 24 1.000000
26 20 27 1.000000
26 27 20 1.000000
27 26 28 1.000000
27 28 26 1.000000
28 27 29 1.000000
28 29 27 1.000000
29 28 30 1.000000
29 30 28 1.000000
30 29 39 1.000000
30 39 29 1.000000
31 36 94 1.000000
31 94 36 1.000000
31 36 77 1.000000
31 77 36 1.000000
31 32 36 1.000000
31 36 32 1.000000
31 32 94 1.000000
31 94 32 1.000000
31 32 77 1.000000
31 77 32 1.000000
31 77 94 1.000000
31 94 77 1.000000
32 31 38 1.000000
32 38 31 1.000000
32 31 79 1.000000
32 79 31 1.000000
32 31 95 1.000000
32 95 31 1.000000
32 38 79 1.000000
32 79 38 1.000000
32 38 95 1.000000
32 95 38 1.000000
32 79 95 1.000000
32 95 79 1.000000
33 25 69 1.000000
33 69 25 1.000000
34 35 96 1.000000
34 96 35 1.000000
34 35 40 1.000000
34 40 35 1.000000
34 35 79 1.000000
34 79 35 1.000000
34 40 96 1.000000
34 96 40 1.000000
34 40 79 1.000000
34 79 40 1.000000
34 79 96 1.000000
34 96 79 1.000000
35 34 41 1.000000
35 41 34 1.000000
35 34 81 1.000000
35 81 34 1.000000
35 34 97 1.000000
35 97 34 1.000000
35 41 81 1.000000
35 81 41 1.000000
35 41 97 1.000000
35 97 41 1.000000
35 81 97 1.189773
35 97 81 1.189773
36 31 78 1.000000
36 78 31 1.000000
36 31 37 1.000000
36 37 31 1.000000
36 31 38 1.000000
36 38 31 1.000000
36 37 78 1.000000
36 78 37 1.000000
36 37 38 1.000000
36 38 37 1.000000
36 38 78 1.000000
36 78 38 1.000000
37 36 45 1.000000
37 45 36 1.000000
38 32 43 1.000000
38 43 32 1.000000
38 32 36 1.000000
38 36 32 1.000000
38 32 80 1.000000
38 80 32 1.000000
38 43 80 1.000000
38 80 43 1.000000
38 36 43 1.000000
38 43 36 1.000000
38 36 80 1.000000
38 80 36 1.000000
39 30 70 1.000000
39 70 30 1.000000
40 41 80 1.000000
40 80 41 1.000000
40 41 53 1.000000
40 53 41 1.000000
40 34 41 1.000000
40 41 34 1.000000
40 34 80 1.000000
40 80 34 1.000000
40 34 53 1.000000
40 53 34 1.000000
40 53 80 1.000000
40 80 53 1.000000
41 35 40 1.000000
41 40 35 1.000000
41 35 42 1.000000
41 42 35 1.000000
41 35 87 1.189773
41 87 35 1.189773
41 40 42 1.000000
41 42 40 1.000000
41 40 87 1.000000
41 87 40 1.000000
41 42 87 1.000000
41 87 42 1.000000
42 41 48 1.000000
42 48 41 1.000000
43 38 44 1.000000
43 44 38 1.000000
44 43 46 1.000000
44 46 43 1.000000
44 43 51 1.000000
44 51 43 1.000000
44 43 45 1.000000
44 45 43 1.000000
44 46 51 1.000000
44 51 46 1.000000
44 45 46 1.000000
44 46 45 1.000000
44 45 51 1.000000
44 51 45 1.000000
45 37 44 1.000000
45 44 37 1.000000
45 37 52 1.000000
45 52 37 1.000000
45 44 52 1.000000
45 52 44 1.000000
46 44 47 1.000000
46 47 44 1.000000
47 46 48 1.000000
47 48 46 1.000000
47 46 53 1.000000
47 53 46 1.000000
47 46 50 1.000000
47 50 46 1.000000
47 48 53 1.000000
47 53 48 1.000000
47 48 50 1.000000
47 50 48 1.000000
47 50 53 1.000000
47 53 50 1.000000
48 42 47 1.000000
48 47 42 1.000000
48 42 49 1.000000
48 49 42 1.000000
48 42 61 1.000000
48 61 42 1.000000
48 47 49 1.000000
48 49 47 1.000000
48 47 61 1.000000
48 61 47 1.000000
48 49 61 1.000000
48 61 49 1.000000
49 48 50 1.000000
49 50 48 1.000000
49 48 99 1.000000
49 99 48 1.000000
49 48 65 1.000000
49 65 48 1.000000
49 50 99 1.000000
49 99 50 1.000000
49 50 65 1.000000
49 65 50 1.000000
49 65 99 1.000000
49 99 65 1.000000
50 49 64 1.000000
50 64 49 1.000000
50 49 98 1.000000
50 98 49 1.000000
50 47 49 1.000000
50 49 47 1.000000
50 47 64 1.000000
50 64 47 1.000000
50 47 98 1.000000
50 98 47 1.000000
50 64 98 1.000000
50 98 64 1.000000
51 44 52 1.000000
51 52 44 1.000000
51 44 101 1.000000
51 101 44 1.000000
51 44 64 1.000000
51 64 44 1.000000
51 52 101 1.000000
51 101 52 1.000000
51 52 64 1.000000
51 64 52 1.000000
51 64 101 1.000000
51 101 64 1.000000
52 51 100 1.000000
52 100 51 1.000000
52 45 51 1.000000
52 51 45 1.000000
52 45 100 1.000000
52 100 45 1.000000
53 40 47 1.000000
53 47 40 1.000000
55 57 106 1.000000
55 106 57 1.000000
56 11 58 1.000000
56 58 11 1.000000
57 55 59 1.000000
57 59 55 1.000000
58 56 60 1.000000
58 60 56 1.000000
61 48 62 1.000000
61 62 48 1.000000
62 61 63 1.000000
62 63 61 1.000000
63 54 62 1.000000
63 62 54 1.000000
64 50 51 1.000000
64 51 50 1.000000
65 49 66 1.000000
65 66 49 1.000000
66 65 67 1.000000
66 67 65 1.000000
67 66 68 1.000000
67 68 66 1.000000
69 33 71 1.000000
69 71 33 1.000000
70 39 72 1.000000
70 72 39 1.000000
71 69 73 1.000000
71 73 69 1.000000
72 70 74 1.000000
72 74 70 1.000000
73 71 75 1.000000
73 75 71 1.000000
74 72 76 1.000000
74 76 72 1.000000
75 73 77 1.000000
75 77 73 1.000000
76 74 78 1.000000
76 78 74 1.000000
77 31 75 1.000000
77 75 31 1.000000
78 36 76 1.000000
78 76 36 1.000000
79 32 34 1.000000
79 34 32 1.000000
80 38 40 1.000000
80 40 38 1.000000
81 35 82 1.000000
81 82 35 1.000000
82 81 83 1.000000
82 83 81 1.000000
83 82 84 1.000000
83 84 82 1.000000
84 83 85 1.000000
84 85 83 1.000000
85 84 86 1.000000
85 86 84 1.000000
87 41 88 1.000000
87 88 41 1.000000
88 87 89 1.000000
88 89 87 1.000000
89 88 90 1.000000
89 90 88 1.000000
90 89 91 1.000000
90 91 89 1.000000
91 90 92 1.000000
91 92 90 1.000000
92 91 93 1.000000
92 93 91 1.000000
102 104 114 1.000000
102 114 104 1.000000
102 104 115 1.000000
102 115 104 1.000000
102 114 115 1.154701
102 115 114 1.154701
102 103 104 1.154701
102 104 103 1.154701
102 103 114 1.000000
102 114 103 1.000000
102 103 115 1.000000
102 115 103 1.000000
103 102 105 1.000000
103 105 102 1.000000
103 102 135 1.000000
103 135 102 1.000000
103 102 127 1.154701
103 127 102 1.154701
103 105 135 1.154701
103 135 105 1.154701
103 105 127 1.000000
103 127 105 1.000000
103 127 135 1.000000
103 135 127 1.000000
104 102 134 1.154701
104 134 102 1.154701
104 102 105 1.000000
104 105 102 1.000000
104 105 134 1.000000
104 134 105 1.000000
105 103 104 1.154701
105 104 103 1.154701
105 103 136 1.000000
105 136 103 1.000000
105 104 136 1.000000
105 136 104 1.000000
106 1 55 1.000000
106 55 1 1.000000
109 2 110 1.000000
109 110 2 1.000000
110 109 111 1.000000
110 111 109 1.000000
111 110 112 1.000000
111 112 110 1.000000
112 111 113 1.000000
112 113 111 1.000000
113 112 114 1.000000
113 114 112 1.000000
114 102 113 1.000000
114 113 102 1.000000
115 102 116 1.000000
115 116 102 1.000000
116 115 120 1.000000
116 120 115 1.000000
117 8 118 1.000000
117 118 8 1.000000
118 117 119 1.000000
118 119 117 1.000000
119 118 120 1.000000
119 120 118 1.000000
120 116 119 1.000000
120 119 116 1.000000
121 1 122 1.000000
121 122 1 1.000000
122 121 123 1.000000
122 123 121 1.000000
123 122 124 1.000000
123 124 122 1.000000
124 123 125 1.000000
124 125 123 1.000000
125 124 126 1.000000
125 126 124 1.000000
126 125 127 1.000000
126 127 125 1.000000
127 103 126 1.000000
127 126 103 1.000000
128 9 129 1.000000
128 129 9 1.000000
129 128 130 1.000000
129 130 128 1.000000
130 129 131 1.000000
130 131 129 1.000000
131 130 132 1.000000
131 132 130 1.000000
132 131 133 1.000000
132 133 131 1.000000
133 132 134 1.000000
133 134 132 1.000000
134 104 133 1.000000
134 133 104 1.000000
;
param D:=0.5;
param t_hat_ear:=
0 146 2.0
0 107 3.0
0 18 4.0
0 8 5.0
0 9 6.0
0 10 7.0
0 21 8.0
0 22 9.0
0 23 10.0
0 24 11.0
0 25 12.0
0 33 13.0
0 69 14.0
0 71 15.0
0 73 16.0
0 75 17.0
0 77 18.0
0 31 19.0
0 94 20.0
0 147 21.0
7 142 7.0
7 59 8.0
7 57 9.0
7 55 10.0
7 106 11.0
7 1 12.0
7 121 13.0
7 122 14.0
7 123 15.0
7 124 16.0
7 125 17.0
7 126 18.0
7 127 19.0
7 103 20.0
7 135 21.0
7 137 22.0
8 138 8.0
8 136 9.0
8 105 10.0
8 104 11.0
8 134 12.0
8 133 13.0
8 132 14.0
8 131 15.0
8 130 16.0
8 129 17.0
8 128 18.0
8 9 19.0
8 19 20.0
8 108 21.0
8 145 22.0
10 146 8.0
10 107 9.0
10 18 10.0
10 8 11.0
10 9 12.0
10 10 13.0
10 21 14.0
10 22 15.0
10 23 16.0
10 24 17.0
10 25 18.0
10 33 19.0
10 69 20.0
10 71 21.0
10 73 22.0
10 75 23.0
10 77 24.0
10 31 25.0
10 94 26.0
10 147 27.0
14 146 4.0
14 107 5.0
14 18 6.0
14 8 7.0
14 9 8.0
14 10 9.0
14 21 10.0
14 22 11.0
14 23 12.0
14 24 13.0
14 25 14.0
14 33 15.0
14 69 16.0
14 71 17.0
14 73 18.0
14 75 19.0
14 77 20.0
14 31 21.0
14 32 22.0
14 79 23.0
14 34 24.0
14 96 25.0
14 149 26.0
20 150 13.0
20 97 14.0
20 35 15.0
20 81 16.0
20 82 17.0
20 83 18.0
20 84 19.0
20 85 20.0
20 86 21.0
20 139 22.0
21 140 14.0
21 93 15.0
21 92 16.0
21 91 17.0
21 90 18.0
21 89 19.0
21 88 20.0
21 87 21.0
21 41 22.0
21 40 23.0
21 80 24.0
21 38 25.0
21 36 26.0
21 31 27.0
21 94 28.0
21 147 29.0
22 142 10.0
22 59 11.0
22 57 12.0
22 55 13.0
22 106 14.0
22 1 15.0
22 121 16.0
22 122 17.0
22 123 18.0
22 124 19.0
22 125 20.0
22 126 21.0
22 127 22.0
22 103 23.0
22 135 24.0
22 137 25.0
23 144 18.0
23 68 19.0
23 67 20.0
23 66 21.0
23 65 22.0
23 49 23.0
23 50 24.0
23 47 25.0
23 53 26.0
23 40 27.0
23 80 28.0
23 38 29.0
23 36 30.0
23 31 31.0
23 94 32.0
23 147 33.0
24 152 12.0
24 100 13.0
24 52 14.0
24 45 15.0
24 37 16.0
24 36 17.0
24 78 18.0
24 76 19.0
24 74 20.0
24 72 21.0
24 70 22.0
24 39 23.0
24 30 24.0
24 29 25.0
24 28 26.0
24 27 27.0
24 26 28.0
24 20 29.0
24 19 30.0
24 108 31.0
24 145 32.0
25 144 12.0
25 68 13.0
25 67 14.0
25 66 15.0
25 65 16.0
25 49 17.0
25 50 18.0
25 47 19.0
25 53 20.0
25 40 21.0
25 34 22.0
25 35 23.0
25 81 24.0
25 82 25.0
25 83 26.0
25 84 27.0
25 85 28.0
25 86 29.0
25 139 30.0
26 150 15.0
26 97 16.0
26 35 17.0
26 41 18.0
26 40 19.0
26 80 20.0
26 38 21.0
26 36 22.0
26 31 23.0
26 94 24.0
26 147 25.0
27 138 10.0
27 136 11.0
27 105 12.0
27 104 13.0
27 102 14.0
27 114 15.0
27 113 16.0
27 112 17.0
27 111 18.0
27 110 19.0
27 109 20.0
27 2 21.0
27 11 22.0
27 56 23.0
27 58 24.0
27 60 25.0
27 141 26.0
29 138 12.0
29 136 13.0
29 105 14.0
29 104 15.0
29 102 16.0
29 114 17.0
29 113 18.0
29 112 19.0
29 111 20.0
29 110 21.0
29 109 22.0
29 2 23.0
29 11 24.0
29 56 25.0
29 58 26.0
29 60 27.0
29 141 28.0
30 142 15.0
30 59 16.0
30 57 17.0
30 55 18.0
30 106 19.0
30 1 20.0
30 121 21.0
30 122 22.0
30 123 23.0
30 124 24.0
30 125 25.0
30 126 26.0
30 127 27.0
30 103 28.0
30 135 29.0
30 137 30.0
31 152 15.0
31 100 16.0
31 52 17.0
31 45 18.0
31 44 19.0
31 46 20.0
31 47 21.0
31 48 22.0
31 61 23.0
31 62 24.0
31 63 25.0
31 54 26.0
31 143 27.0
32 148 10.0
32 95 11.0
32 32 12.0
32 38 13.0
32 43 14.0
32 44 15.0
32 46 16.0
32 47 17.0
32 48 18.0
32 49 19.0
32 99 20.0
32 153 21.0
33 146 17.0
33 107 18.0
33 18 19.0
33 8 20.0
33 9 21.0
33 10 22.0
33 21 23.0
33 22 24.0
33 23 25.0
33 24 26.0
33 25 27.0
33 33 28.0
33 69 29.0
33 71 30.0
33 73 31.0
33 75 32.0
33 77 33.0
33 31 34.0
33 32 35.0
33 79 36.0
33 34 37.0
33 96 38.0
33 149 39.0
34 146 15.0
34 107 16.0
34 18 17.0
34 8 18.0
34 117 19.0
34 118 20.0
34 119 21.0
34 120 22.0
34 116 23.0
34 115 24.0
34 102 25.0
34 103 26.0
34 135 27.0
34 137 28.0
35 142 17.0
35 59 18.0
35 57 19.0
35 55 20.0
35 106 21.0
35 1 22.0
35 121 23.0
35 122 24.0
35 123 25.0
35 124 26.0
35 125 27.0
35 126 28.0
35 127 29.0
35 103 30.0
35 135 31.0
35 137 32.0
36 152 17.0
36 100 18.0
36 52 19.0
36 45 20.0
36 44 21.0
36 46 22.0
36 47 23.0
36 53 24.0
36 40 25.0
36 34 26.0
36 96 27.0
36 149 28.0
37 148 16.0
37 95 17.0
37 32 18.0
37 38 19.0
37 36 20.0
37 78 21.0
37 76 22.0
37 74 23.0
37 72 24.0
37 70 25.0
37 39 26.0
37 30 27.0
37 29 28.0
37 28 29.0
37 27 30.0
37 26 31.0
37 20 32.0
37 19 33.0
37 108 34.0
37 145 35.0
38 138 16.0
38 136 17.0
38 105 18.0
38 104 19.0
38 134 20.0
38 133 21.0
38 132 22.0
38 131 23.0
38 130 24.0
38 129 25.0
38 128 26.0
38 9 27.0
38 19 28.0
38 108 29.0
38 145 30.0
39 138 14.0
39 136 15.0
39 105 16.0
39 104 17.0
39 102 18.0
39 114 19.0
39 113 20.0
39 112 21.0
39 111 22.0
39 110 23.0
39 109 24.0
39 2 25.0
39 11 26.0
39 56 27.0
39 58 28.0
39 60 29.0
39 141 30.0
40 144 21.1
40 68 21.0
40 67 22.0
40 66 23.0
40 65 24.0
40 49 25.0
40 50 26.0
40 47 27.0
40 53 28.0
40 40 29.0
40 34 30.0
40 35 31.0
40 81 32.0
40 82 33.0
40 83 34.0
40 84 35.0
40 85 36.0
40 86 37.0
40 139 38.0
41 152 28.0
41 100 29.0
41 52 30.0
41 45 31.0
41 37 32.0
41 36 33.0
41 78 34.0
41 76 35.0
41 74 36.0
41 72 37.0
41 70 38.0
41 39 39.0
41 30 40.0
41 29 41.0
41 28 42.0
41 27 43.0
41 26 44.0
41 20 45.0
41 19 46.0
41 108 47.0
41 145 48.0
42 144 26.0
42 68 27.0
42 67 28.0
42 66 29.0
42 65 30.0
42 49 31.0
42 50 32.0
42 64 33.0
42 51 34.0
42 101 35.0
42 151 36.0
43 148 28.0
43 95 29.0
43 32 30.0
43 38 31.0
43 43 32.0
43 44 33.0
43 46 34.0
43 47 35.0
43 48 36.0
43 61 37.0
43 62 38.0
43 63 39.0
43 54 40.0
43 143 41.0
44 144 38.0
44 68 39.0
44 67 40.0
44 66 41.0
44 65 42.0
44 49 43.0
44 50 44.0
44 47 45.0
44 53 46.0
44 40 47.0
44 80 48.0
44 38 49.0
44 36 50.0
44 31 51.0
44 94 52.0
44 147 53.0
45 154 28.0
45 98 29.0
45 50 30.0
45 47 31.0
45 53 32.0
45 40 33.0
45 80 34.0
45 38 35.0
45 36 36.0
45 78 37.0
45 76 38.0
45 74 39.0
45 72 40.0
45 70 41.0
45 39 42.0
45 30 43.0
45 29 44.0
45 28 45.0
45 27 46.0
45 26 47.0
45 20 48.0
45 19 49.0
45 108 50.0
45 145 51.0
46 144 28.0
46 68 29.0
46 67 30.0
46 66 31.0
46 65 32.0
46 49 33.0
46 99 34.0
46 153 35.0
47 142 22.0
47 59 23.0
47 57 24.0
47 55 25.0
47 106 26.0
47 1 27.0
47 121 28.0
47 122 29.0
47 123 30.0
47 124 31.0
47 125 32.0
47 126 33.0
47 127 34.0
47 103 35.0
47 135 36.0
47 137 37.0
48 144 22.0
48 68 23.0
48 67 24.0
48 66 25.0
48 65 26.0
48 49 27.0
48 50 28.0
48 47 29.0
48 53 30.0
48 40 31.0
48 34 32.0
48 35 33.0
48 81 34.0
48 82 35.0
48 83 36.0
48 84 37.0
48 85 38.0
48 86 39.0
48 139 40.0
49 152 23.0
49 100 24.0
49 52 25.0
49 45 26.0
49 37 27.0
49 36 28.0
49 31 29.0
49 94 30.0
49 147 31.0
50 142 24.0
50 59 25.0
50 57 26.0
50 55 27.0
50 106 28.0
50 1 29.0
50 121 30.0
50 122 31.0
50 123 32.0
50 124 33.0
50 125 34.0
50 126 35.0
50 127 36.0
50 103 37.0
50 135 38.0
50 137 39.0
51 154 38.0
51 98 39.0
51 50 40.0
51 47 41.0
51 53 42.0
51 40 43.0
51 80 44.0
51 38 45.0
51 36 46.0
51 78 47.0
51 76 48.0
51 74 49.0
51 72 50.0
51 70 51.0
51 39 52.0
51 30 53.0
51 29 54.0
51 28 55.0
51 27 56.0
51 26 57.0
51 20 58.0
51 19 59.0
51 108 60.0
51 145 61.0
52 142 28.0
52 59 29.0
52 57 30.0
52 55 31.0
52 106 32.0
52 1 33.0
52 121 34.0
52 122 35.0
52 123 36.0
52 124 37.0
52 125 38.0
52 126 39.0
52 127 40.0
52 103 41.0
52 135 42.0
52 137 43.0
53 146 21.1
53 107 21.0
53 18 22.0
53 17 23.0
53 16 24.0
53 15 25.0
53 14 26.0
53 13 27.0
53 12 28.0
53 11 29.0
53 56 30.0
53 58 31.0
53 60 32.0
53 141 33.0
54 140 26.0
54 93 27.0
54 92 28.0
54 91 29.0
54 90 30.0
54 89 31.0
54 88 32.0
54 87 33.0
54 41 34.0
54 40 35.0
54 80 36.0
54 38 37.0
54 43 38.0
54 44 39.0
54 51 40.0
54 101 41.0
54 151 42.0
55 150 23.0
55 97 24.0
55 35 25.0
55 81 26.0
55 82 27.0
55 83 28.0
55 84 29.0
55 85 30.0
55 86 31.0
55 139 32.0
56 146 28.0
56 107 29.0
56 18 30.0
56 8 31.0
56 117 32.0
56 118 33.0
56 119 34.0
56 120 35.0
56 116 36.0
56 115 37.0
56 102 38.0
56 103 39.0
56 135 40.0
56 137 41.0
57 140 28.0
57 93 29.0
57 92 30.0
57 91 31.0
57 90 32.0
57 89 33.0
57 88 34.0
57 87 35.0
57 41 36.0
57 40 37.0
57 80 38.0
57 38 39.0
57 36 40.0
57 31 41.0
57 94 42.0
57 147 43.0
58 142 21.1
58 59 21.0
58 57 22.0
58 55 23.0
58 106 24.0
58 1 25.0
58 121 26.0
58 122 27.0
58 123 28.0
58 124 29.0
58 125 30.0
58 126 31.0
58 127 32.0
58 103 33.0
58 135 34.0
58 137 35.0
59 144 24.0
59 68 25.0
59 67 26.0
59 66 27.0
59 65 28.0
59 49 29.0
59 99 30.0
59 153 31.0
60 146 32.0
60 107 33.0
60 18 34.0
60 8 35.0
60 117 36.0
60 118 37.0
60 119 38.0
60 120 39.0
60 116 40.0
60 115 41.0
60 102 42.0
60 103 43.0
60 135 44.0
60 137 45.0
61 138 32.0
61 136 33.0
61 105 34.0
61 104 35.0
61 134 36.0
61 133 37.0
61 132 38.0
61 131 39.0
61 130 40.0
61 129 41.0
61 128 42.0
61 9 43.0
61 19 44.0
61 108 45.0
61 145 46.0
62 150 37.0
62 97 38.0
62 35 39.0
62 41 40.0
62 42 41.0
62 48 42.0
62 61 43.0
62 62 44.0
62 63 45.0
62 54 46.0
62 143 47.0
63 152 47.0
63 100 48.0
63 52 49.0
63 45 50.0
63 44 51.0
63 46 52.0
63 47 53.0
63 48 54.0
63 61 55.0
63 62 56.0
63 63 57.0
63 54 58.0
63 143 59.0
64 152 37.0
64 100 38.0
64 52 39.0
64 45 40.0
64 44 41.0
64 46 42.0
64 47 43.0
64 48 44.0
64 49 45.0
64 99 46.0
64 153 47.0
65 140 36.0
65 93 37.0
65 92 38.0
65 91 39.0
65 90 40.0
65 89 41.0
65 88 42.0
65 87 43.0
65 41 44.0
65 40 45.0
65 80 46.0
65 38 47.0
65 43 48.0
65 44 49.0
65 51 50.0
65 101 51.0
65 151 52.0
66 146 36.0
66 107 37.0
66 18 38.0
66 8 39.0
66 9 40.0
66 10 41.0
66 21 42.0
66 22 43.0
66 23 44.0
66 24 45.0
66 25 46.0
66 33 47.0
66 69 48.0
66 71 49.0
66 73 50.0
66 75 51.0
66 77 52.0
66 31 53.0
66 32 54.0
66 79 55.0
66 34 56.0
66 96 57.0
66 149 58.0
67 150 35.0
67 97 36.0
67 35 37.0
67 81 38.0
67 82 39.0
67 83 40.0
67 84 41.0
67 85 42.0
67 86 43.0
67 139 44.0
68 152 31.0
68 100 32.0
68 52 33.0
68 45 34.0
68 44 35.0
68 46 36.0
68 47 37.0
68 48 38.0
68 49 39.0
68 99 40.0
68 153 41.0
69 146 30.0
69 107 31.0
69 18 32.0
69 8 33.0
69 9 34.0
69 10 35.0
69 21 36.0
69 22 37.0
69 23 38.0
69 24 39.0
69 25 40.0
69 33 41.0
69 69 42.0
69 71 43.0
69 73 44.0
69 75 45.0
69 77 46.0
69 31 47.0
69 32 48.0
69 79 49.0
69 34 50.0
69 96 51.0
69 149 52.0
70 142 32.0
70 59 33.0
70 57 34.0
70 55 35.0
70 106 36.0
70 1 37.0
70 121 38.0
70 122 39.0
70 123 40.0
70 124 41.0
70 125 42.0
70 126 43.0
70 127 44.0
70 103 45.0
70 135 46.0
70 137 47.0
71 154 40.0
71 98 41.0
71 50 42.0
71 64 43.0
71 51 44.0
71 52 45.0
71 45 46.0
71 37 47.0
71 36 48.0
71 31 49.0
71 94 50.0
71 147 51.0
72 140 30.0
72 93 31.0
72 92 32.0
72 91 33.0
72 90 34.0
72 89 35.0
72 88 36.0
72 87 37.0
72 41 38.0
72 42 39.0
72 48 40.0
72 61 41.0
72 62 42.0
72 63 43.0
72 54 44.0
72 143 45.0
73 154 44.0
73 98 45.0
73 50 46.0
73 47 47.0
73 53 48.0
73 40 49.0
73 80 50.0
73 38 51.0
73 36 52.0
73 78 53.0
73 76 54.0
73 74 55.0
73 72 56.0
73 70 57.0
73 39 58.0
73 30 59.0
73 29 60.0
73 28 61.0
73 27 62.0
73 26 63.0
73 20 64.0
73 19 65.0
73 108 66.0
73 145 67.0
74 144 49.0
74 68 50.0
74 67 51.0
74 66 52.0
74 65 53.0
74 49 54.0
74 50 55.0
74 47 56.0
74 53 57.0
74 40 58.0
74 34 59.0
74 35 60.0
74 81 61.0
74 82 62.0
74 83 63.0
74 84 64.0
74 85 65.0
74 86 66.0
74 139 67.0
75 138 30.0
75 136 31.0
75 105 32.0
75 104 33.0
75 102 34.0
75 114 35.0
75 113 36.0
75 112 37.0
75 111 38.0
75 110 39.0
75 109 40.0
75 2 41.0
75 11 42.0
75 56 43.0
75 58 44.0
75 60 45.0
75 141 46.0
76 148 38.0
76 95 39.0
76 32 40.0
76 38 41.0
76 36 42.0
76 78 43.0
76 76 44.0
76 74 45.0
76 72 46.0
76 70 47.0
76 39 48.0
76 30 49.0
76 29 50.0
76 28 51.0
76 27 52.0
76 26 53.0
76 20 54.0
76 19 55.0
76 108 56.0
76 145 57.0
77 144 32.0
77 68 33.0
77 67 34.0
77 66 35.0
77 65 36.0
77 49 37.0
77 50 38.0
77 47 39.0
77 53 40.0
77 40 41.0
77 80 42.0
77 38 43.0
77 36 44.0
77 31 45.0
77 94 46.0
77 147 47.0
78 152 33.0
78 100 34.0
78 52 35.0
78 45 36.0
78 37 37.0
78 36 38.0
78 78 39.0
78 76 40.0
78 74 41.0
78 72 42.0
78 70 43.0
78 39 44.0
78 30 45.0
78 29 46.0
78 28 47.0
78 27 48.0
78 26 49.0
78 20 50.0
78 19 51.0
78 108 52.0
78 145 53.0
79 140 38.0
79 93 39.0
79 92 40.0
79 91 41.0
79 90 42.0
79 89 43.0
79 88 44.0
79 87 45.0
79 41 46.0
79 42 47.0
79 48 48.0
79 49 49.0
79 99 50.0
79 153 51.0
80 154 48.0
80 98 49.0
80 50 50.0
80 47 51.0
80 53 52.0
80 40 53.0
80 34 54.0
80 35 55.0
80 81 56.0
80 82 57.0
80 83 58.0
80 84 59.0
80 85 60.0
80 86 61.0
80 139 62.0
81 138 49.0
81 136 50.0
81 105 51.0
81 104 52.0
81 134 53.0
81 133 54.0
81 132 55.0
81 131 56.0
81 130 57.0
81 129 58.0
81 128 59.0
81 9 60.0
81 19 61.0
81 108 62.0
81 145 63.0
82 144 42.0
82 68 43.0
82 67 44.0
82 66 45.0
82 65 46.0
82 49 47.0
82 99 48.0
82 153 49.0
84 148 48.0
84 95 49.0
84 32 50.0
84 79 51.0
84 34 52.0
84 35 53.0
84 81 54.0
84 82 55.0
84 83 56.0
84 84 57.0
84 85 58.0
84 86 59.0
84 139 60.0
86 154 46.0
86 98 47.0
86 50 48.0
86 47 49.0
86 48 50.0
86 61 51.0
86 62 52.0
86 63 53.0
86 54 54.0
86 143 55.0
87 146 40.0
87 107 41.0
87 18 42.0
87 17 43.0
87 16 44.0
87 15 45.0
87 14 46.0
87 13 47.0
87 12 48.0
87 11 49.0
87 56 50.0
87 58 51.0
87 60 52.0
87 141 53.0
89 142 40.0
89 59 41.0
89 57 42.0
89 55 43.0
89 106 44.0
89 1 45.0
89 121 46.0
89 122 47.0
89 123 48.0
89 124 49.0
89 125 50.0
89 126 51.0
89 127 52.0
89 103 53.0
89 135 54.0
89 137 55.0
90 140 46.0
90 93 47.0
90 92 48.0
90 91 49.0
90 90 50.0
90 89 51.0
90 88 52.0
90 87 53.0
90 41 54.0
90 42 55.0
90 48 56.0
90 49 57.0
90 99 58.0
90 153 59.0
91 148 42.0
91 95 43.0
91 32 44.0
91 79 45.0
91 34 46.0
91 35 47.0
91 81 48.0
91 82 49.0
91 83 50.0
91 84 51.0
91 85 52.0
91 86 53.0
91 139 54.0
92 148 40.0
92 95 41.0
92 32 42.0
92 79 43.0
92 34 44.0
92 35 45.0
92 81 46.0
92 82 47.0
92 83 48.0
92 84 49.0
92 85 50.0
92 86 51.0
92 139 52.0
93 150 47.0
93 97 48.0
93 35 49.0
93 41 50.0
93 42 51.0
93 48 52.0
93 61 53.0
93 62 54.0
93 63 55.0
93 54 56.0
93 143 57.0
95 152 49.0
95 100 50.0
95 52 51.0
95 45 52.0
95 37 53.0
95 36 54.0
95 31 55.0
95 94 56.0
95 147 57.0
96 140 48.0
96 93 49.0
96 92 50.0
96 91 51.0
96 90 52.0
96 89 53.0
96 88 54.0
96 87 55.0
96 41 56.0
96 42 57.0
96 48 58.0
96 49 59.0
96 99 60.0
96 153 61.0
97 138 45.0
97 136 46.0
97 105 47.0
97 104 48.0
97 134 49.0
97 133 50.0
97 132 51.0
97 131 52.0
97 130 53.0
97 129 54.0
97 128 55.0
97 9 56.0
97 19 57.0
97 108 58.0
97 145 59.0
99 138 41.0
99 136 42.0
99 105 43.0
99 104 44.0
99 134 45.0
99 133 46.0
99 132 47.0
99 131 48.0
99 130 49.0
99 129 50.0
99 128 51.0
99 9 52.0
99 19 53.0
99 108 54.0
99 145 55.0
;
param t_hat_lat:=
0 146 3.0
0 107 4.0
0 18 5.0
0 8 6.0
0 9 7.0
0 10 8.0
0 21 9.0
0 22 10.0
0 23 11.0
0 24 12.0
0 25 13.0
0 33 14.0
0 69 15.0
0 71 16.0
0 73 17.0
0 75 18.0
0 77 19.0
0 31 20.0
0 94 21.0
0 147 22.0
7 142 8.0
7 59 9.0
7 57 10.0
7 55 11.0
7 106 12.0
7 1 13.0
7 121 14.0
7 122 15.0
7 123 16.0
7 124 17.0
7 125 18.0
7 126 19.0
7 127 20.0
7 103 21.0
7 135 22.0
7 137 23.0
8 138 9.0
8 136 10.0
8 105 11.0
8 104 12.0
8 134 13.0
8 133 14.0
8 132 15.0
8 131 16.0
8 130 17.0
8 129 18.0
8 128 19.0
8 9 20.0
8 19 21.0
8 108 22.0
8 145 23.0
10 146 9.0
10 107 10.0
10 18 11.0
10 8 12.0
10 9 13.0
10 10 14.0
10 21 15.0
10 22 16.0
10 23 17.0
10 24 18.0
10 25 19.0
10 33 20.0
10 69 21.0
10 71 22.0
10 73 23.0
10 75 24.0
10 77 25.0
10 31 26.0
10 94 27.0
10 147 28.0
14 146 5.0
14 107 6.0
14 18 7.0
14 8 8.0
14 9 9.0
14 10 10.0
14 21 11.0
14 22 12.0
14 23 13.0
14 24 14.0
14 25 15.0
14 33 16.0
14 69 17.0
14 71 18.0
14 73 19.0
14 75 20.0
14 77 21.0
14 31 22.0
14 32 23.0
14 79 24.0
14 34 25.0
14 96 26.0
14 149 27.0
20 150 14.0
20 97 15.0
20 35 16.0
20 81 17.0
20 82 18.0
20 83 19.0
20 84 20.0
20 85 21.0
20 86 22.0
20 139 23.0
21 140 15.0
21 93 16.0
21 92 17.0
21 91 18.0
21 90 19.0
21 89 20.0
21 88 21.0
21 87 22.0
21 41 23.0
21 40 24.0
21 80 25.0
21 38 26.0
21 36 27.0
21 31 28.0
21 94 29.0
21 147 30.0
22 142 11.0
22 59 12.0
22 57 13.0
22 55 14.0
22 106 15.0
22 1 16.0
22 121 17.0
22 122 18.0
22 123 19.0
22 124 20.0
22 125 21.0
22 126 22.0
22 127 23.0
22 103 24.0
22 135 25.0
22 137 26.0
23 144 19.0
23 68 20.0
23 67 21.0
23 66 22.0
23 65 23.0
23 49 24.0
23 50 25.0
23 47 26.0
23 53 27.0
23 40 28.0
23 80 29.0
23 38 30.0
23 36 31.0
23 31 32.0
23 94 33.0
23 147 34.0
24 152 13.0
24 100 14.0
24 52 15.0
24 45 16.0
24 37 17.0
24 36 18.0
24 78 19.0
24 76 20.0
24 74 21.0
24 72 22.0
24 70 23.0
24 39 24.0
24 30 25.0
24 29 26.0
24 28 27.0
24 27 28.0
24 26 29.0
24 20 30.0
24 19 31.0
24 108 32.0
24 145 33.0
25 144 13.0
25 68 14.0
25 67 15.0
25 66 16.0
25 65 17.0
25 49 18.0
25 50 19.0
25 47 20.0
25 53 21.0
25 40 22.0
25 34 23.0
25 35 24.0
25 81 25.0
25 82 26.0
25 83 27.0
25 84 28.0
25 85 29.0
25 86 30.0
25 139 31.0
26 150 16.0
26 97 17.0
26 35 18.0
26 41 19.0
26 40 20.0
26 80 21.0
26 38 22.0
26 36 23.0
26 31 24.0
26 94 25.0
26 147 26.0
27 138 11.0
27 136 12.0
27 105 13.0
27 104 14.0
27 102 15.0
27 114 16.0
27 113 17.0
27 112 18.0
27 111 19.0
27 110 20.0
27 109 21.0
27 2 22.0
27 11 23.0
27 56 24.0
27 58 25.0
27 60 26.0
27 141 27.0
29 138 13.0
29 136 14.0
29 105 15.0
29 104 16.0
29 102 17.0
29 114 18.0
29 113 19.0
29 112 20.0
29 111 21.0
29 110 22.0
29 109 23.0
29 2 24.0
29 11 25.0
29 56 26.0
29 58 27.0
29 60 28.0
29 141 29.0
30 142 16.0
30 59 17.0
30 57 18.0
30 55 19.0
30 106 20.0
30 1 21.0
30 121 22.0
30 122 23.0
30 123 24.0
30 124 25.0
30 125 26.0
30 126 27.0
30 127 28.0
30 103 29.0
30 135 30.0
30 137 31.0
31 152 16.0
31 100 17.0
31 52 18.0
31 45 19.0
31 44 20.0
31 46 21.0
31 47 22.0
31 48 23.0
31 61 24.0
31 62 25.0
31 63 26.0
31 54 27.0
31 143 28.0
32 148 11.0
32 95 12.0
32 32 13.0
32 38 14.0
32 43 15.0
32 44 16.0
32 46 17.0
32 47 18.0
32 48 19.0
32 49 20.0
32 99 21.0
32 153 22.0
33 146 18.0
33 107 19.0
33 18 20.0
33 8 21.0
33 9 22.0
33 10 23.0
33 21 24.0
33 22 25.0
33 23 26.0
33 24 27.0
33 25 28.0
33 33 29.0
33 69 30.0
33 71 31.0
33 73 32.0
33 75 33.0
33 77 34.0
33 31 35.0
33 32 36.0
33 79 37.0
33 34 38.0
33 96 39.0
33 149 40.0
34 146 16.0
34 107 17.0
34 18 18.0
34 8 19.0
34 117 20.0
34 118 21.0
34 119 22.0
34 120 23.0
34 116 24.0
34 115 25.0
34 102 26.0
34 103 27.0
34 135 28.0
34 137 29.0
35 142 18.0
35 59 19.0
35 57 20.0
35 55 21.0
35 106 22.0
35 1 23.0
35 121 24.0
35 122 25.0
35 123 26.0
35 124 27.0
35 125 28.0
35 126 29.0
35 127 30.0
35 103 31.0
35 135 32.0
35 137 33.0
36 152 18.0
36 100 19.0
36 52 20.0
36 45 21.0
36 44 22.0
36 46 23.0
36 47 24.0
36 53 25.0
36 40 26.0
36 34 27.0
36 96 28.0
36 149 29.0
37 148 17.0
37 95 18.0
37 32 19.0
37 38 20.0
37 36 21.0
37 78 22.0
37 76 23.0
37 74 24.0
37 72 25.0
37 70 26.0
37 39 27.0
37 30 28.0
37 29 29.0
37 28 30.0
37 27 31.0
37 26 32.0
37 20 33.0
37 19 34.0
37 108 35.0
37 145 36.0
38 138 17.0
38 136 18.0
38 105 19.0
38 104 20.0
38 134 21.0
38 133 22.0
38 132 23.0
38 131 24.0
38 130 25.0
38 129 26.0
38 128 27.0
38 9 28.0
38 19 29.0
38 108 30.0
38 145 31.0
39 138 15.0
39 136 16.0
39 105 17.0
39 104 18.0
39 102 19.0
39 114 20.0
39 113 21.0
39 112 22.0
39 111 23.0
39 110 24.0
39 109 25.0
39 2 26.0
39 11 27.0
39 56 28.0
39 58 29.0
39 60 30.0
39 141 31.0
40 144 22.1
40 68 22.0
40 67 23.0
40 66 24.0
40 65 25.0
40 49 26.0
40 50 27.0
40 47 28.0
40 53 29.0
40 40 30.0
40 34 31.0
40 35 32.0
40 81 33.0
40 82 34.0
40 83 35.0
40 84 36.0
40 85 37.0
40 86 38.0
40 139 39.0
41 152 29.0
41 100 30.0
41 52 31.0
41 45 32.0
41 37 33.0
41 36 34.0
41 78 35.0
41 76 36.0
41 74 37.0
41 72 38.0
41 70 39.0
41 39 40.0
41 30 41.0
41 29 42.0
41 28 43.0
41 27 44.0
41 26 45.0
41 20 46.0
41 19 47.0
41 108 48.0
41 145 49.0
42 144 27.0
42 68 28.0
42 67 29.0
42 66 30.0
42 65 31.0
42 49 32.0
42 50 33.0
42 64 34.0
42 51 35.0
42 101 36.0
42 151 37.0
43 148 29.0
43 95 30.0
43 32 31.0
43 38 32.0
43 43 33.0
43 44 34.0
43 46 35.0
43 47 36.0
43 48 37.0
43 61 38.0
43 62 39.0
43 63 40.0
43 54 41.0
43 143 42.0
44 144 39.0
44 68 40.0
44 67 41.0
44 66 42.0
44 65 43.0
44 49 44.0
44 50 45.0
44 47 46.0
44 53 47.0
44 40 48.0
44 80 49.0
44 38 50.0
44 36 51.0
44 31 52.0
44 94 53.0
44 147 54.0
45 154 29.0
45 98 30.0
45 50 31.0
45 47 32.0
45 53 33.0
45 40 34.0
45 80 35.0
45 38 36.0
45 36 37.0
45 78 38.0
45 76 39.0
45 74 40.0
45 72 41.0
45 70 42.0
45 39 43.0
45 30 44.0
45 29 45.0
45 28 46.0
45 27 47.0
45 26 48.0
45 20 49.0
45 19 50.0
45 108 51.0
45 145 52.0
46 144 29.0
46 68 30.0
46 67 31.0
46 66 32.0
46 65 33.0
46 49 34.0
46 99 35.0
46 153 36.0
47 142 23.0
47 59 24.0
47 57 25.0
47 55 26.0
47 106 27.0
47 1 28.0
47 121 29.0
47 122 30.0
47 123 31.0
47 124 32.0
47 125 33.0
47 126 34.0
47 127 35.0
47 103 36.0
47 135 37.0
47 137 38.0
48 144 23.0
48 68 24.0
48 67 25.0
48 66 26.0
48 65 27.0
48 49 28.0
48 50 29.0
48 47 30.0
48 53 31.0
48 40 32.0
48 34 33.0
48 35 34.0
48 81 35.0
48 82 36.0
48 83 37.0
48 84 38.0
48 85 39.0
48 86 40.0
48 139 41.0
49 152 24.0
49 100 25.0
49 52 26.0
49 45 27.0
49 37 28.0
49 36 29.0
49 31 30.0
49 94 31.0
49 147 32.0
50 142 25.0
50 59 26.0
50 57 27.0
50 55 28.0
50 106 29.0
50 1 30.0
50 121 31.0
50 122 32.0
50 123 33.0
50 124 34.0
50 125 35.0
50 126 36.0
50 127 37.0
50 103 38.0
50 135 39.0
50 137 40.0
51 154 39.0
51 98 40.0
51 50 41.0
51 47 42.0
51 53 43.0
51 40 44.0
51 80 45.0
51 38 46.0
51 36 47.0
51 78 48.0
51 76 49.0
51 74 50.0
51 72 51.0
51 70 52.0
51 39 53.0
51 30 54.0
51 29 55.0
51 28 56.0
51 27 57.0
51 26 58.0
51 20 59.0
51 19 60.0
51 108 61.0
51 145 62.0
52 142 29.0
52 59 30.0
52 57 31.0
52 55 32.0
52 106 33.0
52 1 34.0
52 121 35.0
52 122 36.0
52 123 37.0
52 124 38.0
52 125 39.0
52 126 40.0
52 127 41.0
52 103 42.0
52 135 43.0
52 137 44.0
53 146 22.1
53 107 22.0
53 18 23.0
53 17 24.0
53 16 25.0
53 15 26.0
53 14 27.0
53 13 28.0
53 12 29.0
53 11 30.0
53 56 31.0
53 58 32.0
53 60 33.0
53 141 34.0
54 140 27.0
54 93 28.0
54 92 29.0
54 91 30.0
54 90 31.0
54 89 32.0
54 88 33.0
54 87 34.0
54 41 35.0
54 40 36.0
54 80 37.0
54 38 38.0
54 43 39.0
54 44 40.0
54 51 41.0
54 101 42.0
54 151 43.0
55 150 24.0
55 97 25.0
55 35 26.0
55 81 27.0
55 82 28.0
55 83 29.0
55 84 30.0
55 85 31.0
55 86 32.0
55 139 33.0
56 146 29.0
56 107 30.0
56 18 31.0
56 8 32.0
56 117 33.0
56 118 34.0
56 119 35.0
56 120 36.0
56 116 37.0
56 115 38.0
56 102 39.0
56 103 40.0
56 135 41.0
56 137 42.0
57 140 29.0
57 93 30.0
57 92 31.0
57 91 32.0
57 90 33.0
57 89 34.0
57 88 35.0
57 87 36.0
57 41 37.0
57 40 38.0
57 80 39.0
57 38 40.0
57 36 41.0
57 31 42.0
57 94 43.0
57 147 44.0
58 142 22.1
58 59 22.0
58 57 23.0
58 55 24.0
58 106 25.0
58 1 26.0
58 121 27.0
58 122 28.0
58 123 29.0
58 124 30.0
58 125 31.0
58 126 32.0
58 127 33.0
58 103 34.0
58 135 35.0
58 137 36.0
59 144 25.0
59 68 26.0
59 67 27.0
59 66 28.0
59 65 29.0
59 49 30.0
59 99 31.0
59 153 32.0
60 146 33.0
60 107 34.0
60 18 35.0
60 8 36.0
60 117 37.0
60 118 38.0
60 119 39.0
60 120 40.0
60 116 41.0
60 115 42.0
60 102 43.0
60 103 44.0
60 135 45.0
60 137 46.0
61 138 33.0
61 136 34.0
61 105 35.0
61 104 36.0
61 134 37.0
61 133 38.0
61 132 39.0
61 131 40.0
61 130 41.0
61 129 42.0
61 128 43.0
61 9 44.0
61 19 45.0
61 108 46.0
61 145 47.0
62 150 38.0
62 97 39.0
62 35 40.0
62 41 41.0
62 42 42.0
62 48 43.0
62 61 44.0
62 62 45.0
62 63 46.0
62 54 47.0
62 143 48.0
63 152 48.0
63 100 49.0
63 52 50.0
63 45 51.0
63 44 52.0
63 46 53.0
63 47 54.0
63 48 55.0
63 61 56.0
63 62 57.0
63 63 58.0
63 54 59.0
63 143 60.0
64 152 38.0
64 100 39.0
64 52 40.0
64 45 41.0
64 44 42.0
64 46 43.0
64 47 44.0
64 48 45.0
64 49 46.0
64 99 47.0
64 153 48.0
65 140 37.0
65 93 38.0
65 92 39.0
65 91 40.0
65 90 41.0
65 89 42.0
65 88 43.0
65 87 44.0
65 41 45.0
65 40 46.0
65 80 47.0
65 38 48.0
65 43 49.0
65 44 50.0
65 51 51.0
65 101 52.0
65 151 53.0
66 146 37.0
66 107 38.0
66 18 39.0
66 8 40.0
66 9 41.0
66 10 42.0
66 21 43.0
66 22 44.0
66 23 45.0
66 24 46.0
66 25 47.0
66 33 48.0
66 69 49.0
66 71 50.0
66 73 51.0
66 75 52.0
66 77 53.0
66 31 54.0
66 32 55.0
66 79 56.0
66 34 57.0
66 96 58.0
66 149 59.0
67 150 36.0
67 97 37.0
67 35 38.0
67 81 39.0
67 82 40.0
67 83 41.0
67 84 42.0
67 85 43.0
67 86 44.0
67 139 45.0
68 152 32.0
68 100 33.0
68 52 34.0
68 45 35.0
68 44 36.0
68 46 37.0
68 47 38.0
68 48 39.0
68 49 40.0
68 99 41.0
68 153 42.0
69 146 31.0
69 107 32.0
69 18 33.0
69 8 34.0
69 9 35.0
69 10 36.0
69 21 37.0
69 22 38.0
69 23 39.0
69 24 40.0
69 25 41.0
69 33 42.0
69 69 43.0
69 71 44.0
69 73 45.0
69 75 46.0
69 77 47.0
69 31 48.0
69 32 49.0
69 79 50.0
69 34 51.0
69 96 52.0
69 149 53.0
70 142 33.0
70 59 34.0
70 57 35.0
70 55 36.0
70 106 37.0
70 1 38.0
70 121 39.0
70 122 40.0
70 123 41.0
70 124 42.0
70 125 43.0
70 126 44.0
70 127 45.0
70 103 46.0
70 135 47.0
70 137 48.0
71 154 41.0
71 98 42.0
71 50 43.0
71 64 44.0
71 51 45.0
71 52 46.0
71 45 47.0
71 37 48.0
71 36 49.0
71 31 50.0
71 94 51.0
71 147 52.0
72 140 31.0
72 93 32.0
72 92 33.0
72 91 34.0
72 90 35.0
72 89 36.0
72 88 37.0
72 87 38.0
72 41 39.0
72 42 40.0
72 48 41.0
72 61 42.0
72 62 43.0
72 63 44.0
72 54 45.0
72 143 46.0
73 154 45.0
73 98 46.0
73 50 47.0
73 47 48.0
73 53 49.0
73 40 50.0
73 80 51.0
73 38 52.0
73 36 53.0
73 78 54.0
73 76 55.0
73 74 56.0
73 72 57.0
73 70 58.0
73 39 59.0
73 30 60.0
73 29 61.0
73 28 62.0
73 27 63.0
73 26 64.0
73 20 65.0
73 19 66.0
73 108 67.0
73 145 68.0
74 144 50.0
74 68 51.0
74 67 52.0
74 66 53.0
74 65 54.0
74 49 55.0
74 50 56.0
74 47 57.0
74 53 58.0
74 40 59.0
74 34 60.0
74 35 61.0
74 81 62.0
74 82 63.0
74 83 64.0
74 84 65.0
74 85 66.0
74 86 67.0
74 139 68.0
75 138 31.0
75 136 32.0
75 105 33.0
75 104 34.0
75 102 35.0
75 114 36.0
75 113 37.0
75 112 38.0
75 111 39.0
75 110 40.0
75 109 41.0
75 2 42.0
75 11 43.0
75 56 44.0
75 58 45.0
75 60 46.0
75 141 47.0
76 148 39.0
76 95 40.0
76 32 41.0
76 38 42.0
76 36 43.0
76 78 44.0
76 76 45.0
76 74 46.0
76 72 47.0
76 70 48.0
76 39 49.0
76 30 50.0
76 29 51.0
76 28 52.0
76 27 53.0
76 26 54.0
76 20 55.0
76 19 56.0
76 108 57.0
76 145 58.0
77 144 33.0
77 68 34.0
77 67 35.0
77 66 36.0
77 65 37.0
77 49 38.0
77 50 39.0
77 47 40.0
77 53 41.0
77 40 42.0
77 80 43.0
77 38 44.0
77 36 45.0
77 31 46.0
77 94 47.0
77 147 48.0
78 152 34.0
78 100 35.0
78 52 36.0
78 45 37.0
78 37 38.0
78 36 39.0
78 78 40.0
78 76 41.0
78 74 42.0
78 72 43.0
78 70 44.0
78 39 45.0
78 30 46.0
78 29 47.0
78 28 48.0
78 27 49.0
78 26 50.0
78 20 51.0
78 19 52.0
78 108 53.0
78 145 54.0
79 140 39.0
79 93 40.0
79 92 41.0
79 91 42.0
79 90 43.0
79 89 44.0
79 88 45.0
79 87 46.0
79 41 47.0
79 42 48.0
79 48 49.0
79 49 50.0
79 99 51.0
79 153 52.0
80 154 49.0
80 98 50.0
80 50 51.0
80 47 52.0
80 53 53.0
80 40 54.0
80 34 55.0
80 35 56.0
80 81 57.0
80 82 58.0
80 83 59.0
80 84 60.0
80 85 61.0
80 86 62.0
80 139 63.0
81 138 50.0
81 136 51.0
81 105 52.0
81 104 53.0
81 134 54.0
81 133 55.0
81 132 56.0
81 131 57.0
81 130 58.0
81 129 59.0
81 128 60.0
81 9 61.0
81 19 62.0
81 108 63.0
81 145 64.0
82 144 43.0
82 68 44.0
82 67 45.0
82 66 46.0
82 65 47.0
82 49 48.0
82 99 49.0
82 153 50.0
84 148 49.0
84 95 50.0
84 32 51.0
84 79 52.0
84 34 53.0
84 35 54.0
84 81 55.0
84 82 56.0
84 83 57.0
84 84 58.0
84 85 59.0
84 86 60.0
84 139 61.0
86 154 47.0
86 98 48.0
86 50 49.0
86 47 50.0
86 48 51.0
86 61 52.0
86 62 53.0
86 63 54.0
86 54 55.0
86 143 56.0
87 146 41.0
87 107 42.0
87 18 43.0
87 17 44.0
87 16 45.0
87 15 46.0
87 14 47.0
87 13 48.0
87 12 49.0
87 11 50.0
87 56 51.0
87 58 52.0
87 60 53.0
87 141 54.0
89 142 41.0
89 59 42.0
89 57 43.0
89 55 44.0
89 106 45.0
89 1 46.0
89 121 47.0
89 122 48.0
89 123 49.0
89 124 50.0
89 125 51.0
89 126 52.0
89 127 53.0
89 103 54.0
89 135 55.0
89 137 56.0
90 140 47.0
90 93 48.0
90 92 49.0
90 91 50.0
90 90 51.0
90 89 52.0
90 88 53.0
90 87 54.0
90 41 55.0
90 42 56.0
90 48 57.0
90 49 58.0
90 99 59.0
90 153 60.0
91 148 43.0
91 95 44.0
91 32 45.0
91 79 46.0
91 34 47.0
91 35 48.0
91 81 49.0
91 82 50.0
91 83 51.0
91 84 52.0
91 85 53.0
91 86 54.0
91 139 55.0
92 148 41.0
92 95 42.0
92 32 43.0
92 79 44.0
92 34 45.0
92 35 46.0
92 81 47.0
92 82 48.0
92 83 49.0
92 84 50.0
92 85 51.0
92 86 52.0
92 139 53.0
93 150 48.0
93 97 49.0
93 35 50.0
93 41 51.0
93 42 52.0
93 48 53.0
93 61 54.0
93 62 55.0
93 63 56.0
93 54 57.0
93 143 58.0
95 152 50.0
95 100 51.0
95 52 52.0
95 45 53.0
95 37 54.0
95 36 55.0
95 31 56.0
95 94 57.0
95 147 58.0
96 140 49.0
96 93 50.0
96 92 51.0
96 91 52.0
96 90 53.0
96 89 54.0
96 88 55.0
96 87 56.0
96 41 57.0
96 42 58.0
96 48 59.0
96 49 60.0
96 99 61.0
96 153 62.0
97 138 46.0
97 136 47.0
97 105 48.0
97 104 49.0
97 134 50.0
97 133 51.0
97 132 52.0
97 131 53.0
97 130 54.0
97 129 55.0
97 128 56.0
97 9 57.0
97 19 58.0
97 108 59.0
97 145 60.0
99 138 42.0
99 136 43.0
99 105 44.0
99 104 45.0
99 134 46.0
99 133 47.0
99 132 48.0
99 131 49.0
99 130 50.0
99 129 51.0
99 128 52.0
99 9 53.0
99 19 54.0
99 108 55.0
99 145 56.0
;
set fixedFlights :=
0 9 10
0 8 9
0 10 21
0 21 22
0 22 23
0 23 24
0 24 25
0 25 33
0 33 69
0 69 71
0 71 73
0 73 75
0 75 77
0 77 31
0 94 147
0 31 94
0 146 107
0 107 18
0 18 8
7 57 55
7 59 57
7 142 59
7 55 106
7 106 1
7 1 121
7 121 122
7 122 123
7 123 124
7 124 125
7 125 126
7 126 127
7 127 103
7 103 135
7 135 137
8 108 145
8 9 19
8 19 108
8 105 104
8 104 134
8 134 133
8 133 132
8 132 131
8 131 130
8 130 129
8 129 128
8 128 9
8 138 136
8 136 105
10 9 10
10 8 9
10 10 21
10 21 22
10 22 23
10 23 24
10 24 25
10 25 33
10 33 69
10 69 71
10 71 73
10 73 75
10 75 77
10 77 31
10 94 147
10 31 94
10 146 107
10 107 18
10 18 8
14 9 10
14 8 9
14 10 21
14 21 22
14 22 23
14 23 24
14 24 25
14 31 32
14 25 33
14 33 69
14 69 71
14 71 73
14 73 75
14 75 77
14 77 31
14 32 79
14 79 34
14 96 149
14 34 96
14 146 107
14 107 18
14 18 8
20 150 97
20 97 35
20 35 81
20 81 82
20 82 83
20 83 84
20 84 85
20 85 86
20 86 139
21 36 31
21 41 40
21 40 80
21 80 38
21 38 36
21 94 147
21 31 94
21 93 92
21 92 91
21 91 90
21 90 89
21 89 88
21 88 87
21 87 41
21 140 93
22 57 55
22 59 57
22 142 59
22 55 106
22 106 1
22 1 121
22 121 122
22 122 123
22 123 124
22 124 125
22 125 126
22 126 127
22 127 103
22 103 135
22 135 137
23 36 31
23 49 50
23 50 47
23 47 53
23 53 40
23 66 65
23 67 66
23 68 67
23 144 68
23 65 49
23 40 80
23 80 38
23 38 36
23 94 147
23 31 94
24 20 19
24 26 20
24 27 26
24 28 27
24 29 28
24 30 29
24 37 36
24 45 37
24 52 45
24 36 78
24 78 76
24 76 74
24 74 72
24 72 70
24 70 39
24 39 30
24 152 100
24 100 52
24 108 145
24 19 108
25 34 35
25 49 50
25 50 47
25 47 53
25 53 40
25 40 34
25 66 65
25 67 66
25 68 67
25 144 68
25 65 49
25 35 81
25 81 82
25 82 83
25 83 84
25 84 85
25 85 86
25 86 139
26 36 31
26 41 40
26 35 41
26 40 80
26 80 38
26 38 36
26 94 147
26 150 97
26 97 35
26 31 94
27 56 58
27 58 60
27 60 141
27 11 56
27 2 11
27 109 2
27 110 109
27 104 102
27 102 114
27 105 104
27 114 113
27 113 112
27 112 111
27 111 110
27 138 136
27 136 105
29 56 58
29 58 60
29 60 141
29 11 56
29 2 11
29 109 2
29 110 109
29 104 102
29 102 114
29 105 104
29 114 113
29 113 112
29 112 111
29 111 110
29 138 136
29 136 105
30 57 55
30 59 57
30 142 59
30 55 106
30 106 1
30 1 121
30 121 122
30 122 123
30 123 124
30 124 125
30 125 126
30 126 127
30 127 103
30 103 135
30 135 137
31 45 44
31 44 46
31 46 47
31 47 48
31 52 45
31 54 143
31 48 61
31 61 62
31 62 63
31 63 54
31 152 100
31 100 52
32 32 38
32 38 43
32 43 44
32 44 46
32 46 47
32 47 48
32 48 49
32 148 95
32 99 153
32 95 32
32 49 99
33 9 10
33 8 9
33 10 21
33 21 22
33 22 23
33 23 24
33 24 25
33 31 32
33 25 33
33 33 69
33 69 71
33 71 73
33 73 75
33 75 77
33 77 31
33 32 79
33 79 34
33 96 149
33 34 96
33 146 107
33 107 18
33 18 8
34 146 107
34 107 18
34 18 8
34 115 102
34 102 103
34 116 115
34 8 117
34 117 118
34 118 119
34 119 120
34 120 116
34 103 135
34 135 137
35 57 55
35 59 57
35 142 59
35 55 106
35 106 1
35 1 121
35 121 122
35 122 123
35 123 124
35 124 125
35 125 126
35 126 127
35 127 103
35 103 135
35 135 137
36 45 44
36 44 46
36 46 47
36 52 45
36 47 53
36 53 40
36 40 34
36 152 100
36 96 149
36 34 96
36 100 52
37 20 19
37 26 20
37 27 26
37 28 27
37 29 28
37 30 29
37 32 38
37 38 36
37 36 78
37 78 76
37 76 74
37 74 72
37 72 70
37 70 39
37 39 30
37 148 95
37 95 32
37 108 145
37 19 108
38 108 145
38 9 19
38 19 108
38 105 104
38 104 134
38 134 133
38 133 132
38 132 131
38 131 130
38 130 129
38 129 128
38 128 9
38 138 136
38 136 105
39 56 58
39 58 60
39 60 141
39 11 56
39 2 11
39 109 2
39 110 109
39 104 102
39 102 114
39 105 104
39 114 113
39 113 112
39 112 111
39 111 110
39 138 136
39 136 105
41 20 19
41 26 20
41 27 26
41 28 27
41 29 28
41 30 29
41 37 36
41 45 37
41 52 45
41 36 78
41 78 76
41 76 74
41 74 72
41 72 70
41 70 39
41 39 30
41 152 100
41 100 52
41 108 145
41 19 108
42 49 50
42 66 65
42 67 66
42 68 67
42 144 68
42 64 51
42 65 49
42 50 64
42 101 151
42 51 101
43 32 38
43 38 43
43 43 44
43 44 46
43 46 47
43 47 48
43 54 143
43 48 61
43 61 62
43 62 63
43 63 54
43 148 95
43 95 32
44 36 31
44 37 36
44 45 37
44 49 50
44 51 52
44 52 45
44 66 65
44 67 66
44 68 67
44 144 68
44 64 51
44 65 49
44 50 64
44 94 147
44 31 94
45 20 19
45 26 20
45 27 26
45 28 27
45 29 28
45 30 29
45 50 47
45 47 53
45 53 40
45 40 80
45 80 38
45 38 36
45 36 78
45 78 76
45 76 74
45 74 72
45 72 70
45 70 39
45 39 30
45 154 98
45 98 50
45 108 145
45 19 108
46 66 65
46 67 66
46 68 67
46 144 68
46 65 49
46 99 153
46 49 99
47 57 55
47 59 57
47 142 59
47 55 106
47 106 1
47 1 121
47 121 122
47 122 123
47 123 124
47 124 125
47 125 126
47 126 127
47 127 103
47 103 135
47 135 137
48 34 35
48 49 50
48 50 47
48 47 53
48 53 40
48 40 34
48 66 65
48 67 66
48 68 67
48 144 68
48 65 49
48 35 81
48 81 82
48 82 83
48 83 84
48 84 85
48 85 86
48 86 139
49 36 31
49 37 36
49 45 37
49 52 45
49 94 147
49 152 100
49 31 94
49 100 52
50 57 55
50 59 57
50 142 59
50 55 106
50 106 1
50 1 121
50 121 122
50 122 123
50 123 124
50 124 125
50 125 126
50 126 127
50 127 103
50 103 135
50 135 137
51 20 19
51 26 20
51 27 26
51 28 27
51 29 28
51 30 29
51 50 47
51 47 53
51 53 40
51 40 80
51 80 38
51 38 36
51 36 78
51 78 76
51 76 74
51 74 72
51 72 70
51 70 39
51 39 30
51 154 98
51 98 50
51 108 145
51 19 108
52 57 55
52 59 57
52 142 59
52 55 106
52 106 1
52 1 121
52 121 122
52 122 123
52 123 124
52 124 125
52 125 126
52 126 127
52 127 103
52 103 135
52 135 137
54 41 42
54 42 48
54 49 50
54 48 49
54 64 51
54 50 64
54 101 151
54 51 101
54 93 92
54 92 91
54 91 90
54 90 89
54 89 88
54 88 87
54 87 41
54 140 93
55 150 97
55 97 35
55 35 81
55 81 82
55 82 83
55 83 84
55 84 85
55 85 86
55 86 139
56 146 107
56 107 18
56 18 8
56 115 102
56 102 103
56 116 115
56 8 117
56 117 118
56 118 119
56 119 120
56 120 116
56 103 135
56 135 137
57 36 31
57 41 40
57 40 80
57 80 38
57 38 36
57 94 147
57 31 94
57 93 92
57 92 91
57 91 90
57 90 89
57 89 88
57 88 87
57 87 41
57 140 93
59 66 65
59 67 66
59 68 67
59 144 68
59 65 49
59 99 153
59 49 99
60 146 107
60 107 18
60 18 8
60 115 102
60 102 103
60 116 115
60 8 117
60 117 118
60 118 119
60 119 120
60 120 116
60 103 135
60 135 137
61 108 145
61 9 19
61 19 108
61 105 104
61 104 134
61 134 133
61 133 132
61 132 131
61 131 130
61 130 129
61 129 128
61 128 9
61 138 136
61 136 105
62 35 41
62 41 42
62 42 48
62 54 143
62 48 61
62 61 62
62 62 63
62 63 54
62 150 97
62 97 35
63 45 44
63 44 46
63 46 47
63 47 48
63 52 45
63 54 143
63 48 61
63 61 62
63 62 63
63 63 54
63 152 100
63 100 52
64 45 44
64 44 46
64 46 47
64 47 48
64 52 45
64 48 49
64 152 100
64 99 153
64 100 52
64 49 99
65 41 40
65 38 43
65 43 44
65 44 51
65 40 80
65 80 38
65 101 151
65 51 101
65 93 92
65 92 91
65 91 90
65 90 89
65 89 88
65 88 87
65 87 41
65 140 93
66 9 10
66 8 9
66 10 21
66 21 22
66 22 23
66 23 24
66 24 25
66 31 32
66 25 33
66 33 69
66 69 71
66 71 73
66 73 75
66 75 77
66 77 31
66 32 79
66 79 34
66 96 149
66 34 96
66 146 107
66 107 18
66 18 8
67 150 97
67 97 35
67 35 81
67 81 82
67 82 83
67 83 84
67 84 85
67 85 86
67 86 139
68 45 44
68 44 46
68 46 47
68 47 48
68 52 45
68 48 49
68 152 100
68 99 153
68 100 52
68 49 99
69 9 10
69 8 9
69 10 21
69 21 22
69 22 23
69 23 24
69 24 25
69 31 32
69 25 33
69 33 69
69 69 71
69 71 73
69 73 75
69 75 77
69 77 31
69 32 79
69 79 34
69 96 149
69 34 96
69 146 107
69 107 18
69 18 8
70 57 55
70 59 57
70 142 59
70 55 106
70 106 1
70 1 121
70 121 122
70 122 123
70 123 124
70 124 125
70 125 126
70 126 127
70 127 103
70 103 135
70 135 137
71 36 31
71 37 36
71 45 37
71 51 52
71 52 45
71 64 51
71 50 64
71 94 147
71 154 98
71 31 94
71 98 50
72 41 42
72 42 48
72 54 143
72 48 61
72 61 62
72 62 63
72 63 54
72 93 92
72 92 91
72 91 90
72 90 89
72 89 88
72 88 87
72 87 41
72 140 93
73 20 19
73 26 20
73 27 26
73 28 27
73 29 28
73 30 29
73 50 47
73 47 53
73 53 40
73 40 80
73 80 38
73 38 36
73 36 78
73 78 76
73 76 74
73 74 72
73 72 70
73 70 39
73 39 30
73 154 98
73 98 50
73 108 145
73 19 108
74 34 35
74 49 50
74 50 47
74 47 53
74 53 40
74 40 34
74 66 65
74 67 66
74 68 67
74 144 68
74 65 49
74 35 81
74 81 82
74 82 83
74 83 84
74 84 85
74 85 86
74 86 139
75 56 58
75 58 60
75 60 141
75 11 56
75 2 11
75 109 2
75 110 109
75 104 102
75 102 114
75 105 104
75 114 113
75 113 112
75 112 111
75 111 110
75 138 136
75 136 105
76 20 19
76 26 20
76 27 26
76 28 27
76 29 28
76 30 29
76 32 38
76 38 36
76 36 78
76 78 76
76 76 74
76 74 72
76 72 70
76 70 39
76 39 30
76 148 95
76 95 32
76 108 145
76 19 108
77 36 31
77 49 50
77 50 47
77 47 53
77 53 40
77 66 65
77 67 66
77 68 67
77 144 68
77 65 49
77 40 80
77 80 38
77 38 36
77 94 147
77 31 94
78 20 19
78 26 20
78 27 26
78 28 27
78 29 28
78 30 29
78 37 36
78 45 37
78 52 45
78 36 78
78 78 76
78 76 74
78 74 72
78 72 70
78 70 39
78 39 30
78 152 100
78 100 52
78 108 145
78 19 108
79 41 42
79 42 48
79 48 49
79 99 153
79 49 99
79 93 92
79 92 91
79 91 90
79 90 89
79 89 88
79 88 87
79 87 41
79 140 93
80 34 35
80 50 47
80 47 53
80 53 40
80 40 34
80 154 98
80 98 50
80 35 81
80 81 82
80 82 83
80 83 84
80 84 85
80 85 86
80 86 139
81 108 145
81 9 19
81 19 108
81 105 104
81 104 134
81 134 133
81 133 132
81 132 131
81 131 130
81 130 129
81 129 128
81 128 9
81 138 136
81 136 105
82 66 65
82 67 66
82 68 67
82 144 68
82 65 49
82 99 153
82 49 99
84 34 35
84 32 79
84 79 34
84 148 95
84 95 32
84 35 81
84 81 82
84 82 83
84 83 84
84 84 85
84 85 86
84 86 139
86 47 48
86 50 47
86 54 143
86 48 61
86 61 62
86 62 63
86 63 54
86 154 98
86 98 50
87 12 11
87 13 12
87 14 13
87 15 14
87 16 15
87 17 16
87 18 17
87 56 58
87 58 60
87 60 141
87 146 107
87 11 56
87 107 18
89 57 55
89 59 57
89 142 59
89 55 106
89 106 1
89 1 121
89 121 122
89 122 123
89 123 124
89 124 125
89 125 126
89 126 127
89 127 103
89 103 135
89 135 137
90 41 42
90 42 48
90 48 49
90 99 153
90 49 99
90 93 92
90 92 91
90 91 90
90 90 89
90 89 88
90 88 87
90 87 41
90 140 93
91 34 35
91 32 79
91 79 34
91 148 95
91 95 32
91 35 81
91 81 82
91 82 83
91 83 84
91 84 85
91 85 86
91 86 139
92 34 35
92 32 79
92 79 34
92 148 95
92 95 32
92 35 81
92 81 82
92 82 83
92 83 84
92 84 85
92 85 86
92 86 139
93 35 41
93 41 42
93 42 48
93 54 143
93 48 61
93 61 62
93 62 63
93 63 54
93 150 97
93 97 35
95 36 31
95 37 36
95 45 37
95 52 45
95 94 147
95 152 100
95 31 94
95 100 52
96 41 42
96 42 48
96 48 49
96 99 153
96 49 99
96 93 92
96 92 91
96 91 90
96 90 89
96 89 88
96 88 87
96 87 41
96 140 93
97 108 145
97 9 19
97 19 108
97 105 104
97 104 134
97 134 133
97 133 132
97 132 131
97 131 130
97 130 129
97 129 128
97 128 9
97 138 136
97 136 105
99 108 145
99 9 19
99 19 108
99 105 104
99 104 134
99 134 133
99 133 132
99 132 131
99 131 130
99 130 129
99 129 128
99 128 9
99 138 136
99 136 105
;
;
set inFlight:=
0
7
8
10
14
20
21
22
23
24
25
26
27
29
30
31
32
33
34
35
36
37
38
39
;
param tini := 21.1;
