param nn:= 155;
set F:=
6
19
20
21
22
23
24
25
26
27
28
29
30
31
32
34
35
36
38
39
40
41
42
43
44
45
46
47
48
49
50
51
52
53
54
55
56
57
58
59
60
61
62
63
64
65
66
67
68
69
72
73
74
75
76
77
78
79
80
81
83
84
86
87
89
91
92
93
94
95
96
97
98
;
param: E: d:=
2 3 2.500000
3 4 2.500000
4 5 2.500000
5 6 2.500000
6 7 2.500000
7 0 2.500000
0 8 2.500000
9 10 2.500000
8 9 2.500000
12 11 2.500000
13 12 2.500000
14 13 2.500000
15 14 2.500000
16 15 2.500000
17 16 2.500000
18 17 2.500000
19 18 2.500000
20 19 2.500000
10 21 2.500000
21 22 2.500000
22 23 2.500000
23 24 2.500000
24 25 2.500000
26 20 2.500000
27 26 2.500000
28 27 2.500000
29 28 2.500000
30 29 2.500000
34 35 2.500000
36 31 2.500000
37 36 2.500000
41 40 2.500000
35 41 2.500000
41 42 2.500000
32 38 2.500000
38 43 2.500000
43 44 2.500000
45 37 2.500000
31 32 2.500000
45 44 2.500000
44 46 2.500000
46 47 2.500000
47 48 2.500000
42 48 2.500000
49 50 2.500000
51 52 2.500000
52 45 2.500000
44 51 2.500000
48 49 2.500000
50 47 2.500000
47 53 2.500000
53 40 2.500000
40 34 2.500000
54 143 1.500000
57 55 2.500000
56 58 2.500000
59 57 2.500000
58 60 2.500000
60 141 1.500000
142 59 1.500000
48 61 2.500000
61 62 2.500000
62 63 2.500000
66 65 2.500000
67 66 2.500000
68 67 2.500000
144 68 1.500000
2 1 2.500000
64 51 2.500000
63 54 2.500000
65 49 2.500000
50 64 2.500000
25 33 2.500000
33 69 2.500000
69 71 2.500000
71 73 2.500000
73 75 2.500000
75 77 2.500000
77 31 2.500000
40 80 2.500000
80 38 2.500000
38 36 2.500000
36 78 2.500000
78 76 2.500000
76 74 2.500000
74 72 2.500000
72 70 2.500000
70 39 2.500000
39 30 2.500000
32 79 2.500000
79 34 2.500000
148 95 1.500000
94 147 1.500000
152 100 1.500000
101 151 1.500000
154 98 1.500000
99 153 1.500000
96 149 1.500000
150 97 1.500000
97 35 2.500000
95 32 2.500000
31 94 2.500000
34 96 2.500000
51 101 2.500000
100 52 2.500000
98 50 2.500000
49 99 2.500000
35 81 2.500000
81 82 2.500000
82 83 2.500000
83 84 2.500000
84 85 2.500000
85 86 2.500000
93 92 2.500000
92 91 2.500000
91 90 2.500000
90 89 2.500000
89 88 2.500000
88 87 2.500000
87 41 2.500000
86 139 1.500000
140 93 1.500000
108 145 1.500000
146 107 1.500000
11 56 2.500000
2 11 2.500000
107 18 2.500000
18 8 2.500000
9 19 2.500000
19 108 2.500000
55 106 2.500000
106 1 2.500000
1 121 2.500000
121 122 2.500000
109 2 2.500000
110 109 2.500000
104 102 2.500000
102 114 2.500000
115 102 2.500000
102 103 2.500000
105 104 2.500000
104 134 2.500000
134 133 2.500000
103 105 2.500000
116 115 2.500000
8 117 2.500000
117 118 2.500000
118 119 2.500000
119 120 2.500000
120 116 2.500000
133 132 2.500000
132 131 2.500000
131 130 2.500000
130 129 2.500000
129 128 2.500000
128 9 2.500000
122 123 2.500000
123 124 2.500000
124 125 2.500000
125 126 2.500000
126 127 2.500000
127 103 2.500000
114 113 2.500000
113 112 2.500000
112 111 2.500000
111 110 2.500000
103 135 2.500000
135 137 1.500000
138 136 1.500000
136 105 2.500000
;
param s:=
6 152
19 144
20 140
21 144
22 152
23 150
24 154
25 146
26 154
27 148
28 154
29 146
30 142
31 150
32 150
34 138
35 142
36 146
38 152
39 154
40 148
41 142
42 144
43 150
44 146
45 138
46 144
47 152
48 146
49 146
50 138
51 138
52 138
53 154
54 152
55 138
56 146
57 140
58 142
59 140
60 150
61 144
62 154
63 152
64 140
65 140
66 138
67 146
68 148
69 144
72 142
73 140
74 142
75 152
76 138
77 150
78 154
79 148
80 142
81 150
83 152
84 140
86 142
87 140
89 148
91 138
92 146
93 142
94 150
95 142
96 138
97 146
98 146
;
param e:=
6 143
19 139
20 153
21 147
22 145
23 145
24 139
25 141
26 139
27 145
28 149
29 151
30 137
31 145
32 145
34 141
35 137
36 141
38 153
39 145
40 143
41 137
42 139
43 151
44 147
45 141
46 151
47 139
48 147
49 141
50 141
51 145
52 141
53 149
54 147
55 145
56 141
57 151
58 137
59 149
60 139
61 139
62 139
63 145
64 143
65 149
66 141
67 147
68 151
69 151
72 137
73 151
74 137
75 145
76 145
77 143
78 145
79 151
80 137
81 139
83 145
84 153
86 137
87 153
89 153
91 141
92 141
93 137
94 139
95 137
96 145
97 147
98 137
;
param v_min:=2.375
;
param v_max:=2.625
;
param :conflictsNodes: angle:=
0 7 8 1.000000
0 8 7 1.000000
1 2 121 1.154701
1 121 2 1.154701
1 2 106 1.000000
1 106 2 1.000000
1 106 121 1.000000
1 121 106 1.000000
2 3 11 1.000000
2 11 3 1.000000
2 3 109 1.154701
2 109 3 1.154701
2 1 3 1.000000
2 3 1 1.000000
2 1 11 1.000000
2 11 1 1.000000
2 1 109 1.000000
2 109 1 1.000000
2 11 109 1.000000
2 109 11 1.000000
3 2 4 1.000000
3 4 2 1.000000
4 3 5 1.000000
4 5 3 1.000000
5 4 6 1.000000
5 6 4 1.000000
6 5 7 1.000000
6 7 5 1.000000
7 0 6 1.000000
7 6 0 1.000000
8 0 9 1.000000
8 9 0 1.000000
8 0 117 1.154701
8 117 0 1.154701
8 0 18 1.000000
8 18 0 1.000000
8 9 117 1.000000
8 117 9 1.000000
8 9 18 1.000000
8 18 9 1.000000
8 18 117 1.000000
8 117 18 1.000000
9 8 10 1.000000
9 10 8 1.000000
9 8 19 1.000000
9 19 8 1.000000
9 8 128 1.154701
9 128 8 1.154701
9 10 19 1.000000
9 19 10 1.000000
9 10 128 1.000000
9 128 10 1.000000
9 19 128 1.000000
9 128 19 1.000000
10 9 21 1.000000
10 21 9 1.000000
11 2 12 1.000000
11 12 2 1.000000
11 2 56 1.000000
11 56 2 1.000000
11 12 56 1.000000
11 56 12 1.000000
12 11 13 1.000000
12 13 11 1.000000
13 12 14 1.000000
13 14 12 1.000000
14 13 15 1.000000
14 15 13 1.000000
15 14 16 1.000000
15 16 14 1.000000
16 15 17 1.000000
16 17 15 1.000000
17 16 18 1.000000
17 18 16 1.000000
18 17 19 1.000000
18 19 17 1.000000
18 17 107 1.000000
18 107 17 1.000000
18 8 17 1.000000
18 17 8 1.000000
18 8 19 1.000000
18 19 8 1.000000
18 8 107 1.000000
18 107 8 1.000000
18 19 107 1.000000
18 107 19 1.000000
19 9 18 1.000000
19 18 9 1.000000
19 9 108 1.000000
19 108 9 1.000000
19 9 20 1.000000
19 20 9 1.000000
19 18 108 1.000000
19 108 18 1.000000
19 18 20 1.000000
19 20 18 1.000000
19 20 108 1.000000
19 108 20 1.000000
20 19 26 1.000000
20 26 19 1.000000
21 10 22 1.000000
21 22 10 1.000000
22 21 23 1.000000
22 23 21 1.000000
23 22 24 1.000000
23 24 22 1.000000
24 23 25 1.000000
24 25 23 1.000000
25 24 33 1.000000
25 33 24 1.000000
26 20 27 1.000000
26 27 20 1.000000
27 26 28 1.000000
27 28 26 1.000000
28 27 29 1.000000
28 29 27 1.000000
29 28 30 1.000000
29 30 28 1.000000
30 29 39 1.000000
30 39 29 1.000000
31 36 94 1.000000
31 94 36 1.000000
31 36 77 1.000000
31 77 36 1.000000
31 32 36 1.000000
31 36 32 1.000000
31 32 94 1.000000
31 94 32 1.000000
31 32 77 1.000000
31 77 32 1.000000
31 77 94 1.000000
31 94 77 1.000000
32 31 38 1.000000
32 38 31 1.000000
32 31 79 1.000000
32 79 31 1.000000
32 31 95 1.000000
32 95 31 1.000000
32 38 79 1.000000
32 79 38 1.000000
32 38 95 1.000000
32 95 38 1.000000
32 79 95 1.000000
32 95 79 1.000000
33 25 69 1.000000
33 69 25 1.000000
34 35 96 1.000000
34 96 35 1.000000
34 35 40 1.000000
34 40 35 1.000000
34 35 79 1.000000
34 79 35 1.000000
34 40 96 1.000000
34 96 40 1.000000
34 40 79 1.000000
34 79 40 1.000000
34 79 96 1.000000
34 96 79 1.000000
35 34 41 1.000000
35 41 34 1.000000
35 34 81 1.000000
35 81 34 1.000000
35 34 97 1.000000
35 97 34 1.000000
35 41 81 1.000000
35 81 41 1.000000
35 41 97 1.000000
35 97 41 1.000000
35 81 97 1.189773
35 97 81 1.189773
36 31 78 1.000000
36 78 31 1.000000
36 31 37 1.000000
36 37 31 1.000000
36 31 38 1.000000
36 38 31 1.000000
36 37 78 1.000000
36 78 37 1.000000
36 37 38 1.000000
36 38 37 1.000000
36 38 78 1.000000
36 78 38 1.000000
37 36 45 1.000000
37 45 36 1.000000
38 32 43 1.000000
38 43 32 1.000000
38 32 36 1.000000
38 36 32 1.000000
38 32 80 1.000000
38 80 32 1.000000
38 43 80 1.000000
38 80 43 1.000000
38 36 43 1.000000
38 43 36 1.000000
38 36 80 1.000000
38 80 36 1.000000
39 30 70 1.000000
39 70 30 1.000000
40 41 80 1.000000
40 80 41 1.000000
40 41 53 1.000000
40 53 41 1.000000
40 34 41 1.000000
40 41 34 1.000000
40 34 80 1.000000
40 80 34 1.000000
40 34 53 1.000000
40 53 34 1.000000
40 53 80 1.000000
40 80 53 1.000000
41 35 40 1.000000
41 40 35 1.000000
41 35 42 1.000000
41 42 35 1.000000
41 35 87 1.189773
41 87 35 1.189773
41 40 42 1.000000
41 42 40 1.000000
41 40 87 1.000000
41 87 40 1.000000
41 42 87 1.000000
41 87 42 1.000000
42 41 48 1.000000
42 48 41 1.000000
43 38 44 1.000000
43 44 38 1.000000
44 43 46 1.000000
44 46 43 1.000000
44 43 51 1.000000
44 51 43 1.000000
44 43 45 1.000000
44 45 43 1.000000
44 46 51 1.000000
44 51 46 1.000000
44 45 46 1.000000
44 46 45 1.000000
44 45 51 1.000000
44 51 45 1.000000
45 37 44 1.000000
45 44 37 1.000000
45 37 52 1.000000
45 52 37 1.000000
45 44 52 1.000000
45 52 44 1.000000
46 44 47 1.000000
46 47 44 1.000000
47 46 48 1.000000
47 48 46 1.000000
47 46 53 1.000000
47 53 46 1.000000
47 46 50 1.000000
47 50 46 1.000000
47 48 53 1.000000
47 53 48 1.000000
47 48 50 1.000000
47 50 48 1.000000
47 50 53 1.000000
47 53 50 1.000000
48 42 47 1.000000
48 47 42 1.000000
48 42 49 1.000000
48 49 42 1.000000
48 42 61 1.000000
48 61 42 1.000000
48 47 49 1.000000
48 49 47 1.000000
48 47 61 1.000000
48 61 47 1.000000
48 49 61 1.000000
48 61 49 1.000000
49 48 50 1.000000
49 50 48 1.000000
49 48 99 1.000000
49 99 48 1.000000
49 48 65 1.000000
49 65 48 1.000000
49 50 99 1.000000
49 99 50 1.000000
49 50 65 1.000000
49 65 50 1.000000
49 65 99 1.000000
49 99 65 1.000000
50 49 64 1.000000
50 64 49 1.000000
50 49 98 1.000000
50 98 49 1.000000
50 47 49 1.000000
50 49 47 1.000000
50 47 64 1.000000
50 64 47 1.000000
50 47 98 1.000000
50 98 47 1.000000
50 64 98 1.000000
50 98 64 1.000000
51 44 52 1.000000
51 52 44 1.000000
51 44 101 1.000000
51 101 44 1.000000
51 44 64 1.000000
51 64 44 1.000000
51 52 101 1.000000
51 101 52 1.000000
51 52 64 1.000000
51 64 52 1.000000
51 64 101 1.000000
51 101 64 1.000000
52 51 100 1.000000
52 100 51 1.000000
52 45 51 1.000000
52 51 45 1.000000
52 45 100 1.000000
52 100 45 1.000000
53 40 47 1.000000
53 47 40 1.000000
55 57 106 1.000000
55 106 57 1.000000
56 11 58 1.000000
56 58 11 1.000000
57 55 59 1.000000
57 59 55 1.000000
58 56 60 1.000000
58 60 56 1.000000
61 48 62 1.000000
61 62 48 1.000000
62 61 63 1.000000
62 63 61 1.000000
63 54 62 1.000000
63 62 54 1.000000
64 50 51 1.000000
64 51 50 1.000000
65 49 66 1.000000
65 66 49 1.000000
66 65 67 1.000000
66 67 65 1.000000
67 66 68 1.000000
67 68 66 1.000000
69 33 71 1.000000
69 71 33 1.000000
70 39 72 1.000000
70 72 39 1.000000
71 69 73 1.000000
71 73 69 1.000000
72 70 74 1.000000
72 74 70 1.000000
73 71 75 1.000000
73 75 71 1.000000
74 72 76 1.000000
74 76 72 1.000000
75 73 77 1.000000
75 77 73 1.000000
76 74 78 1.000000
76 78 74 1.000000
77 31 75 1.000000
77 75 31 1.000000
78 36 76 1.000000
78 76 36 1.000000
79 32 34 1.000000
79 34 32 1.000000
80 38 40 1.000000
80 40 38 1.000000
81 35 82 1.000000
81 82 35 1.000000
82 81 83 1.000000
82 83 81 1.000000
83 82 84 1.000000
83 84 82 1.000000
84 83 85 1.000000
84 85 83 1.000000
85 84 86 1.000000
85 86 84 1.000000
87 41 88 1.000000
87 88 41 1.000000
88 87 89 1.000000
88 89 87 1.000000
89 88 90 1.000000
89 90 88 1.000000
90 89 91 1.000000
90 91 89 1.000000
91 90 92 1.000000
91 92 90 1.000000
92 91 93 1.000000
92 93 91 1.000000
102 104 114 1.000000
102 114 104 1.000000
102 104 115 1.000000
102 115 104 1.000000
102 114 115 1.154701
102 115 114 1.154701
102 103 104 1.154701
102 104 103 1.154701
102 103 114 1.000000
102 114 103 1.000000
102 103 115 1.000000
102 115 103 1.000000
103 102 105 1.000000
103 105 102 1.000000
103 102 135 1.000000
103 135 102 1.000000
103 102 127 1.154701
103 127 102 1.154701
103 105 135 1.154701
103 135 105 1.154701
103 105 127 1.000000
103 127 105 1.000000
103 127 135 1.000000
103 135 127 1.000000
104 102 134 1.154701
104 134 102 1.154701
104 102 105 1.000000
104 105 102 1.000000
104 105 134 1.000000
104 134 105 1.000000
105 103 104 1.154701
105 104 103 1.154701
105 103 136 1.000000
105 136 103 1.000000
105 104 136 1.000000
105 136 104 1.000000
106 1 55 1.000000
106 55 1 1.000000
109 2 110 1.000000
109 110 2 1.000000
110 109 111 1.000000
110 111 109 1.000000
111 110 112 1.000000
111 112 110 1.000000
112 111 113 1.000000
112 113 111 1.000000
113 112 114 1.000000
113 114 112 1.000000
114 102 113 1.000000
114 113 102 1.000000
115 102 116 1.000000
115 116 102 1.000000
116 115 120 1.000000
116 120 115 1.000000
117 8 118 1.000000
117 118 8 1.000000
118 117 119 1.000000
118 119 117 1.000000
119 118 120 1.000000
119 120 118 1.000000
120 116 119 1.000000
120 119 116 1.000000
121 1 122 1.000000
121 122 1 1.000000
122 121 123 1.000000
122 123 121 1.000000
123 122 124 1.000000
123 124 122 1.000000
124 123 125 1.000000
124 125 123 1.000000
125 124 126 1.000000
125 126 124 1.000000
126 125 127 1.000000
126 127 125 1.000000
127 103 126 1.000000
127 126 103 1.000000
128 9 129 1.000000
128 129 9 1.000000
129 128 130 1.000000
129 130 128 1.000000
130 129 131 1.000000
130 131 129 1.000000
131 130 132 1.000000
131 132 130 1.000000
132 131 133 1.000000
132 133 131 1.000000
133 132 134 1.000000
133 134 132 1.000000
134 104 133 1.000000
134 133 104 1.000000
;
param D:=0.5;
param t_hat_ear:=
6 152 18.0
6 100 19.0
6 52 20.0
6 45 21.0
6 44 22.0
6 46 23.0
6 47 24.0
6 48 25.0
6 61 26.0
6 62 27.0
6 63 28.0
6 54 29.0
6 143 30.0
19 144 9.0
19 68 10.0
19 67 11.0
19 66 12.0
19 65 13.0
19 49 14.0
19 50 15.0
19 47 16.0
19 53 17.0
19 40 18.0
19 34 19.0
19 35 20.0
19 81 21.0
19 82 22.0
19 83 23.0
19 84 24.0
19 85 25.0
19 86 26.0
19 139 27.0
20 140 17.0
20 93 18.0
20 92 19.0
20 91 20.0
20 90 21.0
20 89 22.0
20 88 23.0
20 87 24.0
20 41 25.0
20 42 26.0
20 48 27.0
20 49 28.0
20 99 29.0
20 153 30.0
21 144 19.0
21 68 20.0
21 67 21.0
21 66 22.0
21 65 23.0
21 49 24.0
21 50 25.0
21 47 26.0
21 53 27.0
21 40 28.0
21 80 29.0
21 38 30.0
21 36 31.0
21 31 32.0
21 94 33.0
21 147 34.0
22 152 14.0
22 100 15.0
22 52 16.0
22 45 17.0
22 37 18.0
22 36 19.0
22 78 20.0
22 76 21.0
22 74 22.0
22 72 23.0
22 70 24.0
22 39 25.0
22 30 26.0
22 29 27.0
22 28 28.0
22 27 29.0
22 26 30.0
22 20 31.0
22 19 32.0
22 108 33.0
22 145 34.0
23 150 16.0
23 97 17.0
23 35 18.0
23 41 19.0
23 40 20.0
23 80 21.0
23 38 22.0
23 36 23.0
23 78 24.0
23 76 25.0
23 74 26.0
23 72 27.0
23 70 28.0
23 39 29.0
23 30 30.0
23 29 31.0
23 28 32.0
23 27 33.0
23 26 34.0
23 20 35.0
23 19 36.0
23 108 37.0
23 145 38.0
24 154 19.0
24 98 20.0
24 50 21.0
24 47 22.0
24 53 23.0
24 40 24.0
24 34 25.0
24 35 26.0
24 81 27.0
24 82 28.0
24 83 29.0
24 84 30.0
24 85 31.0
24 86 32.0
24 139 33.0
25 146 15.0
25 107 16.0
25 18 17.0
25 17 18.0
25 16 19.0
25 15 20.0
25 14 21.0
25 13 22.0
25 12 23.0
25 11 24.0
25 56 25.0
25 58 26.0
25 60 27.0
25 141 28.0
26 154 17.0
26 98 18.0
26 50 19.0
26 47 20.0
26 53 21.0
26 40 22.0
26 34 23.0
26 35 24.0
26 81 25.0
26 82 26.0
26 83 27.0
26 84 28.0
26 85 29.0
26 86 30.0
26 139 31.0
27 148 17.0
27 95 18.0
27 32 19.0
27 38 20.0
27 36 21.0
27 78 22.0
27 76 23.0
27 74 24.0
27 72 25.0
27 70 26.0
27 39 27.0
27 30 28.0
27 29 29.0
27 28 30.0
27 27 31.0
27 26 32.0
27 20 33.0
27 19 34.0
27 108 35.0
27 145 36.0
28 154 25.0
28 98 26.0
28 50 27.0
28 47 28.0
28 53 29.0
28 40 30.0
28 34 31.0
28 96 32.0
28 149 33.0
29 146 13.0
29 107 14.0
29 18 15.0
29 8 16.0
29 9 17.0
29 10 18.0
29 21 19.0
29 22 20.0
29 23 21.0
29 24 22.0
29 25 23.0
29 33 24.0
29 69 25.0
29 71 26.0
29 73 27.0
29 75 28.0
29 77 29.0
29 31 30.0
29 32 31.0
29 38 32.0
29 43 33.0
29 44 34.0
29 51 35.0
29 101 36.0
29 151 37.0
30 142 10.0
30 59 11.0
30 57 12.0
30 55 13.0
30 106 14.0
30 1 15.0
30 121 16.0
30 122 17.0
30 123 18.0
30 124 19.0
30 125 20.0
30 126 21.0
30 127 22.0
30 103 23.0
30 135 24.0
30 137 25.0
31 150 36.0
31 97 37.0
31 35 38.0
31 41 39.0
31 40 40.0
31 80 41.0
31 38 42.0
31 36 43.0
31 78 44.0
31 76 45.0
31 74 46.0
31 72 47.0
31 70 48.0
31 39 49.0
31 30 50.0
31 29 51.0
31 28 52.0
31 27 53.0
31 26 54.0
31 20 55.0
31 19 56.0
31 108 57.0
31 145 58.0
32 150 28.0
32 97 29.0
32 35 30.0
32 41 31.0
32 40 32.0
32 80 33.0
32 38 34.0
32 36 35.0
32 78 36.0
32 76 37.0
32 74 38.0
32 72 39.0
32 70 40.0
32 39 41.0
32 30 42.0
32 29 43.0
32 28 44.0
32 27 45.0
32 26 46.0
32 20 47.0
32 19 48.0
32 108 49.0
32 145 50.0
34 138 14.0
34 136 15.0
34 105 16.0
34 104 17.0
34 102 18.0
34 114 19.0
34 113 20.0
34 112 21.0
34 111 22.0
34 110 23.0
34 109 24.0
34 2 25.0
34 11 26.0
34 56 27.0
34 58 28.0
34 60 29.0
34 141 30.0
35 142 19.0
35 59 20.0
35 57 21.0
35 55 22.0
35 106 23.0
35 1 24.0
35 121 25.0
35 122 26.0
35 123 27.0
35 124 28.0
35 125 29.0
35 126 30.0
35 127 31.0
35 103 32.0
35 135 33.0
35 137 34.0
36 146 19.0
36 107 20.0
36 18 21.0
36 17 22.0
36 16 23.0
36 15 24.0
36 14 25.0
36 13 26.0
36 12 27.0
36 11 28.0
36 56 29.0
36 58 30.0
36 60 31.0
36 141 32.0
38 152 28.0
38 100 29.0
38 52 30.0
38 45 31.0
38 44 32.0
38 46 33.0
38 47 34.0
38 48 35.0
38 49 36.0
38 99 37.0
38 153 38.0
39 154 29.0
39 98 30.0
39 50 31.0
39 47 32.0
39 53 33.0
39 40 34.0
39 80 35.0
39 38 36.0
39 36 37.0
39 78 38.0
39 76 39.0
39 74 40.0
39 72 41.0
39 70 42.0
39 39 43.0
39 30 44.0
39 29 45.0
39 28 46.0
39 27 47.0
39 26 48.0
39 20 49.0
39 19 50.0
39 108 51.0
39 145 52.0
40 148 23.0
40 95 24.0
40 32 25.0
40 38 26.0
40 43 27.0
40 44 28.0
40 46 29.0
40 47 30.0
40 48 31.0
40 61 32.0
40 62 33.0
40 63 34.0
40 54 35.0
40 143 36.0
41 142 21.0
41 59 22.0
41 57 23.0
41 55 24.0
41 106 25.0
41 1 26.0
41 121 27.0
41 122 28.0
41 123 29.0
41 124 30.0
41 125 31.0
41 126 32.0
41 127 33.0
41 103 34.0
41 135 35.0
41 137 36.0
42 144 39.0
42 68 40.0
42 67 41.0
42 66 42.0
42 65 43.0
42 49 44.0
42 50 45.0
42 47 46.0
42 53 47.0
42 40 48.0
42 34 49.0
42 35 50.0
42 81 51.0
42 82 52.0
42 83 53.0
42 84 54.0
42 85 55.0
42 86 56.0
42 139 57.0
43 150 38.0
43 97 39.0
43 35 40.0
43 41 41.0
43 40 42.0
43 80 43.0
43 38 44.0
43 43 45.0
43 44 46.0
43 51 47.0
43 101 48.0
43 151 49.0
44 146 23.0
44 107 24.0
44 18 25.0
44 8 26.0
44 9 27.0
44 10 28.0
44 21 29.0
44 22 30.0
44 23 31.0
44 24 32.0
44 25 33.0
44 33 34.0
44 69 35.0
44 71 36.0
44 73 37.0
44 75 38.0
44 77 39.0
44 31 40.0
44 94 41.0
44 147 42.0
45 138 20.0
45 136 21.0
45 105 22.0
45 104 23.0
45 102 24.0
45 114 25.0
45 113 26.0
45 112 27.0
45 111 28.0
45 110 29.0
45 109 30.0
45 2 31.0
45 11 32.0
45 56 33.0
45 58 34.0
45 60 35.0
45 141 36.0
46 144 29.0
46 68 30.0
46 67 31.0
46 66 32.0
46 65 33.0
46 49 34.0
46 50 35.0
46 64 36.0
46 51 37.0
46 101 38.0
46 151 39.0
47 152 38.0
47 100 39.0
47 52 40.0
47 45 41.0
47 44 42.0
47 46 43.0
47 47 44.0
47 53 45.0
47 40 46.0
47 34 47.0
47 35 48.0
47 81 49.0
47 82 50.0
47 83 51.0
47 84 52.0
47 85 53.0
47 86 54.0
47 139 55.0
48 146 25.0
48 107 26.0
48 18 27.0
48 8 28.0
48 9 29.0
48 10 30.0
48 21 31.0
48 22 32.0
48 23 33.0
48 24 34.0
48 25 35.0
48 33 36.0
48 69 37.0
48 71 38.0
48 73 39.0
48 75 40.0
48 77 41.0
48 31 42.0
48 94 43.0
48 147 44.0
49 146 29.0
49 107 30.0
49 18 31.0
49 17 32.0
49 16 33.0
49 15 34.0
49 14 35.0
49 13 36.0
49 12 37.0
49 11 38.0
49 56 39.0
49 58 40.0
49 60 41.0
49 141 42.0
50 138 22.0
50 136 23.0
50 105 24.0
50 104 25.0
50 102 26.0
50 114 27.0
50 113 28.0
50 112 29.0
50 111 30.0
50 110 31.0
50 109 32.0
50 2 33.0
50 11 34.0
50 56 35.0
50 58 36.0
50 60 37.0
50 141 38.0
51 138 27.0
51 136 28.0
51 105 29.0
51 104 30.0
51 134 31.0
51 133 32.0
51 132 33.0
51 131 34.0
51 130 35.0
51 129 36.0
51 128 37.0
51 9 38.0
51 19 39.0
51 108 40.0
51 145 41.0
52 138 24.0
52 136 25.0
52 105 26.0
52 104 27.0
52 102 28.0
52 114 29.0
52 113 30.0
52 112 31.0
52 111 32.0
52 110 33.0
52 109 34.0
52 2 35.0
52 11 36.0
52 56 37.0
52 58 38.0
52 60 39.0
52 141 40.0
53 154 39.0
53 98 40.0
53 50 41.0
53 47 42.0
53 53 43.0
53 40 44.0
53 34 45.0
53 96 46.0
53 149 47.0
54 152 20.0
54 100 21.0
54 52 22.0
54 45 23.0
54 37 24.0
54 36 25.0
54 31 26.0
54 94 27.0
54 147 28.0
55 138 29.0
55 136 30.0
55 105 31.0
55 104 32.0
55 134 33.0
55 133 34.0
55 132 35.0
55 131 36.0
55 130 37.0
55 129 38.0
55 128 39.0
55 9 40.0
55 19 41.0
55 108 42.0
55 145 43.0
56 146 21.0
56 107 22.0
56 18 23.0
56 17 24.0
56 16 25.0
56 15 26.0
56 14 27.0
56 13 28.0
56 12 29.0
56 11 30.0
56 56 31.0
56 58 32.0
56 60 33.0
56 141 34.0
57 140 27.0
57 93 28.0
57 92 29.0
57 91 30.0
57 90 31.0
57 89 32.0
57 88 33.0
57 87 34.0
57 41 35.0
57 40 36.0
57 80 37.0
57 38 38.0
57 43 39.0
57 44 40.0
57 51 41.0
57 101 42.0
57 151 43.0
58 142 24.1
58 59 24.0
58 57 25.0
58 55 26.0
58 106 27.0
58 1 28.0
58 121 29.0
58 122 30.0
58 123 31.0
58 124 32.0
58 125 33.0
58 126 34.0
58 127 35.0
58 103 36.0
58 135 37.0
58 137 38.0
59 140 29.0
59 93 30.0
59 92 31.0
59 91 32.0
59 90 33.0
59 89 34.0
59 88 35.0
59 87 36.0
59 41 37.0
59 40 38.0
59 34 39.0
59 96 40.0
59 149 41.0
60 150 30.0
60 97 31.0
60 35 32.0
60 81 33.0
60 82 34.0
60 83 35.0
60 84 36.0
60 85 37.0
60 86 38.0
60 139 39.0
61 144 41.0
61 68 42.0
61 67 43.0
61 66 44.0
61 65 45.0
61 49 46.0
61 50 47.0
61 47 48.0
61 53 49.0
61 40 50.0
61 34 51.0
61 35 52.0
61 81 53.0
61 82 54.0
61 83 55.0
61 84 56.0
61 85 57.0
61 86 58.0
61 139 59.0
62 154 49.0
62 98 50.0
62 50 51.0
62 47 52.0
62 53 53.0
62 40 54.0
62 34 55.0
62 35 56.0
62 81 57.0
62 82 58.0
62 83 59.0
62 84 60.0
62 85 61.0
62 86 62.0
62 139 63.0
63 152 36.0
63 100 37.0
63 52 38.0
63 45 39.0
63 37 40.0
63 36 41.0
63 78 42.0
63 76 43.0
63 74 44.0
63 72 45.0
63 70 46.0
63 39 47.0
63 30 48.0
63 29 49.0
63 28 50.0
63 27 51.0
63 26 52.0
63 20 53.0
63 19 54.0
63 108 55.0
63 145 56.0
64 140 35.0
64 93 36.0
64 92 37.0
64 91 38.0
64 90 39.0
64 89 40.0
64 88 41.0
64 87 42.0
64 41 43.0
64 42 44.0
64 48 45.0
64 61 46.0
64 62 47.0
64 63 48.0
64 54 49.0
64 143 50.0
65 140 47.0
65 93 48.0
65 92 49.0
65 91 50.0
65 90 51.0
65 89 52.0
65 88 53.0
65 87 54.0
65 41 55.0
65 40 56.0
65 34 57.0
65 96 58.0
65 149 59.0
66 138 31.0
66 136 32.0
66 105 33.0
66 104 34.0
66 102 35.0
66 114 36.0
66 113 37.0
66 112 38.0
66 111 39.0
66 110 40.0
66 109 41.0
66 2 42.0
66 11 43.0
66 56 44.0
66 58 45.0
66 60 46.0
66 141 47.0
67 146 32.0
67 107 33.0
67 18 34.0
67 8 35.0
67 9 36.0
67 10 37.0
67 21 38.0
67 22 39.0
67 23 40.0
67 24 41.0
67 25 42.0
67 33 43.0
67 69 44.0
67 71 45.0
67 73 46.0
67 75 47.0
67 77 48.0
67 31 49.0
67 94 50.0
67 147 51.0
68 148 45.0
68 95 46.0
68 32 47.0
68 38 48.0
68 43 49.0
68 44 50.0
68 51 51.0
68 101 52.0
68 151 53.0
69 144 37.0
69 68 38.0
69 67 39.0
69 66 40.0
69 65 41.0
69 49 42.0
69 50 43.0
69 64 44.0
69 51 45.0
69 101 46.0
69 151 47.0
72 142 30.0
72 59 31.0
72 57 32.0
72 55 33.0
72 106 34.0
72 1 35.0
72 121 36.0
72 122 37.0
72 123 38.0
72 124 39.0
72 125 40.0
72 126 41.0
72 127 42.0
72 103 43.0
72 135 44.0
72 137 45.0
73 140 49.0
73 93 50.0
73 92 51.0
73 91 52.0
73 90 53.0
73 89 54.0
73 88 55.0
73 87 56.0
73 41 57.0
73 40 58.0
73 80 59.0
73 38 60.0
73 43 61.0
73 44 62.0
73 51 63.0
73 101 64.0
73 151 65.0
74 142 39.0
74 59 40.0
74 57 41.0
74 55 42.0
74 106 43.0
74 1 44.0
74 121 45.0
74 122 46.0
74 123 47.0
74 124 48.0
74 125 49.0
74 126 50.0
74 127 51.0
74 103 52.0
74 135 53.0
74 137 54.0
75 152 34.0
75 100 35.0
75 52 36.0
75 45 37.0
75 37 38.0
75 36 39.0
75 78 40.0
75 76 41.0
75 74 42.0
75 72 43.0
75 70 44.0
75 39 45.0
75 30 46.0
75 29 47.0
75 28 48.0
75 27 49.0
75 26 50.0
75 20 51.0
75 19 52.0
75 108 53.0
75 145 54.0
76 138 33.0
76 136 34.0
76 105 35.0
76 104 36.0
76 134 37.0
76 133 38.0
76 132 39.0
76 131 40.0
76 130 41.0
76 129 42.0
76 128 43.0
76 9 44.0
76 19 45.0
76 108 46.0
76 145 47.0
77 150 44.0
77 97 45.0
77 35 46.0
77 41 47.0
77 42 48.0
77 48 49.0
77 61 50.0
77 62 51.0
77 63 52.0
77 54 53.0
77 143 54.0
78 154 47.0
78 98 48.0
78 50 49.0
78 47 50.0
78 53 51.0
78 40 52.0
78 80 53.0
78 38 54.0
78 36 55.0
78 78 56.0
78 76 57.0
78 74 58.0
78 72 59.0
78 70 60.0
78 39 61.0
78 30 62.0
78 29 63.0
78 28 64.0
78 27 65.0
78 26 66.0
78 20 67.0
78 19 68.0
78 108 69.0
78 145 70.0
79 148 49.0
79 95 50.0
79 32 51.0
79 38 52.0
79 43 53.0
79 44 54.0
79 51 55.0
79 101 56.0
79 151 57.0
80 142 43.0
80 59 44.0
80 57 45.0
80 55 46.0
80 106 47.0
80 1 48.0
80 121 49.0
80 122 50.0
80 123 51.0
80 124 52.0
80 125 53.0
80 126 54.0
80 127 55.0
80 103 56.0
80 135 57.0
80 137 58.0
81 150 40.0
81 97 41.0
81 35 42.0
81 81 43.0
81 82 44.0
81 83 45.0
81 84 46.0
81 85 47.0
81 86 48.0
81 139 49.0
83 152 40.0
83 100 41.0
83 52 42.0
83 45 43.0
83 37 44.0
83 36 45.0
83 78 46.0
83 76 47.0
83 74 48.0
83 72 49.0
83 70 50.0
83 39 51.0
83 30 52.0
83 29 53.0
83 28 54.0
83 27 55.0
83 26 56.0
83 20 57.0
83 19 58.0
83 108 59.0
83 145 60.0
84 140 41.0
84 93 42.0
84 92 43.0
84 91 44.0
84 90 45.0
84 89 46.0
84 88 47.0
84 87 48.0
84 41 49.0
84 42 50.0
84 48 51.0
84 49 52.0
84 99 53.0
84 153 54.0
86 142 41.0
86 59 42.0
86 57 43.0
86 55 44.0
86 106 45.0
86 1 46.0
86 121 47.0
86 122 48.0
86 123 49.0
86 124 50.0
86 125 51.0
86 126 52.0
86 127 53.0
86 103 54.0
86 135 55.0
86 137 56.0
87 140 43.0
87 93 44.0
87 92 45.0
87 91 46.0
87 90 47.0
87 89 48.0
87 88 49.0
87 87 50.0
87 41 51.0
87 42 52.0
87 48 53.0
87 49 54.0
87 99 55.0
87 153 56.0
89 148 47.0
89 95 48.0
89 32 49.0
89 38 50.0
89 43 51.0
89 44 52.0
89 46 53.0
89 47 54.0
89 48 55.0
89 49 56.0
89 99 57.0
89 153 58.0
91 138 40.0
91 136 41.0
91 105 42.0
91 104 43.0
91 102 44.0
91 114 45.0
91 113 46.0
91 112 47.0
91 111 48.0
91 110 49.0
91 109 50.0
91 2 51.0
91 11 52.0
91 56 53.0
91 58 54.0
91 60 55.0
91 141 56.0
92 146 45.0
92 107 46.0
92 18 47.0
92 17 48.0
92 16 49.0
92 15 50.0
92 14 51.0
92 13 52.0
92 12 53.0
92 11 54.0
92 56 55.0
92 58 56.0
92 60 57.0
92 141 58.0
93 142 45.0
93 59 46.0
93 57 47.0
93 55 48.0
93 106 49.0
93 1 50.0
93 121 51.0
93 122 52.0
93 123 53.0
93 124 54.0
93 125 55.0
93 126 56.0
93 127 57.0
93 103 58.0
93 135 59.0
93 137 60.0
94 150 42.0
94 97 43.0
94 35 44.0
94 81 45.0
94 82 46.0
94 83 47.0
94 84 48.0
94 85 49.0
94 86 50.0
94 139 51.0
95 142 49.0
95 59 50.0
95 57 51.0
95 55 52.0
95 106 53.0
95 1 54.0
95 121 55.0
95 122 56.0
95 123 57.0
95 124 58.0
95 125 59.0
95 126 60.0
95 127 61.0
95 103 62.0
95 135 63.0
95 137 64.0
96 138 49.0
96 136 50.0
96 105 51.0
96 104 52.0
96 134 53.0
96 133 54.0
96 132 55.0
96 131 56.0
96 130 57.0
96 129 58.0
96 128 59.0
96 9 60.0
96 19 61.0
96 108 62.0
96 145 63.0
97 146 47.0
97 107 48.0
97 18 49.0
97 8 50.0
97 9 51.0
97 10 52.0
97 21 53.0
97 22 54.0
97 23 55.0
97 24 56.0
97 25 57.0
97 33 58.0
97 69 59.0
97 71 60.0
97 73 61.0
97 75 62.0
97 77 63.0
97 31 64.0
97 94 65.0
97 147 66.0
98 146 49.0
98 107 50.0
98 18 51.0
98 8 52.0
98 117 53.0
98 118 54.0
98 119 55.0
98 120 56.0
98 116 57.0
98 115 58.0
98 102 59.0
98 103 60.0
98 135 61.0
98 137 62.0
;
param t_hat_lat:=
6 152 19.0
6 100 20.0
6 52 21.0
6 45 22.0
6 44 23.0
6 46 24.0
6 47 25.0
6 48 26.0
6 61 27.0
6 62 28.0
6 63 29.0
6 54 30.0
6 143 31.0
19 144 10.0
19 68 11.0
19 67 12.0
19 66 13.0
19 65 14.0
19 49 15.0
19 50 16.0
19 47 17.0
19 53 18.0
19 40 19.0
19 34 20.0
19 35 21.0
19 81 22.0
19 82 23.0
19 83 24.0
19 84 25.0
19 85 26.0
19 86 27.0
19 139 28.0
20 140 18.0
20 93 19.0
20 92 20.0
20 91 21.0
20 90 22.0
20 89 23.0
20 88 24.0
20 87 25.0
20 41 26.0
20 42 27.0
20 48 28.0
20 49 29.0
20 99 30.0
20 153 31.0
21 144 20.0
21 68 21.0
21 67 22.0
21 66 23.0
21 65 24.0
21 49 25.0
21 50 26.0
21 47 27.0
21 53 28.0
21 40 29.0
21 80 30.0
21 38 31.0
21 36 32.0
21 31 33.0
21 94 34.0
21 147 35.0
22 152 15.0
22 100 16.0
22 52 17.0
22 45 18.0
22 37 19.0
22 36 20.0
22 78 21.0
22 76 22.0
22 74 23.0
22 72 24.0
22 70 25.0
22 39 26.0
22 30 27.0
22 29 28.0
22 28 29.0
22 27 30.0
22 26 31.0
22 20 32.0
22 19 33.0
22 108 34.0
22 145 35.0
23 150 17.0
23 97 18.0
23 35 19.0
23 41 20.0
23 40 21.0
23 80 22.0
23 38 23.0
23 36 24.0
23 78 25.0
23 76 26.0
23 74 27.0
23 72 28.0
23 70 29.0
23 39 30.0
23 30 31.0
23 29 32.0
23 28 33.0
23 27 34.0
23 26 35.0
23 20 36.0
23 19 37.0
23 108 38.0
23 145 39.0
24 154 20.0
24 98 21.0
24 50 22.0
24 47 23.0
24 53 24.0
24 40 25.0
24 34 26.0
24 35 27.0
24 81 28.0
24 82 29.0
24 83 30.0
24 84 31.0
24 85 32.0
24 86 33.0
24 139 34.0
25 146 16.0
25 107 17.0
25 18 18.0
25 17 19.0
25 16 20.0
25 15 21.0
25 14 22.0
25 13 23.0
25 12 24.0
25 11 25.0
25 56 26.0
25 58 27.0
25 60 28.0
25 141 29.0
26 154 18.0
26 98 19.0
26 50 20.0
26 47 21.0
26 53 22.0
26 40 23.0
26 34 24.0
26 35 25.0
26 81 26.0
26 82 27.0
26 83 28.0
26 84 29.0
26 85 30.0
26 86 31.0
26 139 32.0
27 148 18.0
27 95 19.0
27 32 20.0
27 38 21.0
27 36 22.0
27 78 23.0
27 76 24.0
27 74 25.0
27 72 26.0
27 70 27.0
27 39 28.0
27 30 29.0
27 29 30.0
27 28 31.0
27 27 32.0
27 26 33.0
27 20 34.0
27 19 35.0
27 108 36.0
27 145 37.0
28 154 26.0
28 98 27.0
28 50 28.0
28 47 29.0
28 53 30.0
28 40 31.0
28 34 32.0
28 96 33.0
28 149 34.0
29 146 14.0
29 107 15.0
29 18 16.0
29 8 17.0
29 9 18.0
29 10 19.0
29 21 20.0
29 22 21.0
29 23 22.0
29 24 23.0
29 25 24.0
29 33 25.0
29 69 26.0
29 71 27.0
29 73 28.0
29 75 29.0
29 77 30.0
29 31 31.0
29 32 32.0
29 38 33.0
29 43 34.0
29 44 35.0
29 51 36.0
29 101 37.0
29 151 38.0
30 142 11.0
30 59 12.0
30 57 13.0
30 55 14.0
30 106 15.0
30 1 16.0
30 121 17.0
30 122 18.0
30 123 19.0
30 124 20.0
30 125 21.0
30 126 22.0
30 127 23.0
30 103 24.0
30 135 25.0
30 137 26.0
31 150 37.0
31 97 38.0
31 35 39.0
31 41 40.0
31 40 41.0
31 80 42.0
31 38 43.0
31 36 44.0
31 78 45.0
31 76 46.0
31 74 47.0
31 72 48.0
31 70 49.0
31 39 50.0
31 30 51.0
31 29 52.0
31 28 53.0
31 27 54.0
31 26 55.0
31 20 56.0
31 19 57.0
31 108 58.0
31 145 59.0
32 150 29.0
32 97 30.0
32 35 31.0
32 41 32.0
32 40 33.0
32 80 34.0
32 38 35.0
32 36 36.0
32 78 37.0
32 76 38.0
32 74 39.0
32 72 40.0
32 70 41.0
32 39 42.0
32 30 43.0
32 29 44.0
32 28 45.0
32 27 46.0
32 26 47.0
32 20 48.0
32 19 49.0
32 108 50.0
32 145 51.0
34 138 15.0
34 136 16.0
34 105 17.0
34 104 18.0
34 102 19.0
34 114 20.0
34 113 21.0
34 112 22.0
34 111 23.0
34 110 24.0
34 109 25.0
34 2 26.0
34 11 27.0
34 56 28.0
34 58 29.0
34 60 30.0
34 141 31.0
35 142 20.0
35 59 21.0
35 57 22.0
35 55 23.0
35 106 24.0
35 1 25.0
35 121 26.0
35 122 27.0
35 123 28.0
35 124 29.0
35 125 30.0
35 126 31.0
35 127 32.0
35 103 33.0
35 135 34.0
35 137 35.0
36 146 20.0
36 107 21.0
36 18 22.0
36 17 23.0
36 16 24.0
36 15 25.0
36 14 26.0
36 13 27.0
36 12 28.0
36 11 29.0
36 56 30.0
36 58 31.0
36 60 32.0
36 141 33.0
38 152 29.0
38 100 30.0
38 52 31.0
38 45 32.0
38 44 33.0
38 46 34.0
38 47 35.0
38 48 36.0
38 49 37.0
38 99 38.0
38 153 39.0
39 154 30.0
39 98 31.0
39 50 32.0
39 47 33.0
39 53 34.0
39 40 35.0
39 80 36.0
39 38 37.0
39 36 38.0
39 78 39.0
39 76 40.0
39 74 41.0
39 72 42.0
39 70 43.0
39 39 44.0
39 30 45.0
39 29 46.0
39 28 47.0
39 27 48.0
39 26 49.0
39 20 50.0
39 19 51.0
39 108 52.0
39 145 53.0
40 148 24.0
40 95 25.0
40 32 26.0
40 38 27.0
40 43 28.0
40 44 29.0
40 46 30.0
40 47 31.0
40 48 32.0
40 61 33.0
40 62 34.0
40 63 35.0
40 54 36.0
40 143 37.0
41 142 22.0
41 59 23.0
41 57 24.0
41 55 25.0
41 106 26.0
41 1 27.0
41 121 28.0
41 122 29.0
41 123 30.0
41 124 31.0
41 125 32.0
41 126 33.0
41 127 34.0
41 103 35.0
41 135 36.0
41 137 37.0
42 144 40.0
42 68 41.0
42 67 42.0
42 66 43.0
42 65 44.0
42 49 45.0
42 50 46.0
42 47 47.0
42 53 48.0
42 40 49.0
42 34 50.0
42 35 51.0
42 81 52.0
42 82 53.0
42 83 54.0
42 84 55.0
42 85 56.0
42 86 57.0
42 139 58.0
43 150 39.0
43 97 40.0
43 35 41.0
43 41 42.0
43 40 43.0
43 80 44.0
43 38 45.0
43 43 46.0
43 44 47.0
43 51 48.0
43 101 49.0
43 151 50.0
44 146 24.0
44 107 25.0
44 18 26.0
44 8 27.0
44 9 28.0
44 10 29.0
44 21 30.0
44 22 31.0
44 23 32.0
44 24 33.0
44 25 34.0
44 33 35.0
44 69 36.0
44 71 37.0
44 73 38.0
44 75 39.0
44 77 40.0
44 31 41.0
44 94 42.0
44 147 43.0
45 138 21.0
45 136 22.0
45 105 23.0
45 104 24.0
45 102 25.0
45 114 26.0
45 113 27.0
45 112 28.0
45 111 29.0
45 110 30.0
45 109 31.0
45 2 32.0
45 11 33.0
45 56 34.0
45 58 35.0
45 60 36.0
45 141 37.0
46 144 30.0
46 68 31.0
46 67 32.0
46 66 33.0
46 65 34.0
46 49 35.0
46 50 36.0
46 64 37.0
46 51 38.0
46 101 39.0
46 151 40.0
47 152 39.0
47 100 40.0
47 52 41.0
47 45 42.0
47 44 43.0
47 46 44.0
47 47 45.0
47 53 46.0
47 40 47.0
47 34 48.0
47 35 49.0
47 81 50.0
47 82 51.0
47 83 52.0
47 84 53.0
47 85 54.0
47 86 55.0
47 139 56.0
48 146 26.0
48 107 27.0
48 18 28.0
48 8 29.0
48 9 30.0
48 10 31.0
48 21 32.0
48 22 33.0
48 23 34.0
48 24 35.0
48 25 36.0
48 33 37.0
48 69 38.0
48 71 39.0
48 73 40.0
48 75 41.0
48 77 42.0
48 31 43.0
48 94 44.0
48 147 45.0
49 146 30.0
49 107 31.0
49 18 32.0
49 17 33.0
49 16 34.0
49 15 35.0
49 14 36.0
49 13 37.0
49 12 38.0
49 11 39.0
49 56 40.0
49 58 41.0
49 60 42.0
49 141 43.0
50 138 23.0
50 136 24.0
50 105 25.0
50 104 26.0
50 102 27.0
50 114 28.0
50 113 29.0
50 112 30.0
50 111 31.0
50 110 32.0
50 109 33.0
50 2 34.0
50 11 35.0
50 56 36.0
50 58 37.0
50 60 38.0
50 141 39.0
51 138 28.0
51 136 29.0
51 105 30.0
51 104 31.0
51 134 32.0
51 133 33.0
51 132 34.0
51 131 35.0
51 130 36.0
51 129 37.0
51 128 38.0
51 9 39.0
51 19 40.0
51 108 41.0
51 145 42.0
52 138 25.0
52 136 26.0
52 105 27.0
52 104 28.0
52 102 29.0
52 114 30.0
52 113 31.0
52 112 32.0
52 111 33.0
52 110 34.0
52 109 35.0
52 2 36.0
52 11 37.0
52 56 38.0
52 58 39.0
52 60 40.0
52 141 41.0
53 154 40.0
53 98 41.0
53 50 42.0
53 47 43.0
53 53 44.0
53 40 45.0
53 34 46.0
53 96 47.0
53 149 48.0
54 152 21.0
54 100 22.0
54 52 23.0
54 45 24.0
54 37 25.0
54 36 26.0
54 31 27.0
54 94 28.0
54 147 29.0
55 138 30.0
55 136 31.0
55 105 32.0
55 104 33.0
55 134 34.0
55 133 35.0
55 132 36.0
55 131 37.0
55 130 38.0
55 129 39.0
55 128 40.0
55 9 41.0
55 19 42.0
55 108 43.0
55 145 44.0
56 146 22.0
56 107 23.0
56 18 24.0
56 17 25.0
56 16 26.0
56 15 27.0
56 14 28.0
56 13 29.0
56 12 30.0
56 11 31.0
56 56 32.0
56 58 33.0
56 60 34.0
56 141 35.0
57 140 28.0
57 93 29.0
57 92 30.0
57 91 31.0
57 90 32.0
57 89 33.0
57 88 34.0
57 87 35.0
57 41 36.0
57 40 37.0
57 80 38.0
57 38 39.0
57 43 40.0
57 44 41.0
57 51 42.0
57 101 43.0
57 151 44.0
58 142 25.1
58 59 25.0
58 57 26.0
58 55 27.0
58 106 28.0
58 1 29.0
58 121 30.0
58 122 31.0
58 123 32.0
58 124 33.0
58 125 34.0
58 126 35.0
58 127 36.0
58 103 37.0
58 135 38.0
58 137 39.0
59 140 30.0
59 93 31.0
59 92 32.0
59 91 33.0
59 90 34.0
59 89 35.0
59 88 36.0
59 87 37.0
59 41 38.0
59 40 39.0
59 34 40.0
59 96 41.0
59 149 42.0
60 150 31.0
60 97 32.0
60 35 33.0
60 81 34.0
60 82 35.0
60 83 36.0
60 84 37.0
60 85 38.0
60 86 39.0
60 139 40.0
61 144 42.0
61 68 43.0
61 67 44.0
61 66 45.0
61 65 46.0
61 49 47.0
61 50 48.0
61 47 49.0
61 53 50.0
61 40 51.0
61 34 52.0
61 35 53.0
61 81 54.0
61 82 55.0
61 83 56.0
61 84 57.0
61 85 58.0
61 86 59.0
61 139 60.0
62 154 50.0
62 98 51.0
62 50 52.0
62 47 53.0
62 53 54.0
62 40 55.0
62 34 56.0
62 35 57.0
62 81 58.0
62 82 59.0
62 83 60.0
62 84 61.0
62 85 62.0
62 86 63.0
62 139 64.0
63 152 37.0
63 100 38.0
63 52 39.0
63 45 40.0
63 37 41.0
63 36 42.0
63 78 43.0
63 76 44.0
63 74 45.0
63 72 46.0
63 70 47.0
63 39 48.0
63 30 49.0
63 29 50.0
63 28 51.0
63 27 52.0
63 26 53.0
63 20 54.0
63 19 55.0
63 108 56.0
63 145 57.0
64 140 36.0
64 93 37.0
64 92 38.0
64 91 39.0
64 90 40.0
64 89 41.0
64 88 42.0
64 87 43.0
64 41 44.0
64 42 45.0
64 48 46.0
64 61 47.0
64 62 48.0
64 63 49.0
64 54 50.0
64 143 51.0
65 140 48.0
65 93 49.0
65 92 50.0
65 91 51.0
65 90 52.0
65 89 53.0
65 88 54.0
65 87 55.0
65 41 56.0
65 40 57.0
65 34 58.0
65 96 59.0
65 149 60.0
66 138 32.0
66 136 33.0
66 105 34.0
66 104 35.0
66 102 36.0
66 114 37.0
66 113 38.0
66 112 39.0
66 111 40.0
66 110 41.0
66 109 42.0
66 2 43.0
66 11 44.0
66 56 45.0
66 58 46.0
66 60 47.0
66 141 48.0
67 146 33.0
67 107 34.0
67 18 35.0
67 8 36.0
67 9 37.0
67 10 38.0
67 21 39.0
67 22 40.0
67 23 41.0
67 24 42.0
67 25 43.0
67 33 44.0
67 69 45.0
67 71 46.0
67 73 47.0
67 75 48.0
67 77 49.0
67 31 50.0
67 94 51.0
67 147 52.0
68 148 46.0
68 95 47.0
68 32 48.0
68 38 49.0
68 43 50.0
68 44 51.0
68 51 52.0
68 101 53.0
68 151 54.0
69 144 38.0
69 68 39.0
69 67 40.0
69 66 41.0
69 65 42.0
69 49 43.0
69 50 44.0
69 64 45.0
69 51 46.0
69 101 47.0
69 151 48.0
72 142 31.0
72 59 32.0
72 57 33.0
72 55 34.0
72 106 35.0
72 1 36.0
72 121 37.0
72 122 38.0
72 123 39.0
72 124 40.0
72 125 41.0
72 126 42.0
72 127 43.0
72 103 44.0
72 135 45.0
72 137 46.0
73 140 50.0
73 93 51.0
73 92 52.0
73 91 53.0
73 90 54.0
73 89 55.0
73 88 56.0
73 87 57.0
73 41 58.0
73 40 59.0
73 80 60.0
73 38 61.0
73 43 62.0
73 44 63.0
73 51 64.0
73 101 65.0
73 151 66.0
74 142 40.0
74 59 41.0
74 57 42.0
74 55 43.0
74 106 44.0
74 1 45.0
74 121 46.0
74 122 47.0
74 123 48.0
74 124 49.0
74 125 50.0
74 126 51.0
74 127 52.0
74 103 53.0
74 135 54.0
74 137 55.0
75 152 35.0
75 100 36.0
75 52 37.0
75 45 38.0
75 37 39.0
75 36 40.0
75 78 41.0
75 76 42.0
75 74 43.0
75 72 44.0
75 70 45.0
75 39 46.0
75 30 47.0
75 29 48.0
75 28 49.0
75 27 50.0
75 26 51.0
75 20 52.0
75 19 53.0
75 108 54.0
75 145 55.0
76 138 34.0
76 136 35.0
76 105 36.0
76 104 37.0
76 134 38.0
76 133 39.0
76 132 40.0
76 131 41.0
76 130 42.0
76 129 43.0
76 128 44.0
76 9 45.0
76 19 46.0
76 108 47.0
76 145 48.0
77 150 45.0
77 97 46.0
77 35 47.0
77 41 48.0
77 42 49.0
77 48 50.0
77 61 51.0
77 62 52.0
77 63 53.0
77 54 54.0
77 143 55.0
78 154 48.0
78 98 49.0
78 50 50.0
78 47 51.0
78 53 52.0
78 40 53.0
78 80 54.0
78 38 55.0
78 36 56.0
78 78 57.0
78 76 58.0
78 74 59.0
78 72 60.0
78 70 61.0
78 39 62.0
78 30 63.0
78 29 64.0
78 28 65.0
78 27 66.0
78 26 67.0
78 20 68.0
78 19 69.0
78 108 70.0
78 145 71.0
79 148 50.0
79 95 51.0
79 32 52.0
79 38 53.0
79 43 54.0
79 44 55.0
79 51 56.0
79 101 57.0
79 151 58.0
80 142 44.0
80 59 45.0
80 57 46.0
80 55 47.0
80 106 48.0
80 1 49.0
80 121 50.0
80 122 51.0
80 123 52.0
80 124 53.0
80 125 54.0
80 126 55.0
80 127 56.0
80 103 57.0
80 135 58.0
80 137 59.0
81 150 41.0
81 97 42.0
81 35 43.0
81 81 44.0
81 82 45.0
81 83 46.0
81 84 47.0
81 85 48.0
81 86 49.0
81 139 50.0
83 152 41.0
83 100 42.0
83 52 43.0
83 45 44.0
83 37 45.0
83 36 46.0
83 78 47.0
83 76 48.0
83 74 49.0
83 72 50.0
83 70 51.0
83 39 52.0
83 30 53.0
83 29 54.0
83 28 55.0
83 27 56.0
83 26 57.0
83 20 58.0
83 19 59.0
83 108 60.0
83 145 61.0
84 140 42.0
84 93 43.0
84 92 44.0
84 91 45.0
84 90 46.0
84 89 47.0
84 88 48.0
84 87 49.0
84 41 50.0
84 42 51.0
84 48 52.0
84 49 53.0
84 99 54.0
84 153 55.0
86 142 42.0
86 59 43.0
86 57 44.0
86 55 45.0
86 106 46.0
86 1 47.0
86 121 48.0
86 122 49.0
86 123 50.0
86 124 51.0
86 125 52.0
86 126 53.0
86 127 54.0
86 103 55.0
86 135 56.0
86 137 57.0
87 140 44.0
87 93 45.0
87 92 46.0
87 91 47.0
87 90 48.0
87 89 49.0
87 88 50.0
87 87 51.0
87 41 52.0
87 42 53.0
87 48 54.0
87 49 55.0
87 99 56.0
87 153 57.0
89 148 48.0
89 95 49.0
89 32 50.0
89 38 51.0
89 43 52.0
89 44 53.0
89 46 54.0
89 47 55.0
89 48 56.0
89 49 57.0
89 99 58.0
89 153 59.0
91 138 41.0
91 136 42.0
91 105 43.0
91 104 44.0
91 102 45.0
91 114 46.0
91 113 47.0
91 112 48.0
91 111 49.0
91 110 50.0
91 109 51.0
91 2 52.0
91 11 53.0
91 56 54.0
91 58 55.0
91 60 56.0
91 141 57.0
92 146 46.0
92 107 47.0
92 18 48.0
92 17 49.0
92 16 50.0
92 15 51.0
92 14 52.0
92 13 53.0
92 12 54.0
92 11 55.0
92 56 56.0
92 58 57.0
92 60 58.0
92 141 59.0
93 142 46.0
93 59 47.0
93 57 48.0
93 55 49.0
93 106 50.0
93 1 51.0
93 121 52.0
93 122 53.0
93 123 54.0
93 124 55.0
93 125 56.0
93 126 57.0
93 127 58.0
93 103 59.0
93 135 60.0
93 137 61.0
94 150 43.0
94 97 44.0
94 35 45.0
94 81 46.0
94 82 47.0
94 83 48.0
94 84 49.0
94 85 50.0
94 86 51.0
94 139 52.0
95 142 50.0
95 59 51.0
95 57 52.0
95 55 53.0
95 106 54.0
95 1 55.0
95 121 56.0
95 122 57.0
95 123 58.0
95 124 59.0
95 125 60.0
95 126 61.0
95 127 62.0
95 103 63.0
95 135 64.0
95 137 65.0
96 138 50.0
96 136 51.0
96 105 52.0
96 104 53.0
96 134 54.0
96 133 55.0
96 132 56.0
96 131 57.0
96 130 58.0
96 129 59.0
96 128 60.0
96 9 61.0
96 19 62.0
96 108 63.0
96 145 64.0
97 146 48.0
97 107 49.0
97 18 50.0
97 8 51.0
97 9 52.0
97 10 53.0
97 21 54.0
97 22 55.0
97 23 56.0
97 24 57.0
97 25 58.0
97 33 59.0
97 69 60.0
97 71 61.0
97 73 62.0
97 75 63.0
97 77 64.0
97 31 65.0
97 94 66.0
97 147 67.0
98 146 50.0
98 107 51.0
98 18 52.0
98 8 53.0
98 117 54.0
98 118 55.0
98 119 56.0
98 120 57.0
98 116 58.0
98 115 59.0
98 102 60.0
98 103 61.0
98 135 62.0
98 137 63.0
;
set fixedFlights :=
6 45 44
6 44 46
6 46 47
6 47 48
6 52 45
6 54 143
6 48 61
6 61 62
6 62 63
6 63 54
6 152 100
6 100 52
19 34 35
19 49 50
19 50 47
19 47 53
19 53 40
19 40 34
19 66 65
19 67 66
19 68 67
19 144 68
19 65 49
19 35 81
19 81 82
19 82 83
19 83 84
19 84 85
19 85 86
19 86 139
20 41 42
20 42 48
20 48 49
20 99 153
20 49 99
20 93 92
20 92 91
20 91 90
20 90 89
20 89 88
20 88 87
20 87 41
20 140 93
21 36 31
21 37 36
21 45 37
21 49 50
21 51 52
21 52 45
21 66 65
21 67 66
21 68 67
21 144 68
21 64 51
21 65 49
21 50 64
21 94 147
21 31 94
22 20 19
22 26 20
22 27 26
22 28 27
22 29 28
22 30 29
22 37 36
22 45 37
22 52 45
22 36 78
22 78 76
22 76 74
22 74 72
22 72 70
22 70 39
22 39 30
22 152 100
22 100 52
22 108 145
22 19 108
23 20 19
23 26 20
23 27 26
23 28 27
23 29 28
23 30 29
23 41 40
23 35 41
23 40 80
23 80 38
23 38 36
23 36 78
23 78 76
23 76 74
23 74 72
23 72 70
23 70 39
23 39 30
23 150 97
23 97 35
23 108 145
23 19 108
24 34 35
24 50 47
24 47 53
24 53 40
24 40 34
24 154 98
24 98 50
24 35 81
24 81 82
24 82 83
24 83 84
24 84 85
24 85 86
24 86 139
25 12 11
25 13 12
25 14 13
25 15 14
25 16 15
25 17 16
25 18 17
25 56 58
25 58 60
25 60 141
25 146 107
25 11 56
25 107 18
26 34 35
26 50 47
26 47 53
26 53 40
26 40 34
26 154 98
26 98 50
26 35 81
26 81 82
26 82 83
26 83 84
26 84 85
26 85 86
26 86 139
27 20 19
27 26 20
27 27 26
27 28 27
27 29 28
27 30 29
27 32 38
27 38 36
27 36 78
27 78 76
27 76 74
27 74 72
27 72 70
27 70 39
27 39 30
27 148 95
27 95 32
27 108 145
27 19 108
28 50 47
28 47 53
28 53 40
28 40 34
28 154 98
28 96 149
28 34 96
28 98 50
29 9 10
29 8 9
29 10 21
29 21 22
29 22 23
29 23 24
29 24 25
29 32 38
29 38 43
29 43 44
29 31 32
29 44 51
29 25 33
29 33 69
29 69 71
29 71 73
29 73 75
29 75 77
29 77 31
29 101 151
29 51 101
29 146 107
29 107 18
29 18 8
30 57 55
30 59 57
30 142 59
30 55 106
30 106 1
30 1 121
30 121 122
30 122 123
30 123 124
30 124 125
30 125 126
30 126 127
30 127 103
30 103 135
30 135 137
31 20 19
31 26 20
31 27 26
31 28 27
31 29 28
31 30 29
31 41 40
31 35 41
31 40 80
31 80 38
31 38 36
31 36 78
31 78 76
31 76 74
31 74 72
31 72 70
31 70 39
31 39 30
31 150 97
31 97 35
31 108 145
31 19 108
32 20 19
32 26 20
32 27 26
32 28 27
32 29 28
32 30 29
32 41 40
32 35 41
32 40 80
32 80 38
32 38 36
32 36 78
32 78 76
32 76 74
32 74 72
32 72 70
32 70 39
32 39 30
32 150 97
32 97 35
32 108 145
32 19 108
34 56 58
34 58 60
34 60 141
34 11 56
34 2 11
34 109 2
34 110 109
34 104 102
34 102 114
34 105 104
34 114 113
34 113 112
34 112 111
34 111 110
34 138 136
34 136 105
35 57 55
35 59 57
35 142 59
35 55 106
35 106 1
35 1 121
35 121 122
35 122 123
35 123 124
35 124 125
35 125 126
35 126 127
35 127 103
35 103 135
35 135 137
36 12 11
36 13 12
36 14 13
36 15 14
36 16 15
36 17 16
36 18 17
36 56 58
36 58 60
36 60 141
36 146 107
36 11 56
36 107 18
38 45 44
38 44 46
38 46 47
38 47 48
38 52 45
38 48 49
38 152 100
38 99 153
38 100 52
38 49 99
39 20 19
39 26 20
39 27 26
39 28 27
39 29 28
39 30 29
39 50 47
39 47 53
39 53 40
39 40 80
39 80 38
39 38 36
39 36 78
39 78 76
39 76 74
39 74 72
39 72 70
39 70 39
39 39 30
39 154 98
39 98 50
39 108 145
39 19 108
40 34 35
40 35 41
40 41 42
40 42 48
40 54 143
40 48 61
40 61 62
40 62 63
40 63 54
40 32 79
40 79 34
40 148 95
40 95 32
41 57 55
41 59 57
41 142 59
41 55 106
41 106 1
41 1 121
41 121 122
41 122 123
41 123 124
41 124 125
41 125 126
41 126 127
41 127 103
41 103 135
41 135 137
42 34 35
42 49 50
42 50 47
42 47 53
42 53 40
42 40 34
42 66 65
42 67 66
42 68 67
42 144 68
42 65 49
42 35 81
42 81 82
42 82 83
42 83 84
42 84 85
42 85 86
42 86 139
43 35 41
43 41 42
43 42 48
43 49 50
43 48 49
43 64 51
43 50 64
43 101 151
43 150 97
43 97 35
43 51 101
44 9 10
44 8 9
44 10 21
44 21 22
44 22 23
44 23 24
44 24 25
44 25 33
44 33 69
44 69 71
44 71 73
44 73 75
44 75 77
44 77 31
44 94 147
44 31 94
44 146 107
44 107 18
44 18 8
45 56 58
45 58 60
45 60 141
45 11 56
45 2 11
45 109 2
45 110 109
45 104 102
45 102 114
45 105 104
45 114 113
45 113 112
45 112 111
45 111 110
45 138 136
45 136 105
46 49 50
46 66 65
46 67 66
46 68 67
46 144 68
46 64 51
46 65 49
46 50 64
46 101 151
46 51 101
47 34 35
47 45 44
47 44 46
47 46 47
47 52 45
47 47 53
47 53 40
47 40 34
47 152 100
47 100 52
47 35 81
47 81 82
47 82 83
47 83 84
47 84 85
47 85 86
47 86 139
48 9 10
48 8 9
48 10 21
48 21 22
48 22 23
48 23 24
48 24 25
48 25 33
48 33 69
48 69 71
48 71 73
48 73 75
48 75 77
48 77 31
48 94 147
48 31 94
48 146 107
48 107 18
48 18 8
49 12 11
49 13 12
49 14 13
49 15 14
49 16 15
49 17 16
49 18 17
49 56 58
49 58 60
49 60 141
49 146 107
49 11 56
49 107 18
50 56 58
50 58 60
50 60 141
50 11 56
50 2 11
50 109 2
50 110 109
50 104 102
50 102 114
50 105 104
50 114 113
50 113 112
50 112 111
50 111 110
50 138 136
50 136 105
51 108 145
51 9 19
51 19 108
51 105 104
51 104 134
51 134 133
51 133 132
51 132 131
51 131 130
51 130 129
51 129 128
51 128 9
51 138 136
51 136 105
52 56 58
52 58 60
52 60 141
52 11 56
52 2 11
52 109 2
52 110 109
52 104 102
52 102 114
52 105 104
52 114 113
52 113 112
52 112 111
52 111 110
52 138 136
52 136 105
53 50 47
53 47 53
53 53 40
53 40 34
53 154 98
53 96 149
53 34 96
53 98 50
54 36 31
54 37 36
54 45 37
54 52 45
54 94 147
54 152 100
54 31 94
54 100 52
55 108 145
55 9 19
55 19 108
55 105 104
55 104 134
55 134 133
55 133 132
55 132 131
55 131 130
55 130 129
55 129 128
55 128 9
55 138 136
55 136 105
56 12 11
56 13 12
56 14 13
56 15 14
56 16 15
56 17 16
56 18 17
56 56 58
56 58 60
56 60 141
56 146 107
56 11 56
56 107 18
57 41 42
57 42 48
57 49 50
57 48 49
57 64 51
57 50 64
57 101 151
57 51 101
57 93 92
57 92 91
57 91 90
57 90 89
57 89 88
57 88 87
57 87 41
57 140 93
59 41 40
59 40 34
59 96 149
59 34 96
59 93 92
59 92 91
59 91 90
59 90 89
59 89 88
59 88 87
59 87 41
59 140 93
60 150 97
60 97 35
60 35 81
60 81 82
60 82 83
60 83 84
60 84 85
60 85 86
60 86 139
61 34 35
61 49 50
61 50 47
61 47 53
61 53 40
61 40 34
61 66 65
61 67 66
61 68 67
61 144 68
61 65 49
61 35 81
61 81 82
61 82 83
61 83 84
61 84 85
61 85 86
61 86 139
62 34 35
62 50 47
62 47 53
62 53 40
62 40 34
62 154 98
62 98 50
62 35 81
62 81 82
62 82 83
62 83 84
62 84 85
62 85 86
62 86 139
63 20 19
63 26 20
63 27 26
63 28 27
63 29 28
63 30 29
63 37 36
63 45 37
63 52 45
63 36 78
63 78 76
63 76 74
63 74 72
63 72 70
63 70 39
63 39 30
63 152 100
63 100 52
63 108 145
63 19 108
64 41 42
64 42 48
64 54 143
64 48 61
64 61 62
64 62 63
64 63 54
64 93 92
64 92 91
64 91 90
64 90 89
64 89 88
64 88 87
64 87 41
64 140 93
65 41 40
65 40 34
65 96 149
65 34 96
65 93 92
65 92 91
65 91 90
65 90 89
65 89 88
65 88 87
65 87 41
65 140 93
66 56 58
66 58 60
66 60 141
66 11 56
66 2 11
66 109 2
66 110 109
66 104 102
66 102 114
66 105 104
66 114 113
66 113 112
66 112 111
66 111 110
66 138 136
66 136 105
67 9 10
67 8 9
67 10 21
67 21 22
67 22 23
67 23 24
67 24 25
67 25 33
67 33 69
67 69 71
67 71 73
67 73 75
67 75 77
67 77 31
67 94 147
67 31 94
67 146 107
67 107 18
67 18 8
68 32 38
68 38 43
68 43 44
68 44 51
68 148 95
68 101 151
68 95 32
68 51 101
69 49 50
69 66 65
69 67 66
69 68 67
69 144 68
69 64 51
69 65 49
69 50 64
69 101 151
69 51 101
72 57 55
72 59 57
72 142 59
72 55 106
72 106 1
72 1 121
72 121 122
72 122 123
72 123 124
72 124 125
72 125 126
72 126 127
72 127 103
72 103 135
72 135 137
73 41 42
73 42 48
73 49 50
73 48 49
73 64 51
73 50 64
73 101 151
73 51 101
73 93 92
73 92 91
73 91 90
73 90 89
73 89 88
73 88 87
73 87 41
73 140 93
74 57 55
74 59 57
74 142 59
74 55 106
74 106 1
74 1 121
74 121 122
74 122 123
74 123 124
74 124 125
74 125 126
74 126 127
74 127 103
74 103 135
74 135 137
75 20 19
75 26 20
75 27 26
75 28 27
75 29 28
75 30 29
75 37 36
75 45 37
75 52 45
75 36 78
75 78 76
75 76 74
75 74 72
75 72 70
75 70 39
75 39 30
75 152 100
75 100 52
75 108 145
75 19 108
76 108 145
76 9 19
76 19 108
76 105 104
76 104 134
76 134 133
76 133 132
76 132 131
76 131 130
76 130 129
76 129 128
76 128 9
76 138 136
76 136 105
77 35 41
77 41 42
77 42 48
77 54 143
77 48 61
77 61 62
77 62 63
77 63 54
77 150 97
77 97 35
78 20 19
78 26 20
78 27 26
78 28 27
78 29 28
78 30 29
78 50 47
78 47 53
78 53 40
78 40 80
78 80 38
78 38 36
78 36 78
78 78 76
78 76 74
78 74 72
78 72 70
78 70 39
78 39 30
78 154 98
78 98 50
78 108 145
78 19 108
79 32 38
79 38 43
79 43 44
79 44 51
79 148 95
79 101 151
79 95 32
79 51 101
80 57 55
80 59 57
80 142 59
80 55 106
80 106 1
80 1 121
80 121 122
80 122 123
80 123 124
80 124 125
80 125 126
80 126 127
80 127 103
80 103 135
80 135 137
81 150 97
81 97 35
81 35 81
81 81 82
81 82 83
81 83 84
81 84 85
81 85 86
81 86 139
83 20 19
83 26 20
83 27 26
83 28 27
83 29 28
83 30 29
83 37 36
83 45 37
83 52 45
83 36 78
83 78 76
83 76 74
83 74 72
83 72 70
83 70 39
83 39 30
83 152 100
83 100 52
83 108 145
83 19 108
84 41 42
84 42 48
84 48 49
84 99 153
84 49 99
84 93 92
84 92 91
84 91 90
84 90 89
84 89 88
84 88 87
84 87 41
84 140 93
86 57 55
86 59 57
86 142 59
86 55 106
86 106 1
86 1 121
86 121 122
86 122 123
86 123 124
86 124 125
86 125 126
86 126 127
86 127 103
86 103 135
86 135 137
87 41 42
87 42 48
87 48 49
87 99 153
87 49 99
87 93 92
87 92 91
87 91 90
87 90 89
87 89 88
87 88 87
87 87 41
87 140 93
89 32 38
89 38 43
89 43 44
89 44 46
89 46 47
89 47 48
89 48 49
89 148 95
89 99 153
89 95 32
89 49 99
91 56 58
91 58 60
91 60 141
91 11 56
91 2 11
91 109 2
91 110 109
91 104 102
91 102 114
91 105 104
91 114 113
91 113 112
91 112 111
91 111 110
91 138 136
91 136 105
92 12 11
92 13 12
92 14 13
92 15 14
92 16 15
92 17 16
92 18 17
92 56 58
92 58 60
92 60 141
92 146 107
92 11 56
92 107 18
93 57 55
93 59 57
93 142 59
93 55 106
93 106 1
93 1 121
93 121 122
93 122 123
93 123 124
93 124 125
93 125 126
93 126 127
93 127 103
93 103 135
93 135 137
94 150 97
94 97 35
94 35 81
94 81 82
94 82 83
94 83 84
94 84 85
94 85 86
94 86 139
95 57 55
95 59 57
95 142 59
95 55 106
95 106 1
95 1 121
95 121 122
95 122 123
95 123 124
95 124 125
95 125 126
95 126 127
95 127 103
95 103 135
95 135 137
96 108 145
96 9 19
96 19 108
96 105 104
96 104 134
96 134 133
96 133 132
96 132 131
96 131 130
96 130 129
96 129 128
96 128 9
96 138 136
96 136 105
97 9 10
97 8 9
97 10 21
97 21 22
97 22 23
97 23 24
97 24 25
97 25 33
97 33 69
97 69 71
97 71 73
97 73 75
97 75 77
97 77 31
97 94 147
97 31 94
97 146 107
97 107 18
97 18 8
98 146 107
98 107 18
98 18 8
98 115 102
98 102 103
98 116 115
98 8 117
98 117 118
98 118 119
98 119 120
98 120 116
98 103 135
98 135 137
;
;
set inFlight:=
6
19
20
21
22
23
24
25
26
27
29
30
34
35
36
40
41
44
45
50
52
54
56
;
param tini := 24.1;
