param nn:= 155;
set F:=
21
23
40
42
46
47
48
49
52
53
55
56
57
60
61
62
63
64
65
66
67
68
69
70
72
73
74
75
76
77
78
79
81
82
83
84
85
87
88
90
92
93
94
95
96
98
99
;
param: E: d:=
2 3 2.500000
3 4 2.500000
4 5 2.500000
5 6 2.500000
6 7 2.500000
7 0 2.500000
0 8 2.500000
9 10 2.500000
8 9 2.500000
12 11 2.500000
13 12 2.500000
14 13 2.500000
15 14 2.500000
16 15 2.500000
17 16 2.500000
18 17 2.500000
19 18 2.500000
20 19 2.500000
10 21 2.500000
21 22 2.500000
22 23 2.500000
23 24 2.500000
24 25 2.500000
26 20 2.500000
27 26 2.500000
28 27 2.500000
29 28 2.500000
30 29 2.500000
34 35 2.500000
36 31 2.500000
37 36 2.500000
41 40 2.500000
35 41 2.500000
41 42 2.500000
32 38 2.500000
38 43 2.500000
43 44 2.500000
45 37 2.500000
31 32 2.500000
45 44 2.500000
44 46 2.500000
46 47 2.500000
47 48 2.500000
42 48 2.500000
49 50 2.500000
51 52 2.500000
52 45 2.500000
44 51 2.500000
48 49 2.500000
50 47 2.500000
47 53 2.500000
53 40 2.500000
40 34 2.500000
54 143 1.500000
57 55 2.500000
56 58 2.500000
59 57 2.500000
58 60 2.500000
60 141 1.500000
142 59 1.500000
48 61 2.500000
61 62 2.500000
62 63 2.500000
66 65 2.500000
67 66 2.500000
68 67 2.500000
144 68 1.500000
2 1 2.500000
64 51 2.500000
63 54 2.500000
65 49 2.500000
50 64 2.500000
25 33 2.500000
33 69 2.500000
69 71 2.500000
71 73 2.500000
73 75 2.500000
75 77 2.500000
77 31 2.500000
40 80 2.500000
80 38 2.500000
38 36 2.500000
36 78 2.500000
78 76 2.500000
76 74 2.500000
74 72 2.500000
72 70 2.500000
70 39 2.500000
39 30 2.500000
32 79 2.500000
79 34 2.500000
148 95 1.500000
94 147 1.500000
152 100 1.500000
101 151 1.500000
154 98 1.500000
99 153 1.500000
96 149 1.500000
150 97 1.500000
97 35 2.500000
95 32 2.500000
31 94 2.500000
34 96 2.500000
51 101 2.500000
100 52 2.500000
98 50 2.500000
49 99 2.500000
35 81 2.500000
81 82 2.500000
82 83 2.500000
83 84 2.500000
84 85 2.500000
85 86 2.500000
93 92 2.500000
92 91 2.500000
91 90 2.500000
90 89 2.500000
89 88 2.500000
88 87 2.500000
87 41 2.500000
86 139 1.500000
140 93 1.500000
108 145 1.500000
146 107 1.500000
11 56 2.500000
2 11 2.500000
107 18 2.500000
18 8 2.500000
9 19 2.500000
19 108 2.500000
55 106 2.500000
106 1 2.500000
1 121 2.500000
121 122 2.500000
109 2 2.500000
110 109 2.500000
104 102 2.500000
102 114 2.500000
115 102 2.500000
102 103 2.500000
105 104 2.500000
104 134 2.500000
134 133 2.500000
103 105 2.500000
116 115 2.500000
8 117 2.500000
117 118 2.500000
118 119 2.500000
119 120 2.500000
120 116 2.500000
133 132 2.500000
132 131 2.500000
131 130 2.500000
130 129 2.500000
129 128 2.500000
128 9 2.500000
122 123 2.500000
123 124 2.500000
124 125 2.500000
125 126 2.500000
126 127 2.500000
127 103 2.500000
114 113 2.500000
113 112 2.500000
112 111 2.500000
111 110 2.500000
103 135 2.500000
135 137 1.500000
138 136 1.500000
136 105 2.500000
;
param s:=
21 148
23 146
40 138
42 150
46 146
47 144
48 142
49 142
52 146
53 146
55 146
56 154
57 140
60 148
61 152
62 142
63 140
64 142
65 144
66 144
67 148
68 140
69 146
70 142
72 142
73 152
74 152
75 152
76 146
77 150
78 148
79 140
81 140
82 154
83 142
84 150
85 146
87 138
88 140
90 150
92 138
93 138
94 146
95 140
96 152
98 150
99 142
;
param e:=
21 145
23 151
40 141
42 145
46 147
47 149
48 137
49 137
52 151
53 147
55 137
56 139
57 153
60 153
61 143
62 137
63 149
64 137
65 149
66 151
67 139
68 151
69 137
70 137
72 137
73 153
74 145
75 153
76 147
77 139
78 153
79 147
81 149
82 149
83 137
84 139
85 151
87 141
88 147
90 145
92 145
93 141
94 147
95 153
96 153
98 139
99 137
;
param v_min:=2.375
;
param v_max:=2.625
;
param :conflictsNodes: angle:=
0 7 8 1.000000
0 8 7 1.000000
1 2 121 1.154701
1 121 2 1.154701
1 2 106 1.000000
1 106 2 1.000000
1 106 121 1.000000
1 121 106 1.000000
2 3 11 1.000000
2 11 3 1.000000
2 3 109 1.154701
2 109 3 1.154701
2 1 3 1.000000
2 3 1 1.000000
2 1 11 1.000000
2 11 1 1.000000
2 1 109 1.000000
2 109 1 1.000000
2 11 109 1.000000
2 109 11 1.000000
3 2 4 1.000000
3 4 2 1.000000
4 3 5 1.000000
4 5 3 1.000000
5 4 6 1.000000
5 6 4 1.000000
6 5 7 1.000000
6 7 5 1.000000
7 0 6 1.000000
7 6 0 1.000000
8 0 9 1.000000
8 9 0 1.000000
8 0 117 1.154701
8 117 0 1.154701
8 0 18 1.000000
8 18 0 1.000000
8 9 117 1.000000
8 117 9 1.000000
8 9 18 1.000000
8 18 9 1.000000
8 18 117 1.000000
8 117 18 1.000000
9 8 10 1.000000
9 10 8 1.000000
9 8 19 1.000000
9 19 8 1.000000
9 8 128 1.154701
9 128 8 1.154701
9 10 19 1.000000
9 19 10 1.000000
9 10 128 1.000000
9 128 10 1.000000
9 19 128 1.000000
9 128 19 1.000000
10 9 21 1.000000
10 21 9 1.000000
11 2 12 1.000000
11 12 2 1.000000
11 2 56 1.000000
11 56 2 1.000000
11 12 56 1.000000
11 56 12 1.000000
12 11 13 1.000000
12 13 11 1.000000
13 12 14 1.000000
13 14 12 1.000000
14 13 15 1.000000
14 15 13 1.000000
15 14 16 1.000000
15 16 14 1.000000
16 15 17 1.000000
16 17 15 1.000000
17 16 18 1.000000
17 18 16 1.000000
18 17 19 1.000000
18 19 17 1.000000
18 17 107 1.000000
18 107 17 1.000000
18 8 17 1.000000
18 17 8 1.000000
18 8 19 1.000000
18 19 8 1.000000
18 8 107 1.000000
18 107 8 1.000000
18 19 107 1.000000
18 107 19 1.000000
19 9 18 1.000000
19 18 9 1.000000
19 9 108 1.000000
19 108 9 1.000000
19 9 20 1.000000
19 20 9 1.000000
19 18 108 1.000000
19 108 18 1.000000
19 18 20 1.000000
19 20 18 1.000000
19 20 108 1.000000
19 108 20 1.000000
20 19 26 1.000000
20 26 19 1.000000
21 10 22 1.000000
21 22 10 1.000000
22 21 23 1.000000
22 23 21 1.000000
23 22 24 1.000000
23 24 22 1.000000
24 23 25 1.000000
24 25 23 1.000000
25 24 33 1.000000
25 33 24 1.000000
26 20 27 1.000000
26 27 20 1.000000
27 26 28 1.000000
27 28 26 1.000000
28 27 29 1.000000
28 29 27 1.000000
29 28 30 1.000000
29 30 28 1.000000
30 29 39 1.000000
30 39 29 1.000000
31 36 94 1.000000
31 94 36 1.000000
31 36 77 1.000000
31 77 36 1.000000
31 32 36 1.000000
31 36 32 1.000000
31 32 94 1.000000
31 94 32 1.000000
31 32 77 1.000000
31 77 32 1.000000
31 77 94 1.000000
31 94 77 1.000000
32 31 38 1.000000
32 38 31 1.000000
32 31 79 1.000000
32 79 31 1.000000
32 31 95 1.000000
32 95 31 1.000000
32 38 79 1.000000
32 79 38 1.000000
32 38 95 1.000000
32 95 38 1.000000
32 79 95 1.000000
32 95 79 1.000000
33 25 69 1.000000
33 69 25 1.000000
34 35 96 1.000000
34 96 35 1.000000
34 35 40 1.000000
34 40 35 1.000000
34 35 79 1.000000
34 79 35 1.000000
34 40 96 1.000000
34 96 40 1.000000
34 40 79 1.000000
34 79 40 1.000000
34 79 96 1.000000
34 96 79 1.000000
35 34 41 1.000000
35 41 34 1.000000
35 34 81 1.000000
35 81 34 1.000000
35 34 97 1.000000
35 97 34 1.000000
35 41 81 1.000000
35 81 41 1.000000
35 41 97 1.000000
35 97 41 1.000000
35 81 97 1.189773
35 97 81 1.189773
36 31 78 1.000000
36 78 31 1.000000
36 31 37 1.000000
36 37 31 1.000000
36 31 38 1.000000
36 38 31 1.000000
36 37 78 1.000000
36 78 37 1.000000
36 37 38 1.000000
36 38 37 1.000000
36 38 78 1.000000
36 78 38 1.000000
37 36 45 1.000000
37 45 36 1.000000
38 32 43 1.000000
38 43 32 1.000000
38 32 36 1.000000
38 36 32 1.000000
38 32 80 1.000000
38 80 32 1.000000
38 43 80 1.000000
38 80 43 1.000000
38 36 43 1.000000
38 43 36 1.000000
38 36 80 1.000000
38 80 36 1.000000
39 30 70 1.000000
39 70 30 1.000000
40 41 80 1.000000
40 80 41 1.000000
40 41 53 1.000000
40 53 41 1.000000
40 34 41 1.000000
40 41 34 1.000000
40 34 80 1.000000
40 80 34 1.000000
40 34 53 1.000000
40 53 34 1.000000
40 53 80 1.000000
40 80 53 1.000000
41 35 40 1.000000
41 40 35 1.000000
41 35 42 1.000000
41 42 35 1.000000
41 35 87 1.189773
41 87 35 1.189773
41 40 42 1.000000
41 42 40 1.000000
41 40 87 1.000000
41 87 40 1.000000
41 42 87 1.000000
41 87 42 1.000000
42 41 48 1.000000
42 48 41 1.000000
43 38 44 1.000000
43 44 38 1.000000
44 43 46 1.000000
44 46 43 1.000000
44 43 51 1.000000
44 51 43 1.000000
44 43 45 1.000000
44 45 43 1.000000
44 46 51 1.000000
44 51 46 1.000000
44 45 46 1.000000
44 46 45 1.000000
44 45 51 1.000000
44 51 45 1.000000
45 37 44 1.000000
45 44 37 1.000000
45 37 52 1.000000
45 52 37 1.000000
45 44 52 1.000000
45 52 44 1.000000
46 44 47 1.000000
46 47 44 1.000000
47 46 48 1.000000
47 48 46 1.000000
47 46 53 1.000000
47 53 46 1.000000
47 46 50 1.000000
47 50 46 1.000000
47 48 53 1.000000
47 53 48 1.000000
47 48 50 1.000000
47 50 48 1.000000
47 50 53 1.000000
47 53 50 1.000000
48 42 47 1.000000
48 47 42 1.000000
48 42 49 1.000000
48 49 42 1.000000
48 42 61 1.000000
48 61 42 1.000000
48 47 49 1.000000
48 49 47 1.000000
48 47 61 1.000000
48 61 47 1.000000
48 49 61 1.000000
48 61 49 1.000000
49 48 50 1.000000
49 50 48 1.000000
49 48 99 1.000000
49 99 48 1.000000
49 48 65 1.000000
49 65 48 1.000000
49 50 99 1.000000
49 99 50 1.000000
49 50 65 1.000000
49 65 50 1.000000
49 65 99 1.000000
49 99 65 1.000000
50 49 64 1.000000
50 64 49 1.000000
50 49 98 1.000000
50 98 49 1.000000
50 47 49 1.000000
50 49 47 1.000000
50 47 64 1.000000
50 64 47 1.000000
50 47 98 1.000000
50 98 47 1.000000
50 64 98 1.000000
50 98 64 1.000000
51 44 52 1.000000
51 52 44 1.000000
51 44 101 1.000000
51 101 44 1.000000
51 44 64 1.000000
51 64 44 1.000000
51 52 101 1.000000
51 101 52 1.000000
51 52 64 1.000000
51 64 52 1.000000
51 64 101 1.000000
51 101 64 1.000000
52 51 100 1.000000
52 100 51 1.000000
52 45 51 1.000000
52 51 45 1.000000
52 45 100 1.000000
52 100 45 1.000000
53 40 47 1.000000
53 47 40 1.000000
55 57 106 1.000000
55 106 57 1.000000
56 11 58 1.000000
56 58 11 1.000000
57 55 59 1.000000
57 59 55 1.000000
58 56 60 1.000000
58 60 56 1.000000
61 48 62 1.000000
61 62 48 1.000000
62 61 63 1.000000
62 63 61 1.000000
63 54 62 1.000000
63 62 54 1.000000
64 50 51 1.000000
64 51 50 1.000000
65 49 66 1.000000
65 66 49 1.000000
66 65 67 1.000000
66 67 65 1.000000
67 66 68 1.000000
67 68 66 1.000000
69 33 71 1.000000
69 71 33 1.000000
70 39 72 1.000000
70 72 39 1.000000
71 69 73 1.000000
71 73 69 1.000000
72 70 74 1.000000
72 74 70 1.000000
73 71 75 1.000000
73 75 71 1.000000
74 72 76 1.000000
74 76 72 1.000000
75 73 77 1.000000
75 77 73 1.000000
76 74 78 1.000000
76 78 74 1.000000
77 31 75 1.000000
77 75 31 1.000000
78 36 76 1.000000
78 76 36 1.000000
79 32 34 1.000000
79 34 32 1.000000
80 38 40 1.000000
80 40 38 1.000000
81 35 82 1.000000
81 82 35 1.000000
82 81 83 1.000000
82 83 81 1.000000
83 82 84 1.000000
83 84 82 1.000000
84 83 85 1.000000
84 85 83 1.000000
85 84 86 1.000000
85 86 84 1.000000
87 41 88 1.000000
87 88 41 1.000000
88 87 89 1.000000
88 89 87 1.000000
89 88 90 1.000000
89 90 88 1.000000
90 89 91 1.000000
90 91 89 1.000000
91 90 92 1.000000
91 92 90 1.000000
92 91 93 1.000000
92 93 91 1.000000
102 104 114 1.000000
102 114 104 1.000000
102 104 115 1.000000
102 115 104 1.000000
102 114 115 1.154701
102 115 114 1.154701
102 103 104 1.154701
102 104 103 1.154701
102 103 114 1.000000
102 114 103 1.000000
102 103 115 1.000000
102 115 103 1.000000
103 102 105 1.000000
103 105 102 1.000000
103 102 135 1.000000
103 135 102 1.000000
103 102 127 1.154701
103 127 102 1.154701
103 105 135 1.154701
103 135 105 1.154701
103 105 127 1.000000
103 127 105 1.000000
103 127 135 1.000000
103 135 127 1.000000
104 102 134 1.154701
104 134 102 1.154701
104 102 105 1.000000
104 105 102 1.000000
104 105 134 1.000000
104 134 105 1.000000
105 103 104 1.154701
105 104 103 1.154701
105 103 136 1.000000
105 136 103 1.000000
105 104 136 1.000000
105 136 104 1.000000
106 1 55 1.000000
106 55 1 1.000000
109 2 110 1.000000
109 110 2 1.000000
110 109 111 1.000000
110 111 109 1.000000
111 110 112 1.000000
111 112 110 1.000000
112 111 113 1.000000
112 113 111 1.000000
113 112 114 1.000000
113 114 112 1.000000
114 102 113 1.000000
114 113 102 1.000000
115 102 116 1.000000
115 116 102 1.000000
116 115 120 1.000000
116 120 115 1.000000
117 8 118 1.000000
117 118 8 1.000000
118 117 119 1.000000
118 119 117 1.000000
119 118 120 1.000000
119 120 118 1.000000
120 116 119 1.000000
120 119 116 1.000000
121 1 122 1.000000
121 122 1 1.000000
122 121 123 1.000000
122 123 121 1.000000
123 122 124 1.000000
123 124 122 1.000000
124 123 125 1.000000
124 125 123 1.000000
125 124 126 1.000000
125 126 124 1.000000
126 125 127 1.000000
126 127 125 1.000000
127 103 126 1.000000
127 126 103 1.000000
128 9 129 1.000000
128 129 9 1.000000
129 128 130 1.000000
129 130 128 1.000000
130 129 131 1.000000
130 131 129 1.000000
131 130 132 1.000000
131 132 130 1.000000
132 131 133 1.000000
132 133 131 1.000000
133 132 134 1.000000
133 134 132 1.000000
134 104 133 1.000000
134 133 104 1.000000
;
param D:=0.5;
param t_hat_ear:=
21 148 24.0
21 95 25.0
21 32 26.0
21 38 27.0
21 36 28.0
21 78 29.0
21 76 30.0
21 74 31.0
21 72 32.0
21 70 33.0
21 39 34.0
21 30 35.0
21 29 36.0
21 28 37.0
21 27 38.0
21 26 39.0
21 20 40.0
21 19 41.0
21 108 42.0
21 145 43.0
23 146 19.0
23 107 20.0
23 18 21.0
23 8 22.0
23 9 23.0
23 10 24.0
23 21 25.0
23 22 26.0
23 23 27.0
23 24 28.0
23 25 29.0
23 33 30.0
23 69 31.0
23 71 32.0
23 73 33.0
23 75 34.0
23 77 35.0
23 31 36.0
23 32 37.0
23 38 38.0
23 43 39.0
23 44 40.0
23 51 41.0
23 101 42.0
23 151 43.0
40 138 24.0
40 136 25.0
40 105 26.0
40 104 27.0
40 102 28.0
40 114 29.0
40 113 30.0
40 112 31.0
40 111 32.0
40 110 33.0
40 109 34.0
40 2 35.0
40 11 36.0
40 56 37.0
40 58 38.0
40 60 39.0
40 141 40.0
42 150 29.0
42 97 30.0
42 35 31.0
42 41 32.0
42 40 33.0
42 80 34.0
42 38 35.0
42 36 36.0
42 78 37.0
42 76 38.0
42 74 39.0
42 72 40.0
42 70 41.0
42 39 42.0
42 30 43.0
42 29 44.0
42 28 45.0
42 27 46.0
42 26 47.0
42 20 48.0
42 19 49.0
42 108 50.0
42 145 51.0
46 146 21.0
46 107 22.0
46 18 23.0
46 8 24.0
46 9 25.0
46 10 26.0
46 21 27.0
46 22 28.0
46 23 29.0
46 24 30.0
46 25 31.0
46 33 32.0
46 69 33.0
46 71 34.0
46 73 35.0
46 75 36.0
46 77 37.0
46 31 38.0
46 94 39.0
46 147 40.0
47 144 28.0
47 68 29.0
47 67 30.0
47 66 31.0
47 65 32.0
47 49 33.0
47 50 34.0
47 47 35.0
47 53 36.0
47 40 37.0
47 34 38.0
47 96 39.0
47 149 40.0
48 142 29.0
48 59 30.0
48 57 31.0
48 55 32.0
48 106 33.0
48 1 34.0
48 121 35.0
48 122 36.0
48 123 37.0
48 124 38.0
48 125 39.0
48 126 40.0
48 127 41.0
48 103 42.0
48 135 43.0
48 137 44.0
49 142 25.0
49 59 26.0
49 57 27.0
49 55 28.0
49 106 29.0
49 1 30.0
49 121 31.0
49 122 32.0
49 123 33.0
49 124 34.0
49 125 35.0
49 126 36.0
49 127 37.0
49 103 38.0
49 135 39.0
49 137 40.0
52 146 23.0
52 107 24.0
52 18 25.0
52 8 26.0
52 9 27.0
52 10 28.0
52 21 29.0
52 22 30.0
52 23 31.0
52 24 32.0
52 25 33.0
52 33 34.0
52 69 35.0
52 71 36.0
52 73 37.0
52 75 38.0
52 77 39.0
52 31 40.0
52 32 41.0
52 38 42.0
52 43 43.0
52 44 44.0
52 51 45.0
52 101 46.0
52 151 47.0
53 146 27.0
53 107 28.0
53 18 29.0
53 8 30.0
53 9 31.0
53 10 32.0
53 21 33.0
53 22 34.0
53 23 35.0
53 24 36.0
53 25 37.0
53 33 38.0
53 69 39.0
53 71 40.0
53 73 41.0
53 75 42.0
53 77 43.0
53 31 44.0
53 94 45.0
53 147 46.0
55 146 29.0
55 107 30.0
55 18 31.0
55 8 32.0
55 117 33.0
55 118 34.0
55 119 35.0
55 120 36.0
55 116 37.0
55 115 38.0
55 102 39.0
55 103 40.0
55 135 41.0
55 137 42.0
56 154 40.1
56 98 40.0
56 50 41.0
56 47 42.0
56 53 43.0
56 40 44.0
56 34 45.0
56 35 46.0
56 81 47.0
56 82 48.0
56 83 49.0
56 84 50.0
56 85 51.0
56 86 52.0
56 139 53.0
57 140 28.0
57 93 29.0
57 92 30.0
57 91 31.0
57 90 32.0
57 89 33.0
57 88 34.0
57 87 35.0
57 41 36.0
57 42 37.0
57 48 38.0
57 49 39.0
57 99 40.0
57 153 41.0
60 148 49.0
60 95 50.0
60 32 51.0
60 38 52.0
60 43 53.0
60 44 54.0
60 46 55.0
60 47 56.0
60 48 57.0
60 49 58.0
60 99 59.0
60 153 60.0
61 152 42.0
61 100 43.0
61 52 44.0
61 45 45.0
61 44 46.0
61 46 47.0
61 47 48.0
61 48 49.0
61 61 50.0
61 62 51.0
61 63 52.0
61 54 53.0
61 143 54.0
62 142 31.0
62 59 32.0
62 57 33.0
62 55 34.0
62 106 35.0
62 1 36.0
62 121 37.0
62 122 38.0
62 123 39.0
62 124 40.0
62 125 41.0
62 126 42.0
62 127 43.0
62 103 44.0
62 135 45.0
62 137 46.0
63 140 30.0
63 93 31.0
63 92 32.0
63 91 33.0
63 90 34.0
63 89 35.0
63 88 36.0
63 87 37.0
63 41 38.0
63 40 39.0
63 34 40.0
63 96 41.0
63 149 42.0
64 142 33.0
64 59 34.0
64 57 35.0
64 55 36.0
64 106 37.0
64 1 38.0
64 121 39.0
64 122 40.0
64 123 41.0
64 124 42.0
64 125 43.0
64 126 44.0
64 127 45.0
64 103 46.0
64 135 47.0
64 137 48.0
65 144 40.1
65 68 40.0
65 67 41.0
65 66 42.0
65 65 43.0
65 49 44.0
65 50 45.0
65 47 46.0
65 53 47.0
65 40 48.0
65 34 49.0
65 96 50.0
65 149 51.0
66 144 49.0
66 68 50.0
66 67 51.0
66 66 52.0
66 65 53.0
66 49 54.0
66 50 55.0
66 64 56.0
66 51 57.0
66 101 58.0
66 151 59.0
67 148 30.0
67 95 31.0
67 32 32.0
67 79 33.0
67 34 34.0
67 35 35.0
67 81 36.0
67 82 37.0
67 83 38.0
67 84 39.0
67 85 40.0
67 86 41.0
67 139 42.0
68 140 37.0
68 93 38.0
68 92 39.0
68 91 40.0
68 90 41.0
68 89 42.0
68 88 43.0
68 87 44.0
68 41 45.0
68 40 46.0
68 80 47.0
68 38 48.0
68 43 49.0
68 44 50.0
68 51 51.0
68 101 52.0
68 151 53.0
69 146 37.0
69 107 38.0
69 18 39.0
69 8 40.0
69 117 41.0
69 118 42.0
69 119 43.0
69 120 44.0
69 116 45.0
69 115 46.0
69 102 47.0
69 103 48.0
69 135 49.0
69 137 50.0
70 142 40.1
70 59 40.0
70 57 41.0
70 55 42.0
70 106 43.0
70 1 44.0
70 121 45.0
70 122 46.0
70 123 47.0
70 124 48.0
70 125 49.0
70 126 50.0
70 127 51.0
70 103 52.0
70 135 53.0
70 137 54.0
72 142 37.0
72 59 38.0
72 57 39.0
72 55 40.0
72 106 41.0
72 1 42.0
72 121 43.0
72 122 44.0
72 123 45.0
72 124 46.0
72 125 47.0
72 126 48.0
72 127 49.0
72 103 50.0
72 135 51.0
72 137 52.0
73 152 38.0
73 100 39.0
73 52 40.0
73 45 41.0
73 44 42.0
73 46 43.0
73 47 44.0
73 48 45.0
73 49 46.0
73 99 47.0
73 153 48.0
74 152 35.0
74 100 36.0
74 52 37.0
74 45 38.0
74 37 39.0
74 36 40.0
74 78 41.0
74 76 42.0
74 74 43.0
74 72 44.0
74 70 45.0
74 39 46.0
74 30 47.0
74 29 48.0
74 28 49.0
74 27 50.0
74 26 51.0
74 20 52.0
74 19 53.0
74 108 54.0
74 145 55.0
75 152 33.0
75 100 34.0
75 52 35.0
75 45 36.0
75 44 37.0
75 46 38.0
75 47 39.0
75 48 40.0
75 49 41.0
75 99 42.0
75 153 43.0
76 146 31.0
76 107 32.0
76 18 33.0
76 8 34.0
76 9 35.0
76 10 36.0
76 21 37.0
76 22 38.0
76 23 39.0
76 24 40.0
76 25 41.0
76 33 42.0
76 69 43.0
76 71 44.0
76 73 45.0
76 75 46.0
76 77 47.0
76 31 48.0
76 94 49.0
76 147 50.0
77 150 35.0
77 97 36.0
77 35 37.0
77 81 38.0
77 82 39.0
77 83 40.0
77 84 41.0
77 85 42.0
77 86 43.0
77 139 44.0
78 148 47.0
78 95 48.0
78 32 49.0
78 38 50.0
78 43 51.0
78 44 52.0
78 46 53.0
78 47 54.0
78 48 55.0
78 49 56.0
78 99 57.0
78 153 58.0
79 140 33.0
79 93 34.0
79 92 35.0
79 91 36.0
79 90 37.0
79 89 38.0
79 88 39.0
79 87 40.0
79 41 41.0
79 40 42.0
79 80 43.0
79 38 44.0
79 36 45.0
79 31 46.0
79 94 47.0
79 147 48.0
81 140 41.0
81 93 42.0
81 92 43.0
81 91 44.0
81 90 45.0
81 89 46.0
81 88 47.0
81 87 48.0
81 41 49.0
81 40 50.0
81 34 51.0
81 96 52.0
81 149 53.0
82 154 49.0
82 98 50.0
82 50 51.0
82 47 52.0
82 53 53.0
82 40 54.0
82 34 55.0
82 96 56.0
82 149 57.0
83 142 41.0
83 59 42.0
83 57 43.0
83 55 44.0
83 106 45.0
83 1 46.0
83 121 47.0
83 122 48.0
83 123 49.0
83 124 50.0
83 125 51.0
83 126 52.0
83 127 53.0
83 103 54.0
83 135 55.0
83 137 56.0
84 150 40.0
84 97 41.0
84 35 42.0
84 81 43.0
84 82 44.0
84 83 45.0
84 84 46.0
84 85 47.0
84 86 48.0
84 139 49.0
85 146 45.0
85 107 46.0
85 18 47.0
85 8 48.0
85 9 49.0
85 10 50.0
85 21 51.0
85 22 52.0
85 23 53.0
85 24 54.0
85 25 55.0
85 33 56.0
85 69 57.0
85 71 58.0
85 73 59.0
85 75 60.0
85 77 61.0
85 31 62.0
85 32 63.0
85 38 64.0
85 43 65.0
85 44 66.0
85 51 67.0
85 101 68.0
85 151 69.0
87 138 40.0
87 136 41.0
87 105 42.0
87 104 43.0
87 102 44.0
87 114 45.0
87 113 46.0
87 112 47.0
87 111 48.0
87 110 49.0
87 109 50.0
87 2 51.0
87 11 52.0
87 56 53.0
87 58 54.0
87 60 55.0
87 141 56.0
88 140 47.0
88 93 48.0
88 92 49.0
88 91 50.0
88 90 51.0
88 89 52.0
88 88 53.0
88 87 54.0
88 41 55.0
88 40 56.0
88 80 57.0
88 38 58.0
88 36 59.0
88 31 60.0
88 94 61.0
88 147 62.0
90 150 48.0
90 97 49.0
90 35 50.0
90 41 51.0
90 40 52.0
90 80 53.0
90 38 54.0
90 36 55.0
90 78 56.0
90 76 57.0
90 74 58.0
90 72 59.0
90 70 60.0
90 39 61.0
90 30 62.0
90 29 63.0
90 28 64.0
90 27 65.0
90 26 66.0
90 20 67.0
90 19 68.0
90 108 69.0
90 145 70.0
92 138 43.0
92 136 44.0
92 105 45.0
92 104 46.0
92 134 47.0
92 133 48.0
92 132 49.0
92 131 50.0
92 130 51.0
92 129 52.0
92 128 53.0
92 9 54.0
92 19 55.0
92 108 56.0
92 145 57.0
93 138 45.0
93 136 46.0
93 105 47.0
93 104 48.0
93 102 49.0
93 114 50.0
93 113 51.0
93 112 52.0
93 111 53.0
93 110 54.0
93 109 55.0
93 2 56.0
93 11 57.0
93 56 58.0
93 58 59.0
93 60 60.0
93 141 61.0
94 146 40.0
94 107 41.0
94 18 42.0
94 8 43.0
94 9 44.0
94 10 45.0
94 21 46.0
94 22 47.0
94 23 48.0
94 24 49.0
94 25 50.0
94 33 51.0
94 69 52.0
94 71 53.0
94 73 54.0
94 75 55.0
94 77 56.0
94 31 57.0
94 94 58.0
94 147 59.0
95 140 49.0
95 93 50.0
95 92 51.0
95 91 52.0
95 90 53.0
95 89 54.0
95 88 55.0
95 87 56.0
95 41 57.0
95 42 58.0
95 48 59.0
95 49 60.0
95 99 61.0
95 153 62.0
96 152 44.0
96 100 45.0
96 52 46.0
96 45 47.0
96 44 48.0
96 46 49.0
96 47 50.0
96 48 51.0
96 49 52.0
96 99 53.0
96 153 54.0
98 150 42.0
98 97 43.0
98 35 44.0
98 81 45.0
98 82 46.0
98 83 47.0
98 84 48.0
98 85 49.0
98 86 50.0
98 139 51.0
99 142 43.0
99 59 44.0
99 57 45.0
99 55 46.0
99 106 47.0
99 1 48.0
99 121 49.0
99 122 50.0
99 123 51.0
99 124 52.0
99 125 53.0
99 126 54.0
99 127 55.0
99 103 56.0
99 135 57.0
99 137 58.0
;
param t_hat_lat:=
21 148 25.0
21 95 26.0
21 32 27.0
21 38 28.0
21 36 29.0
21 78 30.0
21 76 31.0
21 74 32.0
21 72 33.0
21 70 34.0
21 39 35.0
21 30 36.0
21 29 37.0
21 28 38.0
21 27 39.0
21 26 40.0
21 20 41.0
21 19 42.0
21 108 43.0
21 145 44.0
23 146 20.0
23 107 21.0
23 18 22.0
23 8 23.0
23 9 24.0
23 10 25.0
23 21 26.0
23 22 27.0
23 23 28.0
23 24 29.0
23 25 30.0
23 33 31.0
23 69 32.0
23 71 33.0
23 73 34.0
23 75 35.0
23 77 36.0
23 31 37.0
23 32 38.0
23 38 39.0
23 43 40.0
23 44 41.0
23 51 42.0
23 101 43.0
23 151 44.0
40 138 25.0
40 136 26.0
40 105 27.0
40 104 28.0
40 102 29.0
40 114 30.0
40 113 31.0
40 112 32.0
40 111 33.0
40 110 34.0
40 109 35.0
40 2 36.0
40 11 37.0
40 56 38.0
40 58 39.0
40 60 40.0
40 141 41.0
42 150 30.0
42 97 31.0
42 35 32.0
42 41 33.0
42 40 34.0
42 80 35.0
42 38 36.0
42 36 37.0
42 78 38.0
42 76 39.0
42 74 40.0
42 72 41.0
42 70 42.0
42 39 43.0
42 30 44.0
42 29 45.0
42 28 46.0
42 27 47.0
42 26 48.0
42 20 49.0
42 19 50.0
42 108 51.0
42 145 52.0
46 146 22.0
46 107 23.0
46 18 24.0
46 8 25.0
46 9 26.0
46 10 27.0
46 21 28.0
46 22 29.0
46 23 30.0
46 24 31.0
46 25 32.0
46 33 33.0
46 69 34.0
46 71 35.0
46 73 36.0
46 75 37.0
46 77 38.0
46 31 39.0
46 94 40.0
46 147 41.0
47 144 29.0
47 68 30.0
47 67 31.0
47 66 32.0
47 65 33.0
47 49 34.0
47 50 35.0
47 47 36.0
47 53 37.0
47 40 38.0
47 34 39.0
47 96 40.0
47 149 41.0
48 142 30.0
48 59 31.0
48 57 32.0
48 55 33.0
48 106 34.0
48 1 35.0
48 121 36.0
48 122 37.0
48 123 38.0
48 124 39.0
48 125 40.0
48 126 41.0
48 127 42.0
48 103 43.0
48 135 44.0
48 137 45.0
49 142 26.0
49 59 27.0
49 57 28.0
49 55 29.0
49 106 30.0
49 1 31.0
49 121 32.0
49 122 33.0
49 123 34.0
49 124 35.0
49 125 36.0
49 126 37.0
49 127 38.0
49 103 39.0
49 135 40.0
49 137 41.0
52 146 24.0
52 107 25.0
52 18 26.0
52 8 27.0
52 9 28.0
52 10 29.0
52 21 30.0
52 22 31.0
52 23 32.0
52 24 33.0
52 25 34.0
52 33 35.0
52 69 36.0
52 71 37.0
52 73 38.0
52 75 39.0
52 77 40.0
52 31 41.0
52 32 42.0
52 38 43.0
52 43 44.0
52 44 45.0
52 51 46.0
52 101 47.0
52 151 48.0
53 146 28.0
53 107 29.0
53 18 30.0
53 8 31.0
53 9 32.0
53 10 33.0
53 21 34.0
53 22 35.0
53 23 36.0
53 24 37.0
53 25 38.0
53 33 39.0
53 69 40.0
53 71 41.0
53 73 42.0
53 75 43.0
53 77 44.0
53 31 45.0
53 94 46.0
53 147 47.0
55 146 30.0
55 107 31.0
55 18 32.0
55 8 33.0
55 117 34.0
55 118 35.0
55 119 36.0
55 120 37.0
55 116 38.0
55 115 39.0
55 102 40.0
55 103 41.0
55 135 42.0
55 137 43.0
56 154 41.099999999999994
56 98 41.0
56 50 42.0
56 47 43.0
56 53 44.0
56 40 45.0
56 34 46.0
56 35 47.0
56 81 48.0
56 82 49.0
56 83 50.0
56 84 51.0
56 85 52.0
56 86 53.0
56 139 54.0
57 140 29.0
57 93 30.0
57 92 31.0
57 91 32.0
57 90 33.0
57 89 34.0
57 88 35.0
57 87 36.0
57 41 37.0
57 42 38.0
57 48 39.0
57 49 40.0
57 99 41.0
57 153 42.0
60 148 50.0
60 95 51.0
60 32 52.0
60 38 53.0
60 43 54.0
60 44 55.0
60 46 56.0
60 47 57.0
60 48 58.0
60 49 59.0
60 99 60.0
60 153 61.0
61 152 43.0
61 100 44.0
61 52 45.0
61 45 46.0
61 44 47.0
61 46 48.0
61 47 49.0
61 48 50.0
61 61 51.0
61 62 52.0
61 63 53.0
61 54 54.0
61 143 55.0
62 142 32.0
62 59 33.0
62 57 34.0
62 55 35.0
62 106 36.0
62 1 37.0
62 121 38.0
62 122 39.0
62 123 40.0
62 124 41.0
62 125 42.0
62 126 43.0
62 127 44.0
62 103 45.0
62 135 46.0
62 137 47.0
63 140 31.0
63 93 32.0
63 92 33.0
63 91 34.0
63 90 35.0
63 89 36.0
63 88 37.0
63 87 38.0
63 41 39.0
63 40 40.0
63 34 41.0
63 96 42.0
63 149 43.0
64 142 34.0
64 59 35.0
64 57 36.0
64 55 37.0
64 106 38.0
64 1 39.0
64 121 40.0
64 122 41.0
64 123 42.0
64 124 43.0
64 125 44.0
64 126 45.0
64 127 46.0
64 103 47.0
64 135 48.0
64 137 49.0
65 144 41.099999999999994
65 68 41.0
65 67 42.0
65 66 43.0
65 65 44.0
65 49 45.0
65 50 46.0
65 47 47.0
65 53 48.0
65 40 49.0
65 34 50.0
65 96 51.0
65 149 52.0
66 144 50.0
66 68 51.0
66 67 52.0
66 66 53.0
66 65 54.0
66 49 55.0
66 50 56.0
66 64 57.0
66 51 58.0
66 101 59.0
66 151 60.0
67 148 31.0
67 95 32.0
67 32 33.0
67 79 34.0
67 34 35.0
67 35 36.0
67 81 37.0
67 82 38.0
67 83 39.0
67 84 40.0
67 85 41.0
67 86 42.0
67 139 43.0
68 140 38.0
68 93 39.0
68 92 40.0
68 91 41.0
68 90 42.0
68 89 43.0
68 88 44.0
68 87 45.0
68 41 46.0
68 40 47.0
68 80 48.0
68 38 49.0
68 43 50.0
68 44 51.0
68 51 52.0
68 101 53.0
68 151 54.0
69 146 38.0
69 107 39.0
69 18 40.0
69 8 41.0
69 117 42.0
69 118 43.0
69 119 44.0
69 120 45.0
69 116 46.0
69 115 47.0
69 102 48.0
69 103 49.0
69 135 50.0
69 137 51.0
70 142 41.099999999999994
70 59 41.0
70 57 42.0
70 55 43.0
70 106 44.0
70 1 45.0
70 121 46.0
70 122 47.0
70 123 48.0
70 124 49.0
70 125 50.0
70 126 51.0
70 127 52.0
70 103 53.0
70 135 54.0
70 137 55.0
72 142 38.0
72 59 39.0
72 57 40.0
72 55 41.0
72 106 42.0
72 1 43.0
72 121 44.0
72 122 45.0
72 123 46.0
72 124 47.0
72 125 48.0
72 126 49.0
72 127 50.0
72 103 51.0
72 135 52.0
72 137 53.0
73 152 39.0
73 100 40.0
73 52 41.0
73 45 42.0
73 44 43.0
73 46 44.0
73 47 45.0
73 48 46.0
73 49 47.0
73 99 48.0
73 153 49.0
74 152 36.0
74 100 37.0
74 52 38.0
74 45 39.0
74 37 40.0
74 36 41.0
74 78 42.0
74 76 43.0
74 74 44.0
74 72 45.0
74 70 46.0
74 39 47.0
74 30 48.0
74 29 49.0
74 28 50.0
74 27 51.0
74 26 52.0
74 20 53.0
74 19 54.0
74 108 55.0
74 145 56.0
75 152 34.0
75 100 35.0
75 52 36.0
75 45 37.0
75 44 38.0
75 46 39.0
75 47 40.0
75 48 41.0
75 49 42.0
75 99 43.0
75 153 44.0
76 146 32.0
76 107 33.0
76 18 34.0
76 8 35.0
76 9 36.0
76 10 37.0
76 21 38.0
76 22 39.0
76 23 40.0
76 24 41.0
76 25 42.0
76 33 43.0
76 69 44.0
76 71 45.0
76 73 46.0
76 75 47.0
76 77 48.0
76 31 49.0
76 94 50.0
76 147 51.0
77 150 36.0
77 97 37.0
77 35 38.0
77 81 39.0
77 82 40.0
77 83 41.0
77 84 42.0
77 85 43.0
77 86 44.0
77 139 45.0
78 148 48.0
78 95 49.0
78 32 50.0
78 38 51.0
78 43 52.0
78 44 53.0
78 46 54.0
78 47 55.0
78 48 56.0
78 49 57.0
78 99 58.0
78 153 59.0
79 140 34.0
79 93 35.0
79 92 36.0
79 91 37.0
79 90 38.0
79 89 39.0
79 88 40.0
79 87 41.0
79 41 42.0
79 40 43.0
79 80 44.0
79 38 45.0
79 36 46.0
79 31 47.0
79 94 48.0
79 147 49.0
81 140 42.0
81 93 43.0
81 92 44.0
81 91 45.0
81 90 46.0
81 89 47.0
81 88 48.0
81 87 49.0
81 41 50.0
81 40 51.0
81 34 52.0
81 96 53.0
81 149 54.0
82 154 50.0
82 98 51.0
82 50 52.0
82 47 53.0
82 53 54.0
82 40 55.0
82 34 56.0
82 96 57.0
82 149 58.0
83 142 42.0
83 59 43.0
83 57 44.0
83 55 45.0
83 106 46.0
83 1 47.0
83 121 48.0
83 122 49.0
83 123 50.0
83 124 51.0
83 125 52.0
83 126 53.0
83 127 54.0
83 103 55.0
83 135 56.0
83 137 57.0
84 150 41.0
84 97 42.0
84 35 43.0
84 81 44.0
84 82 45.0
84 83 46.0
84 84 47.0
84 85 48.0
84 86 49.0
84 139 50.0
85 146 46.0
85 107 47.0
85 18 48.0
85 8 49.0
85 9 50.0
85 10 51.0
85 21 52.0
85 22 53.0
85 23 54.0
85 24 55.0
85 25 56.0
85 33 57.0
85 69 58.0
85 71 59.0
85 73 60.0
85 75 61.0
85 77 62.0
85 31 63.0
85 32 64.0
85 38 65.0
85 43 66.0
85 44 67.0
85 51 68.0
85 101 69.0
85 151 70.0
87 138 41.0
87 136 42.0
87 105 43.0
87 104 44.0
87 102 45.0
87 114 46.0
87 113 47.0
87 112 48.0
87 111 49.0
87 110 50.0
87 109 51.0
87 2 52.0
87 11 53.0
87 56 54.0
87 58 55.0
87 60 56.0
87 141 57.0
88 140 48.0
88 93 49.0
88 92 50.0
88 91 51.0
88 90 52.0
88 89 53.0
88 88 54.0
88 87 55.0
88 41 56.0
88 40 57.0
88 80 58.0
88 38 59.0
88 36 60.0
88 31 61.0
88 94 62.0
88 147 63.0
90 150 49.0
90 97 50.0
90 35 51.0
90 41 52.0
90 40 53.0
90 80 54.0
90 38 55.0
90 36 56.0
90 78 57.0
90 76 58.0
90 74 59.0
90 72 60.0
90 70 61.0
90 39 62.0
90 30 63.0
90 29 64.0
90 28 65.0
90 27 66.0
90 26 67.0
90 20 68.0
90 19 69.0
90 108 70.0
90 145 71.0
92 138 44.0
92 136 45.0
92 105 46.0
92 104 47.0
92 134 48.0
92 133 49.0
92 132 50.0
92 131 51.0
92 130 52.0
92 129 53.0
92 128 54.0
92 9 55.0
92 19 56.0
92 108 57.0
92 145 58.0
93 138 46.0
93 136 47.0
93 105 48.0
93 104 49.0
93 102 50.0
93 114 51.0
93 113 52.0
93 112 53.0
93 111 54.0
93 110 55.0
93 109 56.0
93 2 57.0
93 11 58.0
93 56 59.0
93 58 60.0
93 60 61.0
93 141 62.0
94 146 41.0
94 107 42.0
94 18 43.0
94 8 44.0
94 9 45.0
94 10 46.0
94 21 47.0
94 22 48.0
94 23 49.0
94 24 50.0
94 25 51.0
94 33 52.0
94 69 53.0
94 71 54.0
94 73 55.0
94 75 56.0
94 77 57.0
94 31 58.0
94 94 59.0
94 147 60.0
95 140 50.0
95 93 51.0
95 92 52.0
95 91 53.0
95 90 54.0
95 89 55.0
95 88 56.0
95 87 57.0
95 41 58.0
95 42 59.0
95 48 60.0
95 49 61.0
95 99 62.0
95 153 63.0
96 152 45.0
96 100 46.0
96 52 47.0
96 45 48.0
96 44 49.0
96 46 50.0
96 47 51.0
96 48 52.0
96 49 53.0
96 99 54.0
96 153 55.0
98 150 43.0
98 97 44.0
98 35 45.0
98 81 46.0
98 82 47.0
98 83 48.0
98 84 49.0
98 85 50.0
98 86 51.0
98 139 52.0
99 142 44.0
99 59 45.0
99 57 46.0
99 55 47.0
99 106 48.0
99 1 49.0
99 121 50.0
99 122 51.0
99 123 52.0
99 124 53.0
99 125 54.0
99 126 55.0
99 127 56.0
99 103 57.0
99 135 58.0
99 137 59.0
;
set fixedFlights :=
23 9 10
46 9 10
52 9 10
53 9 10
76 9 10
85 9 10
94 9 10
23 8 9
46 8 9
52 8 9
53 8 9
76 8 9
85 8 9
94 8 9
21 20 19
42 20 19
74 20 19
90 20 19
23 10 21
46 10 21
52 10 21
53 10 21
76 10 21
85 10 21
94 10 21
23 21 22
46 21 22
52 21 22
53 21 22
76 21 22
85 21 22
94 21 22
23 22 23
46 22 23
52 22 23
53 22 23
76 22 23
85 22 23
94 22 23
23 23 24
46 23 24
52 23 24
53 23 24
76 23 24
85 23 24
94 23 24
23 24 25
46 24 25
52 24 25
53 24 25
76 24 25
85 24 25
94 24 25
21 26 20
42 26 20
74 26 20
90 26 20
21 27 26
42 27 26
74 27 26
90 27 26
21 28 27
42 28 27
74 28 27
90 28 27
21 29 28
42 29 28
74 29 28
90 29 28
21 30 29
42 30 29
74 30 29
90 30 29
67 34 35
79 36 31
88 36 31
74 37 36
42 41 40
63 41 40
79 41 40
81 41 40
88 41 40
90 41 40
42 35 41
90 35 41
57 41 42
68 41 42
95 41 42
21 32 38
23 32 38
52 32 38
60 32 38
78 32 38
85 32 38
23 38 43
52 38 43
60 38 43
78 38 43
85 38 43
23 43 44
52 43 44
60 43 44
78 43 44
85 43 44
74 45 37
23 31 32
52 31 32
85 31 32
61 45 44
73 45 44
75 45 44
96 45 44
60 44 46
61 44 46
73 44 46
75 44 46
78 44 46
96 44 46
60 46 47
61 46 47
73 46 47
75 46 47
78 46 47
96 46 47
60 47 48
61 47 48
73 47 48
75 47 48
78 47 48
96 47 48
57 42 48
68 42 48
95 42 48
47 49 50
66 49 50
68 49 50
61 52 45
73 52 45
74 52 45
75 52 45
96 52 45
23 44 51
52 44 51
85 44 51
57 48 49
60 48 49
68 48 49
73 48 49
75 48 49
78 48 49
95 48 49
96 48 49
47 50 47
82 50 47
47 47 53
82 47 53
47 53 40
82 53 40
47 40 34
63 40 34
81 40 34
82 40 34
61 54 143
48 57 55
49 57 55
62 57 55
64 57 55
72 57 55
83 57 55
99 57 55
40 56 58
87 56 58
93 56 58
48 59 57
49 59 57
62 59 57
64 59 57
72 59 57
83 59 57
99 59 57
40 58 60
87 58 60
93 58 60
40 60 141
87 60 141
93 60 141
48 142 59
49 142 59
62 142 59
64 142 59
72 142 59
83 142 59
99 142 59
61 48 61
61 61 62
61 62 63
47 66 65
66 66 65
47 67 66
66 67 66
47 68 67
66 68 67
47 144 68
66 144 68
66 64 51
68 64 51
61 63 54
47 65 49
66 65 49
66 50 64
68 50 64
23 25 33
46 25 33
52 25 33
53 25 33
76 25 33
85 25 33
94 25 33
23 33 69
46 33 69
52 33 69
53 33 69
76 33 69
85 33 69
94 33 69
23 69 71
46 69 71
52 69 71
53 69 71
76 69 71
85 69 71
94 69 71
23 71 73
46 71 73
52 71 73
53 71 73
76 71 73
85 71 73
94 71 73
23 73 75
46 73 75
52 73 75
53 73 75
76 73 75
85 73 75
94 73 75
23 75 77
46 75 77
52 75 77
53 75 77
76 75 77
85 75 77
94 75 77
23 77 31
46 77 31
52 77 31
53 77 31
76 77 31
85 77 31
94 77 31
42 40 80
79 40 80
88 40 80
90 40 80
42 80 38
79 80 38
88 80 38
90 80 38
21 38 36
42 38 36
79 38 36
88 38 36
90 38 36
21 36 78
42 36 78
74 36 78
90 36 78
21 78 76
42 78 76
74 78 76
90 78 76
21 76 74
42 76 74
74 76 74
90 76 74
21 74 72
42 74 72
74 74 72
90 74 72
21 72 70
42 72 70
74 72 70
90 72 70
21 70 39
42 70 39
74 70 39
90 70 39
21 39 30
42 39 30
74 39 30
90 39 30
67 32 79
67 79 34
21 148 95
60 148 95
67 148 95
78 148 95
46 94 147
53 94 147
76 94 147
79 94 147
88 94 147
94 94 147
61 152 100
73 152 100
74 152 100
75 152 100
96 152 100
23 101 151
52 101 151
66 101 151
68 101 151
85 101 151
82 154 98
57 99 153
60 99 153
73 99 153
75 99 153
78 99 153
95 99 153
96 99 153
47 96 149
63 96 149
81 96 149
82 96 149
42 150 97
77 150 97
84 150 97
90 150 97
98 150 97
42 97 35
77 97 35
84 97 35
90 97 35
98 97 35
21 95 32
60 95 32
67 95 32
78 95 32
46 31 94
53 31 94
76 31 94
79 31 94
88 31 94
94 31 94
47 34 96
63 34 96
81 34 96
82 34 96
23 51 101
52 51 101
66 51 101
68 51 101
85 51 101
61 100 52
73 100 52
74 100 52
75 100 52
96 100 52
82 98 50
57 49 99
60 49 99
73 49 99
75 49 99
78 49 99
95 49 99
96 49 99
67 35 81
77 35 81
84 35 81
98 35 81
67 81 82
77 81 82
84 81 82
98 81 82
67 82 83
77 82 83
84 82 83
98 82 83
67 83 84
77 83 84
84 83 84
98 83 84
67 84 85
77 84 85
84 84 85
98 84 85
67 85 86
77 85 86
84 85 86
98 85 86
57 93 92
63 93 92
68 93 92
79 93 92
81 93 92
88 93 92
95 93 92
57 92 91
63 92 91
68 92 91
79 92 91
81 92 91
88 92 91
95 92 91
57 91 90
63 91 90
68 91 90
79 91 90
81 91 90
88 91 90
95 91 90
57 90 89
63 90 89
68 90 89
79 90 89
81 90 89
88 90 89
95 90 89
57 89 88
63 89 88
68 89 88
79 89 88
81 89 88
88 89 88
95 89 88
57 88 87
63 88 87
68 88 87
79 88 87
81 88 87
88 88 87
95 88 87
57 87 41
63 87 41
68 87 41
79 87 41
81 87 41
88 87 41
95 87 41
67 86 139
77 86 139
84 86 139
98 86 139
57 140 93
63 140 93
68 140 93
79 140 93
81 140 93
88 140 93
95 140 93
21 108 145
42 108 145
74 108 145
90 108 145
92 108 145
23 146 107
46 146 107
52 146 107
53 146 107
55 146 107
69 146 107
76 146 107
85 146 107
94 146 107
40 11 56
87 11 56
93 11 56
40 2 11
87 2 11
93 2 11
23 107 18
46 107 18
52 107 18
53 107 18
55 107 18
69 107 18
76 107 18
85 107 18
94 107 18
23 18 8
46 18 8
52 18 8
53 18 8
55 18 8
69 18 8
76 18 8
85 18 8
94 18 8
92 9 19
21 19 108
42 19 108
74 19 108
90 19 108
92 19 108
48 55 106
49 55 106
62 55 106
64 55 106
72 55 106
83 55 106
99 55 106
48 106 1
49 106 1
62 106 1
64 106 1
72 106 1
83 106 1
99 106 1
48 1 121
49 1 121
62 1 121
64 1 121
72 1 121
83 1 121
99 1 121
48 121 122
49 121 122
62 121 122
64 121 122
72 121 122
83 121 122
99 121 122
40 109 2
87 109 2
93 109 2
40 110 109
87 110 109
93 110 109
40 104 102
87 104 102
93 104 102
40 102 114
87 102 114
93 102 114
55 115 102
69 115 102
55 102 103
69 102 103
40 105 104
87 105 104
92 105 104
93 105 104
92 104 134
92 134 133
55 116 115
69 116 115
55 8 117
69 8 117
55 117 118
69 117 118
55 118 119
69 118 119
55 119 120
69 119 120
55 120 116
69 120 116
92 133 132
92 132 131
92 131 130
92 130 129
92 129 128
92 128 9
48 122 123
49 122 123
62 122 123
64 122 123
72 122 123
83 122 123
99 122 123
48 123 124
49 123 124
62 123 124
64 123 124
72 123 124
83 123 124
99 123 124
48 124 125
49 124 125
62 124 125
64 124 125
72 124 125
83 124 125
99 124 125
48 125 126
49 125 126
62 125 126
64 125 126
72 125 126
83 125 126
99 125 126
48 126 127
49 126 127
62 126 127
64 126 127
72 126 127
83 126 127
99 126 127
48 127 103
49 127 103
62 127 103
64 127 103
72 127 103
83 127 103
99 127 103
40 114 113
87 114 113
93 114 113
40 113 112
87 113 112
93 113 112
40 112 111
87 112 111
93 112 111
40 111 110
87 111 110
93 111 110
48 103 135
49 103 135
55 103 135
62 103 135
64 103 135
69 103 135
72 103 135
83 103 135
99 103 135
48 135 137
49 135 137
55 135 137
62 135 137
64 135 137
69 135 137
72 135 137
83 135 137
99 135 137
40 138 136
87 138 136
92 138 136
93 138 136
40 136 105
87 136 105
92 136 105
93 136 105
;
;
set inFlight:=
21
23
40
42
46
47
48
49
52
53
55
57
62
63
64
67
68
69
72
73
74
75
76
77
79
84
87
94
;
param tini := 40.1;
