param nn:= 155;
set F:=
0
1
2
3
4
5
6
7
8
9
10
11
12
13
14
15
16
17
18
19
20
21
22
23
24
25
26
27
28
29
30
31
33
34
35
36
37
38
39
40
42
43
44
45
47
48
49
50
51
52
53
54
55
56
57
58
59
60
61
62
63
65
66
67
68
69
70
71
72
73
74
75
76
77
78
81
82
85
87
89
91
92
94
95
97
99
;
param: E: d:=
2 3 2.500000
3 4 2.500000
4 5 2.500000
5 6 2.500000
6 7 2.500000
7 0 2.500000
0 8 2.500000
9 10 2.500000
8 9 2.500000
12 11 2.500000
13 12 2.500000
14 13 2.500000
15 14 2.500000
16 15 2.500000
17 16 2.500000
18 17 2.500000
19 18 2.500000
20 19 2.500000
10 21 2.500000
21 22 2.500000
22 23 2.500000
23 24 2.500000
24 25 2.500000
26 20 2.500000
27 26 2.500000
28 27 2.500000
29 28 2.500000
30 29 2.500000
34 35 2.500000
36 31 2.500000
37 36 2.500000
41 40 2.500000
35 41 2.500000
41 42 2.500000
32 38 2.500000
38 43 2.500000
43 44 2.500000
45 37 2.500000
31 32 2.500000
45 44 2.500000
44 46 2.500000
46 47 2.500000
47 48 2.500000
42 48 2.500000
49 50 2.500000
51 52 2.500000
52 45 2.500000
44 51 2.500000
48 49 2.500000
50 47 2.500000
47 53 2.500000
53 40 2.500000
40 34 2.500000
54 143 1.500000
57 55 2.500000
56 58 2.500000
59 57 2.500000
58 60 2.500000
60 141 1.500000
142 59 1.500000
48 61 2.500000
61 62 2.500000
62 63 2.500000
66 65 2.500000
67 66 2.500000
68 67 2.500000
144 68 1.500000
2 1 2.500000
64 51 2.500000
63 54 2.500000
65 49 2.500000
50 64 2.500000
25 33 2.500000
33 69 2.500000
69 71 2.500000
71 73 2.500000
73 75 2.500000
75 77 2.500000
77 31 2.500000
40 80 2.500000
80 38 2.500000
38 36 2.500000
36 78 2.500000
78 76 2.500000
76 74 2.500000
74 72 2.500000
72 70 2.500000
70 39 2.500000
39 30 2.500000
32 79 2.500000
79 34 2.500000
148 95 1.500000
94 147 1.500000
152 100 1.500000
101 151 1.500000
154 98 1.500000
99 153 1.500000
96 149 1.500000
150 97 1.500000
97 35 2.500000
95 32 2.500000
31 94 2.500000
34 96 2.500000
51 101 2.500000
100 52 2.500000
98 50 2.500000
49 99 2.500000
35 81 2.500000
81 82 2.500000
82 83 2.500000
83 84 2.500000
84 85 2.500000
85 86 2.500000
93 92 2.500000
92 91 2.500000
91 90 2.500000
90 89 2.500000
89 88 2.500000
88 87 2.500000
87 41 2.500000
86 139 1.500000
140 93 1.500000
108 145 1.500000
146 107 1.500000
11 56 2.500000
2 11 2.500000
107 18 2.500000
18 8 2.500000
9 19 2.500000
19 108 2.500000
55 106 2.500000
106 1 2.500000
1 121 2.500000
121 122 2.500000
109 2 2.500000
110 109 2.500000
104 102 2.500000
102 114 2.500000
115 102 2.500000
102 103 2.500000
105 104 2.500000
104 134 2.500000
134 133 2.500000
103 105 2.500000
116 115 2.500000
8 117 2.500000
117 118 2.500000
118 119 2.500000
119 120 2.500000
120 116 2.500000
133 132 2.500000
132 131 2.500000
131 130 2.500000
130 129 2.500000
129 128 2.500000
128 9 2.500000
122 123 2.500000
123 124 2.500000
124 125 2.500000
125 126 2.500000
126 127 2.500000
127 103 2.500000
114 113 2.500000
113 112 2.500000
112 111 2.500000
111 110 2.500000
103 135 2.500000
135 137 1.500000
138 136 1.500000
136 105 2.500000
;
param s:=
0 142
1 138
2 138
3 140
4 148
5 138
6 146
7 148
8 148
9 140
10 146
11 148
12 148
13 152
14 138
15 148
16 148
17 140
18 144
19 152
20 152
21 144
22 144
23 144
24 142
25 154
26 150
27 138
28 138
29 148
30 140
31 142
33 148
34 152
35 138
36 150
37 150
38 144
39 140
40 148
42 150
43 142
44 148
45 148
47 138
48 138
49 148
50 138
51 152
52 138
53 140
54 154
55 152
56 146
57 150
58 144
59 150
60 150
61 150
62 142
63 146
65 152
66 138
67 154
68 138
69 146
70 150
71 138
72 140
73 144
74 144
75 146
76 142
77 152
78 150
81 142
82 146
85 144
87 142
89 144
91 148
92 142
94 140
95 142
97 146
99 146
;
param e:=
0 137
1 141
2 145
3 149
4 145
5 141
6 147
7 151
8 143
9 153
10 151
11 139
12 151
13 145
14 141
15 139
16 139
17 153
18 139
19 147
20 149
21 139
22 149
23 147
24 137
25 149
26 143
27 141
28 141
29 145
30 143
31 137
33 145
34 139
35 145
36 147
37 139
38 153
39 143
40 153
42 145
43 137
44 153
45 153
47 141
48 141
49 145
50 141
51 153
52 141
53 143
54 145
55 153
56 149
57 147
58 149
59 151
60 143
61 143
62 137
63 149
65 143
66 145
67 143
68 141
69 137
70 151
71 145
72 149
73 151
74 147
75 147
76 137
77 143
78 143
81 137
82 141
85 153
87 137
89 149
91 139
92 137
94 153
95 137
97 149
99 137
;
param v_min:=2.375
;
param v_max:=2.625
;
param :conflictsNodes: angle:=
0 7 8 1.000000
0 8 7 1.000000
1 2 121 1.154701
1 121 2 1.154701
1 2 106 1.000000
1 106 2 1.000000
1 106 121 1.000000
1 121 106 1.000000
2 3 11 1.000000
2 11 3 1.000000
2 3 109 1.154701
2 109 3 1.154701
2 1 3 1.000000
2 3 1 1.000000
2 1 11 1.000000
2 11 1 1.000000
2 1 109 1.000000
2 109 1 1.000000
2 11 109 1.000000
2 109 11 1.000000
3 2 4 1.000000
3 4 2 1.000000
4 3 5 1.000000
4 5 3 1.000000
5 4 6 1.000000
5 6 4 1.000000
6 5 7 1.000000
6 7 5 1.000000
7 0 6 1.000000
7 6 0 1.000000
8 0 9 1.000000
8 9 0 1.000000
8 0 117 1.154701
8 117 0 1.154701
8 0 18 1.000000
8 18 0 1.000000
8 9 117 1.000000
8 117 9 1.000000
8 9 18 1.000000
8 18 9 1.000000
8 18 117 1.000000
8 117 18 1.000000
9 8 10 1.000000
9 10 8 1.000000
9 8 19 1.000000
9 19 8 1.000000
9 8 128 1.154701
9 128 8 1.154701
9 10 19 1.000000
9 19 10 1.000000
9 10 128 1.000000
9 128 10 1.000000
9 19 128 1.000000
9 128 19 1.000000
10 9 21 1.000000
10 21 9 1.000000
11 2 12 1.000000
11 12 2 1.000000
11 2 56 1.000000
11 56 2 1.000000
11 12 56 1.000000
11 56 12 1.000000
12 11 13 1.000000
12 13 11 1.000000
13 12 14 1.000000
13 14 12 1.000000
14 13 15 1.000000
14 15 13 1.000000
15 14 16 1.000000
15 16 14 1.000000
16 15 17 1.000000
16 17 15 1.000000
17 16 18 1.000000
17 18 16 1.000000
18 17 19 1.000000
18 19 17 1.000000
18 17 107 1.000000
18 107 17 1.000000
18 8 17 1.000000
18 17 8 1.000000
18 8 19 1.000000
18 19 8 1.000000
18 8 107 1.000000
18 107 8 1.000000
18 19 107 1.000000
18 107 19 1.000000
19 9 18 1.000000
19 18 9 1.000000
19 9 108 1.000000
19 108 9 1.000000
19 9 20 1.000000
19 20 9 1.000000
19 18 108 1.000000
19 108 18 1.000000
19 18 20 1.000000
19 20 18 1.000000
19 20 108 1.000000
19 108 20 1.000000
20 19 26 1.000000
20 26 19 1.000000
21 10 22 1.000000
21 22 10 1.000000
22 21 23 1.000000
22 23 21 1.000000
23 22 24 1.000000
23 24 22 1.000000
24 23 25 1.000000
24 25 23 1.000000
25 24 33 1.000000
25 33 24 1.000000
26 20 27 1.000000
26 27 20 1.000000
27 26 28 1.000000
27 28 26 1.000000
28 27 29 1.000000
28 29 27 1.000000
29 28 30 1.000000
29 30 28 1.000000
30 29 39 1.000000
30 39 29 1.000000
31 36 94 1.000000
31 94 36 1.000000
31 36 77 1.000000
31 77 36 1.000000
31 32 36 1.000000
31 36 32 1.000000
31 32 94 1.000000
31 94 32 1.000000
31 32 77 1.000000
31 77 32 1.000000
31 77 94 1.000000
31 94 77 1.000000
32 31 38 1.000000
32 38 31 1.000000
32 31 79 1.000000
32 79 31 1.000000
32 31 95 1.000000
32 95 31 1.000000
32 38 79 1.000000
32 79 38 1.000000
32 38 95 1.000000
32 95 38 1.000000
32 79 95 1.000000
32 95 79 1.000000
33 25 69 1.000000
33 69 25 1.000000
34 35 96 1.000000
34 96 35 1.000000
34 35 40 1.000000
34 40 35 1.000000
34 35 79 1.000000
34 79 35 1.000000
34 40 96 1.000000
34 96 40 1.000000
34 40 79 1.000000
34 79 40 1.000000
34 79 96 1.000000
34 96 79 1.000000
35 34 41 1.000000
35 41 34 1.000000
35 34 81 1.000000
35 81 34 1.000000
35 34 97 1.000000
35 97 34 1.000000
35 41 81 1.000000
35 81 41 1.000000
35 41 97 1.000000
35 97 41 1.000000
35 81 97 1.189773
35 97 81 1.189773
36 31 78 1.000000
36 78 31 1.000000
36 31 37 1.000000
36 37 31 1.000000
36 31 38 1.000000
36 38 31 1.000000
36 37 78 1.000000
36 78 37 1.000000
36 37 38 1.000000
36 38 37 1.000000
36 38 78 1.000000
36 78 38 1.000000
37 36 45 1.000000
37 45 36 1.000000
38 32 43 1.000000
38 43 32 1.000000
38 32 36 1.000000
38 36 32 1.000000
38 32 80 1.000000
38 80 32 1.000000
38 43 80 1.000000
38 80 43 1.000000
38 36 43 1.000000
38 43 36 1.000000
38 36 80 1.000000
38 80 36 1.000000
39 30 70 1.000000
39 70 30 1.000000
40 41 80 1.000000
40 80 41 1.000000
40 41 53 1.000000
40 53 41 1.000000
40 34 41 1.000000
40 41 34 1.000000
40 34 80 1.000000
40 80 34 1.000000
40 34 53 1.000000
40 53 34 1.000000
40 53 80 1.000000
40 80 53 1.000000
41 35 40 1.000000
41 40 35 1.000000
41 35 42 1.000000
41 42 35 1.000000
41 35 87 1.189773
41 87 35 1.189773
41 40 42 1.000000
41 42 40 1.000000
41 40 87 1.000000
41 87 40 1.000000
41 42 87 1.000000
41 87 42 1.000000
42 41 48 1.000000
42 48 41 1.000000
43 38 44 1.000000
43 44 38 1.000000
44 43 46 1.000000
44 46 43 1.000000
44 43 51 1.000000
44 51 43 1.000000
44 43 45 1.000000
44 45 43 1.000000
44 46 51 1.000000
44 51 46 1.000000
44 45 46 1.000000
44 46 45 1.000000
44 45 51 1.000000
44 51 45 1.000000
45 37 44 1.000000
45 44 37 1.000000
45 37 52 1.000000
45 52 37 1.000000
45 44 52 1.000000
45 52 44 1.000000
46 44 47 1.000000
46 47 44 1.000000
47 46 48 1.000000
47 48 46 1.000000
47 46 53 1.000000
47 53 46 1.000000
47 46 50 1.000000
47 50 46 1.000000
47 48 53 1.000000
47 53 48 1.000000
47 48 50 1.000000
47 50 48 1.000000
47 50 53 1.000000
47 53 50 1.000000
48 42 47 1.000000
48 47 42 1.000000
48 42 49 1.000000
48 49 42 1.000000
48 42 61 1.000000
48 61 42 1.000000
48 47 49 1.000000
48 49 47 1.000000
48 47 61 1.000000
48 61 47 1.000000
48 49 61 1.000000
48 61 49 1.000000
49 48 50 1.000000
49 50 48 1.000000
49 48 99 1.000000
49 99 48 1.000000
49 48 65 1.000000
49 65 48 1.000000
49 50 99 1.000000
49 99 50 1.000000
49 50 65 1.000000
49 65 50 1.000000
49 65 99 1.000000
49 99 65 1.000000
50 49 64 1.000000
50 64 49 1.000000
50 49 98 1.000000
50 98 49 1.000000
50 47 49 1.000000
50 49 47 1.000000
50 47 64 1.000000
50 64 47 1.000000
50 47 98 1.000000
50 98 47 1.000000
50 64 98 1.000000
50 98 64 1.000000
51 44 52 1.000000
51 52 44 1.000000
51 44 101 1.000000
51 101 44 1.000000
51 44 64 1.000000
51 64 44 1.000000
51 52 101 1.000000
51 101 52 1.000000
51 52 64 1.000000
51 64 52 1.000000
51 64 101 1.000000
51 101 64 1.000000
52 51 100 1.000000
52 100 51 1.000000
52 45 51 1.000000
52 51 45 1.000000
52 45 100 1.000000
52 100 45 1.000000
53 40 47 1.000000
53 47 40 1.000000
55 57 106 1.000000
55 106 57 1.000000
56 11 58 1.000000
56 58 11 1.000000
57 55 59 1.000000
57 59 55 1.000000
58 56 60 1.000000
58 60 56 1.000000
61 48 62 1.000000
61 62 48 1.000000
62 61 63 1.000000
62 63 61 1.000000
63 54 62 1.000000
63 62 54 1.000000
64 50 51 1.000000
64 51 50 1.000000
65 49 66 1.000000
65 66 49 1.000000
66 65 67 1.000000
66 67 65 1.000000
67 66 68 1.000000
67 68 66 1.000000
69 33 71 1.000000
69 71 33 1.000000
70 39 72 1.000000
70 72 39 1.000000
71 69 73 1.000000
71 73 69 1.000000
72 70 74 1.000000
72 74 70 1.000000
73 71 75 1.000000
73 75 71 1.000000
74 72 76 1.000000
74 76 72 1.000000
75 73 77 1.000000
75 77 73 1.000000
76 74 78 1.000000
76 78 74 1.000000
77 31 75 1.000000
77 75 31 1.000000
78 36 76 1.000000
78 76 36 1.000000
79 32 34 1.000000
79 34 32 1.000000
80 38 40 1.000000
80 40 38 1.000000
81 35 82 1.000000
81 82 35 1.000000
82 81 83 1.000000
82 83 81 1.000000
83 82 84 1.000000
83 84 82 1.000000
84 83 85 1.000000
84 85 83 1.000000
85 84 86 1.000000
85 86 84 1.000000
87 41 88 1.000000
87 88 41 1.000000
88 87 89 1.000000
88 89 87 1.000000
89 88 90 1.000000
89 90 88 1.000000
90 89 91 1.000000
90 91 89 1.000000
91 90 92 1.000000
91 92 90 1.000000
92 91 93 1.000000
92 93 91 1.000000
102 104 114 1.000000
102 114 104 1.000000
102 104 115 1.000000
102 115 104 1.000000
102 114 115 1.154701
102 115 114 1.154701
102 103 104 1.154701
102 104 103 1.154701
102 103 114 1.000000
102 114 103 1.000000
102 103 115 1.000000
102 115 103 1.000000
103 102 105 1.000000
103 105 102 1.000000
103 102 135 1.000000
103 135 102 1.000000
103 102 127 1.154701
103 127 102 1.154701
103 105 135 1.154701
103 135 105 1.154701
103 105 127 1.000000
103 127 105 1.000000
103 127 135 1.000000
103 135 127 1.000000
104 102 134 1.154701
104 134 102 1.154701
104 102 105 1.000000
104 105 102 1.000000
104 105 134 1.000000
104 134 105 1.000000
105 103 104 1.154701
105 104 103 1.154701
105 103 136 1.000000
105 136 103 1.000000
105 104 136 1.000000
105 136 104 1.000000
106 1 55 1.000000
106 55 1 1.000000
109 2 110 1.000000
109 110 2 1.000000
110 109 111 1.000000
110 111 109 1.000000
111 110 112 1.000000
111 112 110 1.000000
112 111 113 1.000000
112 113 111 1.000000
113 112 114 1.000000
113 114 112 1.000000
114 102 113 1.000000
114 113 102 1.000000
115 102 116 1.000000
115 116 102 1.000000
116 115 120 1.000000
116 120 115 1.000000
117 8 118 1.000000
117 118 8 1.000000
118 117 119 1.000000
118 119 117 1.000000
119 118 120 1.000000
119 120 118 1.000000
120 116 119 1.000000
120 119 116 1.000000
121 1 122 1.000000
121 122 1 1.000000
122 121 123 1.000000
122 123 121 1.000000
123 122 124 1.000000
123 124 122 1.000000
124 123 125 1.000000
124 125 123 1.000000
125 124 126 1.000000
125 126 124 1.000000
126 125 127 1.000000
126 127 125 1.000000
127 103 126 1.000000
127 126 103 1.000000
128 9 129 1.000000
128 129 9 1.000000
129 128 130 1.000000
129 130 128 1.000000
130 129 131 1.000000
130 131 129 1.000000
131 130 132 1.000000
131 132 130 1.000000
132 131 133 1.000000
132 133 131 1.000000
133 132 134 1.000000
133 134 132 1.000000
134 104 133 1.000000
134 133 104 1.000000
;
param D:=0.5;
param t_hat_ear:=
0 142 0.0
0 59 1.0
0 57 2.0
0 55 3.0
0 106 4.0
0 1 5.0
0 121 6.0
0 122 7.0
0 123 8.0
0 124 9.0
0 125 10.0
0 126 11.0
0 127 12.0
0 103 13.0
0 135 14.0
0 137 15.0
1 138 0.0
1 136 1.0
1 105 2.0
1 104 3.0
1 102 4.0
1 114 5.0
1 113 6.0
1 112 7.0
1 111 8.0
1 110 9.0
1 109 10.0
1 2 11.0
1 11 12.0
1 56 13.0
1 58 14.0
1 60 15.0
1 141 16.0
2 138 2.0
2 136 3.0
2 105 4.0
2 104 5.0
2 134 6.0
2 133 7.0
2 132 8.0
2 131 9.0
2 130 10.0
2 129 11.0
2 128 12.0
2 9 13.0
2 19 14.0
2 108 15.0
2 145 16.0
3 140 6.0
3 93 7.0
3 92 8.0
3 91 9.0
3 90 10.0
3 89 11.0
3 88 12.0
3 87 13.0
3 41 14.0
3 40 15.0
3 34 16.0
3 96 17.0
3 149 18.0
4 148 4.0
4 95 5.0
4 32 6.0
4 38 7.0
4 36 8.0
4 78 9.0
4 76 10.0
4 74 11.0
4 72 12.0
4 70 13.0
4 39 14.0
4 30 15.0
4 29 16.0
4 28 17.0
4 27 18.0
4 26 19.0
4 20 20.0
4 19 21.0
4 108 22.0
4 145 23.0
5 138 4.0
5 136 5.0
5 105 6.0
5 104 7.0
5 102 8.0
5 114 9.0
5 113 10.0
5 112 11.0
5 111 12.0
5 110 13.0
5 109 14.0
5 2 15.0
5 11 16.0
5 56 17.0
5 58 18.0
5 60 19.0
5 141 20.0
6 146 0.0
6 107 1.0
6 18 2.0
6 8 3.0
6 9 4.0
6 10 5.0
6 21 6.0
6 22 7.0
6 23 8.0
6 24 9.0
6 25 10.0
6 33 11.0
6 69 12.0
6 71 13.0
6 73 14.0
6 75 15.0
6 77 16.0
6 31 17.0
6 94 18.0
6 147 19.0
7 148 2.0
7 95 3.0
7 32 4.0
7 38 5.0
7 43 6.0
7 44 7.0
7 51 8.0
7 101 9.0
7 151 10.0
8 148 0.0
8 95 1.0
8 32 2.0
8 38 3.0
8 43 4.0
8 44 5.0
8 46 6.0
8 47 7.0
8 48 8.0
8 61 9.0
8 62 10.0
8 63 11.0
8 54 12.0
8 143 13.0
9 140 2.0
9 93 3.0
9 92 4.0
9 91 5.0
9 90 6.0
9 89 7.0
9 88 8.0
9 87 9.0
9 41 10.0
9 42 11.0
9 48 12.0
9 49 13.0
9 99 14.0
9 153 15.0
10 146 7.0
10 107 8.0
10 18 9.0
10 8 10.0
10 9 11.0
10 10 12.0
10 21 13.0
10 22 14.0
10 23 15.0
10 24 16.0
10 25 17.0
10 33 18.0
10 69 19.0
10 71 20.0
10 73 21.0
10 75 22.0
10 77 23.0
10 31 24.0
10 32 25.0
10 38 26.0
10 43 27.0
10 44 28.0
10 51 29.0
10 101 30.0
10 151 31.0
11 148 6.0
11 95 7.0
11 32 8.0
11 79 9.0
11 34 10.0
11 35 11.0
11 81 12.0
11 82 13.0
11 83 14.0
11 84 15.0
11 85 16.0
11 86 17.0
11 139 18.0
12 148 11.0
12 95 12.0
12 32 13.0
12 38 14.0
12 43 15.0
12 44 16.0
12 51 17.0
12 101 18.0
12 151 19.0
13 152 5.0
13 100 6.0
13 52 7.0
13 45 8.0
13 37 9.0
13 36 10.0
13 78 11.0
13 76 12.0
13 74 13.0
13 72 14.0
13 70 15.0
13 39 16.0
13 30 17.0
13 29 18.0
13 28 19.0
13 27 20.0
13 26 21.0
13 20 22.0
13 19 23.0
13 108 24.0
13 145 25.0
14 138 6.0
14 136 7.0
14 105 8.0
14 104 9.0
14 102 10.0
14 114 11.0
14 113 12.0
14 112 13.0
14 111 14.0
14 110 15.0
14 109 16.0
14 2 17.0
14 11 18.0
14 56 19.0
14 58 20.0
14 60 21.0
14 141 22.0
15 148 8.0
15 95 9.0
15 32 10.0
15 79 11.0
15 34 12.0
15 35 13.0
15 81 14.0
15 82 15.0
15 83 16.0
15 84 17.0
15 85 18.0
15 86 19.0
15 139 20.0
16 148 19.0
16 95 20.0
16 32 21.0
16 79 22.0
16 34 23.0
16 35 24.0
16 81 25.0
16 82 26.0
16 83 27.0
16 84 28.0
16 85 29.0
16 86 30.0
16 139 31.0
17 140 1.1
17 93 1.0
17 92 2.0
17 91 3.0
17 90 4.0
17 89 5.0
17 88 6.0
17 87 7.0
17 41 8.0
17 42 9.0
17 48 10.0
17 49 11.0
17 99 12.0
17 153 13.0
18 144 4.0
18 68 5.0
18 67 6.0
18 66 7.0
18 65 8.0
18 49 9.0
18 50 10.0
18 47 11.0
18 53 12.0
18 40 13.0
18 34 14.0
18 35 15.0
18 81 16.0
18 82 17.0
18 83 18.0
18 84 19.0
18 85 20.0
18 86 21.0
18 139 22.0
19 152 0.0
19 100 1.0
19 52 2.0
19 45 3.0
19 37 4.0
19 36 5.0
19 31 6.0
19 94 7.0
19 147 8.0
20 152 10.0
20 100 11.0
20 52 12.0
20 45 13.0
20 44 14.0
20 46 15.0
20 47 16.0
20 53 17.0
20 40 18.0
20 34 19.0
20 96 20.0
20 149 21.0
21 144 19.0
21 68 20.0
21 67 21.0
21 66 22.0
21 65 23.0
21 49 24.0
21 50 25.0
21 47 26.0
21 53 27.0
21 40 28.0
21 34 29.0
21 35 30.0
21 81 31.0
21 82 32.0
21 83 33.0
21 84 34.0
21 85 35.0
21 86 36.0
21 139 37.0
22 144 11.0
22 68 12.0
22 67 13.0
22 66 14.0
22 65 15.0
22 49 16.0
22 50 17.0
22 47 18.0
22 53 19.0
22 40 20.0
22 34 21.0
22 96 22.0
22 149 23.0
23 144 13.0
23 68 14.0
23 67 15.0
23 66 16.0
23 65 17.0
23 49 18.0
23 50 19.0
23 47 20.0
23 53 21.0
23 40 22.0
23 80 23.0
23 38 24.0
23 36 25.0
23 31 26.0
23 94 27.0
23 147 28.0
24 142 10.0
24 59 11.0
24 57 12.0
24 55 13.0
24 106 14.0
24 1 15.0
24 121 16.0
24 122 17.0
24 123 18.0
24 124 19.0
24 125 20.0
24 126 21.0
24 127 22.0
24 103 23.0
24 135 24.0
24 137 25.0
25 154 19.0
25 98 20.0
25 50 21.0
25 47 22.0
25 53 23.0
25 40 24.0
25 34 25.0
25 96 26.0
25 149 27.0
26 150 17.0
26 97 18.0
26 35 19.0
26 41 20.0
26 42 21.0
26 48 22.0
26 61 23.0
26 62 24.0
26 63 25.0
26 54 26.0
26 143 27.0
27 138 10.0
27 136 11.0
27 105 12.0
27 104 13.0
27 102 14.0
27 114 15.0
27 113 16.0
27 112 17.0
27 111 18.0
27 110 19.0
27 109 20.0
27 2 21.0
27 11 22.0
27 56 23.0
27 58 24.0
27 60 25.0
27 141 26.0
28 138 12.0
28 136 13.0
28 105 14.0
28 104 15.0
28 102 16.0
28 114 17.0
28 113 18.0
28 112 19.0
28 111 20.0
28 110 21.0
28 109 22.0
28 2 23.0
28 11 24.0
28 56 25.0
28 58 26.0
28 60 27.0
28 141 28.0
29 148 15.0
29 95 16.0
29 32 17.0
29 38 18.0
29 36 19.0
29 78 20.0
29 76 21.0
29 74 22.0
29 72 23.0
29 70 24.0
29 39 25.0
29 30 26.0
29 29 27.0
29 28 28.0
29 27 29.0
29 26 30.0
29 20 31.0
29 19 32.0
29 108 33.0
29 145 34.0
30 140 14.0
30 93 15.0
30 92 16.0
30 91 17.0
30 90 18.0
30 89 19.0
30 88 20.0
30 87 21.0
30 41 22.0
30 42 23.0
30 48 24.0
30 61 25.0
30 62 26.0
30 63 27.0
30 54 28.0
30 143 29.0
31 142 19.0
31 59 20.0
31 57 21.0
31 55 22.0
31 106 23.0
31 1 24.0
31 121 25.0
31 122 26.0
31 123 27.0
31 124 28.0
31 125 29.0
31 126 30.0
31 127 31.0
31 103 32.0
31 135 33.0
31 137 34.0
33 148 13.0
33 95 14.0
33 32 15.0
33 38 16.0
33 36 17.0
33 78 18.0
33 76 19.0
33 74 20.0
33 72 21.0
33 70 22.0
33 39 23.0
33 30 24.0
33 29 25.0
33 28 26.0
33 27 27.0
33 26 28.0
33 20 29.0
33 19 30.0
33 108 31.0
33 145 32.0
34 152 18.0
34 100 19.0
34 52 20.0
34 45 21.0
34 44 22.0
34 46 23.0
34 47 24.0
34 53 25.0
34 40 26.0
34 34 27.0
34 35 28.0
34 81 29.0
34 82 30.0
34 83 31.0
34 84 32.0
34 85 33.0
34 86 34.0
34 139 35.0
35 138 14.0
35 136 15.0
35 105 16.0
35 104 17.0
35 134 18.0
35 133 19.0
35 132 20.0
35 131 21.0
35 130 22.0
35 129 23.0
35 128 24.0
35 9 25.0
35 19 26.0
35 108 27.0
35 145 28.0
36 150 32.0
36 97 33.0
36 35 34.0
36 41 35.0
36 40 36.0
36 80 37.0
36 38 38.0
36 36 39.0
36 31 40.0
36 94 41.0
36 147 42.0
37 150 19.0
37 97 20.0
37 35 21.0
37 81 22.0
37 82 23.0
37 83 24.0
37 84 25.0
37 85 26.0
37 86 27.0
37 139 28.0
38 144 15.0
38 68 16.0
38 67 17.0
38 66 18.0
38 65 19.0
38 49 20.0
38 99 21.0
38 153 22.0
39 140 10.0
39 93 11.0
39 92 12.0
39 91 13.0
39 90 14.0
39 89 15.0
39 88 16.0
39 87 17.0
39 41 18.0
39 42 19.0
39 48 20.0
39 61 21.0
39 62 22.0
39 63 23.0
39 54 24.0
39 143 25.0
40 148 25.0
40 95 26.0
40 32 27.0
40 38 28.0
40 43 29.0
40 44 30.0
40 46 31.0
40 47 32.0
40 48 33.0
40 49 34.0
40 99 35.0
40 153 36.0
42 150 39.0
42 97 40.0
42 35 41.0
42 41 42.0
42 40 43.0
42 80 44.0
42 38 45.0
42 36 46.0
42 78 47.0
42 76 48.0
42 74 49.0
42 72 50.0
42 70 51.0
42 39 52.0
42 30 53.0
42 29 54.0
42 28 55.0
42 27 56.0
42 26 57.0
42 20 58.0
42 19 59.0
42 108 60.0
42 145 61.0
43 142 29.0
43 59 30.0
43 57 31.0
43 55 32.0
43 106 33.0
43 1 34.0
43 121 35.0
43 122 36.0
43 123 37.0
43 124 38.0
43 125 39.0
43 126 40.0
43 127 41.0
43 103 42.0
43 135 43.0
43 137 44.0
44 148 29.0
44 95 30.0
44 32 31.0
44 38 32.0
44 43 33.0
44 44 34.0
44 46 35.0
44 47 36.0
44 48 37.0
44 49 38.0
44 99 39.0
44 153 40.0
45 148 37.0
45 95 38.0
45 32 39.0
45 38 40.0
45 43 41.0
45 44 42.0
45 46 43.0
45 47 44.0
45 48 45.0
45 49 46.0
45 99 47.0
45 153 48.0
47 138 20.0
47 136 21.0
47 105 22.0
47 104 23.0
47 102 24.0
47 114 25.0
47 113 26.0
47 112 27.0
47 111 28.0
47 110 29.0
47 109 30.0
47 2 31.0
47 11 32.0
47 56 33.0
47 58 34.0
47 60 35.0
47 141 36.0
48 138 22.0
48 136 23.0
48 105 24.0
48 104 25.0
48 102 26.0
48 114 27.0
48 113 28.0
48 112 29.0
48 111 30.0
48 110 31.0
48 109 32.0
48 2 33.0
48 11 34.0
48 56 35.0
48 58 36.0
48 60 37.0
48 141 38.0
49 148 27.0
49 95 28.0
49 32 29.0
49 38 30.0
49 36 31.0
49 78 32.0
49 76 33.0
49 74 34.0
49 72 35.0
49 70 36.0
49 39 37.0
49 30 38.0
49 29 39.0
49 28 40.0
49 27 41.0
49 26 42.0
49 20 43.0
49 19 44.0
49 108 45.0
49 145 46.0
50 138 24.0
50 136 25.0
50 105 26.0
50 104 27.0
50 102 28.0
50 114 29.0
50 113 30.0
50 112 31.0
50 111 32.0
50 110 33.0
50 109 34.0
50 2 35.0
50 11 36.0
50 56 37.0
50 58 38.0
50 60 39.0
50 141 40.0
51 152 34.0
51 100 35.0
51 52 36.0
51 45 37.0
51 44 38.0
51 46 39.0
51 47 40.0
51 48 41.0
51 49 42.0
51 99 43.0
51 153 44.0
52 138 26.0
52 136 27.0
52 105 28.0
52 104 29.0
52 102 30.0
52 114 31.0
52 113 32.0
52 112 33.0
52 111 34.0
52 110 35.0
52 109 36.0
52 2 37.0
52 11 38.0
52 56 39.0
52 58 40.0
52 60 41.0
52 141 42.0
53 140 29.0
53 93 30.0
53 92 31.0
53 91 32.0
53 90 33.0
53 89 34.0
53 88 35.0
53 87 36.0
53 41 37.0
53 42 38.0
53 48 39.0
53 61 40.0
53 62 41.0
53 63 42.0
53 54 43.0
53 143 44.0
54 154 27.0
54 98 28.0
54 50 29.0
54 47 30.0
54 53 31.0
54 40 32.0
54 80 33.0
54 38 34.0
54 36 35.0
54 78 36.0
54 76 37.0
54 74 38.0
54 72 39.0
54 70 40.0
54 39 41.0
54 30 42.0
54 29 43.0
54 28 44.0
54 27 45.0
54 26 46.0
54 20 47.0
54 19 48.0
54 108 49.0
54 145 50.0
55 152 28.0
55 100 29.0
55 52 30.0
55 45 31.0
55 44 32.0
55 46 33.0
55 47 34.0
55 48 35.0
55 49 36.0
55 99 37.0
55 153 38.0
56 146 29.0
56 107 30.0
56 18 31.0
56 8 32.0
56 9 33.0
56 10 34.0
56 21 35.0
56 22 36.0
56 23 37.0
56 24 38.0
56 25 39.0
56 33 40.0
56 69 41.0
56 71 42.0
56 73 43.0
56 75 44.0
56 77 45.0
56 31 46.0
56 32 47.0
56 79 48.0
56 34 49.0
56 96 50.0
56 149 51.0
57 150 30.0
57 97 31.0
57 35 32.0
57 41 33.0
57 40 34.0
57 80 35.0
57 38 36.0
57 36 37.0
57 31 38.0
57 94 39.0
57 147 40.0
58 144 21.0
58 68 22.0
58 67 23.0
58 66 24.0
58 65 25.0
58 49 26.0
58 50 27.0
58 47 28.0
58 53 29.0
58 40 30.0
58 34 31.0
58 96 32.0
58 149 33.0
59 150 37.0
59 97 38.0
59 35 39.0
59 41 40.0
59 40 41.0
59 80 42.0
59 38 43.0
59 43 44.0
59 44 45.0
59 51 46.0
59 101 47.0
59 151 48.0
60 150 43.0
60 97 44.0
60 35 45.0
60 41 46.0
60 42 47.0
60 48 48.0
60 61 49.0
60 62 50.0
60 63 51.0
60 54 52.0
60 143 53.0
61 150 45.0
61 97 46.0
61 35 47.0
61 41 48.0
61 42 49.0
61 48 50.0
61 61 51.0
61 62 52.0
61 63 53.0
61 54 54.0
61 143 55.0
62 142 31.0
62 59 32.0
62 57 33.0
62 55 34.0
62 106 35.0
62 1 36.0
62 121 37.0
62 122 38.0
62 123 39.0
62 124 40.0
62 125 41.0
62 126 42.0
62 127 43.0
62 103 44.0
62 135 45.0
62 137 46.0
63 146 39.0
63 107 40.0
63 18 41.0
63 8 42.0
63 9 43.0
63 10 44.0
63 21 45.0
63 22 46.0
63 23 47.0
63 24 48.0
63 25 49.0
63 33 50.0
63 69 51.0
63 71 52.0
63 73 53.0
63 75 54.0
63 77 55.0
63 31 56.0
63 32 57.0
63 79 58.0
63 34 59.0
63 96 60.0
63 149 61.0
65 152 49.0
65 100 50.0
65 52 51.0
65 45 52.0
65 44 53.0
65 46 54.0
65 47 55.0
65 48 56.0
65 61 57.0
65 62 58.0
65 63 59.0
65 54 60.0
65 143 61.0
66 138 30.0
66 136 31.0
66 105 32.0
66 104 33.0
66 134 34.0
66 133 35.0
66 132 36.0
66 131 37.0
66 130 38.0
66 129 39.0
66 128 40.0
66 9 41.0
66 19 42.0
66 108 43.0
66 145 44.0
67 154 48.0
67 98 49.0
67 50 50.0
67 47 51.0
67 48 52.0
67 61 53.0
67 62 54.0
67 63 55.0
67 54 56.0
67 143 57.0
68 138 32.0
68 136 33.0
68 105 34.0
68 104 35.0
68 102 36.0
68 114 37.0
68 113 38.0
68 112 39.0
68 111 40.0
68 110 41.0
68 109 42.0
68 2 43.0
68 11 44.0
68 56 45.0
68 58 46.0
68 60 47.0
68 141 48.0
69 146 37.0
69 107 38.0
69 18 39.0
69 8 40.0
69 117 41.0
69 118 42.0
69 119 43.0
69 120 44.0
69 116 45.0
69 115 46.0
69 102 47.0
69 103 48.0
69 135 49.0
69 137 50.0
70 150 47.0
70 97 48.0
70 35 49.0
70 41 50.0
70 40 51.0
70 80 52.0
70 38 53.0
70 43 54.0
70 44 55.0
70 51 56.0
70 101 57.0
70 151 58.0
71 138 34.0
71 136 35.0
71 105 36.0
71 104 37.0
71 134 38.0
71 133 39.0
71 132 40.0
71 131 41.0
71 130 42.0
71 129 43.0
71 128 44.0
71 9 45.0
71 19 46.0
71 108 47.0
71 145 48.0
72 140 36.0
72 93 37.0
72 92 38.0
72 91 39.0
72 90 40.0
72 89 41.0
72 88 42.0
72 87 43.0
72 41 44.0
72 40 45.0
72 34 46.0
72 96 47.0
72 149 48.0
73 144 35.0
73 68 36.0
73 67 37.0
73 66 38.0
73 65 39.0
73 49 40.0
73 50 41.0
73 64 42.0
73 51 43.0
73 101 44.0
73 151 45.0
74 144 39.0
74 68 40.0
74 67 41.0
74 66 42.0
74 65 43.0
74 49 44.0
74 50 45.0
74 47 46.0
74 53 47.0
74 40 48.0
74 80 49.0
74 38 50.0
74 36 51.0
74 31 52.0
74 94 53.0
74 147 54.0
75 146 31.0
75 107 32.0
75 18 33.0
75 8 34.0
75 9 35.0
75 10 36.0
75 21 37.0
75 22 38.0
75 23 39.0
75 24 40.0
75 25 41.0
75 33 42.0
75 69 43.0
75 71 44.0
75 73 45.0
75 75 46.0
75 77 47.0
75 31 48.0
75 94 49.0
75 147 50.0
76 142 39.0
76 59 40.0
76 57 41.0
76 55 42.0
76 106 43.0
76 1 44.0
76 121 45.0
76 122 46.0
76 123 47.0
76 124 48.0
76 125 49.0
76 126 50.0
76 127 51.0
76 103 52.0
76 135 53.0
76 137 54.0
77 152 36.0
77 100 37.0
77 52 38.0
77 45 39.0
77 44 40.0
77 46 41.0
77 47 42.0
77 48 43.0
77 61 44.0
77 62 45.0
77 63 46.0
77 54 47.0
77 143 48.0
78 150 49.0
78 97 50.0
78 35 51.0
78 41 52.0
78 42 53.0
78 48 54.0
78 61 55.0
78 62 56.0
78 63 57.0
78 54 58.0
78 143 59.0
81 142 41.0
81 59 42.0
81 57 43.0
81 55 44.0
81 106 45.0
81 1 46.0
81 121 47.0
81 122 48.0
81 123 49.0
81 124 50.0
81 125 51.0
81 126 52.0
81 127 53.0
81 103 54.0
81 135 55.0
81 137 56.0
82 146 41.0
82 107 42.0
82 18 43.0
82 17 44.0
82 16 45.0
82 15 46.0
82 14 47.0
82 13 48.0
82 12 49.0
82 11 50.0
82 56 51.0
82 58 52.0
82 60 53.0
82 141 54.0
85 144 49.0
85 68 50.0
85 67 51.0
85 66 52.0
85 65 53.0
85 49 54.0
85 99 55.0
85 153 56.0
87 142 43.0
87 59 44.0
87 57 45.0
87 55 46.0
87 106 47.0
87 1 48.0
87 121 49.0
87 122 50.0
87 123 51.0
87 124 52.0
87 125 53.0
87 126 54.0
87 127 55.0
87 103 56.0
87 135 57.0
87 137 58.0
89 144 46.0
89 68 47.0
89 67 48.0
89 66 49.0
89 65 50.0
89 49 51.0
89 50 52.0
89 47 53.0
89 53 54.0
89 40 55.0
89 34 56.0
89 96 57.0
89 149 58.0
91 148 48.0
91 95 49.0
91 32 50.0
91 79 51.0
91 34 52.0
91 35 53.0
91 81 54.0
91 82 55.0
91 83 56.0
91 84 57.0
91 85 58.0
91 86 59.0
91 139 60.0
92 142 49.0
92 59 50.0
92 57 51.0
92 55 52.0
92 106 53.0
92 1 54.0
92 121 55.0
92 122 56.0
92 123 57.0
92 124 58.0
92 125 59.0
92 126 60.0
92 127 61.0
92 103 62.0
92 135 63.0
92 137 64.0
94 140 48.0
94 93 49.0
94 92 50.0
94 91 51.0
94 90 52.0
94 89 53.0
94 88 54.0
94 87 55.0
94 41 56.0
94 42 57.0
94 48 58.0
94 49 59.0
94 99 60.0
94 153 61.0
95 142 47.0
95 59 48.0
95 57 49.0
95 55 50.0
95 106 51.0
95 1 52.0
95 121 53.0
95 122 54.0
95 123 55.0
95 124 56.0
95 125 57.0
95 126 58.0
95 127 59.0
95 103 60.0
95 135 61.0
95 137 62.0
97 146 49.0
97 107 50.0
97 18 51.0
97 8 52.0
97 9 53.0
97 10 54.0
97 21 55.0
97 22 56.0
97 23 57.0
97 24 58.0
97 25 59.0
97 33 60.0
97 69 61.0
97 71 62.0
97 73 63.0
97 75 64.0
97 77 65.0
97 31 66.0
97 32 67.0
97 79 68.0
97 34 69.0
97 96 70.0
97 149 71.0
99 146 47.0
99 107 48.0
99 18 49.0
99 8 50.0
99 117 51.0
99 118 52.0
99 119 53.0
99 120 54.0
99 116 55.0
99 115 56.0
99 102 57.0
99 103 58.0
99 135 59.0
99 137 60.0
;
param t_hat_lat:=
0 142 1.0
0 59 2.0
0 57 3.0
0 55 4.0
0 106 5.0
0 1 6.0
0 121 7.0
0 122 8.0
0 123 9.0
0 124 10.0
0 125 11.0
0 126 12.0
0 127 13.0
0 103 14.0
0 135 15.0
0 137 16.0
1 138 1.0
1 136 2.0
1 105 3.0
1 104 4.0
1 102 5.0
1 114 6.0
1 113 7.0
1 112 8.0
1 111 9.0
1 110 10.0
1 109 11.0
1 2 12.0
1 11 13.0
1 56 14.0
1 58 15.0
1 60 16.0
1 141 17.0
2 138 3.0
2 136 4.0
2 105 5.0
2 104 6.0
2 134 7.0
2 133 8.0
2 132 9.0
2 131 10.0
2 130 11.0
2 129 12.0
2 128 13.0
2 9 14.0
2 19 15.0
2 108 16.0
2 145 17.0
3 140 7.0
3 93 8.0
3 92 9.0
3 91 10.0
3 90 11.0
3 89 12.0
3 88 13.0
3 87 14.0
3 41 15.0
3 40 16.0
3 34 17.0
3 96 18.0
3 149 19.0
4 148 5.0
4 95 6.0
4 32 7.0
4 38 8.0
4 36 9.0
4 78 10.0
4 76 11.0
4 74 12.0
4 72 13.0
4 70 14.0
4 39 15.0
4 30 16.0
4 29 17.0
4 28 18.0
4 27 19.0
4 26 20.0
4 20 21.0
4 19 22.0
4 108 23.0
4 145 24.0
5 138 5.0
5 136 6.0
5 105 7.0
5 104 8.0
5 102 9.0
5 114 10.0
5 113 11.0
5 112 12.0
5 111 13.0
5 110 14.0
5 109 15.0
5 2 16.0
5 11 17.0
5 56 18.0
5 58 19.0
5 60 20.0
5 141 21.0
6 146 1.0
6 107 2.0
6 18 3.0
6 8 4.0
6 9 5.0
6 10 6.0
6 21 7.0
6 22 8.0
6 23 9.0
6 24 10.0
6 25 11.0
6 33 12.0
6 69 13.0
6 71 14.0
6 73 15.0
6 75 16.0
6 77 17.0
6 31 18.0
6 94 19.0
6 147 20.0
7 148 3.0
7 95 4.0
7 32 5.0
7 38 6.0
7 43 7.0
7 44 8.0
7 51 9.0
7 101 10.0
7 151 11.0
8 148 1.0
8 95 2.0
8 32 3.0
8 38 4.0
8 43 5.0
8 44 6.0
8 46 7.0
8 47 8.0
8 48 9.0
8 61 10.0
8 62 11.0
8 63 12.0
8 54 13.0
8 143 14.0
9 140 3.0
9 93 4.0
9 92 5.0
9 91 6.0
9 90 7.0
9 89 8.0
9 88 9.0
9 87 10.0
9 41 11.0
9 42 12.0
9 48 13.0
9 49 14.0
9 99 15.0
9 153 16.0
10 146 8.0
10 107 9.0
10 18 10.0
10 8 11.0
10 9 12.0
10 10 13.0
10 21 14.0
10 22 15.0
10 23 16.0
10 24 17.0
10 25 18.0
10 33 19.0
10 69 20.0
10 71 21.0
10 73 22.0
10 75 23.0
10 77 24.0
10 31 25.0
10 32 26.0
10 38 27.0
10 43 28.0
10 44 29.0
10 51 30.0
10 101 31.0
10 151 32.0
11 148 7.0
11 95 8.0
11 32 9.0
11 79 10.0
11 34 11.0
11 35 12.0
11 81 13.0
11 82 14.0
11 83 15.0
11 84 16.0
11 85 17.0
11 86 18.0
11 139 19.0
12 148 12.0
12 95 13.0
12 32 14.0
12 38 15.0
12 43 16.0
12 44 17.0
12 51 18.0
12 101 19.0
12 151 20.0
13 152 6.0
13 100 7.0
13 52 8.0
13 45 9.0
13 37 10.0
13 36 11.0
13 78 12.0
13 76 13.0
13 74 14.0
13 72 15.0
13 70 16.0
13 39 17.0
13 30 18.0
13 29 19.0
13 28 20.0
13 27 21.0
13 26 22.0
13 20 23.0
13 19 24.0
13 108 25.0
13 145 26.0
14 138 7.0
14 136 8.0
14 105 9.0
14 104 10.0
14 102 11.0
14 114 12.0
14 113 13.0
14 112 14.0
14 111 15.0
14 110 16.0
14 109 17.0
14 2 18.0
14 11 19.0
14 56 20.0
14 58 21.0
14 60 22.0
14 141 23.0
15 148 9.0
15 95 10.0
15 32 11.0
15 79 12.0
15 34 13.0
15 35 14.0
15 81 15.0
15 82 16.0
15 83 17.0
15 84 18.0
15 85 19.0
15 86 20.0
15 139 21.0
16 148 20.0
16 95 21.0
16 32 22.0
16 79 23.0
16 34 24.0
16 35 25.0
16 81 26.0
16 82 27.0
16 83 28.0
16 84 29.0
16 85 30.0
16 86 31.0
16 139 32.0
17 140 2.1
17 93 2.0
17 92 3.0
17 91 4.0
17 90 5.0
17 89 6.0
17 88 7.0
17 87 8.0
17 41 9.0
17 42 10.0
17 48 11.0
17 49 12.0
17 99 13.0
17 153 14.0
18 144 5.0
18 68 6.0
18 67 7.0
18 66 8.0
18 65 9.0
18 49 10.0
18 50 11.0
18 47 12.0
18 53 13.0
18 40 14.0
18 34 15.0
18 35 16.0
18 81 17.0
18 82 18.0
18 83 19.0
18 84 20.0
18 85 21.0
18 86 22.0
18 139 23.0
19 152 1.0
19 100 2.0
19 52 3.0
19 45 4.0
19 37 5.0
19 36 6.0
19 31 7.0
19 94 8.0
19 147 9.0
20 152 11.0
20 100 12.0
20 52 13.0
20 45 14.0
20 44 15.0
20 46 16.0
20 47 17.0
20 53 18.0
20 40 19.0
20 34 20.0
20 96 21.0
20 149 22.0
21 144 20.0
21 68 21.0
21 67 22.0
21 66 23.0
21 65 24.0
21 49 25.0
21 50 26.0
21 47 27.0
21 53 28.0
21 40 29.0
21 34 30.0
21 35 31.0
21 81 32.0
21 82 33.0
21 83 34.0
21 84 35.0
21 85 36.0
21 86 37.0
21 139 38.0
22 144 12.0
22 68 13.0
22 67 14.0
22 66 15.0
22 65 16.0
22 49 17.0
22 50 18.0
22 47 19.0
22 53 20.0
22 40 21.0
22 34 22.0
22 96 23.0
22 149 24.0
23 144 14.0
23 68 15.0
23 67 16.0
23 66 17.0
23 65 18.0
23 49 19.0
23 50 20.0
23 47 21.0
23 53 22.0
23 40 23.0
23 80 24.0
23 38 25.0
23 36 26.0
23 31 27.0
23 94 28.0
23 147 29.0
24 142 11.0
24 59 12.0
24 57 13.0
24 55 14.0
24 106 15.0
24 1 16.0
24 121 17.0
24 122 18.0
24 123 19.0
24 124 20.0
24 125 21.0
24 126 22.0
24 127 23.0
24 103 24.0
24 135 25.0
24 137 26.0
25 154 20.0
25 98 21.0
25 50 22.0
25 47 23.0
25 53 24.0
25 40 25.0
25 34 26.0
25 96 27.0
25 149 28.0
26 150 18.0
26 97 19.0
26 35 20.0
26 41 21.0
26 42 22.0
26 48 23.0
26 61 24.0
26 62 25.0
26 63 26.0
26 54 27.0
26 143 28.0
27 138 11.0
27 136 12.0
27 105 13.0
27 104 14.0
27 102 15.0
27 114 16.0
27 113 17.0
27 112 18.0
27 111 19.0
27 110 20.0
27 109 21.0
27 2 22.0
27 11 23.0
27 56 24.0
27 58 25.0
27 60 26.0
27 141 27.0
28 138 13.0
28 136 14.0
28 105 15.0
28 104 16.0
28 102 17.0
28 114 18.0
28 113 19.0
28 112 20.0
28 111 21.0
28 110 22.0
28 109 23.0
28 2 24.0
28 11 25.0
28 56 26.0
28 58 27.0
28 60 28.0
28 141 29.0
29 148 16.0
29 95 17.0
29 32 18.0
29 38 19.0
29 36 20.0
29 78 21.0
29 76 22.0
29 74 23.0
29 72 24.0
29 70 25.0
29 39 26.0
29 30 27.0
29 29 28.0
29 28 29.0
29 27 30.0
29 26 31.0
29 20 32.0
29 19 33.0
29 108 34.0
29 145 35.0
30 140 15.0
30 93 16.0
30 92 17.0
30 91 18.0
30 90 19.0
30 89 20.0
30 88 21.0
30 87 22.0
30 41 23.0
30 42 24.0
30 48 25.0
30 61 26.0
30 62 27.0
30 63 28.0
30 54 29.0
30 143 30.0
31 142 20.0
31 59 21.0
31 57 22.0
31 55 23.0
31 106 24.0
31 1 25.0
31 121 26.0
31 122 27.0
31 123 28.0
31 124 29.0
31 125 30.0
31 126 31.0
31 127 32.0
31 103 33.0
31 135 34.0
31 137 35.0
33 148 14.0
33 95 15.0
33 32 16.0
33 38 17.0
33 36 18.0
33 78 19.0
33 76 20.0
33 74 21.0
33 72 22.0
33 70 23.0
33 39 24.0
33 30 25.0
33 29 26.0
33 28 27.0
33 27 28.0
33 26 29.0
33 20 30.0
33 19 31.0
33 108 32.0
33 145 33.0
34 152 19.0
34 100 20.0
34 52 21.0
34 45 22.0
34 44 23.0
34 46 24.0
34 47 25.0
34 53 26.0
34 40 27.0
34 34 28.0
34 35 29.0
34 81 30.0
34 82 31.0
34 83 32.0
34 84 33.0
34 85 34.0
34 86 35.0
34 139 36.0
35 138 15.0
35 136 16.0
35 105 17.0
35 104 18.0
35 134 19.0
35 133 20.0
35 132 21.0
35 131 22.0
35 130 23.0
35 129 24.0
35 128 25.0
35 9 26.0
35 19 27.0
35 108 28.0
35 145 29.0
36 150 33.0
36 97 34.0
36 35 35.0
36 41 36.0
36 40 37.0
36 80 38.0
36 38 39.0
36 36 40.0
36 31 41.0
36 94 42.0
36 147 43.0
37 150 20.0
37 97 21.0
37 35 22.0
37 81 23.0
37 82 24.0
37 83 25.0
37 84 26.0
37 85 27.0
37 86 28.0
37 139 29.0
38 144 16.0
38 68 17.0
38 67 18.0
38 66 19.0
38 65 20.0
38 49 21.0
38 99 22.0
38 153 23.0
39 140 11.0
39 93 12.0
39 92 13.0
39 91 14.0
39 90 15.0
39 89 16.0
39 88 17.0
39 87 18.0
39 41 19.0
39 42 20.0
39 48 21.0
39 61 22.0
39 62 23.0
39 63 24.0
39 54 25.0
39 143 26.0
40 148 26.0
40 95 27.0
40 32 28.0
40 38 29.0
40 43 30.0
40 44 31.0
40 46 32.0
40 47 33.0
40 48 34.0
40 49 35.0
40 99 36.0
40 153 37.0
42 150 40.0
42 97 41.0
42 35 42.0
42 41 43.0
42 40 44.0
42 80 45.0
42 38 46.0
42 36 47.0
42 78 48.0
42 76 49.0
42 74 50.0
42 72 51.0
42 70 52.0
42 39 53.0
42 30 54.0
42 29 55.0
42 28 56.0
42 27 57.0
42 26 58.0
42 20 59.0
42 19 60.0
42 108 61.0
42 145 62.0
43 142 30.0
43 59 31.0
43 57 32.0
43 55 33.0
43 106 34.0
43 1 35.0
43 121 36.0
43 122 37.0
43 123 38.0
43 124 39.0
43 125 40.0
43 126 41.0
43 127 42.0
43 103 43.0
43 135 44.0
43 137 45.0
44 148 30.0
44 95 31.0
44 32 32.0
44 38 33.0
44 43 34.0
44 44 35.0
44 46 36.0
44 47 37.0
44 48 38.0
44 49 39.0
44 99 40.0
44 153 41.0
45 148 38.0
45 95 39.0
45 32 40.0
45 38 41.0
45 43 42.0
45 44 43.0
45 46 44.0
45 47 45.0
45 48 46.0
45 49 47.0
45 99 48.0
45 153 49.0
47 138 21.0
47 136 22.0
47 105 23.0
47 104 24.0
47 102 25.0
47 114 26.0
47 113 27.0
47 112 28.0
47 111 29.0
47 110 30.0
47 109 31.0
47 2 32.0
47 11 33.0
47 56 34.0
47 58 35.0
47 60 36.0
47 141 37.0
48 138 23.0
48 136 24.0
48 105 25.0
48 104 26.0
48 102 27.0
48 114 28.0
48 113 29.0
48 112 30.0
48 111 31.0
48 110 32.0
48 109 33.0
48 2 34.0
48 11 35.0
48 56 36.0
48 58 37.0
48 60 38.0
48 141 39.0
49 148 28.0
49 95 29.0
49 32 30.0
49 38 31.0
49 36 32.0
49 78 33.0
49 76 34.0
49 74 35.0
49 72 36.0
49 70 37.0
49 39 38.0
49 30 39.0
49 29 40.0
49 28 41.0
49 27 42.0
49 26 43.0
49 20 44.0
49 19 45.0
49 108 46.0
49 145 47.0
50 138 25.0
50 136 26.0
50 105 27.0
50 104 28.0
50 102 29.0
50 114 30.0
50 113 31.0
50 112 32.0
50 111 33.0
50 110 34.0
50 109 35.0
50 2 36.0
50 11 37.0
50 56 38.0
50 58 39.0
50 60 40.0
50 141 41.0
51 152 35.0
51 100 36.0
51 52 37.0
51 45 38.0
51 44 39.0
51 46 40.0
51 47 41.0
51 48 42.0
51 49 43.0
51 99 44.0
51 153 45.0
52 138 27.0
52 136 28.0
52 105 29.0
52 104 30.0
52 102 31.0
52 114 32.0
52 113 33.0
52 112 34.0
52 111 35.0
52 110 36.0
52 109 37.0
52 2 38.0
52 11 39.0
52 56 40.0
52 58 41.0
52 60 42.0
52 141 43.0
53 140 30.0
53 93 31.0
53 92 32.0
53 91 33.0
53 90 34.0
53 89 35.0
53 88 36.0
53 87 37.0
53 41 38.0
53 42 39.0
53 48 40.0
53 61 41.0
53 62 42.0
53 63 43.0
53 54 44.0
53 143 45.0
54 154 28.0
54 98 29.0
54 50 30.0
54 47 31.0
54 53 32.0
54 40 33.0
54 80 34.0
54 38 35.0
54 36 36.0
54 78 37.0
54 76 38.0
54 74 39.0
54 72 40.0
54 70 41.0
54 39 42.0
54 30 43.0
54 29 44.0
54 28 45.0
54 27 46.0
54 26 47.0
54 20 48.0
54 19 49.0
54 108 50.0
54 145 51.0
55 152 29.0
55 100 30.0
55 52 31.0
55 45 32.0
55 44 33.0
55 46 34.0
55 47 35.0
55 48 36.0
55 49 37.0
55 99 38.0
55 153 39.0
56 146 30.0
56 107 31.0
56 18 32.0
56 8 33.0
56 9 34.0
56 10 35.0
56 21 36.0
56 22 37.0
56 23 38.0
56 24 39.0
56 25 40.0
56 33 41.0
56 69 42.0
56 71 43.0
56 73 44.0
56 75 45.0
56 77 46.0
56 31 47.0
56 32 48.0
56 79 49.0
56 34 50.0
56 96 51.0
56 149 52.0
57 150 31.0
57 97 32.0
57 35 33.0
57 41 34.0
57 40 35.0
57 80 36.0
57 38 37.0
57 36 38.0
57 31 39.0
57 94 40.0
57 147 41.0
58 144 22.0
58 68 23.0
58 67 24.0
58 66 25.0
58 65 26.0
58 49 27.0
58 50 28.0
58 47 29.0
58 53 30.0
58 40 31.0
58 34 32.0
58 96 33.0
58 149 34.0
59 150 38.0
59 97 39.0
59 35 40.0
59 41 41.0
59 40 42.0
59 80 43.0
59 38 44.0
59 43 45.0
59 44 46.0
59 51 47.0
59 101 48.0
59 151 49.0
60 150 44.0
60 97 45.0
60 35 46.0
60 41 47.0
60 42 48.0
60 48 49.0
60 61 50.0
60 62 51.0
60 63 52.0
60 54 53.0
60 143 54.0
61 150 46.0
61 97 47.0
61 35 48.0
61 41 49.0
61 42 50.0
61 48 51.0
61 61 52.0
61 62 53.0
61 63 54.0
61 54 55.0
61 143 56.0
62 142 32.0
62 59 33.0
62 57 34.0
62 55 35.0
62 106 36.0
62 1 37.0
62 121 38.0
62 122 39.0
62 123 40.0
62 124 41.0
62 125 42.0
62 126 43.0
62 127 44.0
62 103 45.0
62 135 46.0
62 137 47.0
63 146 40.0
63 107 41.0
63 18 42.0
63 8 43.0
63 9 44.0
63 10 45.0
63 21 46.0
63 22 47.0
63 23 48.0
63 24 49.0
63 25 50.0
63 33 51.0
63 69 52.0
63 71 53.0
63 73 54.0
63 75 55.0
63 77 56.0
63 31 57.0
63 32 58.0
63 79 59.0
63 34 60.0
63 96 61.0
63 149 62.0
65 152 50.0
65 100 51.0
65 52 52.0
65 45 53.0
65 44 54.0
65 46 55.0
65 47 56.0
65 48 57.0
65 61 58.0
65 62 59.0
65 63 60.0
65 54 61.0
65 143 62.0
66 138 31.0
66 136 32.0
66 105 33.0
66 104 34.0
66 134 35.0
66 133 36.0
66 132 37.0
66 131 38.0
66 130 39.0
66 129 40.0
66 128 41.0
66 9 42.0
66 19 43.0
66 108 44.0
66 145 45.0
67 154 49.0
67 98 50.0
67 50 51.0
67 47 52.0
67 48 53.0
67 61 54.0
67 62 55.0
67 63 56.0
67 54 57.0
67 143 58.0
68 138 33.0
68 136 34.0
68 105 35.0
68 104 36.0
68 102 37.0
68 114 38.0
68 113 39.0
68 112 40.0
68 111 41.0
68 110 42.0
68 109 43.0
68 2 44.0
68 11 45.0
68 56 46.0
68 58 47.0
68 60 48.0
68 141 49.0
69 146 38.0
69 107 39.0
69 18 40.0
69 8 41.0
69 117 42.0
69 118 43.0
69 119 44.0
69 120 45.0
69 116 46.0
69 115 47.0
69 102 48.0
69 103 49.0
69 135 50.0
69 137 51.0
70 150 48.0
70 97 49.0
70 35 50.0
70 41 51.0
70 40 52.0
70 80 53.0
70 38 54.0
70 43 55.0
70 44 56.0
70 51 57.0
70 101 58.0
70 151 59.0
71 138 35.0
71 136 36.0
71 105 37.0
71 104 38.0
71 134 39.0
71 133 40.0
71 132 41.0
71 131 42.0
71 130 43.0
71 129 44.0
71 128 45.0
71 9 46.0
71 19 47.0
71 108 48.0
71 145 49.0
72 140 37.0
72 93 38.0
72 92 39.0
72 91 40.0
72 90 41.0
72 89 42.0
72 88 43.0
72 87 44.0
72 41 45.0
72 40 46.0
72 34 47.0
72 96 48.0
72 149 49.0
73 144 36.0
73 68 37.0
73 67 38.0
73 66 39.0
73 65 40.0
73 49 41.0
73 50 42.0
73 64 43.0
73 51 44.0
73 101 45.0
73 151 46.0
74 144 40.0
74 68 41.0
74 67 42.0
74 66 43.0
74 65 44.0
74 49 45.0
74 50 46.0
74 47 47.0
74 53 48.0
74 40 49.0
74 80 50.0
74 38 51.0
74 36 52.0
74 31 53.0
74 94 54.0
74 147 55.0
75 146 32.0
75 107 33.0
75 18 34.0
75 8 35.0
75 9 36.0
75 10 37.0
75 21 38.0
75 22 39.0
75 23 40.0
75 24 41.0
75 25 42.0
75 33 43.0
75 69 44.0
75 71 45.0
75 73 46.0
75 75 47.0
75 77 48.0
75 31 49.0
75 94 50.0
75 147 51.0
76 142 40.0
76 59 41.0
76 57 42.0
76 55 43.0
76 106 44.0
76 1 45.0
76 121 46.0
76 122 47.0
76 123 48.0
76 124 49.0
76 125 50.0
76 126 51.0
76 127 52.0
76 103 53.0
76 135 54.0
76 137 55.0
77 152 37.0
77 100 38.0
77 52 39.0
77 45 40.0
77 44 41.0
77 46 42.0
77 47 43.0
77 48 44.0
77 61 45.0
77 62 46.0
77 63 47.0
77 54 48.0
77 143 49.0
78 150 50.0
78 97 51.0
78 35 52.0
78 41 53.0
78 42 54.0
78 48 55.0
78 61 56.0
78 62 57.0
78 63 58.0
78 54 59.0
78 143 60.0
81 142 42.0
81 59 43.0
81 57 44.0
81 55 45.0
81 106 46.0
81 1 47.0
81 121 48.0
81 122 49.0
81 123 50.0
81 124 51.0
81 125 52.0
81 126 53.0
81 127 54.0
81 103 55.0
81 135 56.0
81 137 57.0
82 146 42.0
82 107 43.0
82 18 44.0
82 17 45.0
82 16 46.0
82 15 47.0
82 14 48.0
82 13 49.0
82 12 50.0
82 11 51.0
82 56 52.0
82 58 53.0
82 60 54.0
82 141 55.0
85 144 50.0
85 68 51.0
85 67 52.0
85 66 53.0
85 65 54.0
85 49 55.0
85 99 56.0
85 153 57.0
87 142 44.0
87 59 45.0
87 57 46.0
87 55 47.0
87 106 48.0
87 1 49.0
87 121 50.0
87 122 51.0
87 123 52.0
87 124 53.0
87 125 54.0
87 126 55.0
87 127 56.0
87 103 57.0
87 135 58.0
87 137 59.0
89 144 47.0
89 68 48.0
89 67 49.0
89 66 50.0
89 65 51.0
89 49 52.0
89 50 53.0
89 47 54.0
89 53 55.0
89 40 56.0
89 34 57.0
89 96 58.0
89 149 59.0
91 148 49.0
91 95 50.0
91 32 51.0
91 79 52.0
91 34 53.0
91 35 54.0
91 81 55.0
91 82 56.0
91 83 57.0
91 84 58.0
91 85 59.0
91 86 60.0
91 139 61.0
92 142 50.0
92 59 51.0
92 57 52.0
92 55 53.0
92 106 54.0
92 1 55.0
92 121 56.0
92 122 57.0
92 123 58.0
92 124 59.0
92 125 60.0
92 126 61.0
92 127 62.0
92 103 63.0
92 135 64.0
92 137 65.0
94 140 49.0
94 93 50.0
94 92 51.0
94 91 52.0
94 90 53.0
94 89 54.0
94 88 55.0
94 87 56.0
94 41 57.0
94 42 58.0
94 48 59.0
94 49 60.0
94 99 61.0
94 153 62.0
95 142 48.0
95 59 49.0
95 57 50.0
95 55 51.0
95 106 52.0
95 1 53.0
95 121 54.0
95 122 55.0
95 123 56.0
95 124 57.0
95 125 58.0
95 126 59.0
95 127 60.0
95 103 61.0
95 135 62.0
95 137 63.0
97 146 50.0
97 107 51.0
97 18 52.0
97 8 53.0
97 9 54.0
97 10 55.0
97 21 56.0
97 22 57.0
97 23 58.0
97 24 59.0
97 25 60.0
97 33 61.0
97 69 62.0
97 71 63.0
97 73 64.0
97 75 65.0
97 77 66.0
97 31 67.0
97 32 68.0
97 79 69.0
97 34 70.0
97 96 71.0
97 149 72.0
99 146 48.0
99 107 49.0
99 18 50.0
99 8 51.0
99 117 52.0
99 118 53.0
99 119 54.0
99 120 55.0
99 116 56.0
99 115 57.0
99 102 58.0
99 103 59.0
99 135 60.0
99 137 61.0
;
set fixedFlights :=
0 57 55
0 59 57
0 142 59
0 55 106
0 106 1
0 1 121
0 121 122
0 122 123
0 123 124
0 124 125
0 125 126
0 126 127
0 127 103
0 103 135
0 135 137
1 56 58
1 58 60
1 60 141
1 11 56
1 2 11
1 109 2
1 110 109
1 104 102
1 102 114
1 105 104
1 114 113
1 113 112
1 112 111
1 111 110
1 138 136
1 136 105
2 108 145
2 9 19
2 19 108
2 105 104
2 104 134
2 134 133
2 133 132
2 132 131
2 131 130
2 130 129
2 129 128
2 128 9
2 138 136
2 136 105
3 41 40
3 40 34
3 96 149
3 34 96
3 93 92
3 92 91
3 91 90
3 90 89
3 89 88
3 88 87
3 87 41
3 140 93
4 20 19
4 26 20
4 27 26
4 28 27
4 29 28
4 30 29
4 32 38
4 38 36
4 36 78
4 78 76
4 76 74
4 74 72
4 72 70
4 70 39
4 39 30
4 148 95
4 95 32
4 108 145
4 19 108
5 56 58
5 58 60
5 60 141
5 11 56
5 2 11
5 109 2
5 110 109
5 104 102
5 102 114
5 105 104
5 114 113
5 113 112
5 112 111
5 111 110
5 138 136
5 136 105
6 9 10
6 8 9
6 10 21
6 21 22
6 22 23
6 23 24
6 24 25
6 25 33
6 33 69
6 69 71
6 71 73
6 73 75
6 75 77
6 77 31
6 94 147
6 31 94
6 146 107
6 107 18
6 18 8
7 32 38
7 38 43
7 43 44
7 44 51
7 148 95
7 101 151
7 95 32
7 51 101
8 34 35
8 35 41
8 41 42
8 42 48
8 54 143
8 48 61
8 61 62
8 62 63
8 63 54
8 32 79
8 79 34
8 148 95
8 95 32
9 41 42
9 42 48
9 48 49
9 99 153
9 49 99
9 93 92
9 92 91
9 91 90
9 90 89
9 89 88
9 88 87
9 87 41
9 140 93
10 9 10
10 8 9
10 10 21
10 21 22
10 22 23
10 23 24
10 24 25
10 32 38
10 38 43
10 43 44
10 31 32
10 44 51
10 25 33
10 33 69
10 69 71
10 71 73
10 73 75
10 75 77
10 77 31
10 101 151
10 51 101
10 146 107
10 107 18
10 18 8
11 34 35
11 32 79
11 79 34
11 148 95
11 95 32
11 35 81
11 81 82
11 82 83
11 83 84
11 84 85
11 85 86
11 86 139
12 32 38
12 38 43
12 43 44
12 44 51
12 148 95
12 101 151
12 95 32
12 51 101
13 20 19
13 26 20
13 27 26
13 28 27
13 29 28
13 30 29
13 37 36
13 45 37
13 52 45
13 36 78
13 78 76
13 76 74
13 74 72
13 72 70
13 70 39
13 39 30
13 152 100
13 100 52
13 108 145
13 19 108
14 56 58
14 58 60
14 60 141
14 11 56
14 2 11
14 109 2
14 110 109
14 104 102
14 102 114
14 105 104
14 114 113
14 113 112
14 112 111
14 111 110
14 138 136
14 136 105
15 34 35
15 32 79
15 79 34
15 148 95
15 95 32
15 35 81
15 81 82
15 82 83
15 83 84
15 84 85
15 85 86
15 86 139
16 34 35
16 32 79
16 79 34
16 148 95
16 95 32
16 35 81
16 81 82
16 82 83
16 83 84
16 84 85
16 85 86
16 86 139
18 34 35
18 49 50
18 50 47
18 47 53
18 53 40
18 40 34
18 66 65
18 67 66
18 68 67
18 144 68
18 65 49
18 35 81
18 81 82
18 82 83
18 83 84
18 84 85
18 85 86
18 86 139
19 36 31
19 37 36
19 45 37
19 52 45
19 94 147
19 152 100
19 31 94
19 100 52
20 36 31
20 37 36
20 45 37
20 31 32
20 52 45
20 32 79
20 79 34
20 152 100
20 96 149
20 34 96
20 100 52
21 34 35
21 49 50
21 50 47
21 47 53
21 53 40
21 40 34
21 66 65
21 67 66
21 68 67
21 144 68
21 65 49
21 35 81
21 81 82
21 82 83
21 83 84
21 84 85
21 85 86
21 86 139
22 49 50
22 50 47
22 47 53
22 53 40
22 40 34
22 66 65
22 67 66
22 68 67
22 144 68
22 65 49
22 96 149
22 34 96
23 36 31
23 49 50
23 50 47
23 47 53
23 53 40
23 66 65
23 67 66
23 68 67
23 144 68
23 65 49
23 40 80
23 80 38
23 38 36
23 94 147
23 31 94
24 57 55
24 59 57
24 142 59
24 55 106
24 106 1
24 1 121
24 121 122
24 122 123
24 123 124
24 124 125
24 125 126
24 126 127
24 127 103
24 103 135
24 135 137
25 50 47
25 47 53
25 53 40
25 40 34
25 154 98
25 96 149
25 34 96
25 98 50
26 35 41
26 41 42
26 42 48
26 54 143
26 48 61
26 61 62
26 62 63
26 63 54
26 150 97
26 97 35
27 56 58
27 58 60
27 60 141
27 11 56
27 2 11
27 109 2
27 110 109
27 104 102
27 102 114
27 105 104
27 114 113
27 113 112
27 112 111
27 111 110
27 138 136
27 136 105
28 56 58
28 58 60
28 60 141
28 11 56
28 2 11
28 109 2
28 110 109
28 104 102
28 102 114
28 105 104
28 114 113
28 113 112
28 112 111
28 111 110
28 138 136
28 136 105
29 20 19
29 26 20
29 27 26
29 28 27
29 29 28
29 30 29
29 32 38
29 38 36
29 36 78
29 78 76
29 76 74
29 74 72
29 72 70
29 70 39
29 39 30
29 148 95
29 95 32
29 108 145
29 19 108
30 41 42
30 42 48
30 54 143
30 48 61
30 61 62
30 62 63
30 63 54
30 93 92
30 92 91
30 91 90
30 90 89
30 89 88
30 88 87
30 87 41
30 140 93
31 57 55
31 59 57
31 142 59
31 55 106
31 106 1
31 1 121
31 121 122
31 122 123
31 123 124
31 124 125
31 125 126
31 126 127
31 127 103
31 103 135
31 135 137
33 20 19
33 26 20
33 27 26
33 28 27
33 29 28
33 30 29
33 32 38
33 38 36
33 36 78
33 78 76
33 76 74
33 74 72
33 72 70
33 70 39
33 39 30
33 148 95
33 95 32
33 108 145
33 19 108
34 34 35
34 45 44
34 44 46
34 46 47
34 52 45
34 47 53
34 53 40
34 40 34
34 152 100
34 100 52
34 35 81
34 81 82
34 82 83
34 83 84
34 84 85
34 85 86
34 86 139
35 108 145
35 9 19
35 19 108
35 105 104
35 104 134
35 134 133
35 133 132
35 132 131
35 131 130
35 130 129
35 129 128
35 128 9
35 138 136
35 136 105
36 36 31
36 41 40
36 35 41
36 40 80
36 80 38
36 38 36
36 94 147
36 150 97
36 97 35
36 31 94
37 150 97
37 97 35
37 35 81
37 81 82
37 82 83
37 83 84
37 84 85
37 85 86
37 86 139
38 66 65
38 67 66
38 68 67
38 144 68
38 65 49
38 99 153
38 49 99
39 41 42
39 42 48
39 54 143
39 48 61
39 61 62
39 62 63
39 63 54
39 93 92
39 92 91
39 91 90
39 90 89
39 89 88
39 88 87
39 87 41
39 140 93
40 32 38
40 38 43
40 43 44
40 44 46
40 46 47
40 47 48
40 48 49
40 148 95
40 99 153
40 95 32
40 49 99
42 20 19
42 26 20
42 27 26
42 28 27
42 29 28
42 30 29
42 41 40
42 35 41
42 40 80
42 80 38
42 38 36
42 36 78
42 78 76
42 76 74
42 74 72
42 72 70
42 70 39
42 39 30
42 150 97
42 97 35
42 108 145
42 19 108
43 57 55
43 59 57
43 142 59
43 55 106
43 106 1
43 1 121
43 121 122
43 122 123
43 123 124
43 124 125
43 125 126
43 126 127
43 127 103
43 103 135
43 135 137
44 32 38
44 38 43
44 43 44
44 44 46
44 46 47
44 47 48
44 48 49
44 148 95
44 99 153
44 95 32
44 49 99
45 32 38
45 38 43
45 43 44
45 44 46
45 46 47
45 47 48
45 48 49
45 148 95
45 99 153
45 95 32
45 49 99
47 56 58
47 58 60
47 60 141
47 11 56
47 2 11
47 109 2
47 110 109
47 104 102
47 102 114
47 105 104
47 114 113
47 113 112
47 112 111
47 111 110
47 138 136
47 136 105
48 56 58
48 58 60
48 60 141
48 11 56
48 2 11
48 109 2
48 110 109
48 104 102
48 102 114
48 105 104
48 114 113
48 113 112
48 112 111
48 111 110
48 138 136
48 136 105
49 20 19
49 26 20
49 27 26
49 28 27
49 29 28
49 30 29
49 32 38
49 38 36
49 36 78
49 78 76
49 76 74
49 74 72
49 72 70
49 70 39
49 39 30
49 148 95
49 95 32
49 108 145
49 19 108
50 56 58
50 58 60
50 60 141
50 11 56
50 2 11
50 109 2
50 110 109
50 104 102
50 102 114
50 105 104
50 114 113
50 113 112
50 112 111
50 111 110
50 138 136
50 136 105
51 45 44
51 44 46
51 46 47
51 47 48
51 52 45
51 48 49
51 152 100
51 99 153
51 100 52
51 49 99
52 56 58
52 58 60
52 60 141
52 11 56
52 2 11
52 109 2
52 110 109
52 104 102
52 102 114
52 105 104
52 114 113
52 113 112
52 112 111
52 111 110
52 138 136
52 136 105
53 41 42
53 42 48
53 54 143
53 48 61
53 61 62
53 62 63
53 63 54
53 93 92
53 92 91
53 91 90
53 90 89
53 89 88
53 88 87
53 87 41
53 140 93
54 20 19
54 26 20
54 27 26
54 28 27
54 29 28
54 30 29
54 50 47
54 47 53
54 53 40
54 40 80
54 80 38
54 38 36
54 36 78
54 78 76
54 76 74
54 74 72
54 72 70
54 70 39
54 39 30
54 154 98
54 98 50
54 108 145
54 19 108
55 45 44
55 44 46
55 46 47
55 47 48
55 52 45
55 48 49
55 152 100
55 99 153
55 100 52
55 49 99
56 9 10
56 8 9
56 10 21
56 21 22
56 22 23
56 23 24
56 24 25
56 31 32
56 25 33
56 33 69
56 69 71
56 71 73
56 73 75
56 75 77
56 77 31
56 32 79
56 79 34
56 96 149
56 34 96
56 146 107
56 107 18
56 18 8
57 36 31
57 41 40
57 35 41
57 40 80
57 80 38
57 38 36
57 94 147
57 150 97
57 97 35
57 31 94
58 49 50
58 50 47
58 47 53
58 53 40
58 40 34
58 66 65
58 67 66
58 68 67
58 144 68
58 65 49
58 96 149
58 34 96
59 41 40
59 35 41
59 38 43
59 43 44
59 44 51
59 40 80
59 80 38
59 101 151
59 150 97
59 97 35
59 51 101
60 35 41
60 41 42
60 42 48
60 54 143
60 48 61
60 61 62
60 62 63
60 63 54
60 150 97
60 97 35
61 35 41
61 41 42
61 42 48
61 54 143
61 48 61
61 61 62
61 62 63
61 63 54
61 150 97
61 97 35
62 57 55
62 59 57
62 142 59
62 55 106
62 106 1
62 1 121
62 121 122
62 122 123
62 123 124
62 124 125
62 125 126
62 126 127
62 127 103
62 103 135
62 135 137
63 9 10
63 8 9
63 10 21
63 21 22
63 22 23
63 23 24
63 24 25
63 31 32
63 25 33
63 33 69
63 69 71
63 71 73
63 73 75
63 75 77
63 77 31
63 32 79
63 79 34
63 96 149
63 34 96
63 146 107
63 107 18
63 18 8
65 45 44
65 44 46
65 46 47
65 47 48
65 52 45
65 54 143
65 48 61
65 61 62
65 62 63
65 63 54
65 152 100
65 100 52
66 108 145
66 9 19
66 19 108
66 105 104
66 104 134
66 134 133
66 133 132
66 132 131
66 131 130
66 130 129
66 129 128
66 128 9
66 138 136
66 136 105
67 47 48
67 50 47
67 54 143
67 48 61
67 61 62
67 62 63
67 63 54
67 154 98
67 98 50
68 56 58
68 58 60
68 60 141
68 11 56
68 2 11
68 109 2
68 110 109
68 104 102
68 102 114
68 105 104
68 114 113
68 113 112
68 112 111
68 111 110
68 138 136
68 136 105
69 146 107
69 107 18
69 18 8
69 115 102
69 102 103
69 116 115
69 8 117
69 117 118
69 118 119
69 119 120
69 120 116
69 103 135
69 135 137
70 41 40
70 35 41
70 38 43
70 43 44
70 44 51
70 40 80
70 80 38
70 101 151
70 150 97
70 97 35
70 51 101
71 108 145
71 9 19
71 19 108
71 105 104
71 104 134
71 134 133
71 133 132
71 132 131
71 131 130
71 130 129
71 129 128
71 128 9
71 138 136
71 136 105
72 41 40
72 40 34
72 96 149
72 34 96
72 93 92
72 92 91
72 91 90
72 90 89
72 89 88
72 88 87
72 87 41
72 140 93
73 49 50
73 66 65
73 67 66
73 68 67
73 144 68
73 64 51
73 65 49
73 50 64
73 101 151
73 51 101
74 36 31
74 49 50
74 50 47
74 47 53
74 53 40
74 66 65
74 67 66
74 68 67
74 144 68
74 65 49
74 40 80
74 80 38
74 38 36
74 94 147
74 31 94
75 9 10
75 8 9
75 10 21
75 21 22
75 22 23
75 23 24
75 24 25
75 25 33
75 33 69
75 69 71
75 71 73
75 73 75
75 75 77
75 77 31
75 94 147
75 31 94
75 146 107
75 107 18
75 18 8
76 57 55
76 59 57
76 142 59
76 55 106
76 106 1
76 1 121
76 121 122
76 122 123
76 123 124
76 124 125
76 125 126
76 126 127
76 127 103
76 103 135
76 135 137
77 45 44
77 44 46
77 46 47
77 47 48
77 52 45
77 54 143
77 48 61
77 61 62
77 62 63
77 63 54
77 152 100
77 100 52
78 35 41
78 41 42
78 42 48
78 54 143
78 48 61
78 61 62
78 62 63
78 63 54
78 150 97
78 97 35
81 57 55
81 59 57
81 142 59
81 55 106
81 106 1
81 1 121
81 121 122
81 122 123
81 123 124
81 124 125
81 125 126
81 126 127
81 127 103
81 103 135
81 135 137
82 12 11
82 13 12
82 14 13
82 15 14
82 16 15
82 17 16
82 18 17
82 56 58
82 58 60
82 60 141
82 146 107
82 11 56
82 107 18
85 66 65
85 67 66
85 68 67
85 144 68
85 65 49
85 99 153
85 49 99
87 57 55
87 59 57
87 142 59
87 55 106
87 106 1
87 1 121
87 121 122
87 122 123
87 123 124
87 124 125
87 125 126
87 126 127
87 127 103
87 103 135
87 135 137
89 49 50
89 50 47
89 47 53
89 53 40
89 40 34
89 66 65
89 67 66
89 68 67
89 144 68
89 65 49
89 96 149
89 34 96
91 34 35
91 32 79
91 79 34
91 148 95
91 95 32
91 35 81
91 81 82
91 82 83
91 83 84
91 84 85
91 85 86
91 86 139
92 57 55
92 59 57
92 142 59
92 55 106
92 106 1
92 1 121
92 121 122
92 122 123
92 123 124
92 124 125
92 125 126
92 126 127
92 127 103
92 103 135
92 135 137
94 41 42
94 42 48
94 48 49
94 99 153
94 49 99
94 93 92
94 92 91
94 91 90
94 90 89
94 89 88
94 88 87
94 87 41
94 140 93
95 57 55
95 59 57
95 142 59
95 55 106
95 106 1
95 1 121
95 121 122
95 122 123
95 123 124
95 124 125
95 125 126
95 126 127
95 127 103
95 103 135
95 135 137
97 9 10
97 8 9
97 10 21
97 21 22
97 22 23
97 23 24
97 24 25
97 31 32
97 25 33
97 33 69
97 69 71
97 71 73
97 73 75
97 75 77
97 77 31
97 32 79
97 79 34
97 96 149
97 34 96
97 146 107
97 107 18
97 18 8
99 146 107
99 107 18
99 18 8
99 115 102
99 102 103
99 116 115
99 8 117
99 117 118
99 118 119
99 119 120
99 120 116
99 103 135
99 135 137
;
;
set inFlight:=
0
1
6
8
19
;
param tini := 1.1;
