param nn:= 155;
set F:=
30
37
38
40
41
42
43
44
45
46
47
48
49
50
51
52
53
56
57
58
59
60
61
62
63
64
65
66
67
69
70
71
73
74
75
76
77
81
82
84
86
87
88
90
91
92
94
95
99
;
param: E: d:=
2 3 2.500000
3 4 2.500000
4 5 2.500000
5 6 2.500000
6 7 2.500000
7 0 2.500000
0 8 2.500000
9 10 2.500000
8 9 2.500000
12 11 2.500000
13 12 2.500000
14 13 2.500000
15 14 2.500000
16 15 2.500000
17 16 2.500000
18 17 2.500000
19 18 2.500000
20 19 2.500000
10 21 2.500000
21 22 2.500000
22 23 2.500000
23 24 2.500000
24 25 2.500000
26 20 2.500000
27 26 2.500000
28 27 2.500000
29 28 2.500000
30 29 2.500000
34 35 2.500000
36 31 2.500000
37 36 2.500000
41 40 2.500000
35 41 2.500000
41 42 2.500000
32 38 2.500000
38 43 2.500000
43 44 2.500000
45 37 2.500000
31 32 2.500000
45 44 2.500000
44 46 2.500000
46 47 2.500000
47 48 2.500000
42 48 2.500000
49 50 2.500000
51 52 2.500000
52 45 2.500000
44 51 2.500000
48 49 2.500000
50 47 2.500000
47 53 2.500000
53 40 2.500000
40 34 2.500000
54 143 1.500000
57 55 2.500000
56 58 2.500000
59 57 2.500000
58 60 2.500000
60 141 1.500000
142 59 1.500000
48 61 2.500000
61 62 2.500000
62 63 2.500000
66 65 2.500000
67 66 2.500000
68 67 2.500000
144 68 1.500000
2 1 2.500000
64 51 2.500000
63 54 2.500000
65 49 2.500000
50 64 2.500000
25 33 2.500000
33 69 2.500000
69 71 2.500000
71 73 2.500000
73 75 2.500000
75 77 2.500000
77 31 2.500000
40 80 2.500000
80 38 2.500000
38 36 2.500000
36 78 2.500000
78 76 2.500000
76 74 2.500000
74 72 2.500000
72 70 2.500000
70 39 2.500000
39 30 2.500000
32 79 2.500000
79 34 2.500000
148 95 1.500000
94 147 1.500000
152 100 1.500000
101 151 1.500000
154 98 1.500000
99 153 1.500000
96 149 1.500000
150 97 1.500000
97 35 2.500000
95 32 2.500000
31 94 2.500000
34 96 2.500000
51 101 2.500000
100 52 2.500000
98 50 2.500000
49 99 2.500000
35 81 2.500000
81 82 2.500000
82 83 2.500000
83 84 2.500000
84 85 2.500000
85 86 2.500000
93 92 2.500000
92 91 2.500000
91 90 2.500000
90 89 2.500000
89 88 2.500000
88 87 2.500000
87 41 2.500000
86 139 1.500000
140 93 1.500000
108 145 1.500000
146 107 1.500000
11 56 2.500000
2 11 2.500000
107 18 2.500000
18 8 2.500000
9 19 2.500000
19 108 2.500000
55 106 2.500000
106 1 2.500000
1 121 2.500000
121 122 2.500000
109 2 2.500000
110 109 2.500000
104 102 2.500000
102 114 2.500000
115 102 2.500000
102 103 2.500000
105 104 2.500000
104 134 2.500000
134 133 2.500000
103 105 2.500000
116 115 2.500000
8 117 2.500000
117 118 2.500000
118 119 2.500000
119 120 2.500000
120 116 2.500000
133 132 2.500000
132 131 2.500000
131 130 2.500000
130 129 2.500000
129 128 2.500000
128 9 2.500000
122 123 2.500000
123 124 2.500000
124 125 2.500000
125 126 2.500000
126 127 2.500000
127 103 2.500000
114 113 2.500000
113 112 2.500000
112 111 2.500000
111 110 2.500000
103 135 2.500000
135 137 1.500000
138 136 1.500000
136 105 2.500000
;
param s:=
30 146
37 154
38 140
40 140
41 148
42 148
43 152
44 152
45 146
46 150
47 148
48 144
49 150
50 148
51 154
52 154
53 144
56 142
57 140
58 140
59 140
60 152
61 150
62 154
63 148
64 140
65 146
66 144
67 138
69 144
70 140
71 152
73 148
74 146
75 146
76 152
77 152
81 146
82 144
84 144
86 146
87 142
88 142
90 142
91 152
92 144
94 146
95 152
99 138
;
param e:=
30 151
37 139
38 147
40 149
41 139
42 143
43 139
44 153
45 149
46 145
47 151
48 149
49 143
50 145
51 145
52 149
53 149
56 137
57 151
58 147
59 147
60 149
61 147
62 143
63 143
64 143
65 141
66 151
67 141
69 153
70 149
71 143
73 139
74 151
75 141
76 147
77 147
81 151
82 151
84 149
86 141
87 137
88 137
90 137
91 147
92 151
94 149
95 147
99 141
;
param v_min:=2.375
;
param v_max:=2.625
;
param :conflictsNodes: angle:=
0 7 8 1.000000
0 8 7 1.000000
1 2 121 1.154701
1 121 2 1.154701
1 2 106 1.000000
1 106 2 1.000000
1 106 121 1.000000
1 121 106 1.000000
2 3 11 1.000000
2 11 3 1.000000
2 3 109 1.154701
2 109 3 1.154701
2 1 3 1.000000
2 3 1 1.000000
2 1 11 1.000000
2 11 1 1.000000
2 1 109 1.000000
2 109 1 1.000000
2 11 109 1.000000
2 109 11 1.000000
3 2 4 1.000000
3 4 2 1.000000
4 3 5 1.000000
4 5 3 1.000000
5 4 6 1.000000
5 6 4 1.000000
6 5 7 1.000000
6 7 5 1.000000
7 0 6 1.000000
7 6 0 1.000000
8 0 9 1.000000
8 9 0 1.000000
8 0 117 1.154701
8 117 0 1.154701
8 0 18 1.000000
8 18 0 1.000000
8 9 117 1.000000
8 117 9 1.000000
8 9 18 1.000000
8 18 9 1.000000
8 18 117 1.000000
8 117 18 1.000000
9 8 10 1.000000
9 10 8 1.000000
9 8 19 1.000000
9 19 8 1.000000
9 8 128 1.154701
9 128 8 1.154701
9 10 19 1.000000
9 19 10 1.000000
9 10 128 1.000000
9 128 10 1.000000
9 19 128 1.000000
9 128 19 1.000000
10 9 21 1.000000
10 21 9 1.000000
11 2 12 1.000000
11 12 2 1.000000
11 2 56 1.000000
11 56 2 1.000000
11 12 56 1.000000
11 56 12 1.000000
12 11 13 1.000000
12 13 11 1.000000
13 12 14 1.000000
13 14 12 1.000000
14 13 15 1.000000
14 15 13 1.000000
15 14 16 1.000000
15 16 14 1.000000
16 15 17 1.000000
16 17 15 1.000000
17 16 18 1.000000
17 18 16 1.000000
18 17 19 1.000000
18 19 17 1.000000
18 17 107 1.000000
18 107 17 1.000000
18 8 17 1.000000
18 17 8 1.000000
18 8 19 1.000000
18 19 8 1.000000
18 8 107 1.000000
18 107 8 1.000000
18 19 107 1.000000
18 107 19 1.000000
19 9 18 1.000000
19 18 9 1.000000
19 9 108 1.000000
19 108 9 1.000000
19 9 20 1.000000
19 20 9 1.000000
19 18 108 1.000000
19 108 18 1.000000
19 18 20 1.000000
19 20 18 1.000000
19 20 108 1.000000
19 108 20 1.000000
20 19 26 1.000000
20 26 19 1.000000
21 10 22 1.000000
21 22 10 1.000000
22 21 23 1.000000
22 23 21 1.000000
23 22 24 1.000000
23 24 22 1.000000
24 23 25 1.000000
24 25 23 1.000000
25 24 33 1.000000
25 33 24 1.000000
26 20 27 1.000000
26 27 20 1.000000
27 26 28 1.000000
27 28 26 1.000000
28 27 29 1.000000
28 29 27 1.000000
29 28 30 1.000000
29 30 28 1.000000
30 29 39 1.000000
30 39 29 1.000000
31 36 94 1.000000
31 94 36 1.000000
31 36 77 1.000000
31 77 36 1.000000
31 32 36 1.000000
31 36 32 1.000000
31 32 94 1.000000
31 94 32 1.000000
31 32 77 1.000000
31 77 32 1.000000
31 77 94 1.000000
31 94 77 1.000000
32 31 38 1.000000
32 38 31 1.000000
32 31 79 1.000000
32 79 31 1.000000
32 31 95 1.000000
32 95 31 1.000000
32 38 79 1.000000
32 79 38 1.000000
32 38 95 1.000000
32 95 38 1.000000
32 79 95 1.000000
32 95 79 1.000000
33 25 69 1.000000
33 69 25 1.000000
34 35 96 1.000000
34 96 35 1.000000
34 35 40 1.000000
34 40 35 1.000000
34 35 79 1.000000
34 79 35 1.000000
34 40 96 1.000000
34 96 40 1.000000
34 40 79 1.000000
34 79 40 1.000000
34 79 96 1.000000
34 96 79 1.000000
35 34 41 1.000000
35 41 34 1.000000
35 34 81 1.000000
35 81 34 1.000000
35 34 97 1.000000
35 97 34 1.000000
35 41 81 1.000000
35 81 41 1.000000
35 41 97 1.000000
35 97 41 1.000000
35 81 97 1.189773
35 97 81 1.189773
36 31 78 1.000000
36 78 31 1.000000
36 31 37 1.000000
36 37 31 1.000000
36 31 38 1.000000
36 38 31 1.000000
36 37 78 1.000000
36 78 37 1.000000
36 37 38 1.000000
36 38 37 1.000000
36 38 78 1.000000
36 78 38 1.000000
37 36 45 1.000000
37 45 36 1.000000
38 32 43 1.000000
38 43 32 1.000000
38 32 36 1.000000
38 36 32 1.000000
38 32 80 1.000000
38 80 32 1.000000
38 43 80 1.000000
38 80 43 1.000000
38 36 43 1.000000
38 43 36 1.000000
38 36 80 1.000000
38 80 36 1.000000
39 30 70 1.000000
39 70 30 1.000000
40 41 80 1.000000
40 80 41 1.000000
40 41 53 1.000000
40 53 41 1.000000
40 34 41 1.000000
40 41 34 1.000000
40 34 80 1.000000
40 80 34 1.000000
40 34 53 1.000000
40 53 34 1.000000
40 53 80 1.000000
40 80 53 1.000000
41 35 40 1.000000
41 40 35 1.000000
41 35 42 1.000000
41 42 35 1.000000
41 35 87 1.189773
41 87 35 1.189773
41 40 42 1.000000
41 42 40 1.000000
41 40 87 1.000000
41 87 40 1.000000
41 42 87 1.000000
41 87 42 1.000000
42 41 48 1.000000
42 48 41 1.000000
43 38 44 1.000000
43 44 38 1.000000
44 43 46 1.000000
44 46 43 1.000000
44 43 51 1.000000
44 51 43 1.000000
44 43 45 1.000000
44 45 43 1.000000
44 46 51 1.000000
44 51 46 1.000000
44 45 46 1.000000
44 46 45 1.000000
44 45 51 1.000000
44 51 45 1.000000
45 37 44 1.000000
45 44 37 1.000000
45 37 52 1.000000
45 52 37 1.000000
45 44 52 1.000000
45 52 44 1.000000
46 44 47 1.000000
46 47 44 1.000000
47 46 48 1.000000
47 48 46 1.000000
47 46 53 1.000000
47 53 46 1.000000
47 46 50 1.000000
47 50 46 1.000000
47 48 53 1.000000
47 53 48 1.000000
47 48 50 1.000000
47 50 48 1.000000
47 50 53 1.000000
47 53 50 1.000000
48 42 47 1.000000
48 47 42 1.000000
48 42 49 1.000000
48 49 42 1.000000
48 42 61 1.000000
48 61 42 1.000000
48 47 49 1.000000
48 49 47 1.000000
48 47 61 1.000000
48 61 47 1.000000
48 49 61 1.000000
48 61 49 1.000000
49 48 50 1.000000
49 50 48 1.000000
49 48 99 1.000000
49 99 48 1.000000
49 48 65 1.000000
49 65 48 1.000000
49 50 99 1.000000
49 99 50 1.000000
49 50 65 1.000000
49 65 50 1.000000
49 65 99 1.000000
49 99 65 1.000000
50 49 64 1.000000
50 64 49 1.000000
50 49 98 1.000000
50 98 49 1.000000
50 47 49 1.000000
50 49 47 1.000000
50 47 64 1.000000
50 64 47 1.000000
50 47 98 1.000000
50 98 47 1.000000
50 64 98 1.000000
50 98 64 1.000000
51 44 52 1.000000
51 52 44 1.000000
51 44 101 1.000000
51 101 44 1.000000
51 44 64 1.000000
51 64 44 1.000000
51 52 101 1.000000
51 101 52 1.000000
51 52 64 1.000000
51 64 52 1.000000
51 64 101 1.000000
51 101 64 1.000000
52 51 100 1.000000
52 100 51 1.000000
52 45 51 1.000000
52 51 45 1.000000
52 45 100 1.000000
52 100 45 1.000000
53 40 47 1.000000
53 47 40 1.000000
55 57 106 1.000000
55 106 57 1.000000
56 11 58 1.000000
56 58 11 1.000000
57 55 59 1.000000
57 59 55 1.000000
58 56 60 1.000000
58 60 56 1.000000
61 48 62 1.000000
61 62 48 1.000000
62 61 63 1.000000
62 63 61 1.000000
63 54 62 1.000000
63 62 54 1.000000
64 50 51 1.000000
64 51 50 1.000000
65 49 66 1.000000
65 66 49 1.000000
66 65 67 1.000000
66 67 65 1.000000
67 66 68 1.000000
67 68 66 1.000000
69 33 71 1.000000
69 71 33 1.000000
70 39 72 1.000000
70 72 39 1.000000
71 69 73 1.000000
71 73 69 1.000000
72 70 74 1.000000
72 74 70 1.000000
73 71 75 1.000000
73 75 71 1.000000
74 72 76 1.000000
74 76 72 1.000000
75 73 77 1.000000
75 77 73 1.000000
76 74 78 1.000000
76 78 74 1.000000
77 31 75 1.000000
77 75 31 1.000000
78 36 76 1.000000
78 76 36 1.000000
79 32 34 1.000000
79 34 32 1.000000
80 38 40 1.000000
80 40 38 1.000000
81 35 82 1.000000
81 82 35 1.000000
82 81 83 1.000000
82 83 81 1.000000
83 82 84 1.000000
83 84 82 1.000000
84 83 85 1.000000
84 85 83 1.000000
85 84 86 1.000000
85 86 84 1.000000
87 41 88 1.000000
87 88 41 1.000000
88 87 89 1.000000
88 89 87 1.000000
89 88 90 1.000000
89 90 88 1.000000
90 89 91 1.000000
90 91 89 1.000000
91 90 92 1.000000
91 92 90 1.000000
92 91 93 1.000000
92 93 91 1.000000
102 104 114 1.000000
102 114 104 1.000000
102 104 115 1.000000
102 115 104 1.000000
102 114 115 1.154701
102 115 114 1.154701
102 103 104 1.154701
102 104 103 1.154701
102 103 114 1.000000
102 114 103 1.000000
102 103 115 1.000000
102 115 103 1.000000
103 102 105 1.000000
103 105 102 1.000000
103 102 135 1.000000
103 135 102 1.000000
103 102 127 1.154701
103 127 102 1.154701
103 105 135 1.154701
103 135 105 1.154701
103 105 127 1.000000
103 127 105 1.000000
103 127 135 1.000000
103 135 127 1.000000
104 102 134 1.154701
104 134 102 1.154701
104 102 105 1.000000
104 105 102 1.000000
104 105 134 1.000000
104 134 105 1.000000
105 103 104 1.154701
105 104 103 1.154701
105 103 136 1.000000
105 136 103 1.000000
105 104 136 1.000000
105 136 104 1.000000
106 1 55 1.000000
106 55 1 1.000000
109 2 110 1.000000
109 110 2 1.000000
110 109 111 1.000000
110 111 109 1.000000
111 110 112 1.000000
111 112 110 1.000000
112 111 113 1.000000
112 113 111 1.000000
113 112 114 1.000000
113 114 112 1.000000
114 102 113 1.000000
114 113 102 1.000000
115 102 116 1.000000
115 116 102 1.000000
116 115 120 1.000000
116 120 115 1.000000
117 8 118 1.000000
117 118 8 1.000000
118 117 119 1.000000
118 119 117 1.000000
119 118 120 1.000000
119 120 118 1.000000
120 116 119 1.000000
120 119 116 1.000000
121 1 122 1.000000
121 122 1 1.000000
122 121 123 1.000000
122 123 121 1.000000
123 122 124 1.000000
123 124 122 1.000000
124 123 125 1.000000
124 125 123 1.000000
125 124 126 1.000000
125 126 124 1.000000
126 125 127 1.000000
126 127 125 1.000000
127 103 126 1.000000
127 126 103 1.000000
128 9 129 1.000000
128 129 9 1.000000
129 128 130 1.000000
129 130 128 1.000000
130 129 131 1.000000
130 131 129 1.000000
131 130 132 1.000000
131 132 130 1.000000
132 131 133 1.000000
132 133 131 1.000000
133 132 134 1.000000
133 134 132 1.000000
134 104 133 1.000000
134 133 104 1.000000
;
param D:=0.5;
param t_hat_ear:=
30 146 19.0
30 107 20.0
30 18 21.0
30 8 22.0
30 9 23.0
30 10 24.0
30 21 25.0
30 22 26.0
30 23 27.0
30 24 28.0
30 25 29.0
30 33 30.0
30 69 31.0
30 71 32.0
30 73 33.0
30 75 34.0
30 77 35.0
30 31 36.0
30 32 37.0
30 38 38.0
30 43 39.0
30 44 40.0
30 51 41.0
30 101 42.0
30 151 43.0
37 154 25.0
37 98 26.0
37 50 27.0
37 47 28.0
37 53 29.0
37 40 30.0
37 34 31.0
37 35 32.0
37 81 33.0
37 82 34.0
37 83 35.0
37 84 36.0
37 85 37.0
37 86 38.0
37 139 39.0
38 140 19.0
38 93 20.0
38 92 21.0
38 91 22.0
38 90 23.0
38 89 24.0
38 88 25.0
38 87 26.0
38 41 27.0
38 40 28.0
38 80 29.0
38 38 30.0
38 36 31.0
38 31 32.0
38 94 33.0
38 147 34.0
40 140 27.0
40 93 28.0
40 92 29.0
40 91 30.0
40 90 31.0
40 89 32.0
40 88 33.0
40 87 34.0
40 41 35.0
40 40 36.0
40 34 37.0
40 96 38.0
40 149 39.0
41 148 39.0
41 95 40.0
41 32 41.0
41 79 42.0
41 34 43.0
41 35 44.0
41 81 45.0
41 82 46.0
41 83 47.0
41 84 48.0
41 85 49.0
41 86 50.0
41 139 51.0
42 148 34.1
42 95 34.0
42 32 35.0
42 38 36.0
42 43 37.0
42 44 38.0
42 46 39.0
42 47 40.0
42 48 41.0
42 61 42.0
42 62 43.0
42 63 44.0
42 54 45.0
42 143 46.0
43 152 26.0
43 100 27.0
43 52 28.0
43 45 29.0
43 44 30.0
43 46 31.0
43 47 32.0
43 53 33.0
43 40 34.0
43 34 35.0
43 35 36.0
43 81 37.0
43 82 38.0
43 83 39.0
43 84 40.0
43 85 41.0
43 86 42.0
43 139 43.0
44 152 28.0
44 100 29.0
44 52 30.0
44 45 31.0
44 44 32.0
44 46 33.0
44 47 34.0
44 48 35.0
44 49 36.0
44 99 37.0
44 153 38.0
45 146 21.0
45 107 22.0
45 18 23.0
45 8 24.0
45 9 25.0
45 10 26.0
45 21 27.0
45 22 28.0
45 23 29.0
45 24 30.0
45 25 31.0
45 33 32.0
45 69 33.0
45 71 34.0
45 73 35.0
45 75 36.0
45 77 37.0
45 31 38.0
45 32 39.0
45 79 40.0
45 34 41.0
45 96 42.0
45 149 43.0
46 150 28.0
46 97 29.0
46 35 30.0
46 41 31.0
46 40 32.0
46 80 33.0
46 38 34.0
46 36 35.0
46 78 36.0
46 76 37.0
46 74 38.0
46 72 39.0
46 70 40.0
46 39 41.0
46 30 42.0
46 29 43.0
46 28 44.0
46 27 45.0
46 26 46.0
46 20 47.0
46 19 48.0
46 108 49.0
46 145 50.0
47 148 29.0
47 95 30.0
47 32 31.0
47 38 32.0
47 43 33.0
47 44 34.0
47 51 35.0
47 101 36.0
47 151 37.0
48 144 39.0
48 68 40.0
48 67 41.0
48 66 42.0
48 65 43.0
48 49 44.0
48 50 45.0
48 47 46.0
48 53 47.0
48 40 48.0
48 34 49.0
48 96 50.0
48 149 51.0
49 150 26.0
49 97 27.0
49 35 28.0
49 41 29.0
49 42 30.0
49 48 31.0
49 61 32.0
49 62 33.0
49 63 34.0
49 54 35.0
49 143 36.0
50 148 25.0
50 95 26.0
50 32 27.0
50 38 28.0
50 36 29.0
50 78 30.0
50 76 31.0
50 74 32.0
50 72 33.0
50 70 34.0
50 39 35.0
50 30 36.0
50 29 37.0
50 28 38.0
50 27 39.0
50 26 40.0
50 20 41.0
50 19 42.0
50 108 43.0
50 145 44.0
51 154 39.0
51 98 40.0
51 50 41.0
51 47 42.0
51 53 43.0
51 40 44.0
51 80 45.0
51 38 46.0
51 36 47.0
51 78 48.0
51 76 49.0
51 74 50.0
51 72 51.0
51 70 52.0
51 39 53.0
51 30 54.0
51 29 55.0
51 28 56.0
51 27 57.0
51 26 58.0
51 20 59.0
51 19 60.0
51 108 61.0
51 145 62.0
52 154 45.0
52 98 46.0
52 50 47.0
52 47 48.0
52 53 49.0
52 40 50.0
52 34 51.0
52 96 52.0
52 149 53.0
53 144 29.0
53 68 30.0
53 67 31.0
53 66 32.0
53 65 33.0
53 49 34.0
53 50 35.0
53 47 36.0
53 53 37.0
53 40 38.0
53 34 39.0
53 96 40.0
53 149 41.0
56 142 20.0
56 59 21.0
56 57 22.0
56 55 23.0
56 106 24.0
56 1 25.0
56 121 26.0
56 122 27.0
56 123 28.0
56 124 29.0
56 125 30.0
56 126 31.0
56 127 32.0
56 103 33.0
56 135 34.0
56 137 35.0
57 140 34.1
57 93 34.0
57 92 35.0
57 91 36.0
57 90 37.0
57 89 38.0
57 88 39.0
57 87 40.0
57 41 41.0
57 40 42.0
57 80 43.0
57 38 44.0
57 43 45.0
57 44 46.0
57 51 47.0
57 101 48.0
57 151 49.0
58 140 37.0
58 93 38.0
58 92 39.0
58 91 40.0
58 90 41.0
58 89 42.0
58 88 43.0
58 87 44.0
58 41 45.0
58 40 46.0
58 80 47.0
58 38 48.0
58 36 49.0
58 31 50.0
58 94 51.0
58 147 52.0
59 140 31.0
59 93 32.0
59 92 33.0
59 91 34.0
59 90 35.0
59 89 36.0
59 88 37.0
59 87 38.0
59 41 39.0
59 40 40.0
59 80 41.0
59 38 42.0
59 36 43.0
59 31 44.0
59 94 45.0
59 147 46.0
60 152 46.0
60 100 47.0
60 52 48.0
60 45 49.0
60 44 50.0
60 46 51.0
60 47 52.0
60 53 53.0
60 40 54.0
60 34 55.0
60 96 56.0
60 149 57.0
61 150 48.0
61 97 49.0
61 35 50.0
61 41 51.0
61 40 52.0
61 80 53.0
61 38 54.0
61 36 55.0
61 31 56.0
61 94 57.0
61 147 58.0
62 154 35.0
62 98 36.0
62 50 37.0
62 47 38.0
62 48 39.0
62 61 40.0
62 62 41.0
62 63 42.0
62 54 43.0
62 143 44.0
63 148 49.0
63 95 50.0
63 32 51.0
63 38 52.0
63 43 53.0
63 44 54.0
63 46 55.0
63 47 56.0
63 48 57.0
63 61 58.0
63 62 59.0
63 63 60.0
63 54 61.0
63 143 62.0
64 140 39.0
64 93 40.0
64 92 41.0
64 91 42.0
64 90 43.0
64 89 44.0
64 88 45.0
64 87 46.0
64 41 47.0
64 42 48.0
64 48 49.0
64 61 50.0
64 62 51.0
64 63 52.0
64 54 53.0
64 143 54.0
65 146 37.0
65 107 38.0
65 18 39.0
65 17 40.0
65 16 41.0
65 15 42.0
65 14 43.0
65 13 44.0
65 12 45.0
65 11 46.0
65 56 47.0
65 58 48.0
65 60 49.0
65 141 50.0
66 144 37.0
66 68 38.0
66 67 39.0
66 66 40.0
66 65 41.0
66 49 42.0
66 50 43.0
66 64 44.0
66 51 45.0
66 101 46.0
66 151 47.0
67 138 30.0
67 136 31.0
67 105 32.0
67 104 33.0
67 102 34.0
67 114 35.0
67 113 36.0
67 112 37.0
67 111 38.0
67 110 39.0
67 109 40.0
67 2 41.0
67 11 42.0
67 56 43.0
67 58 44.0
67 60 45.0
67 141 46.0
69 144 34.1
69 68 34.0
69 67 35.0
69 66 36.0
69 65 37.0
69 49 38.0
69 99 39.0
69 153 40.0
70 140 49.0
70 93 50.0
70 92 51.0
70 91 52.0
70 90 53.0
70 89 54.0
70 88 55.0
70 87 56.0
70 41 57.0
70 40 58.0
70 34 59.0
70 96 60.0
70 149 61.0
71 152 38.0
71 100 39.0
71 52 40.0
71 45 41.0
71 44 42.0
71 46 43.0
71 47 44.0
71 48 45.0
71 61 46.0
71 62 47.0
71 63 48.0
71 54 49.0
71 143 50.0
73 148 43.0
73 95 44.0
73 32 45.0
73 79 46.0
73 34 47.0
73 35 48.0
73 81 49.0
73 82 50.0
73 83 51.0
73 84 52.0
73 85 53.0
73 86 54.0
73 139 55.0
74 146 31.0
74 107 32.0
74 18 33.0
74 8 34.0
74 9 35.0
74 10 36.0
74 21 37.0
74 22 38.0
74 23 39.0
74 24 40.0
74 25 41.0
74 33 42.0
74 69 43.0
74 71 44.0
74 73 45.0
74 75 46.0
74 77 47.0
74 31 48.0
74 32 49.0
74 38 50.0
74 43 51.0
74 44 52.0
74 51 53.0
74 101 54.0
74 151 55.0
75 146 35.0
75 107 36.0
75 18 37.0
75 17 38.0
75 16 39.0
75 15 40.0
75 14 41.0
75 13 42.0
75 12 43.0
75 11 44.0
75 56 45.0
75 58 46.0
75 60 47.0
75 141 48.0
76 152 36.0
76 100 37.0
76 52 38.0
76 45 39.0
76 37 40.0
76 36 41.0
76 31 42.0
76 94 43.0
76 147 44.0
77 152 34.0
77 100 35.0
77 52 36.0
77 45 37.0
77 37 38.0
77 36 39.0
77 31 40.0
77 94 41.0
77 147 42.0
81 146 44.0
81 107 45.0
81 18 46.0
81 8 47.0
81 9 48.0
81 10 49.0
81 21 50.0
81 22 51.0
81 23 52.0
81 24 53.0
81 25 54.0
81 33 55.0
81 69 56.0
81 71 57.0
81 73 58.0
81 75 59.0
81 77 60.0
81 31 61.0
81 32 62.0
81 38 63.0
81 43 64.0
81 44 65.0
81 51 66.0
81 101 67.0
81 151 68.0
82 144 43.0
82 68 44.0
82 67 45.0
82 66 46.0
82 65 47.0
82 49 48.0
82 50 49.0
82 64 50.0
82 51 51.0
82 101 52.0
82 151 53.0
84 144 47.0
84 68 48.0
84 67 49.0
84 66 50.0
84 65 51.0
84 49 52.0
84 50 53.0
84 47 54.0
84 53 55.0
84 40 56.0
84 34 57.0
84 96 58.0
84 149 59.0
86 146 46.0
86 107 47.0
86 18 48.0
86 17 49.0
86 16 50.0
86 15 51.0
86 14 52.0
86 13 53.0
86 12 54.0
86 11 55.0
86 56 56.0
86 58 57.0
86 60 58.0
86 141 59.0
87 142 40.0
87 59 41.0
87 57 42.0
87 55 43.0
87 106 44.0
87 1 45.0
87 121 46.0
87 122 47.0
87 123 48.0
87 124 49.0
87 125 50.0
87 126 51.0
87 127 52.0
87 103 53.0
87 135 54.0
87 137 55.0
88 142 42.0
88 59 43.0
88 57 44.0
88 55 45.0
88 106 46.0
88 1 47.0
88 121 48.0
88 122 49.0
88 123 50.0
88 124 51.0
88 125 52.0
88 126 53.0
88 127 54.0
88 103 55.0
88 135 56.0
88 137 57.0
90 142 44.0
90 59 45.0
90 57 46.0
90 55 47.0
90 106 48.0
90 1 49.0
90 121 50.0
90 122 51.0
90 123 52.0
90 124 53.0
90 125 54.0
90 126 55.0
90 127 56.0
90 103 57.0
90 135 58.0
90 137 59.0
91 152 48.0
91 100 49.0
91 52 50.0
91 45 51.0
91 37 52.0
91 36 53.0
91 31 54.0
91 94 55.0
91 147 56.0
92 144 49.0
92 68 50.0
92 67 51.0
92 66 52.0
92 65 53.0
92 49 54.0
92 50 55.0
92 64 56.0
92 51 57.0
92 101 58.0
92 151 59.0
94 146 41.0
94 107 42.0
94 18 43.0
94 8 44.0
94 9 45.0
94 10 46.0
94 21 47.0
94 22 48.0
94 23 49.0
94 24 50.0
94 25 51.0
94 33 52.0
94 69 53.0
94 71 54.0
94 73 55.0
94 75 56.0
94 77 57.0
94 31 58.0
94 32 59.0
94 79 60.0
94 34 61.0
94 96 62.0
94 149 63.0
95 152 40.0
95 100 41.0
95 52 42.0
95 45 43.0
95 37 44.0
95 36 45.0
95 31 46.0
95 94 47.0
95 147 48.0
99 138 45.0
99 136 46.0
99 105 47.0
99 104 48.0
99 102 49.0
99 114 50.0
99 113 51.0
99 112 52.0
99 111 53.0
99 110 54.0
99 109 55.0
99 2 56.0
99 11 57.0
99 56 58.0
99 58 59.0
99 60 60.0
99 141 61.0
;
param t_hat_lat:=
30 146 20.0
30 107 21.0
30 18 22.0
30 8 23.0
30 9 24.0
30 10 25.0
30 21 26.0
30 22 27.0
30 23 28.0
30 24 29.0
30 25 30.0
30 33 31.0
30 69 32.0
30 71 33.0
30 73 34.0
30 75 35.0
30 77 36.0
30 31 37.0
30 32 38.0
30 38 39.0
30 43 40.0
30 44 41.0
30 51 42.0
30 101 43.0
30 151 44.0
37 154 26.0
37 98 27.0
37 50 28.0
37 47 29.0
37 53 30.0
37 40 31.0
37 34 32.0
37 35 33.0
37 81 34.0
37 82 35.0
37 83 36.0
37 84 37.0
37 85 38.0
37 86 39.0
37 139 40.0
38 140 20.0
38 93 21.0
38 92 22.0
38 91 23.0
38 90 24.0
38 89 25.0
38 88 26.0
38 87 27.0
38 41 28.0
38 40 29.0
38 80 30.0
38 38 31.0
38 36 32.0
38 31 33.0
38 94 34.0
38 147 35.0
40 140 28.0
40 93 29.0
40 92 30.0
40 91 31.0
40 90 32.0
40 89 33.0
40 88 34.0
40 87 35.0
40 41 36.0
40 40 37.0
40 34 38.0
40 96 39.0
40 149 40.0
41 148 40.0
41 95 41.0
41 32 42.0
41 79 43.0
41 34 44.0
41 35 45.0
41 81 46.0
41 82 47.0
41 83 48.0
41 84 49.0
41 85 50.0
41 86 51.0
41 139 52.0
42 148 35.099999999999994
42 95 35.0
42 32 36.0
42 38 37.0
42 43 38.0
42 44 39.0
42 46 40.0
42 47 41.0
42 48 42.0
42 61 43.0
42 62 44.0
42 63 45.0
42 54 46.0
42 143 47.0
43 152 27.0
43 100 28.0
43 52 29.0
43 45 30.0
43 44 31.0
43 46 32.0
43 47 33.0
43 53 34.0
43 40 35.0
43 34 36.0
43 35 37.0
43 81 38.0
43 82 39.0
43 83 40.0
43 84 41.0
43 85 42.0
43 86 43.0
43 139 44.0
44 152 29.0
44 100 30.0
44 52 31.0
44 45 32.0
44 44 33.0
44 46 34.0
44 47 35.0
44 48 36.0
44 49 37.0
44 99 38.0
44 153 39.0
45 146 22.0
45 107 23.0
45 18 24.0
45 8 25.0
45 9 26.0
45 10 27.0
45 21 28.0
45 22 29.0
45 23 30.0
45 24 31.0
45 25 32.0
45 33 33.0
45 69 34.0
45 71 35.0
45 73 36.0
45 75 37.0
45 77 38.0
45 31 39.0
45 32 40.0
45 79 41.0
45 34 42.0
45 96 43.0
45 149 44.0
46 150 29.0
46 97 30.0
46 35 31.0
46 41 32.0
46 40 33.0
46 80 34.0
46 38 35.0
46 36 36.0
46 78 37.0
46 76 38.0
46 74 39.0
46 72 40.0
46 70 41.0
46 39 42.0
46 30 43.0
46 29 44.0
46 28 45.0
46 27 46.0
46 26 47.0
46 20 48.0
46 19 49.0
46 108 50.0
46 145 51.0
47 148 30.0
47 95 31.0
47 32 32.0
47 38 33.0
47 43 34.0
47 44 35.0
47 51 36.0
47 101 37.0
47 151 38.0
48 144 40.0
48 68 41.0
48 67 42.0
48 66 43.0
48 65 44.0
48 49 45.0
48 50 46.0
48 47 47.0
48 53 48.0
48 40 49.0
48 34 50.0
48 96 51.0
48 149 52.0
49 150 27.0
49 97 28.0
49 35 29.0
49 41 30.0
49 42 31.0
49 48 32.0
49 61 33.0
49 62 34.0
49 63 35.0
49 54 36.0
49 143 37.0
50 148 26.0
50 95 27.0
50 32 28.0
50 38 29.0
50 36 30.0
50 78 31.0
50 76 32.0
50 74 33.0
50 72 34.0
50 70 35.0
50 39 36.0
50 30 37.0
50 29 38.0
50 28 39.0
50 27 40.0
50 26 41.0
50 20 42.0
50 19 43.0
50 108 44.0
50 145 45.0
51 154 40.0
51 98 41.0
51 50 42.0
51 47 43.0
51 53 44.0
51 40 45.0
51 80 46.0
51 38 47.0
51 36 48.0
51 78 49.0
51 76 50.0
51 74 51.0
51 72 52.0
51 70 53.0
51 39 54.0
51 30 55.0
51 29 56.0
51 28 57.0
51 27 58.0
51 26 59.0
51 20 60.0
51 19 61.0
51 108 62.0
51 145 63.0
52 154 46.0
52 98 47.0
52 50 48.0
52 47 49.0
52 53 50.0
52 40 51.0
52 34 52.0
52 96 53.0
52 149 54.0
53 144 30.0
53 68 31.0
53 67 32.0
53 66 33.0
53 65 34.0
53 49 35.0
53 50 36.0
53 47 37.0
53 53 38.0
53 40 39.0
53 34 40.0
53 96 41.0
53 149 42.0
56 142 21.0
56 59 22.0
56 57 23.0
56 55 24.0
56 106 25.0
56 1 26.0
56 121 27.0
56 122 28.0
56 123 29.0
56 124 30.0
56 125 31.0
56 126 32.0
56 127 33.0
56 103 34.0
56 135 35.0
56 137 36.0
57 140 35.099999999999994
57 93 35.0
57 92 36.0
57 91 37.0
57 90 38.0
57 89 39.0
57 88 40.0
57 87 41.0
57 41 42.0
57 40 43.0
57 80 44.0
57 38 45.0
57 43 46.0
57 44 47.0
57 51 48.0
57 101 49.0
57 151 50.0
58 140 38.0
58 93 39.0
58 92 40.0
58 91 41.0
58 90 42.0
58 89 43.0
58 88 44.0
58 87 45.0
58 41 46.0
58 40 47.0
58 80 48.0
58 38 49.0
58 36 50.0
58 31 51.0
58 94 52.0
58 147 53.0
59 140 32.0
59 93 33.0
59 92 34.0
59 91 35.0
59 90 36.0
59 89 37.0
59 88 38.0
59 87 39.0
59 41 40.0
59 40 41.0
59 80 42.0
59 38 43.0
59 36 44.0
59 31 45.0
59 94 46.0
59 147 47.0
60 152 47.0
60 100 48.0
60 52 49.0
60 45 50.0
60 44 51.0
60 46 52.0
60 47 53.0
60 53 54.0
60 40 55.0
60 34 56.0
60 96 57.0
60 149 58.0
61 150 49.0
61 97 50.0
61 35 51.0
61 41 52.0
61 40 53.0
61 80 54.0
61 38 55.0
61 36 56.0
61 31 57.0
61 94 58.0
61 147 59.0
62 154 36.0
62 98 37.0
62 50 38.0
62 47 39.0
62 48 40.0
62 61 41.0
62 62 42.0
62 63 43.0
62 54 44.0
62 143 45.0
63 148 50.0
63 95 51.0
63 32 52.0
63 38 53.0
63 43 54.0
63 44 55.0
63 46 56.0
63 47 57.0
63 48 58.0
63 61 59.0
63 62 60.0
63 63 61.0
63 54 62.0
63 143 63.0
64 140 40.0
64 93 41.0
64 92 42.0
64 91 43.0
64 90 44.0
64 89 45.0
64 88 46.0
64 87 47.0
64 41 48.0
64 42 49.0
64 48 50.0
64 61 51.0
64 62 52.0
64 63 53.0
64 54 54.0
64 143 55.0
65 146 38.0
65 107 39.0
65 18 40.0
65 17 41.0
65 16 42.0
65 15 43.0
65 14 44.0
65 13 45.0
65 12 46.0
65 11 47.0
65 56 48.0
65 58 49.0
65 60 50.0
65 141 51.0
66 144 38.0
66 68 39.0
66 67 40.0
66 66 41.0
66 65 42.0
66 49 43.0
66 50 44.0
66 64 45.0
66 51 46.0
66 101 47.0
66 151 48.0
67 138 31.0
67 136 32.0
67 105 33.0
67 104 34.0
67 102 35.0
67 114 36.0
67 113 37.0
67 112 38.0
67 111 39.0
67 110 40.0
67 109 41.0
67 2 42.0
67 11 43.0
67 56 44.0
67 58 45.0
67 60 46.0
67 141 47.0
69 144 35.099999999999994
69 68 35.0
69 67 36.0
69 66 37.0
69 65 38.0
69 49 39.0
69 99 40.0
69 153 41.0
70 140 50.0
70 93 51.0
70 92 52.0
70 91 53.0
70 90 54.0
70 89 55.0
70 88 56.0
70 87 57.0
70 41 58.0
70 40 59.0
70 34 60.0
70 96 61.0
70 149 62.0
71 152 39.0
71 100 40.0
71 52 41.0
71 45 42.0
71 44 43.0
71 46 44.0
71 47 45.0
71 48 46.0
71 61 47.0
71 62 48.0
71 63 49.0
71 54 50.0
71 143 51.0
73 148 44.0
73 95 45.0
73 32 46.0
73 79 47.0
73 34 48.0
73 35 49.0
73 81 50.0
73 82 51.0
73 83 52.0
73 84 53.0
73 85 54.0
73 86 55.0
73 139 56.0
74 146 32.0
74 107 33.0
74 18 34.0
74 8 35.0
74 9 36.0
74 10 37.0
74 21 38.0
74 22 39.0
74 23 40.0
74 24 41.0
74 25 42.0
74 33 43.0
74 69 44.0
74 71 45.0
74 73 46.0
74 75 47.0
74 77 48.0
74 31 49.0
74 32 50.0
74 38 51.0
74 43 52.0
74 44 53.0
74 51 54.0
74 101 55.0
74 151 56.0
75 146 36.0
75 107 37.0
75 18 38.0
75 17 39.0
75 16 40.0
75 15 41.0
75 14 42.0
75 13 43.0
75 12 44.0
75 11 45.0
75 56 46.0
75 58 47.0
75 60 48.0
75 141 49.0
76 152 37.0
76 100 38.0
76 52 39.0
76 45 40.0
76 37 41.0
76 36 42.0
76 31 43.0
76 94 44.0
76 147 45.0
77 152 35.0
77 100 36.0
77 52 37.0
77 45 38.0
77 37 39.0
77 36 40.0
77 31 41.0
77 94 42.0
77 147 43.0
81 146 45.0
81 107 46.0
81 18 47.0
81 8 48.0
81 9 49.0
81 10 50.0
81 21 51.0
81 22 52.0
81 23 53.0
81 24 54.0
81 25 55.0
81 33 56.0
81 69 57.0
81 71 58.0
81 73 59.0
81 75 60.0
81 77 61.0
81 31 62.0
81 32 63.0
81 38 64.0
81 43 65.0
81 44 66.0
81 51 67.0
81 101 68.0
81 151 69.0
82 144 44.0
82 68 45.0
82 67 46.0
82 66 47.0
82 65 48.0
82 49 49.0
82 50 50.0
82 64 51.0
82 51 52.0
82 101 53.0
82 151 54.0
84 144 48.0
84 68 49.0
84 67 50.0
84 66 51.0
84 65 52.0
84 49 53.0
84 50 54.0
84 47 55.0
84 53 56.0
84 40 57.0
84 34 58.0
84 96 59.0
84 149 60.0
86 146 47.0
86 107 48.0
86 18 49.0
86 17 50.0
86 16 51.0
86 15 52.0
86 14 53.0
86 13 54.0
86 12 55.0
86 11 56.0
86 56 57.0
86 58 58.0
86 60 59.0
86 141 60.0
87 142 41.0
87 59 42.0
87 57 43.0
87 55 44.0
87 106 45.0
87 1 46.0
87 121 47.0
87 122 48.0
87 123 49.0
87 124 50.0
87 125 51.0
87 126 52.0
87 127 53.0
87 103 54.0
87 135 55.0
87 137 56.0
88 142 43.0
88 59 44.0
88 57 45.0
88 55 46.0
88 106 47.0
88 1 48.0
88 121 49.0
88 122 50.0
88 123 51.0
88 124 52.0
88 125 53.0
88 126 54.0
88 127 55.0
88 103 56.0
88 135 57.0
88 137 58.0
90 142 45.0
90 59 46.0
90 57 47.0
90 55 48.0
90 106 49.0
90 1 50.0
90 121 51.0
90 122 52.0
90 123 53.0
90 124 54.0
90 125 55.0
90 126 56.0
90 127 57.0
90 103 58.0
90 135 59.0
90 137 60.0
91 152 49.0
91 100 50.0
91 52 51.0
91 45 52.0
91 37 53.0
91 36 54.0
91 31 55.0
91 94 56.0
91 147 57.0
92 144 50.0
92 68 51.0
92 67 52.0
92 66 53.0
92 65 54.0
92 49 55.0
92 50 56.0
92 64 57.0
92 51 58.0
92 101 59.0
92 151 60.0
94 146 42.0
94 107 43.0
94 18 44.0
94 8 45.0
94 9 46.0
94 10 47.0
94 21 48.0
94 22 49.0
94 23 50.0
94 24 51.0
94 25 52.0
94 33 53.0
94 69 54.0
94 71 55.0
94 73 56.0
94 75 57.0
94 77 58.0
94 31 59.0
94 32 60.0
94 79 61.0
94 34 62.0
94 96 63.0
94 149 64.0
95 152 41.0
95 100 42.0
95 52 43.0
95 45 44.0
95 37 45.0
95 36 46.0
95 31 47.0
95 94 48.0
95 147 49.0
99 138 46.0
99 136 47.0
99 105 48.0
99 104 49.0
99 102 50.0
99 114 51.0
99 113 52.0
99 112 53.0
99 111 54.0
99 110 55.0
99 109 56.0
99 2 57.0
99 11 58.0
99 56 59.0
99 58 60.0
99 60 61.0
99 141 62.0
;
set fixedFlights :=
30 9 10
30 8 9
30 10 21
30 21 22
30 22 23
30 23 24
30 24 25
30 32 38
30 38 43
30 43 44
30 31 32
30 44 51
30 25 33
30 33 69
30 69 71
30 71 73
30 73 75
30 75 77
30 77 31
30 101 151
30 51 101
30 146 107
30 107 18
30 18 8
37 34 35
37 50 47
37 47 53
37 53 40
37 40 34
37 154 98
37 98 50
37 35 81
37 81 82
37 82 83
37 83 84
37 84 85
37 85 86
37 86 139
38 36 31
38 41 40
38 40 80
38 80 38
38 38 36
38 94 147
38 31 94
38 93 92
38 92 91
38 91 90
38 90 89
38 89 88
38 88 87
38 87 41
38 140 93
40 41 40
40 40 34
40 96 149
40 34 96
40 93 92
40 92 91
40 91 90
40 90 89
40 89 88
40 88 87
40 87 41
40 140 93
41 34 35
41 32 79
41 79 34
41 148 95
41 95 32
41 35 81
41 81 82
41 82 83
41 83 84
41 84 85
41 85 86
41 86 139
43 34 35
43 45 44
43 44 46
43 46 47
43 52 45
43 47 53
43 53 40
43 40 34
43 152 100
43 100 52
43 35 81
43 81 82
43 82 83
43 83 84
43 84 85
43 85 86
43 86 139
44 45 44
44 44 46
44 46 47
44 47 48
44 52 45
44 48 49
44 152 100
44 99 153
44 100 52
44 49 99
45 9 10
45 8 9
45 10 21
45 21 22
45 22 23
45 23 24
45 24 25
45 31 32
45 25 33
45 33 69
45 69 71
45 71 73
45 73 75
45 75 77
45 77 31
45 32 79
45 79 34
45 96 149
45 34 96
45 146 107
45 107 18
45 18 8
46 20 19
46 26 20
46 27 26
46 28 27
46 29 28
46 30 29
46 41 40
46 35 41
46 40 80
46 80 38
46 38 36
46 36 78
46 78 76
46 76 74
46 74 72
46 72 70
46 70 39
46 39 30
46 150 97
46 97 35
46 108 145
46 19 108
47 32 38
47 38 43
47 43 44
47 44 51
47 148 95
47 101 151
47 95 32
47 51 101
48 49 50
48 50 47
48 47 53
48 53 40
48 40 34
48 66 65
48 67 66
48 68 67
48 144 68
48 65 49
48 96 149
48 34 96
49 35 41
49 41 42
49 42 48
49 54 143
49 48 61
49 61 62
49 62 63
49 63 54
49 150 97
49 97 35
50 20 19
50 26 20
50 27 26
50 28 27
50 29 28
50 30 29
50 32 38
50 38 36
50 36 78
50 78 76
50 76 74
50 74 72
50 72 70
50 70 39
50 39 30
50 148 95
50 95 32
50 108 145
50 19 108
51 20 19
51 26 20
51 27 26
51 28 27
51 29 28
51 30 29
51 37 36
51 45 37
51 51 52
51 52 45
51 64 51
51 50 64
51 36 78
51 78 76
51 76 74
51 74 72
51 72 70
51 70 39
51 39 30
51 154 98
51 98 50
51 108 145
51 19 108
52 50 47
52 47 53
52 53 40
52 40 34
52 154 98
52 96 149
52 34 96
52 98 50
53 49 50
53 50 47
53 47 53
53 53 40
53 40 34
53 66 65
53 67 66
53 68 67
53 144 68
53 65 49
53 96 149
53 34 96
56 57 55
56 59 57
56 142 59
56 55 106
56 106 1
56 1 121
56 121 122
56 122 123
56 123 124
56 124 125
56 125 126
56 126 127
56 127 103
56 103 135
56 135 137
58 36 31
58 41 40
58 40 80
58 80 38
58 38 36
58 94 147
58 31 94
58 93 92
58 92 91
58 91 90
58 90 89
58 89 88
58 88 87
58 87 41
58 140 93
59 36 31
59 41 40
59 40 80
59 80 38
59 38 36
59 94 147
59 31 94
59 93 92
59 92 91
59 91 90
59 90 89
59 89 88
59 88 87
59 87 41
59 140 93
60 45 44
60 44 46
60 46 47
60 52 45
60 47 53
60 53 40
60 40 34
60 152 100
60 96 149
60 34 96
60 100 52
61 36 31
61 41 40
61 35 41
61 40 80
61 80 38
61 38 36
61 94 147
61 150 97
61 97 35
61 31 94
62 47 48
62 50 47
62 54 143
62 48 61
62 61 62
62 62 63
62 63 54
62 154 98
62 98 50
63 34 35
63 35 41
63 41 42
63 42 48
63 54 143
63 48 61
63 61 62
63 62 63
63 63 54
63 32 79
63 79 34
63 148 95
63 95 32
64 41 42
64 42 48
64 54 143
64 48 61
64 61 62
64 62 63
64 63 54
64 93 92
64 92 91
64 91 90
64 90 89
64 89 88
64 88 87
64 87 41
64 140 93
65 12 11
65 13 12
65 14 13
65 15 14
65 16 15
65 17 16
65 18 17
65 56 58
65 58 60
65 60 141
65 146 107
65 11 56
65 107 18
66 49 50
66 66 65
66 67 66
66 68 67
66 144 68
66 64 51
66 65 49
66 50 64
66 101 151
66 51 101
67 56 58
67 58 60
67 60 141
67 11 56
67 2 11
67 109 2
67 110 109
67 104 102
67 102 114
67 105 104
67 114 113
67 113 112
67 112 111
67 111 110
67 138 136
67 136 105
70 41 40
70 40 34
70 96 149
70 34 96
70 93 92
70 92 91
70 91 90
70 90 89
70 89 88
70 88 87
70 87 41
70 140 93
71 45 44
71 44 46
71 46 47
71 47 48
71 52 45
71 54 143
71 48 61
71 61 62
71 62 63
71 63 54
71 152 100
71 100 52
73 34 35
73 32 79
73 79 34
73 148 95
73 95 32
73 35 81
73 81 82
73 82 83
73 83 84
73 84 85
73 85 86
73 86 139
74 9 10
74 8 9
74 10 21
74 21 22
74 22 23
74 23 24
74 24 25
74 32 38
74 38 43
74 43 44
74 31 32
74 44 51
74 25 33
74 33 69
74 69 71
74 71 73
74 73 75
74 75 77
74 77 31
74 101 151
74 51 101
74 146 107
74 107 18
74 18 8
75 12 11
75 13 12
75 14 13
75 15 14
75 16 15
75 17 16
75 18 17
75 56 58
75 58 60
75 60 141
75 146 107
75 11 56
75 107 18
76 36 31
76 37 36
76 45 37
76 52 45
76 94 147
76 152 100
76 31 94
76 100 52
77 36 31
77 37 36
77 45 37
77 52 45
77 94 147
77 152 100
77 31 94
77 100 52
81 9 10
81 8 9
81 10 21
81 21 22
81 22 23
81 23 24
81 24 25
81 32 38
81 38 43
81 43 44
81 31 32
81 44 51
81 25 33
81 33 69
81 69 71
81 71 73
81 73 75
81 75 77
81 77 31
81 101 151
81 51 101
81 146 107
81 107 18
81 18 8
82 49 50
82 66 65
82 67 66
82 68 67
82 144 68
82 64 51
82 65 49
82 50 64
82 101 151
82 51 101
84 49 50
84 50 47
84 47 53
84 53 40
84 40 34
84 66 65
84 67 66
84 68 67
84 144 68
84 65 49
84 96 149
84 34 96
86 12 11
86 13 12
86 14 13
86 15 14
86 16 15
86 17 16
86 18 17
86 56 58
86 58 60
86 60 141
86 146 107
86 11 56
86 107 18
87 57 55
87 59 57
87 142 59
87 55 106
87 106 1
87 1 121
87 121 122
87 122 123
87 123 124
87 124 125
87 125 126
87 126 127
87 127 103
87 103 135
87 135 137
88 57 55
88 59 57
88 142 59
88 55 106
88 106 1
88 1 121
88 121 122
88 122 123
88 123 124
88 124 125
88 125 126
88 126 127
88 127 103
88 103 135
88 135 137
90 57 55
90 59 57
90 142 59
90 55 106
90 106 1
90 1 121
90 121 122
90 122 123
90 123 124
90 124 125
90 125 126
90 126 127
90 127 103
90 103 135
90 135 137
91 36 31
91 37 36
91 45 37
91 52 45
91 94 147
91 152 100
91 31 94
91 100 52
92 49 50
92 66 65
92 67 66
92 68 67
92 144 68
92 64 51
92 65 49
92 50 64
92 101 151
92 51 101
94 9 10
94 8 9
94 10 21
94 21 22
94 22 23
94 23 24
94 24 25
94 31 32
94 25 33
94 33 69
94 69 71
94 71 73
94 73 75
94 75 77
94 77 31
94 32 79
94 79 34
94 96 149
94 34 96
94 146 107
94 107 18
94 18 8
95 36 31
95 37 36
95 45 37
95 52 45
95 94 147
95 152 100
95 31 94
95 100 52
99 56 58
99 58 60
99 60 141
99 11 56
99 2 11
99 109 2
99 110 109
99 104 102
99 102 114
99 105 104
99 114 113
99 113 112
99 112 111
99 111 110
99 138 136
99 136 105
;
;
set inFlight:=
30
37
38
40
43
44
45
46
47
49
50
53
56
59
67
74
77
;
param tini := 34.1;
