param nn:= 155;
set F:=
31
41
42
44
46
47
53
57
58
61
62
63
65
66
67
68
69
70
71
72
73
74
75
76
77
82
83
84
85
86
87
88
89
90
92
94
95
97
98
99
;
param: E: d:=
2 3 2.500000
3 4 2.500000
4 5 2.500000
5 6 2.500000
6 7 2.500000
7 0 2.500000
0 8 2.500000
9 10 2.500000
8 9 2.500000
12 11 2.500000
13 12 2.500000
14 13 2.500000
15 14 2.500000
16 15 2.500000
17 16 2.500000
18 17 2.500000
19 18 2.500000
20 19 2.500000
10 21 2.500000
21 22 2.500000
22 23 2.500000
23 24 2.500000
24 25 2.500000
26 20 2.500000
27 26 2.500000
28 27 2.500000
29 28 2.500000
30 29 2.500000
34 35 2.500000
36 31 2.500000
37 36 2.500000
41 40 2.500000
35 41 2.500000
41 42 2.500000
32 38 2.500000
38 43 2.500000
43 44 2.500000
45 37 2.500000
31 32 2.500000
45 44 2.500000
44 46 2.500000
46 47 2.500000
47 48 2.500000
42 48 2.500000
49 50 2.500000
51 52 2.500000
52 45 2.500000
44 51 2.500000
48 49 2.500000
50 47 2.500000
47 53 2.500000
53 40 2.500000
40 34 2.500000
54 143 1.500000
57 55 2.500000
56 58 2.500000
59 57 2.500000
58 60 2.500000
60 141 1.500000
142 59 1.500000
48 61 2.500000
61 62 2.500000
62 63 2.500000
66 65 2.500000
67 66 2.500000
68 67 2.500000
144 68 1.500000
2 1 2.500000
64 51 2.500000
63 54 2.500000
65 49 2.500000
50 64 2.500000
25 33 2.500000
33 69 2.500000
69 71 2.500000
71 73 2.500000
73 75 2.500000
75 77 2.500000
77 31 2.500000
40 80 2.500000
80 38 2.500000
38 36 2.500000
36 78 2.500000
78 76 2.500000
76 74 2.500000
74 72 2.500000
72 70 2.500000
70 39 2.500000
39 30 2.500000
32 79 2.500000
79 34 2.500000
148 95 1.500000
94 147 1.500000
152 100 1.500000
101 151 1.500000
154 98 1.500000
99 153 1.500000
96 149 1.500000
150 97 1.500000
97 35 2.500000
95 32 2.500000
31 94 2.500000
34 96 2.500000
51 101 2.500000
100 52 2.500000
98 50 2.500000
49 99 2.500000
35 81 2.500000
81 82 2.500000
82 83 2.500000
83 84 2.500000
84 85 2.500000
85 86 2.500000
93 92 2.500000
92 91 2.500000
91 90 2.500000
90 89 2.500000
89 88 2.500000
88 87 2.500000
87 41 2.500000
86 139 1.500000
140 93 1.500000
108 145 1.500000
146 107 1.500000
11 56 2.500000
2 11 2.500000
107 18 2.500000
18 8 2.500000
9 19 2.500000
19 108 2.500000
55 106 2.500000
106 1 2.500000
1 121 2.500000
121 122 2.500000
109 2 2.500000
110 109 2.500000
104 102 2.500000
102 114 2.500000
115 102 2.500000
102 103 2.500000
105 104 2.500000
104 134 2.500000
134 133 2.500000
103 105 2.500000
116 115 2.500000
8 117 2.500000
117 118 2.500000
118 119 2.500000
119 120 2.500000
120 116 2.500000
133 132 2.500000
132 131 2.500000
131 130 2.500000
130 129 2.500000
129 128 2.500000
128 9 2.500000
122 123 2.500000
123 124 2.500000
124 125 2.500000
125 126 2.500000
126 127 2.500000
127 103 2.500000
114 113 2.500000
113 112 2.500000
112 111 2.500000
111 110 2.500000
103 135 2.500000
135 137 1.500000
138 136 1.500000
136 105 2.500000
;
param s:=
31 144
41 146
42 146
44 138
46 140
47 150
53 154
57 154
58 154
61 138
62 150
63 140
65 144
66 154
67 140
68 146
69 150
70 146
71 144
72 140
73 148
74 146
75 138
76 148
77 150
82 138
83 146
84 152
85 142
86 142
87 138
88 152
89 144
90 138
92 138
94 142
95 154
97 150
98 146
99 146
;
param e:=
31 139
41 149
42 151
44 141
46 147
47 151
53 147
57 139
58 143
61 145
62 147
63 143
65 139
66 145
67 151
68 149
69 145
70 141
71 151
72 153
73 145
74 149
75 141
76 145
77 143
82 141
83 141
84 153
85 137
86 137
87 141
88 147
89 153
90 145
92 145
94 137
95 143
97 143
98 151
99 151
;
param v_min:=2.375
;
param v_max:=2.625
;
param :conflictsNodes: angle:=
0 7 8 1.000000
0 8 7 1.000000
1 2 121 1.154701
1 121 2 1.154701
1 2 106 1.000000
1 106 2 1.000000
1 106 121 1.000000
1 121 106 1.000000
2 3 11 1.000000
2 11 3 1.000000
2 3 109 1.154701
2 109 3 1.154701
2 1 3 1.000000
2 3 1 1.000000
2 1 11 1.000000
2 11 1 1.000000
2 1 109 1.000000
2 109 1 1.000000
2 11 109 1.000000
2 109 11 1.000000
3 2 4 1.000000
3 4 2 1.000000
4 3 5 1.000000
4 5 3 1.000000
5 4 6 1.000000
5 6 4 1.000000
6 5 7 1.000000
6 7 5 1.000000
7 0 6 1.000000
7 6 0 1.000000
8 0 9 1.000000
8 9 0 1.000000
8 0 117 1.154701
8 117 0 1.154701
8 0 18 1.000000
8 18 0 1.000000
8 9 117 1.000000
8 117 9 1.000000
8 9 18 1.000000
8 18 9 1.000000
8 18 117 1.000000
8 117 18 1.000000
9 8 10 1.000000
9 10 8 1.000000
9 8 19 1.000000
9 19 8 1.000000
9 8 128 1.154701
9 128 8 1.154701
9 10 19 1.000000
9 19 10 1.000000
9 10 128 1.000000
9 128 10 1.000000
9 19 128 1.000000
9 128 19 1.000000
10 9 21 1.000000
10 21 9 1.000000
11 2 12 1.000000
11 12 2 1.000000
11 2 56 1.000000
11 56 2 1.000000
11 12 56 1.000000
11 56 12 1.000000
12 11 13 1.000000
12 13 11 1.000000
13 12 14 1.000000
13 14 12 1.000000
14 13 15 1.000000
14 15 13 1.000000
15 14 16 1.000000
15 16 14 1.000000
16 15 17 1.000000
16 17 15 1.000000
17 16 18 1.000000
17 18 16 1.000000
18 17 19 1.000000
18 19 17 1.000000
18 17 107 1.000000
18 107 17 1.000000
18 8 17 1.000000
18 17 8 1.000000
18 8 19 1.000000
18 19 8 1.000000
18 8 107 1.000000
18 107 8 1.000000
18 19 107 1.000000
18 107 19 1.000000
19 9 18 1.000000
19 18 9 1.000000
19 9 108 1.000000
19 108 9 1.000000
19 9 20 1.000000
19 20 9 1.000000
19 18 108 1.000000
19 108 18 1.000000
19 18 20 1.000000
19 20 18 1.000000
19 20 108 1.000000
19 108 20 1.000000
20 19 26 1.000000
20 26 19 1.000000
21 10 22 1.000000
21 22 10 1.000000
22 21 23 1.000000
22 23 21 1.000000
23 22 24 1.000000
23 24 22 1.000000
24 23 25 1.000000
24 25 23 1.000000
25 24 33 1.000000
25 33 24 1.000000
26 20 27 1.000000
26 27 20 1.000000
27 26 28 1.000000
27 28 26 1.000000
28 27 29 1.000000
28 29 27 1.000000
29 28 30 1.000000
29 30 28 1.000000
30 29 39 1.000000
30 39 29 1.000000
31 36 94 1.000000
31 94 36 1.000000
31 36 77 1.000000
31 77 36 1.000000
31 32 36 1.000000
31 36 32 1.000000
31 32 94 1.000000
31 94 32 1.000000
31 32 77 1.000000
31 77 32 1.000000
31 77 94 1.000000
31 94 77 1.000000
32 31 38 1.000000
32 38 31 1.000000
32 31 79 1.000000
32 79 31 1.000000
32 31 95 1.000000
32 95 31 1.000000
32 38 79 1.000000
32 79 38 1.000000
32 38 95 1.000000
32 95 38 1.000000
32 79 95 1.000000
32 95 79 1.000000
33 25 69 1.000000
33 69 25 1.000000
34 35 96 1.000000
34 96 35 1.000000
34 35 40 1.000000
34 40 35 1.000000
34 35 79 1.000000
34 79 35 1.000000
34 40 96 1.000000
34 96 40 1.000000
34 40 79 1.000000
34 79 40 1.000000
34 79 96 1.000000
34 96 79 1.000000
35 34 41 1.000000
35 41 34 1.000000
35 34 81 1.000000
35 81 34 1.000000
35 34 97 1.000000
35 97 34 1.000000
35 41 81 1.000000
35 81 41 1.000000
35 41 97 1.000000
35 97 41 1.000000
35 81 97 1.189773
35 97 81 1.189773
36 31 78 1.000000
36 78 31 1.000000
36 31 37 1.000000
36 37 31 1.000000
36 31 38 1.000000
36 38 31 1.000000
36 37 78 1.000000
36 78 37 1.000000
36 37 38 1.000000
36 38 37 1.000000
36 38 78 1.000000
36 78 38 1.000000
37 36 45 1.000000
37 45 36 1.000000
38 32 43 1.000000
38 43 32 1.000000
38 32 36 1.000000
38 36 32 1.000000
38 32 80 1.000000
38 80 32 1.000000
38 43 80 1.000000
38 80 43 1.000000
38 36 43 1.000000
38 43 36 1.000000
38 36 80 1.000000
38 80 36 1.000000
39 30 70 1.000000
39 70 30 1.000000
40 41 80 1.000000
40 80 41 1.000000
40 41 53 1.000000
40 53 41 1.000000
40 34 41 1.000000
40 41 34 1.000000
40 34 80 1.000000
40 80 34 1.000000
40 34 53 1.000000
40 53 34 1.000000
40 53 80 1.000000
40 80 53 1.000000
41 35 40 1.000000
41 40 35 1.000000
41 35 42 1.000000
41 42 35 1.000000
41 35 87 1.189773
41 87 35 1.189773
41 40 42 1.000000
41 42 40 1.000000
41 40 87 1.000000
41 87 40 1.000000
41 42 87 1.000000
41 87 42 1.000000
42 41 48 1.000000
42 48 41 1.000000
43 38 44 1.000000
43 44 38 1.000000
44 43 46 1.000000
44 46 43 1.000000
44 43 51 1.000000
44 51 43 1.000000
44 43 45 1.000000
44 45 43 1.000000
44 46 51 1.000000
44 51 46 1.000000
44 45 46 1.000000
44 46 45 1.000000
44 45 51 1.000000
44 51 45 1.000000
45 37 44 1.000000
45 44 37 1.000000
45 37 52 1.000000
45 52 37 1.000000
45 44 52 1.000000
45 52 44 1.000000
46 44 47 1.000000
46 47 44 1.000000
47 46 48 1.000000
47 48 46 1.000000
47 46 53 1.000000
47 53 46 1.000000
47 46 50 1.000000
47 50 46 1.000000
47 48 53 1.000000
47 53 48 1.000000
47 48 50 1.000000
47 50 48 1.000000
47 50 53 1.000000
47 53 50 1.000000
48 42 47 1.000000
48 47 42 1.000000
48 42 49 1.000000
48 49 42 1.000000
48 42 61 1.000000
48 61 42 1.000000
48 47 49 1.000000
48 49 47 1.000000
48 47 61 1.000000
48 61 47 1.000000
48 49 61 1.000000
48 61 49 1.000000
49 48 50 1.000000
49 50 48 1.000000
49 48 99 1.000000
49 99 48 1.000000
49 48 65 1.000000
49 65 48 1.000000
49 50 99 1.000000
49 99 50 1.000000
49 50 65 1.000000
49 65 50 1.000000
49 65 99 1.000000
49 99 65 1.000000
50 49 64 1.000000
50 64 49 1.000000
50 49 98 1.000000
50 98 49 1.000000
50 47 49 1.000000
50 49 47 1.000000
50 47 64 1.000000
50 64 47 1.000000
50 47 98 1.000000
50 98 47 1.000000
50 64 98 1.000000
50 98 64 1.000000
51 44 52 1.000000
51 52 44 1.000000
51 44 101 1.000000
51 101 44 1.000000
51 44 64 1.000000
51 64 44 1.000000
51 52 101 1.000000
51 101 52 1.000000
51 52 64 1.000000
51 64 52 1.000000
51 64 101 1.000000
51 101 64 1.000000
52 51 100 1.000000
52 100 51 1.000000
52 45 51 1.000000
52 51 45 1.000000
52 45 100 1.000000
52 100 45 1.000000
53 40 47 1.000000
53 47 40 1.000000
55 57 106 1.000000
55 106 57 1.000000
56 11 58 1.000000
56 58 11 1.000000
57 55 59 1.000000
57 59 55 1.000000
58 56 60 1.000000
58 60 56 1.000000
61 48 62 1.000000
61 62 48 1.000000
62 61 63 1.000000
62 63 61 1.000000
63 54 62 1.000000
63 62 54 1.000000
64 50 51 1.000000
64 51 50 1.000000
65 49 66 1.000000
65 66 49 1.000000
66 65 67 1.000000
66 67 65 1.000000
67 66 68 1.000000
67 68 66 1.000000
69 33 71 1.000000
69 71 33 1.000000
70 39 72 1.000000
70 72 39 1.000000
71 69 73 1.000000
71 73 69 1.000000
72 70 74 1.000000
72 74 70 1.000000
73 71 75 1.000000
73 75 71 1.000000
74 72 76 1.000000
74 76 72 1.000000
75 73 77 1.000000
75 77 73 1.000000
76 74 78 1.000000
76 78 74 1.000000
77 31 75 1.000000
77 75 31 1.000000
78 36 76 1.000000
78 76 36 1.000000
79 32 34 1.000000
79 34 32 1.000000
80 38 40 1.000000
80 40 38 1.000000
81 35 82 1.000000
81 82 35 1.000000
82 81 83 1.000000
82 83 81 1.000000
83 82 84 1.000000
83 84 82 1.000000
84 83 85 1.000000
84 85 83 1.000000
85 84 86 1.000000
85 86 84 1.000000
87 41 88 1.000000
87 88 41 1.000000
88 87 89 1.000000
88 89 87 1.000000
89 88 90 1.000000
89 90 88 1.000000
90 89 91 1.000000
90 91 89 1.000000
91 90 92 1.000000
91 92 90 1.000000
92 91 93 1.000000
92 93 91 1.000000
102 104 114 1.000000
102 114 104 1.000000
102 104 115 1.000000
102 115 104 1.000000
102 114 115 1.154701
102 115 114 1.154701
102 103 104 1.154701
102 104 103 1.154701
102 103 114 1.000000
102 114 103 1.000000
102 103 115 1.000000
102 115 103 1.000000
103 102 105 1.000000
103 105 102 1.000000
103 102 135 1.000000
103 135 102 1.000000
103 102 127 1.154701
103 127 102 1.154701
103 105 135 1.154701
103 135 105 1.154701
103 105 127 1.000000
103 127 105 1.000000
103 127 135 1.000000
103 135 127 1.000000
104 102 134 1.154701
104 134 102 1.154701
104 102 105 1.000000
104 105 102 1.000000
104 105 134 1.000000
104 134 105 1.000000
105 103 104 1.154701
105 104 103 1.154701
105 103 136 1.000000
105 136 103 1.000000
105 104 136 1.000000
105 136 104 1.000000
106 1 55 1.000000
106 55 1 1.000000
109 2 110 1.000000
109 110 2 1.000000
110 109 111 1.000000
110 111 109 1.000000
111 110 112 1.000000
111 112 110 1.000000
112 111 113 1.000000
112 113 111 1.000000
113 112 114 1.000000
113 114 112 1.000000
114 102 113 1.000000
114 113 102 1.000000
115 102 116 1.000000
115 116 102 1.000000
116 115 120 1.000000
116 120 115 1.000000
117 8 118 1.000000
117 118 8 1.000000
118 117 119 1.000000
118 119 117 1.000000
119 118 120 1.000000
119 120 118 1.000000
120 116 119 1.000000
120 119 116 1.000000
121 1 122 1.000000
121 122 1 1.000000
122 121 123 1.000000
122 123 121 1.000000
123 122 124 1.000000
123 124 122 1.000000
124 123 125 1.000000
124 125 123 1.000000
125 124 126 1.000000
125 126 124 1.000000
126 125 127 1.000000
126 127 125 1.000000
127 103 126 1.000000
127 126 103 1.000000
128 9 129 1.000000
128 129 9 1.000000
129 128 130 1.000000
129 130 128 1.000000
130 129 131 1.000000
130 131 129 1.000000
131 130 132 1.000000
131 132 130 1.000000
132 131 133 1.000000
132 133 131 1.000000
133 132 134 1.000000
133 134 132 1.000000
134 104 133 1.000000
134 133 104 1.000000
;
param D:=0.5;
param t_hat_ear:=
31 144 26.0
31 68 27.0
31 67 28.0
31 66 29.0
31 65 30.0
31 49 31.0
31 50 32.0
31 47 33.0
31 53 34.0
31 40 35.0
31 34 36.0
31 35 37.0
31 81 38.0
31 82 39.0
31 83 40.0
31 84 41.0
31 85 42.0
31 86 43.0
31 139 44.0
41 146 26.0
41 107 27.0
41 18 28.0
41 8 29.0
41 9 30.0
41 10 31.0
41 21 32.0
41 22 33.0
41 23 34.0
41 24 35.0
41 25 36.0
41 33 37.0
41 69 38.0
41 71 39.0
41 73 40.0
41 75 41.0
41 77 42.0
41 31 43.0
41 32 44.0
41 79 45.0
41 34 46.0
41 96 47.0
41 149 48.0
42 146 22.0
42 107 23.0
42 18 24.0
42 8 25.0
42 9 26.0
42 10 27.0
42 21 28.0
42 22 29.0
42 23 30.0
42 24 31.0
42 25 32.0
42 33 33.0
42 69 34.0
42 71 35.0
42 73 36.0
42 75 37.0
42 77 38.0
42 31 39.0
42 32 40.0
42 38 41.0
42 43 42.0
42 44 43.0
42 51 44.0
42 101 45.0
42 151 46.0
44 138 28.0
44 136 29.0
44 105 30.0
44 104 31.0
44 102 32.0
44 114 33.0
44 113 34.0
44 112 35.0
44 111 36.0
44 110 37.0
44 109 38.0
44 2 39.0
44 11 40.0
44 56 41.0
44 58 42.0
44 60 43.0
44 141 44.0
46 140 28.0
46 93 29.0
46 92 30.0
46 91 31.0
46 90 32.0
46 89 33.0
46 88 34.0
46 87 35.0
46 41 36.0
46 40 37.0
46 80 38.0
46 38 39.0
46 36 40.0
46 31 41.0
46 94 42.0
46 147 43.0
47 150 39.0
47 97 40.0
47 35 41.0
47 41 42.0
47 40 43.0
47 80 44.0
47 38 45.0
47 43 46.0
47 44 47.0
47 51 48.0
47 101 49.0
47 151 50.0
53 154 38.0
53 98 39.0
53 50 40.0
53 64 41.0
53 51 42.0
53 52 43.0
53 45 44.0
53 37 45.0
53 36 46.0
53 31 47.0
53 94 48.0
53 147 49.0
57 154 36.0
57 98 37.0
57 50 38.0
57 47 39.0
57 53 40.0
57 40 41.0
57 34 42.0
57 35 43.0
57 81 44.0
57 82 45.0
57 83 46.0
57 84 47.0
57 85 48.0
57 86 49.0
57 139 50.0
58 154 44.0
58 98 45.0
58 50 46.0
58 47 47.0
58 48 48.0
58 61 49.0
58 62 50.0
58 63 51.0
58 54 52.0
58 143 53.0
61 138 30.0
61 136 31.0
61 105 32.0
61 104 33.0
61 134 34.0
61 133 35.0
61 132 36.0
61 131 37.0
61 130 38.0
61 129 39.0
61 128 40.0
61 9 41.0
61 19 42.0
61 108 43.0
61 145 44.0
62 150 45.0
62 97 46.0
62 35 47.0
62 41 48.0
62 40 49.0
62 80 50.0
62 38 51.0
62 36 52.0
62 31 53.0
62 94 54.0
62 147 55.0
63 140 36.0
63 93 37.0
63 92 38.0
63 91 39.0
63 90 40.0
63 89 41.0
63 88 42.0
63 87 43.0
63 41 44.0
63 42 45.0
63 48 46.0
63 61 47.0
63 62 48.0
63 63 49.0
63 54 50.0
63 143 51.0
65 144 46.0
65 68 47.0
65 67 48.0
65 66 49.0
65 65 50.0
65 49 51.0
65 50 52.0
65 47 53.0
65 53 54.0
65 40 55.0
65 34 56.0
65 35 57.0
65 81 58.0
65 82 59.0
65 83 60.0
65 84 61.0
65 85 62.0
65 86 63.0
65 139 64.0
66 154 48.0
66 98 49.0
66 50 50.0
66 47 51.0
66 53 52.0
66 40 53.0
66 80 54.0
66 38 55.0
66 36 56.0
66 78 57.0
66 76 58.0
66 74 59.0
66 72 60.0
66 70 61.0
66 39 62.0
66 30 63.0
66 29 64.0
66 28 65.0
66 27 66.0
66 26 67.0
66 20 68.0
66 19 69.0
66 108 70.0
66 145 71.0
67 140 38.0
67 93 39.0
67 92 40.0
67 91 41.0
67 90 42.0
67 89 43.0
67 88 44.0
67 87 45.0
67 41 46.0
67 40 47.0
67 80 48.0
67 38 49.0
67 43 50.0
67 44 51.0
67 51 52.0
67 101 53.0
67 151 54.0
68 146 39.0
68 107 40.0
68 18 41.0
68 8 42.0
68 9 43.0
68 10 44.0
68 21 45.0
68 22 46.0
68 23 47.0
68 24 48.0
68 25 49.0
68 33 50.0
68 69 51.0
68 71 52.0
68 73 53.0
68 75 54.0
68 77 55.0
68 31 56.0
68 32 57.0
68 79 58.0
68 34 59.0
68 96 60.0
68 149 61.0
69 150 47.0
69 97 48.0
69 35 49.0
69 41 50.0
69 40 51.0
69 80 52.0
69 38 53.0
69 36 54.0
69 78 55.0
69 76 56.0
69 74 57.0
69 72 58.0
69 70 59.0
69 39 60.0
69 30 61.0
69 29 62.0
69 28 63.0
69 27 64.0
69 26 65.0
69 20 66.0
69 19 67.0
69 108 68.0
69 145 69.0
70 146 34.0
70 107 35.0
70 18 36.0
70 17 37.0
70 16 38.0
70 15 39.0
70 14 40.0
70 13 41.0
70 12 42.0
70 11 43.0
70 56 44.0
70 58 45.0
70 60 46.0
70 141 47.0
71 144 38.0
71 68 39.0
71 67 40.0
71 66 41.0
71 65 42.0
71 49 43.0
71 50 44.0
71 64 45.0
71 51 46.0
71 101 47.0
71 151 48.0
72 140 30.0
72 93 31.0
72 92 32.0
72 91 33.0
72 90 34.0
72 89 35.0
72 88 36.0
72 87 37.0
72 41 38.0
72 42 39.0
72 48 40.0
72 49 41.0
72 99 42.0
72 153 43.0
73 148 40.0
73 95 41.0
73 32 42.0
73 38 43.0
73 36 44.0
73 78 45.0
73 76 46.0
73 74 47.0
73 72 48.0
73 70 49.0
73 39 50.0
73 30 51.0
73 29 52.0
73 28 53.0
73 27 54.0
73 26 55.0
73 20 56.0
73 19 57.0
73 108 58.0
73 145 59.0
74 146 32.0
74 107 33.0
74 18 34.0
74 8 35.0
74 9 36.0
74 10 37.0
74 21 38.0
74 22 39.0
74 23 40.0
74 24 41.0
74 25 42.0
74 33 43.0
74 69 44.0
74 71 45.0
74 73 46.0
74 75 47.0
74 77 48.0
74 31 49.0
74 32 50.0
74 79 51.0
74 34 52.0
74 96 53.0
74 149 54.0
75 138 33.0
75 136 34.0
75 105 35.0
75 104 36.0
75 102 37.0
75 114 38.0
75 113 39.0
75 112 40.0
75 111 41.0
75 110 42.0
75 109 43.0
75 2 44.0
75 11 45.0
75 56 46.0
75 58 47.0
75 60 48.0
75 141 49.0
76 148 44.0
76 95 45.0
76 32 46.0
76 38 47.0
76 36 48.0
76 78 49.0
76 76 50.0
76 74 51.0
76 72 52.0
76 70 53.0
76 39 54.0
76 30 55.0
76 29 56.0
76 28 57.0
76 27 58.0
76 26 59.0
76 20 60.0
76 19 61.0
76 108 62.0
76 145 63.0
77 150 37.0
77 97 38.0
77 35 39.0
77 41 40.0
77 42 41.0
77 48 42.0
77 61 43.0
77 62 44.0
77 63 45.0
77 54 46.0
77 143 47.0
82 138 40.0
82 136 41.0
82 105 42.0
82 104 43.0
82 102 44.0
82 114 45.0
82 113 46.0
82 112 47.0
82 111 48.0
82 110 49.0
82 109 50.0
82 2 51.0
82 11 52.0
82 56 53.0
82 58 54.0
82 60 55.0
82 141 56.0
83 146 41.0
83 107 42.0
83 18 43.0
83 17 44.0
83 16 45.0
83 15 46.0
83 14 47.0
83 13 48.0
83 12 49.0
83 11 50.0
83 56 51.0
83 58 52.0
83 60 53.0
83 141 54.0
84 152 49.0
84 100 50.0
84 52 51.0
84 45 52.0
84 44 53.0
84 46 54.0
84 47 55.0
84 48 56.0
84 49 57.0
84 99 58.0
84 153 59.0
85 142 40.0
85 59 41.0
85 57 42.0
85 55 43.0
85 106 44.0
85 1 45.0
85 121 46.0
85 122 47.0
85 123 48.0
85 124 49.0
85 125 50.0
85 126 51.0
85 127 52.0
85 103 53.0
85 135 54.0
85 137 55.0
86 142 43.1
86 59 43.0
86 57 44.0
86 55 45.0
86 106 46.0
86 1 47.0
86 121 48.0
86 122 49.0
86 123 50.0
86 124 51.0
86 125 52.0
86 126 53.0
86 127 54.0
86 103 55.0
86 135 56.0
86 137 57.0
87 138 44.0
87 136 45.0
87 105 46.0
87 104 47.0
87 102 48.0
87 114 49.0
87 113 50.0
87 112 51.0
87 111 52.0
87 110 53.0
87 109 54.0
87 2 55.0
87 11 56.0
87 56 57.0
87 58 58.0
87 60 59.0
87 141 60.0
88 152 45.0
88 100 46.0
88 52 47.0
88 45 48.0
88 37 49.0
88 36 50.0
88 31 51.0
88 94 52.0
88 147 53.0
89 144 40.0
89 68 41.0
89 67 42.0
89 66 43.0
89 65 44.0
89 49 45.0
89 99 46.0
89 153 47.0
90 138 42.0
90 136 43.0
90 105 44.0
90 104 45.0
90 134 46.0
90 133 47.0
90 132 48.0
90 131 49.0
90 130 50.0
90 129 51.0
90 128 52.0
90 9 53.0
90 19 54.0
90 108 55.0
90 145 56.0
92 138 47.0
92 136 48.0
92 105 49.0
92 104 50.0
92 134 51.0
92 133 52.0
92 132 53.0
92 131 54.0
92 130 55.0
92 129 56.0
92 128 57.0
92 9 58.0
92 19 59.0
92 108 60.0
92 145 61.0
94 142 44.0
94 59 45.0
94 57 46.0
94 55 47.0
94 106 48.0
94 1 49.0
94 121 50.0
94 122 51.0
94 123 52.0
94 124 53.0
94 125 54.0
94 126 55.0
94 127 56.0
94 103 57.0
94 135 58.0
94 137 59.0
95 154 46.0
95 98 47.0
95 50 48.0
95 47 49.0
95 48 50.0
95 61 51.0
95 62 52.0
95 63 53.0
95 54 54.0
95 143 55.0
97 150 49.0
97 97 50.0
97 35 51.0
97 41 52.0
97 42 53.0
97 48 54.0
97 61 55.0
97 62 56.0
97 63 57.0
97 54 58.0
97 143 59.0
98 146 45.0
98 107 46.0
98 18 47.0
98 8 48.0
98 9 49.0
98 10 50.0
98 21 51.0
98 22 52.0
98 23 53.0
98 24 54.0
98 25 55.0
98 33 56.0
98 69 57.0
98 71 58.0
98 73 59.0
98 75 60.0
98 77 61.0
98 31 62.0
98 32 63.0
98 38 64.0
98 43 65.0
98 44 66.0
98 51 67.0
98 101 68.0
98 151 69.0
99 146 43.0
99 107 44.0
99 18 45.0
99 8 46.0
99 9 47.0
99 10 48.0
99 21 49.0
99 22 50.0
99 23 51.0
99 24 52.0
99 25 53.0
99 33 54.0
99 69 55.0
99 71 56.0
99 73 57.0
99 75 58.0
99 77 59.0
99 31 60.0
99 32 61.0
99 38 62.0
99 43 63.0
99 44 64.0
99 51 65.0
99 101 66.0
99 151 67.0
;
param t_hat_lat:=
31 144 27.0
31 68 28.0
31 67 29.0
31 66 30.0
31 65 31.0
31 49 32.0
31 50 33.0
31 47 34.0
31 53 35.0
31 40 36.0
31 34 37.0
31 35 38.0
31 81 39.0
31 82 40.0
31 83 41.0
31 84 42.0
31 85 43.0
31 86 44.0
31 139 45.0
41 146 27.0
41 107 28.0
41 18 29.0
41 8 30.0
41 9 31.0
41 10 32.0
41 21 33.0
41 22 34.0
41 23 35.0
41 24 36.0
41 25 37.0
41 33 38.0
41 69 39.0
41 71 40.0
41 73 41.0
41 75 42.0
41 77 43.0
41 31 44.0
41 32 45.0
41 79 46.0
41 34 47.0
41 96 48.0
41 149 49.0
42 146 23.0
42 107 24.0
42 18 25.0
42 8 26.0
42 9 27.0
42 10 28.0
42 21 29.0
42 22 30.0
42 23 31.0
42 24 32.0
42 25 33.0
42 33 34.0
42 69 35.0
42 71 36.0
42 73 37.0
42 75 38.0
42 77 39.0
42 31 40.0
42 32 41.0
42 38 42.0
42 43 43.0
42 44 44.0
42 51 45.0
42 101 46.0
42 151 47.0
44 138 29.0
44 136 30.0
44 105 31.0
44 104 32.0
44 102 33.0
44 114 34.0
44 113 35.0
44 112 36.0
44 111 37.0
44 110 38.0
44 109 39.0
44 2 40.0
44 11 41.0
44 56 42.0
44 58 43.0
44 60 44.0
44 141 45.0
46 140 29.0
46 93 30.0
46 92 31.0
46 91 32.0
46 90 33.0
46 89 34.0
46 88 35.0
46 87 36.0
46 41 37.0
46 40 38.0
46 80 39.0
46 38 40.0
46 36 41.0
46 31 42.0
46 94 43.0
46 147 44.0
47 150 40.0
47 97 41.0
47 35 42.0
47 41 43.0
47 40 44.0
47 80 45.0
47 38 46.0
47 43 47.0
47 44 48.0
47 51 49.0
47 101 50.0
47 151 51.0
53 154 39.0
53 98 40.0
53 50 41.0
53 64 42.0
53 51 43.0
53 52 44.0
53 45 45.0
53 37 46.0
53 36 47.0
53 31 48.0
53 94 49.0
53 147 50.0
57 154 37.0
57 98 38.0
57 50 39.0
57 47 40.0
57 53 41.0
57 40 42.0
57 34 43.0
57 35 44.0
57 81 45.0
57 82 46.0
57 83 47.0
57 84 48.0
57 85 49.0
57 86 50.0
57 139 51.0
58 154 45.0
58 98 46.0
58 50 47.0
58 47 48.0
58 48 49.0
58 61 50.0
58 62 51.0
58 63 52.0
58 54 53.0
58 143 54.0
61 138 31.0
61 136 32.0
61 105 33.0
61 104 34.0
61 134 35.0
61 133 36.0
61 132 37.0
61 131 38.0
61 130 39.0
61 129 40.0
61 128 41.0
61 9 42.0
61 19 43.0
61 108 44.0
61 145 45.0
62 150 46.0
62 97 47.0
62 35 48.0
62 41 49.0
62 40 50.0
62 80 51.0
62 38 52.0
62 36 53.0
62 31 54.0
62 94 55.0
62 147 56.0
63 140 37.0
63 93 38.0
63 92 39.0
63 91 40.0
63 90 41.0
63 89 42.0
63 88 43.0
63 87 44.0
63 41 45.0
63 42 46.0
63 48 47.0
63 61 48.0
63 62 49.0
63 63 50.0
63 54 51.0
63 143 52.0
65 144 47.0
65 68 48.0
65 67 49.0
65 66 50.0
65 65 51.0
65 49 52.0
65 50 53.0
65 47 54.0
65 53 55.0
65 40 56.0
65 34 57.0
65 35 58.0
65 81 59.0
65 82 60.0
65 83 61.0
65 84 62.0
65 85 63.0
65 86 64.0
65 139 65.0
66 154 49.0
66 98 50.0
66 50 51.0
66 47 52.0
66 53 53.0
66 40 54.0
66 80 55.0
66 38 56.0
66 36 57.0
66 78 58.0
66 76 59.0
66 74 60.0
66 72 61.0
66 70 62.0
66 39 63.0
66 30 64.0
66 29 65.0
66 28 66.0
66 27 67.0
66 26 68.0
66 20 69.0
66 19 70.0
66 108 71.0
66 145 72.0
67 140 39.0
67 93 40.0
67 92 41.0
67 91 42.0
67 90 43.0
67 89 44.0
67 88 45.0
67 87 46.0
67 41 47.0
67 40 48.0
67 80 49.0
67 38 50.0
67 43 51.0
67 44 52.0
67 51 53.0
67 101 54.0
67 151 55.0
68 146 40.0
68 107 41.0
68 18 42.0
68 8 43.0
68 9 44.0
68 10 45.0
68 21 46.0
68 22 47.0
68 23 48.0
68 24 49.0
68 25 50.0
68 33 51.0
68 69 52.0
68 71 53.0
68 73 54.0
68 75 55.0
68 77 56.0
68 31 57.0
68 32 58.0
68 79 59.0
68 34 60.0
68 96 61.0
68 149 62.0
69 150 48.0
69 97 49.0
69 35 50.0
69 41 51.0
69 40 52.0
69 80 53.0
69 38 54.0
69 36 55.0
69 78 56.0
69 76 57.0
69 74 58.0
69 72 59.0
69 70 60.0
69 39 61.0
69 30 62.0
69 29 63.0
69 28 64.0
69 27 65.0
69 26 66.0
69 20 67.0
69 19 68.0
69 108 69.0
69 145 70.0
70 146 35.0
70 107 36.0
70 18 37.0
70 17 38.0
70 16 39.0
70 15 40.0
70 14 41.0
70 13 42.0
70 12 43.0
70 11 44.0
70 56 45.0
70 58 46.0
70 60 47.0
70 141 48.0
71 144 39.0
71 68 40.0
71 67 41.0
71 66 42.0
71 65 43.0
71 49 44.0
71 50 45.0
71 64 46.0
71 51 47.0
71 101 48.0
71 151 49.0
72 140 31.0
72 93 32.0
72 92 33.0
72 91 34.0
72 90 35.0
72 89 36.0
72 88 37.0
72 87 38.0
72 41 39.0
72 42 40.0
72 48 41.0
72 49 42.0
72 99 43.0
72 153 44.0
73 148 41.0
73 95 42.0
73 32 43.0
73 38 44.0
73 36 45.0
73 78 46.0
73 76 47.0
73 74 48.0
73 72 49.0
73 70 50.0
73 39 51.0
73 30 52.0
73 29 53.0
73 28 54.0
73 27 55.0
73 26 56.0
73 20 57.0
73 19 58.0
73 108 59.0
73 145 60.0
74 146 33.0
74 107 34.0
74 18 35.0
74 8 36.0
74 9 37.0
74 10 38.0
74 21 39.0
74 22 40.0
74 23 41.0
74 24 42.0
74 25 43.0
74 33 44.0
74 69 45.0
74 71 46.0
74 73 47.0
74 75 48.0
74 77 49.0
74 31 50.0
74 32 51.0
74 79 52.0
74 34 53.0
74 96 54.0
74 149 55.0
75 138 34.0
75 136 35.0
75 105 36.0
75 104 37.0
75 102 38.0
75 114 39.0
75 113 40.0
75 112 41.0
75 111 42.0
75 110 43.0
75 109 44.0
75 2 45.0
75 11 46.0
75 56 47.0
75 58 48.0
75 60 49.0
75 141 50.0
76 148 45.0
76 95 46.0
76 32 47.0
76 38 48.0
76 36 49.0
76 78 50.0
76 76 51.0
76 74 52.0
76 72 53.0
76 70 54.0
76 39 55.0
76 30 56.0
76 29 57.0
76 28 58.0
76 27 59.0
76 26 60.0
76 20 61.0
76 19 62.0
76 108 63.0
76 145 64.0
77 150 38.0
77 97 39.0
77 35 40.0
77 41 41.0
77 42 42.0
77 48 43.0
77 61 44.0
77 62 45.0
77 63 46.0
77 54 47.0
77 143 48.0
82 138 41.0
82 136 42.0
82 105 43.0
82 104 44.0
82 102 45.0
82 114 46.0
82 113 47.0
82 112 48.0
82 111 49.0
82 110 50.0
82 109 51.0
82 2 52.0
82 11 53.0
82 56 54.0
82 58 55.0
82 60 56.0
82 141 57.0
83 146 42.0
83 107 43.0
83 18 44.0
83 17 45.0
83 16 46.0
83 15 47.0
83 14 48.0
83 13 49.0
83 12 50.0
83 11 51.0
83 56 52.0
83 58 53.0
83 60 54.0
83 141 55.0
84 152 50.0
84 100 51.0
84 52 52.0
84 45 53.0
84 44 54.0
84 46 55.0
84 47 56.0
84 48 57.0
84 49 58.0
84 99 59.0
84 153 60.0
85 142 41.0
85 59 42.0
85 57 43.0
85 55 44.0
85 106 45.0
85 1 46.0
85 121 47.0
85 122 48.0
85 123 49.0
85 124 50.0
85 125 51.0
85 126 52.0
85 127 53.0
85 103 54.0
85 135 55.0
85 137 56.0
86 142 44.099999999999994
86 59 44.0
86 57 45.0
86 55 46.0
86 106 47.0
86 1 48.0
86 121 49.0
86 122 50.0
86 123 51.0
86 124 52.0
86 125 53.0
86 126 54.0
86 127 55.0
86 103 56.0
86 135 57.0
86 137 58.0
87 138 45.0
87 136 46.0
87 105 47.0
87 104 48.0
87 102 49.0
87 114 50.0
87 113 51.0
87 112 52.0
87 111 53.0
87 110 54.0
87 109 55.0
87 2 56.0
87 11 57.0
87 56 58.0
87 58 59.0
87 60 60.0
87 141 61.0
88 152 46.0
88 100 47.0
88 52 48.0
88 45 49.0
88 37 50.0
88 36 51.0
88 31 52.0
88 94 53.0
88 147 54.0
89 144 41.0
89 68 42.0
89 67 43.0
89 66 44.0
89 65 45.0
89 49 46.0
89 99 47.0
89 153 48.0
90 138 43.0
90 136 44.0
90 105 45.0
90 104 46.0
90 134 47.0
90 133 48.0
90 132 49.0
90 131 50.0
90 130 51.0
90 129 52.0
90 128 53.0
90 9 54.0
90 19 55.0
90 108 56.0
90 145 57.0
92 138 48.0
92 136 49.0
92 105 50.0
92 104 51.0
92 134 52.0
92 133 53.0
92 132 54.0
92 131 55.0
92 130 56.0
92 129 57.0
92 128 58.0
92 9 59.0
92 19 60.0
92 108 61.0
92 145 62.0
94 142 45.0
94 59 46.0
94 57 47.0
94 55 48.0
94 106 49.0
94 1 50.0
94 121 51.0
94 122 52.0
94 123 53.0
94 124 54.0
94 125 55.0
94 126 56.0
94 127 57.0
94 103 58.0
94 135 59.0
94 137 60.0
95 154 47.0
95 98 48.0
95 50 49.0
95 47 50.0
95 48 51.0
95 61 52.0
95 62 53.0
95 63 54.0
95 54 55.0
95 143 56.0
97 150 50.0
97 97 51.0
97 35 52.0
97 41 53.0
97 42 54.0
97 48 55.0
97 61 56.0
97 62 57.0
97 63 58.0
97 54 59.0
97 143 60.0
98 146 46.0
98 107 47.0
98 18 48.0
98 8 49.0
98 9 50.0
98 10 51.0
98 21 52.0
98 22 53.0
98 23 54.0
98 24 55.0
98 25 56.0
98 33 57.0
98 69 58.0
98 71 59.0
98 73 60.0
98 75 61.0
98 77 62.0
98 31 63.0
98 32 64.0
98 38 65.0
98 43 66.0
98 44 67.0
98 51 68.0
98 101 69.0
98 151 70.0
99 146 44.0
99 107 45.0
99 18 46.0
99 8 47.0
99 9 48.0
99 10 49.0
99 21 50.0
99 22 51.0
99 23 52.0
99 24 53.0
99 25 54.0
99 33 55.0
99 69 56.0
99 71 57.0
99 73 58.0
99 75 59.0
99 77 60.0
99 31 61.0
99 32 62.0
99 38 63.0
99 43 64.0
99 44 65.0
99 51 66.0
99 101 67.0
99 151 68.0
;
set fixedFlights :=
31 34 35
31 49 50
31 50 47
31 47 53
31 53 40
31 40 34
31 66 65
31 67 66
31 68 67
31 144 68
31 65 49
31 35 81
31 81 82
31 82 83
31 83 84
31 84 85
31 85 86
31 86 139
41 9 10
41 8 9
41 10 21
41 21 22
41 22 23
41 23 24
41 24 25
41 31 32
41 25 33
41 33 69
41 69 71
41 71 73
41 73 75
41 75 77
41 77 31
41 32 79
41 79 34
41 96 149
41 34 96
41 146 107
41 107 18
41 18 8
42 9 10
42 8 9
42 10 21
42 21 22
42 22 23
42 23 24
42 24 25
42 32 38
42 38 43
42 43 44
42 31 32
42 44 51
42 25 33
42 33 69
42 69 71
42 71 73
42 73 75
42 75 77
42 77 31
42 101 151
42 51 101
42 146 107
42 107 18
42 18 8
44 56 58
44 58 60
44 60 141
44 11 56
44 2 11
44 109 2
44 110 109
44 104 102
44 102 114
44 105 104
44 114 113
44 113 112
44 112 111
44 111 110
44 138 136
44 136 105
46 36 31
46 41 40
46 40 80
46 80 38
46 38 36
46 94 147
46 31 94
46 93 92
46 92 91
46 91 90
46 90 89
46 89 88
46 88 87
46 87 41
46 140 93
47 41 40
47 35 41
47 38 43
47 43 44
47 44 51
47 40 80
47 80 38
47 101 151
47 150 97
47 97 35
47 51 101
53 36 31
53 37 36
53 45 37
53 51 52
53 52 45
53 64 51
53 50 64
53 94 147
53 154 98
53 31 94
53 98 50
57 34 35
57 50 47
57 47 53
57 53 40
57 40 34
57 154 98
57 98 50
57 35 81
57 81 82
57 82 83
57 83 84
57 84 85
57 85 86
57 86 139
58 47 48
58 50 47
58 54 143
58 48 61
58 61 62
58 62 63
58 63 54
58 154 98
58 98 50
61 108 145
61 9 19
61 19 108
61 105 104
61 104 134
61 134 133
61 133 132
61 132 131
61 131 130
61 130 129
61 129 128
61 128 9
61 138 136
61 136 105
62 36 31
62 41 40
62 35 41
62 40 80
62 80 38
62 38 36
62 94 147
62 150 97
62 97 35
62 31 94
63 41 42
63 42 48
63 54 143
63 48 61
63 61 62
63 62 63
63 63 54
63 93 92
63 92 91
63 91 90
63 90 89
63 89 88
63 88 87
63 87 41
63 140 93
65 34 35
65 49 50
65 50 47
65 47 53
65 53 40
65 40 34
65 66 65
65 67 66
65 68 67
65 144 68
65 65 49
65 35 81
65 81 82
65 82 83
65 83 84
65 84 85
65 85 86
65 86 139
66 20 19
66 26 20
66 27 26
66 28 27
66 29 28
66 30 29
66 37 36
66 45 37
66 51 52
66 52 45
66 64 51
66 50 64
66 36 78
66 78 76
66 76 74
66 74 72
66 72 70
66 70 39
66 39 30
66 154 98
66 98 50
66 108 145
66 19 108
67 41 42
67 42 48
67 49 50
67 48 49
67 64 51
67 50 64
67 101 151
67 51 101
67 93 92
67 92 91
67 91 90
67 90 89
67 89 88
67 88 87
67 87 41
67 140 93
68 9 10
68 8 9
68 10 21
68 21 22
68 22 23
68 23 24
68 24 25
68 31 32
68 25 33
68 33 69
68 69 71
68 71 73
68 73 75
68 75 77
68 77 31
68 32 79
68 79 34
68 96 149
68 34 96
68 146 107
68 107 18
68 18 8
69 20 19
69 26 20
69 27 26
69 28 27
69 29 28
69 30 29
69 41 40
69 35 41
69 40 80
69 80 38
69 38 36
69 36 78
69 78 76
69 76 74
69 74 72
69 72 70
69 70 39
69 39 30
69 150 97
69 97 35
69 108 145
69 19 108
70 12 11
70 13 12
70 14 13
70 15 14
70 16 15
70 17 16
70 18 17
70 56 58
70 58 60
70 60 141
70 146 107
70 11 56
70 107 18
71 49 50
71 66 65
71 67 66
71 68 67
71 144 68
71 64 51
71 65 49
71 50 64
71 101 151
71 51 101
72 41 42
72 42 48
72 48 49
72 99 153
72 49 99
72 93 92
72 92 91
72 91 90
72 90 89
72 89 88
72 88 87
72 87 41
72 140 93
73 20 19
73 26 20
73 27 26
73 28 27
73 29 28
73 30 29
73 32 38
73 38 36
73 36 78
73 78 76
73 76 74
73 74 72
73 72 70
73 70 39
73 39 30
73 148 95
73 95 32
73 108 145
73 19 108
74 9 10
74 8 9
74 10 21
74 21 22
74 22 23
74 23 24
74 24 25
74 31 32
74 25 33
74 33 69
74 69 71
74 71 73
74 73 75
74 75 77
74 77 31
74 32 79
74 79 34
74 96 149
74 34 96
74 146 107
74 107 18
74 18 8
75 56 58
75 58 60
75 60 141
75 11 56
75 2 11
75 109 2
75 110 109
75 104 102
75 102 114
75 105 104
75 114 113
75 113 112
75 112 111
75 111 110
75 138 136
75 136 105
76 20 19
76 26 20
76 27 26
76 28 27
76 29 28
76 30 29
76 32 38
76 38 36
76 36 78
76 78 76
76 76 74
76 74 72
76 72 70
76 70 39
76 39 30
76 148 95
76 95 32
76 108 145
76 19 108
77 35 41
77 41 42
77 42 48
77 54 143
77 48 61
77 61 62
77 62 63
77 63 54
77 150 97
77 97 35
82 56 58
82 58 60
82 60 141
82 11 56
82 2 11
82 109 2
82 110 109
82 104 102
82 102 114
82 105 104
82 114 113
82 113 112
82 112 111
82 111 110
82 138 136
82 136 105
83 12 11
83 13 12
83 14 13
83 15 14
83 16 15
83 17 16
83 18 17
83 56 58
83 58 60
83 60 141
83 146 107
83 11 56
83 107 18
84 45 44
84 44 46
84 46 47
84 47 48
84 52 45
84 48 49
84 152 100
84 99 153
84 100 52
84 49 99
85 57 55
85 59 57
85 142 59
85 55 106
85 106 1
85 1 121
85 121 122
85 122 123
85 123 124
85 124 125
85 125 126
85 126 127
85 127 103
85 103 135
85 135 137
87 56 58
87 58 60
87 60 141
87 11 56
87 2 11
87 109 2
87 110 109
87 104 102
87 102 114
87 105 104
87 114 113
87 113 112
87 112 111
87 111 110
87 138 136
87 136 105
88 36 31
88 37 36
88 45 37
88 52 45
88 94 147
88 152 100
88 31 94
88 100 52
89 66 65
89 67 66
89 68 67
89 144 68
89 65 49
89 99 153
89 49 99
90 108 145
90 9 19
90 19 108
90 105 104
90 104 134
90 134 133
90 133 132
90 132 131
90 131 130
90 130 129
90 129 128
90 128 9
90 138 136
90 136 105
92 108 145
92 9 19
92 19 108
92 105 104
92 104 134
92 134 133
92 133 132
92 132 131
92 131 130
92 130 129
92 129 128
92 128 9
92 138 136
92 136 105
94 57 55
94 59 57
94 142 59
94 55 106
94 106 1
94 1 121
94 121 122
94 122 123
94 123 124
94 124 125
94 125 126
94 126 127
94 127 103
94 103 135
94 135 137
95 47 48
95 50 47
95 54 143
95 48 61
95 61 62
95 62 63
95 63 54
95 154 98
95 98 50
97 35 41
97 41 42
97 42 48
97 54 143
97 48 61
97 61 62
97 62 63
97 63 54
97 150 97
97 97 35
98 9 10
98 8 9
98 10 21
98 21 22
98 22 23
98 23 24
98 24 25
98 32 38
98 38 43
98 43 44
98 31 32
98 44 51
98 25 33
98 33 69
98 69 71
98 71 73
98 73 75
98 75 77
98 77 31
98 101 151
98 51 101
98 146 107
98 107 18
98 18 8
99 9 10
99 8 9
99 10 21
99 21 22
99 22 23
99 23 24
99 24 25
99 32 38
99 38 43
99 43 44
99 31 32
99 44 51
99 25 33
99 33 69
99 69 71
99 71 73
99 73 75
99 75 77
99 77 31
99 101 151
99 51 101
99 146 107
99 107 18
99 18 8
;
;
set inFlight:=
31
41
42
44
46
47
53
57
61
63
67
68
70
71
72
73
74
75
77
82
83
85
89
90
99
;
param tini := 43.1;
