param nn:= 155;
set F:=
0
1
2
4
5
7
8
9
10
11
12
13
14
16
17
18
19
20
21
22
23
24
26
27
28
29
30
31
32
33
34
35
36
37
38
39
40
41
42
43
45
46
47
48
49
50
51
52
53
54
55
56
57
58
59
60
61
62
63
64
65
66
67
68
69
70
71
72
73
74
75
76
77
78
79
80
83
88
89
90
91
93
97
98
99
;
param: E: d:=
2 3 2.500000
3 4 2.500000
4 5 2.500000
5 6 2.500000
6 7 2.500000
7 0 2.500000
0 8 2.500000
9 10 2.500000
8 9 2.500000
12 11 2.500000
13 12 2.500000
14 13 2.500000
15 14 2.500000
16 15 2.500000
17 16 2.500000
18 17 2.500000
19 18 2.500000
20 19 2.500000
10 21 2.500000
21 22 2.500000
22 23 2.500000
23 24 2.500000
24 25 2.500000
26 20 2.500000
27 26 2.500000
28 27 2.500000
29 28 2.500000
30 29 2.500000
34 35 2.500000
36 31 2.500000
37 36 2.500000
41 40 2.500000
35 41 2.500000
41 42 2.500000
32 38 2.500000
38 43 2.500000
43 44 2.500000
45 37 2.500000
31 32 2.500000
45 44 2.500000
44 46 2.500000
46 47 2.500000
47 48 2.500000
42 48 2.500000
49 50 2.500000
51 52 2.500000
52 45 2.500000
44 51 2.500000
48 49 2.500000
50 47 2.500000
47 53 2.500000
53 40 2.500000
40 34 2.500000
54 143 1.500000
57 55 2.500000
56 58 2.500000
59 57 2.500000
58 60 2.500000
60 141 1.500000
142 59 1.500000
48 61 2.500000
61 62 2.500000
62 63 2.500000
66 65 2.500000
67 66 2.500000
68 67 2.500000
144 68 1.500000
2 1 2.500000
64 51 2.500000
63 54 2.500000
65 49 2.500000
50 64 2.500000
25 33 2.500000
33 69 2.500000
69 71 2.500000
71 73 2.500000
73 75 2.500000
75 77 2.500000
77 31 2.500000
40 80 2.500000
80 38 2.500000
38 36 2.500000
36 78 2.500000
78 76 2.500000
76 74 2.500000
74 72 2.500000
72 70 2.500000
70 39 2.500000
39 30 2.500000
32 79 2.500000
79 34 2.500000
148 95 1.500000
94 147 1.500000
152 100 1.500000
101 151 1.500000
154 98 1.500000
99 153 1.500000
96 149 1.500000
150 97 1.500000
97 35 2.500000
95 32 2.500000
31 94 2.500000
34 96 2.500000
51 101 2.500000
100 52 2.500000
98 50 2.500000
49 99 2.500000
35 81 2.500000
81 82 2.500000
82 83 2.500000
83 84 2.500000
84 85 2.500000
85 86 2.500000
93 92 2.500000
92 91 2.500000
91 90 2.500000
90 89 2.500000
89 88 2.500000
88 87 2.500000
87 41 2.500000
86 139 1.500000
140 93 1.500000
108 145 1.500000
146 107 1.500000
11 56 2.500000
2 11 2.500000
107 18 2.500000
18 8 2.500000
9 19 2.500000
19 108 2.500000
55 106 2.500000
106 1 2.500000
1 121 2.500000
121 122 2.500000
109 2 2.500000
110 109 2.500000
104 102 2.500000
102 114 2.500000
115 102 2.500000
102 103 2.500000
105 104 2.500000
104 134 2.500000
134 133 2.500000
103 105 2.500000
116 115 2.500000
8 117 2.500000
117 118 2.500000
118 119 2.500000
119 120 2.500000
120 116 2.500000
133 132 2.500000
132 131 2.500000
131 130 2.500000
130 129 2.500000
129 128 2.500000
128 9 2.500000
122 123 2.500000
123 124 2.500000
124 125 2.500000
125 126 2.500000
126 127 2.500000
127 103 2.500000
114 113 2.500000
113 112 2.500000
112 111 2.500000
111 110 2.500000
103 135 2.500000
135 137 1.500000
138 136 1.500000
136 105 2.500000
;
param s:=
0 146
1 142
2 150
4 148
5 140
7 152
8 138
9 142
10 144
11 144
12 148
13 154
14 140
16 146
17 138
18 140
19 154
20 154
21 148
22 144
23 154
24 152
26 152
27 154
28 148
29 148
30 144
31 148
32 142
33 148
34 142
35 144
36 150
37 144
38 152
39 140
40 140
41 152
42 142
43 140
45 142
46 152
47 154
48 144
49 140
50 146
51 152
52 146
53 148
54 150
55 150
56 146
57 154
58 152
59 140
60 144
61 154
62 140
63 152
64 142
65 142
66 144
67 144
68 138
69 154
70 150
71 140
72 146
73 150
74 142
75 154
76 138
77 144
78 142
79 140
80 140
83 146
88 148
89 138
90 144
91 150
93 148
97 146
98 154
99 142
;
param e:=
0 151
1 137
2 153
4 153
5 149
7 149
8 141
9 137
10 139
11 149
12 143
13 145
14 151
16 147
17 141
18 153
19 139
20 145
21 139
22 147
23 143
24 153
26 147
27 147
28 151
29 153
30 139
31 145
32 137
33 151
34 137
35 151
36 139
37 147
38 149
39 151
40 143
41 143
42 137
43 143
45 137
46 145
47 149
48 147
49 151
50 149
51 143
52 147
53 151
54 139
55 143
56 147
57 147
58 145
59 143
60 153
61 139
62 149
63 143
64 137
65 137
66 147
67 149
68 145
69 139
70 151
71 151
72 141
73 143
74 137
75 145
76 141
77 153
78 137
79 143
80 143
83 137
88 139
89 145
90 153
91 143
93 139
97 147
98 147
99 137
;
param v_min:=2.375
;
param v_max:=2.625
;
param :conflictsNodes: angle:=
0 7 8 1.000000
0 8 7 1.000000
1 2 121 1.154701
1 121 2 1.154701
1 2 106 1.000000
1 106 2 1.000000
1 106 121 1.000000
1 121 106 1.000000
2 3 11 1.000000
2 11 3 1.000000
2 3 109 1.154701
2 109 3 1.154701
2 1 3 1.000000
2 3 1 1.000000
2 1 11 1.000000
2 11 1 1.000000
2 1 109 1.000000
2 109 1 1.000000
2 11 109 1.000000
2 109 11 1.000000
3 2 4 1.000000
3 4 2 1.000000
4 3 5 1.000000
4 5 3 1.000000
5 4 6 1.000000
5 6 4 1.000000
6 5 7 1.000000
6 7 5 1.000000
7 0 6 1.000000
7 6 0 1.000000
8 0 9 1.000000
8 9 0 1.000000
8 0 117 1.154701
8 117 0 1.154701
8 0 18 1.000000
8 18 0 1.000000
8 9 117 1.000000
8 117 9 1.000000
8 9 18 1.000000
8 18 9 1.000000
8 18 117 1.000000
8 117 18 1.000000
9 8 10 1.000000
9 10 8 1.000000
9 8 19 1.000000
9 19 8 1.000000
9 8 128 1.154701
9 128 8 1.154701
9 10 19 1.000000
9 19 10 1.000000
9 10 128 1.000000
9 128 10 1.000000
9 19 128 1.000000
9 128 19 1.000000
10 9 21 1.000000
10 21 9 1.000000
11 2 12 1.000000
11 12 2 1.000000
11 2 56 1.000000
11 56 2 1.000000
11 12 56 1.000000
11 56 12 1.000000
12 11 13 1.000000
12 13 11 1.000000
13 12 14 1.000000
13 14 12 1.000000
14 13 15 1.000000
14 15 13 1.000000
15 14 16 1.000000
15 16 14 1.000000
16 15 17 1.000000
16 17 15 1.000000
17 16 18 1.000000
17 18 16 1.000000
18 17 19 1.000000
18 19 17 1.000000
18 17 107 1.000000
18 107 17 1.000000
18 8 17 1.000000
18 17 8 1.000000
18 8 19 1.000000
18 19 8 1.000000
18 8 107 1.000000
18 107 8 1.000000
18 19 107 1.000000
18 107 19 1.000000
19 9 18 1.000000
19 18 9 1.000000
19 9 108 1.000000
19 108 9 1.000000
19 9 20 1.000000
19 20 9 1.000000
19 18 108 1.000000
19 108 18 1.000000
19 18 20 1.000000
19 20 18 1.000000
19 20 108 1.000000
19 108 20 1.000000
20 19 26 1.000000
20 26 19 1.000000
21 10 22 1.000000
21 22 10 1.000000
22 21 23 1.000000
22 23 21 1.000000
23 22 24 1.000000
23 24 22 1.000000
24 23 25 1.000000
24 25 23 1.000000
25 24 33 1.000000
25 33 24 1.000000
26 20 27 1.000000
26 27 20 1.000000
27 26 28 1.000000
27 28 26 1.000000
28 27 29 1.000000
28 29 27 1.000000
29 28 30 1.000000
29 30 28 1.000000
30 29 39 1.000000
30 39 29 1.000000
31 36 94 1.000000
31 94 36 1.000000
31 36 77 1.000000
31 77 36 1.000000
31 32 36 1.000000
31 36 32 1.000000
31 32 94 1.000000
31 94 32 1.000000
31 32 77 1.000000
31 77 32 1.000000
31 77 94 1.000000
31 94 77 1.000000
32 31 38 1.000000
32 38 31 1.000000
32 31 79 1.000000
32 79 31 1.000000
32 31 95 1.000000
32 95 31 1.000000
32 38 79 1.000000
32 79 38 1.000000
32 38 95 1.000000
32 95 38 1.000000
32 79 95 1.000000
32 95 79 1.000000
33 25 69 1.000000
33 69 25 1.000000
34 35 96 1.000000
34 96 35 1.000000
34 35 40 1.000000
34 40 35 1.000000
34 35 79 1.000000
34 79 35 1.000000
34 40 96 1.000000
34 96 40 1.000000
34 40 79 1.000000
34 79 40 1.000000
34 79 96 1.000000
34 96 79 1.000000
35 34 41 1.000000
35 41 34 1.000000
35 34 81 1.000000
35 81 34 1.000000
35 34 97 1.000000
35 97 34 1.000000
35 41 81 1.000000
35 81 41 1.000000
35 41 97 1.000000
35 97 41 1.000000
35 81 97 1.189773
35 97 81 1.189773
36 31 78 1.000000
36 78 31 1.000000
36 31 37 1.000000
36 37 31 1.000000
36 31 38 1.000000
36 38 31 1.000000
36 37 78 1.000000
36 78 37 1.000000
36 37 38 1.000000
36 38 37 1.000000
36 38 78 1.000000
36 78 38 1.000000
37 36 45 1.000000
37 45 36 1.000000
38 32 43 1.000000
38 43 32 1.000000
38 32 36 1.000000
38 36 32 1.000000
38 32 80 1.000000
38 80 32 1.000000
38 43 80 1.000000
38 80 43 1.000000
38 36 43 1.000000
38 43 36 1.000000
38 36 80 1.000000
38 80 36 1.000000
39 30 70 1.000000
39 70 30 1.000000
40 41 80 1.000000
40 80 41 1.000000
40 41 53 1.000000
40 53 41 1.000000
40 34 41 1.000000
40 41 34 1.000000
40 34 80 1.000000
40 80 34 1.000000
40 34 53 1.000000
40 53 34 1.000000
40 53 80 1.000000
40 80 53 1.000000
41 35 40 1.000000
41 40 35 1.000000
41 35 42 1.000000
41 42 35 1.000000
41 35 87 1.189773
41 87 35 1.189773
41 40 42 1.000000
41 42 40 1.000000
41 40 87 1.000000
41 87 40 1.000000
41 42 87 1.000000
41 87 42 1.000000
42 41 48 1.000000
42 48 41 1.000000
43 38 44 1.000000
43 44 38 1.000000
44 43 46 1.000000
44 46 43 1.000000
44 43 51 1.000000
44 51 43 1.000000
44 43 45 1.000000
44 45 43 1.000000
44 46 51 1.000000
44 51 46 1.000000
44 45 46 1.000000
44 46 45 1.000000
44 45 51 1.000000
44 51 45 1.000000
45 37 44 1.000000
45 44 37 1.000000
45 37 52 1.000000
45 52 37 1.000000
45 44 52 1.000000
45 52 44 1.000000
46 44 47 1.000000
46 47 44 1.000000
47 46 48 1.000000
47 48 46 1.000000
47 46 53 1.000000
47 53 46 1.000000
47 46 50 1.000000
47 50 46 1.000000
47 48 53 1.000000
47 53 48 1.000000
47 48 50 1.000000
47 50 48 1.000000
47 50 53 1.000000
47 53 50 1.000000
48 42 47 1.000000
48 47 42 1.000000
48 42 49 1.000000
48 49 42 1.000000
48 42 61 1.000000
48 61 42 1.000000
48 47 49 1.000000
48 49 47 1.000000
48 47 61 1.000000
48 61 47 1.000000
48 49 61 1.000000
48 61 49 1.000000
49 48 50 1.000000
49 50 48 1.000000
49 48 99 1.000000
49 99 48 1.000000
49 48 65 1.000000
49 65 48 1.000000
49 50 99 1.000000
49 99 50 1.000000
49 50 65 1.000000
49 65 50 1.000000
49 65 99 1.000000
49 99 65 1.000000
50 49 64 1.000000
50 64 49 1.000000
50 49 98 1.000000
50 98 49 1.000000
50 47 49 1.000000
50 49 47 1.000000
50 47 64 1.000000
50 64 47 1.000000
50 47 98 1.000000
50 98 47 1.000000
50 64 98 1.000000
50 98 64 1.000000
51 44 52 1.000000
51 52 44 1.000000
51 44 101 1.000000
51 101 44 1.000000
51 44 64 1.000000
51 64 44 1.000000
51 52 101 1.000000
51 101 52 1.000000
51 52 64 1.000000
51 64 52 1.000000
51 64 101 1.000000
51 101 64 1.000000
52 51 100 1.000000
52 100 51 1.000000
52 45 51 1.000000
52 51 45 1.000000
52 45 100 1.000000
52 100 45 1.000000
53 40 47 1.000000
53 47 40 1.000000
55 57 106 1.000000
55 106 57 1.000000
56 11 58 1.000000
56 58 11 1.000000
57 55 59 1.000000
57 59 55 1.000000
58 56 60 1.000000
58 60 56 1.000000
61 48 62 1.000000
61 62 48 1.000000
62 61 63 1.000000
62 63 61 1.000000
63 54 62 1.000000
63 62 54 1.000000
64 50 51 1.000000
64 51 50 1.000000
65 49 66 1.000000
65 66 49 1.000000
66 65 67 1.000000
66 67 65 1.000000
67 66 68 1.000000
67 68 66 1.000000
69 33 71 1.000000
69 71 33 1.000000
70 39 72 1.000000
70 72 39 1.000000
71 69 73 1.000000
71 73 69 1.000000
72 70 74 1.000000
72 74 70 1.000000
73 71 75 1.000000
73 75 71 1.000000
74 72 76 1.000000
74 76 72 1.000000
75 73 77 1.000000
75 77 73 1.000000
76 74 78 1.000000
76 78 74 1.000000
77 31 75 1.000000
77 75 31 1.000000
78 36 76 1.000000
78 76 36 1.000000
79 32 34 1.000000
79 34 32 1.000000
80 38 40 1.000000
80 40 38 1.000000
81 35 82 1.000000
81 82 35 1.000000
82 81 83 1.000000
82 83 81 1.000000
83 82 84 1.000000
83 84 82 1.000000
84 83 85 1.000000
84 85 83 1.000000
85 84 86 1.000000
85 86 84 1.000000
87 41 88 1.000000
87 88 41 1.000000
88 87 89 1.000000
88 89 87 1.000000
89 88 90 1.000000
89 90 88 1.000000
90 89 91 1.000000
90 91 89 1.000000
91 90 92 1.000000
91 92 90 1.000000
92 91 93 1.000000
92 93 91 1.000000
102 104 114 1.000000
102 114 104 1.000000
102 104 115 1.000000
102 115 104 1.000000
102 114 115 1.154701
102 115 114 1.154701
102 103 104 1.154701
102 104 103 1.154701
102 103 114 1.000000
102 114 103 1.000000
102 103 115 1.000000
102 115 103 1.000000
103 102 105 1.000000
103 105 102 1.000000
103 102 135 1.000000
103 135 102 1.000000
103 102 127 1.154701
103 127 102 1.154701
103 105 135 1.154701
103 135 105 1.154701
103 105 127 1.000000
103 127 105 1.000000
103 127 135 1.000000
103 135 127 1.000000
104 102 134 1.154701
104 134 102 1.154701
104 102 105 1.000000
104 105 102 1.000000
104 105 134 1.000000
104 134 105 1.000000
105 103 104 1.154701
105 104 103 1.154701
105 103 136 1.000000
105 136 103 1.000000
105 104 136 1.000000
105 136 104 1.000000
106 1 55 1.000000
106 55 1 1.000000
109 2 110 1.000000
109 110 2 1.000000
110 109 111 1.000000
110 111 109 1.000000
111 110 112 1.000000
111 112 110 1.000000
112 111 113 1.000000
112 113 111 1.000000
113 112 114 1.000000
113 114 112 1.000000
114 102 113 1.000000
114 113 102 1.000000
115 102 116 1.000000
115 116 102 1.000000
116 115 120 1.000000
116 120 115 1.000000
117 8 118 1.000000
117 118 8 1.000000
118 117 119 1.000000
118 119 117 1.000000
119 118 120 1.000000
119 120 118 1.000000
120 116 119 1.000000
120 119 116 1.000000
121 1 122 1.000000
121 122 1 1.000000
122 121 123 1.000000
122 123 121 1.000000
123 122 124 1.000000
123 124 122 1.000000
124 123 125 1.000000
124 125 123 1.000000
125 124 126 1.000000
125 126 124 1.000000
126 125 127 1.000000
126 127 125 1.000000
127 103 126 1.000000
127 126 103 1.000000
128 9 129 1.000000
128 129 9 1.000000
129 128 130 1.000000
129 130 128 1.000000
130 129 131 1.000000
130 131 129 1.000000
131 130 132 1.000000
131 132 130 1.000000
132 131 133 1.000000
132 133 131 1.000000
133 132 134 1.000000
133 134 132 1.000000
134 104 133 1.000000
134 133 104 1.000000
;
param D:=0.5;
param t_hat_ear:=
0 146 2.0
0 107 3.0
0 18 4.0
0 8 5.0
0 9 6.0
0 10 7.0
0 21 8.0
0 22 9.0
0 23 10.0
0 24 11.0
0 25 12.0
0 33 13.0
0 69 14.0
0 71 15.0
0 73 16.0
0 75 17.0
0 77 18.0
0 31 19.0
0 32 20.0
0 38 21.0
0 43 22.0
0 44 23.0
0 51 24.0
0 101 25.0
0 151 26.0
1 142 0.0
1 59 1.0
1 57 2.0
1 55 3.0
1 106 4.0
1 1 5.0
1 121 6.0
1 122 7.0
1 123 8.0
1 124 9.0
1 125 10.0
1 126 11.0
1 127 12.0
1 103 13.0
1 135 14.0
1 137 15.0
2 150 5.0
2 97 6.0
2 35 7.0
2 41 8.0
2 42 9.0
2 48 10.0
2 49 11.0
2 99 12.0
2 153 13.0
4 148 6.0
4 95 7.0
4 32 8.0
4 38 9.0
4 43 10.0
4 44 11.0
4 46 12.0
4 47 13.0
4 48 14.0
4 49 15.0
4 99 16.0
4 153 17.0
5 140 6.0
5 93 7.0
5 92 8.0
5 91 9.0
5 90 10.0
5 89 11.0
5 88 12.0
5 87 13.0
5 41 14.0
5 40 15.0
5 34 16.0
5 96 17.0
5 149 18.0
7 152 11.0
7 100 12.0
7 52 13.0
7 45 14.0
7 44 15.0
7 46 16.0
7 47 17.0
7 53 18.0
7 40 19.0
7 34 20.0
7 96 21.0
7 149 22.0
8 138 8.0
8 136 9.0
8 105 10.0
8 104 11.0
8 102 12.0
8 114 13.0
8 113 14.0
8 112 15.0
8 111 16.0
8 110 17.0
8 109 18.0
8 2 19.0
8 11 20.0
8 56 21.0
8 58 22.0
8 60 23.0
8 141 24.0
9 142 2.0
9 59 3.0
9 57 4.0
9 55 5.0
9 106 6.0
9 1 7.0
9 121 8.0
9 122 9.0
9 123 10.0
9 124 11.0
9 125 12.0
9 126 13.0
9 127 14.0
9 103 15.0
9 135 16.0
9 137 17.0
10 144 8.0
10 68 9.0
10 67 10.0
10 66 11.0
10 65 12.0
10 49 13.0
10 50 14.0
10 47 15.0
10 53 16.0
10 40 17.0
10 34 18.0
10 35 19.0
10 81 20.0
10 82 21.0
10 83 22.0
10 84 23.0
10 85 24.0
10 86 25.0
10 139 26.0
11 144 2.0
11 68 3.0
11 67 4.0
11 66 5.0
11 65 6.0
11 49 7.0
11 50 8.0
11 47 9.0
11 53 10.0
11 40 11.0
11 34 12.0
11 96 13.0
11 149 14.0
12 148 4.0
12 95 5.0
12 32 6.0
12 38 7.0
12 43 8.0
12 44 9.0
12 46 10.0
12 47 11.0
12 48 12.0
12 61 13.0
12 62 14.0
12 63 15.0
12 54 16.0
12 143 17.0
13 154 4.0
13 98 5.0
13 50 6.0
13 47 7.0
13 53 8.0
13 40 9.0
13 80 10.0
13 38 11.0
13 36 12.0
13 78 13.0
13 76 14.0
13 74 15.0
13 72 16.0
13 70 17.0
13 39 18.0
13 30 19.0
13 29 20.0
13 28 21.0
13 27 22.0
13 26 23.0
13 20 24.0
13 19 25.0
13 108 26.0
13 145 27.0
14 140 4.0
14 93 5.0
14 92 6.0
14 91 7.0
14 90 8.0
14 89 9.0
14 88 10.0
14 87 11.0
14 41 12.0
14 40 13.0
14 80 14.0
14 38 15.0
14 43 16.0
14 44 17.0
14 51 18.0
14 101 19.0
14 151 20.0
16 146 0.0
16 107 1.0
16 18 2.0
16 8 3.0
16 9 4.0
16 10 5.0
16 21 6.0
16 22 7.0
16 23 8.0
16 24 9.0
16 25 10.0
16 33 11.0
16 69 12.0
16 71 13.0
16 73 14.0
16 75 15.0
16 77 16.0
16 31 17.0
16 94 18.0
16 147 19.0
17 138 0.0
17 136 1.0
17 105 2.0
17 104 3.0
17 102 4.0
17 114 5.0
17 113 6.0
17 112 7.0
17 111 8.0
17 110 9.0
17 109 10.0
17 2 11.0
17 11 12.0
17 56 13.0
17 58 14.0
17 60 15.0
17 141 16.0
18 140 8.0
18 93 9.0
18 92 10.0
18 91 11.0
18 90 12.0
18 89 13.0
18 88 14.0
18 87 15.0
18 41 16.0
18 42 17.0
18 48 18.0
18 49 19.0
18 99 20.0
18 153 21.0
19 154 2.0
19 98 3.0
19 50 4.0
19 47 5.0
19 53 6.0
19 40 7.0
19 34 8.0
19 35 9.0
19 81 10.0
19 82 11.0
19 83 12.0
19 84 13.0
19 85 14.0
19 86 15.0
19 139 16.0
20 154 24.0
20 98 25.0
20 50 26.0
20 47 27.0
20 53 28.0
20 40 29.0
20 80 30.0
20 38 31.0
20 36 32.0
20 78 33.0
20 76 34.0
20 74 35.0
20 72 36.0
20 70 37.0
20 39 38.0
20 30 39.0
20 29 40.0
20 28 41.0
20 27 42.0
20 26 43.0
20 20 44.0
20 19 45.0
20 108 46.0
20 145 47.0
21 148 10.0
21 95 11.0
21 32 12.0
21 79 13.0
21 34 14.0
21 35 15.0
21 81 16.0
21 82 17.0
21 83 18.0
21 84 19.0
21 85 20.0
21 86 21.0
21 139 22.0
22 144 18.0
22 68 19.0
22 67 20.0
22 66 21.0
22 65 22.0
22 49 23.0
22 50 24.0
22 47 25.0
22 53 26.0
22 40 27.0
22 80 28.0
22 38 29.0
22 36 30.0
22 31 31.0
22 94 32.0
22 147 33.0
23 154 18.0
23 98 19.0
23 50 20.0
23 47 21.0
23 48 22.0
23 61 23.0
23 62 24.0
23 63 25.0
23 54 26.0
23 143 27.0
24 152 27.0
24 100 28.0
24 52 29.0
24 45 30.0
24 44 31.0
24 46 32.0
24 47 33.0
24 48 34.0
24 49 35.0
24 99 36.0
24 153 37.0
26 152 15.0
26 100 16.0
26 52 17.0
26 45 18.0
26 37 19.0
26 36 20.0
26 31 21.0
26 94 22.0
26 147 23.0
27 154 29.0
27 98 30.0
27 50 31.0
27 64 32.0
27 51 33.0
27 52 34.0
27 45 35.0
27 37 36.0
27 36 37.0
27 31 38.0
27 94 39.0
27 147 40.0
28 148 22.0
28 95 23.0
28 32 24.0
28 38 25.0
28 43 26.0
28 44 27.0
28 51 28.0
28 101 29.0
28 151 30.0
29 148 24.0
29 95 25.0
29 32 26.0
29 38 27.0
29 43 28.0
29 44 29.0
29 46 30.0
29 47 31.0
29 48 32.0
29 49 33.0
29 99 34.0
29 153 35.0
30 144 16.0
30 68 17.0
30 67 18.0
30 66 19.0
30 65 20.0
30 49 21.0
30 50 22.0
30 47 23.0
30 53 24.0
30 40 25.0
30 34 26.0
30 35 27.0
30 81 28.0
30 82 29.0
30 83 30.0
30 84 31.0
30 85 32.0
30 86 33.0
30 139 34.0
31 148 14.0
31 95 15.0
31 32 16.0
31 38 17.0
31 36 18.0
31 78 19.0
31 76 20.0
31 74 21.0
31 72 22.0
31 70 23.0
31 39 24.0
31 30 25.0
31 29 26.0
31 28 27.0
31 27 28.0
31 26 29.0
31 20 30.0
31 19 31.0
31 108 32.0
31 145 33.0
32 142 10.0
32 59 11.0
32 57 12.0
32 55 13.0
32 106 14.0
32 1 15.0
32 121 16.0
32 122 17.0
32 123 18.0
32 124 19.0
32 125 20.0
32 126 21.0
32 127 22.0
32 103 23.0
32 135 24.0
32 137 25.0
33 148 16.0
33 95 17.0
33 32 18.0
33 38 19.0
33 43 20.0
33 44 21.0
33 51 22.0
33 101 23.0
33 151 24.0
34 142 13.1
34 59 13.0
34 57 14.0
34 55 15.0
34 106 16.0
34 1 17.0
34 121 18.0
34 122 19.0
34 123 20.0
34 124 21.0
34 125 22.0
34 126 23.0
34 127 24.0
34 103 25.0
34 135 26.0
34 137 27.0
35 144 13.1
35 68 13.0
35 67 14.0
35 66 15.0
35 65 16.0
35 49 17.0
35 50 18.0
35 64 19.0
35 51 20.0
35 101 21.0
35 151 22.0
36 150 11.0
36 97 12.0
36 35 13.0
36 81 14.0
36 82 15.0
36 83 16.0
36 84 17.0
36 85 18.0
36 86 19.0
36 139 20.0
37 144 22.0
37 68 23.0
37 67 24.0
37 66 25.0
37 65 26.0
37 49 27.0
37 50 28.0
37 47 29.0
37 53 30.0
37 40 31.0
37 80 32.0
37 38 33.0
37 36 34.0
37 31 35.0
37 94 36.0
37 147 37.0
38 152 29.0
38 100 30.0
38 52 31.0
38 45 32.0
38 44 33.0
38 46 34.0
38 47 35.0
38 53 36.0
38 40 37.0
38 34 38.0
38 96 39.0
38 149 40.0
39 140 13.1
39 93 13.0
39 92 14.0
39 91 15.0
39 90 16.0
39 89 17.0
39 88 18.0
39 87 19.0
39 41 20.0
39 40 21.0
39 80 22.0
39 38 23.0
39 43 24.0
39 44 25.0
39 51 26.0
39 101 27.0
39 151 28.0
40 140 29.0
40 93 30.0
40 92 31.0
40 91 32.0
40 90 33.0
40 89 34.0
40 88 35.0
40 87 36.0
40 41 37.0
40 42 38.0
40 48 39.0
40 61 40.0
40 62 41.0
40 63 42.0
40 54 43.0
40 143 44.0
41 152 36.0
41 100 37.0
41 52 38.0
41 45 39.0
41 44 40.0
41 46 41.0
41 47 42.0
41 48 43.0
41 61 44.0
41 62 45.0
41 63 46.0
41 54 47.0
41 143 48.0
42 142 20.0
42 59 21.0
42 57 22.0
42 55 23.0
42 106 24.0
42 1 25.0
42 121 26.0
42 122 27.0
42 123 28.0
42 124 29.0
42 125 30.0
42 126 31.0
42 127 32.0
42 103 33.0
42 135 34.0
42 137 35.0
43 140 20.0
43 93 21.0
43 92 22.0
43 91 23.0
43 90 24.0
43 89 25.0
43 88 26.0
43 87 27.0
43 41 28.0
43 42 29.0
43 48 30.0
43 61 31.0
43 62 32.0
43 63 33.0
43 54 34.0
43 143 35.0
45 142 29.0
45 59 30.0
45 57 31.0
45 55 32.0
45 106 33.0
45 1 34.0
45 121 35.0
45 122 36.0
45 123 37.0
45 124 38.0
45 125 39.0
45 126 40.0
45 127 41.0
45 103 42.0
45 135 43.0
45 137 44.0
46 152 20.0
46 100 21.0
46 52 22.0
46 45 23.0
46 37 24.0
46 36 25.0
46 78 26.0
46 76 27.0
46 74 28.0
46 72 29.0
46 70 30.0
46 39 31.0
46 30 32.0
46 29 33.0
46 28 34.0
46 27 35.0
46 26 36.0
46 20 37.0
46 19 38.0
46 108 39.0
46 145 40.0
47 154 34.0
47 98 35.0
47 50 36.0
47 47 37.0
47 53 38.0
47 40 39.0
47 34 40.0
47 96 41.0
47 149 42.0
48 144 39.0
48 68 40.0
48 67 41.0
48 66 42.0
48 65 43.0
48 49 44.0
48 50 45.0
48 47 46.0
48 53 47.0
48 40 48.0
48 80 49.0
48 38 50.0
48 36 51.0
48 31 52.0
48 94 53.0
48 147 54.0
49 140 24.0
49 93 25.0
49 92 26.0
49 91 27.0
49 90 28.0
49 89 29.0
49 88 30.0
49 87 31.0
49 41 32.0
49 40 33.0
49 80 34.0
49 38 35.0
49 43 36.0
49 44 37.0
49 51 38.0
49 101 39.0
49 151 40.0
50 146 23.0
50 107 24.0
50 18 25.0
50 8 26.0
50 9 27.0
50 10 28.0
50 21 29.0
50 22 30.0
50 23 31.0
50 24 32.0
50 25 33.0
50 33 34.0
50 69 35.0
50 71 36.0
50 73 37.0
50 75 38.0
50 77 39.0
50 31 40.0
50 32 41.0
50 79 42.0
50 34 43.0
50 96 44.0
50 149 45.0
51 152 38.0
51 100 39.0
51 52 40.0
51 45 41.0
51 44 42.0
51 46 43.0
51 47 44.0
51 48 45.0
51 61 46.0
51 62 47.0
51 63 48.0
51 54 49.0
51 143 50.0
52 146 29.0
52 107 30.0
52 18 31.0
52 8 32.0
52 9 33.0
52 10 34.0
52 21 35.0
52 22 36.0
52 23 37.0
52 24 38.0
52 25 39.0
52 33 40.0
52 69 41.0
52 71 42.0
52 73 43.0
52 75 44.0
52 77 45.0
52 31 46.0
52 94 47.0
52 147 48.0
53 148 49.0
53 95 50.0
53 32 51.0
53 38 52.0
53 43 53.0
53 44 54.0
53 51 55.0
53 101 56.0
53 151 57.0
54 150 22.0
54 97 23.0
54 35 24.0
54 81 25.0
54 82 26.0
54 83 27.0
54 84 28.0
54 85 29.0
54 86 30.0
54 139 31.0
55 150 20.0
55 97 21.0
55 35 22.0
55 41 23.0
55 42 24.0
55 48 25.0
55 61 26.0
55 62 27.0
55 63 28.0
55 54 29.0
55 143 30.0
56 146 25.0
56 107 26.0
56 18 27.0
56 8 28.0
56 9 29.0
56 10 30.0
56 21 31.0
56 22 32.0
56 23 33.0
56 24 34.0
56 25 35.0
56 33 36.0
56 69 37.0
56 71 38.0
56 73 39.0
56 75 40.0
56 77 41.0
56 31 42.0
56 94 43.0
56 147 44.0
57 154 39.0
57 98 40.0
57 50 41.0
57 64 42.0
57 51 43.0
57 52 44.0
57 45 45.0
57 37 46.0
57 36 47.0
57 31 48.0
57 94 49.0
57 147 50.0
58 152 22.0
58 100 23.0
58 52 24.0
58 45 25.0
58 37 26.0
58 36 27.0
58 78 28.0
58 76 29.0
58 74 30.0
58 72 31.0
58 70 32.0
58 39 33.0
58 30 34.0
58 29 35.0
58 28 36.0
58 27 37.0
58 26 38.0
58 20 39.0
58 19 40.0
58 108 41.0
58 145 42.0
59 140 27.0
59 93 28.0
59 92 29.0
59 91 30.0
59 90 31.0
59 89 32.0
59 88 33.0
59 87 34.0
59 41 35.0
59 42 36.0
59 48 37.0
59 61 38.0
59 62 39.0
59 63 40.0
59 54 41.0
59 143 42.0
60 144 34.0
60 68 35.0
60 67 36.0
60 66 37.0
60 65 38.0
60 49 39.0
60 99 40.0
60 153 41.0
61 154 45.0
61 98 46.0
61 50 47.0
61 47 48.0
61 53 49.0
61 40 50.0
61 34 51.0
61 35 52.0
61 81 53.0
61 82 54.0
61 83 55.0
61 84 56.0
61 85 57.0
61 86 58.0
61 139 59.0
62 140 47.0
62 93 48.0
62 92 49.0
62 91 50.0
62 90 51.0
62 89 52.0
62 88 53.0
62 87 54.0
62 41 55.0
62 40 56.0
62 34 57.0
62 96 58.0
62 149 59.0
63 152 48.0
63 100 49.0
63 52 50.0
63 45 51.0
63 44 52.0
63 46 53.0
63 47 54.0
63 48 55.0
63 61 56.0
63 62 57.0
63 63 58.0
63 54 59.0
63 143 60.0
64 142 31.0
64 59 32.0
64 57 33.0
64 55 34.0
64 106 35.0
64 1 36.0
64 121 37.0
64 122 38.0
64 123 39.0
64 124 40.0
64 125 41.0
64 126 42.0
64 127 43.0
64 103 44.0
64 135 45.0
64 137 46.0
65 142 37.0
65 59 38.0
65 57 39.0
65 55 40.0
65 106 41.0
65 1 42.0
65 121 43.0
65 122 44.0
65 123 45.0
65 124 46.0
65 125 47.0
65 126 48.0
65 127 49.0
65 103 50.0
65 135 51.0
65 137 52.0
66 144 43.0
66 68 44.0
66 67 45.0
66 66 46.0
66 65 47.0
66 49 48.0
66 50 49.0
66 47 50.0
66 53 51.0
66 40 52.0
66 80 53.0
66 38 54.0
66 36 55.0
66 31 56.0
66 94 57.0
66 147 58.0
67 144 49.0
67 68 50.0
67 67 51.0
67 66 52.0
67 65 53.0
67 49 54.0
67 50 55.0
67 47 56.0
67 53 57.0
67 40 58.0
67 34 59.0
67 96 60.0
67 149 61.0
68 138 30.0
68 136 31.0
68 105 32.0
68 104 33.0
68 134 34.0
68 133 35.0
68 132 36.0
68 131 37.0
68 130 38.0
68 129 39.0
68 128 40.0
68 9 41.0
68 19 42.0
68 108 43.0
68 145 44.0
69 154 49.0
69 98 50.0
69 50 51.0
69 47 52.0
69 53 53.0
69 40 54.0
69 34 55.0
69 35 56.0
69 81 57.0
69 82 58.0
69 83 59.0
69 84 60.0
69 85 61.0
69 86 62.0
69 139 63.0
70 150 39.0
70 97 40.0
70 35 41.0
70 41 42.0
70 40 43.0
70 80 44.0
70 38 45.0
70 43 46.0
70 44 47.0
70 51 48.0
70 101 49.0
70 151 50.0
71 140 36.0
71 93 37.0
71 92 38.0
71 91 39.0
71 90 40.0
71 89 41.0
71 88 42.0
71 87 43.0
71 41 44.0
71 40 45.0
71 80 46.0
71 38 47.0
71 43 48.0
71 44 49.0
71 51 50.0
71 101 51.0
71 151 52.0
72 146 31.0
72 107 32.0
72 18 33.0
72 17 34.0
72 16 35.0
72 15 36.0
72 14 37.0
72 13 38.0
72 12 39.0
72 11 40.0
72 56 41.0
72 58 42.0
72 60 43.0
72 141 44.0
73 150 36.0
73 97 37.0
73 35 38.0
73 41 39.0
73 42 40.0
73 48 41.0
73 61 42.0
73 62 43.0
73 63 44.0
73 54 45.0
73 143 46.0
74 142 39.0
74 59 40.0
74 57 41.0
74 55 42.0
74 106 43.0
74 1 44.0
74 121 45.0
74 122 46.0
74 123 47.0
74 124 48.0
74 125 49.0
74 126 50.0
74 127 51.0
74 103 52.0
74 135 53.0
74 137 54.0
75 154 36.0
75 98 37.0
75 50 38.0
75 47 39.0
75 53 40.0
75 40 41.0
75 80 42.0
75 38 43.0
75 36 44.0
75 78 45.0
75 76 46.0
75 74 47.0
75 72 48.0
75 70 49.0
75 39 50.0
75 30 51.0
75 29 52.0
75 28 53.0
75 27 54.0
75 26 55.0
75 20 56.0
75 19 57.0
75 108 58.0
75 145 59.0
76 138 32.0
76 136 33.0
76 105 34.0
76 104 35.0
76 102 36.0
76 114 37.0
76 113 38.0
76 112 39.0
76 111 40.0
76 110 41.0
76 109 42.0
76 2 43.0
76 11 44.0
76 56 45.0
76 58 46.0
76 60 47.0
76 141 48.0
77 144 32.0
77 68 33.0
77 67 34.0
77 66 35.0
77 65 36.0
77 49 37.0
77 99 38.0
77 153 39.0
78 142 33.0
78 59 34.0
78 57 35.0
78 55 36.0
78 106 37.0
78 1 38.0
78 121 39.0
78 122 40.0
78 123 41.0
78 124 42.0
78 125 43.0
78 126 44.0
78 127 45.0
78 103 46.0
78 135 47.0
78 137 48.0
79 140 39.0
79 93 40.0
79 92 41.0
79 91 42.0
79 90 43.0
79 89 44.0
79 88 45.0
79 87 46.0
79 41 47.0
79 42 48.0
79 48 49.0
79 61 50.0
79 62 51.0
79 63 52.0
79 54 53.0
79 143 54.0
80 140 49.0
80 93 50.0
80 92 51.0
80 91 52.0
80 90 53.0
80 89 54.0
80 88 55.0
80 87 56.0
80 41 57.0
80 42 58.0
80 48 59.0
80 61 60.0
80 62 61.0
80 63 62.0
80 54 63.0
80 143 64.0
83 146 49.0
83 107 50.0
83 18 51.0
83 8 52.0
83 117 53.0
83 118 54.0
83 119 55.0
83 120 56.0
83 116 57.0
83 115 58.0
83 102 59.0
83 103 60.0
83 135 61.0
83 137 62.0
88 148 41.0
88 95 42.0
88 32 43.0
88 79 44.0
88 34 45.0
88 35 46.0
88 81 47.0
88 82 48.0
88 83 49.0
88 84 50.0
88 85 51.0
88 86 52.0
88 139 53.0
89 138 40.0
89 136 41.0
89 105 42.0
89 104 43.0
89 134 44.0
89 133 45.0
89 132 46.0
89 131 47.0
89 130 48.0
89 129 49.0
89 128 50.0
89 9 51.0
89 19 52.0
89 108 53.0
89 145 54.0
90 144 41.0
90 68 42.0
90 67 43.0
90 66 44.0
90 65 45.0
90 49 46.0
90 99 47.0
90 153 48.0
91 150 48.0
91 97 49.0
91 35 50.0
91 41 51.0
91 42 52.0
91 48 53.0
91 61 54.0
91 62 55.0
91 63 56.0
91 54 57.0
91 143 58.0
93 148 43.0
93 95 44.0
93 32 45.0
93 79 46.0
93 34 47.0
93 35 48.0
93 81 49.0
93 82 50.0
93 83 51.0
93 84 52.0
93 85 53.0
93 86 54.0
93 139 55.0
97 146 41.0
97 107 42.0
97 18 43.0
97 8 44.0
97 9 45.0
97 10 46.0
97 21 47.0
97 22 48.0
97 23 49.0
97 24 50.0
97 25 51.0
97 33 52.0
97 69 53.0
97 71 54.0
97 73 55.0
97 75 56.0
97 77 57.0
97 31 58.0
97 94 59.0
97 147 60.0
98 154 41.0
98 98 42.0
98 50 43.0
98 64 44.0
98 51 45.0
98 52 46.0
98 45 47.0
98 37 48.0
98 36 49.0
98 31 50.0
98 94 51.0
98 147 52.0
99 142 41.0
99 59 42.0
99 57 43.0
99 55 44.0
99 106 45.0
99 1 46.0
99 121 47.0
99 122 48.0
99 123 49.0
99 124 50.0
99 125 51.0
99 126 52.0
99 127 53.0
99 103 54.0
99 135 55.0
99 137 56.0
;
param t_hat_lat:=
0 146 3.0
0 107 4.0
0 18 5.0
0 8 6.0
0 9 7.0
0 10 8.0
0 21 9.0
0 22 10.0
0 23 11.0
0 24 12.0
0 25 13.0
0 33 14.0
0 69 15.0
0 71 16.0
0 73 17.0
0 75 18.0
0 77 19.0
0 31 20.0
0 32 21.0
0 38 22.0
0 43 23.0
0 44 24.0
0 51 25.0
0 101 26.0
0 151 27.0
1 142 1.0
1 59 2.0
1 57 3.0
1 55 4.0
1 106 5.0
1 1 6.0
1 121 7.0
1 122 8.0
1 123 9.0
1 124 10.0
1 125 11.0
1 126 12.0
1 127 13.0
1 103 14.0
1 135 15.0
1 137 16.0
2 150 6.0
2 97 7.0
2 35 8.0
2 41 9.0
2 42 10.0
2 48 11.0
2 49 12.0
2 99 13.0
2 153 14.0
4 148 7.0
4 95 8.0
4 32 9.0
4 38 10.0
4 43 11.0
4 44 12.0
4 46 13.0
4 47 14.0
4 48 15.0
4 49 16.0
4 99 17.0
4 153 18.0
5 140 7.0
5 93 8.0
5 92 9.0
5 91 10.0
5 90 11.0
5 89 12.0
5 88 13.0
5 87 14.0
5 41 15.0
5 40 16.0
5 34 17.0
5 96 18.0
5 149 19.0
7 152 12.0
7 100 13.0
7 52 14.0
7 45 15.0
7 44 16.0
7 46 17.0
7 47 18.0
7 53 19.0
7 40 20.0
7 34 21.0
7 96 22.0
7 149 23.0
8 138 9.0
8 136 10.0
8 105 11.0
8 104 12.0
8 102 13.0
8 114 14.0
8 113 15.0
8 112 16.0
8 111 17.0
8 110 18.0
8 109 19.0
8 2 20.0
8 11 21.0
8 56 22.0
8 58 23.0
8 60 24.0
8 141 25.0
9 142 3.0
9 59 4.0
9 57 5.0
9 55 6.0
9 106 7.0
9 1 8.0
9 121 9.0
9 122 10.0
9 123 11.0
9 124 12.0
9 125 13.0
9 126 14.0
9 127 15.0
9 103 16.0
9 135 17.0
9 137 18.0
10 144 9.0
10 68 10.0
10 67 11.0
10 66 12.0
10 65 13.0
10 49 14.0
10 50 15.0
10 47 16.0
10 53 17.0
10 40 18.0
10 34 19.0
10 35 20.0
10 81 21.0
10 82 22.0
10 83 23.0
10 84 24.0
10 85 25.0
10 86 26.0
10 139 27.0
11 144 3.0
11 68 4.0
11 67 5.0
11 66 6.0
11 65 7.0
11 49 8.0
11 50 9.0
11 47 10.0
11 53 11.0
11 40 12.0
11 34 13.0
11 96 14.0
11 149 15.0
12 148 5.0
12 95 6.0
12 32 7.0
12 38 8.0
12 43 9.0
12 44 10.0
12 46 11.0
12 47 12.0
12 48 13.0
12 61 14.0
12 62 15.0
12 63 16.0
12 54 17.0
12 143 18.0
13 154 5.0
13 98 6.0
13 50 7.0
13 47 8.0
13 53 9.0
13 40 10.0
13 80 11.0
13 38 12.0
13 36 13.0
13 78 14.0
13 76 15.0
13 74 16.0
13 72 17.0
13 70 18.0
13 39 19.0
13 30 20.0
13 29 21.0
13 28 22.0
13 27 23.0
13 26 24.0
13 20 25.0
13 19 26.0
13 108 27.0
13 145 28.0
14 140 5.0
14 93 6.0
14 92 7.0
14 91 8.0
14 90 9.0
14 89 10.0
14 88 11.0
14 87 12.0
14 41 13.0
14 40 14.0
14 80 15.0
14 38 16.0
14 43 17.0
14 44 18.0
14 51 19.0
14 101 20.0
14 151 21.0
16 146 1.0
16 107 2.0
16 18 3.0
16 8 4.0
16 9 5.0
16 10 6.0
16 21 7.0
16 22 8.0
16 23 9.0
16 24 10.0
16 25 11.0
16 33 12.0
16 69 13.0
16 71 14.0
16 73 15.0
16 75 16.0
16 77 17.0
16 31 18.0
16 94 19.0
16 147 20.0
17 138 1.0
17 136 2.0
17 105 3.0
17 104 4.0
17 102 5.0
17 114 6.0
17 113 7.0
17 112 8.0
17 111 9.0
17 110 10.0
17 109 11.0
17 2 12.0
17 11 13.0
17 56 14.0
17 58 15.0
17 60 16.0
17 141 17.0
18 140 9.0
18 93 10.0
18 92 11.0
18 91 12.0
18 90 13.0
18 89 14.0
18 88 15.0
18 87 16.0
18 41 17.0
18 42 18.0
18 48 19.0
18 49 20.0
18 99 21.0
18 153 22.0
19 154 3.0
19 98 4.0
19 50 5.0
19 47 6.0
19 53 7.0
19 40 8.0
19 34 9.0
19 35 10.0
19 81 11.0
19 82 12.0
19 83 13.0
19 84 14.0
19 85 15.0
19 86 16.0
19 139 17.0
20 154 25.0
20 98 26.0
20 50 27.0
20 47 28.0
20 53 29.0
20 40 30.0
20 80 31.0
20 38 32.0
20 36 33.0
20 78 34.0
20 76 35.0
20 74 36.0
20 72 37.0
20 70 38.0
20 39 39.0
20 30 40.0
20 29 41.0
20 28 42.0
20 27 43.0
20 26 44.0
20 20 45.0
20 19 46.0
20 108 47.0
20 145 48.0
21 148 11.0
21 95 12.0
21 32 13.0
21 79 14.0
21 34 15.0
21 35 16.0
21 81 17.0
21 82 18.0
21 83 19.0
21 84 20.0
21 85 21.0
21 86 22.0
21 139 23.0
22 144 19.0
22 68 20.0
22 67 21.0
22 66 22.0
22 65 23.0
22 49 24.0
22 50 25.0
22 47 26.0
22 53 27.0
22 40 28.0
22 80 29.0
22 38 30.0
22 36 31.0
22 31 32.0
22 94 33.0
22 147 34.0
23 154 19.0
23 98 20.0
23 50 21.0
23 47 22.0
23 48 23.0
23 61 24.0
23 62 25.0
23 63 26.0
23 54 27.0
23 143 28.0
24 152 28.0
24 100 29.0
24 52 30.0
24 45 31.0
24 44 32.0
24 46 33.0
24 47 34.0
24 48 35.0
24 49 36.0
24 99 37.0
24 153 38.0
26 152 16.0
26 100 17.0
26 52 18.0
26 45 19.0
26 37 20.0
26 36 21.0
26 31 22.0
26 94 23.0
26 147 24.0
27 154 30.0
27 98 31.0
27 50 32.0
27 64 33.0
27 51 34.0
27 52 35.0
27 45 36.0
27 37 37.0
27 36 38.0
27 31 39.0
27 94 40.0
27 147 41.0
28 148 23.0
28 95 24.0
28 32 25.0
28 38 26.0
28 43 27.0
28 44 28.0
28 51 29.0
28 101 30.0
28 151 31.0
29 148 25.0
29 95 26.0
29 32 27.0
29 38 28.0
29 43 29.0
29 44 30.0
29 46 31.0
29 47 32.0
29 48 33.0
29 49 34.0
29 99 35.0
29 153 36.0
30 144 17.0
30 68 18.0
30 67 19.0
30 66 20.0
30 65 21.0
30 49 22.0
30 50 23.0
30 47 24.0
30 53 25.0
30 40 26.0
30 34 27.0
30 35 28.0
30 81 29.0
30 82 30.0
30 83 31.0
30 84 32.0
30 85 33.0
30 86 34.0
30 139 35.0
31 148 15.0
31 95 16.0
31 32 17.0
31 38 18.0
31 36 19.0
31 78 20.0
31 76 21.0
31 74 22.0
31 72 23.0
31 70 24.0
31 39 25.0
31 30 26.0
31 29 27.0
31 28 28.0
31 27 29.0
31 26 30.0
31 20 31.0
31 19 32.0
31 108 33.0
31 145 34.0
32 142 11.0
32 59 12.0
32 57 13.0
32 55 14.0
32 106 15.0
32 1 16.0
32 121 17.0
32 122 18.0
32 123 19.0
32 124 20.0
32 125 21.0
32 126 22.0
32 127 23.0
32 103 24.0
32 135 25.0
32 137 26.0
33 148 17.0
33 95 18.0
33 32 19.0
33 38 20.0
33 43 21.0
33 44 22.0
33 51 23.0
33 101 24.0
33 151 25.0
34 142 14.100000000000001
34 59 14.0
34 57 15.0
34 55 16.0
34 106 17.0
34 1 18.0
34 121 19.0
34 122 20.0
34 123 21.0
34 124 22.0
34 125 23.0
34 126 24.0
34 127 25.0
34 103 26.0
34 135 27.0
34 137 28.0
35 144 14.100000000000001
35 68 14.0
35 67 15.0
35 66 16.0
35 65 17.0
35 49 18.0
35 50 19.0
35 64 20.0
35 51 21.0
35 101 22.0
35 151 23.0
36 150 12.0
36 97 13.0
36 35 14.0
36 81 15.0
36 82 16.0
36 83 17.0
36 84 18.0
36 85 19.0
36 86 20.0
36 139 21.0
37 144 23.0
37 68 24.0
37 67 25.0
37 66 26.0
37 65 27.0
37 49 28.0
37 50 29.0
37 47 30.0
37 53 31.0
37 40 32.0
37 80 33.0
37 38 34.0
37 36 35.0
37 31 36.0
37 94 37.0
37 147 38.0
38 152 30.0
38 100 31.0
38 52 32.0
38 45 33.0
38 44 34.0
38 46 35.0
38 47 36.0
38 53 37.0
38 40 38.0
38 34 39.0
38 96 40.0
38 149 41.0
39 140 14.100000000000001
39 93 14.0
39 92 15.0
39 91 16.0
39 90 17.0
39 89 18.0
39 88 19.0
39 87 20.0
39 41 21.0
39 40 22.0
39 80 23.0
39 38 24.0
39 43 25.0
39 44 26.0
39 51 27.0
39 101 28.0
39 151 29.0
40 140 30.0
40 93 31.0
40 92 32.0
40 91 33.0
40 90 34.0
40 89 35.0
40 88 36.0
40 87 37.0
40 41 38.0
40 42 39.0
40 48 40.0
40 61 41.0
40 62 42.0
40 63 43.0
40 54 44.0
40 143 45.0
41 152 37.0
41 100 38.0
41 52 39.0
41 45 40.0
41 44 41.0
41 46 42.0
41 47 43.0
41 48 44.0
41 61 45.0
41 62 46.0
41 63 47.0
41 54 48.0
41 143 49.0
42 142 21.0
42 59 22.0
42 57 23.0
42 55 24.0
42 106 25.0
42 1 26.0
42 121 27.0
42 122 28.0
42 123 29.0
42 124 30.0
42 125 31.0
42 126 32.0
42 127 33.0
42 103 34.0
42 135 35.0
42 137 36.0
43 140 21.0
43 93 22.0
43 92 23.0
43 91 24.0
43 90 25.0
43 89 26.0
43 88 27.0
43 87 28.0
43 41 29.0
43 42 30.0
43 48 31.0
43 61 32.0
43 62 33.0
43 63 34.0
43 54 35.0
43 143 36.0
45 142 30.0
45 59 31.0
45 57 32.0
45 55 33.0
45 106 34.0
45 1 35.0
45 121 36.0
45 122 37.0
45 123 38.0
45 124 39.0
45 125 40.0
45 126 41.0
45 127 42.0
45 103 43.0
45 135 44.0
45 137 45.0
46 152 21.0
46 100 22.0
46 52 23.0
46 45 24.0
46 37 25.0
46 36 26.0
46 78 27.0
46 76 28.0
46 74 29.0
46 72 30.0
46 70 31.0
46 39 32.0
46 30 33.0
46 29 34.0
46 28 35.0
46 27 36.0
46 26 37.0
46 20 38.0
46 19 39.0
46 108 40.0
46 145 41.0
47 154 35.0
47 98 36.0
47 50 37.0
47 47 38.0
47 53 39.0
47 40 40.0
47 34 41.0
47 96 42.0
47 149 43.0
48 144 40.0
48 68 41.0
48 67 42.0
48 66 43.0
48 65 44.0
48 49 45.0
48 50 46.0
48 47 47.0
48 53 48.0
48 40 49.0
48 80 50.0
48 38 51.0
48 36 52.0
48 31 53.0
48 94 54.0
48 147 55.0
49 140 25.0
49 93 26.0
49 92 27.0
49 91 28.0
49 90 29.0
49 89 30.0
49 88 31.0
49 87 32.0
49 41 33.0
49 40 34.0
49 80 35.0
49 38 36.0
49 43 37.0
49 44 38.0
49 51 39.0
49 101 40.0
49 151 41.0
50 146 24.0
50 107 25.0
50 18 26.0
50 8 27.0
50 9 28.0
50 10 29.0
50 21 30.0
50 22 31.0
50 23 32.0
50 24 33.0
50 25 34.0
50 33 35.0
50 69 36.0
50 71 37.0
50 73 38.0
50 75 39.0
50 77 40.0
50 31 41.0
50 32 42.0
50 79 43.0
50 34 44.0
50 96 45.0
50 149 46.0
51 152 39.0
51 100 40.0
51 52 41.0
51 45 42.0
51 44 43.0
51 46 44.0
51 47 45.0
51 48 46.0
51 61 47.0
51 62 48.0
51 63 49.0
51 54 50.0
51 143 51.0
52 146 30.0
52 107 31.0
52 18 32.0
52 8 33.0
52 9 34.0
52 10 35.0
52 21 36.0
52 22 37.0
52 23 38.0
52 24 39.0
52 25 40.0
52 33 41.0
52 69 42.0
52 71 43.0
52 73 44.0
52 75 45.0
52 77 46.0
52 31 47.0
52 94 48.0
52 147 49.0
53 148 50.0
53 95 51.0
53 32 52.0
53 38 53.0
53 43 54.0
53 44 55.0
53 51 56.0
53 101 57.0
53 151 58.0
54 150 23.0
54 97 24.0
54 35 25.0
54 81 26.0
54 82 27.0
54 83 28.0
54 84 29.0
54 85 30.0
54 86 31.0
54 139 32.0
55 150 21.0
55 97 22.0
55 35 23.0
55 41 24.0
55 42 25.0
55 48 26.0
55 61 27.0
55 62 28.0
55 63 29.0
55 54 30.0
55 143 31.0
56 146 26.0
56 107 27.0
56 18 28.0
56 8 29.0
56 9 30.0
56 10 31.0
56 21 32.0
56 22 33.0
56 23 34.0
56 24 35.0
56 25 36.0
56 33 37.0
56 69 38.0
56 71 39.0
56 73 40.0
56 75 41.0
56 77 42.0
56 31 43.0
56 94 44.0
56 147 45.0
57 154 40.0
57 98 41.0
57 50 42.0
57 64 43.0
57 51 44.0
57 52 45.0
57 45 46.0
57 37 47.0
57 36 48.0
57 31 49.0
57 94 50.0
57 147 51.0
58 152 23.0
58 100 24.0
58 52 25.0
58 45 26.0
58 37 27.0
58 36 28.0
58 78 29.0
58 76 30.0
58 74 31.0
58 72 32.0
58 70 33.0
58 39 34.0
58 30 35.0
58 29 36.0
58 28 37.0
58 27 38.0
58 26 39.0
58 20 40.0
58 19 41.0
58 108 42.0
58 145 43.0
59 140 28.0
59 93 29.0
59 92 30.0
59 91 31.0
59 90 32.0
59 89 33.0
59 88 34.0
59 87 35.0
59 41 36.0
59 42 37.0
59 48 38.0
59 61 39.0
59 62 40.0
59 63 41.0
59 54 42.0
59 143 43.0
60 144 35.0
60 68 36.0
60 67 37.0
60 66 38.0
60 65 39.0
60 49 40.0
60 99 41.0
60 153 42.0
61 154 46.0
61 98 47.0
61 50 48.0
61 47 49.0
61 53 50.0
61 40 51.0
61 34 52.0
61 35 53.0
61 81 54.0
61 82 55.0
61 83 56.0
61 84 57.0
61 85 58.0
61 86 59.0
61 139 60.0
62 140 48.0
62 93 49.0
62 92 50.0
62 91 51.0
62 90 52.0
62 89 53.0
62 88 54.0
62 87 55.0
62 41 56.0
62 40 57.0
62 34 58.0
62 96 59.0
62 149 60.0
63 152 49.0
63 100 50.0
63 52 51.0
63 45 52.0
63 44 53.0
63 46 54.0
63 47 55.0
63 48 56.0
63 61 57.0
63 62 58.0
63 63 59.0
63 54 60.0
63 143 61.0
64 142 32.0
64 59 33.0
64 57 34.0
64 55 35.0
64 106 36.0
64 1 37.0
64 121 38.0
64 122 39.0
64 123 40.0
64 124 41.0
64 125 42.0
64 126 43.0
64 127 44.0
64 103 45.0
64 135 46.0
64 137 47.0
65 142 38.0
65 59 39.0
65 57 40.0
65 55 41.0
65 106 42.0
65 1 43.0
65 121 44.0
65 122 45.0
65 123 46.0
65 124 47.0
65 125 48.0
65 126 49.0
65 127 50.0
65 103 51.0
65 135 52.0
65 137 53.0
66 144 44.0
66 68 45.0
66 67 46.0
66 66 47.0
66 65 48.0
66 49 49.0
66 50 50.0
66 47 51.0
66 53 52.0
66 40 53.0
66 80 54.0
66 38 55.0
66 36 56.0
66 31 57.0
66 94 58.0
66 147 59.0
67 144 50.0
67 68 51.0
67 67 52.0
67 66 53.0
67 65 54.0
67 49 55.0
67 50 56.0
67 47 57.0
67 53 58.0
67 40 59.0
67 34 60.0
67 96 61.0
67 149 62.0
68 138 31.0
68 136 32.0
68 105 33.0
68 104 34.0
68 134 35.0
68 133 36.0
68 132 37.0
68 131 38.0
68 130 39.0
68 129 40.0
68 128 41.0
68 9 42.0
68 19 43.0
68 108 44.0
68 145 45.0
69 154 50.0
69 98 51.0
69 50 52.0
69 47 53.0
69 53 54.0
69 40 55.0
69 34 56.0
69 35 57.0
69 81 58.0
69 82 59.0
69 83 60.0
69 84 61.0
69 85 62.0
69 86 63.0
69 139 64.0
70 150 40.0
70 97 41.0
70 35 42.0
70 41 43.0
70 40 44.0
70 80 45.0
70 38 46.0
70 43 47.0
70 44 48.0
70 51 49.0
70 101 50.0
70 151 51.0
71 140 37.0
71 93 38.0
71 92 39.0
71 91 40.0
71 90 41.0
71 89 42.0
71 88 43.0
71 87 44.0
71 41 45.0
71 40 46.0
71 80 47.0
71 38 48.0
71 43 49.0
71 44 50.0
71 51 51.0
71 101 52.0
71 151 53.0
72 146 32.0
72 107 33.0
72 18 34.0
72 17 35.0
72 16 36.0
72 15 37.0
72 14 38.0
72 13 39.0
72 12 40.0
72 11 41.0
72 56 42.0
72 58 43.0
72 60 44.0
72 141 45.0
73 150 37.0
73 97 38.0
73 35 39.0
73 41 40.0
73 42 41.0
73 48 42.0
73 61 43.0
73 62 44.0
73 63 45.0
73 54 46.0
73 143 47.0
74 142 40.0
74 59 41.0
74 57 42.0
74 55 43.0
74 106 44.0
74 1 45.0
74 121 46.0
74 122 47.0
74 123 48.0
74 124 49.0
74 125 50.0
74 126 51.0
74 127 52.0
74 103 53.0
74 135 54.0
74 137 55.0
75 154 37.0
75 98 38.0
75 50 39.0
75 47 40.0
75 53 41.0
75 40 42.0
75 80 43.0
75 38 44.0
75 36 45.0
75 78 46.0
75 76 47.0
75 74 48.0
75 72 49.0
75 70 50.0
75 39 51.0
75 30 52.0
75 29 53.0
75 28 54.0
75 27 55.0
75 26 56.0
75 20 57.0
75 19 58.0
75 108 59.0
75 145 60.0
76 138 33.0
76 136 34.0
76 105 35.0
76 104 36.0
76 102 37.0
76 114 38.0
76 113 39.0
76 112 40.0
76 111 41.0
76 110 42.0
76 109 43.0
76 2 44.0
76 11 45.0
76 56 46.0
76 58 47.0
76 60 48.0
76 141 49.0
77 144 33.0
77 68 34.0
77 67 35.0
77 66 36.0
77 65 37.0
77 49 38.0
77 99 39.0
77 153 40.0
78 142 34.0
78 59 35.0
78 57 36.0
78 55 37.0
78 106 38.0
78 1 39.0
78 121 40.0
78 122 41.0
78 123 42.0
78 124 43.0
78 125 44.0
78 126 45.0
78 127 46.0
78 103 47.0
78 135 48.0
78 137 49.0
79 140 40.0
79 93 41.0
79 92 42.0
79 91 43.0
79 90 44.0
79 89 45.0
79 88 46.0
79 87 47.0
79 41 48.0
79 42 49.0
79 48 50.0
79 61 51.0
79 62 52.0
79 63 53.0
79 54 54.0
79 143 55.0
80 140 50.0
80 93 51.0
80 92 52.0
80 91 53.0
80 90 54.0
80 89 55.0
80 88 56.0
80 87 57.0
80 41 58.0
80 42 59.0
80 48 60.0
80 61 61.0
80 62 62.0
80 63 63.0
80 54 64.0
80 143 65.0
83 146 50.0
83 107 51.0
83 18 52.0
83 8 53.0
83 117 54.0
83 118 55.0
83 119 56.0
83 120 57.0
83 116 58.0
83 115 59.0
83 102 60.0
83 103 61.0
83 135 62.0
83 137 63.0
88 148 42.0
88 95 43.0
88 32 44.0
88 79 45.0
88 34 46.0
88 35 47.0
88 81 48.0
88 82 49.0
88 83 50.0
88 84 51.0
88 85 52.0
88 86 53.0
88 139 54.0
89 138 41.0
89 136 42.0
89 105 43.0
89 104 44.0
89 134 45.0
89 133 46.0
89 132 47.0
89 131 48.0
89 130 49.0
89 129 50.0
89 128 51.0
89 9 52.0
89 19 53.0
89 108 54.0
89 145 55.0
90 144 42.0
90 68 43.0
90 67 44.0
90 66 45.0
90 65 46.0
90 49 47.0
90 99 48.0
90 153 49.0
91 150 49.0
91 97 50.0
91 35 51.0
91 41 52.0
91 42 53.0
91 48 54.0
91 61 55.0
91 62 56.0
91 63 57.0
91 54 58.0
91 143 59.0
93 148 44.0
93 95 45.0
93 32 46.0
93 79 47.0
93 34 48.0
93 35 49.0
93 81 50.0
93 82 51.0
93 83 52.0
93 84 53.0
93 85 54.0
93 86 55.0
93 139 56.0
97 146 42.0
97 107 43.0
97 18 44.0
97 8 45.0
97 9 46.0
97 10 47.0
97 21 48.0
97 22 49.0
97 23 50.0
97 24 51.0
97 25 52.0
97 33 53.0
97 69 54.0
97 71 55.0
97 73 56.0
97 75 57.0
97 77 58.0
97 31 59.0
97 94 60.0
97 147 61.0
98 154 42.0
98 98 43.0
98 50 44.0
98 64 45.0
98 51 46.0
98 52 47.0
98 45 48.0
98 37 49.0
98 36 50.0
98 31 51.0
98 94 52.0
98 147 53.0
99 142 42.0
99 59 43.0
99 57 44.0
99 55 45.0
99 106 46.0
99 1 47.0
99 121 48.0
99 122 49.0
99 123 50.0
99 124 51.0
99 125 52.0
99 126 53.0
99 127 54.0
99 103 55.0
99 135 56.0
99 137 57.0
;
set fixedFlights :=
0 9 10
0 8 9
0 10 21
0 21 22
0 22 23
0 23 24
0 24 25
0 32 38
0 38 43
0 43 44
0 31 32
0 44 51
0 25 33
0 33 69
0 69 71
0 71 73
0 73 75
0 75 77
0 77 31
0 101 151
0 51 101
0 146 107
0 107 18
0 18 8
1 57 55
1 59 57
1 142 59
1 55 106
1 106 1
1 1 121
1 121 122
1 122 123
1 123 124
1 124 125
1 125 126
1 126 127
1 127 103
1 103 135
1 135 137
2 35 41
2 41 42
2 42 48
2 48 49
2 99 153
2 150 97
2 97 35
2 49 99
4 32 38
4 38 43
4 43 44
4 44 46
4 46 47
4 47 48
4 48 49
4 148 95
4 99 153
4 95 32
4 49 99
5 41 40
5 40 34
5 96 149
5 34 96
5 93 92
5 92 91
5 91 90
5 90 89
5 89 88
5 88 87
5 87 41
5 140 93
7 9 10
7 8 9
7 19 18
7 20 19
7 10 21
7 21 22
7 22 23
7 23 24
7 24 25
7 26 20
7 27 26
7 28 27
7 29 28
7 30 29
7 37 36
7 45 37
7 31 32
7 52 45
7 25 33
7 33 69
7 69 71
7 71 73
7 73 75
7 75 77
7 77 31
7 36 78
7 78 76
7 76 74
7 74 72
7 72 70
7 70 39
7 39 30
7 32 79
7 79 34
7 152 100
7 96 149
7 34 96
7 100 52
7 18 8
8 56 58
8 58 60
8 60 141
8 11 56
8 2 11
8 109 2
8 110 109
8 104 102
8 102 114
8 105 104
8 114 113
8 113 112
8 112 111
8 111 110
8 138 136
8 136 105
9 57 55
9 59 57
9 142 59
9 55 106
9 106 1
9 1 121
9 121 122
9 122 123
9 123 124
9 124 125
9 125 126
9 126 127
9 127 103
9 103 135
9 135 137
10 34 35
10 49 50
10 50 47
10 47 53
10 53 40
10 40 34
10 66 65
10 67 66
10 68 67
10 144 68
10 65 49
10 35 81
10 81 82
10 82 83
10 83 84
10 84 85
10 85 86
10 86 139
11 49 50
11 50 47
11 47 53
11 53 40
11 40 34
11 66 65
11 67 66
11 68 67
11 144 68
11 65 49
11 96 149
11 34 96
12 32 38
12 38 43
12 43 44
12 44 46
12 46 47
12 47 48
12 54 143
12 48 61
12 61 62
12 62 63
12 63 54
12 148 95
12 95 32
13 20 19
13 26 20
13 27 26
13 28 27
13 29 28
13 30 29
13 50 47
13 47 53
13 53 40
13 40 80
13 80 38
13 38 36
13 36 78
13 78 76
13 76 74
13 74 72
13 72 70
13 70 39
13 39 30
13 154 98
13 98 50
13 108 145
13 19 108
14 41 40
14 38 43
14 43 44
14 44 51
14 40 80
14 80 38
14 101 151
14 51 101
14 93 92
14 92 91
14 91 90
14 90 89
14 89 88
14 88 87
14 87 41
14 140 93
16 9 10
16 8 9
16 10 21
16 21 22
16 22 23
16 23 24
16 24 25
16 25 33
16 33 69
16 69 71
16 71 73
16 73 75
16 75 77
16 77 31
16 94 147
16 31 94
16 146 107
16 107 18
16 18 8
17 56 58
17 58 60
17 60 141
17 11 56
17 2 11
17 109 2
17 110 109
17 104 102
17 102 114
17 105 104
17 114 113
17 113 112
17 112 111
17 111 110
17 138 136
17 136 105
18 41 42
18 42 48
18 48 49
18 99 153
18 49 99
18 93 92
18 92 91
18 91 90
18 90 89
18 89 88
18 88 87
18 87 41
18 140 93
19 34 35
19 50 47
19 47 53
19 53 40
19 40 34
19 154 98
19 98 50
19 35 81
19 81 82
19 82 83
19 83 84
19 84 85
19 85 86
19 86 139
20 20 19
20 26 20
20 27 26
20 28 27
20 29 28
20 30 29
20 37 36
20 45 37
20 51 52
20 52 45
20 64 51
20 50 64
20 36 78
20 78 76
20 76 74
20 74 72
20 72 70
20 70 39
20 39 30
20 154 98
20 98 50
20 108 145
20 19 108
21 34 35
21 32 79
21 79 34
21 148 95
21 95 32
21 35 81
21 81 82
21 82 83
21 83 84
21 84 85
21 85 86
21 86 139
22 36 31
22 37 36
22 45 37
22 49 50
22 51 52
22 52 45
22 66 65
22 67 66
22 68 67
22 144 68
22 64 51
22 65 49
22 50 64
22 94 147
22 31 94
23 47 48
23 50 47
23 54 143
23 48 61
23 61 62
23 62 63
23 63 54
23 154 98
23 98 50
24 45 44
24 44 46
24 46 47
24 47 48
24 52 45
24 48 49
24 152 100
24 99 153
24 100 52
24 49 99
26 36 31
26 37 36
26 45 37
26 52 45
26 94 147
26 152 100
26 31 94
26 100 52
27 36 31
27 37 36
27 45 37
27 51 52
27 52 45
27 64 51
27 50 64
27 94 147
27 154 98
27 31 94
27 98 50
28 32 38
28 38 43
28 43 44
28 44 51
28 148 95
28 101 151
28 95 32
28 51 101
29 32 38
29 38 43
29 43 44
29 44 46
29 46 47
29 47 48
29 48 49
29 148 95
29 99 153
29 95 32
29 49 99
30 34 35
30 49 50
30 50 47
30 47 53
30 53 40
30 40 34
30 66 65
30 67 66
30 68 67
30 144 68
30 65 49
30 35 81
30 81 82
30 82 83
30 83 84
30 84 85
30 85 86
30 86 139
31 20 19
31 26 20
31 27 26
31 28 27
31 29 28
31 30 29
31 32 38
31 38 36
31 36 78
31 78 76
31 76 74
31 74 72
31 72 70
31 70 39
31 39 30
31 148 95
31 95 32
31 108 145
31 19 108
32 57 55
32 59 57
32 142 59
32 55 106
32 106 1
32 1 121
32 121 122
32 122 123
32 123 124
32 124 125
32 125 126
32 126 127
32 127 103
32 103 135
32 135 137
33 32 38
33 38 43
33 43 44
33 44 51
33 148 95
33 101 151
33 95 32
33 51 101
36 150 97
36 97 35
36 35 81
36 81 82
36 82 83
36 83 84
36 84 85
36 85 86
36 86 139
37 36 31
37 37 36
37 45 37
37 49 50
37 51 52
37 52 45
37 66 65
37 67 66
37 68 67
37 144 68
37 64 51
37 65 49
37 50 64
37 94 147
37 31 94
38 9 10
38 8 9
38 19 18
38 20 19
38 10 21
38 21 22
38 22 23
38 23 24
38 24 25
38 26 20
38 27 26
38 28 27
38 29 28
38 30 29
38 37 36
38 45 37
38 31 32
38 52 45
38 25 33
38 33 69
38 69 71
38 71 73
38 73 75
38 75 77
38 77 31
38 36 78
38 78 76
38 76 74
38 74 72
38 72 70
38 70 39
38 39 30
38 32 79
38 79 34
38 152 100
38 96 149
38 34 96
38 100 52
38 18 8
40 41 42
40 42 48
40 54 143
40 48 61
40 61 62
40 62 63
40 63 54
40 93 92
40 92 91
40 91 90
40 90 89
40 89 88
40 88 87
40 87 41
40 140 93
41 45 44
41 44 46
41 46 47
41 47 48
41 52 45
41 54 143
41 48 61
41 61 62
41 62 63
41 63 54
41 152 100
41 100 52
42 57 55
42 59 57
42 142 59
42 55 106
42 106 1
42 1 121
42 121 122
42 122 123
42 123 124
42 124 125
42 125 126
42 126 127
42 127 103
42 103 135
42 135 137
43 41 42
43 42 48
43 54 143
43 48 61
43 61 62
43 62 63
43 63 54
43 93 92
43 92 91
43 91 90
43 90 89
43 89 88
43 88 87
43 87 41
43 140 93
45 57 55
45 59 57
45 142 59
45 55 106
45 106 1
45 1 121
45 121 122
45 122 123
45 123 124
45 124 125
45 125 126
45 126 127
45 127 103
45 103 135
45 135 137
46 20 19
46 26 20
46 27 26
46 28 27
46 29 28
46 30 29
46 37 36
46 45 37
46 52 45
46 36 78
46 78 76
46 76 74
46 74 72
46 72 70
46 70 39
46 39 30
46 152 100
46 100 52
46 108 145
46 19 108
47 50 47
47 47 53
47 53 40
47 40 34
47 154 98
47 96 149
47 34 96
47 98 50
48 36 31
48 49 50
48 50 47
48 47 53
48 53 40
48 66 65
48 67 66
48 68 67
48 144 68
48 65 49
48 40 80
48 80 38
48 38 36
48 94 147
48 31 94
49 41 40
49 38 43
49 43 44
49 44 51
49 40 80
49 80 38
49 101 151
49 51 101
49 93 92
49 92 91
49 91 90
49 90 89
49 89 88
49 88 87
49 87 41
49 140 93
50 9 10
50 8 9
50 10 21
50 21 22
50 22 23
50 23 24
50 24 25
50 31 32
50 25 33
50 33 69
50 69 71
50 71 73
50 73 75
50 75 77
50 77 31
50 32 79
50 79 34
50 96 149
50 34 96
50 146 107
50 107 18
50 18 8
51 45 44
51 44 46
51 46 47
51 47 48
51 52 45
51 54 143
51 48 61
51 61 62
51 62 63
51 63 54
51 152 100
51 100 52
52 9 10
52 8 9
52 10 21
52 21 22
52 22 23
52 23 24
52 24 25
52 25 33
52 33 69
52 69 71
52 71 73
52 73 75
52 75 77
52 77 31
52 94 147
52 31 94
52 146 107
52 107 18
52 18 8
53 32 38
53 38 43
53 43 44
53 44 51
53 148 95
53 101 151
53 95 32
53 51 101
54 150 97
54 97 35
54 35 81
54 81 82
54 82 83
54 83 84
54 84 85
54 85 86
54 86 139
55 35 41
55 41 42
55 42 48
55 54 143
55 48 61
55 61 62
55 62 63
55 63 54
55 150 97
55 97 35
56 9 10
56 8 9
56 10 21
56 21 22
56 22 23
56 23 24
56 24 25
56 25 33
56 33 69
56 69 71
56 71 73
56 73 75
56 75 77
56 77 31
56 94 147
56 31 94
56 146 107
56 107 18
56 18 8
57 36 31
57 37 36
57 45 37
57 51 52
57 52 45
57 64 51
57 50 64
57 94 147
57 154 98
57 31 94
57 98 50
58 20 19
58 26 20
58 27 26
58 28 27
58 29 28
58 30 29
58 37 36
58 45 37
58 52 45
58 36 78
58 78 76
58 76 74
58 74 72
58 72 70
58 70 39
58 39 30
58 152 100
58 100 52
58 108 145
58 19 108
59 41 42
59 42 48
59 54 143
59 48 61
59 61 62
59 62 63
59 63 54
59 93 92
59 92 91
59 91 90
59 90 89
59 89 88
59 88 87
59 87 41
59 140 93
60 66 65
60 67 66
60 68 67
60 144 68
60 65 49
60 99 153
60 49 99
61 34 35
61 50 47
61 47 53
61 53 40
61 40 34
61 154 98
61 98 50
61 35 81
61 81 82
61 82 83
61 83 84
61 84 85
61 85 86
61 86 139
62 41 40
62 40 34
62 96 149
62 34 96
62 93 92
62 92 91
62 91 90
62 90 89
62 89 88
62 88 87
62 87 41
62 140 93
63 45 44
63 44 46
63 46 47
63 47 48
63 52 45
63 54 143
63 48 61
63 61 62
63 62 63
63 63 54
63 152 100
63 100 52
64 57 55
64 59 57
64 142 59
64 55 106
64 106 1
64 1 121
64 121 122
64 122 123
64 123 124
64 124 125
64 125 126
64 126 127
64 127 103
64 103 135
64 135 137
65 57 55
65 59 57
65 142 59
65 55 106
65 106 1
65 1 121
65 121 122
65 122 123
65 123 124
65 124 125
65 125 126
65 126 127
65 127 103
65 103 135
65 135 137
66 36 31
66 49 50
66 50 47
66 47 53
66 53 40
66 66 65
66 67 66
66 68 67
66 144 68
66 65 49
66 40 80
66 80 38
66 38 36
66 94 147
66 31 94
67 49 50
67 50 47
67 47 53
67 53 40
67 40 34
67 66 65
67 67 66
67 68 67
67 144 68
67 65 49
67 96 149
67 34 96
68 2 3
68 3 4
68 4 5
68 5 6
68 6 7
68 7 0
68 0 8
68 8 9
68 108 145
68 9 19
68 19 108
68 109 2
68 110 109
68 104 102
68 102 114
68 105 104
68 114 113
68 113 112
68 112 111
68 111 110
68 138 136
68 136 105
69 34 35
69 50 47
69 47 53
69 53 40
69 40 34
69 154 98
69 98 50
69 35 81
69 81 82
69 82 83
69 83 84
69 84 85
69 85 86
69 86 139
70 35 41
70 41 42
70 42 48
70 49 50
70 48 49
70 64 51
70 50 64
70 101 151
70 150 97
70 97 35
70 51 101
71 41 42
71 42 48
71 49 50
71 48 49
71 64 51
71 50 64
71 101 151
71 51 101
71 93 92
71 92 91
71 91 90
71 90 89
71 89 88
71 88 87
71 87 41
71 140 93
72 12 11
72 13 12
72 14 13
72 15 14
72 16 15
72 17 16
72 18 17
72 56 58
72 58 60
72 60 141
72 146 107
72 11 56
72 107 18
73 35 41
73 41 42
73 42 48
73 54 143
73 48 61
73 61 62
73 62 63
73 63 54
73 150 97
73 97 35
74 57 55
74 59 57
74 142 59
74 55 106
74 106 1
74 1 121
74 121 122
74 122 123
74 123 124
74 124 125
74 125 126
74 126 127
74 127 103
74 103 135
74 135 137
75 20 19
75 26 20
75 27 26
75 28 27
75 29 28
75 30 29
75 37 36
75 45 37
75 51 52
75 52 45
75 64 51
75 50 64
75 36 78
75 78 76
75 76 74
75 74 72
75 72 70
75 70 39
75 39 30
75 154 98
75 98 50
75 108 145
75 19 108
76 56 58
76 58 60
76 60 141
76 11 56
76 2 11
76 109 2
76 110 109
76 104 102
76 102 114
76 105 104
76 114 113
76 113 112
76 112 111
76 111 110
76 138 136
76 136 105
77 66 65
77 67 66
77 68 67
77 144 68
77 65 49
77 99 153
77 49 99
78 57 55
78 59 57
78 142 59
78 55 106
78 106 1
78 1 121
78 121 122
78 122 123
78 123 124
78 124 125
78 125 126
78 126 127
78 127 103
78 103 135
78 135 137
79 41 42
79 42 48
79 54 143
79 48 61
79 61 62
79 62 63
79 63 54
79 93 92
79 92 91
79 91 90
79 90 89
79 89 88
79 88 87
79 87 41
79 140 93
80 41 42
80 42 48
80 54 143
80 48 61
80 61 62
80 62 63
80 63 54
80 93 92
80 92 91
80 91 90
80 90 89
80 89 88
80 88 87
80 87 41
80 140 93
83 146 107
83 107 18
83 18 8
83 115 102
83 102 103
83 116 115
83 8 117
83 117 118
83 118 119
83 119 120
83 120 116
83 103 135
83 135 137
88 34 35
88 32 79
88 79 34
88 148 95
88 95 32
88 35 81
88 81 82
88 82 83
88 83 84
88 84 85
88 85 86
88 86 139
89 9 10
89 20 19
89 10 21
89 21 22
89 22 23
89 23 24
89 24 25
89 26 20
89 27 26
89 28 27
89 29 28
89 30 29
89 34 35
89 37 36
89 35 41
89 41 42
89 45 37
89 31 32
89 42 48
89 49 50
89 51 52
89 52 45
89 48 49
89 64 51
89 50 64
89 25 33
89 33 69
89 69 71
89 71 73
89 73 75
89 75 77
89 77 31
89 36 78
89 78 76
89 76 74
89 74 72
89 72 70
89 70 39
89 39 30
89 32 79
89 79 34
89 108 145
89 19 108
89 105 104
89 104 134
89 134 133
89 133 132
89 132 131
89 131 130
89 130 129
89 129 128
89 128 9
89 138 136
89 136 105
90 66 65
90 67 66
90 68 67
90 144 68
90 65 49
90 99 153
90 49 99
91 35 41
91 41 42
91 42 48
91 54 143
91 48 61
91 61 62
91 62 63
91 63 54
91 150 97
91 97 35
93 34 35
93 32 79
93 79 34
93 148 95
93 95 32
93 35 81
93 81 82
93 82 83
93 83 84
93 84 85
93 85 86
93 86 139
97 9 10
97 8 9
97 10 21
97 21 22
97 22 23
97 23 24
97 24 25
97 25 33
97 33 69
97 69 71
97 71 73
97 73 75
97 75 77
97 77 31
97 94 147
97 31 94
97 146 107
97 107 18
97 18 8
98 36 31
98 37 36
98 45 37
98 51 52
98 52 45
98 64 51
98 50 64
98 94 147
98 154 98
98 31 94
98 98 50
99 57 55
99 59 57
99 142 59
99 55 106
99 106 1
99 1 121
99 121 122
99 122 123
99 123 124
99 124 125
99 125 126
99 126 127
99 127 103
99 103 135
99 135 137
;
;
set inFlight:=
0
1
2
4
5
7
8
9
10
11
12
13
14
16
17
18
19
21
32
36
;
param tini := 13.1;
