param nn:= 155;
set F:=
22
51
52
55
58
60
61
63
66
67
70
71
72
73
74
76
77
78
79
80
81
83
86
87
89
90
91
94
95
96
;
param: E: d:=
2 3 2.500000
3 4 2.500000
4 5 2.500000
5 6 2.500000
6 7 2.500000
7 0 2.500000
0 8 2.500000
9 10 2.500000
8 9 2.500000
12 11 2.500000
13 12 2.500000
14 13 2.500000
15 14 2.500000
16 15 2.500000
17 16 2.500000
18 17 2.500000
19 18 2.500000
20 19 2.500000
10 21 2.500000
21 22 2.500000
22 23 2.500000
23 24 2.500000
24 25 2.500000
26 20 2.500000
27 26 2.500000
28 27 2.500000
29 28 2.500000
30 29 2.500000
34 35 2.500000
36 31 2.500000
37 36 2.500000
41 40 2.500000
35 41 2.500000
41 42 2.500000
32 38 2.500000
38 43 2.500000
43 44 2.500000
45 37 2.500000
31 32 2.500000
45 44 2.500000
44 46 2.500000
46 47 2.500000
47 48 2.500000
42 48 2.500000
49 50 2.500000
51 52 2.500000
52 45 2.500000
44 51 2.500000
48 49 2.500000
50 47 2.500000
47 53 2.500000
53 40 2.500000
40 34 2.500000
54 143 1.500000
57 55 2.500000
56 58 2.500000
59 57 2.500000
58 60 2.500000
60 141 1.500000
142 59 1.500000
48 61 2.500000
61 62 2.500000
62 63 2.500000
66 65 2.500000
67 66 2.500000
68 67 2.500000
144 68 1.500000
2 1 2.500000
64 51 2.500000
63 54 2.500000
65 49 2.500000
50 64 2.500000
25 33 2.500000
33 69 2.500000
69 71 2.500000
71 73 2.500000
73 75 2.500000
75 77 2.500000
77 31 2.500000
40 80 2.500000
80 38 2.500000
38 36 2.500000
36 78 2.500000
78 76 2.500000
76 74 2.500000
74 72 2.500000
72 70 2.500000
70 39 2.500000
39 30 2.500000
32 79 2.500000
79 34 2.500000
148 95 1.500000
94 147 1.500000
152 100 1.500000
101 151 1.500000
154 98 1.500000
99 153 1.500000
96 149 1.500000
150 97 1.500000
97 35 2.500000
95 32 2.500000
31 94 2.500000
34 96 2.500000
51 101 2.500000
100 52 2.500000
98 50 2.500000
49 99 2.500000
35 81 2.500000
81 82 2.500000
82 83 2.500000
83 84 2.500000
84 85 2.500000
85 86 2.500000
93 92 2.500000
92 91 2.500000
91 90 2.500000
90 89 2.500000
89 88 2.500000
88 87 2.500000
87 41 2.500000
86 139 1.500000
140 93 1.500000
108 145 1.500000
146 107 1.500000
11 56 2.500000
2 11 2.500000
107 18 2.500000
18 8 2.500000
9 19 2.500000
19 108 2.500000
55 106 2.500000
106 1 2.500000
1 121 2.500000
121 122 2.500000
109 2 2.500000
110 109 2.500000
104 102 2.500000
102 114 2.500000
115 102 2.500000
102 103 2.500000
105 104 2.500000
104 134 2.500000
134 133 2.500000
103 105 2.500000
116 115 2.500000
8 117 2.500000
117 118 2.500000
118 119 2.500000
119 120 2.500000
120 116 2.500000
133 132 2.500000
132 131 2.500000
131 130 2.500000
130 129 2.500000
129 128 2.500000
128 9 2.500000
122 123 2.500000
123 124 2.500000
124 125 2.500000
125 126 2.500000
126 127 2.500000
127 103 2.500000
114 113 2.500000
113 112 2.500000
112 111 2.500000
111 110 2.500000
103 135 2.500000
135 137 1.500000
138 136 1.500000
136 105 2.500000
;
param s:=
22 154
51 146
52 146
55 150
58 140
60 152
61 146
63 148
66 152
67 140
70 148
71 144
72 152
73 142
74 150
76 140
77 142
78 154
79 144
80 146
81 142
83 152
86 138
87 154
89 142
90 144
91 148
94 146
95 142
96 144
;
param e:=
22 145
51 151
52 149
55 147
58 147
60 143
61 149
63 145
66 139
67 147
70 151
71 147
72 145
73 137
74 151
76 143
77 137
78 145
79 139
80 147
81 137
83 147
86 145
87 143
89 137
90 153
91 139
94 147
95 137
96 147
;
param v_min:=2.375
;
param v_max:=2.625
;
param :conflictsNodes: angle:=
0 7 8 1.000000
0 8 7 1.000000
1 2 121 1.154701
1 121 2 1.154701
1 2 106 1.000000
1 106 2 1.000000
1 106 121 1.000000
1 121 106 1.000000
2 3 11 1.000000
2 11 3 1.000000
2 3 109 1.154701
2 109 3 1.154701
2 1 3 1.000000
2 3 1 1.000000
2 1 11 1.000000
2 11 1 1.000000
2 1 109 1.000000
2 109 1 1.000000
2 11 109 1.000000
2 109 11 1.000000
3 2 4 1.000000
3 4 2 1.000000
4 3 5 1.000000
4 5 3 1.000000
5 4 6 1.000000
5 6 4 1.000000
6 5 7 1.000000
6 7 5 1.000000
7 0 6 1.000000
7 6 0 1.000000
8 0 9 1.000000
8 9 0 1.000000
8 0 117 1.154701
8 117 0 1.154701
8 0 18 1.000000
8 18 0 1.000000
8 9 117 1.000000
8 117 9 1.000000
8 9 18 1.000000
8 18 9 1.000000
8 18 117 1.000000
8 117 18 1.000000
9 8 10 1.000000
9 10 8 1.000000
9 8 19 1.000000
9 19 8 1.000000
9 8 128 1.154701
9 128 8 1.154701
9 10 19 1.000000
9 19 10 1.000000
9 10 128 1.000000
9 128 10 1.000000
9 19 128 1.000000
9 128 19 1.000000
10 9 21 1.000000
10 21 9 1.000000
11 2 12 1.000000
11 12 2 1.000000
11 2 56 1.000000
11 56 2 1.000000
11 12 56 1.000000
11 56 12 1.000000
12 11 13 1.000000
12 13 11 1.000000
13 12 14 1.000000
13 14 12 1.000000
14 13 15 1.000000
14 15 13 1.000000
15 14 16 1.000000
15 16 14 1.000000
16 15 17 1.000000
16 17 15 1.000000
17 16 18 1.000000
17 18 16 1.000000
18 17 19 1.000000
18 19 17 1.000000
18 17 107 1.000000
18 107 17 1.000000
18 8 17 1.000000
18 17 8 1.000000
18 8 19 1.000000
18 19 8 1.000000
18 8 107 1.000000
18 107 8 1.000000
18 19 107 1.000000
18 107 19 1.000000
19 9 18 1.000000
19 18 9 1.000000
19 9 108 1.000000
19 108 9 1.000000
19 9 20 1.000000
19 20 9 1.000000
19 18 108 1.000000
19 108 18 1.000000
19 18 20 1.000000
19 20 18 1.000000
19 20 108 1.000000
19 108 20 1.000000
20 19 26 1.000000
20 26 19 1.000000
21 10 22 1.000000
21 22 10 1.000000
22 21 23 1.000000
22 23 21 1.000000
23 22 24 1.000000
23 24 22 1.000000
24 23 25 1.000000
24 25 23 1.000000
25 24 33 1.000000
25 33 24 1.000000
26 20 27 1.000000
26 27 20 1.000000
27 26 28 1.000000
27 28 26 1.000000
28 27 29 1.000000
28 29 27 1.000000
29 28 30 1.000000
29 30 28 1.000000
30 29 39 1.000000
30 39 29 1.000000
31 36 94 1.000000
31 94 36 1.000000
31 36 77 1.000000
31 77 36 1.000000
31 32 36 1.000000
31 36 32 1.000000
31 32 94 1.000000
31 94 32 1.000000
31 32 77 1.000000
31 77 32 1.000000
31 77 94 1.000000
31 94 77 1.000000
32 31 38 1.000000
32 38 31 1.000000
32 31 79 1.000000
32 79 31 1.000000
32 31 95 1.000000
32 95 31 1.000000
32 38 79 1.000000
32 79 38 1.000000
32 38 95 1.000000
32 95 38 1.000000
32 79 95 1.000000
32 95 79 1.000000
33 25 69 1.000000
33 69 25 1.000000
34 35 96 1.000000
34 96 35 1.000000
34 35 40 1.000000
34 40 35 1.000000
34 35 79 1.000000
34 79 35 1.000000
34 40 96 1.000000
34 96 40 1.000000
34 40 79 1.000000
34 79 40 1.000000
34 79 96 1.000000
34 96 79 1.000000
35 34 41 1.000000
35 41 34 1.000000
35 34 81 1.000000
35 81 34 1.000000
35 34 97 1.000000
35 97 34 1.000000
35 41 81 1.000000
35 81 41 1.000000
35 41 97 1.000000
35 97 41 1.000000
35 81 97 1.189773
35 97 81 1.189773
36 31 78 1.000000
36 78 31 1.000000
36 31 37 1.000000
36 37 31 1.000000
36 31 38 1.000000
36 38 31 1.000000
36 37 78 1.000000
36 78 37 1.000000
36 37 38 1.000000
36 38 37 1.000000
36 38 78 1.000000
36 78 38 1.000000
37 36 45 1.000000
37 45 36 1.000000
38 32 43 1.000000
38 43 32 1.000000
38 32 36 1.000000
38 36 32 1.000000
38 32 80 1.000000
38 80 32 1.000000
38 43 80 1.000000
38 80 43 1.000000
38 36 43 1.000000
38 43 36 1.000000
38 36 80 1.000000
38 80 36 1.000000
39 30 70 1.000000
39 70 30 1.000000
40 41 80 1.000000
40 80 41 1.000000
40 41 53 1.000000
40 53 41 1.000000
40 34 41 1.000000
40 41 34 1.000000
40 34 80 1.000000
40 80 34 1.000000
40 34 53 1.000000
40 53 34 1.000000
40 53 80 1.000000
40 80 53 1.000000
41 35 40 1.000000
41 40 35 1.000000
41 35 42 1.000000
41 42 35 1.000000
41 35 87 1.189773
41 87 35 1.189773
41 40 42 1.000000
41 42 40 1.000000
41 40 87 1.000000
41 87 40 1.000000
41 42 87 1.000000
41 87 42 1.000000
42 41 48 1.000000
42 48 41 1.000000
43 38 44 1.000000
43 44 38 1.000000
44 43 46 1.000000
44 46 43 1.000000
44 43 51 1.000000
44 51 43 1.000000
44 43 45 1.000000
44 45 43 1.000000
44 46 51 1.000000
44 51 46 1.000000
44 45 46 1.000000
44 46 45 1.000000
44 45 51 1.000000
44 51 45 1.000000
45 37 44 1.000000
45 44 37 1.000000
45 37 52 1.000000
45 52 37 1.000000
45 44 52 1.000000
45 52 44 1.000000
46 44 47 1.000000
46 47 44 1.000000
47 46 48 1.000000
47 48 46 1.000000
47 46 53 1.000000
47 53 46 1.000000
47 46 50 1.000000
47 50 46 1.000000
47 48 53 1.000000
47 53 48 1.000000
47 48 50 1.000000
47 50 48 1.000000
47 50 53 1.000000
47 53 50 1.000000
48 42 47 1.000000
48 47 42 1.000000
48 42 49 1.000000
48 49 42 1.000000
48 42 61 1.000000
48 61 42 1.000000
48 47 49 1.000000
48 49 47 1.000000
48 47 61 1.000000
48 61 47 1.000000
48 49 61 1.000000
48 61 49 1.000000
49 48 50 1.000000
49 50 48 1.000000
49 48 99 1.000000
49 99 48 1.000000
49 48 65 1.000000
49 65 48 1.000000
49 50 99 1.000000
49 99 50 1.000000
49 50 65 1.000000
49 65 50 1.000000
49 65 99 1.000000
49 99 65 1.000000
50 49 64 1.000000
50 64 49 1.000000
50 49 98 1.000000
50 98 49 1.000000
50 47 49 1.000000
50 49 47 1.000000
50 47 64 1.000000
50 64 47 1.000000
50 47 98 1.000000
50 98 47 1.000000
50 64 98 1.000000
50 98 64 1.000000
51 44 52 1.000000
51 52 44 1.000000
51 44 101 1.000000
51 101 44 1.000000
51 44 64 1.000000
51 64 44 1.000000
51 52 101 1.000000
51 101 52 1.000000
51 52 64 1.000000
51 64 52 1.000000
51 64 101 1.000000
51 101 64 1.000000
52 51 100 1.000000
52 100 51 1.000000
52 45 51 1.000000
52 51 45 1.000000
52 45 100 1.000000
52 100 45 1.000000
53 40 47 1.000000
53 47 40 1.000000
55 57 106 1.000000
55 106 57 1.000000
56 11 58 1.000000
56 58 11 1.000000
57 55 59 1.000000
57 59 55 1.000000
58 56 60 1.000000
58 60 56 1.000000
61 48 62 1.000000
61 62 48 1.000000
62 61 63 1.000000
62 63 61 1.000000
63 54 62 1.000000
63 62 54 1.000000
64 50 51 1.000000
64 51 50 1.000000
65 49 66 1.000000
65 66 49 1.000000
66 65 67 1.000000
66 67 65 1.000000
67 66 68 1.000000
67 68 66 1.000000
69 33 71 1.000000
69 71 33 1.000000
70 39 72 1.000000
70 72 39 1.000000
71 69 73 1.000000
71 73 69 1.000000
72 70 74 1.000000
72 74 70 1.000000
73 71 75 1.000000
73 75 71 1.000000
74 72 76 1.000000
74 76 72 1.000000
75 73 77 1.000000
75 77 73 1.000000
76 74 78 1.000000
76 78 74 1.000000
77 31 75 1.000000
77 75 31 1.000000
78 36 76 1.000000
78 76 36 1.000000
79 32 34 1.000000
79 34 32 1.000000
80 38 40 1.000000
80 40 38 1.000000
81 35 82 1.000000
81 82 35 1.000000
82 81 83 1.000000
82 83 81 1.000000
83 82 84 1.000000
83 84 82 1.000000
84 83 85 1.000000
84 85 83 1.000000
85 84 86 1.000000
85 86 84 1.000000
87 41 88 1.000000
87 88 41 1.000000
88 87 89 1.000000
88 89 87 1.000000
89 88 90 1.000000
89 90 88 1.000000
90 89 91 1.000000
90 91 89 1.000000
91 90 92 1.000000
91 92 90 1.000000
92 91 93 1.000000
92 93 91 1.000000
102 104 114 1.000000
102 114 104 1.000000
102 104 115 1.000000
102 115 104 1.000000
102 114 115 1.154701
102 115 114 1.154701
102 103 104 1.154701
102 104 103 1.154701
102 103 114 1.000000
102 114 103 1.000000
102 103 115 1.000000
102 115 103 1.000000
103 102 105 1.000000
103 105 102 1.000000
103 102 135 1.000000
103 135 102 1.000000
103 102 127 1.154701
103 127 102 1.154701
103 105 135 1.154701
103 135 105 1.154701
103 105 127 1.000000
103 127 105 1.000000
103 127 135 1.000000
103 135 127 1.000000
104 102 134 1.154701
104 134 102 1.154701
104 102 105 1.000000
104 105 102 1.000000
104 105 134 1.000000
104 134 105 1.000000
105 103 104 1.154701
105 104 103 1.154701
105 103 136 1.000000
105 136 103 1.000000
105 104 136 1.000000
105 136 104 1.000000
106 1 55 1.000000
106 55 1 1.000000
109 2 110 1.000000
109 110 2 1.000000
110 109 111 1.000000
110 111 109 1.000000
111 110 112 1.000000
111 112 110 1.000000
112 111 113 1.000000
112 113 111 1.000000
113 112 114 1.000000
113 114 112 1.000000
114 102 113 1.000000
114 113 102 1.000000
115 102 116 1.000000
115 116 102 1.000000
116 115 120 1.000000
116 120 115 1.000000
117 8 118 1.000000
117 118 8 1.000000
118 117 119 1.000000
118 119 117 1.000000
119 118 120 1.000000
119 120 118 1.000000
120 116 119 1.000000
120 119 116 1.000000
121 1 122 1.000000
121 122 1 1.000000
122 121 123 1.000000
122 123 121 1.000000
123 122 124 1.000000
123 124 122 1.000000
124 123 125 1.000000
124 125 123 1.000000
125 124 126 1.000000
125 126 124 1.000000
126 125 127 1.000000
126 127 125 1.000000
127 103 126 1.000000
127 126 103 1.000000
128 9 129 1.000000
128 129 9 1.000000
129 128 130 1.000000
129 130 128 1.000000
130 129 131 1.000000
130 131 129 1.000000
131 130 132 1.000000
131 132 130 1.000000
132 131 133 1.000000
132 133 131 1.000000
133 132 134 1.000000
133 134 132 1.000000
134 104 133 1.000000
134 133 104 1.000000
;
param D:=0.5;
param t_hat_ear:=
22 154 28.0
22 98 29.0
22 50 30.0
22 47 31.0
22 53 32.0
22 40 33.0
22 80 34.0
22 38 35.0
22 36 36.0
22 78 37.0
22 76 38.0
22 74 39.0
22 72 40.0
22 70 41.0
22 39 42.0
22 30 43.0
22 29 44.0
22 28 45.0
22 27 46.0
22 26 47.0
22 20 48.0
22 19 49.0
22 108 50.0
22 145 51.0
51 146 28.0
51 107 29.0
51 18 30.0
51 8 31.0
51 9 32.0
51 10 33.0
51 21 34.0
51 22 35.0
51 23 36.0
51 24 37.0
51 25 38.0
51 33 39.0
51 69 40.0
51 71 41.0
51 73 42.0
51 75 43.0
51 77 44.0
51 31 45.0
51 32 46.0
51 38 47.0
51 43 48.0
51 44 49.0
51 51 50.0
51 101 51.0
51 151 52.0
52 146 38.0
52 107 39.0
52 18 40.0
52 8 41.0
52 9 42.0
52 10 43.0
52 21 44.0
52 22 45.0
52 23 46.0
52 24 47.0
52 25 48.0
52 33 49.0
52 69 50.0
52 71 51.0
52 73 52.0
52 75 53.0
52 77 54.0
52 31 55.0
52 32 56.0
52 79 57.0
52 34 58.0
52 96 59.0
52 149 60.0
55 150 39.0
55 97 40.0
55 35 41.0
55 41 42.0
55 40 43.0
55 80 44.0
55 38 45.0
55 36 46.0
55 31 47.0
55 94 48.0
55 147 49.0
58 140 38.0
58 93 39.0
58 92 40.0
58 91 41.0
58 90 42.0
58 89 43.0
58 88 44.0
58 87 45.0
58 41 46.0
58 40 47.0
58 80 48.0
58 38 49.0
58 36 50.0
58 31 51.0
58 94 52.0
58 147 53.0
60 152 47.0
60 100 48.0
60 52 49.0
60 45 50.0
60 44 51.0
60 46 52.0
60 47 53.0
60 48 54.0
60 61 55.0
60 62 56.0
60 63 57.0
60 54 58.0
60 143 59.0
61 146 36.0
61 107 37.0
61 18 38.0
61 8 39.0
61 9 40.0
61 10 41.0
61 21 42.0
61 22 43.0
61 23 44.0
61 24 45.0
61 25 46.0
61 33 47.0
61 69 48.0
61 71 49.0
61 73 50.0
61 75 51.0
61 77 52.0
61 31 53.0
61 32 54.0
61 79 55.0
61 34 56.0
61 96 57.0
61 149 58.0
63 148 36.0
63 95 37.0
63 32 38.0
63 38 39.0
63 36 40.0
63 78 41.0
63 76 42.0
63 74 43.0
63 72 44.0
63 70 45.0
63 39 46.0
63 30 47.0
63 29 48.0
63 28 49.0
63 27 50.0
63 26 51.0
63 20 52.0
63 19 53.0
63 108 54.0
63 145 55.0
66 152 37.0
66 100 38.0
66 52 39.0
66 45 40.0
66 44 41.0
66 46 42.0
66 47 43.0
66 53 44.0
66 40 45.0
66 34 46.0
66 35 47.0
66 81 48.0
66 82 49.0
66 83 50.0
66 84 51.0
66 85 52.0
66 86 53.0
66 139 54.0
67 140 46.0
67 93 47.0
67 92 48.0
67 91 49.0
67 90 50.0
67 89 51.0
67 88 52.0
67 87 53.0
67 41 54.0
67 40 55.0
67 80 56.0
67 38 57.0
67 36 58.0
67 31 59.0
67 94 60.0
67 147 61.0
70 148 49.1
70 95 49.0
70 32 50.0
70 38 51.0
70 43 52.0
70 44 53.0
70 51 54.0
70 101 55.0
70 151 56.0
71 144 49.1
71 68 49.0
71 67 50.0
71 66 51.0
71 65 52.0
71 49 53.0
71 50 54.0
71 47 55.0
71 53 56.0
71 40 57.0
71 80 58.0
71 38 59.0
71 36 60.0
71 31 61.0
71 94 62.0
71 147 63.0
72 152 39.0
72 100 40.0
72 52 41.0
72 45 42.0
72 37 43.0
72 36 44.0
72 78 45.0
72 76 46.0
72 74 47.0
72 72 48.0
72 70 49.0
72 39 50.0
72 30 51.0
72 29 52.0
72 28 53.0
72 27 54.0
72 26 55.0
72 20 56.0
72 19 57.0
72 108 58.0
72 145 59.0
73 142 34.0
73 59 35.0
73 57 36.0
73 55 37.0
73 106 38.0
73 1 39.0
73 121 40.0
73 122 41.0
73 123 42.0
73 124 43.0
73 125 44.0
73 126 45.0
73 127 46.0
73 103 47.0
73 135 48.0
73 137 49.0
74 150 47.0
74 97 48.0
74 35 49.0
74 41 50.0
74 40 51.0
74 80 52.0
74 38 53.0
74 43 54.0
74 44 55.0
74 51 56.0
74 101 57.0
74 151 58.0
76 140 36.0
76 93 37.0
76 92 38.0
76 91 39.0
76 90 40.0
76 89 41.0
76 88 42.0
76 87 43.0
76 41 44.0
76 42 45.0
76 48 46.0
76 61 47.0
76 62 48.0
76 63 49.0
76 54 50.0
76 143 51.0
77 142 36.0
77 59 37.0
77 57 38.0
77 55 39.0
77 106 40.0
77 1 41.0
77 121 42.0
77 122 43.0
77 123 44.0
77 124 45.0
77 125 46.0
77 126 47.0
77 127 48.0
77 103 49.0
77 135 50.0
77 137 51.0
78 154 34.0
78 98 35.0
78 50 36.0
78 47 37.0
78 53 38.0
78 40 39.0
78 80 40.0
78 38 41.0
78 36 42.0
78 78 43.0
78 76 44.0
78 74 45.0
78 72 46.0
78 70 47.0
78 39 48.0
78 30 49.0
78 29 50.0
78 28 51.0
78 27 52.0
78 26 53.0
78 20 54.0
78 19 55.0
78 108 56.0
78 145 57.0
79 144 40.0
79 68 41.0
79 67 42.0
79 66 43.0
79 65 44.0
79 49 45.0
79 50 46.0
79 47 47.0
79 53 48.0
79 40 49.0
79 34 50.0
79 35 51.0
79 81 52.0
79 82 53.0
79 83 54.0
79 84 55.0
79 85 56.0
79 86 57.0
79 139 58.0
80 146 46.0
80 107 47.0
80 18 48.0
80 8 49.0
80 9 50.0
80 10 51.0
80 21 52.0
80 22 53.0
80 23 54.0
80 24 55.0
80 25 56.0
80 33 57.0
80 69 58.0
80 71 59.0
80 73 60.0
80 75 61.0
80 77 62.0
80 31 63.0
80 94 64.0
80 147 65.0
81 142 40.0
81 59 41.0
81 57 42.0
81 55 43.0
81 106 44.0
81 1 45.0
81 121 46.0
81 122 47.0
81 123 48.0
81 124 49.0
81 125 50.0
81 126 51.0
81 127 52.0
81 103 53.0
81 135 54.0
81 137 55.0
83 152 43.0
83 100 44.0
83 52 45.0
83 45 46.0
83 37 47.0
83 36 48.0
83 31 49.0
83 94 50.0
83 147 51.0
86 138 47.0
86 136 48.0
86 105 49.0
86 104 50.0
86 134 51.0
86 133 52.0
86 132 53.0
86 131 54.0
86 130 55.0
86 129 56.0
86 128 57.0
86 9 58.0
86 19 59.0
86 108 60.0
86 145 61.0
87 154 46.0
87 98 47.0
87 50 48.0
87 47 49.0
87 48 50.0
87 61 51.0
87 62 52.0
87 63 53.0
87 54 54.0
87 143 55.0
89 142 42.0
89 59 43.0
89 57 44.0
89 55 45.0
89 106 46.0
89 1 47.0
89 121 48.0
89 122 49.0
89 123 50.0
89 124 51.0
89 125 52.0
89 126 53.0
89 127 54.0
89 103 55.0
89 135 56.0
89 137 57.0
90 144 42.0
90 68 43.0
90 67 44.0
90 66 45.0
90 65 46.0
90 49 47.0
90 99 48.0
90 153 49.0
91 148 40.0
91 95 41.0
91 32 42.0
91 79 43.0
91 34 44.0
91 35 45.0
91 81 46.0
91 82 47.0
91 83 48.0
91 84 49.0
91 85 50.0
91 86 51.0
91 139 52.0
94 146 49.1
94 107 49.0
94 18 50.0
94 8 51.0
94 9 52.0
94 10 53.0
94 21 54.0
94 22 55.0
94 23 56.0
94 24 57.0
94 25 58.0
94 33 59.0
94 69 60.0
94 71 61.0
94 73 62.0
94 75 63.0
94 77 64.0
94 31 65.0
94 94 66.0
94 147 67.0
95 142 44.0
95 59 45.0
95 57 46.0
95 55 47.0
95 106 48.0
95 1 49.0
95 121 50.0
95 122 51.0
95 123 52.0
95 124 53.0
95 125 54.0
95 126 55.0
95 127 56.0
95 103 57.0
95 135 58.0
95 137 59.0
96 144 44.0
96 68 45.0
96 67 46.0
96 66 47.0
96 65 48.0
96 49 49.0
96 50 50.0
96 47 51.0
96 53 52.0
96 40 53.0
96 80 54.0
96 38 55.0
96 36 56.0
96 31 57.0
96 94 58.0
96 147 59.0
;
param t_hat_lat:=
22 154 29.0
22 98 30.0
22 50 31.0
22 47 32.0
22 53 33.0
22 40 34.0
22 80 35.0
22 38 36.0
22 36 37.0
22 78 38.0
22 76 39.0
22 74 40.0
22 72 41.0
22 70 42.0
22 39 43.0
22 30 44.0
22 29 45.0
22 28 46.0
22 27 47.0
22 26 48.0
22 20 49.0
22 19 50.0
22 108 51.0
22 145 52.0
51 146 29.0
51 107 30.0
51 18 31.0
51 8 32.0
51 9 33.0
51 10 34.0
51 21 35.0
51 22 36.0
51 23 37.0
51 24 38.0
51 25 39.0
51 33 40.0
51 69 41.0
51 71 42.0
51 73 43.0
51 75 44.0
51 77 45.0
51 31 46.0
51 32 47.0
51 38 48.0
51 43 49.0
51 44 50.0
51 51 51.0
51 101 52.0
51 151 53.0
52 146 39.0
52 107 40.0
52 18 41.0
52 8 42.0
52 9 43.0
52 10 44.0
52 21 45.0
52 22 46.0
52 23 47.0
52 24 48.0
52 25 49.0
52 33 50.0
52 69 51.0
52 71 52.0
52 73 53.0
52 75 54.0
52 77 55.0
52 31 56.0
52 32 57.0
52 79 58.0
52 34 59.0
52 96 60.0
52 149 61.0
55 150 40.0
55 97 41.0
55 35 42.0
55 41 43.0
55 40 44.0
55 80 45.0
55 38 46.0
55 36 47.0
55 31 48.0
55 94 49.0
55 147 50.0
58 140 39.0
58 93 40.0
58 92 41.0
58 91 42.0
58 90 43.0
58 89 44.0
58 88 45.0
58 87 46.0
58 41 47.0
58 40 48.0
58 80 49.0
58 38 50.0
58 36 51.0
58 31 52.0
58 94 53.0
58 147 54.0
60 152 48.0
60 100 49.0
60 52 50.0
60 45 51.0
60 44 52.0
60 46 53.0
60 47 54.0
60 48 55.0
60 61 56.0
60 62 57.0
60 63 58.0
60 54 59.0
60 143 60.0
61 146 37.0
61 107 38.0
61 18 39.0
61 8 40.0
61 9 41.0
61 10 42.0
61 21 43.0
61 22 44.0
61 23 45.0
61 24 46.0
61 25 47.0
61 33 48.0
61 69 49.0
61 71 50.0
61 73 51.0
61 75 52.0
61 77 53.0
61 31 54.0
61 32 55.0
61 79 56.0
61 34 57.0
61 96 58.0
61 149 59.0
63 148 37.0
63 95 38.0
63 32 39.0
63 38 40.0
63 36 41.0
63 78 42.0
63 76 43.0
63 74 44.0
63 72 45.0
63 70 46.0
63 39 47.0
63 30 48.0
63 29 49.0
63 28 50.0
63 27 51.0
63 26 52.0
63 20 53.0
63 19 54.0
63 108 55.0
63 145 56.0
66 152 38.0
66 100 39.0
66 52 40.0
66 45 41.0
66 44 42.0
66 46 43.0
66 47 44.0
66 53 45.0
66 40 46.0
66 34 47.0
66 35 48.0
66 81 49.0
66 82 50.0
66 83 51.0
66 84 52.0
66 85 53.0
66 86 54.0
66 139 55.0
67 140 47.0
67 93 48.0
67 92 49.0
67 91 50.0
67 90 51.0
67 89 52.0
67 88 53.0
67 87 54.0
67 41 55.0
67 40 56.0
67 80 57.0
67 38 58.0
67 36 59.0
67 31 60.0
67 94 61.0
67 147 62.0
70 148 50.099999999999994
70 95 50.0
70 32 51.0
70 38 52.0
70 43 53.0
70 44 54.0
70 51 55.0
70 101 56.0
70 151 57.0
71 144 50.099999999999994
71 68 50.0
71 67 51.0
71 66 52.0
71 65 53.0
71 49 54.0
71 50 55.0
71 47 56.0
71 53 57.0
71 40 58.0
71 80 59.0
71 38 60.0
71 36 61.0
71 31 62.0
71 94 63.0
71 147 64.0
72 152 40.0
72 100 41.0
72 52 42.0
72 45 43.0
72 37 44.0
72 36 45.0
72 78 46.0
72 76 47.0
72 74 48.0
72 72 49.0
72 70 50.0
72 39 51.0
72 30 52.0
72 29 53.0
72 28 54.0
72 27 55.0
72 26 56.0
72 20 57.0
72 19 58.0
72 108 59.0
72 145 60.0
73 142 35.0
73 59 36.0
73 57 37.0
73 55 38.0
73 106 39.0
73 1 40.0
73 121 41.0
73 122 42.0
73 123 43.0
73 124 44.0
73 125 45.0
73 126 46.0
73 127 47.0
73 103 48.0
73 135 49.0
73 137 50.0
74 150 48.0
74 97 49.0
74 35 50.0
74 41 51.0
74 40 52.0
74 80 53.0
74 38 54.0
74 43 55.0
74 44 56.0
74 51 57.0
74 101 58.0
74 151 59.0
76 140 37.0
76 93 38.0
76 92 39.0
76 91 40.0
76 90 41.0
76 89 42.0
76 88 43.0
76 87 44.0
76 41 45.0
76 42 46.0
76 48 47.0
76 61 48.0
76 62 49.0
76 63 50.0
76 54 51.0
76 143 52.0
77 142 37.0
77 59 38.0
77 57 39.0
77 55 40.0
77 106 41.0
77 1 42.0
77 121 43.0
77 122 44.0
77 123 45.0
77 124 46.0
77 125 47.0
77 126 48.0
77 127 49.0
77 103 50.0
77 135 51.0
77 137 52.0
78 154 35.0
78 98 36.0
78 50 37.0
78 47 38.0
78 53 39.0
78 40 40.0
78 80 41.0
78 38 42.0
78 36 43.0
78 78 44.0
78 76 45.0
78 74 46.0
78 72 47.0
78 70 48.0
78 39 49.0
78 30 50.0
78 29 51.0
78 28 52.0
78 27 53.0
78 26 54.0
78 20 55.0
78 19 56.0
78 108 57.0
78 145 58.0
79 144 41.0
79 68 42.0
79 67 43.0
79 66 44.0
79 65 45.0
79 49 46.0
79 50 47.0
79 47 48.0
79 53 49.0
79 40 50.0
79 34 51.0
79 35 52.0
79 81 53.0
79 82 54.0
79 83 55.0
79 84 56.0
79 85 57.0
79 86 58.0
79 139 59.0
80 146 47.0
80 107 48.0
80 18 49.0
80 8 50.0
80 9 51.0
80 10 52.0
80 21 53.0
80 22 54.0
80 23 55.0
80 24 56.0
80 25 57.0
80 33 58.0
80 69 59.0
80 71 60.0
80 73 61.0
80 75 62.0
80 77 63.0
80 31 64.0
80 94 65.0
80 147 66.0
81 142 41.0
81 59 42.0
81 57 43.0
81 55 44.0
81 106 45.0
81 1 46.0
81 121 47.0
81 122 48.0
81 123 49.0
81 124 50.0
81 125 51.0
81 126 52.0
81 127 53.0
81 103 54.0
81 135 55.0
81 137 56.0
83 152 44.0
83 100 45.0
83 52 46.0
83 45 47.0
83 37 48.0
83 36 49.0
83 31 50.0
83 94 51.0
83 147 52.0
86 138 48.0
86 136 49.0
86 105 50.0
86 104 51.0
86 134 52.0
86 133 53.0
86 132 54.0
86 131 55.0
86 130 56.0
86 129 57.0
86 128 58.0
86 9 59.0
86 19 60.0
86 108 61.0
86 145 62.0
87 154 47.0
87 98 48.0
87 50 49.0
87 47 50.0
87 48 51.0
87 61 52.0
87 62 53.0
87 63 54.0
87 54 55.0
87 143 56.0
89 142 43.0
89 59 44.0
89 57 45.0
89 55 46.0
89 106 47.0
89 1 48.0
89 121 49.0
89 122 50.0
89 123 51.0
89 124 52.0
89 125 53.0
89 126 54.0
89 127 55.0
89 103 56.0
89 135 57.0
89 137 58.0
90 144 43.0
90 68 44.0
90 67 45.0
90 66 46.0
90 65 47.0
90 49 48.0
90 99 49.0
90 153 50.0
91 148 41.0
91 95 42.0
91 32 43.0
91 79 44.0
91 34 45.0
91 35 46.0
91 81 47.0
91 82 48.0
91 83 49.0
91 84 50.0
91 85 51.0
91 86 52.0
91 139 53.0
94 146 50.099999999999994
94 107 50.0
94 18 51.0
94 8 52.0
94 9 53.0
94 10 54.0
94 21 55.0
94 22 56.0
94 23 57.0
94 24 58.0
94 25 59.0
94 33 60.0
94 69 61.0
94 71 62.0
94 73 63.0
94 75 64.0
94 77 65.0
94 31 66.0
94 94 67.0
94 147 68.0
95 142 45.0
95 59 46.0
95 57 47.0
95 55 48.0
95 106 49.0
95 1 50.0
95 121 51.0
95 122 52.0
95 123 53.0
95 124 54.0
95 125 55.0
95 126 56.0
95 127 57.0
95 103 58.0
95 135 59.0
95 137 60.0
96 144 45.0
96 68 46.0
96 67 47.0
96 66 48.0
96 65 49.0
96 49 50.0
96 50 51.0
96 47 52.0
96 53 53.0
96 40 54.0
96 80 55.0
96 38 56.0
96 36 57.0
96 31 58.0
96 94 59.0
96 147 60.0
;
set fixedFlights :=
22 20 19
22 26 20
22 27 26
22 28 27
22 29 28
22 30 29
22 50 47
22 47 53
22 53 40
22 40 80
22 80 38
22 38 36
22 36 78
22 78 76
22 76 74
22 74 72
22 72 70
22 70 39
22 39 30
22 154 98
22 98 50
22 108 145
22 19 108
51 9 10
51 8 9
51 10 21
51 21 22
51 22 23
51 23 24
51 24 25
51 32 38
51 38 43
51 43 44
51 31 32
51 44 51
51 25 33
51 33 69
51 69 71
51 71 73
51 73 75
51 75 77
51 77 31
51 101 151
51 51 101
51 146 107
51 107 18
51 18 8
52 9 10
52 8 9
52 10 21
52 21 22
52 22 23
52 23 24
52 24 25
52 31 32
52 25 33
52 33 69
52 69 71
52 71 73
52 73 75
52 75 77
52 77 31
52 32 79
52 79 34
52 96 149
52 34 96
52 146 107
52 107 18
52 18 8
55 36 31
55 41 40
55 35 41
55 40 80
55 80 38
55 38 36
55 94 147
55 150 97
55 97 35
55 31 94
58 36 31
58 41 40
58 40 80
58 80 38
58 38 36
58 94 147
58 31 94
58 93 92
58 92 91
58 91 90
58 90 89
58 89 88
58 88 87
58 87 41
58 140 93
60 45 44
60 44 46
60 46 47
60 47 48
60 52 45
60 54 143
60 48 61
60 61 62
60 62 63
60 63 54
60 152 100
60 100 52
61 9 10
61 8 9
61 10 21
61 21 22
61 22 23
61 23 24
61 24 25
61 31 32
61 25 33
61 33 69
61 69 71
61 71 73
61 73 75
61 75 77
61 77 31
61 32 79
61 79 34
61 96 149
61 34 96
61 146 107
61 107 18
61 18 8
63 20 19
63 26 20
63 27 26
63 28 27
63 29 28
63 30 29
63 32 38
63 38 36
63 36 78
63 78 76
63 76 74
63 74 72
63 72 70
63 70 39
63 39 30
63 148 95
63 95 32
63 108 145
63 19 108
66 34 35
66 45 44
66 44 46
66 46 47
66 52 45
66 47 53
66 53 40
66 40 34
66 152 100
66 100 52
66 35 81
66 81 82
66 82 83
66 83 84
66 84 85
66 85 86
66 86 139
67 36 31
67 41 40
67 40 80
67 80 38
67 38 36
67 94 147
67 31 94
67 93 92
67 92 91
67 91 90
67 90 89
67 89 88
67 88 87
67 87 41
67 140 93
72 20 19
72 26 20
72 27 26
72 28 27
72 29 28
72 30 29
72 37 36
72 45 37
72 52 45
72 36 78
72 78 76
72 76 74
72 74 72
72 72 70
72 70 39
72 39 30
72 152 100
72 100 52
72 108 145
72 19 108
73 57 55
73 59 57
73 142 59
73 55 106
73 106 1
73 1 121
73 121 122
73 122 123
73 123 124
73 124 125
73 125 126
73 126 127
73 127 103
73 103 135
73 135 137
74 35 41
74 41 42
74 42 48
74 49 50
74 48 49
74 64 51
74 50 64
74 101 151
74 150 97
74 97 35
74 51 101
76 41 42
76 42 48
76 54 143
76 48 61
76 61 62
76 62 63
76 63 54
76 93 92
76 92 91
76 91 90
76 90 89
76 89 88
76 88 87
76 87 41
76 140 93
77 57 55
77 59 57
77 142 59
77 55 106
77 106 1
77 1 121
77 121 122
77 122 123
77 123 124
77 124 125
77 125 126
77 126 127
77 127 103
77 103 135
77 135 137
78 20 19
78 26 20
78 27 26
78 28 27
78 29 28
78 30 29
78 50 47
78 47 53
78 53 40
78 40 80
78 80 38
78 38 36
78 36 78
78 78 76
78 76 74
78 74 72
78 72 70
78 70 39
78 39 30
78 154 98
78 98 50
78 108 145
78 19 108
79 34 35
79 49 50
79 50 47
79 47 53
79 53 40
79 40 34
79 66 65
79 67 66
79 68 67
79 144 68
79 65 49
79 35 81
79 81 82
79 82 83
79 83 84
79 84 85
79 85 86
79 86 139
80 9 10
80 8 9
80 10 21
80 21 22
80 22 23
80 23 24
80 24 25
80 25 33
80 33 69
80 69 71
80 71 73
80 73 75
80 75 77
80 77 31
80 94 147
80 31 94
80 146 107
80 107 18
80 18 8
81 57 55
81 59 57
81 142 59
81 55 106
81 106 1
81 1 121
81 121 122
81 122 123
81 123 124
81 124 125
81 125 126
81 126 127
81 127 103
81 103 135
81 135 137
83 36 31
83 37 36
83 45 37
83 52 45
83 94 147
83 152 100
83 31 94
83 100 52
86 108 145
86 9 19
86 19 108
86 105 104
86 104 134
86 134 133
86 133 132
86 132 131
86 131 130
86 130 129
86 129 128
86 128 9
86 138 136
86 136 105
87 47 48
87 50 47
87 54 143
87 48 61
87 61 62
87 62 63
87 63 54
87 154 98
87 98 50
89 57 55
89 59 57
89 142 59
89 55 106
89 106 1
89 1 121
89 121 122
89 122 123
89 123 124
89 124 125
89 125 126
89 126 127
89 127 103
89 103 135
89 135 137
90 66 65
90 67 66
90 68 67
90 144 68
90 65 49
90 99 153
90 49 99
91 34 35
91 32 79
91 79 34
91 148 95
91 95 32
91 35 81
91 81 82
91 82 83
91 83 84
91 84 85
91 85 86
91 86 139
95 57 55
95 59 57
95 142 59
95 55 106
95 106 1
95 1 121
95 121 122
95 122 123
95 123 124
95 124 125
95 125 126
95 126 127
95 127 103
95 103 135
95 135 137
96 36 31
96 37 36
96 45 37
96 49 50
96 51 52
96 52 45
96 66 65
96 67 66
96 68 67
96 144 68
96 64 51
96 65 49
96 50 64
96 94 147
96 31 94
;
;
set inFlight:=
22
51
52
55
58
60
61
63
66
67
72
73
74
76
77
78
79
80
81
83
86
87
89
90
91
95
96
;
param tini := 49.1;
