param nn:= 155;
set F:=
0
1
2
3
4
5
6
7
9
11
12
13
14
15
16
17
18
19
20
21
22
23
24
25
26
27
28
29
30
31
32
33
34
35
36
37
38
39
40
41
42
43
44
45
46
47
48
49
50
51
52
53
54
55
56
57
58
59
60
61
62
63
64
65
66
67
68
69
70
71
72
73
74
75
76
77
78
79
80
82
83
84
86
87
88
90
92
93
94
95
96
97
98
99
;
param: E: d:=
2 3 2.500000
3 4 2.500000
4 5 2.500000
5 6 2.500000
6 7 2.500000
7 0 2.500000
0 8 2.500000
9 10 2.500000
8 9 2.500000
12 11 2.500000
13 12 2.500000
14 13 2.500000
15 14 2.500000
16 15 2.500000
17 16 2.500000
18 17 2.500000
19 18 2.500000
20 19 2.500000
10 21 2.500000
21 22 2.500000
22 23 2.500000
23 24 2.500000
24 25 2.500000
26 20 2.500000
27 26 2.500000
28 27 2.500000
29 28 2.500000
30 29 2.500000
34 35 2.500000
36 31 2.500000
37 36 2.500000
41 40 2.500000
35 41 2.500000
41 42 2.500000
32 38 2.500000
38 43 2.500000
43 44 2.500000
45 37 2.500000
31 32 2.500000
45 44 2.500000
44 46 2.500000
46 47 2.500000
47 48 2.500000
42 48 2.500000
49 50 2.500000
51 52 2.500000
52 45 2.500000
44 51 2.500000
48 49 2.500000
50 47 2.500000
47 53 2.500000
53 40 2.500000
40 34 2.500000
54 143 1.500000
57 55 2.500000
56 58 2.500000
59 57 2.500000
58 60 2.500000
60 141 1.500000
142 59 1.500000
48 61 2.500000
61 62 2.500000
62 63 2.500000
66 65 2.500000
67 66 2.500000
68 67 2.500000
144 68 1.500000
2 1 2.500000
64 51 2.500000
63 54 2.500000
65 49 2.500000
50 64 2.500000
25 33 2.500000
33 69 2.500000
69 71 2.500000
71 73 2.500000
73 75 2.500000
75 77 2.500000
77 31 2.500000
40 80 2.500000
80 38 2.500000
38 36 2.500000
36 78 2.500000
78 76 2.500000
76 74 2.500000
74 72 2.500000
72 70 2.500000
70 39 2.500000
39 30 2.500000
32 79 2.500000
79 34 2.500000
148 95 1.500000
94 147 1.500000
152 100 1.500000
101 151 1.500000
154 98 1.500000
99 153 1.500000
96 149 1.500000
150 97 1.500000
97 35 2.500000
95 32 2.500000
31 94 2.500000
34 96 2.500000
51 101 2.500000
100 52 2.500000
98 50 2.500000
49 99 2.500000
35 81 2.500000
81 82 2.500000
82 83 2.500000
83 84 2.500000
84 85 2.500000
85 86 2.500000
93 92 2.500000
92 91 2.500000
91 90 2.500000
90 89 2.500000
89 88 2.500000
88 87 2.500000
87 41 2.500000
86 139 1.500000
140 93 1.500000
108 145 1.500000
146 107 1.500000
11 56 2.500000
2 11 2.500000
107 18 2.500000
18 8 2.500000
9 19 2.500000
19 108 2.500000
55 106 2.500000
106 1 2.500000
1 121 2.500000
121 122 2.500000
109 2 2.500000
110 109 2.500000
104 102 2.500000
102 114 2.500000
115 102 2.500000
102 103 2.500000
105 104 2.500000
104 134 2.500000
134 133 2.500000
103 105 2.500000
116 115 2.500000
8 117 2.500000
117 118 2.500000
118 119 2.500000
119 120 2.500000
120 116 2.500000
133 132 2.500000
132 131 2.500000
131 130 2.500000
130 129 2.500000
129 128 2.500000
128 9 2.500000
122 123 2.500000
123 124 2.500000
124 125 2.500000
125 126 2.500000
126 127 2.500000
127 103 2.500000
114 113 2.500000
113 112 2.500000
112 111 2.500000
111 110 2.500000
103 135 2.500000
135 137 1.500000
138 136 1.500000
136 105 2.500000
;
param s:=
0 144
1 138
2 148
3 140
4 146
5 138
6 138
7 146
9 140
11 142
12 146
13 148
14 140
15 138
16 146
17 142
18 150
19 138
20 142
21 150
22 142
23 142
24 138
25 142
26 152
27 152
28 150
29 154
30 150
31 152
32 146
33 144
34 152
35 154
36 148
37 142
38 142
39 146
40 138
41 148
42 142
43 148
44 144
45 150
46 142
47 154
48 150
49 138
50 146
51 140
52 152
53 138
54 144
55 142
56 146
57 152
58 138
59 150
60 140
61 144
62 138
63 150
64 140
65 144
66 150
67 138
68 146
69 140
70 138
71 148
72 138
73 144
74 142
75 142
76 138
77 154
78 150
79 142
80 146
82 154
83 138
84 148
86 138
87 152
88 146
90 146
92 150
93 142
94 140
95 144
96 146
97 152
98 138
99 142
;
param e:=
0 151
1 141
2 139
3 151
4 151
5 141
6 141
7 147
9 149
11 137
12 147
13 145
14 143
15 145
16 147
17 137
18 151
19 141
20 137
21 147
22 137
23 137
24 141
25 137
26 147
27 143
28 139
29 147
30 147
31 147
32 147
33 149
34 139
35 149
36 139
37 137
38 137
39 149
40 141
41 145
42 137
43 143
44 149
45 143
46 137
47 139
48 153
49 141
50 141
51 151
52 145
53 141
54 149
55 137
56 141
57 147
58 141
59 145
60 153
61 149
62 141
63 145
64 143
65 153
66 153
67 141
68 151
69 143
70 145
71 143
72 141
73 149
74 137
75 137
76 145
77 149
78 139
79 137
80 147
82 145
83 141
84 145
86 141
87 147
88 141
90 149
92 143
93 137
94 147
95 147
96 141
97 153
98 145
99 137
;
param v_min:=2.375
;
param v_max:=2.625
;
param :conflictsNodes: angle:=
0 7 8 1.000000
0 8 7 1.000000
1 2 121 1.154701
1 121 2 1.154701
1 2 106 1.000000
1 106 2 1.000000
1 106 121 1.000000
1 121 106 1.000000
2 3 11 1.000000
2 11 3 1.000000
2 3 109 1.154701
2 109 3 1.154701
2 1 3 1.000000
2 3 1 1.000000
2 1 11 1.000000
2 11 1 1.000000
2 1 109 1.000000
2 109 1 1.000000
2 11 109 1.000000
2 109 11 1.000000
3 2 4 1.000000
3 4 2 1.000000
4 3 5 1.000000
4 5 3 1.000000
5 4 6 1.000000
5 6 4 1.000000
6 5 7 1.000000
6 7 5 1.000000
7 0 6 1.000000
7 6 0 1.000000
8 0 9 1.000000
8 9 0 1.000000
8 0 117 1.154701
8 117 0 1.154701
8 0 18 1.000000
8 18 0 1.000000
8 9 117 1.000000
8 117 9 1.000000
8 9 18 1.000000
8 18 9 1.000000
8 18 117 1.000000
8 117 18 1.000000
9 8 10 1.000000
9 10 8 1.000000
9 8 19 1.000000
9 19 8 1.000000
9 8 128 1.154701
9 128 8 1.154701
9 10 19 1.000000
9 19 10 1.000000
9 10 128 1.000000
9 128 10 1.000000
9 19 128 1.000000
9 128 19 1.000000
10 9 21 1.000000
10 21 9 1.000000
11 2 12 1.000000
11 12 2 1.000000
11 2 56 1.000000
11 56 2 1.000000
11 12 56 1.000000
11 56 12 1.000000
12 11 13 1.000000
12 13 11 1.000000
13 12 14 1.000000
13 14 12 1.000000
14 13 15 1.000000
14 15 13 1.000000
15 14 16 1.000000
15 16 14 1.000000
16 15 17 1.000000
16 17 15 1.000000
17 16 18 1.000000
17 18 16 1.000000
18 17 19 1.000000
18 19 17 1.000000
18 17 107 1.000000
18 107 17 1.000000
18 8 17 1.000000
18 17 8 1.000000
18 8 19 1.000000
18 19 8 1.000000
18 8 107 1.000000
18 107 8 1.000000
18 19 107 1.000000
18 107 19 1.000000
19 9 18 1.000000
19 18 9 1.000000
19 9 108 1.000000
19 108 9 1.000000
19 9 20 1.000000
19 20 9 1.000000
19 18 108 1.000000
19 108 18 1.000000
19 18 20 1.000000
19 20 18 1.000000
19 20 108 1.000000
19 108 20 1.000000
20 19 26 1.000000
20 26 19 1.000000
21 10 22 1.000000
21 22 10 1.000000
22 21 23 1.000000
22 23 21 1.000000
23 22 24 1.000000
23 24 22 1.000000
24 23 25 1.000000
24 25 23 1.000000
25 24 33 1.000000
25 33 24 1.000000
26 20 27 1.000000
26 27 20 1.000000
27 26 28 1.000000
27 28 26 1.000000
28 27 29 1.000000
28 29 27 1.000000
29 28 30 1.000000
29 30 28 1.000000
30 29 39 1.000000
30 39 29 1.000000
31 36 94 1.000000
31 94 36 1.000000
31 36 77 1.000000
31 77 36 1.000000
31 32 36 1.000000
31 36 32 1.000000
31 32 94 1.000000
31 94 32 1.000000
31 32 77 1.000000
31 77 32 1.000000
31 77 94 1.000000
31 94 77 1.000000
32 31 38 1.000000
32 38 31 1.000000
32 31 79 1.000000
32 79 31 1.000000
32 31 95 1.000000
32 95 31 1.000000
32 38 79 1.000000
32 79 38 1.000000
32 38 95 1.000000
32 95 38 1.000000
32 79 95 1.000000
32 95 79 1.000000
33 25 69 1.000000
33 69 25 1.000000
34 35 96 1.000000
34 96 35 1.000000
34 35 40 1.000000
34 40 35 1.000000
34 35 79 1.000000
34 79 35 1.000000
34 40 96 1.000000
34 96 40 1.000000
34 40 79 1.000000
34 79 40 1.000000
34 79 96 1.000000
34 96 79 1.000000
35 34 41 1.000000
35 41 34 1.000000
35 34 81 1.000000
35 81 34 1.000000
35 34 97 1.000000
35 97 34 1.000000
35 41 81 1.000000
35 81 41 1.000000
35 41 97 1.000000
35 97 41 1.000000
35 81 97 1.189773
35 97 81 1.189773
36 31 78 1.000000
36 78 31 1.000000
36 31 37 1.000000
36 37 31 1.000000
36 31 38 1.000000
36 38 31 1.000000
36 37 78 1.000000
36 78 37 1.000000
36 37 38 1.000000
36 38 37 1.000000
36 38 78 1.000000
36 78 38 1.000000
37 36 45 1.000000
37 45 36 1.000000
38 32 43 1.000000
38 43 32 1.000000
38 32 36 1.000000
38 36 32 1.000000
38 32 80 1.000000
38 80 32 1.000000
38 43 80 1.000000
38 80 43 1.000000
38 36 43 1.000000
38 43 36 1.000000
38 36 80 1.000000
38 80 36 1.000000
39 30 70 1.000000
39 70 30 1.000000
40 41 80 1.000000
40 80 41 1.000000
40 41 53 1.000000
40 53 41 1.000000
40 34 41 1.000000
40 41 34 1.000000
40 34 80 1.000000
40 80 34 1.000000
40 34 53 1.000000
40 53 34 1.000000
40 53 80 1.000000
40 80 53 1.000000
41 35 40 1.000000
41 40 35 1.000000
41 35 42 1.000000
41 42 35 1.000000
41 35 87 1.189773
41 87 35 1.189773
41 40 42 1.000000
41 42 40 1.000000
41 40 87 1.000000
41 87 40 1.000000
41 42 87 1.000000
41 87 42 1.000000
42 41 48 1.000000
42 48 41 1.000000
43 38 44 1.000000
43 44 38 1.000000
44 43 46 1.000000
44 46 43 1.000000
44 43 51 1.000000
44 51 43 1.000000
44 43 45 1.000000
44 45 43 1.000000
44 46 51 1.000000
44 51 46 1.000000
44 45 46 1.000000
44 46 45 1.000000
44 45 51 1.000000
44 51 45 1.000000
45 37 44 1.000000
45 44 37 1.000000
45 37 52 1.000000
45 52 37 1.000000
45 44 52 1.000000
45 52 44 1.000000
46 44 47 1.000000
46 47 44 1.000000
47 46 48 1.000000
47 48 46 1.000000
47 46 53 1.000000
47 53 46 1.000000
47 46 50 1.000000
47 50 46 1.000000
47 48 53 1.000000
47 53 48 1.000000
47 48 50 1.000000
47 50 48 1.000000
47 50 53 1.000000
47 53 50 1.000000
48 42 47 1.000000
48 47 42 1.000000
48 42 49 1.000000
48 49 42 1.000000
48 42 61 1.000000
48 61 42 1.000000
48 47 49 1.000000
48 49 47 1.000000
48 47 61 1.000000
48 61 47 1.000000
48 49 61 1.000000
48 61 49 1.000000
49 48 50 1.000000
49 50 48 1.000000
49 48 99 1.000000
49 99 48 1.000000
49 48 65 1.000000
49 65 48 1.000000
49 50 99 1.000000
49 99 50 1.000000
49 50 65 1.000000
49 65 50 1.000000
49 65 99 1.000000
49 99 65 1.000000
50 49 64 1.000000
50 64 49 1.000000
50 49 98 1.000000
50 98 49 1.000000
50 47 49 1.000000
50 49 47 1.000000
50 47 64 1.000000
50 64 47 1.000000
50 47 98 1.000000
50 98 47 1.000000
50 64 98 1.000000
50 98 64 1.000000
51 44 52 1.000000
51 52 44 1.000000
51 44 101 1.000000
51 101 44 1.000000
51 44 64 1.000000
51 64 44 1.000000
51 52 101 1.000000
51 101 52 1.000000
51 52 64 1.000000
51 64 52 1.000000
51 64 101 1.000000
51 101 64 1.000000
52 51 100 1.000000
52 100 51 1.000000
52 45 51 1.000000
52 51 45 1.000000
52 45 100 1.000000
52 100 45 1.000000
53 40 47 1.000000
53 47 40 1.000000
55 57 106 1.000000
55 106 57 1.000000
56 11 58 1.000000
56 58 11 1.000000
57 55 59 1.000000
57 59 55 1.000000
58 56 60 1.000000
58 60 56 1.000000
61 48 62 1.000000
61 62 48 1.000000
62 61 63 1.000000
62 63 61 1.000000
63 54 62 1.000000
63 62 54 1.000000
64 50 51 1.000000
64 51 50 1.000000
65 49 66 1.000000
65 66 49 1.000000
66 65 67 1.000000
66 67 65 1.000000
67 66 68 1.000000
67 68 66 1.000000
69 33 71 1.000000
69 71 33 1.000000
70 39 72 1.000000
70 72 39 1.000000
71 69 73 1.000000
71 73 69 1.000000
72 70 74 1.000000
72 74 70 1.000000
73 71 75 1.000000
73 75 71 1.000000
74 72 76 1.000000
74 76 72 1.000000
75 73 77 1.000000
75 77 73 1.000000
76 74 78 1.000000
76 78 74 1.000000
77 31 75 1.000000
77 75 31 1.000000
78 36 76 1.000000
78 76 36 1.000000
79 32 34 1.000000
79 34 32 1.000000
80 38 40 1.000000
80 40 38 1.000000
81 35 82 1.000000
81 82 35 1.000000
82 81 83 1.000000
82 83 81 1.000000
83 82 84 1.000000
83 84 82 1.000000
84 83 85 1.000000
84 85 83 1.000000
85 84 86 1.000000
85 86 84 1.000000
87 41 88 1.000000
87 88 41 1.000000
88 87 89 1.000000
88 89 87 1.000000
89 88 90 1.000000
89 90 88 1.000000
90 89 91 1.000000
90 91 89 1.000000
91 90 92 1.000000
91 92 90 1.000000
92 91 93 1.000000
92 93 91 1.000000
102 104 114 1.000000
102 114 104 1.000000
102 104 115 1.000000
102 115 104 1.000000
102 114 115 1.154701
102 115 114 1.154701
102 103 104 1.154701
102 104 103 1.154701
102 103 114 1.000000
102 114 103 1.000000
102 103 115 1.000000
102 115 103 1.000000
103 102 105 1.000000
103 105 102 1.000000
103 102 135 1.000000
103 135 102 1.000000
103 102 127 1.154701
103 127 102 1.154701
103 105 135 1.154701
103 135 105 1.154701
103 105 127 1.000000
103 127 105 1.000000
103 127 135 1.000000
103 135 127 1.000000
104 102 134 1.154701
104 134 102 1.154701
104 102 105 1.000000
104 105 102 1.000000
104 105 134 1.000000
104 134 105 1.000000
105 103 104 1.154701
105 104 103 1.154701
105 103 136 1.000000
105 136 103 1.000000
105 104 136 1.000000
105 136 104 1.000000
106 1 55 1.000000
106 55 1 1.000000
109 2 110 1.000000
109 110 2 1.000000
110 109 111 1.000000
110 111 109 1.000000
111 110 112 1.000000
111 112 110 1.000000
112 111 113 1.000000
112 113 111 1.000000
113 112 114 1.000000
113 114 112 1.000000
114 102 113 1.000000
114 113 102 1.000000
115 102 116 1.000000
115 116 102 1.000000
116 115 120 1.000000
116 120 115 1.000000
117 8 118 1.000000
117 118 8 1.000000
118 117 119 1.000000
118 119 117 1.000000
119 118 120 1.000000
119 120 118 1.000000
120 116 119 1.000000
120 119 116 1.000000
121 1 122 1.000000
121 122 1 1.000000
122 121 123 1.000000
122 123 121 1.000000
123 122 124 1.000000
123 124 122 1.000000
124 123 125 1.000000
124 125 123 1.000000
125 124 126 1.000000
125 126 124 1.000000
126 125 127 1.000000
126 127 125 1.000000
127 103 126 1.000000
127 126 103 1.000000
128 9 129 1.000000
128 129 9 1.000000
129 128 130 1.000000
129 130 128 1.000000
130 129 131 1.000000
130 131 129 1.000000
131 130 132 1.000000
131 132 130 1.000000
132 131 133 1.000000
132 133 131 1.000000
133 132 134 1.000000
133 134 132 1.000000
134 104 133 1.000000
134 133 104 1.000000
;
param D:=0.5;
param t_hat_ear:=
0 144 6.0
0 68 7.0
0 67 8.0
0 66 9.0
0 65 10.0
0 49 11.0
0 50 12.0
0 64 13.0
0 51 14.0
0 101 15.0
0 151 16.0
1 138 6.0
1 136 7.0
1 105 8.0
1 104 9.0
1 102 10.0
1 114 11.0
1 113 12.0
1 112 13.0
1 111 14.0
1 110 15.0
1 109 16.0
1 2 17.0
1 11 18.0
1 56 19.0
1 58 20.0
1 60 21.0
1 141 22.0
2 148 2.0
2 95 3.0
2 32 4.0
2 79 5.0
2 34 6.0
2 35 7.0
2 81 8.0
2 82 9.0
2 83 10.0
2 84 11.0
2 85 12.0
2 86 13.0
2 139 14.0
3 140 2.0
3 93 3.0
3 92 4.0
3 91 5.0
3 90 6.0
3 89 7.0
3 88 8.0
3 87 9.0
3 41 10.0
3 40 11.0
3 80 12.0
3 38 13.0
3 43 14.0
3 44 15.0
3 51 16.0
3 101 17.0
3 151 18.0
4 146 4.0
4 107 5.0
4 18 6.0
4 8 7.0
4 9 8.0
4 10 9.0
4 21 10.0
4 22 11.0
4 23 12.0
4 24 13.0
4 25 14.0
4 33 15.0
4 69 16.0
4 71 17.0
4 73 18.0
4 75 19.0
4 77 20.0
4 31 21.0
4 32 22.0
4 38 23.0
4 43 24.0
4 44 25.0
4 51 26.0
4 101 27.0
4 151 28.0
5 138 0.0
5 136 1.0
5 105 2.0
5 104 3.0
5 102 4.0
5 114 5.0
5 113 6.0
5 112 7.0
5 111 8.0
5 110 9.0
5 109 10.0
5 2 11.0
5 11 12.0
5 56 13.0
5 58 14.0
5 60 15.0
5 141 16.0
6 138 2.0
6 136 3.0
6 105 4.0
6 104 5.0
6 102 6.0
6 114 7.0
6 113 8.0
6 112 9.0
6 111 10.0
6 110 11.0
6 109 12.0
6 2 13.0
6 11 14.0
6 56 15.0
6 58 16.0
6 60 17.0
6 141 18.0
7 146 8.0
7 107 9.0
7 18 10.0
7 8 11.0
7 9 12.0
7 10 13.0
7 21 14.0
7 22 15.0
7 23 16.0
7 24 17.0
7 25 18.0
7 33 19.0
7 69 20.0
7 71 21.0
7 73 22.0
7 75 23.0
7 77 24.0
7 31 25.0
7 94 26.0
7 147 27.0
9 140 4.0
9 93 5.0
9 92 6.0
9 91 7.0
9 90 8.0
9 89 9.0
9 88 10.0
9 87 11.0
9 41 12.0
9 40 13.0
9 34 14.0
9 96 15.0
9 149 16.0
11 142 2.0
11 59 3.0
11 57 4.0
11 55 5.0
11 106 6.0
11 1 7.0
11 121 8.0
11 122 9.0
11 123 10.0
11 124 11.0
11 125 12.0
11 126 13.0
11 127 14.0
11 103 15.0
11 135 16.0
11 137 17.0
12 146 0.0
12 107 1.0
12 18 2.0
12 8 3.0
12 9 4.0
12 10 5.0
12 21 6.0
12 22 7.0
12 23 8.0
12 24 9.0
12 25 10.0
12 33 11.0
12 69 12.0
12 71 13.0
12 73 14.0
12 75 15.0
12 77 16.0
12 31 17.0
12 94 18.0
12 147 19.0
13 148 8.0
13 95 9.0
13 32 10.0
13 38 11.0
13 36 12.0
13 78 13.0
13 76 14.0
13 74 15.0
13 72 16.0
13 70 17.0
13 39 18.0
13 30 19.0
13 29 20.0
13 28 21.0
13 27 22.0
13 26 23.0
13 20 24.0
13 19 25.0
13 108 26.0
13 145 27.0
14 140 0.0
14 93 1.0
14 92 2.0
14 91 3.0
14 90 4.0
14 89 5.0
14 88 6.0
14 87 7.0
14 41 8.0
14 42 9.0
14 48 10.0
14 61 11.0
14 62 12.0
14 63 13.0
14 54 14.0
14 143 15.0
15 138 8.0
15 136 9.0
15 105 10.0
15 104 11.0
15 134 12.0
15 133 13.0
15 132 14.0
15 131 15.0
15 130 16.0
15 129 17.0
15 128 18.0
15 9 19.0
15 19 20.0
15 108 21.0
15 145 22.0
16 146 2.0
16 107 3.0
16 18 4.0
16 8 5.0
16 9 6.0
16 10 7.0
16 21 8.0
16 22 9.0
16 23 10.0
16 24 11.0
16 25 12.0
16 33 13.0
16 69 14.0
16 71 15.0
16 73 16.0
16 75 17.0
16 77 18.0
16 31 19.0
16 94 20.0
16 147 21.0
17 142 0.0
17 59 1.0
17 57 2.0
17 55 3.0
17 106 4.0
17 1 5.0
17 121 6.0
17 122 7.0
17 123 8.0
17 124 9.0
17 125 10.0
17 126 11.0
17 127 12.0
17 103 13.0
17 135 14.0
17 137 15.0
18 150 3.0
18 97 4.0
18 35 5.0
18 41 6.0
18 40 7.0
18 80 8.0
18 38 9.0
18 43 10.0
18 44 11.0
18 51 12.0
18 101 13.0
18 151 14.0
19 138 4.0
19 136 5.0
19 105 6.0
19 104 7.0
19 102 8.0
19 114 9.0
19 113 10.0
19 112 11.0
19 111 12.0
19 110 13.0
19 109 14.0
19 2 15.0
19 11 16.0
19 56 17.0
19 58 18.0
19 60 19.0
19 141 20.0
20 142 10.0
20 59 11.0
20 57 12.0
20 55 13.0
20 106 14.0
20 1 15.0
20 121 16.0
20 122 17.0
20 123 18.0
20 124 19.0
20 125 20.0
20 126 21.0
20 127 22.0
20 103 23.0
20 135 24.0
20 137 25.0
21 150 29.0
21 97 30.0
21 35 31.0
21 41 32.0
21 40 33.0
21 80 34.0
21 38 35.0
21 36 36.0
21 31 37.0
21 94 38.0
21 147 39.0
22 142 24.0
22 59 25.0
22 57 26.0
22 55 27.0
22 106 28.0
22 1 29.0
22 121 30.0
22 122 31.0
22 123 32.0
22 124 33.0
22 125 34.0
22 126 35.0
22 127 36.0
22 103 37.0
22 135 38.0
22 137 39.0
23 142 18.0
23 59 19.0
23 57 20.0
23 55 21.0
23 106 22.0
23 1 23.0
23 121 24.0
23 122 25.0
23 123 26.0
23 124 27.0
23 125 28.0
23 126 29.0
23 127 30.0
23 103 31.0
23 135 32.0
23 137 33.0
24 138 10.0
24 136 11.0
24 105 12.0
24 104 13.0
24 102 14.0
24 114 15.0
24 113 16.0
24 112 17.0
24 111 18.0
24 110 19.0
24 109 20.0
24 2 21.0
24 11 22.0
24 56 23.0
24 58 24.0
24 60 25.0
24 141 26.0
25 142 16.0
25 59 17.0
25 57 18.0
25 55 19.0
25 106 20.0
25 1 21.0
25 121 22.0
25 122 23.0
25 123 24.0
25 124 25.0
25 125 26.0
25 126 27.0
25 127 28.0
25 103 29.0
25 135 30.0
25 137 31.0
26 152 17.0
26 100 18.0
26 52 19.0
26 45 20.0
26 37 21.0
26 36 22.0
26 31 23.0
26 94 24.0
26 147 25.0
27 152 15.0
27 100 16.0
27 52 17.0
27 45 18.0
27 44 19.0
27 46 20.0
27 47 21.0
27 48 22.0
27 61 23.0
27 62 24.0
27 63 25.0
27 54 26.0
27 143 27.0
28 150 10.0
28 97 11.0
28 35 12.0
28 81 13.0
28 82 14.0
28 83 15.0
28 84 16.0
28 85 17.0
28 86 18.0
28 139 19.0
29 154 18.0
29 98 19.0
29 50 20.0
29 64 21.0
29 51 22.0
29 52 23.0
29 45 24.0
29 37 25.0
29 36 26.0
29 31 27.0
29 94 28.0
29 147 29.0
30 150 36.0
30 97 37.0
30 35 38.0
30 41 39.0
30 40 40.0
30 80 41.0
30 38 42.0
30 36 43.0
30 31 44.0
30 94 45.0
30 147 46.0
31 152 26.0
31 100 27.0
31 52 28.0
31 45 29.0
31 37 30.0
31 36 31.0
31 31 32.0
31 94 33.0
31 147 34.0
32 146 14.1
32 107 14.0
32 18 15.0
32 8 16.0
32 9 17.0
32 10 18.0
32 21 19.0
32 22 20.0
32 23 21.0
32 24 22.0
32 25 23.0
32 33 24.0
32 69 25.0
32 71 26.0
32 73 27.0
32 75 28.0
32 77 29.0
32 31 30.0
32 94 31.0
32 147 32.0
33 144 18.0
33 68 19.0
33 67 20.0
33 66 21.0
33 65 22.0
33 49 23.0
33 50 24.0
33 47 25.0
33 53 26.0
33 40 27.0
33 34 28.0
33 96 29.0
33 149 30.0
34 152 14.1
34 100 14.0
34 52 15.0
34 45 16.0
34 44 17.0
34 46 18.0
34 47 19.0
34 53 20.0
34 40 21.0
34 34 22.0
34 35 23.0
34 81 24.0
34 82 25.0
34 83 26.0
34 84 27.0
34 85 28.0
34 86 29.0
34 139 30.0
35 154 12.0
35 98 13.0
35 50 14.0
35 47 15.0
35 53 16.0
35 40 17.0
35 34 18.0
35 96 19.0
35 149 20.0
36 148 12.0
36 95 13.0
36 32 14.0
36 79 15.0
36 34 16.0
36 35 17.0
36 81 18.0
36 82 19.0
36 83 20.0
36 84 21.0
36 85 22.0
36 86 23.0
36 139 24.0
37 142 14.0
37 59 15.0
37 57 16.0
37 55 17.0
37 106 18.0
37 1 19.0
37 121 20.0
37 122 21.0
37 123 22.0
37 124 23.0
37 125 24.0
37 126 25.0
37 127 26.0
37 103 27.0
37 135 28.0
37 137 29.0
38 142 12.0
38 59 13.0
38 57 14.0
38 55 15.0
38 106 16.0
38 1 17.0
38 121 18.0
38 122 19.0
38 123 20.0
38 124 21.0
38 125 22.0
38 126 23.0
38 127 24.0
38 103 25.0
38 135 26.0
38 137 27.0
39 146 17.0
39 107 18.0
39 18 19.0
39 8 20.0
39 9 21.0
39 10 22.0
39 21 23.0
39 22 24.0
39 23 25.0
39 24 26.0
39 25 27.0
39 33 28.0
39 69 29.0
39 71 30.0
39 73 31.0
39 75 32.0
39 77 33.0
39 31 34.0
39 32 35.0
39 79 36.0
39 34 37.0
39 96 38.0
39 149 39.0
40 138 20.0
40 136 21.0
40 105 22.0
40 104 23.0
40 102 24.0
40 114 25.0
40 113 26.0
40 112 27.0
40 111 28.0
40 110 29.0
40 109 30.0
40 2 31.0
40 11 32.0
40 56 33.0
40 58 34.0
40 60 35.0
40 141 36.0
41 148 25.0
41 95 26.0
41 32 27.0
41 38 28.0
41 36 29.0
41 78 30.0
41 76 31.0
41 74 32.0
41 72 33.0
41 70 34.0
41 39 35.0
41 30 36.0
41 29 37.0
41 28 38.0
41 27 39.0
41 26 40.0
41 20 41.0
41 19 42.0
41 108 43.0
41 145 44.0
42 142 20.0
42 59 21.0
42 57 22.0
42 55 23.0
42 106 24.0
42 1 25.0
42 121 26.0
42 122 27.0
42 123 28.0
42 124 29.0
42 125 30.0
42 126 31.0
42 127 32.0
42 103 33.0
42 135 34.0
42 137 35.0
43 148 27.0
43 95 28.0
43 32 29.0
43 38 30.0
43 43 31.0
43 44 32.0
43 46 33.0
43 47 34.0
43 48 35.0
43 61 36.0
43 62 37.0
43 63 38.0
43 54 39.0
43 143 40.0
44 144 20.0
44 68 21.0
44 67 22.0
44 66 23.0
44 65 24.0
44 49 25.0
44 50 26.0
44 47 27.0
44 53 28.0
44 40 29.0
44 34 30.0
44 96 31.0
44 149 32.0
45 150 27.0
45 97 28.0
45 35 29.0
45 41 30.0
45 42 31.0
45 48 32.0
45 61 33.0
45 62 34.0
45 63 35.0
45 54 36.0
45 143 37.0
46 142 26.0
46 59 27.0
46 57 28.0
46 55 29.0
46 106 30.0
46 1 31.0
46 121 32.0
46 122 33.0
46 123 34.0
46 124 35.0
46 125 36.0
46 126 37.0
46 127 38.0
46 103 39.0
46 135 40.0
46 137 41.0
47 154 20.0
47 98 21.0
47 50 22.0
47 47 23.0
47 53 24.0
47 40 25.0
47 34 26.0
47 35 27.0
47 81 28.0
47 82 29.0
47 83 30.0
47 84 31.0
47 85 32.0
47 86 33.0
47 139 34.0
48 150 23.0
48 97 24.0
48 35 25.0
48 41 26.0
48 42 27.0
48 48 28.0
48 49 29.0
48 99 30.0
48 153 31.0
49 138 22.0
49 136 23.0
49 105 24.0
49 104 25.0
49 102 26.0
49 114 27.0
49 113 28.0
49 112 29.0
49 111 30.0
49 110 31.0
49 109 32.0
49 2 33.0
49 11 34.0
49 56 35.0
49 58 36.0
49 60 37.0
49 141 38.0
50 146 21.0
50 107 22.0
50 18 23.0
50 17 24.0
50 16 25.0
50 15 26.0
50 14 27.0
50 13 28.0
50 12 29.0
50 11 30.0
50 56 31.0
50 58 32.0
50 60 33.0
50 141 34.0
51 140 26.0
51 93 27.0
51 92 28.0
51 91 29.0
51 90 30.0
51 89 31.0
51 88 32.0
51 87 33.0
51 41 34.0
51 40 35.0
51 80 36.0
51 38 37.0
51 43 38.0
51 44 39.0
51 51 40.0
51 101 41.0
51 151 42.0
52 152 28.0
52 100 29.0
52 52 30.0
52 45 31.0
52 37 32.0
52 36 33.0
52 78 34.0
52 76 35.0
52 74 36.0
52 72 37.0
52 70 38.0
52 39 39.0
52 30 40.0
52 29 41.0
52 28 42.0
52 27 43.0
52 26 44.0
52 20 45.0
52 19 46.0
52 108 47.0
52 145 48.0
53 138 24.0
53 136 25.0
53 105 26.0
53 104 27.0
53 102 28.0
53 114 29.0
53 113 30.0
53 112 31.0
53 111 32.0
53 110 33.0
53 109 34.0
53 2 35.0
53 11 36.0
53 56 37.0
53 58 38.0
53 60 39.0
53 141 40.0
54 144 29.0
54 68 30.0
54 67 31.0
54 66 32.0
54 65 33.0
54 49 34.0
54 50 35.0
54 47 36.0
54 53 37.0
54 40 38.0
54 34 39.0
54 96 40.0
54 149 41.0
55 142 22.0
55 59 23.0
55 57 24.0
55 55 25.0
55 106 26.0
55 1 27.0
55 121 28.0
55 122 29.0
55 123 30.0
55 124 31.0
55 125 32.0
55 126 33.0
55 127 34.0
55 103 35.0
55 135 36.0
55 137 37.0
56 146 29.0
56 107 30.0
56 18 31.0
56 17 32.0
56 16 33.0
56 15 34.0
56 14 35.0
56 13 36.0
56 12 37.0
56 11 38.0
56 56 39.0
56 58 40.0
56 60 41.0
56 141 42.0
57 152 33.0
57 100 34.0
57 52 35.0
57 45 36.0
57 37 37.0
57 36 38.0
57 31 39.0
57 94 40.0
57 147 41.0
58 138 29.0
58 136 30.0
58 105 31.0
58 104 32.0
58 102 33.0
58 114 34.0
58 113 35.0
58 112 36.0
58 111 37.0
58 110 38.0
58 109 39.0
58 2 40.0
58 11 41.0
58 56 42.0
58 58 43.0
58 60 44.0
58 141 45.0
59 150 38.0
59 97 39.0
59 35 40.0
59 41 41.0
59 40 42.0
59 80 43.0
59 38 44.0
59 36 45.0
59 78 46.0
59 76 47.0
59 74 48.0
59 72 49.0
59 70 50.0
59 39 51.0
59 30 52.0
59 29 53.0
59 28 54.0
59 27 55.0
59 26 56.0
59 20 57.0
59 19 58.0
59 108 59.0
59 145 60.0
60 140 37.0
60 93 38.0
60 92 39.0
60 91 40.0
60 90 41.0
60 89 42.0
60 88 43.0
60 87 44.0
60 41 45.0
60 42 46.0
60 48 47.0
60 49 48.0
60 99 49.0
60 153 50.0
61 144 37.0
61 68 38.0
61 67 39.0
61 66 40.0
61 65 41.0
61 49 42.0
61 50 43.0
61 47 44.0
61 53 45.0
61 40 46.0
61 34 47.0
61 96 48.0
61 149 49.0
62 138 33.0
62 136 34.0
62 105 35.0
62 104 36.0
62 102 37.0
62 114 38.0
62 113 39.0
62 112 40.0
62 111 41.0
62 110 42.0
62 109 43.0
62 2 44.0
62 11 45.0
62 56 46.0
62 58 47.0
62 60 48.0
62 141 49.0
63 150 46.0
63 97 47.0
63 35 48.0
63 41 49.0
63 40 50.0
63 80 51.0
63 38 52.0
63 36 53.0
63 78 54.0
63 76 55.0
63 74 56.0
63 72 57.0
63 70 58.0
63 39 59.0
63 30 60.0
63 29 61.0
63 28 62.0
63 27 63.0
63 26 64.0
63 20 65.0
63 19 66.0
63 108 67.0
63 145 68.0
64 140 39.0
64 93 40.0
64 92 41.0
64 91 42.0
64 90 43.0
64 89 44.0
64 88 45.0
64 87 46.0
64 41 47.0
64 42 48.0
64 48 49.0
64 61 50.0
64 62 51.0
64 63 52.0
64 54 53.0
64 143 54.0
65 144 31.0
65 68 32.0
65 67 33.0
65 66 34.0
65 65 35.0
65 49 36.0
65 99 37.0
65 153 38.0
66 150 34.0
66 97 35.0
66 35 36.0
66 41 37.0
66 42 38.0
66 48 39.0
66 49 40.0
66 99 41.0
66 153 42.0
67 138 31.0
67 136 32.0
67 105 33.0
67 104 34.0
67 102 35.0
67 114 36.0
67 113 37.0
67 112 38.0
67 111 39.0
67 110 40.0
67 109 41.0
67 2 42.0
67 11 43.0
67 56 44.0
67 58 45.0
67 60 46.0
67 141 47.0
68 146 35.0
68 107 36.0
68 18 37.0
68 8 38.0
68 9 39.0
68 10 40.0
68 21 41.0
68 22 42.0
68 23 43.0
68 24 44.0
68 25 45.0
68 33 46.0
68 69 47.0
68 71 48.0
68 73 49.0
68 75 50.0
68 77 51.0
68 31 52.0
68 32 53.0
68 38 54.0
68 43 55.0
68 44 56.0
68 51 57.0
68 101 58.0
68 151 59.0
69 140 35.0
69 93 36.0
69 92 37.0
69 91 38.0
69 90 39.0
69 89 40.0
69 88 41.0
69 87 42.0
69 41 43.0
69 42 44.0
69 48 45.0
69 61 46.0
69 62 47.0
69 63 48.0
69 54 49.0
69 143 50.0
70 138 39.0
70 136 40.0
70 105 41.0
70 104 42.0
70 134 43.0
70 133 44.0
70 132 45.0
70 131 46.0
70 130 47.0
70 129 48.0
70 128 49.0
70 9 50.0
70 19 51.0
70 108 52.0
70 145 53.0
71 148 43.0
71 95 44.0
71 32 45.0
71 38 46.0
71 43 47.0
71 44 48.0
71 46 49.0
71 47 50.0
71 48 51.0
71 61 52.0
71 62 53.0
71 63 54.0
71 54 55.0
71 143 56.0
72 138 35.0
72 136 36.0
72 105 37.0
72 104 38.0
72 102 39.0
72 114 40.0
72 113 41.0
72 112 42.0
72 111 43.0
72 110 44.0
72 109 45.0
72 2 46.0
72 11 47.0
72 56 48.0
72 58 49.0
72 60 50.0
72 141 51.0
73 144 39.0
73 68 40.0
73 67 41.0
73 66 42.0
73 65 43.0
73 49 44.0
73 50 45.0
73 47 46.0
73 53 47.0
73 40 48.0
73 34 49.0
73 96 50.0
73 149 51.0
74 142 30.0
74 59 31.0
74 57 32.0
74 55 33.0
74 106 34.0
74 1 35.0
74 121 36.0
74 122 37.0
74 123 38.0
74 124 39.0
74 125 40.0
74 126 41.0
74 127 42.0
74 103 43.0
74 135 44.0
74 137 45.0
75 142 32.0
75 59 33.0
75 57 34.0
75 55 35.0
75 106 36.0
75 1 37.0
75 121 38.0
75 122 39.0
75 123 40.0
75 124 41.0
75 125 42.0
75 126 43.0
75 127 44.0
75 103 45.0
75 135 46.0
75 137 47.0
76 138 37.0
76 136 38.0
76 105 39.0
76 104 40.0
76 134 41.0
76 133 42.0
76 132 43.0
76 131 44.0
76 130 45.0
76 129 46.0
76 128 47.0
76 9 48.0
76 19 49.0
76 108 50.0
76 145 51.0
77 154 39.0
77 98 40.0
77 50 41.0
77 47 42.0
77 53 43.0
77 40 44.0
77 34 45.0
77 96 46.0
77 149 47.0
78 150 31.0
78 97 32.0
78 35 33.0
78 81 34.0
78 82 35.0
78 83 36.0
78 84 37.0
78 85 38.0
78 86 39.0
78 139 40.0
79 142 34.0
79 59 35.0
79 57 36.0
79 55 37.0
79 106 38.0
79 1 39.0
79 121 40.0
79 122 41.0
79 123 42.0
79 124 43.0
79 125 44.0
79 126 45.0
79 127 46.0
79 103 47.0
79 135 48.0
79 137 49.0
80 146 40.0
80 107 41.0
80 18 42.0
80 8 43.0
80 9 44.0
80 10 45.0
80 21 46.0
80 22 47.0
80 23 48.0
80 24 49.0
80 25 50.0
80 33 51.0
80 69 52.0
80 71 53.0
80 73 54.0
80 75 55.0
80 77 56.0
80 31 57.0
80 94 58.0
80 147 59.0
82 154 49.0
82 98 50.0
82 50 51.0
82 47 52.0
82 53 53.0
82 40 54.0
82 80 55.0
82 38 56.0
82 36 57.0
82 78 58.0
82 76 59.0
82 74 60.0
82 72 61.0
82 70 62.0
82 39 63.0
82 30 64.0
82 29 65.0
82 28 66.0
82 27 67.0
82 26 68.0
82 20 69.0
82 19 70.0
82 108 71.0
82 145 72.0
83 138 45.0
83 136 46.0
83 105 47.0
83 104 48.0
83 102 49.0
83 114 50.0
83 113 51.0
83 112 52.0
83 111 53.0
83 110 54.0
83 109 55.0
83 2 56.0
83 11 57.0
83 56 58.0
83 58 59.0
83 60 60.0
83 141 61.0
84 148 47.0
84 95 48.0
84 32 49.0
84 38 50.0
84 36 51.0
84 78 52.0
84 76 53.0
84 74 54.0
84 72 55.0
84 70 56.0
84 39 57.0
84 30 58.0
84 29 59.0
84 28 60.0
84 27 61.0
84 26 62.0
84 20 63.0
84 19 64.0
84 108 65.0
84 145 66.0
86 138 43.0
86 136 44.0
86 105 45.0
86 104 46.0
86 102 47.0
86 114 48.0
86 113 49.0
86 112 50.0
86 111 51.0
86 110 52.0
86 109 53.0
86 2 54.0
86 11 55.0
86 56 56.0
86 58 57.0
86 60 58.0
86 141 59.0
87 152 42.0
87 100 43.0
87 52 44.0
87 45 45.0
87 37 46.0
87 36 47.0
87 31 48.0
87 94 49.0
87 147 50.0
88 146 42.0
88 107 43.0
88 18 44.0
88 17 45.0
88 16 46.0
88 15 47.0
88 14 48.0
88 13 49.0
88 12 50.0
88 11 51.0
88 56 52.0
88 58 53.0
88 60 54.0
88 141 55.0
90 146 49.0
90 107 50.0
90 18 51.0
90 8 52.0
90 9 53.0
90 10 54.0
90 21 55.0
90 22 56.0
90 23 57.0
90 24 58.0
90 25 59.0
90 33 60.0
90 69 61.0
90 71 62.0
90 73 63.0
90 75 64.0
90 77 65.0
90 31 66.0
90 32 67.0
90 79 68.0
90 34 69.0
90 96 70.0
90 149 71.0
92 150 48.0
92 97 49.0
92 35 50.0
92 41 51.0
92 42 52.0
92 48 53.0
92 61 54.0
92 62 55.0
92 63 56.0
92 54 57.0
92 143 58.0
93 142 40.0
93 59 41.0
93 57 42.0
93 55 43.0
93 106 44.0
93 1 45.0
93 121 46.0
93 122 47.0
93 123 48.0
93 124 49.0
93 125 50.0
93 126 51.0
93 127 52.0
93 103 53.0
93 135 54.0
93 137 55.0
94 140 47.0
94 93 48.0
94 92 49.0
94 91 50.0
94 90 51.0
94 89 52.0
94 88 53.0
94 87 54.0
94 41 55.0
94 40 56.0
94 80 57.0
94 38 58.0
94 36 59.0
94 31 60.0
94 94 61.0
94 147 62.0
95 144 49.0
95 68 50.0
95 67 51.0
95 66 52.0
95 65 53.0
95 49 54.0
95 50 55.0
95 47 56.0
95 53 57.0
95 40 58.0
95 80 59.0
95 38 60.0
95 36 61.0
95 31 62.0
95 94 63.0
95 147 64.0
96 146 44.0
96 107 45.0
96 18 46.0
96 17 47.0
96 16 48.0
96 15 49.0
96 14 50.0
96 13 51.0
96 12 52.0
96 11 53.0
96 56 54.0
96 58 55.0
96 60 56.0
96 141 57.0
97 152 48.0
97 100 49.0
97 52 50.0
97 45 51.0
97 44 52.0
97 46 53.0
97 47 54.0
97 48 55.0
97 49 56.0
97 99 57.0
97 153 58.0
98 138 48.0
98 136 49.0
98 105 50.0
98 104 51.0
98 134 52.0
98 133 53.0
98 132 54.0
98 131 55.0
98 130 56.0
98 129 57.0
98 128 58.0
98 9 59.0
98 19 60.0
98 108 61.0
98 145 62.0
99 142 49.0
99 59 50.0
99 57 51.0
99 55 52.0
99 106 53.0
99 1 54.0
99 121 55.0
99 122 56.0
99 123 57.0
99 124 58.0
99 125 59.0
99 126 60.0
99 127 61.0
99 103 62.0
99 135 63.0
99 137 64.0
;
param t_hat_lat:=
0 144 7.0
0 68 8.0
0 67 9.0
0 66 10.0
0 65 11.0
0 49 12.0
0 50 13.0
0 64 14.0
0 51 15.0
0 101 16.0
0 151 17.0
1 138 7.0
1 136 8.0
1 105 9.0
1 104 10.0
1 102 11.0
1 114 12.0
1 113 13.0
1 112 14.0
1 111 15.0
1 110 16.0
1 109 17.0
1 2 18.0
1 11 19.0
1 56 20.0
1 58 21.0
1 60 22.0
1 141 23.0
2 148 3.0
2 95 4.0
2 32 5.0
2 79 6.0
2 34 7.0
2 35 8.0
2 81 9.0
2 82 10.0
2 83 11.0
2 84 12.0
2 85 13.0
2 86 14.0
2 139 15.0
3 140 3.0
3 93 4.0
3 92 5.0
3 91 6.0
3 90 7.0
3 89 8.0
3 88 9.0
3 87 10.0
3 41 11.0
3 40 12.0
3 80 13.0
3 38 14.0
3 43 15.0
3 44 16.0
3 51 17.0
3 101 18.0
3 151 19.0
4 146 5.0
4 107 6.0
4 18 7.0
4 8 8.0
4 9 9.0
4 10 10.0
4 21 11.0
4 22 12.0
4 23 13.0
4 24 14.0
4 25 15.0
4 33 16.0
4 69 17.0
4 71 18.0
4 73 19.0
4 75 20.0
4 77 21.0
4 31 22.0
4 32 23.0
4 38 24.0
4 43 25.0
4 44 26.0
4 51 27.0
4 101 28.0
4 151 29.0
5 138 1.0
5 136 2.0
5 105 3.0
5 104 4.0
5 102 5.0
5 114 6.0
5 113 7.0
5 112 8.0
5 111 9.0
5 110 10.0
5 109 11.0
5 2 12.0
5 11 13.0
5 56 14.0
5 58 15.0
5 60 16.0
5 141 17.0
6 138 3.0
6 136 4.0
6 105 5.0
6 104 6.0
6 102 7.0
6 114 8.0
6 113 9.0
6 112 10.0
6 111 11.0
6 110 12.0
6 109 13.0
6 2 14.0
6 11 15.0
6 56 16.0
6 58 17.0
6 60 18.0
6 141 19.0
7 146 9.0
7 107 10.0
7 18 11.0
7 8 12.0
7 9 13.0
7 10 14.0
7 21 15.0
7 22 16.0
7 23 17.0
7 24 18.0
7 25 19.0
7 33 20.0
7 69 21.0
7 71 22.0
7 73 23.0
7 75 24.0
7 77 25.0
7 31 26.0
7 94 27.0
7 147 28.0
9 140 5.0
9 93 6.0
9 92 7.0
9 91 8.0
9 90 9.0
9 89 10.0
9 88 11.0
9 87 12.0
9 41 13.0
9 40 14.0
9 34 15.0
9 96 16.0
9 149 17.0
11 142 3.0
11 59 4.0
11 57 5.0
11 55 6.0
11 106 7.0
11 1 8.0
11 121 9.0
11 122 10.0
11 123 11.0
11 124 12.0
11 125 13.0
11 126 14.0
11 127 15.0
11 103 16.0
11 135 17.0
11 137 18.0
12 146 1.0
12 107 2.0
12 18 3.0
12 8 4.0
12 9 5.0
12 10 6.0
12 21 7.0
12 22 8.0
12 23 9.0
12 24 10.0
12 25 11.0
12 33 12.0
12 69 13.0
12 71 14.0
12 73 15.0
12 75 16.0
12 77 17.0
12 31 18.0
12 94 19.0
12 147 20.0
13 148 9.0
13 95 10.0
13 32 11.0
13 38 12.0
13 36 13.0
13 78 14.0
13 76 15.0
13 74 16.0
13 72 17.0
13 70 18.0
13 39 19.0
13 30 20.0
13 29 21.0
13 28 22.0
13 27 23.0
13 26 24.0
13 20 25.0
13 19 26.0
13 108 27.0
13 145 28.0
14 140 1.0
14 93 2.0
14 92 3.0
14 91 4.0
14 90 5.0
14 89 6.0
14 88 7.0
14 87 8.0
14 41 9.0
14 42 10.0
14 48 11.0
14 61 12.0
14 62 13.0
14 63 14.0
14 54 15.0
14 143 16.0
15 138 9.0
15 136 10.0
15 105 11.0
15 104 12.0
15 134 13.0
15 133 14.0
15 132 15.0
15 131 16.0
15 130 17.0
15 129 18.0
15 128 19.0
15 9 20.0
15 19 21.0
15 108 22.0
15 145 23.0
16 146 3.0
16 107 4.0
16 18 5.0
16 8 6.0
16 9 7.0
16 10 8.0
16 21 9.0
16 22 10.0
16 23 11.0
16 24 12.0
16 25 13.0
16 33 14.0
16 69 15.0
16 71 16.0
16 73 17.0
16 75 18.0
16 77 19.0
16 31 20.0
16 94 21.0
16 147 22.0
17 142 1.0
17 59 2.0
17 57 3.0
17 55 4.0
17 106 5.0
17 1 6.0
17 121 7.0
17 122 8.0
17 123 9.0
17 124 10.0
17 125 11.0
17 126 12.0
17 127 13.0
17 103 14.0
17 135 15.0
17 137 16.0
18 150 4.0
18 97 5.0
18 35 6.0
18 41 7.0
18 40 8.0
18 80 9.0
18 38 10.0
18 43 11.0
18 44 12.0
18 51 13.0
18 101 14.0
18 151 15.0
19 138 5.0
19 136 6.0
19 105 7.0
19 104 8.0
19 102 9.0
19 114 10.0
19 113 11.0
19 112 12.0
19 111 13.0
19 110 14.0
19 109 15.0
19 2 16.0
19 11 17.0
19 56 18.0
19 58 19.0
19 60 20.0
19 141 21.0
20 142 11.0
20 59 12.0
20 57 13.0
20 55 14.0
20 106 15.0
20 1 16.0
20 121 17.0
20 122 18.0
20 123 19.0
20 124 20.0
20 125 21.0
20 126 22.0
20 127 23.0
20 103 24.0
20 135 25.0
20 137 26.0
21 150 30.0
21 97 31.0
21 35 32.0
21 41 33.0
21 40 34.0
21 80 35.0
21 38 36.0
21 36 37.0
21 31 38.0
21 94 39.0
21 147 40.0
22 142 25.0
22 59 26.0
22 57 27.0
22 55 28.0
22 106 29.0
22 1 30.0
22 121 31.0
22 122 32.0
22 123 33.0
22 124 34.0
22 125 35.0
22 126 36.0
22 127 37.0
22 103 38.0
22 135 39.0
22 137 40.0
23 142 19.0
23 59 20.0
23 57 21.0
23 55 22.0
23 106 23.0
23 1 24.0
23 121 25.0
23 122 26.0
23 123 27.0
23 124 28.0
23 125 29.0
23 126 30.0
23 127 31.0
23 103 32.0
23 135 33.0
23 137 34.0
24 138 11.0
24 136 12.0
24 105 13.0
24 104 14.0
24 102 15.0
24 114 16.0
24 113 17.0
24 112 18.0
24 111 19.0
24 110 20.0
24 109 21.0
24 2 22.0
24 11 23.0
24 56 24.0
24 58 25.0
24 60 26.0
24 141 27.0
25 142 17.0
25 59 18.0
25 57 19.0
25 55 20.0
25 106 21.0
25 1 22.0
25 121 23.0
25 122 24.0
25 123 25.0
25 124 26.0
25 125 27.0
25 126 28.0
25 127 29.0
25 103 30.0
25 135 31.0
25 137 32.0
26 152 18.0
26 100 19.0
26 52 20.0
26 45 21.0
26 37 22.0
26 36 23.0
26 31 24.0
26 94 25.0
26 147 26.0
27 152 16.0
27 100 17.0
27 52 18.0
27 45 19.0
27 44 20.0
27 46 21.0
27 47 22.0
27 48 23.0
27 61 24.0
27 62 25.0
27 63 26.0
27 54 27.0
27 143 28.0
28 150 11.0
28 97 12.0
28 35 13.0
28 81 14.0
28 82 15.0
28 83 16.0
28 84 17.0
28 85 18.0
28 86 19.0
28 139 20.0
29 154 19.0
29 98 20.0
29 50 21.0
29 64 22.0
29 51 23.0
29 52 24.0
29 45 25.0
29 37 26.0
29 36 27.0
29 31 28.0
29 94 29.0
29 147 30.0
30 150 37.0
30 97 38.0
30 35 39.0
30 41 40.0
30 40 41.0
30 80 42.0
30 38 43.0
30 36 44.0
30 31 45.0
30 94 46.0
30 147 47.0
31 152 27.0
31 100 28.0
31 52 29.0
31 45 30.0
31 37 31.0
31 36 32.0
31 31 33.0
31 94 34.0
31 147 35.0
32 146 15.100000000000001
32 107 15.0
32 18 16.0
32 8 17.0
32 9 18.0
32 10 19.0
32 21 20.0
32 22 21.0
32 23 22.0
32 24 23.0
32 25 24.0
32 33 25.0
32 69 26.0
32 71 27.0
32 73 28.0
32 75 29.0
32 77 30.0
32 31 31.0
32 94 32.0
32 147 33.0
33 144 19.0
33 68 20.0
33 67 21.0
33 66 22.0
33 65 23.0
33 49 24.0
33 50 25.0
33 47 26.0
33 53 27.0
33 40 28.0
33 34 29.0
33 96 30.0
33 149 31.0
34 152 15.100000000000001
34 100 15.0
34 52 16.0
34 45 17.0
34 44 18.0
34 46 19.0
34 47 20.0
34 53 21.0
34 40 22.0
34 34 23.0
34 35 24.0
34 81 25.0
34 82 26.0
34 83 27.0
34 84 28.0
34 85 29.0
34 86 30.0
34 139 31.0
35 154 13.0
35 98 14.0
35 50 15.0
35 47 16.0
35 53 17.0
35 40 18.0
35 34 19.0
35 96 20.0
35 149 21.0
36 148 13.0
36 95 14.0
36 32 15.0
36 79 16.0
36 34 17.0
36 35 18.0
36 81 19.0
36 82 20.0
36 83 21.0
36 84 22.0
36 85 23.0
36 86 24.0
36 139 25.0
37 142 15.0
37 59 16.0
37 57 17.0
37 55 18.0
37 106 19.0
37 1 20.0
37 121 21.0
37 122 22.0
37 123 23.0
37 124 24.0
37 125 25.0
37 126 26.0
37 127 27.0
37 103 28.0
37 135 29.0
37 137 30.0
38 142 13.0
38 59 14.0
38 57 15.0
38 55 16.0
38 106 17.0
38 1 18.0
38 121 19.0
38 122 20.0
38 123 21.0
38 124 22.0
38 125 23.0
38 126 24.0
38 127 25.0
38 103 26.0
38 135 27.0
38 137 28.0
39 146 18.0
39 107 19.0
39 18 20.0
39 8 21.0
39 9 22.0
39 10 23.0
39 21 24.0
39 22 25.0
39 23 26.0
39 24 27.0
39 25 28.0
39 33 29.0
39 69 30.0
39 71 31.0
39 73 32.0
39 75 33.0
39 77 34.0
39 31 35.0
39 32 36.0
39 79 37.0
39 34 38.0
39 96 39.0
39 149 40.0
40 138 21.0
40 136 22.0
40 105 23.0
40 104 24.0
40 102 25.0
40 114 26.0
40 113 27.0
40 112 28.0
40 111 29.0
40 110 30.0
40 109 31.0
40 2 32.0
40 11 33.0
40 56 34.0
40 58 35.0
40 60 36.0
40 141 37.0
41 148 26.0
41 95 27.0
41 32 28.0
41 38 29.0
41 36 30.0
41 78 31.0
41 76 32.0
41 74 33.0
41 72 34.0
41 70 35.0
41 39 36.0
41 30 37.0
41 29 38.0
41 28 39.0
41 27 40.0
41 26 41.0
41 20 42.0
41 19 43.0
41 108 44.0
41 145 45.0
42 142 21.0
42 59 22.0
42 57 23.0
42 55 24.0
42 106 25.0
42 1 26.0
42 121 27.0
42 122 28.0
42 123 29.0
42 124 30.0
42 125 31.0
42 126 32.0
42 127 33.0
42 103 34.0
42 135 35.0
42 137 36.0
43 148 28.0
43 95 29.0
43 32 30.0
43 38 31.0
43 43 32.0
43 44 33.0
43 46 34.0
43 47 35.0
43 48 36.0
43 61 37.0
43 62 38.0
43 63 39.0
43 54 40.0
43 143 41.0
44 144 21.0
44 68 22.0
44 67 23.0
44 66 24.0
44 65 25.0
44 49 26.0
44 50 27.0
44 47 28.0
44 53 29.0
44 40 30.0
44 34 31.0
44 96 32.0
44 149 33.0
45 150 28.0
45 97 29.0
45 35 30.0
45 41 31.0
45 42 32.0
45 48 33.0
45 61 34.0
45 62 35.0
45 63 36.0
45 54 37.0
45 143 38.0
46 142 27.0
46 59 28.0
46 57 29.0
46 55 30.0
46 106 31.0
46 1 32.0
46 121 33.0
46 122 34.0
46 123 35.0
46 124 36.0
46 125 37.0
46 126 38.0
46 127 39.0
46 103 40.0
46 135 41.0
46 137 42.0
47 154 21.0
47 98 22.0
47 50 23.0
47 47 24.0
47 53 25.0
47 40 26.0
47 34 27.0
47 35 28.0
47 81 29.0
47 82 30.0
47 83 31.0
47 84 32.0
47 85 33.0
47 86 34.0
47 139 35.0
48 150 24.0
48 97 25.0
48 35 26.0
48 41 27.0
48 42 28.0
48 48 29.0
48 49 30.0
48 99 31.0
48 153 32.0
49 138 23.0
49 136 24.0
49 105 25.0
49 104 26.0
49 102 27.0
49 114 28.0
49 113 29.0
49 112 30.0
49 111 31.0
49 110 32.0
49 109 33.0
49 2 34.0
49 11 35.0
49 56 36.0
49 58 37.0
49 60 38.0
49 141 39.0
50 146 22.0
50 107 23.0
50 18 24.0
50 17 25.0
50 16 26.0
50 15 27.0
50 14 28.0
50 13 29.0
50 12 30.0
50 11 31.0
50 56 32.0
50 58 33.0
50 60 34.0
50 141 35.0
51 140 27.0
51 93 28.0
51 92 29.0
51 91 30.0
51 90 31.0
51 89 32.0
51 88 33.0
51 87 34.0
51 41 35.0
51 40 36.0
51 80 37.0
51 38 38.0
51 43 39.0
51 44 40.0
51 51 41.0
51 101 42.0
51 151 43.0
52 152 29.0
52 100 30.0
52 52 31.0
52 45 32.0
52 37 33.0
52 36 34.0
52 78 35.0
52 76 36.0
52 74 37.0
52 72 38.0
52 70 39.0
52 39 40.0
52 30 41.0
52 29 42.0
52 28 43.0
52 27 44.0
52 26 45.0
52 20 46.0
52 19 47.0
52 108 48.0
52 145 49.0
53 138 25.0
53 136 26.0
53 105 27.0
53 104 28.0
53 102 29.0
53 114 30.0
53 113 31.0
53 112 32.0
53 111 33.0
53 110 34.0
53 109 35.0
53 2 36.0
53 11 37.0
53 56 38.0
53 58 39.0
53 60 40.0
53 141 41.0
54 144 30.0
54 68 31.0
54 67 32.0
54 66 33.0
54 65 34.0
54 49 35.0
54 50 36.0
54 47 37.0
54 53 38.0
54 40 39.0
54 34 40.0
54 96 41.0
54 149 42.0
55 142 23.0
55 59 24.0
55 57 25.0
55 55 26.0
55 106 27.0
55 1 28.0
55 121 29.0
55 122 30.0
55 123 31.0
55 124 32.0
55 125 33.0
55 126 34.0
55 127 35.0
55 103 36.0
55 135 37.0
55 137 38.0
56 146 30.0
56 107 31.0
56 18 32.0
56 17 33.0
56 16 34.0
56 15 35.0
56 14 36.0
56 13 37.0
56 12 38.0
56 11 39.0
56 56 40.0
56 58 41.0
56 60 42.0
56 141 43.0
57 152 34.0
57 100 35.0
57 52 36.0
57 45 37.0
57 37 38.0
57 36 39.0
57 31 40.0
57 94 41.0
57 147 42.0
58 138 30.0
58 136 31.0
58 105 32.0
58 104 33.0
58 102 34.0
58 114 35.0
58 113 36.0
58 112 37.0
58 111 38.0
58 110 39.0
58 109 40.0
58 2 41.0
58 11 42.0
58 56 43.0
58 58 44.0
58 60 45.0
58 141 46.0
59 150 39.0
59 97 40.0
59 35 41.0
59 41 42.0
59 40 43.0
59 80 44.0
59 38 45.0
59 36 46.0
59 78 47.0
59 76 48.0
59 74 49.0
59 72 50.0
59 70 51.0
59 39 52.0
59 30 53.0
59 29 54.0
59 28 55.0
59 27 56.0
59 26 57.0
59 20 58.0
59 19 59.0
59 108 60.0
59 145 61.0
60 140 38.0
60 93 39.0
60 92 40.0
60 91 41.0
60 90 42.0
60 89 43.0
60 88 44.0
60 87 45.0
60 41 46.0
60 42 47.0
60 48 48.0
60 49 49.0
60 99 50.0
60 153 51.0
61 144 38.0
61 68 39.0
61 67 40.0
61 66 41.0
61 65 42.0
61 49 43.0
61 50 44.0
61 47 45.0
61 53 46.0
61 40 47.0
61 34 48.0
61 96 49.0
61 149 50.0
62 138 34.0
62 136 35.0
62 105 36.0
62 104 37.0
62 102 38.0
62 114 39.0
62 113 40.0
62 112 41.0
62 111 42.0
62 110 43.0
62 109 44.0
62 2 45.0
62 11 46.0
62 56 47.0
62 58 48.0
62 60 49.0
62 141 50.0
63 150 47.0
63 97 48.0
63 35 49.0
63 41 50.0
63 40 51.0
63 80 52.0
63 38 53.0
63 36 54.0
63 78 55.0
63 76 56.0
63 74 57.0
63 72 58.0
63 70 59.0
63 39 60.0
63 30 61.0
63 29 62.0
63 28 63.0
63 27 64.0
63 26 65.0
63 20 66.0
63 19 67.0
63 108 68.0
63 145 69.0
64 140 40.0
64 93 41.0
64 92 42.0
64 91 43.0
64 90 44.0
64 89 45.0
64 88 46.0
64 87 47.0
64 41 48.0
64 42 49.0
64 48 50.0
64 61 51.0
64 62 52.0
64 63 53.0
64 54 54.0
64 143 55.0
65 144 32.0
65 68 33.0
65 67 34.0
65 66 35.0
65 65 36.0
65 49 37.0
65 99 38.0
65 153 39.0
66 150 35.0
66 97 36.0
66 35 37.0
66 41 38.0
66 42 39.0
66 48 40.0
66 49 41.0
66 99 42.0
66 153 43.0
67 138 32.0
67 136 33.0
67 105 34.0
67 104 35.0
67 102 36.0
67 114 37.0
67 113 38.0
67 112 39.0
67 111 40.0
67 110 41.0
67 109 42.0
67 2 43.0
67 11 44.0
67 56 45.0
67 58 46.0
67 60 47.0
67 141 48.0
68 146 36.0
68 107 37.0
68 18 38.0
68 8 39.0
68 9 40.0
68 10 41.0
68 21 42.0
68 22 43.0
68 23 44.0
68 24 45.0
68 25 46.0
68 33 47.0
68 69 48.0
68 71 49.0
68 73 50.0
68 75 51.0
68 77 52.0
68 31 53.0
68 32 54.0
68 38 55.0
68 43 56.0
68 44 57.0
68 51 58.0
68 101 59.0
68 151 60.0
69 140 36.0
69 93 37.0
69 92 38.0
69 91 39.0
69 90 40.0
69 89 41.0
69 88 42.0
69 87 43.0
69 41 44.0
69 42 45.0
69 48 46.0
69 61 47.0
69 62 48.0
69 63 49.0
69 54 50.0
69 143 51.0
70 138 40.0
70 136 41.0
70 105 42.0
70 104 43.0
70 134 44.0
70 133 45.0
70 132 46.0
70 131 47.0
70 130 48.0
70 129 49.0
70 128 50.0
70 9 51.0
70 19 52.0
70 108 53.0
70 145 54.0
71 148 44.0
71 95 45.0
71 32 46.0
71 38 47.0
71 43 48.0
71 44 49.0
71 46 50.0
71 47 51.0
71 48 52.0
71 61 53.0
71 62 54.0
71 63 55.0
71 54 56.0
71 143 57.0
72 138 36.0
72 136 37.0
72 105 38.0
72 104 39.0
72 102 40.0
72 114 41.0
72 113 42.0
72 112 43.0
72 111 44.0
72 110 45.0
72 109 46.0
72 2 47.0
72 11 48.0
72 56 49.0
72 58 50.0
72 60 51.0
72 141 52.0
73 144 40.0
73 68 41.0
73 67 42.0
73 66 43.0
73 65 44.0
73 49 45.0
73 50 46.0
73 47 47.0
73 53 48.0
73 40 49.0
73 34 50.0
73 96 51.0
73 149 52.0
74 142 31.0
74 59 32.0
74 57 33.0
74 55 34.0
74 106 35.0
74 1 36.0
74 121 37.0
74 122 38.0
74 123 39.0
74 124 40.0
74 125 41.0
74 126 42.0
74 127 43.0
74 103 44.0
74 135 45.0
74 137 46.0
75 142 33.0
75 59 34.0
75 57 35.0
75 55 36.0
75 106 37.0
75 1 38.0
75 121 39.0
75 122 40.0
75 123 41.0
75 124 42.0
75 125 43.0
75 126 44.0
75 127 45.0
75 103 46.0
75 135 47.0
75 137 48.0
76 138 38.0
76 136 39.0
76 105 40.0
76 104 41.0
76 134 42.0
76 133 43.0
76 132 44.0
76 131 45.0
76 130 46.0
76 129 47.0
76 128 48.0
76 9 49.0
76 19 50.0
76 108 51.0
76 145 52.0
77 154 40.0
77 98 41.0
77 50 42.0
77 47 43.0
77 53 44.0
77 40 45.0
77 34 46.0
77 96 47.0
77 149 48.0
78 150 32.0
78 97 33.0
78 35 34.0
78 81 35.0
78 82 36.0
78 83 37.0
78 84 38.0
78 85 39.0
78 86 40.0
78 139 41.0
79 142 35.0
79 59 36.0
79 57 37.0
79 55 38.0
79 106 39.0
79 1 40.0
79 121 41.0
79 122 42.0
79 123 43.0
79 124 44.0
79 125 45.0
79 126 46.0
79 127 47.0
79 103 48.0
79 135 49.0
79 137 50.0
80 146 41.0
80 107 42.0
80 18 43.0
80 8 44.0
80 9 45.0
80 10 46.0
80 21 47.0
80 22 48.0
80 23 49.0
80 24 50.0
80 25 51.0
80 33 52.0
80 69 53.0
80 71 54.0
80 73 55.0
80 75 56.0
80 77 57.0
80 31 58.0
80 94 59.0
80 147 60.0
82 154 50.0
82 98 51.0
82 50 52.0
82 47 53.0
82 53 54.0
82 40 55.0
82 80 56.0
82 38 57.0
82 36 58.0
82 78 59.0
82 76 60.0
82 74 61.0
82 72 62.0
82 70 63.0
82 39 64.0
82 30 65.0
82 29 66.0
82 28 67.0
82 27 68.0
82 26 69.0
82 20 70.0
82 19 71.0
82 108 72.0
82 145 73.0
83 138 46.0
83 136 47.0
83 105 48.0
83 104 49.0
83 102 50.0
83 114 51.0
83 113 52.0
83 112 53.0
83 111 54.0
83 110 55.0
83 109 56.0
83 2 57.0
83 11 58.0
83 56 59.0
83 58 60.0
83 60 61.0
83 141 62.0
84 148 48.0
84 95 49.0
84 32 50.0
84 38 51.0
84 36 52.0
84 78 53.0
84 76 54.0
84 74 55.0
84 72 56.0
84 70 57.0
84 39 58.0
84 30 59.0
84 29 60.0
84 28 61.0
84 27 62.0
84 26 63.0
84 20 64.0
84 19 65.0
84 108 66.0
84 145 67.0
86 138 44.0
86 136 45.0
86 105 46.0
86 104 47.0
86 102 48.0
86 114 49.0
86 113 50.0
86 112 51.0
86 111 52.0
86 110 53.0
86 109 54.0
86 2 55.0
86 11 56.0
86 56 57.0
86 58 58.0
86 60 59.0
86 141 60.0
87 152 43.0
87 100 44.0
87 52 45.0
87 45 46.0
87 37 47.0
87 36 48.0
87 31 49.0
87 94 50.0
87 147 51.0
88 146 43.0
88 107 44.0
88 18 45.0
88 17 46.0
88 16 47.0
88 15 48.0
88 14 49.0
88 13 50.0
88 12 51.0
88 11 52.0
88 56 53.0
88 58 54.0
88 60 55.0
88 141 56.0
90 146 50.0
90 107 51.0
90 18 52.0
90 8 53.0
90 9 54.0
90 10 55.0
90 21 56.0
90 22 57.0
90 23 58.0
90 24 59.0
90 25 60.0
90 33 61.0
90 69 62.0
90 71 63.0
90 73 64.0
90 75 65.0
90 77 66.0
90 31 67.0
90 32 68.0
90 79 69.0
90 34 70.0
90 96 71.0
90 149 72.0
92 150 49.0
92 97 50.0
92 35 51.0
92 41 52.0
92 42 53.0
92 48 54.0
92 61 55.0
92 62 56.0
92 63 57.0
92 54 58.0
92 143 59.0
93 142 41.0
93 59 42.0
93 57 43.0
93 55 44.0
93 106 45.0
93 1 46.0
93 121 47.0
93 122 48.0
93 123 49.0
93 124 50.0
93 125 51.0
93 126 52.0
93 127 53.0
93 103 54.0
93 135 55.0
93 137 56.0
94 140 48.0
94 93 49.0
94 92 50.0
94 91 51.0
94 90 52.0
94 89 53.0
94 88 54.0
94 87 55.0
94 41 56.0
94 40 57.0
94 80 58.0
94 38 59.0
94 36 60.0
94 31 61.0
94 94 62.0
94 147 63.0
95 144 50.0
95 68 51.0
95 67 52.0
95 66 53.0
95 65 54.0
95 49 55.0
95 50 56.0
95 47 57.0
95 53 58.0
95 40 59.0
95 80 60.0
95 38 61.0
95 36 62.0
95 31 63.0
95 94 64.0
95 147 65.0
96 146 45.0
96 107 46.0
96 18 47.0
96 17 48.0
96 16 49.0
96 15 50.0
96 14 51.0
96 13 52.0
96 12 53.0
96 11 54.0
96 56 55.0
96 58 56.0
96 60 57.0
96 141 58.0
97 152 49.0
97 100 50.0
97 52 51.0
97 45 52.0
97 44 53.0
97 46 54.0
97 47 55.0
97 48 56.0
97 49 57.0
97 99 58.0
97 153 59.0
98 138 49.0
98 136 50.0
98 105 51.0
98 104 52.0
98 134 53.0
98 133 54.0
98 132 55.0
98 131 56.0
98 130 57.0
98 129 58.0
98 128 59.0
98 9 60.0
98 19 61.0
98 108 62.0
98 145 63.0
99 142 50.0
99 59 51.0
99 57 52.0
99 55 53.0
99 106 54.0
99 1 55.0
99 121 56.0
99 122 57.0
99 123 58.0
99 124 59.0
99 125 60.0
99 126 61.0
99 127 62.0
99 103 63.0
99 135 64.0
99 137 65.0
;
set fixedFlights :=
0 49 50
0 66 65
0 67 66
0 68 67
0 144 68
0 64 51
0 65 49
0 50 64
0 101 151
0 51 101
1 56 58
1 58 60
1 60 141
1 11 56
1 2 11
1 109 2
1 110 109
1 104 102
1 102 114
1 105 104
1 114 113
1 113 112
1 112 111
1 111 110
1 138 136
1 136 105
2 34 35
2 32 79
2 79 34
2 148 95
2 95 32
2 35 81
2 81 82
2 82 83
2 83 84
2 84 85
2 85 86
2 86 139
3 41 40
3 38 43
3 43 44
3 44 51
3 40 80
3 80 38
3 101 151
3 51 101
3 93 92
3 92 91
3 91 90
3 90 89
3 89 88
3 88 87
3 87 41
3 140 93
4 9 10
4 8 9
4 10 21
4 21 22
4 22 23
4 23 24
4 24 25
4 32 38
4 38 43
4 43 44
4 31 32
4 44 51
4 25 33
4 33 69
4 69 71
4 71 73
4 73 75
4 75 77
4 77 31
4 101 151
4 51 101
4 146 107
4 107 18
4 18 8
5 56 58
5 58 60
5 60 141
5 11 56
5 2 11
5 109 2
5 110 109
5 104 102
5 102 114
5 105 104
5 114 113
5 113 112
5 112 111
5 111 110
5 138 136
5 136 105
6 56 58
6 58 60
6 60 141
6 11 56
6 2 11
6 109 2
6 110 109
6 104 102
6 102 114
6 105 104
6 114 113
6 113 112
6 112 111
6 111 110
6 138 136
6 136 105
7 9 10
7 8 9
7 10 21
7 21 22
7 22 23
7 23 24
7 24 25
7 25 33
7 33 69
7 69 71
7 71 73
7 73 75
7 75 77
7 77 31
7 94 147
7 31 94
7 146 107
7 107 18
7 18 8
9 41 40
9 40 34
9 96 149
9 34 96
9 93 92
9 92 91
9 91 90
9 90 89
9 89 88
9 88 87
9 87 41
9 140 93
11 57 55
11 59 57
11 142 59
11 55 106
11 106 1
11 1 121
11 121 122
11 122 123
11 123 124
11 124 125
11 125 126
11 126 127
11 127 103
11 103 135
11 135 137
12 9 10
12 8 9
12 10 21
12 21 22
12 22 23
12 23 24
12 24 25
12 25 33
12 33 69
12 69 71
12 71 73
12 73 75
12 75 77
12 77 31
12 94 147
12 31 94
12 146 107
12 107 18
12 18 8
13 20 19
13 26 20
13 27 26
13 28 27
13 29 28
13 30 29
13 32 38
13 38 36
13 36 78
13 78 76
13 76 74
13 74 72
13 72 70
13 70 39
13 39 30
13 148 95
13 95 32
13 108 145
13 19 108
14 41 42
14 42 48
14 54 143
14 48 61
14 61 62
14 62 63
14 63 54
14 93 92
14 92 91
14 91 90
14 90 89
14 89 88
14 88 87
14 87 41
14 140 93
15 108 145
15 9 19
15 19 108
15 105 104
15 104 134
15 134 133
15 133 132
15 132 131
15 131 130
15 130 129
15 129 128
15 128 9
15 138 136
15 136 105
16 9 10
16 8 9
16 10 21
16 21 22
16 22 23
16 23 24
16 24 25
16 25 33
16 33 69
16 69 71
16 71 73
16 73 75
16 75 77
16 77 31
16 94 147
16 31 94
16 146 107
16 107 18
16 18 8
17 57 55
17 59 57
17 142 59
17 55 106
17 106 1
17 1 121
17 121 122
17 122 123
17 123 124
17 124 125
17 125 126
17 126 127
17 127 103
17 103 135
17 135 137
18 41 40
18 35 41
18 38 43
18 43 44
18 44 51
18 40 80
18 80 38
18 101 151
18 150 97
18 97 35
18 51 101
19 56 58
19 58 60
19 60 141
19 11 56
19 2 11
19 109 2
19 110 109
19 104 102
19 102 114
19 105 104
19 114 113
19 113 112
19 112 111
19 111 110
19 138 136
19 136 105
20 57 55
20 59 57
20 142 59
20 55 106
20 106 1
20 1 121
20 121 122
20 122 123
20 123 124
20 124 125
20 125 126
20 126 127
20 127 103
20 103 135
20 135 137
21 36 31
21 41 40
21 35 41
21 40 80
21 80 38
21 38 36
21 94 147
21 150 97
21 97 35
21 31 94
22 57 55
22 59 57
22 142 59
22 55 106
22 106 1
22 1 121
22 121 122
22 122 123
22 123 124
22 124 125
22 125 126
22 126 127
22 127 103
22 103 135
22 135 137
23 57 55
23 59 57
23 142 59
23 55 106
23 106 1
23 1 121
23 121 122
23 122 123
23 123 124
23 124 125
23 125 126
23 126 127
23 127 103
23 103 135
23 135 137
24 56 58
24 58 60
24 60 141
24 11 56
24 2 11
24 109 2
24 110 109
24 104 102
24 102 114
24 105 104
24 114 113
24 113 112
24 112 111
24 111 110
24 138 136
24 136 105
25 57 55
25 59 57
25 142 59
25 55 106
25 106 1
25 1 121
25 121 122
25 122 123
25 123 124
25 124 125
25 125 126
25 126 127
25 127 103
25 103 135
25 135 137
26 36 31
26 37 36
26 45 37
26 52 45
26 94 147
26 152 100
26 31 94
26 100 52
27 45 44
27 44 46
27 46 47
27 47 48
27 52 45
27 54 143
27 48 61
27 61 62
27 62 63
27 63 54
27 152 100
27 100 52
28 150 97
28 97 35
28 35 81
28 81 82
28 82 83
28 83 84
28 84 85
28 85 86
28 86 139
29 36 31
29 37 36
29 45 37
29 51 52
29 52 45
29 64 51
29 50 64
29 94 147
29 154 98
29 31 94
29 98 50
30 36 31
30 41 40
30 35 41
30 40 80
30 80 38
30 38 36
30 94 147
30 150 97
30 97 35
30 31 94
31 36 31
31 37 36
31 45 37
31 52 45
31 94 147
31 152 100
31 31 94
31 100 52
33 49 50
33 50 47
33 47 53
33 53 40
33 40 34
33 66 65
33 67 66
33 68 67
33 144 68
33 65 49
33 96 149
33 34 96
35 50 47
35 47 53
35 53 40
35 40 34
35 154 98
35 96 149
35 34 96
35 98 50
36 34 35
36 32 79
36 79 34
36 148 95
36 95 32
36 35 81
36 81 82
36 82 83
36 83 84
36 84 85
36 85 86
36 86 139
37 57 55
37 59 57
37 142 59
37 55 106
37 106 1
37 1 121
37 121 122
37 122 123
37 123 124
37 124 125
37 125 126
37 126 127
37 127 103
37 103 135
37 135 137
38 57 55
38 59 57
38 142 59
38 55 106
38 106 1
38 1 121
38 121 122
38 122 123
38 123 124
38 124 125
38 125 126
38 126 127
38 127 103
38 103 135
38 135 137
39 9 10
39 8 9
39 10 21
39 21 22
39 22 23
39 23 24
39 24 25
39 31 32
39 25 33
39 33 69
39 69 71
39 71 73
39 73 75
39 75 77
39 77 31
39 32 79
39 79 34
39 96 149
39 34 96
39 146 107
39 107 18
39 18 8
40 56 58
40 58 60
40 60 141
40 11 56
40 2 11
40 109 2
40 110 109
40 104 102
40 102 114
40 105 104
40 114 113
40 113 112
40 112 111
40 111 110
40 138 136
40 136 105
41 20 19
41 26 20
41 27 26
41 28 27
41 29 28
41 30 29
41 32 38
41 38 36
41 36 78
41 78 76
41 76 74
41 74 72
41 72 70
41 70 39
41 39 30
41 148 95
41 95 32
41 108 145
41 19 108
42 57 55
42 59 57
42 142 59
42 55 106
42 106 1
42 1 121
42 121 122
42 122 123
42 123 124
42 124 125
42 125 126
42 126 127
42 127 103
42 103 135
42 135 137
43 32 38
43 38 43
43 43 44
43 44 46
43 46 47
43 47 48
43 54 143
43 48 61
43 61 62
43 62 63
43 63 54
43 148 95
43 95 32
44 49 50
44 50 47
44 47 53
44 53 40
44 40 34
44 66 65
44 67 66
44 68 67
44 144 68
44 65 49
44 96 149
44 34 96
45 35 41
45 41 42
45 42 48
45 54 143
45 48 61
45 61 62
45 62 63
45 63 54
45 150 97
45 97 35
46 57 55
46 59 57
46 142 59
46 55 106
46 106 1
46 1 121
46 121 122
46 122 123
46 123 124
46 124 125
46 125 126
46 126 127
46 127 103
46 103 135
46 135 137
47 34 35
47 50 47
47 47 53
47 53 40
47 40 34
47 154 98
47 98 50
47 35 81
47 81 82
47 82 83
47 83 84
47 84 85
47 85 86
47 86 139
48 35 41
48 41 42
48 42 48
48 48 49
48 99 153
48 150 97
48 97 35
48 49 99
49 56 58
49 58 60
49 60 141
49 11 56
49 2 11
49 109 2
49 110 109
49 104 102
49 102 114
49 105 104
49 114 113
49 113 112
49 112 111
49 111 110
49 138 136
49 136 105
50 12 11
50 13 12
50 14 13
50 15 14
50 16 15
50 17 16
50 18 17
50 56 58
50 58 60
50 60 141
50 146 107
50 11 56
50 107 18
51 41 40
51 38 43
51 43 44
51 44 51
51 40 80
51 80 38
51 101 151
51 51 101
51 93 92
51 92 91
51 91 90
51 90 89
51 89 88
51 88 87
51 87 41
51 140 93
52 20 19
52 26 20
52 27 26
52 28 27
52 29 28
52 30 29
52 37 36
52 45 37
52 52 45
52 36 78
52 78 76
52 76 74
52 74 72
52 72 70
52 70 39
52 39 30
52 152 100
52 100 52
52 108 145
52 19 108
53 56 58
53 58 60
53 60 141
53 11 56
53 2 11
53 109 2
53 110 109
53 104 102
53 102 114
53 105 104
53 114 113
53 113 112
53 112 111
53 111 110
53 138 136
53 136 105
54 49 50
54 50 47
54 47 53
54 53 40
54 40 34
54 66 65
54 67 66
54 68 67
54 144 68
54 65 49
54 96 149
54 34 96
55 57 55
55 59 57
55 142 59
55 55 106
55 106 1
55 1 121
55 121 122
55 122 123
55 123 124
55 124 125
55 125 126
55 126 127
55 127 103
55 103 135
55 135 137
56 12 11
56 13 12
56 14 13
56 15 14
56 16 15
56 17 16
56 18 17
56 56 58
56 58 60
56 60 141
56 146 107
56 11 56
56 107 18
57 36 31
57 37 36
57 45 37
57 52 45
57 94 147
57 152 100
57 31 94
57 100 52
58 56 58
58 58 60
58 60 141
58 11 56
58 2 11
58 109 2
58 110 109
58 104 102
58 102 114
58 105 104
58 114 113
58 113 112
58 112 111
58 111 110
58 138 136
58 136 105
59 20 19
59 26 20
59 27 26
59 28 27
59 29 28
59 30 29
59 41 40
59 35 41
59 40 80
59 80 38
59 38 36
59 36 78
59 78 76
59 76 74
59 74 72
59 72 70
59 70 39
59 39 30
59 150 97
59 97 35
59 108 145
59 19 108
60 41 42
60 42 48
60 48 49
60 99 153
60 49 99
60 93 92
60 92 91
60 91 90
60 90 89
60 89 88
60 88 87
60 87 41
60 140 93
61 49 50
61 50 47
61 47 53
61 53 40
61 40 34
61 66 65
61 67 66
61 68 67
61 144 68
61 65 49
61 96 149
61 34 96
62 56 58
62 58 60
62 60 141
62 11 56
62 2 11
62 109 2
62 110 109
62 104 102
62 102 114
62 105 104
62 114 113
62 113 112
62 112 111
62 111 110
62 138 136
62 136 105
63 20 19
63 26 20
63 27 26
63 28 27
63 29 28
63 30 29
63 41 40
63 35 41
63 40 80
63 80 38
63 38 36
63 36 78
63 78 76
63 76 74
63 74 72
63 72 70
63 70 39
63 39 30
63 150 97
63 97 35
63 108 145
63 19 108
64 41 42
64 42 48
64 54 143
64 48 61
64 61 62
64 62 63
64 63 54
64 93 92
64 92 91
64 91 90
64 90 89
64 89 88
64 88 87
64 87 41
64 140 93
65 66 65
65 67 66
65 68 67
65 144 68
65 65 49
65 99 153
65 49 99
66 35 41
66 41 42
66 42 48
66 48 49
66 99 153
66 150 97
66 97 35
66 49 99
67 56 58
67 58 60
67 60 141
67 11 56
67 2 11
67 109 2
67 110 109
67 104 102
67 102 114
67 105 104
67 114 113
67 113 112
67 112 111
67 111 110
67 138 136
67 136 105
68 9 10
68 8 9
68 10 21
68 21 22
68 22 23
68 23 24
68 24 25
68 32 38
68 38 43
68 43 44
68 31 32
68 44 51
68 25 33
68 33 69
68 69 71
68 71 73
68 73 75
68 75 77
68 77 31
68 101 151
68 51 101
68 146 107
68 107 18
68 18 8
69 41 42
69 42 48
69 54 143
69 48 61
69 61 62
69 62 63
69 63 54
69 93 92
69 92 91
69 91 90
69 90 89
69 89 88
69 88 87
69 87 41
69 140 93
70 108 145
70 9 19
70 19 108
70 105 104
70 104 134
70 134 133
70 133 132
70 132 131
70 131 130
70 130 129
70 129 128
70 128 9
70 138 136
70 136 105
71 34 35
71 35 41
71 41 42
71 42 48
71 54 143
71 48 61
71 61 62
71 62 63
71 63 54
71 32 79
71 79 34
71 148 95
71 95 32
72 56 58
72 58 60
72 60 141
72 11 56
72 2 11
72 109 2
72 110 109
72 104 102
72 102 114
72 105 104
72 114 113
72 113 112
72 112 111
72 111 110
72 138 136
72 136 105
73 49 50
73 50 47
73 47 53
73 53 40
73 40 34
73 66 65
73 67 66
73 68 67
73 144 68
73 65 49
73 96 149
73 34 96
74 57 55
74 59 57
74 142 59
74 55 106
74 106 1
74 1 121
74 121 122
74 122 123
74 123 124
74 124 125
74 125 126
74 126 127
74 127 103
74 103 135
74 135 137
75 57 55
75 59 57
75 142 59
75 55 106
75 106 1
75 1 121
75 121 122
75 122 123
75 123 124
75 124 125
75 125 126
75 126 127
75 127 103
75 103 135
75 135 137
76 108 145
76 9 19
76 19 108
76 105 104
76 104 134
76 134 133
76 133 132
76 132 131
76 131 130
76 130 129
76 129 128
76 128 9
76 138 136
76 136 105
77 50 47
77 47 53
77 53 40
77 40 34
77 154 98
77 96 149
77 34 96
77 98 50
78 150 97
78 97 35
78 35 81
78 81 82
78 82 83
78 83 84
78 84 85
78 85 86
78 86 139
79 57 55
79 59 57
79 142 59
79 55 106
79 106 1
79 1 121
79 121 122
79 122 123
79 123 124
79 124 125
79 125 126
79 126 127
79 127 103
79 103 135
79 135 137
80 9 10
80 8 9
80 10 21
80 21 22
80 22 23
80 23 24
80 24 25
80 25 33
80 33 69
80 69 71
80 71 73
80 73 75
80 75 77
80 77 31
80 94 147
80 31 94
80 146 107
80 107 18
80 18 8
82 20 19
82 26 20
82 27 26
82 28 27
82 29 28
82 30 29
82 37 36
82 45 37
82 51 52
82 52 45
82 64 51
82 50 64
82 36 78
82 78 76
82 76 74
82 74 72
82 72 70
82 70 39
82 39 30
82 154 98
82 98 50
82 108 145
82 19 108
83 56 58
83 58 60
83 60 141
83 11 56
83 2 11
83 109 2
83 110 109
83 104 102
83 102 114
83 105 104
83 114 113
83 113 112
83 112 111
83 111 110
83 138 136
83 136 105
84 20 19
84 26 20
84 27 26
84 28 27
84 29 28
84 30 29
84 32 38
84 38 36
84 36 78
84 78 76
84 76 74
84 74 72
84 72 70
84 70 39
84 39 30
84 148 95
84 95 32
84 108 145
84 19 108
86 56 58
86 58 60
86 60 141
86 11 56
86 2 11
86 109 2
86 110 109
86 104 102
86 102 114
86 105 104
86 114 113
86 113 112
86 112 111
86 111 110
86 138 136
86 136 105
87 36 31
87 37 36
87 45 37
87 52 45
87 94 147
87 152 100
87 31 94
87 100 52
88 12 11
88 13 12
88 14 13
88 15 14
88 16 15
88 17 16
88 18 17
88 56 58
88 58 60
88 60 141
88 146 107
88 11 56
88 107 18
90 9 10
90 8 9
90 10 21
90 21 22
90 22 23
90 23 24
90 24 25
90 31 32
90 25 33
90 33 69
90 69 71
90 71 73
90 73 75
90 75 77
90 77 31
90 32 79
90 79 34
90 96 149
90 34 96
90 146 107
90 107 18
90 18 8
92 35 41
92 41 42
92 42 48
92 54 143
92 48 61
92 61 62
92 62 63
92 63 54
92 150 97
92 97 35
93 57 55
93 59 57
93 142 59
93 55 106
93 106 1
93 1 121
93 121 122
93 122 123
93 123 124
93 124 125
93 125 126
93 126 127
93 127 103
93 103 135
93 135 137
94 36 31
94 41 40
94 40 80
94 80 38
94 38 36
94 94 147
94 31 94
94 93 92
94 92 91
94 91 90
94 90 89
94 89 88
94 88 87
94 87 41
94 140 93
95 36 31
95 37 36
95 45 37
95 49 50
95 51 52
95 52 45
95 66 65
95 67 66
95 68 67
95 144 68
95 64 51
95 65 49
95 50 64
95 94 147
95 31 94
96 12 11
96 13 12
96 14 13
96 15 14
96 16 15
96 17 16
96 18 17
96 56 58
96 58 60
96 60 141
96 146 107
96 11 56
96 107 18
97 45 44
97 44 46
97 46 47
97 47 48
97 52 45
97 48 49
97 152 100
97 99 153
97 100 52
97 49 99
98 108 145
98 9 19
98 19 108
98 105 104
98 104 134
98 134 133
98 133 132
98 132 131
98 131 130
98 130 129
98 129 128
98 128 9
98 138 136
98 136 105
99 57 55
99 59 57
99 142 59
99 55 106
99 106 1
99 1 121
99 121 122
99 122 123
99 123 124
99 124 125
99 125 126
99 126 127
99 127 103
99 103 135
99 135 137
;
;
set inFlight:=
0
1
2
3
4
5
6
7
9
11
12
13
14
15
16
17
18
19
20
24
28
35
36
37
38
;
param tini := 14.1;
