param nn:= 155;
set F:=
20
21
23
24
25
26
27
28
29
30
32
33
34
36
38
39
40
41
42
43
44
45
46
47
48
49
50
51
52
53
54
55
56
57
58
59
60
61
62
63
64
65
67
68
69
70
72
73
75
76
77
78
79
80
81
84
85
93
95
96
;
param: E: d:=
2 3 2.500000
3 4 2.500000
4 5 2.500000
5 6 2.500000
6 7 2.500000
7 0 2.500000
0 8 2.500000
9 10 2.500000
8 9 2.500000
12 11 2.500000
13 12 2.500000
14 13 2.500000
15 14 2.500000
16 15 2.500000
17 16 2.500000
18 17 2.500000
19 18 2.500000
20 19 2.500000
10 21 2.500000
21 22 2.500000
22 23 2.500000
23 24 2.500000
24 25 2.500000
26 20 2.500000
27 26 2.500000
28 27 2.500000
29 28 2.500000
30 29 2.500000
34 35 2.500000
36 31 2.500000
37 36 2.500000
41 40 2.500000
35 41 2.500000
41 42 2.500000
32 38 2.500000
38 43 2.500000
43 44 2.500000
45 37 2.500000
31 32 2.500000
45 44 2.500000
44 46 2.500000
46 47 2.500000
47 48 2.500000
42 48 2.500000
49 50 2.500000
51 52 2.500000
52 45 2.500000
44 51 2.500000
48 49 2.500000
50 47 2.500000
47 53 2.500000
53 40 2.500000
40 34 2.500000
54 143 1.500000
57 55 2.500000
56 58 2.500000
59 57 2.500000
58 60 2.500000
60 141 1.500000
142 59 1.500000
48 61 2.500000
61 62 2.500000
62 63 2.500000
66 65 2.500000
67 66 2.500000
68 67 2.500000
144 68 1.500000
2 1 2.500000
64 51 2.500000
63 54 2.500000
65 49 2.500000
50 64 2.500000
25 33 2.500000
33 69 2.500000
69 71 2.500000
71 73 2.500000
73 75 2.500000
75 77 2.500000
77 31 2.500000
40 80 2.500000
80 38 2.500000
38 36 2.500000
36 78 2.500000
78 76 2.500000
76 74 2.500000
74 72 2.500000
72 70 2.500000
70 39 2.500000
39 30 2.500000
32 79 2.500000
79 34 2.500000
148 95 1.500000
94 147 1.500000
152 100 1.500000
101 151 1.500000
154 98 1.500000
99 153 1.500000
96 149 1.500000
150 97 1.500000
97 35 2.500000
95 32 2.500000
31 94 2.500000
34 96 2.500000
51 101 2.500000
100 52 2.500000
98 50 2.500000
49 99 2.500000
35 81 2.500000
81 82 2.500000
82 83 2.500000
83 84 2.500000
84 85 2.500000
85 86 2.500000
93 92 2.500000
92 91 2.500000
91 90 2.500000
90 89 2.500000
89 88 2.500000
88 87 2.500000
87 41 2.500000
86 139 1.500000
140 93 1.500000
108 145 1.500000
146 107 1.500000
11 56 2.500000
2 11 2.500000
107 18 2.500000
18 8 2.500000
9 19 2.500000
19 108 2.500000
55 106 2.500000
106 1 2.500000
1 121 2.500000
121 122 2.500000
109 2 2.500000
110 109 2.500000
104 102 2.500000
102 114 2.500000
115 102 2.500000
102 103 2.500000
105 104 2.500000
104 134 2.500000
134 133 2.500000
103 105 2.500000
116 115 2.500000
8 117 2.500000
117 118 2.500000
118 119 2.500000
119 120 2.500000
120 116 2.500000
133 132 2.500000
132 131 2.500000
131 130 2.500000
130 129 2.500000
129 128 2.500000
128 9 2.500000
122 123 2.500000
123 124 2.500000
124 125 2.500000
125 126 2.500000
126 127 2.500000
127 103 2.500000
114 113 2.500000
113 112 2.500000
112 111 2.500000
111 110 2.500000
103 135 2.500000
135 137 1.500000
138 136 1.500000
136 105 2.500000
;
param s:=
20 144
21 144
23 138
24 140
25 154
26 146
27 152
28 144
29 148
30 150
32 138
33 150
34 148
36 146
38 152
39 142
40 138
41 140
42 148
43 138
44 152
45 140
46 142
47 142
48 142
49 152
50 140
51 146
52 146
53 148
54 138
55 138
56 150
57 148
58 144
59 154
60 140
61 144
62 148
63 152
64 144
65 140
67 150
68 144
69 154
70 150
72 140
73 142
75 138
76 154
77 154
78 138
79 140
80 140
81 140
84 154
85 138
93 142
95 142
96 146
;
param e:=
20 151
21 147
23 145
24 147
25 145
26 151
27 139
28 151
29 139
30 151
32 141
33 145
34 153
36 149
38 139
39 137
40 145
41 153
42 151
43 141
44 147
45 149
46 137
47 137
48 137
49 139
50 149
51 137
52 141
53 143
54 145
55 141
56 151
57 151
58 147
59 145
60 151
61 153
62 143
63 149
64 151
65 151
67 153
68 149
69 149
70 153
72 153
73 137
75 145
76 143
77 143
78 145
79 143
80 153
81 143
84 149
85 145
93 137
95 137
96 149
;
param v_min:=2.375
;
param v_max:=2.625
;
param :conflictsNodes: angle:=
0 7 8 1.000000
0 8 7 1.000000
1 2 121 1.154701
1 121 2 1.154701
1 2 106 1.000000
1 106 2 1.000000
1 106 121 1.000000
1 121 106 1.000000
2 3 11 1.000000
2 11 3 1.000000
2 3 109 1.154701
2 109 3 1.154701
2 1 3 1.000000
2 3 1 1.000000
2 1 11 1.000000
2 11 1 1.000000
2 1 109 1.000000
2 109 1 1.000000
2 11 109 1.000000
2 109 11 1.000000
3 2 4 1.000000
3 4 2 1.000000
4 3 5 1.000000
4 5 3 1.000000
5 4 6 1.000000
5 6 4 1.000000
6 5 7 1.000000
6 7 5 1.000000
7 0 6 1.000000
7 6 0 1.000000
8 0 9 1.000000
8 9 0 1.000000
8 0 117 1.154701
8 117 0 1.154701
8 0 18 1.000000
8 18 0 1.000000
8 9 117 1.000000
8 117 9 1.000000
8 9 18 1.000000
8 18 9 1.000000
8 18 117 1.000000
8 117 18 1.000000
9 8 10 1.000000
9 10 8 1.000000
9 8 19 1.000000
9 19 8 1.000000
9 8 128 1.154701
9 128 8 1.154701
9 10 19 1.000000
9 19 10 1.000000
9 10 128 1.000000
9 128 10 1.000000
9 19 128 1.000000
9 128 19 1.000000
10 9 21 1.000000
10 21 9 1.000000
11 2 12 1.000000
11 12 2 1.000000
11 2 56 1.000000
11 56 2 1.000000
11 12 56 1.000000
11 56 12 1.000000
12 11 13 1.000000
12 13 11 1.000000
13 12 14 1.000000
13 14 12 1.000000
14 13 15 1.000000
14 15 13 1.000000
15 14 16 1.000000
15 16 14 1.000000
16 15 17 1.000000
16 17 15 1.000000
17 16 18 1.000000
17 18 16 1.000000
18 17 19 1.000000
18 19 17 1.000000
18 17 107 1.000000
18 107 17 1.000000
18 8 17 1.000000
18 17 8 1.000000
18 8 19 1.000000
18 19 8 1.000000
18 8 107 1.000000
18 107 8 1.000000
18 19 107 1.000000
18 107 19 1.000000
19 9 18 1.000000
19 18 9 1.000000
19 9 108 1.000000
19 108 9 1.000000
19 9 20 1.000000
19 20 9 1.000000
19 18 108 1.000000
19 108 18 1.000000
19 18 20 1.000000
19 20 18 1.000000
19 20 108 1.000000
19 108 20 1.000000
20 19 26 1.000000
20 26 19 1.000000
21 10 22 1.000000
21 22 10 1.000000
22 21 23 1.000000
22 23 21 1.000000
23 22 24 1.000000
23 24 22 1.000000
24 23 25 1.000000
24 25 23 1.000000
25 24 33 1.000000
25 33 24 1.000000
26 20 27 1.000000
26 27 20 1.000000
27 26 28 1.000000
27 28 26 1.000000
28 27 29 1.000000
28 29 27 1.000000
29 28 30 1.000000
29 30 28 1.000000
30 29 39 1.000000
30 39 29 1.000000
31 36 94 1.000000
31 94 36 1.000000
31 36 77 1.000000
31 77 36 1.000000
31 32 36 1.000000
31 36 32 1.000000
31 32 94 1.000000
31 94 32 1.000000
31 32 77 1.000000
31 77 32 1.000000
31 77 94 1.000000
31 94 77 1.000000
32 31 38 1.000000
32 38 31 1.000000
32 31 79 1.000000
32 79 31 1.000000
32 31 95 1.000000
32 95 31 1.000000
32 38 79 1.000000
32 79 38 1.000000
32 38 95 1.000000
32 95 38 1.000000
32 79 95 1.000000
32 95 79 1.000000
33 25 69 1.000000
33 69 25 1.000000
34 35 96 1.000000
34 96 35 1.000000
34 35 40 1.000000
34 40 35 1.000000
34 35 79 1.000000
34 79 35 1.000000
34 40 96 1.000000
34 96 40 1.000000
34 40 79 1.000000
34 79 40 1.000000
34 79 96 1.000000
34 96 79 1.000000
35 34 41 1.000000
35 41 34 1.000000
35 34 81 1.000000
35 81 34 1.000000
35 34 97 1.000000
35 97 34 1.000000
35 41 81 1.000000
35 81 41 1.000000
35 41 97 1.000000
35 97 41 1.000000
35 81 97 1.189773
35 97 81 1.189773
36 31 78 1.000000
36 78 31 1.000000
36 31 37 1.000000
36 37 31 1.000000
36 31 38 1.000000
36 38 31 1.000000
36 37 78 1.000000
36 78 37 1.000000
36 37 38 1.000000
36 38 37 1.000000
36 38 78 1.000000
36 78 38 1.000000
37 36 45 1.000000
37 45 36 1.000000
38 32 43 1.000000
38 43 32 1.000000
38 32 36 1.000000
38 36 32 1.000000
38 32 80 1.000000
38 80 32 1.000000
38 43 80 1.000000
38 80 43 1.000000
38 36 43 1.000000
38 43 36 1.000000
38 36 80 1.000000
38 80 36 1.000000
39 30 70 1.000000
39 70 30 1.000000
40 41 80 1.000000
40 80 41 1.000000
40 41 53 1.000000
40 53 41 1.000000
40 34 41 1.000000
40 41 34 1.000000
40 34 80 1.000000
40 80 34 1.000000
40 34 53 1.000000
40 53 34 1.000000
40 53 80 1.000000
40 80 53 1.000000
41 35 40 1.000000
41 40 35 1.000000
41 35 42 1.000000
41 42 35 1.000000
41 35 87 1.189773
41 87 35 1.189773
41 40 42 1.000000
41 42 40 1.000000
41 40 87 1.000000
41 87 40 1.000000
41 42 87 1.000000
41 87 42 1.000000
42 41 48 1.000000
42 48 41 1.000000
43 38 44 1.000000
43 44 38 1.000000
44 43 46 1.000000
44 46 43 1.000000
44 43 51 1.000000
44 51 43 1.000000
44 43 45 1.000000
44 45 43 1.000000
44 46 51 1.000000
44 51 46 1.000000
44 45 46 1.000000
44 46 45 1.000000
44 45 51 1.000000
44 51 45 1.000000
45 37 44 1.000000
45 44 37 1.000000
45 37 52 1.000000
45 52 37 1.000000
45 44 52 1.000000
45 52 44 1.000000
46 44 47 1.000000
46 47 44 1.000000
47 46 48 1.000000
47 48 46 1.000000
47 46 53 1.000000
47 53 46 1.000000
47 46 50 1.000000
47 50 46 1.000000
47 48 53 1.000000
47 53 48 1.000000
47 48 50 1.000000
47 50 48 1.000000
47 50 53 1.000000
47 53 50 1.000000
48 42 47 1.000000
48 47 42 1.000000
48 42 49 1.000000
48 49 42 1.000000
48 42 61 1.000000
48 61 42 1.000000
48 47 49 1.000000
48 49 47 1.000000
48 47 61 1.000000
48 61 47 1.000000
48 49 61 1.000000
48 61 49 1.000000
49 48 50 1.000000
49 50 48 1.000000
49 48 99 1.000000
49 99 48 1.000000
49 48 65 1.000000
49 65 48 1.000000
49 50 99 1.000000
49 99 50 1.000000
49 50 65 1.000000
49 65 50 1.000000
49 65 99 1.000000
49 99 65 1.000000
50 49 64 1.000000
50 64 49 1.000000
50 49 98 1.000000
50 98 49 1.000000
50 47 49 1.000000
50 49 47 1.000000
50 47 64 1.000000
50 64 47 1.000000
50 47 98 1.000000
50 98 47 1.000000
50 64 98 1.000000
50 98 64 1.000000
51 44 52 1.000000
51 52 44 1.000000
51 44 101 1.000000
51 101 44 1.000000
51 44 64 1.000000
51 64 44 1.000000
51 52 101 1.000000
51 101 52 1.000000
51 52 64 1.000000
51 64 52 1.000000
51 64 101 1.000000
51 101 64 1.000000
52 51 100 1.000000
52 100 51 1.000000
52 45 51 1.000000
52 51 45 1.000000
52 45 100 1.000000
52 100 45 1.000000
53 40 47 1.000000
53 47 40 1.000000
55 57 106 1.000000
55 106 57 1.000000
56 11 58 1.000000
56 58 11 1.000000
57 55 59 1.000000
57 59 55 1.000000
58 56 60 1.000000
58 60 56 1.000000
61 48 62 1.000000
61 62 48 1.000000
62 61 63 1.000000
62 63 61 1.000000
63 54 62 1.000000
63 62 54 1.000000
64 50 51 1.000000
64 51 50 1.000000
65 49 66 1.000000
65 66 49 1.000000
66 65 67 1.000000
66 67 65 1.000000
67 66 68 1.000000
67 68 66 1.000000
69 33 71 1.000000
69 71 33 1.000000
70 39 72 1.000000
70 72 39 1.000000
71 69 73 1.000000
71 73 69 1.000000
72 70 74 1.000000
72 74 70 1.000000
73 71 75 1.000000
73 75 71 1.000000
74 72 76 1.000000
74 76 72 1.000000
75 73 77 1.000000
75 77 73 1.000000
76 74 78 1.000000
76 78 74 1.000000
77 31 75 1.000000
77 75 31 1.000000
78 36 76 1.000000
78 76 36 1.000000
79 32 34 1.000000
79 34 32 1.000000
80 38 40 1.000000
80 40 38 1.000000
81 35 82 1.000000
81 82 35 1.000000
82 81 83 1.000000
82 83 81 1.000000
83 82 84 1.000000
83 84 82 1.000000
84 83 85 1.000000
84 85 83 1.000000
85 84 86 1.000000
85 86 84 1.000000
87 41 88 1.000000
87 88 41 1.000000
88 87 89 1.000000
88 89 87 1.000000
89 88 90 1.000000
89 90 88 1.000000
90 89 91 1.000000
90 91 89 1.000000
91 90 92 1.000000
91 92 90 1.000000
92 91 93 1.000000
92 93 91 1.000000
102 104 114 1.000000
102 114 104 1.000000
102 104 115 1.000000
102 115 104 1.000000
102 114 115 1.154701
102 115 114 1.154701
102 103 104 1.154701
102 104 103 1.154701
102 103 114 1.000000
102 114 103 1.000000
102 103 115 1.000000
102 115 103 1.000000
103 102 105 1.000000
103 105 102 1.000000
103 102 135 1.000000
103 135 102 1.000000
103 102 127 1.154701
103 127 102 1.154701
103 105 135 1.154701
103 135 105 1.154701
103 105 127 1.000000
103 127 105 1.000000
103 127 135 1.000000
103 135 127 1.000000
104 102 134 1.154701
104 134 102 1.154701
104 102 105 1.000000
104 105 102 1.000000
104 105 134 1.000000
104 134 105 1.000000
105 103 104 1.154701
105 104 103 1.154701
105 103 136 1.000000
105 136 103 1.000000
105 104 136 1.000000
105 136 104 1.000000
106 1 55 1.000000
106 55 1 1.000000
109 2 110 1.000000
109 110 2 1.000000
110 109 111 1.000000
110 111 109 1.000000
111 110 112 1.000000
111 112 110 1.000000
112 111 113 1.000000
112 113 111 1.000000
113 112 114 1.000000
113 114 112 1.000000
114 102 113 1.000000
114 113 102 1.000000
115 102 116 1.000000
115 116 102 1.000000
116 115 120 1.000000
116 120 115 1.000000
117 8 118 1.000000
117 118 8 1.000000
118 117 119 1.000000
118 119 117 1.000000
119 118 120 1.000000
119 120 118 1.000000
120 116 119 1.000000
120 119 116 1.000000
121 1 122 1.000000
121 122 1 1.000000
122 121 123 1.000000
122 123 121 1.000000
123 122 124 1.000000
123 124 122 1.000000
124 123 125 1.000000
124 125 123 1.000000
125 124 126 1.000000
125 126 124 1.000000
126 125 127 1.000000
126 127 125 1.000000
127 103 126 1.000000
127 126 103 1.000000
128 9 129 1.000000
128 129 9 1.000000
129 128 130 1.000000
129 130 128 1.000000
130 129 131 1.000000
130 131 129 1.000000
131 130 132 1.000000
131 132 130 1.000000
132 131 133 1.000000
132 133 131 1.000000
133 132 134 1.000000
133 134 132 1.000000
134 104 133 1.000000
134 133 104 1.000000
;
param D:=0.5;
param t_hat_ear:=
20 144 19.0
20 68 20.0
20 67 21.0
20 66 22.0
20 65 23.0
20 49 24.0
20 50 25.0
20 64 26.0
20 51 27.0
20 101 28.0
20 151 29.0
21 144 15.0
21 68 16.0
21 67 17.0
21 66 18.0
21 65 19.0
21 49 20.0
21 50 21.0
21 47 22.0
21 53 23.0
21 40 24.0
21 80 25.0
21 38 26.0
21 36 27.0
21 31 28.0
21 94 29.0
21 147 30.0
23 138 12.0
23 136 13.0
23 105 14.0
23 104 15.0
23 134 16.0
23 133 17.0
23 132 18.0
23 131 19.0
23 130 20.0
23 129 21.0
23 128 22.0
23 9 23.0
23 19 24.0
23 108 25.0
23 145 26.0
24 140 19.0
24 93 20.0
24 92 21.0
24 91 22.0
24 90 23.0
24 89 24.0
24 88 25.0
24 87 26.0
24 41 27.0
24 40 28.0
24 80 29.0
24 38 30.0
24 36 31.0
24 31 32.0
24 94 33.0
24 147 34.0
25 154 17.0
25 98 18.0
25 50 19.0
25 47 20.0
25 53 21.0
25 40 22.0
25 80 23.0
25 38 24.0
25 36 25.0
25 78 26.0
25 76 27.0
25 74 28.0
25 72 29.0
25 70 30.0
25 39 31.0
25 30 32.0
25 29 33.0
25 28 34.0
25 27 35.0
25 26 36.0
25 20 37.0
25 19 38.0
25 108 39.0
25 145 40.0
26 146 13.0
26 107 14.0
26 18 15.0
26 8 16.0
26 9 17.0
26 10 18.0
26 21 19.0
26 22 20.0
26 23 21.0
26 24 22.0
26 25 23.0
26 33 24.0
26 69 25.0
26 71 26.0
26 73 27.0
26 75 28.0
26 77 29.0
26 31 30.0
26 32 31.0
26 38 32.0
26 43 33.0
26 44 34.0
26 51 35.0
26 101 36.0
26 151 37.0
27 152 18.0
27 100 19.0
27 52 20.0
27 45 21.0
27 44 22.0
27 46 23.0
27 47 24.0
27 53 25.0
27 40 26.0
27 34 27.0
27 35 28.0
27 81 29.0
27 82 30.0
27 83 31.0
27 84 32.0
27 85 33.0
27 86 34.0
27 139 35.0
28 144 17.0
28 68 18.0
28 67 19.0
28 66 20.0
28 65 21.0
28 49 22.0
28 50 23.0
28 64 24.0
28 51 25.0
28 101 26.0
28 151 27.0
29 148 15.0
29 95 16.0
29 32 17.0
29 79 18.0
29 34 19.0
29 35 20.0
29 81 21.0
29 82 22.0
29 83 23.0
29 84 24.0
29 85 25.0
29 86 26.0
29 139 27.0
30 150 28.0
30 97 29.0
30 35 30.0
30 41 31.0
30 40 32.0
30 80 33.0
30 38 34.0
30 43 35.0
30 44 36.0
30 51 37.0
30 101 38.0
30 151 39.0
32 138 14.0
32 136 15.0
32 105 16.0
32 104 17.0
32 102 18.0
32 114 19.0
32 113 20.0
32 112 21.0
32 111 22.0
32 110 23.0
32 109 24.0
32 2 25.0
32 11 26.0
32 56 27.0
32 58 28.0
32 60 29.0
32 141 30.0
33 150 36.0
33 97 37.0
33 35 38.0
33 41 39.0
33 40 40.0
33 80 41.0
33 38 42.0
33 36 43.0
33 78 44.0
33 76 45.0
33 74 46.0
33 72 47.0
33 70 48.0
33 39 49.0
33 30 50.0
33 29 51.0
33 28 52.0
33 27 53.0
33 26 54.0
33 20 55.0
33 19 56.0
33 108 57.0
33 145 58.0
34 148 19.0
34 95 20.0
34 32 21.0
34 38 22.0
34 43 23.0
34 44 24.0
34 46 25.0
34 47 26.0
34 48 27.0
34 49 28.0
34 99 29.0
34 153 30.0
36 146 17.0
36 107 18.0
36 18 19.0
36 8 20.0
36 9 21.0
36 10 22.0
36 21 23.0
36 22 24.0
36 23 25.0
36 24 26.0
36 25 27.0
36 33 28.0
36 69 29.0
36 71 30.0
36 73 31.0
36 75 32.0
36 77 33.0
36 31 34.0
36 32 35.0
36 79 36.0
36 34 37.0
36 96 38.0
36 149 39.0
38 152 12.0
38 100 13.0
38 52 14.0
38 45 15.0
38 44 16.0
38 46 17.0
38 47 18.0
38 53 19.0
38 40 20.0
38 34 21.0
38 35 22.0
38 81 23.0
38 82 24.0
38 83 25.0
38 84 26.0
38 85 27.0
38 86 28.0
38 139 29.0
39 142 19.0
39 59 20.0
39 57 21.0
39 55 22.0
39 106 23.0
39 1 24.0
39 121 25.0
39 122 26.0
39 123 27.0
39 124 28.0
39 125 29.0
39 126 30.0
39 127 31.0
39 103 32.0
39 135 33.0
39 137 34.0
40 138 24.0
40 136 25.0
40 105 26.0
40 104 27.0
40 134 28.0
40 133 29.0
40 132 30.0
40 131 31.0
40 130 32.0
40 129 33.0
40 128 34.0
40 9 35.0
40 19 36.0
40 108 37.0
40 145 38.0
41 140 27.0
41 93 28.0
41 92 29.0
41 91 30.0
41 90 31.0
41 89 32.0
41 88 33.0
41 87 34.0
41 41 35.0
41 42 36.0
41 48 37.0
41 49 38.0
41 99 39.0
41 153 40.0
42 148 47.0
42 95 48.0
42 32 49.0
42 38 50.0
42 43 51.0
42 44 52.0
42 51 53.0
42 101 54.0
42 151 55.0
43 138 26.0
43 136 27.0
43 105 28.0
43 104 29.0
43 102 30.0
43 114 31.0
43 113 32.0
43 112 33.0
43 111 34.0
43 110 35.0
43 109 36.0
43 2 37.0
43 11 38.0
43 56 39.0
43 58 40.0
43 60 41.0
43 141 42.0
44 152 30.0
44 100 31.0
44 52 32.0
44 45 33.0
44 37 34.0
44 36 35.0
44 31 36.0
44 94 37.0
44 147 38.0
45 140 29.0
45 93 30.0
45 92 31.0
45 91 32.0
45 90 33.0
45 89 34.0
45 88 35.0
45 87 36.0
45 41 37.0
45 40 38.0
45 34 39.0
45 96 40.0
45 149 41.0
46 142 21.0
46 59 22.0
46 57 23.0
46 55 24.0
46 106 25.0
46 1 26.0
46 121 27.0
46 122 28.0
46 123 29.0
46 124 30.0
46 125 31.0
46 126 32.0
46 127 33.0
46 103 34.0
46 135 35.0
46 137 36.0
47 142 23.0
47 59 24.0
47 57 25.0
47 55 26.0
47 106 27.0
47 1 28.0
47 121 29.0
47 122 30.0
47 123 31.0
47 124 32.0
47 125 33.0
47 126 34.0
47 127 35.0
47 103 36.0
47 135 37.0
47 137 38.0
48 142 26.1
48 59 26.0
48 57 27.0
48 55 28.0
48 106 29.0
48 1 30.0
48 121 31.0
48 122 32.0
48 123 33.0
48 124 34.0
48 125 35.0
48 126 36.0
48 127 37.0
48 103 38.0
48 135 39.0
48 137 40.0
49 152 22.0
49 100 23.0
49 52 24.0
49 45 25.0
49 44 26.0
49 46 27.0
49 47 28.0
49 53 29.0
49 40 30.0
49 34 31.0
49 35 32.0
49 81 33.0
49 82 34.0
49 83 35.0
49 84 36.0
49 85 37.0
49 86 38.0
49 139 39.0
50 140 25.0
50 93 26.0
50 92 27.0
50 91 28.0
50 90 29.0
50 89 30.0
50 88 31.0
50 87 32.0
50 41 33.0
50 40 34.0
50 34 35.0
50 96 36.0
50 149 37.0
51 146 29.0
51 107 30.0
51 18 31.0
51 8 32.0
51 117 33.0
51 118 34.0
51 119 35.0
51 120 36.0
51 116 37.0
51 115 38.0
51 102 39.0
51 103 40.0
51 135 41.0
51 137 42.0
52 146 20.0
52 107 21.0
52 18 22.0
52 17 23.0
52 16 24.0
52 15 25.0
52 14 26.0
52 13 27.0
52 12 28.0
52 11 29.0
52 56 30.0
52 58 31.0
52 60 32.0
52 141 33.0
53 148 26.1
53 95 26.0
53 32 27.0
53 38 28.0
53 43 29.0
53 44 30.0
53 46 31.0
53 47 32.0
53 48 33.0
53 61 34.0
53 62 35.0
53 63 36.0
53 54 37.0
53 143 38.0
54 138 20.0
54 136 21.0
54 105 22.0
54 104 23.0
54 134 24.0
54 133 25.0
54 132 26.0
54 131 27.0
54 130 28.0
54 129 29.0
54 128 30.0
54 9 31.0
54 19 32.0
54 108 33.0
54 145 34.0
55 138 22.0
55 136 23.0
55 105 24.0
55 104 25.0
55 102 26.0
55 114 27.0
55 113 28.0
55 112 29.0
55 111 30.0
55 110 31.0
55 109 32.0
55 2 33.0
55 11 34.0
55 56 35.0
55 58 36.0
55 60 37.0
55 141 38.0
56 150 38.0
56 97 39.0
56 35 40.0
56 41 41.0
56 40 42.0
56 80 43.0
56 38 44.0
56 43 45.0
56 44 46.0
56 51 47.0
56 101 48.0
56 151 49.0
57 148 37.0
57 95 38.0
57 32 39.0
57 38 40.0
57 43 41.0
57 44 42.0
57 51 43.0
57 101 44.0
57 151 45.0
58 144 27.0
58 68 28.0
58 67 29.0
58 66 30.0
58 65 31.0
58 49 32.0
58 50 33.0
58 47 34.0
58 53 35.0
58 40 36.0
58 80 37.0
58 38 38.0
58 36 39.0
58 31 40.0
58 94 41.0
58 147 42.0
59 154 39.0
59 98 40.0
59 50 41.0
59 47 42.0
59 53 43.0
59 40 44.0
59 80 45.0
59 38 46.0
59 36 47.0
59 78 48.0
59 76 49.0
59 74 50.0
59 72 51.0
59 70 52.0
59 39 53.0
59 30 54.0
59 29 55.0
59 28 56.0
59 27 57.0
59 26 58.0
59 20 59.0
59 19 60.0
59 108 61.0
59 145 62.0
60 140 37.0
60 93 38.0
60 92 39.0
60 91 40.0
60 90 41.0
60 89 42.0
60 88 43.0
60 87 44.0
60 41 45.0
60 40 46.0
60 80 47.0
60 38 48.0
60 43 49.0
60 44 50.0
60 51 51.0
60 101 52.0
60 151 53.0
61 144 30.0
61 68 31.0
61 67 32.0
61 66 33.0
61 65 34.0
61 49 35.0
61 99 36.0
61 153 37.0
62 148 49.0
62 95 50.0
62 32 51.0
62 38 52.0
62 43 53.0
62 44 54.0
62 46 55.0
62 47 56.0
62 48 57.0
62 61 58.0
62 62 59.0
62 63 60.0
62 54 61.0
62 143 62.0
63 152 44.0
63 100 45.0
63 52 46.0
63 45 47.0
63 44 48.0
63 46 49.0
63 47 50.0
63 53 51.0
63 40 52.0
63 34 53.0
63 96 54.0
63 149 55.0
64 144 37.0
64 68 38.0
64 67 39.0
64 66 40.0
64 65 41.0
64 49 42.0
64 50 43.0
64 64 44.0
64 51 45.0
64 101 46.0
64 151 47.0
65 140 47.0
65 93 48.0
65 92 49.0
65 91 50.0
65 90 51.0
65 89 52.0
65 88 53.0
65 87 54.0
65 41 55.0
65 40 56.0
65 80 57.0
65 38 58.0
65 43 59.0
65 44 60.0
65 51 61.0
65 101 62.0
65 151 63.0
67 150 46.0
67 97 47.0
67 35 48.0
67 41 49.0
67 42 50.0
67 48 51.0
67 49 52.0
67 99 53.0
67 153 54.0
68 144 39.0
68 68 40.0
68 67 41.0
68 66 42.0
68 65 43.0
68 49 44.0
68 50 45.0
68 47 46.0
68 53 47.0
68 40 48.0
68 34 49.0
68 96 50.0
68 149 51.0
69 154 45.0
69 98 46.0
69 50 47.0
69 47 48.0
69 53 49.0
69 40 50.0
69 34 51.0
69 96 52.0
69 149 53.0
70 150 48.0
70 97 49.0
70 35 50.0
70 41 51.0
70 42 52.0
70 48 53.0
70 49 54.0
70 99 55.0
70 153 56.0
72 140 35.0
72 93 36.0
72 92 37.0
72 91 38.0
72 90 39.0
72 89 40.0
72 88 41.0
72 87 42.0
72 41 43.0
72 42 44.0
72 48 45.0
72 49 46.0
72 99 47.0
72 153 48.0
73 142 30.0
73 59 31.0
73 57 32.0
73 55 33.0
73 106 34.0
73 1 35.0
73 121 36.0
73 122 37.0
73 123 38.0
73 124 39.0
73 125 40.0
73 126 41.0
73 127 42.0
73 103 43.0
73 135 44.0
73 137 45.0
75 138 32.0
75 136 33.0
75 105 34.0
75 104 35.0
75 134 36.0
75 133 37.0
75 132 38.0
75 131 39.0
75 130 40.0
75 129 41.0
75 128 42.0
75 9 43.0
75 19 44.0
75 108 45.0
75 145 46.0
76 154 37.0
76 98 38.0
76 50 39.0
76 47 40.0
76 48 41.0
76 61 42.0
76 62 43.0
76 63 44.0
76 54 45.0
76 143 46.0
77 154 35.0
77 98 36.0
77 50 37.0
77 47 38.0
77 48 39.0
77 61 40.0
77 62 41.0
77 63 42.0
77 54 43.0
77 143 44.0
78 138 30.0
78 136 31.0
78 105 32.0
78 104 33.0
78 134 34.0
78 133 35.0
78 132 36.0
78 131 37.0
78 130 38.0
78 129 39.0
78 128 40.0
78 9 41.0
78 19 42.0
78 108 43.0
78 145 44.0
79 140 39.0
79 93 40.0
79 92 41.0
79 91 42.0
79 90 43.0
79 89 44.0
79 88 45.0
79 87 46.0
79 41 47.0
79 42 48.0
79 48 49.0
79 61 50.0
79 62 51.0
79 63 52.0
79 54 53.0
79 143 54.0
80 140 49.0
80 93 50.0
80 92 51.0
80 91 52.0
80 90 53.0
80 89 54.0
80 88 55.0
80 87 56.0
80 41 57.0
80 42 58.0
80 48 59.0
80 49 60.0
80 99 61.0
80 153 62.0
81 140 45.0
81 93 46.0
81 92 47.0
81 91 48.0
81 90 49.0
81 89 50.0
81 88 51.0
81 87 52.0
81 41 53.0
81 42 54.0
81 48 55.0
81 61 56.0
81 62 57.0
81 63 58.0
81 54 59.0
81 143 60.0
84 154 49.0
84 98 50.0
84 50 51.0
84 47 52.0
84 53 53.0
84 40 54.0
84 34 55.0
84 96 56.0
84 149 57.0
85 138 40.0
85 136 41.0
85 105 42.0
85 104 43.0
85 134 44.0
85 133 45.0
85 132 46.0
85 131 47.0
85 130 48.0
85 129 49.0
85 128 50.0
85 9 51.0
85 19 52.0
85 108 53.0
85 145 54.0
93 142 40.0
93 59 41.0
93 57 42.0
93 55 43.0
93 106 44.0
93 1 45.0
93 121 46.0
93 122 47.0
93 123 48.0
93 124 49.0
93 125 50.0
93 126 51.0
93 127 52.0
93 103 53.0
93 135 54.0
93 137 55.0
95 142 49.0
95 59 50.0
95 57 51.0
95 55 52.0
95 106 53.0
95 1 54.0
95 121 55.0
95 122 56.0
95 123 57.0
95 124 58.0
95 125 59.0
95 126 60.0
95 127 61.0
95 103 62.0
95 135 63.0
95 137 64.0
96 146 45.0
96 107 46.0
96 18 47.0
96 8 48.0
96 9 49.0
96 10 50.0
96 21 51.0
96 22 52.0
96 23 53.0
96 24 54.0
96 25 55.0
96 33 56.0
96 69 57.0
96 71 58.0
96 73 59.0
96 75 60.0
96 77 61.0
96 31 62.0
96 32 63.0
96 79 64.0
96 34 65.0
96 96 66.0
96 149 67.0
;
param t_hat_lat:=
20 144 20.0
20 68 21.0
20 67 22.0
20 66 23.0
20 65 24.0
20 49 25.0
20 50 26.0
20 64 27.0
20 51 28.0
20 101 29.0
20 151 30.0
21 144 16.0
21 68 17.0
21 67 18.0
21 66 19.0
21 65 20.0
21 49 21.0
21 50 22.0
21 47 23.0
21 53 24.0
21 40 25.0
21 80 26.0
21 38 27.0
21 36 28.0
21 31 29.0
21 94 30.0
21 147 31.0
23 138 13.0
23 136 14.0
23 105 15.0
23 104 16.0
23 134 17.0
23 133 18.0
23 132 19.0
23 131 20.0
23 130 21.0
23 129 22.0
23 128 23.0
23 9 24.0
23 19 25.0
23 108 26.0
23 145 27.0
24 140 20.0
24 93 21.0
24 92 22.0
24 91 23.0
24 90 24.0
24 89 25.0
24 88 26.0
24 87 27.0
24 41 28.0
24 40 29.0
24 80 30.0
24 38 31.0
24 36 32.0
24 31 33.0
24 94 34.0
24 147 35.0
25 154 18.0
25 98 19.0
25 50 20.0
25 47 21.0
25 53 22.0
25 40 23.0
25 80 24.0
25 38 25.0
25 36 26.0
25 78 27.0
25 76 28.0
25 74 29.0
25 72 30.0
25 70 31.0
25 39 32.0
25 30 33.0
25 29 34.0
25 28 35.0
25 27 36.0
25 26 37.0
25 20 38.0
25 19 39.0
25 108 40.0
25 145 41.0
26 146 14.0
26 107 15.0
26 18 16.0
26 8 17.0
26 9 18.0
26 10 19.0
26 21 20.0
26 22 21.0
26 23 22.0
26 24 23.0
26 25 24.0
26 33 25.0
26 69 26.0
26 71 27.0
26 73 28.0
26 75 29.0
26 77 30.0
26 31 31.0
26 32 32.0
26 38 33.0
26 43 34.0
26 44 35.0
26 51 36.0
26 101 37.0
26 151 38.0
27 152 19.0
27 100 20.0
27 52 21.0
27 45 22.0
27 44 23.0
27 46 24.0
27 47 25.0
27 53 26.0
27 40 27.0
27 34 28.0
27 35 29.0
27 81 30.0
27 82 31.0
27 83 32.0
27 84 33.0
27 85 34.0
27 86 35.0
27 139 36.0
28 144 18.0
28 68 19.0
28 67 20.0
28 66 21.0
28 65 22.0
28 49 23.0
28 50 24.0
28 64 25.0
28 51 26.0
28 101 27.0
28 151 28.0
29 148 16.0
29 95 17.0
29 32 18.0
29 79 19.0
29 34 20.0
29 35 21.0
29 81 22.0
29 82 23.0
29 83 24.0
29 84 25.0
29 85 26.0
29 86 27.0
29 139 28.0
30 150 29.0
30 97 30.0
30 35 31.0
30 41 32.0
30 40 33.0
30 80 34.0
30 38 35.0
30 43 36.0
30 44 37.0
30 51 38.0
30 101 39.0
30 151 40.0
32 138 15.0
32 136 16.0
32 105 17.0
32 104 18.0
32 102 19.0
32 114 20.0
32 113 21.0
32 112 22.0
32 111 23.0
32 110 24.0
32 109 25.0
32 2 26.0
32 11 27.0
32 56 28.0
32 58 29.0
32 60 30.0
32 141 31.0
33 150 37.0
33 97 38.0
33 35 39.0
33 41 40.0
33 40 41.0
33 80 42.0
33 38 43.0
33 36 44.0
33 78 45.0
33 76 46.0
33 74 47.0
33 72 48.0
33 70 49.0
33 39 50.0
33 30 51.0
33 29 52.0
33 28 53.0
33 27 54.0
33 26 55.0
33 20 56.0
33 19 57.0
33 108 58.0
33 145 59.0
34 148 20.0
34 95 21.0
34 32 22.0
34 38 23.0
34 43 24.0
34 44 25.0
34 46 26.0
34 47 27.0
34 48 28.0
34 49 29.0
34 99 30.0
34 153 31.0
36 146 18.0
36 107 19.0
36 18 20.0
36 8 21.0
36 9 22.0
36 10 23.0
36 21 24.0
36 22 25.0
36 23 26.0
36 24 27.0
36 25 28.0
36 33 29.0
36 69 30.0
36 71 31.0
36 73 32.0
36 75 33.0
36 77 34.0
36 31 35.0
36 32 36.0
36 79 37.0
36 34 38.0
36 96 39.0
36 149 40.0
38 152 13.0
38 100 14.0
38 52 15.0
38 45 16.0
38 44 17.0
38 46 18.0
38 47 19.0
38 53 20.0
38 40 21.0
38 34 22.0
38 35 23.0
38 81 24.0
38 82 25.0
38 83 26.0
38 84 27.0
38 85 28.0
38 86 29.0
38 139 30.0
39 142 20.0
39 59 21.0
39 57 22.0
39 55 23.0
39 106 24.0
39 1 25.0
39 121 26.0
39 122 27.0
39 123 28.0
39 124 29.0
39 125 30.0
39 126 31.0
39 127 32.0
39 103 33.0
39 135 34.0
39 137 35.0
40 138 25.0
40 136 26.0
40 105 27.0
40 104 28.0
40 134 29.0
40 133 30.0
40 132 31.0
40 131 32.0
40 130 33.0
40 129 34.0
40 128 35.0
40 9 36.0
40 19 37.0
40 108 38.0
40 145 39.0
41 140 28.0
41 93 29.0
41 92 30.0
41 91 31.0
41 90 32.0
41 89 33.0
41 88 34.0
41 87 35.0
41 41 36.0
41 42 37.0
41 48 38.0
41 49 39.0
41 99 40.0
41 153 41.0
42 148 48.0
42 95 49.0
42 32 50.0
42 38 51.0
42 43 52.0
42 44 53.0
42 51 54.0
42 101 55.0
42 151 56.0
43 138 27.0
43 136 28.0
43 105 29.0
43 104 30.0
43 102 31.0
43 114 32.0
43 113 33.0
43 112 34.0
43 111 35.0
43 110 36.0
43 109 37.0
43 2 38.0
43 11 39.0
43 56 40.0
43 58 41.0
43 60 42.0
43 141 43.0
44 152 31.0
44 100 32.0
44 52 33.0
44 45 34.0
44 37 35.0
44 36 36.0
44 31 37.0
44 94 38.0
44 147 39.0
45 140 30.0
45 93 31.0
45 92 32.0
45 91 33.0
45 90 34.0
45 89 35.0
45 88 36.0
45 87 37.0
45 41 38.0
45 40 39.0
45 34 40.0
45 96 41.0
45 149 42.0
46 142 22.0
46 59 23.0
46 57 24.0
46 55 25.0
46 106 26.0
46 1 27.0
46 121 28.0
46 122 29.0
46 123 30.0
46 124 31.0
46 125 32.0
46 126 33.0
46 127 34.0
46 103 35.0
46 135 36.0
46 137 37.0
47 142 24.0
47 59 25.0
47 57 26.0
47 55 27.0
47 106 28.0
47 1 29.0
47 121 30.0
47 122 31.0
47 123 32.0
47 124 33.0
47 125 34.0
47 126 35.0
47 127 36.0
47 103 37.0
47 135 38.0
47 137 39.0
48 142 27.1
48 59 27.0
48 57 28.0
48 55 29.0
48 106 30.0
48 1 31.0
48 121 32.0
48 122 33.0
48 123 34.0
48 124 35.0
48 125 36.0
48 126 37.0
48 127 38.0
48 103 39.0
48 135 40.0
48 137 41.0
49 152 23.0
49 100 24.0
49 52 25.0
49 45 26.0
49 44 27.0
49 46 28.0
49 47 29.0
49 53 30.0
49 40 31.0
49 34 32.0
49 35 33.0
49 81 34.0
49 82 35.0
49 83 36.0
49 84 37.0
49 85 38.0
49 86 39.0
49 139 40.0
50 140 26.0
50 93 27.0
50 92 28.0
50 91 29.0
50 90 30.0
50 89 31.0
50 88 32.0
50 87 33.0
50 41 34.0
50 40 35.0
50 34 36.0
50 96 37.0
50 149 38.0
51 146 30.0
51 107 31.0
51 18 32.0
51 8 33.0
51 117 34.0
51 118 35.0
51 119 36.0
51 120 37.0
51 116 38.0
51 115 39.0
51 102 40.0
51 103 41.0
51 135 42.0
51 137 43.0
52 146 21.0
52 107 22.0
52 18 23.0
52 17 24.0
52 16 25.0
52 15 26.0
52 14 27.0
52 13 28.0
52 12 29.0
52 11 30.0
52 56 31.0
52 58 32.0
52 60 33.0
52 141 34.0
53 148 27.1
53 95 27.0
53 32 28.0
53 38 29.0
53 43 30.0
53 44 31.0
53 46 32.0
53 47 33.0
53 48 34.0
53 61 35.0
53 62 36.0
53 63 37.0
53 54 38.0
53 143 39.0
54 138 21.0
54 136 22.0
54 105 23.0
54 104 24.0
54 134 25.0
54 133 26.0
54 132 27.0
54 131 28.0
54 130 29.0
54 129 30.0
54 128 31.0
54 9 32.0
54 19 33.0
54 108 34.0
54 145 35.0
55 138 23.0
55 136 24.0
55 105 25.0
55 104 26.0
55 102 27.0
55 114 28.0
55 113 29.0
55 112 30.0
55 111 31.0
55 110 32.0
55 109 33.0
55 2 34.0
55 11 35.0
55 56 36.0
55 58 37.0
55 60 38.0
55 141 39.0
56 150 39.0
56 97 40.0
56 35 41.0
56 41 42.0
56 40 43.0
56 80 44.0
56 38 45.0
56 43 46.0
56 44 47.0
56 51 48.0
56 101 49.0
56 151 50.0
57 148 38.0
57 95 39.0
57 32 40.0
57 38 41.0
57 43 42.0
57 44 43.0
57 51 44.0
57 101 45.0
57 151 46.0
58 144 28.0
58 68 29.0
58 67 30.0
58 66 31.0
58 65 32.0
58 49 33.0
58 50 34.0
58 47 35.0
58 53 36.0
58 40 37.0
58 80 38.0
58 38 39.0
58 36 40.0
58 31 41.0
58 94 42.0
58 147 43.0
59 154 40.0
59 98 41.0
59 50 42.0
59 47 43.0
59 53 44.0
59 40 45.0
59 80 46.0
59 38 47.0
59 36 48.0
59 78 49.0
59 76 50.0
59 74 51.0
59 72 52.0
59 70 53.0
59 39 54.0
59 30 55.0
59 29 56.0
59 28 57.0
59 27 58.0
59 26 59.0
59 20 60.0
59 19 61.0
59 108 62.0
59 145 63.0
60 140 38.0
60 93 39.0
60 92 40.0
60 91 41.0
60 90 42.0
60 89 43.0
60 88 44.0
60 87 45.0
60 41 46.0
60 40 47.0
60 80 48.0
60 38 49.0
60 43 50.0
60 44 51.0
60 51 52.0
60 101 53.0
60 151 54.0
61 144 31.0
61 68 32.0
61 67 33.0
61 66 34.0
61 65 35.0
61 49 36.0
61 99 37.0
61 153 38.0
62 148 50.0
62 95 51.0
62 32 52.0
62 38 53.0
62 43 54.0
62 44 55.0
62 46 56.0
62 47 57.0
62 48 58.0
62 61 59.0
62 62 60.0
62 63 61.0
62 54 62.0
62 143 63.0
63 152 45.0
63 100 46.0
63 52 47.0
63 45 48.0
63 44 49.0
63 46 50.0
63 47 51.0
63 53 52.0
63 40 53.0
63 34 54.0
63 96 55.0
63 149 56.0
64 144 38.0
64 68 39.0
64 67 40.0
64 66 41.0
64 65 42.0
64 49 43.0
64 50 44.0
64 64 45.0
64 51 46.0
64 101 47.0
64 151 48.0
65 140 48.0
65 93 49.0
65 92 50.0
65 91 51.0
65 90 52.0
65 89 53.0
65 88 54.0
65 87 55.0
65 41 56.0
65 40 57.0
65 80 58.0
65 38 59.0
65 43 60.0
65 44 61.0
65 51 62.0
65 101 63.0
65 151 64.0
67 150 47.0
67 97 48.0
67 35 49.0
67 41 50.0
67 42 51.0
67 48 52.0
67 49 53.0
67 99 54.0
67 153 55.0
68 144 40.0
68 68 41.0
68 67 42.0
68 66 43.0
68 65 44.0
68 49 45.0
68 50 46.0
68 47 47.0
68 53 48.0
68 40 49.0
68 34 50.0
68 96 51.0
68 149 52.0
69 154 46.0
69 98 47.0
69 50 48.0
69 47 49.0
69 53 50.0
69 40 51.0
69 34 52.0
69 96 53.0
69 149 54.0
70 150 49.0
70 97 50.0
70 35 51.0
70 41 52.0
70 42 53.0
70 48 54.0
70 49 55.0
70 99 56.0
70 153 57.0
72 140 36.0
72 93 37.0
72 92 38.0
72 91 39.0
72 90 40.0
72 89 41.0
72 88 42.0
72 87 43.0
72 41 44.0
72 42 45.0
72 48 46.0
72 49 47.0
72 99 48.0
72 153 49.0
73 142 31.0
73 59 32.0
73 57 33.0
73 55 34.0
73 106 35.0
73 1 36.0
73 121 37.0
73 122 38.0
73 123 39.0
73 124 40.0
73 125 41.0
73 126 42.0
73 127 43.0
73 103 44.0
73 135 45.0
73 137 46.0
75 138 33.0
75 136 34.0
75 105 35.0
75 104 36.0
75 134 37.0
75 133 38.0
75 132 39.0
75 131 40.0
75 130 41.0
75 129 42.0
75 128 43.0
75 9 44.0
75 19 45.0
75 108 46.0
75 145 47.0
76 154 38.0
76 98 39.0
76 50 40.0
76 47 41.0
76 48 42.0
76 61 43.0
76 62 44.0
76 63 45.0
76 54 46.0
76 143 47.0
77 154 36.0
77 98 37.0
77 50 38.0
77 47 39.0
77 48 40.0
77 61 41.0
77 62 42.0
77 63 43.0
77 54 44.0
77 143 45.0
78 138 31.0
78 136 32.0
78 105 33.0
78 104 34.0
78 134 35.0
78 133 36.0
78 132 37.0
78 131 38.0
78 130 39.0
78 129 40.0
78 128 41.0
78 9 42.0
78 19 43.0
78 108 44.0
78 145 45.0
79 140 40.0
79 93 41.0
79 92 42.0
79 91 43.0
79 90 44.0
79 89 45.0
79 88 46.0
79 87 47.0
79 41 48.0
79 42 49.0
79 48 50.0
79 61 51.0
79 62 52.0
79 63 53.0
79 54 54.0
79 143 55.0
80 140 50.0
80 93 51.0
80 92 52.0
80 91 53.0
80 90 54.0
80 89 55.0
80 88 56.0
80 87 57.0
80 41 58.0
80 42 59.0
80 48 60.0
80 49 61.0
80 99 62.0
80 153 63.0
81 140 46.0
81 93 47.0
81 92 48.0
81 91 49.0
81 90 50.0
81 89 51.0
81 88 52.0
81 87 53.0
81 41 54.0
81 42 55.0
81 48 56.0
81 61 57.0
81 62 58.0
81 63 59.0
81 54 60.0
81 143 61.0
84 154 50.0
84 98 51.0
84 50 52.0
84 47 53.0
84 53 54.0
84 40 55.0
84 34 56.0
84 96 57.0
84 149 58.0
85 138 41.0
85 136 42.0
85 105 43.0
85 104 44.0
85 134 45.0
85 133 46.0
85 132 47.0
85 131 48.0
85 130 49.0
85 129 50.0
85 128 51.0
85 9 52.0
85 19 53.0
85 108 54.0
85 145 55.0
93 142 41.0
93 59 42.0
93 57 43.0
93 55 44.0
93 106 45.0
93 1 46.0
93 121 47.0
93 122 48.0
93 123 49.0
93 124 50.0
93 125 51.0
93 126 52.0
93 127 53.0
93 103 54.0
93 135 55.0
93 137 56.0
95 142 50.0
95 59 51.0
95 57 52.0
95 55 53.0
95 106 54.0
95 1 55.0
95 121 56.0
95 122 57.0
95 123 58.0
95 124 59.0
95 125 60.0
95 126 61.0
95 127 62.0
95 103 63.0
95 135 64.0
95 137 65.0
96 146 46.0
96 107 47.0
96 18 48.0
96 8 49.0
96 9 50.0
96 10 51.0
96 21 52.0
96 22 53.0
96 23 54.0
96 24 55.0
96 25 56.0
96 33 57.0
96 69 58.0
96 71 59.0
96 73 60.0
96 75 61.0
96 77 62.0
96 31 63.0
96 32 64.0
96 79 65.0
96 34 66.0
96 96 67.0
96 149 68.0
;
set fixedFlights :=
20 49 50
20 66 65
20 67 66
20 68 67
20 144 68
20 64 51
20 65 49
20 50 64
20 101 151
20 51 101
21 36 31
21 49 50
21 50 47
21 47 53
21 53 40
21 66 65
21 67 66
21 68 67
21 144 68
21 65 49
21 40 80
21 80 38
21 38 36
21 94 147
21 31 94
23 108 145
23 9 19
23 19 108
23 105 104
23 104 134
23 134 133
23 133 132
23 132 131
23 131 130
23 130 129
23 129 128
23 128 9
23 138 136
23 136 105
24 36 31
24 41 40
24 40 80
24 80 38
24 38 36
24 94 147
24 31 94
24 93 92
24 92 91
24 91 90
24 90 89
24 89 88
24 88 87
24 87 41
24 140 93
25 20 19
25 26 20
25 27 26
25 28 27
25 29 28
25 30 29
25 50 47
25 47 53
25 53 40
25 40 80
25 80 38
25 38 36
25 36 78
25 78 76
25 76 74
25 74 72
25 72 70
25 70 39
25 39 30
25 154 98
25 98 50
25 108 145
25 19 108
26 9 10
26 8 9
26 10 21
26 21 22
26 22 23
26 23 24
26 24 25
26 32 38
26 38 43
26 43 44
26 31 32
26 44 51
26 25 33
26 33 69
26 69 71
26 71 73
26 73 75
26 75 77
26 77 31
26 101 151
26 51 101
26 146 107
26 107 18
26 18 8
27 34 35
27 45 44
27 44 46
27 46 47
27 52 45
27 47 53
27 53 40
27 40 34
27 152 100
27 100 52
27 35 81
27 81 82
27 82 83
27 83 84
27 84 85
27 85 86
27 86 139
28 49 50
28 66 65
28 67 66
28 68 67
28 144 68
28 64 51
28 65 49
28 50 64
28 101 151
28 51 101
29 34 35
29 32 79
29 79 34
29 148 95
29 95 32
29 35 81
29 81 82
29 82 83
29 83 84
29 84 85
29 85 86
29 86 139
30 35 41
30 41 42
30 42 48
30 49 50
30 48 49
30 64 51
30 50 64
30 101 151
30 150 97
30 97 35
30 51 101
32 56 58
32 58 60
32 60 141
32 11 56
32 2 11
32 109 2
32 110 109
32 104 102
32 102 114
32 105 104
32 114 113
32 113 112
32 112 111
32 111 110
32 138 136
32 136 105
33 20 19
33 26 20
33 27 26
33 28 27
33 29 28
33 30 29
33 41 40
33 35 41
33 40 80
33 80 38
33 38 36
33 36 78
33 78 76
33 76 74
33 74 72
33 72 70
33 70 39
33 39 30
33 150 97
33 97 35
33 108 145
33 19 108
34 32 38
34 38 43
34 43 44
34 44 46
34 46 47
34 47 48
34 48 49
34 148 95
34 99 153
34 95 32
34 49 99
36 9 10
36 8 9
36 10 21
36 21 22
36 22 23
36 23 24
36 24 25
36 31 32
36 25 33
36 33 69
36 69 71
36 71 73
36 73 75
36 75 77
36 77 31
36 32 79
36 79 34
36 96 149
36 34 96
36 146 107
36 107 18
36 18 8
38 34 35
38 45 44
38 44 46
38 46 47
38 52 45
38 47 53
38 53 40
38 40 34
38 152 100
38 100 52
38 35 81
38 81 82
38 82 83
38 83 84
38 84 85
38 85 86
38 86 139
39 57 55
39 59 57
39 142 59
39 55 106
39 106 1
39 1 121
39 121 122
39 122 123
39 123 124
39 124 125
39 125 126
39 126 127
39 127 103
39 103 135
39 135 137
40 108 145
40 9 19
40 19 108
40 105 104
40 104 134
40 134 133
40 133 132
40 132 131
40 131 130
40 130 129
40 129 128
40 128 9
40 138 136
40 136 105
41 41 42
41 42 48
41 48 49
41 99 153
41 49 99
41 93 92
41 92 91
41 91 90
41 90 89
41 89 88
41 88 87
41 87 41
41 140 93
42 32 38
42 38 43
42 43 44
42 44 51
42 148 95
42 101 151
42 95 32
42 51 101
43 56 58
43 58 60
43 60 141
43 11 56
43 2 11
43 109 2
43 110 109
43 104 102
43 102 114
43 105 104
43 114 113
43 113 112
43 112 111
43 111 110
43 138 136
43 136 105
44 36 31
44 37 36
44 45 37
44 52 45
44 94 147
44 152 100
44 31 94
44 100 52
45 41 40
45 40 34
45 96 149
45 34 96
45 93 92
45 92 91
45 91 90
45 90 89
45 89 88
45 88 87
45 87 41
45 140 93
46 57 55
46 59 57
46 142 59
46 55 106
46 106 1
46 1 121
46 121 122
46 122 123
46 123 124
46 124 125
46 125 126
46 126 127
46 127 103
46 103 135
46 135 137
47 57 55
47 59 57
47 142 59
47 55 106
47 106 1
47 1 121
47 121 122
47 122 123
47 123 124
47 124 125
47 125 126
47 126 127
47 127 103
47 103 135
47 135 137
49 34 35
49 45 44
49 44 46
49 46 47
49 52 45
49 47 53
49 53 40
49 40 34
49 152 100
49 100 52
49 35 81
49 81 82
49 82 83
49 83 84
49 84 85
49 85 86
49 86 139
50 41 40
50 40 34
50 96 149
50 34 96
50 93 92
50 92 91
50 91 90
50 90 89
50 89 88
50 88 87
50 87 41
50 140 93
51 146 107
51 107 18
51 18 8
51 115 102
51 102 103
51 116 115
51 8 117
51 117 118
51 118 119
51 119 120
51 120 116
51 103 135
51 135 137
52 12 11
52 13 12
52 14 13
52 15 14
52 16 15
52 17 16
52 18 17
52 56 58
52 58 60
52 60 141
52 146 107
52 11 56
52 107 18
54 108 145
54 9 19
54 19 108
54 105 104
54 104 134
54 134 133
54 133 132
54 132 131
54 131 130
54 130 129
54 129 128
54 128 9
54 138 136
54 136 105
55 56 58
55 58 60
55 60 141
55 11 56
55 2 11
55 109 2
55 110 109
55 104 102
55 102 114
55 105 104
55 114 113
55 113 112
55 112 111
55 111 110
55 138 136
55 136 105
56 35 41
56 41 42
56 42 48
56 49 50
56 48 49
56 64 51
56 50 64
56 101 151
56 150 97
56 97 35
56 51 101
57 32 38
57 38 43
57 43 44
57 44 51
57 148 95
57 101 151
57 95 32
57 51 101
58 36 31
58 49 50
58 50 47
58 47 53
58 53 40
58 66 65
58 67 66
58 68 67
58 144 68
58 65 49
58 40 80
58 80 38
58 38 36
58 94 147
58 31 94
59 20 19
59 26 20
59 27 26
59 28 27
59 29 28
59 30 29
59 50 47
59 47 53
59 53 40
59 40 80
59 80 38
59 38 36
59 36 78
59 78 76
59 76 74
59 74 72
59 72 70
59 70 39
59 39 30
59 154 98
59 98 50
59 108 145
59 19 108
60 41 42
60 42 48
60 49 50
60 48 49
60 64 51
60 50 64
60 101 151
60 51 101
60 93 92
60 92 91
60 91 90
60 90 89
60 89 88
60 88 87
60 87 41
60 140 93
61 66 65
61 67 66
61 68 67
61 144 68
61 65 49
61 99 153
61 49 99
62 32 38
62 38 43
62 43 44
62 44 46
62 46 47
62 47 48
62 54 143
62 48 61
62 61 62
62 62 63
62 63 54
62 148 95
62 95 32
63 45 44
63 44 46
63 46 47
63 52 45
63 47 53
63 53 40
63 40 34
63 152 100
63 96 149
63 34 96
63 100 52
64 49 50
64 66 65
64 67 66
64 68 67
64 144 68
64 64 51
64 65 49
64 50 64
64 101 151
64 51 101
65 41 40
65 38 43
65 43 44
65 44 51
65 40 80
65 80 38
65 101 151
65 51 101
65 93 92
65 92 91
65 91 90
65 90 89
65 89 88
65 88 87
65 87 41
65 140 93
67 35 41
67 41 42
67 42 48
67 48 49
67 99 153
67 150 97
67 97 35
67 49 99
68 49 50
68 50 47
68 47 53
68 53 40
68 40 34
68 66 65
68 67 66
68 68 67
68 144 68
68 65 49
68 96 149
68 34 96
69 50 47
69 47 53
69 53 40
69 40 34
69 154 98
69 96 149
69 34 96
69 98 50
70 35 41
70 41 42
70 42 48
70 48 49
70 99 153
70 150 97
70 97 35
70 49 99
72 41 42
72 42 48
72 48 49
72 99 153
72 49 99
72 93 92
72 92 91
72 91 90
72 90 89
72 89 88
72 88 87
72 87 41
72 140 93
73 57 55
73 59 57
73 142 59
73 55 106
73 106 1
73 1 121
73 121 122
73 122 123
73 123 124
73 124 125
73 125 126
73 126 127
73 127 103
73 103 135
73 135 137
75 108 145
75 9 19
75 19 108
75 105 104
75 104 134
75 134 133
75 133 132
75 132 131
75 131 130
75 130 129
75 129 128
75 128 9
75 138 136
75 136 105
76 47 48
76 50 47
76 54 143
76 48 61
76 61 62
76 62 63
76 63 54
76 154 98
76 98 50
77 47 48
77 50 47
77 54 143
77 48 61
77 61 62
77 62 63
77 63 54
77 154 98
77 98 50
78 108 145
78 9 19
78 19 108
78 105 104
78 104 134
78 134 133
78 133 132
78 132 131
78 131 130
78 130 129
78 129 128
78 128 9
78 138 136
78 136 105
79 41 42
79 42 48
79 54 143
79 48 61
79 61 62
79 62 63
79 63 54
79 93 92
79 92 91
79 91 90
79 90 89
79 89 88
79 88 87
79 87 41
79 140 93
80 41 42
80 42 48
80 48 49
80 99 153
80 49 99
80 93 92
80 92 91
80 91 90
80 90 89
80 89 88
80 88 87
80 87 41
80 140 93
81 41 42
81 42 48
81 54 143
81 48 61
81 61 62
81 62 63
81 63 54
81 93 92
81 92 91
81 91 90
81 90 89
81 89 88
81 88 87
81 87 41
81 140 93
84 50 47
84 47 53
84 53 40
84 40 34
84 154 98
84 96 149
84 34 96
84 98 50
85 108 145
85 9 19
85 19 108
85 105 104
85 104 134
85 134 133
85 133 132
85 132 131
85 131 130
85 130 129
85 129 128
85 128 9
85 138 136
85 136 105
93 57 55
93 59 57
93 142 59
93 55 106
93 106 1
93 1 121
93 121 122
93 122 123
93 123 124
93 124 125
93 125 126
93 126 127
93 127 103
93 103 135
93 135 137
95 57 55
95 59 57
95 142 59
95 55 106
95 106 1
95 1 121
95 121 122
95 122 123
95 123 124
95 124 125
95 125 126
95 126 127
95 127 103
95 103 135
95 135 137
96 9 10
96 8 9
96 10 21
96 21 22
96 22 23
96 23 24
96 24 25
96 31 32
96 25 33
96 33 69
96 69 71
96 71 73
96 73 75
96 75 77
96 77 31
96 32 79
96 79 34
96 96 149
96 34 96
96 146 107
96 107 18
96 18 8
;
;
set inFlight:=
20
21
23
24
25
26
27
28
29
32
34
36
38
39
40
43
46
47
49
50
52
54
55
;
param tini := 26.1;
