param nn:= 155;
set F:=
0
3
4
7
10
14
15
17
19
20
21
22
23
24
25
26
27
28
29
31
33
34
35
36
37
38
39
40
41
42
43
44
45
46
47
48
49
50
51
52
53
54
55
56
57
58
59
60
61
63
64
65
66
67
68
69
70
71
72
73
74
75
76
77
79
80
81
82
83
84
86
87
89
90
92
93
96
97
99
;
param: E: d:=
2 3 2.500000
3 4 2.500000
4 5 2.500000
5 6 2.500000
6 7 2.500000
7 0 2.500000
0 8 2.500000
9 10 2.500000
8 9 2.500000
12 11 2.500000
13 12 2.500000
14 13 2.500000
15 14 2.500000
16 15 2.500000
17 16 2.500000
18 17 2.500000
19 18 2.500000
20 19 2.500000
10 21 2.500000
21 22 2.500000
22 23 2.500000
23 24 2.500000
24 25 2.500000
26 20 2.500000
27 26 2.500000
28 27 2.500000
29 28 2.500000
30 29 2.500000
34 35 2.500000
36 31 2.500000
37 36 2.500000
41 40 2.500000
35 41 2.500000
41 42 2.500000
32 38 2.500000
38 43 2.500000
43 44 2.500000
45 37 2.500000
31 32 2.500000
45 44 2.500000
44 46 2.500000
46 47 2.500000
47 48 2.500000
42 48 2.500000
49 50 2.500000
51 52 2.500000
52 45 2.500000
44 51 2.500000
48 49 2.500000
50 47 2.500000
47 53 2.500000
53 40 2.500000
40 34 2.500000
54 143 1.500000
57 55 2.500000
56 58 2.500000
59 57 2.500000
58 60 2.500000
60 141 1.500000
142 59 1.500000
48 61 2.500000
61 62 2.500000
62 63 2.500000
66 65 2.500000
67 66 2.500000
68 67 2.500000
144 68 1.500000
2 1 2.500000
64 51 2.500000
63 54 2.500000
65 49 2.500000
50 64 2.500000
25 33 2.500000
33 69 2.500000
69 71 2.500000
71 73 2.500000
73 75 2.500000
75 77 2.500000
77 31 2.500000
40 80 2.500000
80 38 2.500000
38 36 2.500000
36 78 2.500000
78 76 2.500000
76 74 2.500000
74 72 2.500000
72 70 2.500000
70 39 2.500000
39 30 2.500000
32 79 2.500000
79 34 2.500000
148 95 1.500000
94 147 1.500000
152 100 1.500000
101 151 1.500000
154 98 1.500000
99 153 1.500000
96 149 1.500000
150 97 1.500000
97 35 2.500000
95 32 2.500000
31 94 2.500000
34 96 2.500000
51 101 2.500000
100 52 2.500000
98 50 2.500000
49 99 2.500000
35 81 2.500000
81 82 2.500000
82 83 2.500000
83 84 2.500000
84 85 2.500000
85 86 2.500000
93 92 2.500000
92 91 2.500000
91 90 2.500000
90 89 2.500000
89 88 2.500000
88 87 2.500000
87 41 2.500000
86 139 1.500000
140 93 1.500000
108 145 1.500000
146 107 1.500000
11 56 2.500000
2 11 2.500000
107 18 2.500000
18 8 2.500000
9 19 2.500000
19 108 2.500000
55 106 2.500000
106 1 2.500000
1 121 2.500000
121 122 2.500000
109 2 2.500000
110 109 2.500000
104 102 2.500000
102 114 2.500000
115 102 2.500000
102 103 2.500000
105 104 2.500000
104 134 2.500000
134 133 2.500000
103 105 2.500000
116 115 2.500000
8 117 2.500000
117 118 2.500000
118 119 2.500000
119 120 2.500000
120 116 2.500000
133 132 2.500000
132 131 2.500000
131 130 2.500000
130 129 2.500000
129 128 2.500000
128 9 2.500000
122 123 2.500000
123 124 2.500000
124 125 2.500000
125 126 2.500000
126 127 2.500000
127 103 2.500000
114 113 2.500000
113 112 2.500000
112 111 2.500000
111 110 2.500000
103 135 2.500000
135 137 1.500000
138 136 1.500000
136 105 2.500000
;
param s:=
0 146
3 144
4 140
7 142
10 140
14 140
15 152
17 150
19 148
20 148
21 140
22 150
23 138
24 144
25 150
26 144
27 140
28 152
29 146
31 146
33 142
34 144
35 154
36 140
37 154
38 142
39 140
40 146
41 148
42 142
43 154
44 148
45 140
46 142
47 148
48 152
49 144
50 140
51 144
52 146
53 140
54 138
55 154
56 154
57 152
58 138
59 154
60 146
61 152
63 138
64 148
65 146
66 140
67 142
68 146
69 142
70 142
71 140
72 140
73 148
74 140
75 144
76 150
77 146
79 154
80 140
81 146
82 142
83 142
84 138
86 138
87 144
89 152
90 146
92 146
93 140
96 140
97 150
99 140
;
param e:=
0 151
3 149
4 151
7 137
10 153
14 151
15 143
17 151
19 153
20 145
21 147
22 147
23 141
24 139
25 153
26 149
27 153
28 143
29 151
31 149
33 137
34 147
35 143
36 149
37 143
38 137
39 147
40 141
41 151
42 137
43 145
44 151
45 149
46 137
47 151
48 145
49 153
50 151
51 151
52 141
53 151
54 145
55 149
56 145
57 147
58 141
59 139
60 151
61 149
63 145
64 139
65 147
66 153
67 137
68 141
69 137
70 137
71 149
72 143
73 153
74 153
75 151
76 143
77 141
79 147
80 147
81 141
82 137
83 137
84 141
86 141
87 153
89 145
90 137
92 141
93 149
96 147
97 143
99 143
;
param v_min:=2.375
;
param v_max:=2.625
;
param :conflictsNodes: angle:=
0 7 8 1.000000
0 8 7 1.000000
1 2 121 1.154701
1 121 2 1.154701
1 2 106 1.000000
1 106 2 1.000000
1 106 121 1.000000
1 121 106 1.000000
2 3 11 1.000000
2 11 3 1.000000
2 3 109 1.154701
2 109 3 1.154701
2 1 3 1.000000
2 3 1 1.000000
2 1 11 1.000000
2 11 1 1.000000
2 1 109 1.000000
2 109 1 1.000000
2 11 109 1.000000
2 109 11 1.000000
3 2 4 1.000000
3 4 2 1.000000
4 3 5 1.000000
4 5 3 1.000000
5 4 6 1.000000
5 6 4 1.000000
6 5 7 1.000000
6 7 5 1.000000
7 0 6 1.000000
7 6 0 1.000000
8 0 9 1.000000
8 9 0 1.000000
8 0 117 1.154701
8 117 0 1.154701
8 0 18 1.000000
8 18 0 1.000000
8 9 117 1.000000
8 117 9 1.000000
8 9 18 1.000000
8 18 9 1.000000
8 18 117 1.000000
8 117 18 1.000000
9 8 10 1.000000
9 10 8 1.000000
9 8 19 1.000000
9 19 8 1.000000
9 8 128 1.154701
9 128 8 1.154701
9 10 19 1.000000
9 19 10 1.000000
9 10 128 1.000000
9 128 10 1.000000
9 19 128 1.000000
9 128 19 1.000000
10 9 21 1.000000
10 21 9 1.000000
11 2 12 1.000000
11 12 2 1.000000
11 2 56 1.000000
11 56 2 1.000000
11 12 56 1.000000
11 56 12 1.000000
12 11 13 1.000000
12 13 11 1.000000
13 12 14 1.000000
13 14 12 1.000000
14 13 15 1.000000
14 15 13 1.000000
15 14 16 1.000000
15 16 14 1.000000
16 15 17 1.000000
16 17 15 1.000000
17 16 18 1.000000
17 18 16 1.000000
18 17 19 1.000000
18 19 17 1.000000
18 17 107 1.000000
18 107 17 1.000000
18 8 17 1.000000
18 17 8 1.000000
18 8 19 1.000000
18 19 8 1.000000
18 8 107 1.000000
18 107 8 1.000000
18 19 107 1.000000
18 107 19 1.000000
19 9 18 1.000000
19 18 9 1.000000
19 9 108 1.000000
19 108 9 1.000000
19 9 20 1.000000
19 20 9 1.000000
19 18 108 1.000000
19 108 18 1.000000
19 18 20 1.000000
19 20 18 1.000000
19 20 108 1.000000
19 108 20 1.000000
20 19 26 1.000000
20 26 19 1.000000
21 10 22 1.000000
21 22 10 1.000000
22 21 23 1.000000
22 23 21 1.000000
23 22 24 1.000000
23 24 22 1.000000
24 23 25 1.000000
24 25 23 1.000000
25 24 33 1.000000
25 33 24 1.000000
26 20 27 1.000000
26 27 20 1.000000
27 26 28 1.000000
27 28 26 1.000000
28 27 29 1.000000
28 29 27 1.000000
29 28 30 1.000000
29 30 28 1.000000
30 29 39 1.000000
30 39 29 1.000000
31 36 94 1.000000
31 94 36 1.000000
31 36 77 1.000000
31 77 36 1.000000
31 32 36 1.000000
31 36 32 1.000000
31 32 94 1.000000
31 94 32 1.000000
31 32 77 1.000000
31 77 32 1.000000
31 77 94 1.000000
31 94 77 1.000000
32 31 38 1.000000
32 38 31 1.000000
32 31 79 1.000000
32 79 31 1.000000
32 31 95 1.000000
32 95 31 1.000000
32 38 79 1.000000
32 79 38 1.000000
32 38 95 1.000000
32 95 38 1.000000
32 79 95 1.000000
32 95 79 1.000000
33 25 69 1.000000
33 69 25 1.000000
34 35 96 1.000000
34 96 35 1.000000
34 35 40 1.000000
34 40 35 1.000000
34 35 79 1.000000
34 79 35 1.000000
34 40 96 1.000000
34 96 40 1.000000
34 40 79 1.000000
34 79 40 1.000000
34 79 96 1.000000
34 96 79 1.000000
35 34 41 1.000000
35 41 34 1.000000
35 34 81 1.000000
35 81 34 1.000000
35 34 97 1.000000
35 97 34 1.000000
35 41 81 1.000000
35 81 41 1.000000
35 41 97 1.000000
35 97 41 1.000000
35 81 97 1.189773
35 97 81 1.189773
36 31 78 1.000000
36 78 31 1.000000
36 31 37 1.000000
36 37 31 1.000000
36 31 38 1.000000
36 38 31 1.000000
36 37 78 1.000000
36 78 37 1.000000
36 37 38 1.000000
36 38 37 1.000000
36 38 78 1.000000
36 78 38 1.000000
37 36 45 1.000000
37 45 36 1.000000
38 32 43 1.000000
38 43 32 1.000000
38 32 36 1.000000
38 36 32 1.000000
38 32 80 1.000000
38 80 32 1.000000
38 43 80 1.000000
38 80 43 1.000000
38 36 43 1.000000
38 43 36 1.000000
38 36 80 1.000000
38 80 36 1.000000
39 30 70 1.000000
39 70 30 1.000000
40 41 80 1.000000
40 80 41 1.000000
40 41 53 1.000000
40 53 41 1.000000
40 34 41 1.000000
40 41 34 1.000000
40 34 80 1.000000
40 80 34 1.000000
40 34 53 1.000000
40 53 34 1.000000
40 53 80 1.000000
40 80 53 1.000000
41 35 40 1.000000
41 40 35 1.000000
41 35 42 1.000000
41 42 35 1.000000
41 35 87 1.189773
41 87 35 1.189773
41 40 42 1.000000
41 42 40 1.000000
41 40 87 1.000000
41 87 40 1.000000
41 42 87 1.000000
41 87 42 1.000000
42 41 48 1.000000
42 48 41 1.000000
43 38 44 1.000000
43 44 38 1.000000
44 43 46 1.000000
44 46 43 1.000000
44 43 51 1.000000
44 51 43 1.000000
44 43 45 1.000000
44 45 43 1.000000
44 46 51 1.000000
44 51 46 1.000000
44 45 46 1.000000
44 46 45 1.000000
44 45 51 1.000000
44 51 45 1.000000
45 37 44 1.000000
45 44 37 1.000000
45 37 52 1.000000
45 52 37 1.000000
45 44 52 1.000000
45 52 44 1.000000
46 44 47 1.000000
46 47 44 1.000000
47 46 48 1.000000
47 48 46 1.000000
47 46 53 1.000000
47 53 46 1.000000
47 46 50 1.000000
47 50 46 1.000000
47 48 53 1.000000
47 53 48 1.000000
47 48 50 1.000000
47 50 48 1.000000
47 50 53 1.000000
47 53 50 1.000000
48 42 47 1.000000
48 47 42 1.000000
48 42 49 1.000000
48 49 42 1.000000
48 42 61 1.000000
48 61 42 1.000000
48 47 49 1.000000
48 49 47 1.000000
48 47 61 1.000000
48 61 47 1.000000
48 49 61 1.000000
48 61 49 1.000000
49 48 50 1.000000
49 50 48 1.000000
49 48 99 1.000000
49 99 48 1.000000
49 48 65 1.000000
49 65 48 1.000000
49 50 99 1.000000
49 99 50 1.000000
49 50 65 1.000000
49 65 50 1.000000
49 65 99 1.000000
49 99 65 1.000000
50 49 64 1.000000
50 64 49 1.000000
50 49 98 1.000000
50 98 49 1.000000
50 47 49 1.000000
50 49 47 1.000000
50 47 64 1.000000
50 64 47 1.000000
50 47 98 1.000000
50 98 47 1.000000
50 64 98 1.000000
50 98 64 1.000000
51 44 52 1.000000
51 52 44 1.000000
51 44 101 1.000000
51 101 44 1.000000
51 44 64 1.000000
51 64 44 1.000000
51 52 101 1.000000
51 101 52 1.000000
51 52 64 1.000000
51 64 52 1.000000
51 64 101 1.000000
51 101 64 1.000000
52 51 100 1.000000
52 100 51 1.000000
52 45 51 1.000000
52 51 45 1.000000
52 45 100 1.000000
52 100 45 1.000000
53 40 47 1.000000
53 47 40 1.000000
55 57 106 1.000000
55 106 57 1.000000
56 11 58 1.000000
56 58 11 1.000000
57 55 59 1.000000
57 59 55 1.000000
58 56 60 1.000000
58 60 56 1.000000
61 48 62 1.000000
61 62 48 1.000000
62 61 63 1.000000
62 63 61 1.000000
63 54 62 1.000000
63 62 54 1.000000
64 50 51 1.000000
64 51 50 1.000000
65 49 66 1.000000
65 66 49 1.000000
66 65 67 1.000000
66 67 65 1.000000
67 66 68 1.000000
67 68 66 1.000000
69 33 71 1.000000
69 71 33 1.000000
70 39 72 1.000000
70 72 39 1.000000
71 69 73 1.000000
71 73 69 1.000000
72 70 74 1.000000
72 74 70 1.000000
73 71 75 1.000000
73 75 71 1.000000
74 72 76 1.000000
74 76 72 1.000000
75 73 77 1.000000
75 77 73 1.000000
76 74 78 1.000000
76 78 74 1.000000
77 31 75 1.000000
77 75 31 1.000000
78 36 76 1.000000
78 76 36 1.000000
79 32 34 1.000000
79 34 32 1.000000
80 38 40 1.000000
80 40 38 1.000000
81 35 82 1.000000
81 82 35 1.000000
82 81 83 1.000000
82 83 81 1.000000
83 82 84 1.000000
83 84 82 1.000000
84 83 85 1.000000
84 85 83 1.000000
85 84 86 1.000000
85 86 84 1.000000
87 41 88 1.000000
87 88 41 1.000000
88 87 89 1.000000
88 89 87 1.000000
89 88 90 1.000000
89 90 88 1.000000
90 89 91 1.000000
90 91 89 1.000000
91 90 92 1.000000
91 92 90 1.000000
92 91 93 1.000000
92 93 91 1.000000
102 104 114 1.000000
102 114 104 1.000000
102 104 115 1.000000
102 115 104 1.000000
102 114 115 1.154701
102 115 114 1.154701
102 103 104 1.154701
102 104 103 1.154701
102 103 114 1.000000
102 114 103 1.000000
102 103 115 1.000000
102 115 103 1.000000
103 102 105 1.000000
103 105 102 1.000000
103 102 135 1.000000
103 135 102 1.000000
103 102 127 1.154701
103 127 102 1.154701
103 105 135 1.154701
103 135 105 1.154701
103 105 127 1.000000
103 127 105 1.000000
103 127 135 1.000000
103 135 127 1.000000
104 102 134 1.154701
104 134 102 1.154701
104 102 105 1.000000
104 105 102 1.000000
104 105 134 1.000000
104 134 105 1.000000
105 103 104 1.154701
105 104 103 1.154701
105 103 136 1.000000
105 136 103 1.000000
105 104 136 1.000000
105 136 104 1.000000
106 1 55 1.000000
106 55 1 1.000000
109 2 110 1.000000
109 110 2 1.000000
110 109 111 1.000000
110 111 109 1.000000
111 110 112 1.000000
111 112 110 1.000000
112 111 113 1.000000
112 113 111 1.000000
113 112 114 1.000000
113 114 112 1.000000
114 102 113 1.000000
114 113 102 1.000000
115 102 116 1.000000
115 116 102 1.000000
116 115 120 1.000000
116 120 115 1.000000
117 8 118 1.000000
117 118 8 1.000000
118 117 119 1.000000
118 119 117 1.000000
119 118 120 1.000000
119 120 118 1.000000
120 116 119 1.000000
120 119 116 1.000000
121 1 122 1.000000
121 122 1 1.000000
122 121 123 1.000000
122 123 121 1.000000
123 122 124 1.000000
123 124 122 1.000000
124 123 125 1.000000
124 125 123 1.000000
125 124 126 1.000000
125 126 124 1.000000
126 125 127 1.000000
126 127 125 1.000000
127 103 126 1.000000
127 126 103 1.000000
128 9 129 1.000000
128 129 9 1.000000
129 128 130 1.000000
129 130 128 1.000000
130 129 131 1.000000
130 131 129 1.000000
131 130 132 1.000000
131 132 130 1.000000
132 131 133 1.000000
132 133 131 1.000000
133 132 134 1.000000
133 134 132 1.000000
134 104 133 1.000000
134 133 104 1.000000
;
param D:=0.5;
param t_hat_ear:=
0 146 5.0
0 107 6.0
0 18 7.0
0 8 8.0
0 9 9.0
0 10 10.0
0 21 11.0
0 22 12.0
0 23 13.0
0 24 14.0
0 25 15.0
0 33 16.0
0 69 17.0
0 71 18.0
0 73 19.0
0 75 20.0
0 77 21.0
0 31 22.0
0 32 23.0
0 38 24.0
0 43 25.0
0 44 26.0
0 51 27.0
0 101 28.0
0 151 29.0
3 144 8.0
3 68 9.0
3 67 10.0
3 66 11.0
3 65 12.0
3 49 13.0
3 50 14.0
3 47 15.0
3 53 16.0
3 40 17.0
3 34 18.0
3 96 19.0
3 149 20.0
4 140 6.0
4 93 7.0
4 92 8.0
4 91 9.0
4 90 10.0
4 89 11.0
4 88 12.0
4 87 13.0
4 41 14.0
4 40 15.0
4 80 16.0
4 38 17.0
4 43 18.0
4 44 19.0
4 51 20.0
4 101 21.0
4 151 22.0
7 142 2.0
7 59 3.0
7 57 4.0
7 55 5.0
7 106 6.0
7 1 7.0
7 121 8.0
7 122 9.0
7 123 10.0
7 124 11.0
7 125 12.0
7 126 13.0
7 127 14.0
7 103 15.0
7 135 16.0
7 137 17.0
10 140 8.0
10 93 9.0
10 92 10.0
10 91 11.0
10 90 12.0
10 89 13.0
10 88 14.0
10 87 15.0
10 41 16.0
10 42 17.0
10 48 18.0
10 49 19.0
10 99 20.0
10 153 21.0
14 140 4.0
14 93 5.0
14 92 6.0
14 91 7.0
14 90 8.0
14 89 9.0
14 88 10.0
14 87 11.0
14 41 12.0
14 40 13.0
14 80 14.0
14 38 15.0
14 43 16.0
14 44 17.0
14 51 18.0
14 101 19.0
14 151 20.0
15 152 5.0
15 100 6.0
15 52 7.0
15 45 8.0
15 44 9.0
15 46 10.0
15 47 11.0
15 48 12.0
15 61 13.0
15 62 14.0
15 63 15.0
15 54 16.0
15 143 17.0
17 150 7.0
17 97 8.0
17 35 9.0
17 41 10.0
17 40 11.0
17 80 12.0
17 38 13.0
17 43 14.0
17 44 15.0
17 51 16.0
17 101 17.0
17 151 18.0
19 148 6.0
19 95 7.0
19 32 8.0
19 38 9.0
19 43 10.0
19 44 11.0
19 46 12.0
19 47 13.0
19 48 14.0
19 49 15.0
19 99 16.0
19 153 17.0
20 148 17.1
20 95 17.0
20 32 18.0
20 38 19.0
20 36 20.0
20 78 21.0
20 76 22.0
20 74 23.0
20 72 24.0
20 70 25.0
20 39 26.0
20 30 27.0
20 29 28.0
20 28 29.0
20 27 30.0
20 26 31.0
20 20 32.0
20 19 33.0
20 108 34.0
20 145 35.0
21 140 15.0
21 93 16.0
21 92 17.0
21 91 18.0
21 90 19.0
21 89 20.0
21 88 21.0
21 87 22.0
21 41 23.0
21 40 24.0
21 80 25.0
21 38 26.0
21 36 27.0
21 31 28.0
21 94 29.0
21 147 30.0
22 150 17.1
22 97 17.0
22 35 18.0
22 41 19.0
22 40 20.0
22 80 21.0
22 38 22.0
22 36 23.0
22 31 24.0
22 94 25.0
22 147 26.0
23 138 10.0
23 136 11.0
23 105 12.0
23 104 13.0
23 102 14.0
23 114 15.0
23 113 16.0
23 112 17.0
23 111 18.0
23 110 19.0
23 109 20.0
23 2 21.0
23 11 22.0
23 56 23.0
23 58 24.0
23 60 25.0
23 141 26.0
24 144 19.0
24 68 20.0
24 67 21.0
24 66 22.0
24 65 23.0
24 49 24.0
24 50 25.0
24 47 26.0
24 53 27.0
24 40 28.0
24 34 29.0
24 35 30.0
24 81 31.0
24 82 32.0
24 83 33.0
24 84 34.0
24 85 35.0
24 86 36.0
24 139 37.0
25 150 26.0
25 97 27.0
25 35 28.0
25 41 29.0
25 42 30.0
25 48 31.0
25 49 32.0
25 99 33.0
25 153 34.0
26 144 21.0
26 68 22.0
26 67 23.0
26 66 24.0
26 65 25.0
26 49 26.0
26 50 27.0
26 47 28.0
26 53 29.0
26 40 30.0
26 34 31.0
26 96 32.0
26 149 33.0
27 140 19.0
27 93 20.0
27 92 21.0
27 91 22.0
27 90 23.0
27 89 24.0
27 88 25.0
27 87 26.0
27 41 27.0
27 42 28.0
27 48 29.0
27 49 30.0
27 99 31.0
27 153 32.0
28 152 17.0
28 100 18.0
28 52 19.0
28 45 20.0
28 44 21.0
28 46 22.0
28 47 23.0
28 48 24.0
28 61 25.0
28 62 26.0
28 63 27.0
28 54 28.0
28 143 29.0
29 146 17.0
29 107 18.0
29 18 19.0
29 8 20.0
29 9 21.0
29 10 22.0
29 21 23.0
29 22 24.0
29 23 25.0
29 24 26.0
29 25 27.0
29 33 28.0
29 69 29.0
29 71 30.0
29 73 31.0
29 75 32.0
29 77 33.0
29 31 34.0
29 32 35.0
29 38 36.0
29 43 37.0
29 44 38.0
29 51 39.0
29 101 40.0
29 151 41.0
31 146 15.0
31 107 16.0
31 18 17.0
31 8 18.0
31 9 19.0
31 10 20.0
31 21 21.0
31 22 22.0
31 23 23.0
31 24 24.0
31 25 25.0
31 33 26.0
31 69 27.0
31 71 28.0
31 73 29.0
31 75 30.0
31 77 31.0
31 31 32.0
31 32 33.0
31 79 34.0
31 34 35.0
31 96 36.0
31 149 37.0
33 142 10.0
33 59 11.0
33 57 12.0
33 55 13.0
33 106 14.0
33 1 15.0
33 121 16.0
33 122 17.0
33 123 18.0
33 124 19.0
33 125 20.0
33 126 21.0
33 127 22.0
33 103 23.0
33 135 24.0
33 137 25.0
34 144 23.0
34 68 24.0
34 67 25.0
34 66 26.0
34 65 27.0
34 49 28.0
34 50 29.0
34 47 30.0
34 53 31.0
34 40 32.0
34 80 33.0
34 38 34.0
34 36 35.0
34 31 36.0
34 94 37.0
34 147 38.0
35 154 18.0
35 98 19.0
35 50 20.0
35 47 21.0
35 48 22.0
35 61 23.0
35 62 24.0
35 63 25.0
35 54 26.0
35 143 27.0
36 140 13.0
36 93 14.0
36 92 15.0
36 91 16.0
36 90 17.0
36 89 18.0
36 88 19.0
36 87 20.0
36 41 21.0
36 40 22.0
36 34 23.0
36 96 24.0
36 149 25.0
37 154 17.1
37 98 17.0
37 50 18.0
37 47 19.0
37 48 20.0
37 61 21.0
37 62 22.0
37 63 23.0
37 54 24.0
37 143 25.0
38 142 19.0
38 59 20.0
38 57 21.0
38 55 22.0
38 106 23.0
38 1 24.0
38 121 25.0
38 122 26.0
38 123 27.0
38 124 28.0
38 125 29.0
38 126 30.0
38 127 31.0
38 103 32.0
38 135 33.0
38 137 34.0
39 140 17.0
39 93 18.0
39 92 19.0
39 91 20.0
39 90 21.0
39 89 22.0
39 88 23.0
39 87 24.0
39 41 25.0
39 40 26.0
39 80 27.0
39 38 28.0
39 36 29.0
39 31 30.0
39 94 31.0
39 147 32.0
40 146 20.0
40 107 21.0
40 18 22.0
40 17 23.0
40 16 24.0
40 15 25.0
40 14 26.0
40 13 27.0
40 12 28.0
40 11 29.0
40 56 30.0
40 58 31.0
40 60 32.0
40 141 33.0
41 148 39.0
41 95 40.0
41 32 41.0
41 38 42.0
41 43 43.0
41 44 44.0
41 51 45.0
41 101 46.0
41 151 47.0
42 142 21.0
42 59 22.0
42 57 23.0
42 55 24.0
42 106 25.0
42 1 26.0
42 121 27.0
42 122 28.0
42 123 29.0
42 124 30.0
42 125 31.0
42 126 32.0
42 127 33.0
42 103 34.0
42 135 35.0
42 137 36.0
43 154 39.0
43 98 40.0
43 50 41.0
43 47 42.0
43 53 43.0
43 40 44.0
43 80 45.0
43 38 46.0
43 36 47.0
43 78 48.0
43 76 49.0
43 74 50.0
43 72 51.0
43 70 52.0
43 39 53.0
43 30 54.0
43 29 55.0
43 28 56.0
43 27 57.0
43 26 58.0
43 20 59.0
43 19 60.0
43 108 61.0
43 145 62.0
44 148 27.0
44 95 28.0
44 32 29.0
44 38 30.0
44 43 31.0
44 44 32.0
44 51 33.0
44 101 34.0
44 151 35.0
45 140 27.0
45 93 28.0
45 92 29.0
45 91 30.0
45 90 31.0
45 89 32.0
45 88 33.0
45 87 34.0
45 41 35.0
45 40 36.0
45 34 37.0
45 96 38.0
45 149 39.0
46 142 23.0
46 59 24.0
46 57 25.0
46 55 26.0
46 106 27.0
46 1 28.0
46 121 29.0
46 122 30.0
46 123 31.0
46 124 32.0
46 125 33.0
46 126 34.0
46 127 35.0
46 103 36.0
46 135 37.0
46 137 38.0
47 148 29.0
47 95 30.0
47 32 31.0
47 38 32.0
47 43 33.0
47 44 34.0
47 51 35.0
47 101 36.0
47 151 37.0
48 152 26.0
48 100 27.0
48 52 28.0
48 45 29.0
48 37 30.0
48 36 31.0
48 78 32.0
48 76 33.0
48 74 34.0
48 72 35.0
48 70 36.0
48 39 37.0
48 30 38.0
48 29 39.0
48 28 40.0
48 27 41.0
48 26 42.0
48 20 43.0
48 19 44.0
48 108 45.0
48 145 46.0
49 144 31.0
49 68 32.0
49 67 33.0
49 66 34.0
49 65 35.0
49 49 36.0
49 99 37.0
49 153 38.0
50 140 29.0
50 93 30.0
50 92 31.0
50 91 32.0
50 90 33.0
50 89 34.0
50 88 35.0
50 87 36.0
50 41 37.0
50 40 38.0
50 80 39.0
50 38 40.0
50 43 41.0
50 44 42.0
50 51 43.0
50 101 44.0
50 151 45.0
51 144 29.0
51 68 30.0
51 67 31.0
51 66 32.0
51 65 33.0
51 49 34.0
51 50 35.0
51 64 36.0
51 51 37.0
51 101 38.0
51 151 39.0
52 146 22.0
52 107 23.0
52 18 24.0
52 17 25.0
52 16 26.0
52 15 27.0
52 14 28.0
52 13 29.0
52 12 30.0
52 11 31.0
52 56 32.0
52 58 33.0
52 60 34.0
52 141 35.0
53 140 37.0
53 93 38.0
53 92 39.0
53 91 40.0
53 90 41.0
53 89 42.0
53 88 43.0
53 87 44.0
53 41 45.0
53 40 46.0
53 80 47.0
53 38 48.0
53 43 49.0
53 44 50.0
53 51 51.0
53 101 52.0
53 151 53.0
54 138 23.0
54 136 24.0
54 105 25.0
54 104 26.0
54 134 27.0
54 133 28.0
54 132 29.0
54 131 30.0
54 130 31.0
54 129 32.0
54 128 33.0
54 9 34.0
54 19 35.0
54 108 36.0
54 145 37.0
55 154 35.0
55 98 36.0
55 50 37.0
55 47 38.0
55 53 39.0
55 40 40.0
55 34 41.0
55 96 42.0
55 149 43.0
56 154 49.0
56 98 50.0
56 50 51.0
56 47 52.0
56 53 53.0
56 40 54.0
56 80 55.0
56 38 56.0
56 36 57.0
56 78 58.0
56 76 59.0
56 74 60.0
56 72 61.0
56 70 62.0
56 39 63.0
56 30 64.0
56 29 65.0
56 28 66.0
56 27 67.0
56 26 68.0
56 20 69.0
56 19 70.0
56 108 71.0
56 145 72.0
57 152 20.0
57 100 21.0
57 52 22.0
57 45 23.0
57 37 24.0
57 36 25.0
57 31 26.0
57 94 27.0
57 147 28.0
58 138 21.0
58 136 22.0
58 105 23.0
58 104 24.0
58 102 25.0
58 114 26.0
58 113 27.0
58 112 28.0
58 111 29.0
58 110 30.0
58 109 31.0
58 2 32.0
58 11 33.0
58 56 34.0
58 58 35.0
58 60 36.0
58 141 37.0
59 154 37.0
59 98 38.0
59 50 39.0
59 47 40.0
59 53 41.0
59 40 42.0
59 34 43.0
59 35 44.0
59 81 45.0
59 82 46.0
59 83 47.0
59 84 48.0
59 85 49.0
59 86 50.0
59 139 51.0
60 146 32.0
60 107 33.0
60 18 34.0
60 8 35.0
60 9 36.0
60 10 37.0
60 21 38.0
60 22 39.0
60 23 40.0
60 24 41.0
60 25 42.0
60 33 43.0
60 69 44.0
60 71 45.0
60 73 46.0
60 75 47.0
60 77 48.0
60 31 49.0
60 32 50.0
60 38 51.0
60 43 52.0
60 44 53.0
60 51 54.0
60 101 55.0
60 151 56.0
61 152 44.0
61 100 45.0
61 52 46.0
61 45 47.0
61 44 48.0
61 46 49.0
61 47 50.0
61 53 51.0
61 40 52.0
61 34 53.0
61 96 54.0
61 149 55.0
63 138 30.0
63 136 31.0
63 105 32.0
63 104 33.0
63 134 34.0
63 133 35.0
63 132 36.0
63 131 37.0
63 130 38.0
63 129 39.0
63 128 40.0
63 9 41.0
63 19 42.0
63 108 43.0
63 145 44.0
64 148 35.0
64 95 36.0
64 32 37.0
64 79 38.0
64 34 39.0
64 35 40.0
64 81 41.0
64 82 42.0
64 83 43.0
64 84 44.0
64 85 45.0
64 86 46.0
64 139 47.0
65 146 34.0
65 107 35.0
65 18 36.0
65 8 37.0
65 9 38.0
65 10 39.0
65 21 40.0
65 22 41.0
65 23 42.0
65 24 43.0
65 25 44.0
65 33 45.0
65 69 46.0
65 71 47.0
65 73 48.0
65 75 49.0
65 77 50.0
65 31 51.0
65 94 52.0
65 147 53.0
66 140 31.0
66 93 32.0
66 92 33.0
66 91 34.0
66 90 35.0
66 89 36.0
66 88 37.0
66 87 38.0
66 41 39.0
66 42 40.0
66 48 41.0
66 49 42.0
66 99 43.0
66 153 44.0
67 142 30.0
67 59 31.0
67 57 32.0
67 55 33.0
67 106 34.0
67 1 35.0
67 121 36.0
67 122 37.0
67 123 38.0
67 124 39.0
67 125 40.0
67 126 41.0
67 127 42.0
67 103 43.0
67 135 44.0
67 137 45.0
68 146 30.0
68 107 31.0
68 18 32.0
68 17 33.0
68 16 34.0
68 15 35.0
68 14 36.0
68 13 37.0
68 12 38.0
68 11 39.0
68 56 40.0
68 58 41.0
68 60 42.0
68 141 43.0
69 142 32.0
69 59 33.0
69 57 34.0
69 55 35.0
69 106 36.0
69 1 37.0
69 121 38.0
69 122 39.0
69 123 40.0
69 124 41.0
69 125 42.0
69 126 43.0
69 127 44.0
69 103 45.0
69 135 46.0
69 137 47.0
70 142 34.0
70 59 35.0
70 57 36.0
70 55 37.0
70 106 38.0
70 1 39.0
70 121 40.0
70 122 41.0
70 123 42.0
70 124 43.0
70 125 44.0
70 126 45.0
70 127 46.0
70 103 47.0
70 135 48.0
70 137 49.0
71 140 39.0
71 93 40.0
71 92 41.0
71 91 42.0
71 90 43.0
71 89 44.0
71 88 45.0
71 87 46.0
71 41 47.0
71 40 48.0
71 34 49.0
71 96 50.0
71 149 51.0
72 140 33.0
72 93 34.0
72 92 35.0
72 91 36.0
72 90 37.0
72 89 38.0
72 88 39.0
72 87 40.0
72 41 41.0
72 42 42.0
72 48 43.0
72 61 44.0
72 62 45.0
72 63 46.0
72 54 47.0
72 143 48.0
73 148 41.0
73 95 42.0
73 32 43.0
73 38 44.0
73 43 45.0
73 44 46.0
73 46 47.0
73 47 48.0
73 48 49.0
73 49 50.0
73 99 51.0
73 153 52.0
74 140 35.0
74 93 36.0
74 92 37.0
74 91 38.0
74 90 39.0
74 89 40.0
74 88 41.0
74 87 42.0
74 41 43.0
74 42 44.0
74 48 45.0
74 49 46.0
74 99 47.0
74 153 48.0
75 144 39.0
75 68 40.0
75 67 41.0
75 66 42.0
75 65 43.0
75 49 44.0
75 50 45.0
75 64 46.0
75 51 47.0
75 101 48.0
75 151 49.0
76 150 30.0
76 97 31.0
76 35 32.0
76 41 33.0
76 42 34.0
76 48 35.0
76 61 36.0
76 62 37.0
76 63 38.0
76 54 39.0
76 143 40.0
77 146 36.0
77 107 37.0
77 18 38.0
77 17 39.0
77 16 40.0
77 15 41.0
77 14 42.0
77 13 43.0
77 12 44.0
77 11 45.0
77 56 46.0
77 58 47.0
77 60 48.0
77 141 49.0
79 154 45.0
79 98 46.0
79 50 47.0
79 64 48.0
79 51 49.0
79 52 50.0
79 45 51.0
79 37 52.0
79 36 53.0
79 31 54.0
79 94 55.0
79 147 56.0
80 140 47.0
80 93 48.0
80 92 49.0
80 91 50.0
80 90 51.0
80 89 52.0
80 88 53.0
80 87 54.0
80 41 55.0
80 40 56.0
80 80 57.0
80 38 58.0
80 36 59.0
80 31 60.0
80 94 61.0
80 147 62.0
81 146 40.0
81 107 41.0
81 18 42.0
81 17 43.0
81 16 44.0
81 15 45.0
81 14 46.0
81 13 47.0
81 12 48.0
81 11 49.0
81 56 50.0
81 58 51.0
81 60 52.0
81 141 53.0
82 142 40.0
82 59 41.0
82 57 42.0
82 55 43.0
82 106 44.0
82 1 45.0
82 121 46.0
82 122 47.0
82 123 48.0
82 124 49.0
82 125 50.0
82 126 51.0
82 127 52.0
82 103 53.0
82 135 54.0
82 137 55.0
83 142 42.0
83 59 43.0
83 57 44.0
83 55 45.0
83 106 46.0
83 1 47.0
83 121 48.0
83 122 49.0
83 123 50.0
83 124 51.0
83 125 52.0
83 126 53.0
83 127 54.0
83 103 55.0
83 135 56.0
83 137 57.0
84 138 40.0
84 136 41.0
84 105 42.0
84 104 43.0
84 102 44.0
84 114 45.0
84 113 46.0
84 112 47.0
84 111 48.0
84 110 49.0
84 109 50.0
84 2 51.0
84 11 52.0
84 56 53.0
84 58 54.0
84 60 55.0
84 141 56.0
86 138 42.0
86 136 43.0
86 105 44.0
86 104 45.0
86 102 46.0
86 114 47.0
86 113 48.0
86 112 49.0
86 111 50.0
86 110 51.0
86 109 52.0
86 2 53.0
86 11 54.0
86 56 55.0
86 58 56.0
86 60 57.0
86 141 58.0
87 144 43.0
87 68 44.0
87 67 45.0
87 66 46.0
87 65 47.0
87 49 48.0
87 99 49.0
87 153 50.0
89 152 40.0
89 100 41.0
89 52 42.0
89 45 43.0
89 37 44.0
89 36 45.0
89 78 46.0
89 76 47.0
89 74 48.0
89 72 49.0
89 70 50.0
89 39 51.0
89 30 52.0
89 29 53.0
89 28 54.0
89 27 55.0
89 26 56.0
89 20 57.0
89 19 58.0
89 108 59.0
89 145 60.0
90 146 46.0
90 107 47.0
90 18 48.0
90 8 49.0
90 117 50.0
90 118 51.0
90 119 52.0
90 120 53.0
90 116 54.0
90 115 55.0
90 102 56.0
90 103 57.0
90 135 58.0
90 137 59.0
92 146 48.0
92 107 49.0
92 18 50.0
92 17 51.0
92 16 52.0
92 15 53.0
92 14 54.0
92 13 55.0
92 12 56.0
92 11 57.0
92 56 58.0
92 58 59.0
92 60 60.0
92 141 61.0
93 140 41.0
93 93 42.0
93 92 43.0
93 91 44.0
93 90 45.0
93 89 46.0
93 88 47.0
93 87 48.0
93 41 49.0
93 40 50.0
93 34 51.0
93 96 52.0
93 149 53.0
96 140 49.0
96 93 50.0
96 92 51.0
96 91 52.0
96 90 53.0
96 89 54.0
96 88 55.0
96 87 56.0
96 41 57.0
96 40 58.0
96 80 59.0
96 38 60.0
96 36 61.0
96 31 62.0
96 94 63.0
96 147 64.0
97 150 48.0
97 97 49.0
97 35 50.0
97 41 51.0
97 42 52.0
97 48 53.0
97 61 54.0
97 62 55.0
97 63 56.0
97 54 57.0
97 143 58.0
99 140 45.0
99 93 46.0
99 92 47.0
99 91 48.0
99 90 49.0
99 89 50.0
99 88 51.0
99 87 52.0
99 41 53.0
99 42 54.0
99 48 55.0
99 61 56.0
99 62 57.0
99 63 58.0
99 54 59.0
99 143 60.0
;
param t_hat_lat:=
0 146 6.0
0 107 7.0
0 18 8.0
0 8 9.0
0 9 10.0
0 10 11.0
0 21 12.0
0 22 13.0
0 23 14.0
0 24 15.0
0 25 16.0
0 33 17.0
0 69 18.0
0 71 19.0
0 73 20.0
0 75 21.0
0 77 22.0
0 31 23.0
0 32 24.0
0 38 25.0
0 43 26.0
0 44 27.0
0 51 28.0
0 101 29.0
0 151 30.0
3 144 9.0
3 68 10.0
3 67 11.0
3 66 12.0
3 65 13.0
3 49 14.0
3 50 15.0
3 47 16.0
3 53 17.0
3 40 18.0
3 34 19.0
3 96 20.0
3 149 21.0
4 140 7.0
4 93 8.0
4 92 9.0
4 91 10.0
4 90 11.0
4 89 12.0
4 88 13.0
4 87 14.0
4 41 15.0
4 40 16.0
4 80 17.0
4 38 18.0
4 43 19.0
4 44 20.0
4 51 21.0
4 101 22.0
4 151 23.0
7 142 3.0
7 59 4.0
7 57 5.0
7 55 6.0
7 106 7.0
7 1 8.0
7 121 9.0
7 122 10.0
7 123 11.0
7 124 12.0
7 125 13.0
7 126 14.0
7 127 15.0
7 103 16.0
7 135 17.0
7 137 18.0
10 140 9.0
10 93 10.0
10 92 11.0
10 91 12.0
10 90 13.0
10 89 14.0
10 88 15.0
10 87 16.0
10 41 17.0
10 42 18.0
10 48 19.0
10 49 20.0
10 99 21.0
10 153 22.0
14 140 5.0
14 93 6.0
14 92 7.0
14 91 8.0
14 90 9.0
14 89 10.0
14 88 11.0
14 87 12.0
14 41 13.0
14 40 14.0
14 80 15.0
14 38 16.0
14 43 17.0
14 44 18.0
14 51 19.0
14 101 20.0
14 151 21.0
15 152 6.0
15 100 7.0
15 52 8.0
15 45 9.0
15 44 10.0
15 46 11.0
15 47 12.0
15 48 13.0
15 61 14.0
15 62 15.0
15 63 16.0
15 54 17.0
15 143 18.0
17 150 8.0
17 97 9.0
17 35 10.0
17 41 11.0
17 40 12.0
17 80 13.0
17 38 14.0
17 43 15.0
17 44 16.0
17 51 17.0
17 101 18.0
17 151 19.0
19 148 7.0
19 95 8.0
19 32 9.0
19 38 10.0
19 43 11.0
19 44 12.0
19 46 13.0
19 47 14.0
19 48 15.0
19 49 16.0
19 99 17.0
19 153 18.0
20 148 18.1
20 95 18.0
20 32 19.0
20 38 20.0
20 36 21.0
20 78 22.0
20 76 23.0
20 74 24.0
20 72 25.0
20 70 26.0
20 39 27.0
20 30 28.0
20 29 29.0
20 28 30.0
20 27 31.0
20 26 32.0
20 20 33.0
20 19 34.0
20 108 35.0
20 145 36.0
21 140 16.0
21 93 17.0
21 92 18.0
21 91 19.0
21 90 20.0
21 89 21.0
21 88 22.0
21 87 23.0
21 41 24.0
21 40 25.0
21 80 26.0
21 38 27.0
21 36 28.0
21 31 29.0
21 94 30.0
21 147 31.0
22 150 18.1
22 97 18.0
22 35 19.0
22 41 20.0
22 40 21.0
22 80 22.0
22 38 23.0
22 36 24.0
22 31 25.0
22 94 26.0
22 147 27.0
23 138 11.0
23 136 12.0
23 105 13.0
23 104 14.0
23 102 15.0
23 114 16.0
23 113 17.0
23 112 18.0
23 111 19.0
23 110 20.0
23 109 21.0
23 2 22.0
23 11 23.0
23 56 24.0
23 58 25.0
23 60 26.0
23 141 27.0
24 144 20.0
24 68 21.0
24 67 22.0
24 66 23.0
24 65 24.0
24 49 25.0
24 50 26.0
24 47 27.0
24 53 28.0
24 40 29.0
24 34 30.0
24 35 31.0
24 81 32.0
24 82 33.0
24 83 34.0
24 84 35.0
24 85 36.0
24 86 37.0
24 139 38.0
25 150 27.0
25 97 28.0
25 35 29.0
25 41 30.0
25 42 31.0
25 48 32.0
25 49 33.0
25 99 34.0
25 153 35.0
26 144 22.0
26 68 23.0
26 67 24.0
26 66 25.0
26 65 26.0
26 49 27.0
26 50 28.0
26 47 29.0
26 53 30.0
26 40 31.0
26 34 32.0
26 96 33.0
26 149 34.0
27 140 20.0
27 93 21.0
27 92 22.0
27 91 23.0
27 90 24.0
27 89 25.0
27 88 26.0
27 87 27.0
27 41 28.0
27 42 29.0
27 48 30.0
27 49 31.0
27 99 32.0
27 153 33.0
28 152 18.0
28 100 19.0
28 52 20.0
28 45 21.0
28 44 22.0
28 46 23.0
28 47 24.0
28 48 25.0
28 61 26.0
28 62 27.0
28 63 28.0
28 54 29.0
28 143 30.0
29 146 18.0
29 107 19.0
29 18 20.0
29 8 21.0
29 9 22.0
29 10 23.0
29 21 24.0
29 22 25.0
29 23 26.0
29 24 27.0
29 25 28.0
29 33 29.0
29 69 30.0
29 71 31.0
29 73 32.0
29 75 33.0
29 77 34.0
29 31 35.0
29 32 36.0
29 38 37.0
29 43 38.0
29 44 39.0
29 51 40.0
29 101 41.0
29 151 42.0
31 146 16.0
31 107 17.0
31 18 18.0
31 8 19.0
31 9 20.0
31 10 21.0
31 21 22.0
31 22 23.0
31 23 24.0
31 24 25.0
31 25 26.0
31 33 27.0
31 69 28.0
31 71 29.0
31 73 30.0
31 75 31.0
31 77 32.0
31 31 33.0
31 32 34.0
31 79 35.0
31 34 36.0
31 96 37.0
31 149 38.0
33 142 11.0
33 59 12.0
33 57 13.0
33 55 14.0
33 106 15.0
33 1 16.0
33 121 17.0
33 122 18.0
33 123 19.0
33 124 20.0
33 125 21.0
33 126 22.0
33 127 23.0
33 103 24.0
33 135 25.0
33 137 26.0
34 144 24.0
34 68 25.0
34 67 26.0
34 66 27.0
34 65 28.0
34 49 29.0
34 50 30.0
34 47 31.0
34 53 32.0
34 40 33.0
34 80 34.0
34 38 35.0
34 36 36.0
34 31 37.0
34 94 38.0
34 147 39.0
35 154 19.0
35 98 20.0
35 50 21.0
35 47 22.0
35 48 23.0
35 61 24.0
35 62 25.0
35 63 26.0
35 54 27.0
35 143 28.0
36 140 14.0
36 93 15.0
36 92 16.0
36 91 17.0
36 90 18.0
36 89 19.0
36 88 20.0
36 87 21.0
36 41 22.0
36 40 23.0
36 34 24.0
36 96 25.0
36 149 26.0
37 154 18.1
37 98 18.0
37 50 19.0
37 47 20.0
37 48 21.0
37 61 22.0
37 62 23.0
37 63 24.0
37 54 25.0
37 143 26.0
38 142 20.0
38 59 21.0
38 57 22.0
38 55 23.0
38 106 24.0
38 1 25.0
38 121 26.0
38 122 27.0
38 123 28.0
38 124 29.0
38 125 30.0
38 126 31.0
38 127 32.0
38 103 33.0
38 135 34.0
38 137 35.0
39 140 18.0
39 93 19.0
39 92 20.0
39 91 21.0
39 90 22.0
39 89 23.0
39 88 24.0
39 87 25.0
39 41 26.0
39 40 27.0
39 80 28.0
39 38 29.0
39 36 30.0
39 31 31.0
39 94 32.0
39 147 33.0
40 146 21.0
40 107 22.0
40 18 23.0
40 17 24.0
40 16 25.0
40 15 26.0
40 14 27.0
40 13 28.0
40 12 29.0
40 11 30.0
40 56 31.0
40 58 32.0
40 60 33.0
40 141 34.0
41 148 40.0
41 95 41.0
41 32 42.0
41 38 43.0
41 43 44.0
41 44 45.0
41 51 46.0
41 101 47.0
41 151 48.0
42 142 22.0
42 59 23.0
42 57 24.0
42 55 25.0
42 106 26.0
42 1 27.0
42 121 28.0
42 122 29.0
42 123 30.0
42 124 31.0
42 125 32.0
42 126 33.0
42 127 34.0
42 103 35.0
42 135 36.0
42 137 37.0
43 154 40.0
43 98 41.0
43 50 42.0
43 47 43.0
43 53 44.0
43 40 45.0
43 80 46.0
43 38 47.0
43 36 48.0
43 78 49.0
43 76 50.0
43 74 51.0
43 72 52.0
43 70 53.0
43 39 54.0
43 30 55.0
43 29 56.0
43 28 57.0
43 27 58.0
43 26 59.0
43 20 60.0
43 19 61.0
43 108 62.0
43 145 63.0
44 148 28.0
44 95 29.0
44 32 30.0
44 38 31.0
44 43 32.0
44 44 33.0
44 51 34.0
44 101 35.0
44 151 36.0
45 140 28.0
45 93 29.0
45 92 30.0
45 91 31.0
45 90 32.0
45 89 33.0
45 88 34.0
45 87 35.0
45 41 36.0
45 40 37.0
45 34 38.0
45 96 39.0
45 149 40.0
46 142 24.0
46 59 25.0
46 57 26.0
46 55 27.0
46 106 28.0
46 1 29.0
46 121 30.0
46 122 31.0
46 123 32.0
46 124 33.0
46 125 34.0
46 126 35.0
46 127 36.0
46 103 37.0
46 135 38.0
46 137 39.0
47 148 30.0
47 95 31.0
47 32 32.0
47 38 33.0
47 43 34.0
47 44 35.0
47 51 36.0
47 101 37.0
47 151 38.0
48 152 27.0
48 100 28.0
48 52 29.0
48 45 30.0
48 37 31.0
48 36 32.0
48 78 33.0
48 76 34.0
48 74 35.0
48 72 36.0
48 70 37.0
48 39 38.0
48 30 39.0
48 29 40.0
48 28 41.0
48 27 42.0
48 26 43.0
48 20 44.0
48 19 45.0
48 108 46.0
48 145 47.0
49 144 32.0
49 68 33.0
49 67 34.0
49 66 35.0
49 65 36.0
49 49 37.0
49 99 38.0
49 153 39.0
50 140 30.0
50 93 31.0
50 92 32.0
50 91 33.0
50 90 34.0
50 89 35.0
50 88 36.0
50 87 37.0
50 41 38.0
50 40 39.0
50 80 40.0
50 38 41.0
50 43 42.0
50 44 43.0
50 51 44.0
50 101 45.0
50 151 46.0
51 144 30.0
51 68 31.0
51 67 32.0
51 66 33.0
51 65 34.0
51 49 35.0
51 50 36.0
51 64 37.0
51 51 38.0
51 101 39.0
51 151 40.0
52 146 23.0
52 107 24.0
52 18 25.0
52 17 26.0
52 16 27.0
52 15 28.0
52 14 29.0
52 13 30.0
52 12 31.0
52 11 32.0
52 56 33.0
52 58 34.0
52 60 35.0
52 141 36.0
53 140 38.0
53 93 39.0
53 92 40.0
53 91 41.0
53 90 42.0
53 89 43.0
53 88 44.0
53 87 45.0
53 41 46.0
53 40 47.0
53 80 48.0
53 38 49.0
53 43 50.0
53 44 51.0
53 51 52.0
53 101 53.0
53 151 54.0
54 138 24.0
54 136 25.0
54 105 26.0
54 104 27.0
54 134 28.0
54 133 29.0
54 132 30.0
54 131 31.0
54 130 32.0
54 129 33.0
54 128 34.0
54 9 35.0
54 19 36.0
54 108 37.0
54 145 38.0
55 154 36.0
55 98 37.0
55 50 38.0
55 47 39.0
55 53 40.0
55 40 41.0
55 34 42.0
55 96 43.0
55 149 44.0
56 154 50.0
56 98 51.0
56 50 52.0
56 47 53.0
56 53 54.0
56 40 55.0
56 80 56.0
56 38 57.0
56 36 58.0
56 78 59.0
56 76 60.0
56 74 61.0
56 72 62.0
56 70 63.0
56 39 64.0
56 30 65.0
56 29 66.0
56 28 67.0
56 27 68.0
56 26 69.0
56 20 70.0
56 19 71.0
56 108 72.0
56 145 73.0
57 152 21.0
57 100 22.0
57 52 23.0
57 45 24.0
57 37 25.0
57 36 26.0
57 31 27.0
57 94 28.0
57 147 29.0
58 138 22.0
58 136 23.0
58 105 24.0
58 104 25.0
58 102 26.0
58 114 27.0
58 113 28.0
58 112 29.0
58 111 30.0
58 110 31.0
58 109 32.0
58 2 33.0
58 11 34.0
58 56 35.0
58 58 36.0
58 60 37.0
58 141 38.0
59 154 38.0
59 98 39.0
59 50 40.0
59 47 41.0
59 53 42.0
59 40 43.0
59 34 44.0
59 35 45.0
59 81 46.0
59 82 47.0
59 83 48.0
59 84 49.0
59 85 50.0
59 86 51.0
59 139 52.0
60 146 33.0
60 107 34.0
60 18 35.0
60 8 36.0
60 9 37.0
60 10 38.0
60 21 39.0
60 22 40.0
60 23 41.0
60 24 42.0
60 25 43.0
60 33 44.0
60 69 45.0
60 71 46.0
60 73 47.0
60 75 48.0
60 77 49.0
60 31 50.0
60 32 51.0
60 38 52.0
60 43 53.0
60 44 54.0
60 51 55.0
60 101 56.0
60 151 57.0
61 152 45.0
61 100 46.0
61 52 47.0
61 45 48.0
61 44 49.0
61 46 50.0
61 47 51.0
61 53 52.0
61 40 53.0
61 34 54.0
61 96 55.0
61 149 56.0
63 138 31.0
63 136 32.0
63 105 33.0
63 104 34.0
63 134 35.0
63 133 36.0
63 132 37.0
63 131 38.0
63 130 39.0
63 129 40.0
63 128 41.0
63 9 42.0
63 19 43.0
63 108 44.0
63 145 45.0
64 148 36.0
64 95 37.0
64 32 38.0
64 79 39.0
64 34 40.0
64 35 41.0
64 81 42.0
64 82 43.0
64 83 44.0
64 84 45.0
64 85 46.0
64 86 47.0
64 139 48.0
65 146 35.0
65 107 36.0
65 18 37.0
65 8 38.0
65 9 39.0
65 10 40.0
65 21 41.0
65 22 42.0
65 23 43.0
65 24 44.0
65 25 45.0
65 33 46.0
65 69 47.0
65 71 48.0
65 73 49.0
65 75 50.0
65 77 51.0
65 31 52.0
65 94 53.0
65 147 54.0
66 140 32.0
66 93 33.0
66 92 34.0
66 91 35.0
66 90 36.0
66 89 37.0
66 88 38.0
66 87 39.0
66 41 40.0
66 42 41.0
66 48 42.0
66 49 43.0
66 99 44.0
66 153 45.0
67 142 31.0
67 59 32.0
67 57 33.0
67 55 34.0
67 106 35.0
67 1 36.0
67 121 37.0
67 122 38.0
67 123 39.0
67 124 40.0
67 125 41.0
67 126 42.0
67 127 43.0
67 103 44.0
67 135 45.0
67 137 46.0
68 146 31.0
68 107 32.0
68 18 33.0
68 17 34.0
68 16 35.0
68 15 36.0
68 14 37.0
68 13 38.0
68 12 39.0
68 11 40.0
68 56 41.0
68 58 42.0
68 60 43.0
68 141 44.0
69 142 33.0
69 59 34.0
69 57 35.0
69 55 36.0
69 106 37.0
69 1 38.0
69 121 39.0
69 122 40.0
69 123 41.0
69 124 42.0
69 125 43.0
69 126 44.0
69 127 45.0
69 103 46.0
69 135 47.0
69 137 48.0
70 142 35.0
70 59 36.0
70 57 37.0
70 55 38.0
70 106 39.0
70 1 40.0
70 121 41.0
70 122 42.0
70 123 43.0
70 124 44.0
70 125 45.0
70 126 46.0
70 127 47.0
70 103 48.0
70 135 49.0
70 137 50.0
71 140 40.0
71 93 41.0
71 92 42.0
71 91 43.0
71 90 44.0
71 89 45.0
71 88 46.0
71 87 47.0
71 41 48.0
71 40 49.0
71 34 50.0
71 96 51.0
71 149 52.0
72 140 34.0
72 93 35.0
72 92 36.0
72 91 37.0
72 90 38.0
72 89 39.0
72 88 40.0
72 87 41.0
72 41 42.0
72 42 43.0
72 48 44.0
72 61 45.0
72 62 46.0
72 63 47.0
72 54 48.0
72 143 49.0
73 148 42.0
73 95 43.0
73 32 44.0
73 38 45.0
73 43 46.0
73 44 47.0
73 46 48.0
73 47 49.0
73 48 50.0
73 49 51.0
73 99 52.0
73 153 53.0
74 140 36.0
74 93 37.0
74 92 38.0
74 91 39.0
74 90 40.0
74 89 41.0
74 88 42.0
74 87 43.0
74 41 44.0
74 42 45.0
74 48 46.0
74 49 47.0
74 99 48.0
74 153 49.0
75 144 40.0
75 68 41.0
75 67 42.0
75 66 43.0
75 65 44.0
75 49 45.0
75 50 46.0
75 64 47.0
75 51 48.0
75 101 49.0
75 151 50.0
76 150 31.0
76 97 32.0
76 35 33.0
76 41 34.0
76 42 35.0
76 48 36.0
76 61 37.0
76 62 38.0
76 63 39.0
76 54 40.0
76 143 41.0
77 146 37.0
77 107 38.0
77 18 39.0
77 17 40.0
77 16 41.0
77 15 42.0
77 14 43.0
77 13 44.0
77 12 45.0
77 11 46.0
77 56 47.0
77 58 48.0
77 60 49.0
77 141 50.0
79 154 46.0
79 98 47.0
79 50 48.0
79 64 49.0
79 51 50.0
79 52 51.0
79 45 52.0
79 37 53.0
79 36 54.0
79 31 55.0
79 94 56.0
79 147 57.0
80 140 48.0
80 93 49.0
80 92 50.0
80 91 51.0
80 90 52.0
80 89 53.0
80 88 54.0
80 87 55.0
80 41 56.0
80 40 57.0
80 80 58.0
80 38 59.0
80 36 60.0
80 31 61.0
80 94 62.0
80 147 63.0
81 146 41.0
81 107 42.0
81 18 43.0
81 17 44.0
81 16 45.0
81 15 46.0
81 14 47.0
81 13 48.0
81 12 49.0
81 11 50.0
81 56 51.0
81 58 52.0
81 60 53.0
81 141 54.0
82 142 41.0
82 59 42.0
82 57 43.0
82 55 44.0
82 106 45.0
82 1 46.0
82 121 47.0
82 122 48.0
82 123 49.0
82 124 50.0
82 125 51.0
82 126 52.0
82 127 53.0
82 103 54.0
82 135 55.0
82 137 56.0
83 142 43.0
83 59 44.0
83 57 45.0
83 55 46.0
83 106 47.0
83 1 48.0
83 121 49.0
83 122 50.0
83 123 51.0
83 124 52.0
83 125 53.0
83 126 54.0
83 127 55.0
83 103 56.0
83 135 57.0
83 137 58.0
84 138 41.0
84 136 42.0
84 105 43.0
84 104 44.0
84 102 45.0
84 114 46.0
84 113 47.0
84 112 48.0
84 111 49.0
84 110 50.0
84 109 51.0
84 2 52.0
84 11 53.0
84 56 54.0
84 58 55.0
84 60 56.0
84 141 57.0
86 138 43.0
86 136 44.0
86 105 45.0
86 104 46.0
86 102 47.0
86 114 48.0
86 113 49.0
86 112 50.0
86 111 51.0
86 110 52.0
86 109 53.0
86 2 54.0
86 11 55.0
86 56 56.0
86 58 57.0
86 60 58.0
86 141 59.0
87 144 44.0
87 68 45.0
87 67 46.0
87 66 47.0
87 65 48.0
87 49 49.0
87 99 50.0
87 153 51.0
89 152 41.0
89 100 42.0
89 52 43.0
89 45 44.0
89 37 45.0
89 36 46.0
89 78 47.0
89 76 48.0
89 74 49.0
89 72 50.0
89 70 51.0
89 39 52.0
89 30 53.0
89 29 54.0
89 28 55.0
89 27 56.0
89 26 57.0
89 20 58.0
89 19 59.0
89 108 60.0
89 145 61.0
90 146 47.0
90 107 48.0
90 18 49.0
90 8 50.0
90 117 51.0
90 118 52.0
90 119 53.0
90 120 54.0
90 116 55.0
90 115 56.0
90 102 57.0
90 103 58.0
90 135 59.0
90 137 60.0
92 146 49.0
92 107 50.0
92 18 51.0
92 17 52.0
92 16 53.0
92 15 54.0
92 14 55.0
92 13 56.0
92 12 57.0
92 11 58.0
92 56 59.0
92 58 60.0
92 60 61.0
92 141 62.0
93 140 42.0
93 93 43.0
93 92 44.0
93 91 45.0
93 90 46.0
93 89 47.0
93 88 48.0
93 87 49.0
93 41 50.0
93 40 51.0
93 34 52.0
93 96 53.0
93 149 54.0
96 140 50.0
96 93 51.0
96 92 52.0
96 91 53.0
96 90 54.0
96 89 55.0
96 88 56.0
96 87 57.0
96 41 58.0
96 40 59.0
96 80 60.0
96 38 61.0
96 36 62.0
96 31 63.0
96 94 64.0
96 147 65.0
97 150 49.0
97 97 50.0
97 35 51.0
97 41 52.0
97 42 53.0
97 48 54.0
97 61 55.0
97 62 56.0
97 63 57.0
97 54 58.0
97 143 59.0
99 140 46.0
99 93 47.0
99 92 48.0
99 91 49.0
99 90 50.0
99 89 51.0
99 88 52.0
99 87 53.0
99 41 54.0
99 42 55.0
99 48 56.0
99 61 57.0
99 62 58.0
99 63 59.0
99 54 60.0
99 143 61.0
;
set fixedFlights :=
0 9 10
29 9 10
31 9 10
60 9 10
65 9 10
0 8 9
29 8 9
31 8 9
60 8 9
65 8 9
40 12 11
52 12 11
68 12 11
77 12 11
81 12 11
92 12 11
40 13 12
52 13 12
68 13 12
77 13 12
81 13 12
92 13 12
40 14 13
52 14 13
68 14 13
77 14 13
81 14 13
92 14 13
40 15 14
52 15 14
68 15 14
77 15 14
81 15 14
92 15 14
40 16 15
52 16 15
68 16 15
77 16 15
81 16 15
92 16 15
40 17 16
52 17 16
68 17 16
77 17 16
81 17 16
92 17 16
40 18 17
52 18 17
68 18 17
77 18 17
81 18 17
92 18 17
43 20 19
48 20 19
56 20 19
89 20 19
0 10 21
29 10 21
31 10 21
60 10 21
65 10 21
0 21 22
29 21 22
31 21 22
60 21 22
65 21 22
0 22 23
29 22 23
31 22 23
60 22 23
65 22 23
0 23 24
29 23 24
31 23 24
60 23 24
65 23 24
0 24 25
29 24 25
31 24 25
60 24 25
65 24 25
43 26 20
48 26 20
56 26 20
89 26 20
43 27 26
48 27 26
56 27 26
89 27 26
43 28 27
48 28 27
56 28 27
89 28 27
43 29 28
48 29 28
56 29 28
89 29 28
43 30 29
48 30 29
56 30 29
89 30 29
24 34 35
59 34 35
64 34 35
21 36 31
34 36 31
39 36 31
57 36 31
61 36 31
79 36 31
80 36 31
96 36 31
34 37 36
43 37 36
48 37 36
56 37 36
57 37 36
61 37 36
79 37 36
89 37 36
4 41 40
14 41 40
17 41 40
21 41 40
36 41 40
39 41 40
45 41 40
71 41 40
80 41 40
93 41 40
96 41 40
17 35 41
25 35 41
76 35 41
97 35 41
10 41 42
25 41 42
27 41 42
50 41 42
53 41 42
66 41 42
72 41 42
74 41 42
76 41 42
97 41 42
99 41 42
0 32 38
19 32 38
29 32 38
41 32 38
44 32 38
47 32 38
60 32 38
73 32 38
0 38 43
4 38 43
14 38 43
17 38 43
19 38 43
29 38 43
41 38 43
44 38 43
47 38 43
60 38 43
73 38 43
0 43 44
4 43 44
14 43 44
17 43 44
19 43 44
29 43 44
41 43 44
44 43 44
47 43 44
60 43 44
73 43 44
34 45 37
43 45 37
48 45 37
56 45 37
57 45 37
61 45 37
79 45 37
89 45 37
0 31 32
29 31 32
31 31 32
60 31 32
61 31 32
15 45 44
28 45 44
15 44 46
19 44 46
28 44 46
73 44 46
15 46 47
19 46 47
28 46 47
73 46 47
15 47 48
19 47 48
28 47 48
35 47 48
73 47 48
10 42 48
25 42 48
27 42 48
50 42 48
53 42 48
66 42 48
72 42 48
74 42 48
76 42 48
97 42 48
99 42 48
3 49 50
24 49 50
26 49 50
34 49 50
50 49 50
51 49 50
53 49 50
75 49 50
34 51 52
43 51 52
56 51 52
79 51 52
15 52 45
28 52 45
34 52 45
43 52 45
48 52 45
56 52 45
57 52 45
61 52 45
79 52 45
89 52 45
0 44 51
4 44 51
14 44 51
17 44 51
29 44 51
41 44 51
44 44 51
47 44 51
60 44 51
10 48 49
19 48 49
25 48 49
27 48 49
50 48 49
53 48 49
66 48 49
73 48 49
74 48 49
3 50 47
24 50 47
26 50 47
35 50 47
55 50 47
59 50 47
3 47 53
24 47 53
26 47 53
55 47 53
59 47 53
3 53 40
24 53 40
26 53 40
55 53 40
59 53 40
3 40 34
24 40 34
26 40 34
36 40 34
45 40 34
55 40 34
59 40 34
71 40 34
93 40 34
15 54 143
28 54 143
35 54 143
72 54 143
76 54 143
97 54 143
99 54 143
7 57 55
33 57 55
38 57 55
42 57 55
46 57 55
67 57 55
69 57 55
70 57 55
82 57 55
83 57 55
23 56 58
40 56 58
52 56 58
58 56 58
68 56 58
77 56 58
81 56 58
84 56 58
86 56 58
92 56 58
7 59 57
33 59 57
38 59 57
42 59 57
46 59 57
67 59 57
69 59 57
70 59 57
82 59 57
83 59 57
23 58 60
40 58 60
52 58 60
58 58 60
68 58 60
77 58 60
81 58 60
84 58 60
86 58 60
92 58 60
23 60 141
40 60 141
52 60 141
58 60 141
68 60 141
77 60 141
81 60 141
84 60 141
86 60 141
92 60 141
7 142 59
33 142 59
38 142 59
42 142 59
46 142 59
67 142 59
69 142 59
70 142 59
82 142 59
83 142 59
15 48 61
28 48 61
35 48 61
72 48 61
76 48 61
97 48 61
99 48 61
15 61 62
28 61 62
35 61 62
72 61 62
76 61 62
97 61 62
99 61 62
15 62 63
28 62 63
35 62 63
72 62 63
76 62 63
97 62 63
99 62 63
3 66 65
24 66 65
26 66 65
34 66 65
49 66 65
51 66 65
75 66 65
87 66 65
3 67 66
24 67 66
26 67 66
34 67 66
49 67 66
51 67 66
75 67 66
87 67 66
3 68 67
24 68 67
26 68 67
34 68 67
49 68 67
51 68 67
75 68 67
87 68 67
3 144 68
24 144 68
26 144 68
34 144 68
49 144 68
51 144 68
75 144 68
87 144 68
34 64 51
43 64 51
50 64 51
51 64 51
53 64 51
56 64 51
75 64 51
79 64 51
15 63 54
28 63 54
35 63 54
72 63 54
76 63 54
97 63 54
99 63 54
3 65 49
24 65 49
26 65 49
34 65 49
49 65 49
51 65 49
75 65 49
87 65 49
34 50 64
43 50 64
50 50 64
51 50 64
53 50 64
56 50 64
75 50 64
79 50 64
0 25 33
29 25 33
31 25 33
60 25 33
65 25 33
0 33 69
29 33 69
31 33 69
60 33 69
65 33 69
0 69 71
29 69 71
31 69 71
60 69 71
65 69 71
0 71 73
29 71 73
31 71 73
60 71 73
65 71 73
0 73 75
29 73 75
31 73 75
60 73 75
65 73 75
0 75 77
29 75 77
31 75 77
60 75 77
65 75 77
0 77 31
29 77 31
31 77 31
60 77 31
65 77 31
4 40 80
14 40 80
17 40 80
21 40 80
39 40 80
80 40 80
96 40 80
4 80 38
14 80 38
17 80 38
21 80 38
39 80 38
80 80 38
96 80 38
21 38 36
39 38 36
80 38 36
96 38 36
43 36 78
48 36 78
56 36 78
89 36 78
43 78 76
48 78 76
56 78 76
89 78 76
43 76 74
48 76 74
56 76 74
89 76 74
43 74 72
48 74 72
56 74 72
89 74 72
43 72 70
48 72 70
56 72 70
89 72 70
43 70 39
48 70 39
56 70 39
89 70 39
43 39 30
48 39 30
56 39 30
89 39 30
31 32 79
61 32 79
64 32 79
31 79 34
61 79 34
64 79 34
19 148 95
41 148 95
44 148 95
47 148 95
64 148 95
73 148 95
21 94 147
34 94 147
39 94 147
57 94 147
65 94 147
79 94 147
80 94 147
96 94 147
15 152 100
28 152 100
48 152 100
57 152 100
61 152 100
89 152 100
0 101 151
4 101 151
14 101 151
17 101 151
29 101 151
41 101 151
44 101 151
47 101 151
50 101 151
51 101 151
53 101 151
60 101 151
75 101 151
35 154 98
43 154 98
55 154 98
56 154 98
59 154 98
79 154 98
10 99 153
19 99 153
25 99 153
27 99 153
49 99 153
66 99 153
73 99 153
74 99 153
87 99 153
3 96 149
26 96 149
31 96 149
36 96 149
45 96 149
55 96 149
61 96 149
71 96 149
93 96 149
17 150 97
25 150 97
76 150 97
97 150 97
17 97 35
25 97 35
76 97 35
97 97 35
19 95 32
41 95 32
44 95 32
47 95 32
64 95 32
73 95 32
21 31 94
34 31 94
39 31 94
57 31 94
65 31 94
79 31 94
80 31 94
96 31 94
3 34 96
26 34 96
31 34 96
36 34 96
45 34 96
55 34 96
61 34 96
71 34 96
93 34 96
0 51 101
4 51 101
14 51 101
17 51 101
29 51 101
41 51 101
44 51 101
47 51 101
50 51 101
51 51 101
53 51 101
60 51 101
75 51 101
15 100 52
28 100 52
48 100 52
57 100 52
61 100 52
89 100 52
35 98 50
43 98 50
55 98 50
56 98 50
59 98 50
79 98 50
10 49 99
19 49 99
25 49 99
27 49 99
49 49 99
66 49 99
73 49 99
74 49 99
87 49 99
24 35 81
59 35 81
64 35 81
24 81 82
59 81 82
64 81 82
24 82 83
59 82 83
64 82 83
24 83 84
59 83 84
64 83 84
24 84 85
59 84 85
64 84 85
24 85 86
59 85 86
64 85 86
4 93 92
10 93 92
14 93 92
21 93 92
27 93 92
36 93 92
39 93 92
45 93 92
50 93 92
53 93 92
66 93 92
71 93 92
72 93 92
74 93 92
80 93 92
93 93 92
96 93 92
99 93 92
4 92 91
10 92 91
14 92 91
21 92 91
27 92 91
36 92 91
39 92 91
45 92 91
50 92 91
53 92 91
66 92 91
71 92 91
72 92 91
74 92 91
80 92 91
93 92 91
96 92 91
99 92 91
4 91 90
10 91 90
14 91 90
21 91 90
27 91 90
36 91 90
39 91 90
45 91 90
50 91 90
53 91 90
66 91 90
71 91 90
72 91 90
74 91 90
80 91 90
93 91 90
96 91 90
99 91 90
4 90 89
10 90 89
14 90 89
21 90 89
27 90 89
36 90 89
39 90 89
45 90 89
50 90 89
53 90 89
66 90 89
71 90 89
72 90 89
74 90 89
80 90 89
93 90 89
96 90 89
99 90 89
4 89 88
10 89 88
14 89 88
21 89 88
27 89 88
36 89 88
39 89 88
45 89 88
50 89 88
53 89 88
66 89 88
71 89 88
72 89 88
74 89 88
80 89 88
93 89 88
96 89 88
99 89 88
4 88 87
10 88 87
14 88 87
21 88 87
27 88 87
36 88 87
39 88 87
45 88 87
50 88 87
53 88 87
66 88 87
71 88 87
72 88 87
74 88 87
80 88 87
93 88 87
96 88 87
99 88 87
4 87 41
10 87 41
14 87 41
21 87 41
27 87 41
36 87 41
39 87 41
45 87 41
50 87 41
53 87 41
66 87 41
71 87 41
72 87 41
74 87 41
80 87 41
93 87 41
96 87 41
99 87 41
24 86 139
59 86 139
64 86 139
4 140 93
10 140 93
14 140 93
21 140 93
27 140 93
36 140 93
39 140 93
45 140 93
50 140 93
53 140 93
66 140 93
71 140 93
72 140 93
74 140 93
80 140 93
93 140 93
96 140 93
99 140 93
43 108 145
48 108 145
54 108 145
56 108 145
63 108 145
89 108 145
0 146 107
29 146 107
31 146 107
40 146 107
52 146 107
60 146 107
65 146 107
68 146 107
77 146 107
81 146 107
90 146 107
92 146 107
23 11 56
40 11 56
52 11 56
58 11 56
68 11 56
77 11 56
81 11 56
84 11 56
86 11 56
92 11 56
23 2 11
58 2 11
84 2 11
86 2 11
0 107 18
29 107 18
31 107 18
40 107 18
52 107 18
60 107 18
65 107 18
68 107 18
77 107 18
81 107 18
90 107 18
92 107 18
0 18 8
29 18 8
31 18 8
60 18 8
65 18 8
90 18 8
54 9 19
63 9 19
43 19 108
48 19 108
54 19 108
56 19 108
63 19 108
89 19 108
7 55 106
33 55 106
38 55 106
42 55 106
46 55 106
67 55 106
69 55 106
70 55 106
82 55 106
83 55 106
7 106 1
33 106 1
38 106 1
42 106 1
46 106 1
67 106 1
69 106 1
70 106 1
82 106 1
83 106 1
7 1 121
33 1 121
38 1 121
42 1 121
46 1 121
67 1 121
69 1 121
70 1 121
82 1 121
83 1 121
7 121 122
33 121 122
38 121 122
42 121 122
46 121 122
67 121 122
69 121 122
70 121 122
82 121 122
83 121 122
23 109 2
58 109 2
84 109 2
86 109 2
23 110 109
58 110 109
84 110 109
86 110 109
23 104 102
58 104 102
84 104 102
86 104 102
23 102 114
58 102 114
84 102 114
86 102 114
90 115 102
90 102 103
23 105 104
54 105 104
58 105 104
63 105 104
84 105 104
86 105 104
54 104 134
63 104 134
54 134 133
63 134 133
90 116 115
90 8 117
90 117 118
90 118 119
90 119 120
90 120 116
54 133 132
63 133 132
54 132 131
63 132 131
54 131 130
63 131 130
54 130 129
63 130 129
54 129 128
63 129 128
54 128 9
63 128 9
7 122 123
33 122 123
38 122 123
42 122 123
46 122 123
67 122 123
69 122 123
70 122 123
82 122 123
83 122 123
7 123 124
33 123 124
38 123 124
42 123 124
46 123 124
67 123 124
69 123 124
70 123 124
82 123 124
83 123 124
7 124 125
33 124 125
38 124 125
42 124 125
46 124 125
67 124 125
69 124 125
70 124 125
82 124 125
83 124 125
7 125 126
33 125 126
38 125 126
42 125 126
46 125 126
67 125 126
69 125 126
70 125 126
82 125 126
83 125 126
7 126 127
33 126 127
38 126 127
42 126 127
46 126 127
67 126 127
69 126 127
70 126 127
82 126 127
83 126 127
7 127 103
33 127 103
38 127 103
42 127 103
46 127 103
67 127 103
69 127 103
70 127 103
82 127 103
83 127 103
23 114 113
58 114 113
84 114 113
86 114 113
23 113 112
58 113 112
84 113 112
86 113 112
23 112 111
58 112 111
84 112 111
86 112 111
23 111 110
58 111 110
84 111 110
86 111 110
7 103 135
33 103 135
38 103 135
42 103 135
46 103 135
67 103 135
69 103 135
70 103 135
82 103 135
83 103 135
90 103 135
7 135 137
33 135 137
38 135 137
42 135 137
46 135 137
67 135 137
69 135 137
70 135 137
82 135 137
83 135 137
90 135 137
23 138 136
54 138 136
58 138 136
63 138 136
84 138 136
86 138 136
23 136 105
54 136 105
58 136 105
63 136 105
84 136 105
86 136 105
;
;
set inFlight:=
0
3
4
7
10
14
15
17
19
21
23
28
29
31
33
36
39
;
param tini := 17.1;
