param nn:= 155;
set F:=
9
11
21
22
23
24
25
26
27
28
29
30
31
32
33
34
35
36
37
38
39
40
41
42
43
44
45
46
47
48
49
50
51
53
54
55
56
57
58
59
60
61
62
63
64
65
67
68
69
71
72
73
74
75
76
77
79
80
83
84
85
87
91
93
94
95
96
98
99
;
param: E: d:=
2 3 2.500000
3 4 2.500000
4 5 2.500000
5 6 2.500000
6 7 2.500000
7 0 2.500000
0 8 2.500000
9 10 2.500000
8 9 2.500000
12 11 2.500000
13 12 2.500000
14 13 2.500000
15 14 2.500000
16 15 2.500000
17 16 2.500000
18 17 2.500000
19 18 2.500000
20 19 2.500000
10 21 2.500000
21 22 2.500000
22 23 2.500000
23 24 2.500000
24 25 2.500000
26 20 2.500000
27 26 2.500000
28 27 2.500000
29 28 2.500000
30 29 2.500000
34 35 2.500000
36 31 2.500000
37 36 2.500000
41 40 2.500000
35 41 2.500000
41 42 2.500000
32 38 2.500000
38 43 2.500000
43 44 2.500000
45 37 2.500000
31 32 2.500000
45 44 2.500000
44 46 2.500000
46 47 2.500000
47 48 2.500000
42 48 2.500000
49 50 2.500000
51 52 2.500000
52 45 2.500000
44 51 2.500000
48 49 2.500000
50 47 2.500000
47 53 2.500000
53 40 2.500000
40 34 2.500000
54 143 1.500000
57 55 2.500000
56 58 2.500000
59 57 2.500000
58 60 2.500000
60 141 1.500000
142 59 1.500000
48 61 2.500000
61 62 2.500000
62 63 2.500000
66 65 2.500000
67 66 2.500000
68 67 2.500000
144 68 1.500000
2 1 2.500000
64 51 2.500000
63 54 2.500000
65 49 2.500000
50 64 2.500000
25 33 2.500000
33 69 2.500000
69 71 2.500000
71 73 2.500000
73 75 2.500000
75 77 2.500000
77 31 2.500000
40 80 2.500000
80 38 2.500000
38 36 2.500000
36 78 2.500000
78 76 2.500000
76 74 2.500000
74 72 2.500000
72 70 2.500000
70 39 2.500000
39 30 2.500000
32 79 2.500000
79 34 2.500000
148 95 1.500000
94 147 1.500000
152 100 1.500000
101 151 1.500000
154 98 1.500000
99 153 1.500000
96 149 1.500000
150 97 1.500000
97 35 2.500000
95 32 2.500000
31 94 2.500000
34 96 2.500000
51 101 2.500000
100 52 2.500000
98 50 2.500000
49 99 2.500000
35 81 2.500000
81 82 2.500000
82 83 2.500000
83 84 2.500000
84 85 2.500000
85 86 2.500000
93 92 2.500000
92 91 2.500000
91 90 2.500000
90 89 2.500000
89 88 2.500000
88 87 2.500000
87 41 2.500000
86 139 1.500000
140 93 1.500000
108 145 1.500000
146 107 1.500000
11 56 2.500000
2 11 2.500000
107 18 2.500000
18 8 2.500000
9 19 2.500000
19 108 2.500000
55 106 2.500000
106 1 2.500000
1 121 2.500000
121 122 2.500000
109 2 2.500000
110 109 2.500000
104 102 2.500000
102 114 2.500000
115 102 2.500000
102 103 2.500000
105 104 2.500000
104 134 2.500000
134 133 2.500000
103 105 2.500000
116 115 2.500000
8 117 2.500000
117 118 2.500000
118 119 2.500000
119 120 2.500000
120 116 2.500000
133 132 2.500000
132 131 2.500000
131 130 2.500000
130 129 2.500000
129 128 2.500000
128 9 2.500000
122 123 2.500000
123 124 2.500000
124 125 2.500000
125 126 2.500000
126 127 2.500000
127 103 2.500000
114 113 2.500000
113 112 2.500000
112 111 2.500000
111 110 2.500000
103 135 2.500000
135 137 1.500000
138 136 1.500000
136 105 2.500000
;
param s:=
9 146
11 144
21 138
22 152
23 148
24 146
25 138
26 154
27 148
28 154
29 144
30 140
31 142
32 140
33 140
34 140
35 144
36 142
37 152
38 148
39 138
40 150
41 140
42 154
43 148
44 150
45 146
46 142
47 142
48 138
49 148
50 148
51 150
53 150
54 138
55 150
56 154
57 152
58 146
59 146
60 142
61 148
62 138
63 146
64 138
65 142
67 144
68 150
69 150
71 146
72 152
73 144
74 142
75 144
76 152
77 142
79 148
80 138
83 142
84 146
85 138
87 154
91 142
93 144
94 146
95 146
96 144
98 144
99 140
;
param e:=
9 149
11 147
21 145
22 143
23 143
24 151
25 141
26 139
27 145
28 139
29 147
30 147
31 137
32 149
33 143
34 147
35 139
36 137
37 139
38 153
39 141
40 147
41 147
42 143
43 143
44 147
45 141
46 137
47 137
48 141
49 153
50 153
51 143
53 151
54 141
55 147
56 143
57 143
58 141
59 149
60 137
61 139
62 145
63 137
64 145
65 137
67 149
68 147
69 147
71 141
72 153
73 149
74 137
75 151
76 143
77 137
79 151
80 145
83 137
84 141
85 141
87 147
91 137
93 151
94 147
95 137
96 153
98 151
99 143
;
param v_min:=2.375
;
param v_max:=2.625
;
param :conflictsNodes: angle:=
0 7 8 1.000000
0 8 7 1.000000
1 2 121 1.154701
1 121 2 1.154701
1 2 106 1.000000
1 106 2 1.000000
1 106 121 1.000000
1 121 106 1.000000
2 3 11 1.000000
2 11 3 1.000000
2 3 109 1.154701
2 109 3 1.154701
2 1 3 1.000000
2 3 1 1.000000
2 1 11 1.000000
2 11 1 1.000000
2 1 109 1.000000
2 109 1 1.000000
2 11 109 1.000000
2 109 11 1.000000
3 2 4 1.000000
3 4 2 1.000000
4 3 5 1.000000
4 5 3 1.000000
5 4 6 1.000000
5 6 4 1.000000
6 5 7 1.000000
6 7 5 1.000000
7 0 6 1.000000
7 6 0 1.000000
8 0 9 1.000000
8 9 0 1.000000
8 0 117 1.154701
8 117 0 1.154701
8 0 18 1.000000
8 18 0 1.000000
8 9 117 1.000000
8 117 9 1.000000
8 9 18 1.000000
8 18 9 1.000000
8 18 117 1.000000
8 117 18 1.000000
9 8 10 1.000000
9 10 8 1.000000
9 8 19 1.000000
9 19 8 1.000000
9 8 128 1.154701
9 128 8 1.154701
9 10 19 1.000000
9 19 10 1.000000
9 10 128 1.000000
9 128 10 1.000000
9 19 128 1.000000
9 128 19 1.000000
10 9 21 1.000000
10 21 9 1.000000
11 2 12 1.000000
11 12 2 1.000000
11 2 56 1.000000
11 56 2 1.000000
11 12 56 1.000000
11 56 12 1.000000
12 11 13 1.000000
12 13 11 1.000000
13 12 14 1.000000
13 14 12 1.000000
14 13 15 1.000000
14 15 13 1.000000
15 14 16 1.000000
15 16 14 1.000000
16 15 17 1.000000
16 17 15 1.000000
17 16 18 1.000000
17 18 16 1.000000
18 17 19 1.000000
18 19 17 1.000000
18 17 107 1.000000
18 107 17 1.000000
18 8 17 1.000000
18 17 8 1.000000
18 8 19 1.000000
18 19 8 1.000000
18 8 107 1.000000
18 107 8 1.000000
18 19 107 1.000000
18 107 19 1.000000
19 9 18 1.000000
19 18 9 1.000000
19 9 108 1.000000
19 108 9 1.000000
19 9 20 1.000000
19 20 9 1.000000
19 18 108 1.000000
19 108 18 1.000000
19 18 20 1.000000
19 20 18 1.000000
19 20 108 1.000000
19 108 20 1.000000
20 19 26 1.000000
20 26 19 1.000000
21 10 22 1.000000
21 22 10 1.000000
22 21 23 1.000000
22 23 21 1.000000
23 22 24 1.000000
23 24 22 1.000000
24 23 25 1.000000
24 25 23 1.000000
25 24 33 1.000000
25 33 24 1.000000
26 20 27 1.000000
26 27 20 1.000000
27 26 28 1.000000
27 28 26 1.000000
28 27 29 1.000000
28 29 27 1.000000
29 28 30 1.000000
29 30 28 1.000000
30 29 39 1.000000
30 39 29 1.000000
31 36 94 1.000000
31 94 36 1.000000
31 36 77 1.000000
31 77 36 1.000000
31 32 36 1.000000
31 36 32 1.000000
31 32 94 1.000000
31 94 32 1.000000
31 32 77 1.000000
31 77 32 1.000000
31 77 94 1.000000
31 94 77 1.000000
32 31 38 1.000000
32 38 31 1.000000
32 31 79 1.000000
32 79 31 1.000000
32 31 95 1.000000
32 95 31 1.000000
32 38 79 1.000000
32 79 38 1.000000
32 38 95 1.000000
32 95 38 1.000000
32 79 95 1.000000
32 95 79 1.000000
33 25 69 1.000000
33 69 25 1.000000
34 35 96 1.000000
34 96 35 1.000000
34 35 40 1.000000
34 40 35 1.000000
34 35 79 1.000000
34 79 35 1.000000
34 40 96 1.000000
34 96 40 1.000000
34 40 79 1.000000
34 79 40 1.000000
34 79 96 1.000000
34 96 79 1.000000
35 34 41 1.000000
35 41 34 1.000000
35 34 81 1.000000
35 81 34 1.000000
35 34 97 1.000000
35 97 34 1.000000
35 41 81 1.000000
35 81 41 1.000000
35 41 97 1.000000
35 97 41 1.000000
35 81 97 1.189773
35 97 81 1.189773
36 31 78 1.000000
36 78 31 1.000000
36 31 37 1.000000
36 37 31 1.000000
36 31 38 1.000000
36 38 31 1.000000
36 37 78 1.000000
36 78 37 1.000000
36 37 38 1.000000
36 38 37 1.000000
36 38 78 1.000000
36 78 38 1.000000
37 36 45 1.000000
37 45 36 1.000000
38 32 43 1.000000
38 43 32 1.000000
38 32 36 1.000000
38 36 32 1.000000
38 32 80 1.000000
38 80 32 1.000000
38 43 80 1.000000
38 80 43 1.000000
38 36 43 1.000000
38 43 36 1.000000
38 36 80 1.000000
38 80 36 1.000000
39 30 70 1.000000
39 70 30 1.000000
40 41 80 1.000000
40 80 41 1.000000
40 41 53 1.000000
40 53 41 1.000000
40 34 41 1.000000
40 41 34 1.000000
40 34 80 1.000000
40 80 34 1.000000
40 34 53 1.000000
40 53 34 1.000000
40 53 80 1.000000
40 80 53 1.000000
41 35 40 1.000000
41 40 35 1.000000
41 35 42 1.000000
41 42 35 1.000000
41 35 87 1.189773
41 87 35 1.189773
41 40 42 1.000000
41 42 40 1.000000
41 40 87 1.000000
41 87 40 1.000000
41 42 87 1.000000
41 87 42 1.000000
42 41 48 1.000000
42 48 41 1.000000
43 38 44 1.000000
43 44 38 1.000000
44 43 46 1.000000
44 46 43 1.000000
44 43 51 1.000000
44 51 43 1.000000
44 43 45 1.000000
44 45 43 1.000000
44 46 51 1.000000
44 51 46 1.000000
44 45 46 1.000000
44 46 45 1.000000
44 45 51 1.000000
44 51 45 1.000000
45 37 44 1.000000
45 44 37 1.000000
45 37 52 1.000000
45 52 37 1.000000
45 44 52 1.000000
45 52 44 1.000000
46 44 47 1.000000
46 47 44 1.000000
47 46 48 1.000000
47 48 46 1.000000
47 46 53 1.000000
47 53 46 1.000000
47 46 50 1.000000
47 50 46 1.000000
47 48 53 1.000000
47 53 48 1.000000
47 48 50 1.000000
47 50 48 1.000000
47 50 53 1.000000
47 53 50 1.000000
48 42 47 1.000000
48 47 42 1.000000
48 42 49 1.000000
48 49 42 1.000000
48 42 61 1.000000
48 61 42 1.000000
48 47 49 1.000000
48 49 47 1.000000
48 47 61 1.000000
48 61 47 1.000000
48 49 61 1.000000
48 61 49 1.000000
49 48 50 1.000000
49 50 48 1.000000
49 48 99 1.000000
49 99 48 1.000000
49 48 65 1.000000
49 65 48 1.000000
49 50 99 1.000000
49 99 50 1.000000
49 50 65 1.000000
49 65 50 1.000000
49 65 99 1.000000
49 99 65 1.000000
50 49 64 1.000000
50 64 49 1.000000
50 49 98 1.000000
50 98 49 1.000000
50 47 49 1.000000
50 49 47 1.000000
50 47 64 1.000000
50 64 47 1.000000
50 47 98 1.000000
50 98 47 1.000000
50 64 98 1.000000
50 98 64 1.000000
51 44 52 1.000000
51 52 44 1.000000
51 44 101 1.000000
51 101 44 1.000000
51 44 64 1.000000
51 64 44 1.000000
51 52 101 1.000000
51 101 52 1.000000
51 52 64 1.000000
51 64 52 1.000000
51 64 101 1.000000
51 101 64 1.000000
52 51 100 1.000000
52 100 51 1.000000
52 45 51 1.000000
52 51 45 1.000000
52 45 100 1.000000
52 100 45 1.000000
53 40 47 1.000000
53 47 40 1.000000
55 57 106 1.000000
55 106 57 1.000000
56 11 58 1.000000
56 58 11 1.000000
57 55 59 1.000000
57 59 55 1.000000
58 56 60 1.000000
58 60 56 1.000000
61 48 62 1.000000
61 62 48 1.000000
62 61 63 1.000000
62 63 61 1.000000
63 54 62 1.000000
63 62 54 1.000000
64 50 51 1.000000
64 51 50 1.000000
65 49 66 1.000000
65 66 49 1.000000
66 65 67 1.000000
66 67 65 1.000000
67 66 68 1.000000
67 68 66 1.000000
69 33 71 1.000000
69 71 33 1.000000
70 39 72 1.000000
70 72 39 1.000000
71 69 73 1.000000
71 73 69 1.000000
72 70 74 1.000000
72 74 70 1.000000
73 71 75 1.000000
73 75 71 1.000000
74 72 76 1.000000
74 76 72 1.000000
75 73 77 1.000000
75 77 73 1.000000
76 74 78 1.000000
76 78 74 1.000000
77 31 75 1.000000
77 75 31 1.000000
78 36 76 1.000000
78 76 36 1.000000
79 32 34 1.000000
79 34 32 1.000000
80 38 40 1.000000
80 40 38 1.000000
81 35 82 1.000000
81 82 35 1.000000
82 81 83 1.000000
82 83 81 1.000000
83 82 84 1.000000
83 84 82 1.000000
84 83 85 1.000000
84 85 83 1.000000
85 84 86 1.000000
85 86 84 1.000000
87 41 88 1.000000
87 88 41 1.000000
88 87 89 1.000000
88 89 87 1.000000
89 88 90 1.000000
89 90 88 1.000000
90 89 91 1.000000
90 91 89 1.000000
91 90 92 1.000000
91 92 90 1.000000
92 91 93 1.000000
92 93 91 1.000000
102 104 114 1.000000
102 114 104 1.000000
102 104 115 1.000000
102 115 104 1.000000
102 114 115 1.154701
102 115 114 1.154701
102 103 104 1.154701
102 104 103 1.154701
102 103 114 1.000000
102 114 103 1.000000
102 103 115 1.000000
102 115 103 1.000000
103 102 105 1.000000
103 105 102 1.000000
103 102 135 1.000000
103 135 102 1.000000
103 102 127 1.154701
103 127 102 1.154701
103 105 135 1.154701
103 135 105 1.154701
103 105 127 1.000000
103 127 105 1.000000
103 127 135 1.000000
103 135 127 1.000000
104 102 134 1.154701
104 134 102 1.154701
104 102 105 1.000000
104 105 102 1.000000
104 105 134 1.000000
104 134 105 1.000000
105 103 104 1.154701
105 104 103 1.154701
105 103 136 1.000000
105 136 103 1.000000
105 104 136 1.000000
105 136 104 1.000000
106 1 55 1.000000
106 55 1 1.000000
109 2 110 1.000000
109 110 2 1.000000
110 109 111 1.000000
110 111 109 1.000000
111 110 112 1.000000
111 112 110 1.000000
112 111 113 1.000000
112 113 111 1.000000
113 112 114 1.000000
113 114 112 1.000000
114 102 113 1.000000
114 113 102 1.000000
115 102 116 1.000000
115 116 102 1.000000
116 115 120 1.000000
116 120 115 1.000000
117 8 118 1.000000
117 118 8 1.000000
118 117 119 1.000000
118 119 117 1.000000
119 118 120 1.000000
119 120 118 1.000000
120 116 119 1.000000
120 119 116 1.000000
121 1 122 1.000000
121 122 1 1.000000
122 121 123 1.000000
122 123 121 1.000000
123 122 124 1.000000
123 124 122 1.000000
124 123 125 1.000000
124 125 123 1.000000
125 124 126 1.000000
125 126 124 1.000000
126 125 127 1.000000
126 127 125 1.000000
127 103 126 1.000000
127 126 103 1.000000
128 9 129 1.000000
128 129 9 1.000000
129 128 130 1.000000
129 130 128 1.000000
130 129 131 1.000000
130 131 129 1.000000
131 130 132 1.000000
131 132 130 1.000000
132 131 133 1.000000
132 133 131 1.000000
133 132 134 1.000000
133 134 132 1.000000
134 104 133 1.000000
134 133 104 1.000000
;
param D:=0.5;
param t_hat_ear:=
9 146 2.0
9 107 3.0
9 18 4.0
9 8 5.0
9 9 6.0
9 10 7.0
9 21 8.0
9 22 9.0
9 23 10.0
9 24 11.0
9 25 12.0
9 33 13.0
9 69 14.0
9 71 15.0
9 73 16.0
9 75 17.0
9 77 18.0
9 31 19.0
9 32 20.0
9 79 21.0
9 34 22.0
9 96 23.0
9 149 24.0
11 144 8.0
11 68 9.0
11 67 10.0
11 66 11.0
11 65 12.0
11 49 13.0
11 50 14.0
11 47 15.0
11 53 16.0
11 40 17.0
11 80 18.0
11 38 19.0
11 36 20.0
11 31 21.0
11 94 22.0
11 147 23.0
21 138 10.0
21 136 11.0
21 105 12.0
21 104 13.0
21 134 14.0
21 133 15.0
21 132 16.0
21 131 17.0
21 130 18.0
21 129 19.0
21 128 20.0
21 9 21.0
21 19 22.0
21 108 23.0
21 145 24.0
22 152 13.0
22 100 14.0
22 52 15.0
22 45 16.0
22 44 17.0
22 46 18.0
22 47 19.0
22 48 20.0
22 61 21.0
22 62 22.0
22 63 23.0
22 54 24.0
22 143 25.0
23 148 26.0
23 95 27.0
23 32 28.0
23 38 29.0
23 43 30.0
23 44 31.0
23 46 32.0
23 47 33.0
23 48 34.0
23 61 35.0
23 62 36.0
23 63 37.0
23 54 38.0
23 143 39.0
24 146 14.0
24 107 15.0
24 18 16.0
24 8 17.0
24 9 18.0
24 10 19.0
24 21 20.0
24 22 21.0
24 23 22.0
24 24 23.0
24 25 24.0
24 33 25.0
24 69 26.0
24 71 27.0
24 73 28.0
24 75 29.0
24 77 30.0
24 31 31.0
24 32 32.0
24 38 33.0
24 43 34.0
24 44 35.0
24 51 36.0
24 101 37.0
24 151 38.0
25 138 12.0
25 136 13.0
25 105 14.0
25 104 15.0
25 102 16.0
25 114 17.0
25 113 18.0
25 112 19.0
25 111 20.0
25 110 21.0
25 109 22.0
25 2 23.0
25 11 24.0
25 56 25.0
25 58 26.0
25 60 27.0
25 141 28.0
26 154 14.0
26 98 15.0
26 50 16.0
26 47 17.0
26 53 18.0
26 40 19.0
26 34 20.0
26 35 21.0
26 81 22.0
26 82 23.0
26 83 24.0
26 84 25.0
26 85 26.0
26 86 27.0
26 139 28.0
27 148 14.0
27 95 15.0
27 32 16.0
27 38 17.0
27 36 18.0
27 78 19.0
27 76 20.0
27 74 21.0
27 72 22.0
27 70 23.0
27 39 24.0
27 30 25.0
27 29 26.0
27 28 27.0
27 27 28.0
27 26 29.0
27 20 30.0
27 19 31.0
27 108 32.0
27 145 33.0
28 154 28.0
28 98 29.0
28 50 30.0
28 47 31.0
28 53 32.0
28 40 33.0
28 34 34.0
28 35 35.0
28 81 36.0
28 82 37.0
28 83 38.0
28 84 39.0
28 85 40.0
28 86 41.0
28 139 42.0
29 144 14.0
29 68 15.0
29 67 16.0
29 66 17.0
29 65 18.0
29 49 19.0
29 50 20.0
29 47 21.0
29 53 22.0
29 40 23.0
29 80 24.0
29 38 25.0
29 36 26.0
29 31 27.0
29 94 28.0
29 147 29.0
30 140 16.0
30 93 17.0
30 92 18.0
30 91 19.0
30 90 20.0
30 89 21.0
30 88 22.0
30 87 23.0
30 41 24.0
30 40 25.0
30 80 26.0
30 38 27.0
30 36 28.0
30 31 29.0
30 94 30.0
30 147 31.0
31 142 10.0
31 59 11.0
31 57 12.0
31 55 13.0
31 106 14.0
31 1 15.0
31 121 16.0
31 122 17.0
31 123 18.0
31 124 19.0
31 125 20.0
31 126 21.0
31 127 22.0
31 103 23.0
31 135 24.0
31 137 25.0
32 140 26.0
32 93 27.0
32 92 28.0
32 91 29.0
32 90 30.0
32 89 31.0
32 88 32.0
32 87 33.0
32 41 34.0
32 40 35.0
32 34 36.0
32 96 37.0
32 149 38.0
33 140 14.0
33 93 15.0
33 92 16.0
33 91 17.0
33 90 18.0
33 89 19.0
33 88 20.0
33 87 21.0
33 41 22.0
33 42 23.0
33 48 24.0
33 61 25.0
33 62 26.0
33 63 27.0
33 54 28.0
33 143 29.0
34 140 12.0
34 93 13.0
34 92 14.0
34 91 15.0
34 90 16.0
34 89 17.0
34 88 18.0
34 87 19.0
34 41 20.0
34 40 21.0
34 80 22.0
34 38 23.0
34 36 24.0
34 31 25.0
34 94 26.0
34 147 27.0
35 144 18.0
35 68 19.0
35 67 20.0
35 66 21.0
35 65 22.0
35 49 23.0
35 50 24.0
35 47 25.0
35 53 26.0
35 40 27.0
35 34 28.0
35 35 29.0
35 81 30.0
35 82 31.0
35 83 32.0
35 84 33.0
35 85 34.0
35 86 35.0
35 139 36.0
36 142 12.0
36 59 13.0
36 57 14.0
36 55 15.0
36 106 16.0
36 1 17.0
36 121 18.0
36 122 19.0
36 123 20.0
36 124 21.0
36 125 22.0
36 126 23.0
36 127 24.0
36 103 25.0
36 135 26.0
36 137 27.0
37 152 23.0
37 100 24.0
37 52 25.0
37 45 26.0
37 44 27.0
37 46 28.0
37 47 29.0
37 53 30.0
37 40 31.0
37 34 32.0
37 35 33.0
37 81 34.0
37 82 35.0
37 83 36.0
37 84 37.0
37 85 38.0
37 86 39.0
37 139 40.0
38 148 28.0
38 95 29.0
38 32 30.0
38 38 31.0
38 43 32.0
38 44 33.0
38 46 34.0
38 47 35.0
38 48 36.0
38 49 37.0
38 99 38.0
38 153 39.0
39 138 15.0
39 136 16.0
39 105 17.0
39 104 18.0
39 102 19.0
39 114 20.0
39 113 21.0
39 112 22.0
39 111 23.0
39 110 24.0
39 109 25.0
39 2 26.0
39 11 27.0
39 56 28.0
39 58 29.0
39 60 30.0
39 141 31.0
40 150 49.0
40 97 50.0
40 35 51.0
40 41 52.0
40 40 53.0
40 80 54.0
40 38 55.0
40 36 56.0
40 31 57.0
40 94 58.0
40 147 59.0
41 140 28.0
41 93 29.0
41 92 30.0
41 91 31.0
41 90 32.0
41 89 33.0
41 88 34.0
41 87 35.0
41 41 36.0
41 40 37.0
41 80 38.0
41 38 39.0
41 36 40.0
41 31 41.0
41 94 42.0
41 147 43.0
42 154 34.0
42 98 35.0
42 50 36.0
42 47 37.0
42 48 38.0
42 61 39.0
42 62 40.0
42 63 41.0
42 54 42.0
42 143 43.0
43 148 44.0
43 95 45.0
43 32 46.0
43 38 47.0
43 43 48.0
43 44 49.0
43 46 50.0
43 47 51.0
43 48 52.0
43 61 53.0
43 62 54.0
43 63 55.0
43 54 56.0
43 143 57.0
44 150 35.0
44 97 36.0
44 35 37.0
44 41 38.0
44 40 39.0
44 80 40.0
44 38 41.0
44 36 42.0
44 31 43.0
44 94 44.0
44 147 45.0
45 146 28.0
45 107 29.0
45 18 30.0
45 17 31.0
45 16 32.0
45 15 33.0
45 14 34.0
45 13 35.0
45 12 36.0
45 11 37.0
45 56 38.0
45 58 39.0
45 60 40.0
45 141 41.0
46 142 20.0
46 59 21.0
46 57 22.0
46 55 23.0
46 106 24.0
46 1 25.0
46 121 26.0
46 122 27.0
46 123 28.0
46 124 29.0
46 125 30.0
46 126 31.0
46 127 32.0
46 103 33.0
46 135 34.0
46 137 35.0
47 142 22.0
47 59 23.0
47 57 24.0
47 55 25.0
47 106 26.0
47 1 27.0
47 121 28.0
47 122 29.0
47 123 30.0
47 124 31.0
47 125 32.0
47 126 33.0
47 127 34.0
47 103 35.0
47 135 36.0
47 137 37.0
48 138 22.0
48 136 23.0
48 105 24.0
48 104 25.0
48 102 26.0
48 114 27.0
48 113 28.0
48 112 29.0
48 111 30.0
48 110 31.0
48 109 32.0
48 2 33.0
48 11 34.0
48 56 35.0
48 58 36.0
48 60 37.0
48 141 38.0
49 148 46.0
49 95 47.0
49 32 48.0
49 38 49.0
49 43 50.0
49 44 51.0
49 46 52.0
49 47 53.0
49 48 54.0
49 49 55.0
49 99 56.0
49 153 57.0
50 148 34.0
50 95 35.0
50 32 36.0
50 38 37.0
50 43 38.0
50 44 39.0
50 46 40.0
50 47 41.0
50 48 42.0
50 49 43.0
50 99 44.0
50 153 45.0
51 150 25.0
51 97 26.0
51 35 27.0
51 41 28.0
51 42 29.0
51 48 30.0
51 61 31.0
51 62 32.0
51 63 33.0
51 54 34.0
51 143 35.0
53 150 39.0
53 97 40.0
53 35 41.0
53 41 42.0
53 40 43.0
53 80 44.0
53 38 45.0
53 43 46.0
53 44 47.0
53 51 48.0
53 101 49.0
53 151 50.0
54 138 20.0
54 136 21.0
54 105 22.0
54 104 23.0
54 102 24.0
54 114 25.0
54 113 26.0
54 112 27.0
54 111 28.0
54 110 29.0
54 109 30.0
54 2 31.0
54 11 32.0
54 56 33.0
54 58 34.0
54 60 35.0
54 141 36.0
55 150 37.0
55 97 38.0
55 35 39.0
55 41 40.0
55 40 41.0
55 80 42.0
55 38 43.0
55 36 44.0
55 31 45.0
55 94 46.0
55 147 47.0
56 154 36.0
56 98 37.0
56 50 38.0
56 47 39.0
56 48 40.0
56 61 41.0
56 62 42.0
56 63 43.0
56 54 44.0
56 143 45.0
57 152 21.0
57 100 22.0
57 52 23.0
57 45 24.0
57 44 25.0
57 46 26.0
57 47 27.0
57 48 28.0
57 61 29.0
57 62 30.0
57 63 31.0
57 54 32.0
57 143 33.0
58 146 20.0
58 107 21.0
58 18 22.0
58 17 23.0
58 16 24.0
58 15 25.0
58 14 26.0
58 13 27.0
58 12 28.0
58 11 29.0
58 56 30.0
58 58 31.0
58 60 32.0
58 141 33.0
59 146 23.1
59 107 23.0
59 18 24.0
59 8 25.0
59 9 26.0
59 10 27.0
59 21 28.0
59 22 29.0
59 23 30.0
59 24 31.0
59 25 32.0
59 33 33.0
59 69 34.0
59 71 35.0
59 73 36.0
59 75 37.0
59 77 38.0
59 31 39.0
59 32 40.0
59 79 41.0
59 34 42.0
59 96 43.0
59 149 44.0
60 142 30.0
60 59 31.0
60 57 32.0
60 55 33.0
60 106 34.0
60 1 35.0
60 121 36.0
60 122 37.0
60 123 38.0
60 124 39.0
60 125 40.0
60 126 41.0
60 127 42.0
60 103 43.0
60 135 44.0
60 137 45.0
61 148 49.0
61 95 50.0
61 32 51.0
61 79 52.0
61 34 53.0
61 35 54.0
61 81 55.0
61 82 56.0
61 83 57.0
61 84 58.0
61 85 59.0
61 86 60.0
61 139 61.0
62 138 30.0
62 136 31.0
62 105 32.0
62 104 33.0
62 134 34.0
62 133 35.0
62 132 36.0
62 131 37.0
62 130 38.0
62 129 39.0
62 128 40.0
62 9 41.0
62 19 42.0
62 108 43.0
62 145 44.0
63 146 34.0
63 107 35.0
63 18 36.0
63 8 37.0
63 117 38.0
63 118 39.0
63 119 40.0
63 120 41.0
63 116 42.0
63 115 43.0
63 102 44.0
63 103 45.0
63 135 46.0
63 137 47.0
64 138 39.0
64 136 40.0
64 105 41.0
64 104 42.0
64 134 43.0
64 133 44.0
64 132 45.0
64 131 46.0
64 130 47.0
64 129 48.0
64 128 49.0
64 9 50.0
64 19 51.0
64 108 52.0
64 145 53.0
65 142 34.0
65 59 35.0
65 57 36.0
65 55 37.0
65 106 38.0
65 1 39.0
65 121 40.0
65 122 41.0
65 123 42.0
65 124 43.0
65 125 44.0
65 126 45.0
65 127 46.0
65 103 47.0
65 135 48.0
65 137 49.0
67 144 48.0
67 68 49.0
67 67 50.0
67 66 51.0
67 65 52.0
67 49 53.0
67 50 54.0
67 47 55.0
67 53 56.0
67 40 57.0
67 34 58.0
67 96 59.0
67 149 60.0
68 150 45.0
68 97 46.0
68 35 47.0
68 41 48.0
68 40 49.0
68 80 50.0
68 38 51.0
68 36 52.0
68 31 53.0
68 94 54.0
68 147 55.0
69 150 47.0
69 97 48.0
69 35 49.0
69 41 50.0
69 40 51.0
69 80 52.0
69 38 53.0
69 36 54.0
69 31 55.0
69 94 56.0
69 147 57.0
71 146 39.0
71 107 40.0
71 18 41.0
71 17 42.0
71 16 43.0
71 15 44.0
71 14 45.0
71 13 46.0
71 12 47.0
71 11 48.0
71 56 49.0
71 58 50.0
71 60 51.0
71 141 52.0
72 152 41.0
72 100 42.0
72 52 43.0
72 45 44.0
72 44 45.0
72 46 46.0
72 47 47.0
72 48 48.0
72 49 49.0
72 99 50.0
72 153 51.0
73 144 36.0
73 68 37.0
73 67 38.0
73 66 39.0
73 65 40.0
73 49 41.0
73 50 42.0
73 47 43.0
73 53 44.0
73 40 45.0
73 34 46.0
73 96 47.0
73 149 48.0
74 142 36.0
74 59 37.0
74 57 38.0
74 55 39.0
74 106 40.0
74 1 41.0
74 121 42.0
74 122 43.0
74 123 44.0
74 124 45.0
74 125 46.0
74 126 47.0
74 127 48.0
74 103 49.0
74 135 50.0
74 137 51.0
75 144 34.0
75 68 35.0
75 67 36.0
75 66 37.0
75 65 38.0
75 49 39.0
75 50 40.0
75 64 41.0
75 51 42.0
75 101 43.0
75 151 44.0
76 152 39.0
76 100 40.0
76 52 41.0
76 45 42.0
76 44 43.0
76 46 44.0
76 47 45.0
76 48 46.0
76 61 47.0
76 62 48.0
76 63 49.0
76 54 50.0
76 143 51.0
77 142 39.0
77 59 40.0
77 57 41.0
77 55 42.0
77 106 43.0
77 1 44.0
77 121 45.0
77 122 46.0
77 123 47.0
77 124 48.0
77 125 49.0
77 126 50.0
77 127 51.0
77 103 52.0
77 135 53.0
77 137 54.0
79 148 32.0
79 95 33.0
79 32 34.0
79 38 35.0
79 43 36.0
79 44 37.0
79 51 38.0
79 101 39.0
79 151 40.0
80 138 47.0
80 136 48.0
80 105 49.0
80 104 50.0
80 134 51.0
80 133 52.0
80 132 53.0
80 131 54.0
80 130 55.0
80 129 56.0
80 128 57.0
80 9 58.0
80 19 59.0
80 108 60.0
80 145 61.0
83 142 41.0
83 59 42.0
83 57 43.0
83 55 44.0
83 106 45.0
83 1 46.0
83 121 47.0
83 122 48.0
83 123 49.0
83 124 50.0
83 125 51.0
83 126 52.0
83 127 53.0
83 103 54.0
83 135 55.0
83 137 56.0
84 146 43.0
84 107 44.0
84 18 45.0
84 17 46.0
84 16 47.0
84 15 48.0
84 14 49.0
84 13 50.0
84 12 51.0
84 11 52.0
84 56 53.0
84 58 54.0
84 60 55.0
84 141 56.0
85 138 49.0
85 136 50.0
85 105 51.0
85 104 52.0
85 102 53.0
85 114 54.0
85 113 55.0
85 112 56.0
85 111 57.0
85 110 58.0
85 109 59.0
85 2 60.0
85 11 61.0
85 56 62.0
85 58 63.0
85 60 64.0
85 141 65.0
87 154 42.0
87 98 43.0
87 50 44.0
87 64 45.0
87 51 46.0
87 52 47.0
87 45 48.0
87 37 49.0
87 36 50.0
87 31 51.0
87 94 52.0
87 147 53.0
91 142 43.0
91 59 44.0
91 57 45.0
91 55 46.0
91 106 47.0
91 1 48.0
91 121 49.0
91 122 50.0
91 123 51.0
91 124 52.0
91 125 53.0
91 126 54.0
91 127 55.0
91 103 56.0
91 135 57.0
91 137 58.0
93 144 42.0
93 68 43.0
93 67 44.0
93 66 45.0
93 65 46.0
93 49 47.0
93 50 48.0
93 64 49.0
93 51 50.0
93 101 51.0
93 151 52.0
94 146 49.0
94 107 50.0
94 18 51.0
94 8 52.0
94 9 53.0
94 10 54.0
94 21 55.0
94 22 56.0
94 23 57.0
94 24 58.0
94 25 59.0
94 33 60.0
94 69 61.0
94 71 62.0
94 73 63.0
94 75 64.0
94 77 65.0
94 31 66.0
94 94 67.0
94 147 68.0
95 146 47.0
95 107 48.0
95 18 49.0
95 8 50.0
95 117 51.0
95 118 52.0
95 119 53.0
95 120 54.0
95 116 55.0
95 115 56.0
95 102 57.0
95 103 58.0
95 135 59.0
95 137 60.0
96 144 40.0
96 68 41.0
96 67 42.0
96 66 43.0
96 65 44.0
96 49 45.0
96 99 46.0
96 153 47.0
98 144 46.0
98 68 47.0
98 67 48.0
98 66 49.0
98 65 50.0
98 49 51.0
98 50 52.0
98 64 53.0
98 51 54.0
98 101 55.0
98 151 56.0
99 140 49.0
99 93 50.0
99 92 51.0
99 91 52.0
99 90 53.0
99 89 54.0
99 88 55.0
99 87 56.0
99 41 57.0
99 42 58.0
99 48 59.0
99 61 60.0
99 62 61.0
99 63 62.0
99 54 63.0
99 143 64.0
;
param t_hat_lat:=
9 146 3.0
9 107 4.0
9 18 5.0
9 8 6.0
9 9 7.0
9 10 8.0
9 21 9.0
9 22 10.0
9 23 11.0
9 24 12.0
9 25 13.0
9 33 14.0
9 69 15.0
9 71 16.0
9 73 17.0
9 75 18.0
9 77 19.0
9 31 20.0
9 32 21.0
9 79 22.0
9 34 23.0
9 96 24.0
9 149 25.0
11 144 9.0
11 68 10.0
11 67 11.0
11 66 12.0
11 65 13.0
11 49 14.0
11 50 15.0
11 47 16.0
11 53 17.0
11 40 18.0
11 80 19.0
11 38 20.0
11 36 21.0
11 31 22.0
11 94 23.0
11 147 24.0
21 138 11.0
21 136 12.0
21 105 13.0
21 104 14.0
21 134 15.0
21 133 16.0
21 132 17.0
21 131 18.0
21 130 19.0
21 129 20.0
21 128 21.0
21 9 22.0
21 19 23.0
21 108 24.0
21 145 25.0
22 152 14.0
22 100 15.0
22 52 16.0
22 45 17.0
22 44 18.0
22 46 19.0
22 47 20.0
22 48 21.0
22 61 22.0
22 62 23.0
22 63 24.0
22 54 25.0
22 143 26.0
23 148 27.0
23 95 28.0
23 32 29.0
23 38 30.0
23 43 31.0
23 44 32.0
23 46 33.0
23 47 34.0
23 48 35.0
23 61 36.0
23 62 37.0
23 63 38.0
23 54 39.0
23 143 40.0
24 146 15.0
24 107 16.0
24 18 17.0
24 8 18.0
24 9 19.0
24 10 20.0
24 21 21.0
24 22 22.0
24 23 23.0
24 24 24.0
24 25 25.0
24 33 26.0
24 69 27.0
24 71 28.0
24 73 29.0
24 75 30.0
24 77 31.0
24 31 32.0
24 32 33.0
24 38 34.0
24 43 35.0
24 44 36.0
24 51 37.0
24 101 38.0
24 151 39.0
25 138 13.0
25 136 14.0
25 105 15.0
25 104 16.0
25 102 17.0
25 114 18.0
25 113 19.0
25 112 20.0
25 111 21.0
25 110 22.0
25 109 23.0
25 2 24.0
25 11 25.0
25 56 26.0
25 58 27.0
25 60 28.0
25 141 29.0
26 154 15.0
26 98 16.0
26 50 17.0
26 47 18.0
26 53 19.0
26 40 20.0
26 34 21.0
26 35 22.0
26 81 23.0
26 82 24.0
26 83 25.0
26 84 26.0
26 85 27.0
26 86 28.0
26 139 29.0
27 148 15.0
27 95 16.0
27 32 17.0
27 38 18.0
27 36 19.0
27 78 20.0
27 76 21.0
27 74 22.0
27 72 23.0
27 70 24.0
27 39 25.0
27 30 26.0
27 29 27.0
27 28 28.0
27 27 29.0
27 26 30.0
27 20 31.0
27 19 32.0
27 108 33.0
27 145 34.0
28 154 29.0
28 98 30.0
28 50 31.0
28 47 32.0
28 53 33.0
28 40 34.0
28 34 35.0
28 35 36.0
28 81 37.0
28 82 38.0
28 83 39.0
28 84 40.0
28 85 41.0
28 86 42.0
28 139 43.0
29 144 15.0
29 68 16.0
29 67 17.0
29 66 18.0
29 65 19.0
29 49 20.0
29 50 21.0
29 47 22.0
29 53 23.0
29 40 24.0
29 80 25.0
29 38 26.0
29 36 27.0
29 31 28.0
29 94 29.0
29 147 30.0
30 140 17.0
30 93 18.0
30 92 19.0
30 91 20.0
30 90 21.0
30 89 22.0
30 88 23.0
30 87 24.0
30 41 25.0
30 40 26.0
30 80 27.0
30 38 28.0
30 36 29.0
30 31 30.0
30 94 31.0
30 147 32.0
31 142 11.0
31 59 12.0
31 57 13.0
31 55 14.0
31 106 15.0
31 1 16.0
31 121 17.0
31 122 18.0
31 123 19.0
31 124 20.0
31 125 21.0
31 126 22.0
31 127 23.0
31 103 24.0
31 135 25.0
31 137 26.0
32 140 27.0
32 93 28.0
32 92 29.0
32 91 30.0
32 90 31.0
32 89 32.0
32 88 33.0
32 87 34.0
32 41 35.0
32 40 36.0
32 34 37.0
32 96 38.0
32 149 39.0
33 140 15.0
33 93 16.0
33 92 17.0
33 91 18.0
33 90 19.0
33 89 20.0
33 88 21.0
33 87 22.0
33 41 23.0
33 42 24.0
33 48 25.0
33 61 26.0
33 62 27.0
33 63 28.0
33 54 29.0
33 143 30.0
34 140 13.0
34 93 14.0
34 92 15.0
34 91 16.0
34 90 17.0
34 89 18.0
34 88 19.0
34 87 20.0
34 41 21.0
34 40 22.0
34 80 23.0
34 38 24.0
34 36 25.0
34 31 26.0
34 94 27.0
34 147 28.0
35 144 19.0
35 68 20.0
35 67 21.0
35 66 22.0
35 65 23.0
35 49 24.0
35 50 25.0
35 47 26.0
35 53 27.0
35 40 28.0
35 34 29.0
35 35 30.0
35 81 31.0
35 82 32.0
35 83 33.0
35 84 34.0
35 85 35.0
35 86 36.0
35 139 37.0
36 142 13.0
36 59 14.0
36 57 15.0
36 55 16.0
36 106 17.0
36 1 18.0
36 121 19.0
36 122 20.0
36 123 21.0
36 124 22.0
36 125 23.0
36 126 24.0
36 127 25.0
36 103 26.0
36 135 27.0
36 137 28.0
37 152 24.0
37 100 25.0
37 52 26.0
37 45 27.0
37 44 28.0
37 46 29.0
37 47 30.0
37 53 31.0
37 40 32.0
37 34 33.0
37 35 34.0
37 81 35.0
37 82 36.0
37 83 37.0
37 84 38.0
37 85 39.0
37 86 40.0
37 139 41.0
38 148 29.0
38 95 30.0
38 32 31.0
38 38 32.0
38 43 33.0
38 44 34.0
38 46 35.0
38 47 36.0
38 48 37.0
38 49 38.0
38 99 39.0
38 153 40.0
39 138 16.0
39 136 17.0
39 105 18.0
39 104 19.0
39 102 20.0
39 114 21.0
39 113 22.0
39 112 23.0
39 111 24.0
39 110 25.0
39 109 26.0
39 2 27.0
39 11 28.0
39 56 29.0
39 58 30.0
39 60 31.0
39 141 32.0
40 150 50.0
40 97 51.0
40 35 52.0
40 41 53.0
40 40 54.0
40 80 55.0
40 38 56.0
40 36 57.0
40 31 58.0
40 94 59.0
40 147 60.0
41 140 29.0
41 93 30.0
41 92 31.0
41 91 32.0
41 90 33.0
41 89 34.0
41 88 35.0
41 87 36.0
41 41 37.0
41 40 38.0
41 80 39.0
41 38 40.0
41 36 41.0
41 31 42.0
41 94 43.0
41 147 44.0
42 154 35.0
42 98 36.0
42 50 37.0
42 47 38.0
42 48 39.0
42 61 40.0
42 62 41.0
42 63 42.0
42 54 43.0
42 143 44.0
43 148 45.0
43 95 46.0
43 32 47.0
43 38 48.0
43 43 49.0
43 44 50.0
43 46 51.0
43 47 52.0
43 48 53.0
43 61 54.0
43 62 55.0
43 63 56.0
43 54 57.0
43 143 58.0
44 150 36.0
44 97 37.0
44 35 38.0
44 41 39.0
44 40 40.0
44 80 41.0
44 38 42.0
44 36 43.0
44 31 44.0
44 94 45.0
44 147 46.0
45 146 29.0
45 107 30.0
45 18 31.0
45 17 32.0
45 16 33.0
45 15 34.0
45 14 35.0
45 13 36.0
45 12 37.0
45 11 38.0
45 56 39.0
45 58 40.0
45 60 41.0
45 141 42.0
46 142 21.0
46 59 22.0
46 57 23.0
46 55 24.0
46 106 25.0
46 1 26.0
46 121 27.0
46 122 28.0
46 123 29.0
46 124 30.0
46 125 31.0
46 126 32.0
46 127 33.0
46 103 34.0
46 135 35.0
46 137 36.0
47 142 23.0
47 59 24.0
47 57 25.0
47 55 26.0
47 106 27.0
47 1 28.0
47 121 29.0
47 122 30.0
47 123 31.0
47 124 32.0
47 125 33.0
47 126 34.0
47 127 35.0
47 103 36.0
47 135 37.0
47 137 38.0
48 138 23.0
48 136 24.0
48 105 25.0
48 104 26.0
48 102 27.0
48 114 28.0
48 113 29.0
48 112 30.0
48 111 31.0
48 110 32.0
48 109 33.0
48 2 34.0
48 11 35.0
48 56 36.0
48 58 37.0
48 60 38.0
48 141 39.0
49 148 47.0
49 95 48.0
49 32 49.0
49 38 50.0
49 43 51.0
49 44 52.0
49 46 53.0
49 47 54.0
49 48 55.0
49 49 56.0
49 99 57.0
49 153 58.0
50 148 35.0
50 95 36.0
50 32 37.0
50 38 38.0
50 43 39.0
50 44 40.0
50 46 41.0
50 47 42.0
50 48 43.0
50 49 44.0
50 99 45.0
50 153 46.0
51 150 26.0
51 97 27.0
51 35 28.0
51 41 29.0
51 42 30.0
51 48 31.0
51 61 32.0
51 62 33.0
51 63 34.0
51 54 35.0
51 143 36.0
53 150 40.0
53 97 41.0
53 35 42.0
53 41 43.0
53 40 44.0
53 80 45.0
53 38 46.0
53 43 47.0
53 44 48.0
53 51 49.0
53 101 50.0
53 151 51.0
54 138 21.0
54 136 22.0
54 105 23.0
54 104 24.0
54 102 25.0
54 114 26.0
54 113 27.0
54 112 28.0
54 111 29.0
54 110 30.0
54 109 31.0
54 2 32.0
54 11 33.0
54 56 34.0
54 58 35.0
54 60 36.0
54 141 37.0
55 150 38.0
55 97 39.0
55 35 40.0
55 41 41.0
55 40 42.0
55 80 43.0
55 38 44.0
55 36 45.0
55 31 46.0
55 94 47.0
55 147 48.0
56 154 37.0
56 98 38.0
56 50 39.0
56 47 40.0
56 48 41.0
56 61 42.0
56 62 43.0
56 63 44.0
56 54 45.0
56 143 46.0
57 152 22.0
57 100 23.0
57 52 24.0
57 45 25.0
57 44 26.0
57 46 27.0
57 47 28.0
57 48 29.0
57 61 30.0
57 62 31.0
57 63 32.0
57 54 33.0
57 143 34.0
58 146 21.0
58 107 22.0
58 18 23.0
58 17 24.0
58 16 25.0
58 15 26.0
58 14 27.0
58 13 28.0
58 12 29.0
58 11 30.0
58 56 31.0
58 58 32.0
58 60 33.0
58 141 34.0
59 146 24.1
59 107 24.0
59 18 25.0
59 8 26.0
59 9 27.0
59 10 28.0
59 21 29.0
59 22 30.0
59 23 31.0
59 24 32.0
59 25 33.0
59 33 34.0
59 69 35.0
59 71 36.0
59 73 37.0
59 75 38.0
59 77 39.0
59 31 40.0
59 32 41.0
59 79 42.0
59 34 43.0
59 96 44.0
59 149 45.0
60 142 31.0
60 59 32.0
60 57 33.0
60 55 34.0
60 106 35.0
60 1 36.0
60 121 37.0
60 122 38.0
60 123 39.0
60 124 40.0
60 125 41.0
60 126 42.0
60 127 43.0
60 103 44.0
60 135 45.0
60 137 46.0
61 148 50.0
61 95 51.0
61 32 52.0
61 79 53.0
61 34 54.0
61 35 55.0
61 81 56.0
61 82 57.0
61 83 58.0
61 84 59.0
61 85 60.0
61 86 61.0
61 139 62.0
62 138 31.0
62 136 32.0
62 105 33.0
62 104 34.0
62 134 35.0
62 133 36.0
62 132 37.0
62 131 38.0
62 130 39.0
62 129 40.0
62 128 41.0
62 9 42.0
62 19 43.0
62 108 44.0
62 145 45.0
63 146 35.0
63 107 36.0
63 18 37.0
63 8 38.0
63 117 39.0
63 118 40.0
63 119 41.0
63 120 42.0
63 116 43.0
63 115 44.0
63 102 45.0
63 103 46.0
63 135 47.0
63 137 48.0
64 138 40.0
64 136 41.0
64 105 42.0
64 104 43.0
64 134 44.0
64 133 45.0
64 132 46.0
64 131 47.0
64 130 48.0
64 129 49.0
64 128 50.0
64 9 51.0
64 19 52.0
64 108 53.0
64 145 54.0
65 142 35.0
65 59 36.0
65 57 37.0
65 55 38.0
65 106 39.0
65 1 40.0
65 121 41.0
65 122 42.0
65 123 43.0
65 124 44.0
65 125 45.0
65 126 46.0
65 127 47.0
65 103 48.0
65 135 49.0
65 137 50.0
67 144 49.0
67 68 50.0
67 67 51.0
67 66 52.0
67 65 53.0
67 49 54.0
67 50 55.0
67 47 56.0
67 53 57.0
67 40 58.0
67 34 59.0
67 96 60.0
67 149 61.0
68 150 46.0
68 97 47.0
68 35 48.0
68 41 49.0
68 40 50.0
68 80 51.0
68 38 52.0
68 36 53.0
68 31 54.0
68 94 55.0
68 147 56.0
69 150 48.0
69 97 49.0
69 35 50.0
69 41 51.0
69 40 52.0
69 80 53.0
69 38 54.0
69 36 55.0
69 31 56.0
69 94 57.0
69 147 58.0
71 146 40.0
71 107 41.0
71 18 42.0
71 17 43.0
71 16 44.0
71 15 45.0
71 14 46.0
71 13 47.0
71 12 48.0
71 11 49.0
71 56 50.0
71 58 51.0
71 60 52.0
71 141 53.0
72 152 42.0
72 100 43.0
72 52 44.0
72 45 45.0
72 44 46.0
72 46 47.0
72 47 48.0
72 48 49.0
72 49 50.0
72 99 51.0
72 153 52.0
73 144 37.0
73 68 38.0
73 67 39.0
73 66 40.0
73 65 41.0
73 49 42.0
73 50 43.0
73 47 44.0
73 53 45.0
73 40 46.0
73 34 47.0
73 96 48.0
73 149 49.0
74 142 37.0
74 59 38.0
74 57 39.0
74 55 40.0
74 106 41.0
74 1 42.0
74 121 43.0
74 122 44.0
74 123 45.0
74 124 46.0
74 125 47.0
74 126 48.0
74 127 49.0
74 103 50.0
74 135 51.0
74 137 52.0
75 144 35.0
75 68 36.0
75 67 37.0
75 66 38.0
75 65 39.0
75 49 40.0
75 50 41.0
75 64 42.0
75 51 43.0
75 101 44.0
75 151 45.0
76 152 40.0
76 100 41.0
76 52 42.0
76 45 43.0
76 44 44.0
76 46 45.0
76 47 46.0
76 48 47.0
76 61 48.0
76 62 49.0
76 63 50.0
76 54 51.0
76 143 52.0
77 142 40.0
77 59 41.0
77 57 42.0
77 55 43.0
77 106 44.0
77 1 45.0
77 121 46.0
77 122 47.0
77 123 48.0
77 124 49.0
77 125 50.0
77 126 51.0
77 127 52.0
77 103 53.0
77 135 54.0
77 137 55.0
79 148 33.0
79 95 34.0
79 32 35.0
79 38 36.0
79 43 37.0
79 44 38.0
79 51 39.0
79 101 40.0
79 151 41.0
80 138 48.0
80 136 49.0
80 105 50.0
80 104 51.0
80 134 52.0
80 133 53.0
80 132 54.0
80 131 55.0
80 130 56.0
80 129 57.0
80 128 58.0
80 9 59.0
80 19 60.0
80 108 61.0
80 145 62.0
83 142 42.0
83 59 43.0
83 57 44.0
83 55 45.0
83 106 46.0
83 1 47.0
83 121 48.0
83 122 49.0
83 123 50.0
83 124 51.0
83 125 52.0
83 126 53.0
83 127 54.0
83 103 55.0
83 135 56.0
83 137 57.0
84 146 44.0
84 107 45.0
84 18 46.0
84 17 47.0
84 16 48.0
84 15 49.0
84 14 50.0
84 13 51.0
84 12 52.0
84 11 53.0
84 56 54.0
84 58 55.0
84 60 56.0
84 141 57.0
85 138 50.0
85 136 51.0
85 105 52.0
85 104 53.0
85 102 54.0
85 114 55.0
85 113 56.0
85 112 57.0
85 111 58.0
85 110 59.0
85 109 60.0
85 2 61.0
85 11 62.0
85 56 63.0
85 58 64.0
85 60 65.0
85 141 66.0
87 154 43.0
87 98 44.0
87 50 45.0
87 64 46.0
87 51 47.0
87 52 48.0
87 45 49.0
87 37 50.0
87 36 51.0
87 31 52.0
87 94 53.0
87 147 54.0
91 142 44.0
91 59 45.0
91 57 46.0
91 55 47.0
91 106 48.0
91 1 49.0
91 121 50.0
91 122 51.0
91 123 52.0
91 124 53.0
91 125 54.0
91 126 55.0
91 127 56.0
91 103 57.0
91 135 58.0
91 137 59.0
93 144 43.0
93 68 44.0
93 67 45.0
93 66 46.0
93 65 47.0
93 49 48.0
93 50 49.0
93 64 50.0
93 51 51.0
93 101 52.0
93 151 53.0
94 146 50.0
94 107 51.0
94 18 52.0
94 8 53.0
94 9 54.0
94 10 55.0
94 21 56.0
94 22 57.0
94 23 58.0
94 24 59.0
94 25 60.0
94 33 61.0
94 69 62.0
94 71 63.0
94 73 64.0
94 75 65.0
94 77 66.0
94 31 67.0
94 94 68.0
94 147 69.0
95 146 48.0
95 107 49.0
95 18 50.0
95 8 51.0
95 117 52.0
95 118 53.0
95 119 54.0
95 120 55.0
95 116 56.0
95 115 57.0
95 102 58.0
95 103 59.0
95 135 60.0
95 137 61.0
96 144 41.0
96 68 42.0
96 67 43.0
96 66 44.0
96 65 45.0
96 49 46.0
96 99 47.0
96 153 48.0
98 144 47.0
98 68 48.0
98 67 49.0
98 66 50.0
98 65 51.0
98 49 52.0
98 50 53.0
98 64 54.0
98 51 55.0
98 101 56.0
98 151 57.0
99 140 50.0
99 93 51.0
99 92 52.0
99 91 53.0
99 90 54.0
99 89 55.0
99 88 56.0
99 87 57.0
99 41 58.0
99 42 59.0
99 48 60.0
99 61 61.0
99 62 62.0
99 63 63.0
99 54 64.0
99 143 65.0
;
set fixedFlights :=
80 2 3
80 3 4
80 4 5
80 5 6
80 6 7
80 7 0
80 0 8
9 9 10
24 9 10
62 9 10
64 9 10
80 9 10
94 9 10
9 8 9
24 8 9
80 8 9
94 8 9
45 12 11
58 12 11
71 12 11
84 12 11
45 13 12
58 13 12
71 13 12
84 13 12
45 14 13
58 14 13
71 14 13
84 14 13
45 15 14
58 15 14
71 15 14
84 15 14
45 16 15
58 16 15
71 16 15
84 16 15
45 17 16
58 17 16
71 17 16
84 17 16
45 18 17
58 18 17
71 18 17
84 18 17
27 20 19
62 20 19
64 20 19
80 20 19
9 10 21
24 10 21
62 10 21
64 10 21
80 10 21
94 10 21
9 21 22
24 21 22
62 21 22
64 21 22
80 21 22
94 21 22
9 22 23
24 22 23
62 22 23
64 22 23
80 22 23
94 22 23
9 23 24
24 23 24
62 23 24
64 23 24
80 23 24
94 23 24
9 24 25
24 24 25
62 24 25
64 24 25
80 24 25
94 24 25
27 26 20
62 26 20
64 26 20
80 26 20
27 27 26
62 27 26
64 27 26
80 27 26
27 28 27
62 28 27
64 28 27
80 28 27
27 29 28
62 29 28
64 29 28
80 29 28
27 30 29
62 30 29
64 30 29
80 30 29
26 34 35
28 34 35
35 34 35
37 34 35
61 34 35
11 36 31
29 36 31
30 36 31
34 36 31
40 36 31
41 36 31
44 36 31
55 36 31
68 36 31
69 36 31
87 36 31
87 37 36
30 41 40
32 41 40
34 41 40
40 41 40
41 41 40
44 41 40
53 41 40
55 41 40
68 41 40
69 41 40
99 41 40
40 35 41
44 35 41
51 35 41
53 35 41
55 35 41
68 35 41
69 35 41
33 41 42
51 41 42
23 32 38
24 32 38
27 32 38
38 32 38
43 32 38
49 32 38
50 32 38
62 32 38
64 32 38
79 32 38
80 32 38
23 38 43
24 38 43
38 38 43
43 38 43
49 38 43
50 38 43
53 38 43
79 38 43
99 38 43
23 43 44
24 43 44
38 43 44
43 43 44
49 43 44
50 43 44
53 43 44
79 43 44
99 43 44
87 45 37
9 31 32
24 31 32
62 31 32
64 31 32
80 31 32
22 45 44
37 45 44
57 45 44
72 45 44
76 45 44
22 44 46
23 44 46
37 44 46
38 44 46
43 44 46
49 44 46
50 44 46
57 44 46
72 44 46
76 44 46
99 44 46
22 46 47
23 46 47
37 46 47
38 46 47
43 46 47
49 46 47
50 46 47
57 46 47
72 46 47
76 46 47
99 46 47
22 47 48
23 47 48
38 47 48
42 47 48
43 47 48
49 47 48
50 47 48
56 47 48
57 47 48
72 47 48
76 47 48
99 47 48
33 42 48
51 42 48
11 49 50
29 49 50
35 49 50
67 49 50
73 49 50
75 49 50
93 49 50
98 49 50
87 51 52
22 52 45
37 52 45
57 52 45
72 52 45
76 52 45
87 52 45
24 44 51
53 44 51
79 44 51
38 48 49
49 48 49
50 48 49
72 48 49
11 50 47
26 50 47
28 50 47
29 50 47
35 50 47
42 50 47
56 50 47
67 50 47
73 50 47
11 47 53
26 47 53
28 47 53
29 47 53
35 47 53
37 47 53
67 47 53
73 47 53
11 53 40
26 53 40
28 53 40
29 53 40
35 53 40
37 53 40
67 53 40
73 53 40
26 40 34
28 40 34
32 40 34
35 40 34
37 40 34
67 40 34
73 40 34
22 54 143
23 54 143
33 54 143
42 54 143
43 54 143
51 54 143
56 54 143
57 54 143
76 54 143
99 54 143
31 57 55
36 57 55
46 57 55
47 57 55
60 57 55
65 57 55
74 57 55
77 57 55
83 57 55
91 57 55
25 56 58
39 56 58
45 56 58
48 56 58
54 56 58
58 56 58
71 56 58
84 56 58
85 56 58
31 59 57
36 59 57
46 59 57
47 59 57
60 59 57
65 59 57
74 59 57
77 59 57
83 59 57
91 59 57
25 58 60
39 58 60
45 58 60
48 58 60
54 58 60
58 58 60
71 58 60
84 58 60
85 58 60
25 60 141
39 60 141
45 60 141
48 60 141
54 60 141
58 60 141
71 60 141
84 60 141
85 60 141
31 142 59
36 142 59
46 142 59
47 142 59
60 142 59
65 142 59
74 142 59
77 142 59
83 142 59
91 142 59
22 48 61
23 48 61
33 48 61
42 48 61
43 48 61
51 48 61
56 48 61
57 48 61
76 48 61
99 48 61
22 61 62
23 61 62
33 61 62
42 61 62
43 61 62
51 61 62
56 61 62
57 61 62
76 61 62
99 61 62
22 62 63
23 62 63
33 62 63
42 62 63
43 62 63
51 62 63
56 62 63
57 62 63
76 62 63
99 62 63
11 66 65
29 66 65
35 66 65
67 66 65
73 66 65
75 66 65
93 66 65
96 66 65
98 66 65
11 67 66
29 67 66
35 67 66
67 67 66
73 67 66
75 67 66
93 67 66
96 67 66
98 67 66
11 68 67
29 68 67
35 68 67
67 68 67
73 68 67
75 68 67
93 68 67
96 68 67
98 68 67
11 144 68
29 144 68
35 144 68
67 144 68
73 144 68
75 144 68
93 144 68
96 144 68
98 144 68
63 2 1
95 2 1
75 64 51
87 64 51
93 64 51
98 64 51
22 63 54
23 63 54
33 63 54
42 63 54
43 63 54
51 63 54
56 63 54
57 63 54
76 63 54
99 63 54
11 65 49
29 65 49
35 65 49
67 65 49
73 65 49
75 65 49
93 65 49
96 65 49
98 65 49
75 50 64
87 50 64
93 50 64
98 50 64
9 25 33
24 25 33
62 25 33
64 25 33
80 25 33
94 25 33
9 33 69
24 33 69
62 33 69
64 33 69
80 33 69
94 33 69
9 69 71
24 69 71
62 69 71
64 69 71
80 69 71
94 69 71
9 71 73
24 71 73
62 71 73
64 71 73
80 71 73
94 71 73
9 73 75
24 73 75
62 73 75
64 73 75
80 73 75
94 73 75
9 75 77
24 75 77
62 75 77
64 75 77
80 75 77
94 75 77
9 77 31
24 77 31
62 77 31
64 77 31
80 77 31
94 77 31
11 40 80
29 40 80
30 40 80
34 40 80
40 40 80
41 40 80
44 40 80
53 40 80
55 40 80
68 40 80
69 40 80
99 40 80
11 80 38
29 80 38
30 80 38
34 80 38
40 80 38
41 80 38
44 80 38
53 80 38
55 80 38
68 80 38
69 80 38
99 80 38
11 38 36
27 38 36
29 38 36
30 38 36
34 38 36
40 38 36
41 38 36
44 38 36
55 38 36
62 38 36
64 38 36
68 38 36
69 38 36
80 38 36
27 36 78
62 36 78
64 36 78
80 36 78
27 78 76
62 78 76
64 78 76
80 78 76
27 76 74
62 76 74
64 76 74
80 76 74
27 74 72
62 74 72
64 74 72
80 74 72
27 72 70
62 72 70
64 72 70
80 72 70
27 70 39
62 70 39
64 70 39
80 70 39
27 39 30
62 39 30
64 39 30
80 39 30
9 32 79
61 32 79
9 79 34
61 79 34
23 148 95
27 148 95
38 148 95
43 148 95
49 148 95
50 148 95
61 148 95
79 148 95
11 94 147
29 94 147
30 94 147
34 94 147
40 94 147
41 94 147
44 94 147
55 94 147
68 94 147
69 94 147
87 94 147
94 94 147
22 152 100
37 152 100
57 152 100
72 152 100
76 152 100
24 101 151
53 101 151
75 101 151
79 101 151
93 101 151
98 101 151
26 154 98
28 154 98
42 154 98
56 154 98
87 154 98
38 99 153
49 99 153
50 99 153
72 99 153
96 99 153
9 96 149
32 96 149
67 96 149
73 96 149
40 150 97
44 150 97
51 150 97
53 150 97
55 150 97
68 150 97
69 150 97
40 97 35
44 97 35
51 97 35
53 97 35
55 97 35
68 97 35
69 97 35
23 95 32
27 95 32
38 95 32
43 95 32
49 95 32
50 95 32
61 95 32
79 95 32
11 31 94
29 31 94
30 31 94
34 31 94
40 31 94
41 31 94
44 31 94
55 31 94
68 31 94
69 31 94
87 31 94
94 31 94
9 34 96
32 34 96
67 34 96
73 34 96
24 51 101
53 51 101
75 51 101
79 51 101
93 51 101
98 51 101
22 100 52
37 100 52
57 100 52
72 100 52
76 100 52
26 98 50
28 98 50
42 98 50
56 98 50
87 98 50
38 49 99
49 49 99
50 49 99
72 49 99
96 49 99
26 35 81
28 35 81
35 35 81
37 35 81
61 35 81
26 81 82
28 81 82
35 81 82
37 81 82
61 81 82
26 82 83
28 82 83
35 82 83
37 82 83
61 82 83
26 83 84
28 83 84
35 83 84
37 83 84
61 83 84
26 84 85
28 84 85
35 84 85
37 84 85
61 84 85
26 85 86
28 85 86
35 85 86
37 85 86
61 85 86
30 93 92
32 93 92
33 93 92
34 93 92
41 93 92
99 93 92
30 92 91
32 92 91
33 92 91
34 92 91
41 92 91
99 92 91
30 91 90
32 91 90
33 91 90
34 91 90
41 91 90
99 91 90
30 90 89
32 90 89
33 90 89
34 90 89
41 90 89
99 90 89
30 89 88
32 89 88
33 89 88
34 89 88
41 89 88
99 89 88
30 88 87
32 88 87
33 88 87
34 88 87
41 88 87
99 88 87
30 87 41
32 87 41
33 87 41
34 87 41
41 87 41
99 87 41
26 86 139
28 86 139
35 86 139
37 86 139
61 86 139
30 140 93
32 140 93
33 140 93
34 140 93
41 140 93
99 140 93
21 108 145
27 108 145
62 108 145
64 108 145
80 108 145
9 146 107
24 146 107
45 146 107
58 146 107
63 146 107
71 146 107
84 146 107
94 146 107
95 146 107
25 11 56
39 11 56
45 11 56
48 11 56
54 11 56
58 11 56
71 11 56
84 11 56
85 11 56
25 2 11
39 2 11
48 2 11
54 2 11
85 2 11
9 107 18
24 107 18
45 107 18
58 107 18
63 107 18
71 107 18
84 107 18
94 107 18
95 107 18
9 18 8
24 18 8
63 18 8
94 18 8
95 18 8
21 9 19
21 19 108
27 19 108
62 19 108
64 19 108
80 19 108
31 55 106
36 55 106
46 55 106
47 55 106
60 55 106
65 55 106
74 55 106
77 55 106
83 55 106
91 55 106
31 106 1
36 106 1
46 106 1
47 106 1
60 106 1
65 106 1
74 106 1
77 106 1
83 106 1
91 106 1
31 1 121
36 1 121
46 1 121
47 1 121
60 1 121
63 1 121
65 1 121
74 1 121
77 1 121
83 1 121
91 1 121
95 1 121
31 121 122
36 121 122
46 121 122
47 121 122
60 121 122
63 121 122
65 121 122
74 121 122
77 121 122
83 121 122
91 121 122
95 121 122
25 109 2
39 109 2
48 109 2
54 109 2
63 109 2
80 109 2
85 109 2
95 109 2
25 110 109
39 110 109
48 110 109
54 110 109
63 110 109
80 110 109
85 110 109
95 110 109
25 104 102
39 104 102
48 104 102
54 104 102
80 104 102
85 104 102
25 102 114
39 102 114
48 102 114
54 102 114
63 102 114
80 102 114
85 102 114
95 102 114
63 115 102
95 115 102
21 105 104
25 105 104
39 105 104
48 105 104
54 105 104
62 105 104
64 105 104
80 105 104
85 105 104
21 104 134
62 104 134
64 104 134
21 134 133
62 134 133
64 134 133
63 116 115
95 116 115
63 8 117
95 8 117
63 117 118
95 117 118
63 118 119
95 118 119
63 119 120
95 119 120
63 120 116
95 120 116
21 133 132
62 133 132
64 133 132
21 132 131
62 132 131
64 132 131
21 131 130
62 131 130
64 131 130
21 130 129
62 130 129
64 130 129
21 129 128
62 129 128
64 129 128
21 128 9
62 128 9
64 128 9
31 122 123
36 122 123
46 122 123
47 122 123
60 122 123
63 122 123
65 122 123
74 122 123
77 122 123
83 122 123
91 122 123
95 122 123
31 123 124
36 123 124
46 123 124
47 123 124
60 123 124
63 123 124
65 123 124
74 123 124
77 123 124
83 123 124
91 123 124
95 123 124
31 124 125
36 124 125
46 124 125
47 124 125
60 124 125
63 124 125
65 124 125
74 124 125
77 124 125
83 124 125
91 124 125
95 124 125
31 125 126
36 125 126
46 125 126
47 125 126
60 125 126
63 125 126
65 125 126
74 125 126
77 125 126
83 125 126
91 125 126
95 125 126
31 126 127
36 126 127
46 126 127
47 126 127
60 126 127
63 126 127
65 126 127
74 126 127
77 126 127
83 126 127
91 126 127
95 126 127
31 127 103
36 127 103
46 127 103
47 127 103
60 127 103
63 127 103
65 127 103
74 127 103
77 127 103
83 127 103
91 127 103
95 127 103
25 114 113
39 114 113
48 114 113
54 114 113
63 114 113
80 114 113
85 114 113
95 114 113
25 113 112
39 113 112
48 113 112
54 113 112
63 113 112
80 113 112
85 113 112
95 113 112
25 112 111
39 112 111
48 112 111
54 112 111
63 112 111
80 112 111
85 112 111
95 112 111
25 111 110
39 111 110
48 111 110
54 111 110
63 111 110
80 111 110
85 111 110
95 111 110
31 103 135
36 103 135
46 103 135
47 103 135
60 103 135
63 103 135
65 103 135
74 103 135
77 103 135
83 103 135
91 103 135
95 103 135
31 135 137
36 135 137
46 135 137
47 135 137
60 135 137
63 135 137
65 135 137
74 135 137
77 135 137
83 135 137
91 135 137
95 135 137
21 138 136
25 138 136
39 138 136
48 138 136
54 138 136
62 138 136
64 138 136
80 138 136
85 138 136
21 136 105
25 136 105
39 136 105
48 136 105
54 136 105
62 136 105
64 136 105
80 136 105
85 136 105
;
;
set inFlight:=
9
11
21
22
24
25
26
27
29
30
31
33
34
35
36
37
39
46
47
48
54
57
58
;
param tini := 23.1;
