param nn:= 140;
set F:=
0
1
2
3
4
5
6
7
8
10
11
12
13
14
15
16
17
19
20
21
22
23
24
25
26
32
33
35
36
37
39
46
49
50
52
55
57
58
63
64
66
78
79
87
92
93
;
set AP:=
93
;
param: E: d:=
1 19 2.500000
21 0 2.500000
19 21 2.500000
21 4 2.500000
5 2 2.500000
6 9 2.500000
7 8 2.500000
29 10 2.500000
11 29 2.500000
30 11 2.500000
8 12 2.500000
12 28 2.500000
15 5 2.500000
24 15 2.500000
4 16 2.500000
16 23 2.500000
19 17 2.500000
17 20 2.500000
22 18 2.500000
18 21 2.500000
14 26 2.500000
3 13 2.500000
131 6 1.500000
83 132 1.500000
133 84 1.500000
13 27 2.500000
27 33 2.500000
33 86 2.500000
86 88 2.500000
88 90 2.500000
90 92 2.500000
92 94 2.500000
94 96 2.500000
96 97 2.500000
97 101 2.500000
101 103 2.500000
103 105 2.500000
105 107 2.500000
107 109 2.500000
109 111 2.500000
111 113 2.500000
113 114 2.500000
114 115 2.500000
118 117 2.500000
117 116 2.500000
116 112 2.500000
112 110 2.500000
110 108 2.500000
108 106 2.500000
106 104 2.500000
104 102 2.500000
102 100 2.500000
100 95 2.500000
95 93 2.500000
93 91 2.500000
91 89 2.500000
89 87 2.500000
87 85 2.500000
85 34 2.500000
34 25 2.500000
25 14 2.500000
23 36 2.500000
36 49 2.500000
49 51 2.500000
51 53 2.500000
53 56 2.500000
56 57 2.500000
57 59 2.500000
59 62 2.500000
62 64 2.500000
63 61 2.500000
61 60 2.500000
60 58 2.500000
58 55 2.500000
55 54 2.500000
54 52 2.500000
52 50 2.500000
50 35 2.500000
35 24 2.500000
20 38 2.500000
38 39 2.500000
39 40 2.500000
40 41 2.500000
41 46 2.500000
46 48 2.500000
48 99 2.500000
98 47 2.500000
47 45 2.500000
45 44 2.500000
44 43 2.500000
43 42 2.500000
42 37 2.500000
37 22 2.500000
9 119 2.500000
119 1 2.500000
119 120 2.500000
120 130 1.500000
9 121 2.500000
121 3 2.500000
121 7 2.500000
10 122 2.500000
122 9 2.500000
28 32 2.500000
32 65 2.500000
65 67 2.500000
67 69 2.500000
69 71 2.500000
71 73 2.500000
73 75 2.500000
75 77 2.500000
77 79 2.500000
79 81 2.500000
81 83 2.500000
84 82 2.500000
82 80 2.500000
80 78 2.500000
78 76 2.500000
76 74 2.500000
74 72 2.500000
72 70 2.500000
70 68 2.500000
68 66 2.500000
66 31 2.500000
31 30 2.500000
123 121 2.500000
123 119 2.500000
0 123 2.500000
2 123 2.500000
26 123 2.500000
115 134 1.500000
135 118 1.500000
137 126 1.500000
126 124 2.500000
124 63 2.500000
64 125 2.500000
125 127 2.500000
127 136 1.500000
139 128 1.500000
128 98 2.500000
99 129 2.500000
129 138 1.500000
;
param s:=
0 133
1 139
2 137
3 135
4 131
5 139
6 133
7 133
8 139
10 139
11 131
12 135
13 131
14 135
15 137
16 137
17 133
19 131
20 135
21 131
22 131
23 133
24 131
25 135
26 137
32 139
33 135
35 133
36 135
37 133
39 131
46 135
49 135
50 131
52 131
55 131
57 131
58 139
63 131
64 131
66 135
78 133
79 135
87 131
92 131
93 133
;
param e:=
0 130
1 130
2 130
3 130
4 132
5 130
6 130
7 130
8 130
10 130
11 134
12 130
13 138
14 130
15 130
16 130
17 130
19 136
20 130
21 134
22 132
23 130
24 132
25 130
26 130
32 130
33 130
35 130
36 130
37 130
39 132
46 130
49 130
50 132
52 132
55 132
57 132
58 130
63 134
64 134
66 130
78 130
79 130
87 132
92 132
93 130
;
param v_min:=2.375
;
param v_max:=2.625
;
param :conflictsNodes: angle:=
0 21 123 1.000000
0 123 21 1.000000
1 19 119 1.000000
1 119 19 1.000000
2 5 123 1.000000
2 123 5 1.000000
3 13 121 1.000000
3 121 13 1.000000
4 16 21 1.000000
4 21 16 1.000000
5 2 15 1.000000
5 15 2 1.000000
7 8 121 1.000000
7 121 8 1.000000
8 7 12 1.000000
8 12 7 1.000000
9 6 119 1.000000
9 119 6 1.000000
9 6 121 1.000000
9 121 6 1.000000
9 6 122 1.000000
9 122 6 1.000000
9 119 121 1.000000
9 121 119 1.000000
9 119 122 1.000000
9 122 119 1.000000
9 121 122 1.000000
9 122 121 1.000000
10 29 122 1.000000
10 122 29 1.000000
11 29 30 1.000000
11 30 29 1.000000
12 8 28 1.000000
12 28 8 1.000000
13 3 27 1.000000
13 27 3 1.000000
14 25 26 1.000000
14 26 25 1.000000
15 5 24 1.000000
15 24 5 1.000000
16 4 23 1.000000
16 23 4 1.000000
17 19 20 1.000000
17 20 19 1.000000
18 21 22 1.000000
18 22 21 1.000000
19 1 21 1.000000
19 21 1 1.000000
19 1 17 1.000000
19 17 1 1.000000
19 17 21 1.000000
19 21 17 1.000000
20 17 38 1.000000
20 38 17 1.000000
21 0 19 1.000000
21 19 0 1.000000
21 0 4 1.000000
21 4 0 1.000000
21 0 18 1.000000
21 18 0 1.000000
21 4 19 1.000000
21 19 4 1.000000
21 4 18 1.478880
21 18 4 1.478880
21 18 19 1.000000
21 19 18 1.000000
22 18 37 1.000000
22 37 18 1.000000
23 16 36 1.000000
23 36 16 1.000000
24 15 35 1.000000
24 35 15 1.000000
25 14 34 1.000000
25 34 14 1.000000
26 14 123 1.000000
26 123 14 1.000000
27 13 33 1.000000
27 33 13 1.000000
28 12 32 1.000000
28 32 12 1.000000
29 10 11 1.000000
29 11 10 1.000000
30 11 31 1.000000
30 31 11 1.000000
31 30 66 1.000000
31 66 30 1.000000
32 28 65 1.000000
32 65 28 1.000000
33 27 86 1.000000
33 86 27 1.000000
34 25 85 1.000000
34 85 25 1.000000
35 24 50 1.000000
35 50 24 1.000000
36 23 49 1.000000
36 49 23 1.000000
37 22 42 1.000000
37 42 22 1.000000
38 20 39 1.000000
38 39 20 1.000000
39 38 40 1.000000
39 40 38 1.000000
40 39 41 1.000000
40 41 39 1.000000
41 40 46 1.000000
41 46 40 1.000000
42 37 43 1.000000
42 43 37 1.000000
43 42 44 1.000000
43 44 42 1.000000
44 43 45 1.000000
44 45 43 1.000000
45 44 47 1.000000
45 47 44 1.000000
46 41 48 1.000000
46 48 41 1.000000
47 45 98 1.000000
47 98 45 1.000000
48 46 99 1.000000
48 99 46 1.000000
49 36 51 1.000000
49 51 36 1.000000
50 35 52 1.000000
50 52 35 1.000000
51 49 53 1.000000
51 53 49 1.000000
52 50 54 1.000000
52 54 50 1.000000
53 51 56 1.000000
53 56 51 1.000000
54 52 55 1.000000
54 55 52 1.000000
55 54 58 1.000000
55 58 54 1.000000
56 53 57 1.000000
56 57 53 1.000000
57 56 59 1.000000
57 59 56 1.000000
58 55 60 1.000000
58 60 55 1.000000
59 57 62 1.000000
59 62 57 1.000000
60 58 61 1.000000
60 61 58 1.000000
61 60 63 1.000000
61 63 60 1.000000
62 59 64 1.000000
62 64 59 1.000000
63 61 124 1.000000
63 124 61 1.000000
64 62 125 1.000000
64 125 62 1.000000
65 32 67 1.000000
65 67 32 1.000000
66 31 68 1.000000
66 68 31 1.000000
67 65 69 1.000000
67 69 65 1.000000
68 66 70 1.000000
68 70 66 1.000000
69 67 71 1.000000
69 71 67 1.000000
70 68 72 1.000000
70 72 68 1.000000
71 69 73 1.000000
71 73 69 1.000000
72 70 74 1.000000
72 74 70 1.000000
73 71 75 1.000000
73 75 71 1.000000
74 72 76 1.000000
74 76 72 1.000000
75 73 77 1.000000
75 77 73 1.000000
76 74 78 1.000000
76 78 74 1.000000
77 75 79 1.000000
77 79 75 1.000000
78 76 80 1.000000
78 80 76 1.000000
79 77 81 1.000000
79 81 77 1.000000
80 78 82 1.000000
80 82 78 1.000000
81 79 83 1.000000
81 83 79 1.000000
82 80 84 1.000000
82 84 80 1.000000
85 34 87 1.000000
85 87 34 1.000000
86 33 88 1.000000
86 88 33 1.000000
87 85 89 1.000000
87 89 85 1.000000
88 86 90 1.000000
88 90 86 1.000000
89 87 91 1.000000
89 91 87 1.000000
90 88 92 1.000000
90 92 88 1.000000
91 89 93 1.000000
91 93 89 1.000000
92 90 94 1.000000
92 94 90 1.000000
93 91 95 1.000000
93 95 91 1.000000
94 92 96 1.000000
94 96 92 1.000000
95 93 100 1.000000
95 100 93 1.000000
96 94 97 1.000000
96 97 94 1.000000
97 96 101 1.000000
97 101 96 1.000000
98 47 128 1.000000
98 128 47 1.000000
99 48 129 1.000000
99 129 48 1.000000
100 95 102 1.000000
100 102 95 1.000000
101 97 103 1.000000
101 103 97 1.000000
102 100 104 1.000000
102 104 100 1.000000
103 101 105 1.000000
103 105 101 1.000000
104 102 106 1.000000
104 106 102 1.000000
105 103 107 1.000000
105 107 103 1.000000
106 104 108 1.000000
106 108 104 1.000000
107 105 109 1.000000
107 109 105 1.000000
108 106 110 1.000000
108 110 106 1.000000
109 107 111 1.000000
109 111 107 1.000000
110 108 112 1.000000
110 112 108 1.000000
111 109 113 1.000000
111 113 109 1.000000
112 110 116 1.000000
112 116 110 1.000000
113 111 114 1.000000
113 114 111 1.000000
114 113 115 1.000000
114 115 113 1.000000
116 112 117 1.000000
116 117 112 1.000000
117 116 118 1.000000
117 118 116 1.000000
119 9 120 1.000000
119 120 9 1.000000
119 9 123 1.000000
119 123 9 1.000000
119 1 9 1.000000
119 9 1 1.000000
119 1 120 1.000000
119 120 1 1.000000
119 1 123 1.000000
119 123 1 1.000000
119 120 123 1.000000
119 123 120 1.000000
121 9 123 1.000000
121 123 9 1.000000
121 3 9 1.000000
121 9 3 1.000000
121 3 7 1.416150
121 7 3 1.416150
121 3 123 1.000000
121 123 3 1.000000
121 7 9 1.000000
121 9 7 1.000000
121 7 123 1.000000
121 123 7 1.000000
122 9 10 1.000000
122 10 9 1.000000
123 0 2 1.478880
123 2 0 1.478880
123 0 26 1.000000
123 26 0 1.000000
123 0 121 1.000000
123 121 0 1.000000
123 0 119 1.000000
123 119 0 1.000000
123 2 26 1.357350
123 26 2 1.357350
123 2 121 1.000000
123 121 2 1.000000
123 2 119 1.000000
123 119 2 1.000000
123 26 121 1.000000
123 121 26 1.000000
123 26 119 1.000000
123 119 26 1.000000
123 119 121 1.000000
123 121 119 1.000000
124 63 126 1.000000
124 126 63 1.000000
125 64 127 1.000000
125 127 64 1.000000
;
param D:=0.5;
param t_hat_ear:=
0 133 16.0
0 84 17.0
0 82 18.0
0 80 19.0
0 78 20.0
0 76 21.0
0 74 22.0
0 72 23.0
0 70 24.0
0 68 25.0
0 66 26.0
0 31 27.0
0 30 28.0
0 11 29.0
0 29 30.0
0 10 31.0
0 122 32.0
0 9 33.0
0 119 34.0
0 120 35.0
0 130 36.0
1 139 0.0
1 128 1.0
1 98 2.0
1 47 3.0
1 45 4.0
1 44 5.0
1 43 6.0
1 42 7.0
1 37 8.0
1 22 9.0
1 18 10.0
1 21 11.0
1 0 12.0
1 123 13.0
1 119 14.0
1 120 15.0
1 130 16.0
2 137 1.0
2 126 2.0
2 124 3.0
2 63 4.0
2 61 5.0
2 60 6.0
2 58 7.0
2 55 8.0
2 54 9.0
2 52 10.0
2 50 11.0
2 35 12.0
2 24 13.0
2 15 14.0
2 5 15.0
2 2 16.0
2 123 17.0
2 119 18.0
2 120 19.0
2 130 20.0
3 135 6.0
3 118 7.0
3 117 8.0
3 116 9.0
3 112 10.0
3 110 11.0
3 108 12.0
3 106 13.0
3 104 14.0
3 102 15.0
3 100 16.0
3 95 17.0
3 93 18.0
3 91 19.0
3 89 20.0
3 87 21.0
3 85 22.0
3 34 23.0
3 25 24.0
3 14 25.0
3 26 26.0
3 123 27.0
3 119 28.0
3 120 29.0
3 130 30.0
4 131 4.0
4 6 5.0
4 9 6.0
4 121 7.0
4 7 8.0
4 8 9.0
4 12 10.0
4 28 11.0
4 32 12.0
4 65 13.0
4 67 14.0
4 69 15.0
4 71 16.0
4 73 17.0
4 75 18.0
4 77 19.0
4 79 20.0
4 81 21.0
4 83 22.0
4 132 23.0
5 139 18.0
5 128 19.0
5 98 20.0
5 47 21.0
5 45 22.0
5 44 23.0
5 43 24.0
5 42 25.0
5 37 26.0
5 22 27.0
5 18 28.0
5 21 29.0
5 0 30.0
5 123 31.0
5 119 32.0
5 120 33.0
5 130 34.0
6 133 26.0
6 84 27.0
6 82 28.0
6 80 29.0
6 78 30.0
6 76 31.0
6 74 32.0
6 72 33.0
6 70 34.0
6 68 35.0
6 66 36.0
6 31 37.0
6 30 38.0
6 11 39.0
6 29 40.0
6 10 41.0
6 122 42.0
6 9 43.0
6 119 44.0
6 120 45.0
6 130 46.0
7 133 18.0
7 84 19.0
7 82 20.0
7 80 21.0
7 78 22.0
7 76 23.0
7 74 24.0
7 72 25.0
7 70 26.0
7 68 27.0
7 66 28.0
7 31 29.0
7 30 30.0
7 11 31.0
7 29 32.0
7 10 33.0
7 122 34.0
7 9 35.0
7 119 36.0
7 120 37.0
7 130 38.0
8 139 2.0
8 128 3.0
8 98 4.0
8 47 5.0
8 45 6.0
8 44 7.0
8 43 8.0
8 42 9.0
8 37 10.0
8 22 11.0
8 18 12.0
8 21 13.0
8 0 14.0
8 123 15.0
8 119 16.0
8 120 17.0
8 130 18.0
10 139 49.0
10 128 50.0
10 98 51.0
10 47 52.0
10 45 53.0
10 44 54.0
10 43 55.0
10 42 56.0
10 37 57.0
10 22 58.0
10 18 59.0
10 21 60.0
10 0 61.0
10 123 62.0
10 119 63.0
10 120 64.0
10 130 65.0
11 131 6.0
11 6 7.0
11 9 8.0
11 121 9.0
11 3 10.0
11 13 11.0
11 27 12.0
11 33 13.0
11 86 14.0
11 88 15.0
11 90 16.0
11 92 17.0
11 94 18.0
11 96 19.0
11 97 20.0
11 101 21.0
11 103 22.0
11 105 23.0
11 107 24.0
11 109 25.0
11 111 26.0
11 113 27.0
11 114 28.0
11 115 29.0
11 134 30.0
12 135 8.0
12 118 9.0
12 117 10.0
12 116 11.0
12 112 12.0
12 110 13.0
12 108 14.0
12 106 15.0
12 104 16.0
12 102 17.0
12 100 18.0
12 95 19.0
12 93 20.0
12 91 21.0
12 89 22.0
12 87 23.0
12 85 24.0
12 34 25.0
12 25 26.0
12 14 27.0
12 26 28.0
12 123 29.0
12 119 30.0
12 120 31.0
12 130 32.0
13 131 0.0
13 6 1.0
13 9 2.0
13 119 3.0
13 1 4.0
13 19 5.0
13 17 6.0
13 20 7.0
13 38 8.0
13 39 9.0
13 40 10.0
13 41 11.0
13 46 12.0
13 48 13.0
13 99 14.0
13 129 15.0
13 138 16.0
14 135 0.0
14 118 1.0
14 117 2.0
14 116 3.0
14 112 4.0
14 110 5.0
14 108 6.0
14 106 7.0
14 104 8.0
14 102 9.0
14 100 10.0
14 95 11.0
14 93 12.0
14 91 13.0
14 89 14.0
14 87 15.0
14 85 16.0
14 34 17.0
14 25 18.0
14 14 19.0
14 26 20.0
14 123 21.0
14 119 22.0
14 120 23.0
14 130 24.0
15 137 7.0
15 126 8.0
15 124 9.0
15 63 10.0
15 61 11.0
15 60 12.0
15 58 13.0
15 55 14.0
15 54 15.0
15 52 16.0
15 50 17.0
15 35 18.0
15 24 19.0
15 15 20.0
15 5 21.0
15 2 22.0
15 123 23.0
15 119 24.0
15 120 25.0
15 130 26.0
16 137 3.0
16 126 4.0
16 124 5.0
16 63 6.0
16 61 7.0
16 60 8.0
16 58 9.0
16 55 10.0
16 54 11.0
16 52 12.0
16 50 13.0
16 35 14.0
16 24 15.0
16 15 16.0
16 5 17.0
16 2 18.0
16 123 19.0
16 119 20.0
16 120 21.0
16 130 22.0
17 133 8.0
17 84 9.0
17 82 10.0
17 80 11.0
17 78 12.0
17 76 13.0
17 74 14.0
17 72 15.0
17 70 16.0
17 68 17.0
17 66 18.0
17 31 19.0
17 30 20.0
17 11 21.0
17 29 22.0
17 10 23.0
17 122 24.0
17 9 25.0
17 119 26.0
17 120 27.0
17 130 28.0
19 131 2.0
19 6 3.0
19 9 4.0
19 119 5.0
19 1 6.0
19 19 7.0
19 21 8.0
19 4 9.0
19 16 10.0
19 23 11.0
19 36 12.0
19 49 13.0
19 51 14.0
19 53 15.0
19 56 16.0
19 57 17.0
19 59 18.0
19 62 19.0
19 64 20.0
19 125 21.0
19 127 22.0
19 136 23.0
20 135 18.0
20 118 19.0
20 117 20.0
20 116 21.0
20 112 22.0
20 110 23.0
20 108 24.0
20 106 25.0
20 104 26.0
20 102 27.0
20 100 28.0
20 95 29.0
20 93 30.0
20 91 31.0
20 89 32.0
20 87 33.0
20 85 34.0
20 34 35.0
20 25 36.0
20 14 37.0
20 26 38.0
20 123 39.0
20 119 40.0
20 120 41.0
20 130 42.0
21 131 16.0
21 6 17.0
21 9 18.0
21 121 19.0
21 3 20.0
21 13 21.0
21 27 22.0
21 33 23.0
21 86 24.0
21 88 25.0
21 90 26.0
21 92 27.0
21 94 28.0
21 96 29.0
21 97 30.0
21 101 31.0
21 103 32.0
21 105 33.0
21 107 34.0
21 109 35.0
21 111 36.0
21 113 37.0
21 114 38.0
21 115 39.0
21 134 40.0
22 131 18.0
22 6 19.0
22 9 20.0
22 121 21.0
22 7 22.0
22 8 23.0
22 12 24.0
22 28 25.0
22 32 26.0
22 65 27.0
22 67 28.0
22 69 29.0
22 71 30.0
22 73 31.0
22 75 32.0
22 77 33.0
22 79 34.0
22 81 35.0
22 83 36.0
22 132 37.0
23 133 39.0
23 84 40.0
23 82 41.0
23 80 42.0
23 78 43.0
23 76 44.0
23 74 45.0
23 72 46.0
23 70 47.0
23 68 48.0
23 66 49.0
23 31 50.0
23 30 51.0
23 11 52.0
23 29 53.0
23 10 54.0
23 122 55.0
23 9 56.0
23 119 57.0
23 120 58.0
23 130 59.0
24 131 10.0
24 6 11.0
24 9 12.0
24 121 13.0
24 7 14.0
24 8 15.0
24 12 16.0
24 28 17.0
24 32 18.0
24 65 19.0
24 67 20.0
24 69 21.0
24 71 22.0
24 73 23.0
24 75 24.0
24 77 25.0
24 79 26.0
24 81 27.0
24 83 28.0
24 132 29.0
25 135 16.0
25 118 17.0
25 117 18.0
25 116 19.0
25 112 20.0
25 110 21.0
25 108 22.0
25 106 23.0
25 104 24.0
25 102 25.0
25 100 26.0
25 95 27.0
25 93 28.0
25 91 29.0
25 89 30.0
25 87 31.0
25 85 32.0
25 34 33.0
25 25 34.0
25 14 35.0
25 26 36.0
25 123 37.0
25 119 38.0
25 120 39.0
25 130 40.0
26 137 38.0
26 126 39.0
26 124 40.0
26 63 41.0
26 61 42.0
26 60 43.0
26 58 44.0
26 55 45.0
26 54 46.0
26 52 47.0
26 50 48.0
26 35 49.0
26 24 50.0
26 15 51.0
26 5 52.0
26 2 53.0
26 123 54.0
26 119 55.0
26 120 56.0
26 130 57.0
32 139 28.0
32 128 29.0
32 98 30.0
32 47 31.0
32 45 32.0
32 44 33.0
32 43 34.0
32 42 35.0
32 37 36.0
32 22 37.0
32 18 38.0
32 21 39.0
32 0 40.0
32 123 41.0
32 119 42.0
32 120 43.0
32 130 44.0
33 135 27.0
33 118 28.0
33 117 29.0
33 116 30.0
33 112 31.0
33 110 32.0
33 108 33.0
33 106 34.0
33 104 35.0
33 102 36.0
33 100 37.0
33 95 38.0
33 93 39.0
33 91 40.0
33 89 41.0
33 87 42.0
33 85 43.0
33 34 44.0
33 25 45.0
33 14 46.0
33 26 47.0
33 123 48.0
33 119 49.0
33 120 50.0
33 130 51.0
35 133 29.0
35 84 30.0
35 82 31.0
35 80 32.0
35 78 33.0
35 76 34.0
35 74 35.0
35 72 36.0
35 70 37.0
35 68 38.0
35 66 39.0
35 31 40.0
35 30 41.0
35 11 42.0
35 29 43.0
35 10 44.0
35 122 45.0
35 9 46.0
35 119 47.0
35 120 48.0
35 130 49.0
36 135 29.0
36 118 30.0
36 117 31.0
36 116 32.0
36 112 33.0
36 110 34.0
36 108 35.0
36 106 36.0
36 104 37.0
36 102 38.0
36 100 39.0
36 95 40.0
36 93 41.0
36 91 42.0
36 89 43.0
36 87 44.0
36 85 45.0
36 34 46.0
36 25 47.0
36 14 48.0
36 26 49.0
36 123 50.0
36 119 51.0
36 120 52.0
36 130 53.0
37 133 49.0
37 84 50.0
37 82 51.0
37 80 52.0
37 78 53.0
37 76 54.0
37 74 55.0
37 72 56.0
37 70 57.0
37 68 58.0
37 66 59.0
37 31 60.0
37 30 61.0
37 11 62.0
37 29 63.0
37 10 64.0
37 122 65.0
37 9 66.0
37 119 67.0
37 120 68.0
37 130 69.0
39 131 14.0
39 6 15.0
39 9 16.0
39 121 17.0
39 7 18.0
39 8 19.0
39 12 20.0
39 28 21.0
39 32 22.0
39 65 23.0
39 67 24.0
39 69 25.0
39 71 26.0
39 73 27.0
39 75 28.0
39 77 29.0
39 79 30.0
39 81 31.0
39 83 32.0
39 132 33.0
46 135 37.0
46 118 38.0
46 117 39.0
46 116 40.0
46 112 41.0
46 110 42.0
46 108 43.0
46 106 44.0
46 104 45.0
46 102 46.0
46 100 47.0
46 95 48.0
46 93 49.0
46 91 50.0
46 89 51.0
46 87 52.0
46 85 53.0
46 34 54.0
46 25 55.0
46 14 56.0
46 26 57.0
46 123 58.0
46 119 59.0
46 120 60.0
46 130 61.0
49 135 39.0
49 118 40.0
49 117 41.0
49 116 42.0
49 112 43.0
49 110 44.0
49 108 45.0
49 106 46.0
49 104 47.0
49 102 48.0
49 100 49.0
49 95 50.0
49 93 51.0
49 91 52.0
49 89 53.0
49 87 54.0
49 85 55.0
49 34 56.0
49 25 57.0
49 14 58.0
49 26 59.0
49 123 60.0
49 119 61.0
49 120 62.0
49 130 63.0
50 131 27.0
50 6 28.0
50 9 29.0
50 121 30.0
50 7 31.0
50 8 32.0
50 12 33.0
50 28 34.0
50 32 35.0
50 65 36.0
50 67 37.0
50 69 38.0
50 71 39.0
50 73 40.0
50 75 41.0
50 77 42.0
50 79 43.0
50 81 44.0
50 83 45.0
50 132 46.0
52 131 29.0
52 6 30.0
52 9 31.0
52 121 32.0
52 7 33.0
52 8 34.0
52 12 35.0
52 28 36.0
52 32 37.0
52 65 38.0
52 67 39.0
52 69 40.0
52 71 41.0
52 73 42.0
52 75 43.0
52 77 44.0
52 79 45.0
52 81 46.0
52 83 47.0
52 132 48.0
55 131 25.0
55 6 26.0
55 9 27.0
55 121 28.0
55 7 29.0
55 8 30.0
55 12 31.0
55 28 32.0
55 32 33.0
55 65 34.0
55 67 35.0
55 69 36.0
55 71 37.0
55 73 38.0
55 75 39.0
55 77 40.0
55 79 41.0
55 81 42.0
55 83 43.0
55 132 44.0
57 131 20.0
57 6 21.0
57 9 22.0
57 121 23.0
57 7 24.0
57 8 25.0
57 12 26.0
57 28 27.0
57 32 28.0
57 65 29.0
57 67 30.0
57 69 31.0
57 71 32.0
57 73 33.0
57 75 34.0
57 77 35.0
57 79 36.0
57 81 37.0
57 83 38.0
57 132 39.0
58 139 39.0
58 128 40.0
58 98 41.0
58 47 42.0
58 45 43.0
58 44 44.0
58 43 45.0
58 42 46.0
58 37 47.0
58 22 48.0
58 18 49.0
58 21 50.0
58 0 51.0
58 123 52.0
58 119 53.0
58 120 54.0
58 130 55.0
63 131 37.0
63 6 38.0
63 9 39.0
63 121 40.0
63 3 41.0
63 13 42.0
63 27 43.0
63 33 44.0
63 86 45.0
63 88 46.0
63 90 47.0
63 92 48.0
63 94 49.0
63 96 50.0
63 97 51.0
63 101 52.0
63 103 53.0
63 105 54.0
63 107 55.0
63 109 56.0
63 111 57.0
63 113 58.0
63 114 59.0
63 115 60.0
63 134 61.0
64 131 35.0
64 6 36.0
64 9 37.0
64 121 38.0
64 3 39.0
64 13 40.0
64 27 41.0
64 33 42.0
64 86 43.0
64 88 44.0
64 90 45.0
64 92 46.0
64 94 47.0
64 96 48.0
64 97 49.0
64 101 50.0
64 103 51.0
64 105 52.0
64 107 53.0
64 109 54.0
64 111 55.0
64 113 56.0
64 114 57.0
64 115 58.0
64 134 59.0
66 135 49.0
66 118 50.0
66 117 51.0
66 116 52.0
66 112 53.0
66 110 54.0
66 108 55.0
66 106 56.0
66 104 57.0
66 102 58.0
66 100 59.0
66 95 60.0
66 93 61.0
66 91 62.0
66 89 63.0
66 87 64.0
66 85 65.0
66 34 66.0
66 25 67.0
66 14 68.0
66 26 69.0
66 123 70.0
66 119 71.0
66 120 72.0
66 130 73.0
78 133 47.0
78 84 48.0
78 82 49.0
78 80 50.0
78 78 51.0
78 76 52.0
78 74 53.0
78 72 54.0
78 70 55.0
78 68 56.0
78 66 57.0
78 31 58.0
78 30 59.0
78 11 60.0
78 29 61.0
78 10 62.0
78 122 63.0
78 9 64.0
78 119 65.0
78 120 66.0
78 130 67.0
79 135 47.0
79 118 48.0
79 117 49.0
79 116 50.0
79 112 51.0
79 110 52.0
79 108 53.0
79 106 54.0
79 104 55.0
79 102 56.0
79 100 57.0
79 95 58.0
79 93 59.0
79 91 60.0
79 89 61.0
79 87 62.0
79 85 63.0
79 34 64.0
79 25 65.0
79 14 66.0
79 26 67.0
79 123 68.0
79 119 69.0
79 120 70.0
79 130 71.0
87 131 48.0
87 6 49.0
87 9 50.0
87 121 51.0
87 7 52.0
87 8 53.0
87 12 54.0
87 28 55.0
87 32 56.0
87 65 57.0
87 67 58.0
87 69 59.0
87 71 60.0
87 73 61.0
87 75 62.0
87 77 63.0
87 79 64.0
87 81 65.0
87 83 66.0
87 132 67.0
92 131 46.0
92 6 47.0
92 9 48.0
92 121 49.0
92 7 50.0
92 8 51.0
92 12 52.0
92 28 53.0
92 32 54.0
92 65 55.0
92 67 56.0
92 69 57.0
92 71 58.0
92 73 59.0
92 75 60.0
92 77 61.0
92 79 62.0
92 81 63.0
92 83 64.0
92 132 65.0
93 133 9
93 84 10.0
93 82 11.0
93 80 12.0
93 78 13.0
93 76 14.0
93 74 15.0
93 72 16.0
93 70 17.0
93 68 18.0
93 66 19.0
93 31 20.0
93 30 21.0
93 11 22.0
93 29 23.0
93 10 24.0
93 122 25.0
93 9 26.0
93 119 27.0
93 120 28.0
93 130 29.0
;
param t_hat_lat:=
0 133 17.0
0 84 18.0
0 82 19.0
0 80 20.0
0 78 21.0
0 76 22.0
0 74 23.0
0 72 24.0
0 70 25.0
0 68 26.0
0 66 27.0
0 31 28.0
0 30 29.0
0 11 30.0
0 29 31.0
0 10 32.0
0 122 33.0
0 9 34.0
0 119 35.0
0 120 36.0
0 130 37.0
1 139 1.0
1 128 2.0
1 98 3.0
1 47 4.0
1 45 5.0
1 44 6.0
1 43 7.0
1 42 8.0
1 37 9.0
1 22 10.0
1 18 11.0
1 21 12.0
1 0 13.0
1 123 14.0
1 119 15.0
1 120 16.0
1 130 17.0
2 137 2.0
2 126 3.0
2 124 4.0
2 63 5.0
2 61 6.0
2 60 7.0
2 58 8.0
2 55 9.0
2 54 10.0
2 52 11.0
2 50 12.0
2 35 13.0
2 24 14.0
2 15 15.0
2 5 16.0
2 2 17.0
2 123 18.0
2 119 19.0
2 120 20.0
2 130 21.0
3 135 7.0
3 118 8.0
3 117 9.0
3 116 10.0
3 112 11.0
3 110 12.0
3 108 13.0
3 106 14.0
3 104 15.0
3 102 16.0
3 100 17.0
3 95 18.0
3 93 19.0
3 91 20.0
3 89 21.0
3 87 22.0
3 85 23.0
3 34 24.0
3 25 25.0
3 14 26.0
3 26 27.0
3 123 28.0
3 119 29.0
3 120 30.0
3 130 31.0
4 131 5.0
4 6 6.0
4 9 7.0
4 121 8.0
4 7 9.0
4 8 10.0
4 12 11.0
4 28 12.0
4 32 13.0
4 65 14.0
4 67 15.0
4 69 16.0
4 71 17.0
4 73 18.0
4 75 19.0
4 77 20.0
4 79 21.0
4 81 22.0
4 83 23.0
4 132 24.0
5 139 19.0
5 128 20.0
5 98 21.0
5 47 22.0
5 45 23.0
5 44 24.0
5 43 25.0
5 42 26.0
5 37 27.0
5 22 28.0
5 18 29.0
5 21 30.0
5 0 31.0
5 123 32.0
5 119 33.0
5 120 34.0
5 130 35.0
6 133 27.0
6 84 28.0
6 82 29.0
6 80 30.0
6 78 31.0
6 76 32.0
6 74 33.0
6 72 34.0
6 70 35.0
6 68 36.0
6 66 37.0
6 31 38.0
6 30 39.0
6 11 40.0
6 29 41.0
6 10 42.0
6 122 43.0
6 9 44.0
6 119 45.0
6 120 46.0
6 130 47.0
7 133 19.0
7 84 20.0
7 82 21.0
7 80 22.0
7 78 23.0
7 76 24.0
7 74 25.0
7 72 26.0
7 70 27.0
7 68 28.0
7 66 29.0
7 31 30.0
7 30 31.0
7 11 32.0
7 29 33.0
7 10 34.0
7 122 35.0
7 9 36.0
7 119 37.0
7 120 38.0
7 130 39.0
8 139 3.0
8 128 4.0
8 98 5.0
8 47 6.0
8 45 7.0
8 44 8.0
8 43 9.0
8 42 10.0
8 37 11.0
8 22 12.0
8 18 13.0
8 21 14.0
8 0 15.0
8 123 16.0
8 119 17.0
8 120 18.0
8 130 19.0
10 139 50.0
10 128 51.0
10 98 52.0
10 47 53.0
10 45 54.0
10 44 55.0
10 43 56.0
10 42 57.0
10 37 58.0
10 22 59.0
10 18 60.0
10 21 61.0
10 0 62.0
10 123 63.0
10 119 64.0
10 120 65.0
10 130 66.0
11 131 7.0
11 6 8.0
11 9 9.0
11 121 10.0
11 3 11.0
11 13 12.0
11 27 13.0
11 33 14.0
11 86 15.0
11 88 16.0
11 90 17.0
11 92 18.0
11 94 19.0
11 96 20.0
11 97 21.0
11 101 22.0
11 103 23.0
11 105 24.0
11 107 25.0
11 109 26.0
11 111 27.0
11 113 28.0
11 114 29.0
11 115 30.0
11 134 31.0
12 135 9.0
12 118 10.0
12 117 11.0
12 116 12.0
12 112 13.0
12 110 14.0
12 108 15.0
12 106 16.0
12 104 17.0
12 102 18.0
12 100 19.0
12 95 20.0
12 93 21.0
12 91 22.0
12 89 23.0
12 87 24.0
12 85 25.0
12 34 26.0
12 25 27.0
12 14 28.0
12 26 29.0
12 123 30.0
12 119 31.0
12 120 32.0
12 130 33.0
13 131 1.0
13 6 2.0
13 9 3.0
13 119 4.0
13 1 5.0
13 19 6.0
13 17 7.0
13 20 8.0
13 38 9.0
13 39 10.0
13 40 11.0
13 41 12.0
13 46 13.0
13 48 14.0
13 99 15.0
13 129 16.0
13 138 17.0
14 135 1.0
14 118 2.0
14 117 3.0
14 116 4.0
14 112 5.0
14 110 6.0
14 108 7.0
14 106 8.0
14 104 9.0
14 102 10.0
14 100 11.0
14 95 12.0
14 93 13.0
14 91 14.0
14 89 15.0
14 87 16.0
14 85 17.0
14 34 18.0
14 25 19.0
14 14 20.0
14 26 21.0
14 123 22.0
14 119 23.0
14 120 24.0
14 130 25.0
15 137 8.0
15 126 9.0
15 124 10.0
15 63 11.0
15 61 12.0
15 60 13.0
15 58 14.0
15 55 15.0
15 54 16.0
15 52 17.0
15 50 18.0
15 35 19.0
15 24 20.0
15 15 21.0
15 5 22.0
15 2 23.0
15 123 24.0
15 119 25.0
15 120 26.0
15 130 27.0
16 137 4.0
16 126 5.0
16 124 6.0
16 63 7.0
16 61 8.0
16 60 9.0
16 58 10.0
16 55 11.0
16 54 12.0
16 52 13.0
16 50 14.0
16 35 15.0
16 24 16.0
16 15 17.0
16 5 18.0
16 2 19.0
16 123 20.0
16 119 21.0
16 120 22.0
16 130 23.0
17 133 9.0
17 84 10.0
17 82 11.0
17 80 12.0
17 78 13.0
17 76 14.0
17 74 15.0
17 72 16.0
17 70 17.0
17 68 18.0
17 66 19.0
17 31 20.0
17 30 21.0
17 11 22.0
17 29 23.0
17 10 24.0
17 122 25.0
17 9 26.0
17 119 27.0
17 120 28.0
17 130 29.0
19 131 3.0
19 6 4.0
19 9 5.0
19 119 6.0
19 1 7.0
19 19 8.0
19 21 9.0
19 4 10.0
19 16 11.0
19 23 12.0
19 36 13.0
19 49 14.0
19 51 15.0
19 53 16.0
19 56 17.0
19 57 18.0
19 59 19.0
19 62 20.0
19 64 21.0
19 125 22.0
19 127 23.0
19 136 24.0
20 135 19.0
20 118 20.0
20 117 21.0
20 116 22.0
20 112 23.0
20 110 24.0
20 108 25.0
20 106 26.0
20 104 27.0
20 102 28.0
20 100 29.0
20 95 30.0
20 93 31.0
20 91 32.0
20 89 33.0
20 87 34.0
20 85 35.0
20 34 36.0
20 25 37.0
20 14 38.0
20 26 39.0
20 123 40.0
20 119 41.0
20 120 42.0
20 130 43.0
21 131 17.0
21 6 18.0
21 9 19.0
21 121 20.0
21 3 21.0
21 13 22.0
21 27 23.0
21 33 24.0
21 86 25.0
21 88 26.0
21 90 27.0
21 92 28.0
21 94 29.0
21 96 30.0
21 97 31.0
21 101 32.0
21 103 33.0
21 105 34.0
21 107 35.0
21 109 36.0
21 111 37.0
21 113 38.0
21 114 39.0
21 115 40.0
21 134 41.0
22 131 19.0
22 6 20.0
22 9 21.0
22 121 22.0
22 7 23.0
22 8 24.0
22 12 25.0
22 28 26.0
22 32 27.0
22 65 28.0
22 67 29.0
22 69 30.0
22 71 31.0
22 73 32.0
22 75 33.0
22 77 34.0
22 79 35.0
22 81 36.0
22 83 37.0
22 132 38.0
23 133 40.0
23 84 41.0
23 82 42.0
23 80 43.0
23 78 44.0
23 76 45.0
23 74 46.0
23 72 47.0
23 70 48.0
23 68 49.0
23 66 50.0
23 31 51.0
23 30 52.0
23 11 53.0
23 29 54.0
23 10 55.0
23 122 56.0
23 9 57.0
23 119 58.0
23 120 59.0
23 130 60.0
24 131 11.0
24 6 12.0
24 9 13.0
24 121 14.0
24 7 15.0
24 8 16.0
24 12 17.0
24 28 18.0
24 32 19.0
24 65 20.0
24 67 21.0
24 69 22.0
24 71 23.0
24 73 24.0
24 75 25.0
24 77 26.0
24 79 27.0
24 81 28.0
24 83 29.0
24 132 30.0
25 135 17.0
25 118 18.0
25 117 19.0
25 116 20.0
25 112 21.0
25 110 22.0
25 108 23.0
25 106 24.0
25 104 25.0
25 102 26.0
25 100 27.0
25 95 28.0
25 93 29.0
25 91 30.0
25 89 31.0
25 87 32.0
25 85 33.0
25 34 34.0
25 25 35.0
25 14 36.0
25 26 37.0
25 123 38.0
25 119 39.0
25 120 40.0
25 130 41.0
26 137 39.0
26 126 40.0
26 124 41.0
26 63 42.0
26 61 43.0
26 60 44.0
26 58 45.0
26 55 46.0
26 54 47.0
26 52 48.0
26 50 49.0
26 35 50.0
26 24 51.0
26 15 52.0
26 5 53.0
26 2 54.0
26 123 55.0
26 119 56.0
26 120 57.0
26 130 58.0
32 139 29.0
32 128 30.0
32 98 31.0
32 47 32.0
32 45 33.0
32 44 34.0
32 43 35.0
32 42 36.0
32 37 37.0
32 22 38.0
32 18 39.0
32 21 40.0
32 0 41.0
32 123 42.0
32 119 43.0
32 120 44.0
32 130 45.0
33 135 28.0
33 118 29.0
33 117 30.0
33 116 31.0
33 112 32.0
33 110 33.0
33 108 34.0
33 106 35.0
33 104 36.0
33 102 37.0
33 100 38.0
33 95 39.0
33 93 40.0
33 91 41.0
33 89 42.0
33 87 43.0
33 85 44.0
33 34 45.0
33 25 46.0
33 14 47.0
33 26 48.0
33 123 49.0
33 119 50.0
33 120 51.0
33 130 52.0
35 133 30.0
35 84 31.0
35 82 32.0
35 80 33.0
35 78 34.0
35 76 35.0
35 74 36.0
35 72 37.0
35 70 38.0
35 68 39.0
35 66 40.0
35 31 41.0
35 30 42.0
35 11 43.0
35 29 44.0
35 10 45.0
35 122 46.0
35 9 47.0
35 119 48.0
35 120 49.0
35 130 50.0
36 135 30.0
36 118 31.0
36 117 32.0
36 116 33.0
36 112 34.0
36 110 35.0
36 108 36.0
36 106 37.0
36 104 38.0
36 102 39.0
36 100 40.0
36 95 41.0
36 93 42.0
36 91 43.0
36 89 44.0
36 87 45.0
36 85 46.0
36 34 47.0
36 25 48.0
36 14 49.0
36 26 50.0
36 123 51.0
36 119 52.0
36 120 53.0
36 130 54.0
37 133 50.0
37 84 51.0
37 82 52.0
37 80 53.0
37 78 54.0
37 76 55.0
37 74 56.0
37 72 57.0
37 70 58.0
37 68 59.0
37 66 60.0
37 31 61.0
37 30 62.0
37 11 63.0
37 29 64.0
37 10 65.0
37 122 66.0
37 9 67.0
37 119 68.0
37 120 69.0
37 130 70.0
39 131 15.0
39 6 16.0
39 9 17.0
39 121 18.0
39 7 19.0
39 8 20.0
39 12 21.0
39 28 22.0
39 32 23.0
39 65 24.0
39 67 25.0
39 69 26.0
39 71 27.0
39 73 28.0
39 75 29.0
39 77 30.0
39 79 31.0
39 81 32.0
39 83 33.0
39 132 34.0
46 135 38.0
46 118 39.0
46 117 40.0
46 116 41.0
46 112 42.0
46 110 43.0
46 108 44.0
46 106 45.0
46 104 46.0
46 102 47.0
46 100 48.0
46 95 49.0
46 93 50.0
46 91 51.0
46 89 52.0
46 87 53.0
46 85 54.0
46 34 55.0
46 25 56.0
46 14 57.0
46 26 58.0
46 123 59.0
46 119 60.0
46 120 61.0
46 130 62.0
49 135 40.0
49 118 41.0
49 117 42.0
49 116 43.0
49 112 44.0
49 110 45.0
49 108 46.0
49 106 47.0
49 104 48.0
49 102 49.0
49 100 50.0
49 95 51.0
49 93 52.0
49 91 53.0
49 89 54.0
49 87 55.0
49 85 56.0
49 34 57.0
49 25 58.0
49 14 59.0
49 26 60.0
49 123 61.0
49 119 62.0
49 120 63.0
49 130 64.0
50 131 28.0
50 6 29.0
50 9 30.0
50 121 31.0
50 7 32.0
50 8 33.0
50 12 34.0
50 28 35.0
50 32 36.0
50 65 37.0
50 67 38.0
50 69 39.0
50 71 40.0
50 73 41.0
50 75 42.0
50 77 43.0
50 79 44.0
50 81 45.0
50 83 46.0
50 132 47.0
52 131 30.0
52 6 31.0
52 9 32.0
52 121 33.0
52 7 34.0
52 8 35.0
52 12 36.0
52 28 37.0
52 32 38.0
52 65 39.0
52 67 40.0
52 69 41.0
52 71 42.0
52 73 43.0
52 75 44.0
52 77 45.0
52 79 46.0
52 81 47.0
52 83 48.0
52 132 49.0
55 131 26.0
55 6 27.0
55 9 28.0
55 121 29.0
55 7 30.0
55 8 31.0
55 12 32.0
55 28 33.0
55 32 34.0
55 65 35.0
55 67 36.0
55 69 37.0
55 71 38.0
55 73 39.0
55 75 40.0
55 77 41.0
55 79 42.0
55 81 43.0
55 83 44.0
55 132 45.0
57 131 21.0
57 6 22.0
57 9 23.0
57 121 24.0
57 7 25.0
57 8 26.0
57 12 27.0
57 28 28.0
57 32 29.0
57 65 30.0
57 67 31.0
57 69 32.0
57 71 33.0
57 73 34.0
57 75 35.0
57 77 36.0
57 79 37.0
57 81 38.0
57 83 39.0
57 132 40.0
58 139 40.0
58 128 41.0
58 98 42.0
58 47 43.0
58 45 44.0
58 44 45.0
58 43 46.0
58 42 47.0
58 37 48.0
58 22 49.0
58 18 50.0
58 21 51.0
58 0 52.0
58 123 53.0
58 119 54.0
58 120 55.0
58 130 56.0
63 131 38.0
63 6 39.0
63 9 40.0
63 121 41.0
63 3 42.0
63 13 43.0
63 27 44.0
63 33 45.0
63 86 46.0
63 88 47.0
63 90 48.0
63 92 49.0
63 94 50.0
63 96 51.0
63 97 52.0
63 101 53.0
63 103 54.0
63 105 55.0
63 107 56.0
63 109 57.0
63 111 58.0
63 113 59.0
63 114 60.0
63 115 61.0
63 134 62.0
64 131 36.0
64 6 37.0
64 9 38.0
64 121 39.0
64 3 40.0
64 13 41.0
64 27 42.0
64 33 43.0
64 86 44.0
64 88 45.0
64 90 46.0
64 92 47.0
64 94 48.0
64 96 49.0
64 97 50.0
64 101 51.0
64 103 52.0
64 105 53.0
64 107 54.0
64 109 55.0
64 111 56.0
64 113 57.0
64 114 58.0
64 115 59.0
64 134 60.0
66 135 50.0
66 118 51.0
66 117 52.0
66 116 53.0
66 112 54.0
66 110 55.0
66 108 56.0
66 106 57.0
66 104 58.0
66 102 59.0
66 100 60.0
66 95 61.0
66 93 62.0
66 91 63.0
66 89 64.0
66 87 65.0
66 85 66.0
66 34 67.0
66 25 68.0
66 14 69.0
66 26 70.0
66 123 71.0
66 119 72.0
66 120 73.0
66 130 74.0
78 133 48.0
78 84 49.0
78 82 50.0
78 80 51.0
78 78 52.0
78 76 53.0
78 74 54.0
78 72 55.0
78 70 56.0
78 68 57.0
78 66 58.0
78 31 59.0
78 30 60.0
78 11 61.0
78 29 62.0
78 10 63.0
78 122 64.0
78 9 65.0
78 119 66.0
78 120 67.0
78 130 68.0
79 135 48.0
79 118 49.0
79 117 50.0
79 116 51.0
79 112 52.0
79 110 53.0
79 108 54.0
79 106 55.0
79 104 56.0
79 102 57.0
79 100 58.0
79 95 59.0
79 93 60.0
79 91 61.0
79 89 62.0
79 87 63.0
79 85 64.0
79 34 65.0
79 25 66.0
79 14 67.0
79 26 68.0
79 123 69.0
79 119 70.0
79 120 71.0
79 130 72.0
87 131 49.0
87 6 50.0
87 9 51.0
87 121 52.0
87 7 53.0
87 8 54.0
87 12 55.0
87 28 56.0
87 32 57.0
87 65 58.0
87 67 59.0
87 69 60.0
87 71 61.0
87 73 62.0
87 75 63.0
87 77 64.0
87 79 65.0
87 81 66.0
87 83 67.0
87 132 68.0
92 131 47.0
92 6 48.0
92 9 49.0
92 121 50.0
92 7 51.0
92 8 52.0
92 12 53.0
92 28 54.0
92 32 55.0
92 65 56.0
92 67 57.0
92 69 58.0
92 71 59.0
92 73 60.0
92 75 61.0
92 77 62.0
92 79 63.0
92 81 64.0
92 83 65.0
92 132 66.0
93 133 10
93 84 11.0
93 82 12.0
93 80 13.0
93 78 14.0
93 76 15.0
93 74 16.0
93 72 17.0
93 70 18.0
93 68 19.0
93 66 20.0
93 31 21.0
93 30 22.0
93 11 23.0
93 29 24.0
93 10 25.0
93 122 26.0
93 9 27.0
93 119 28.0
93 120 29.0
93 130 30.0
;
set fixedFlights :=
13 1 19
19 1 19
1 21 0
5 21 0
8 21 0
10 21 0
32 21 0
58 21 0
19 19 21
19 21 4
2 5 2
15 5 2
16 5 2
26 5 2
4 6 9
11 6 9
13 6 9
19 6 9
21 6 9
22 6 9
24 6 9
39 6 9
50 6 9
52 6 9
57 6 9
63 6 9
64 6 9
87 6 9
92 6 9
4 7 8
22 7 8
24 7 8
39 7 8
50 7 8
52 7 8
57 7 8
87 7 8
92 7 8
0 29 10
6 29 10
7 29 10
23 29 10
35 29 10
37 29 10
78 29 10
93 29 10
0 11 29
6 11 29
7 11 29
23 11 29
35 11 29
37 11 29
78 11 29
93 11 29
0 30 11
6 30 11
7 30 11
23 30 11
35 30 11
37 30 11
78 30 11
93 30 11
4 8 12
22 8 12
24 8 12
39 8 12
50 8 12
52 8 12
57 8 12
87 8 12
92 8 12
4 12 28
22 12 28
24 12 28
39 12 28
50 12 28
52 12 28
57 12 28
87 12 28
92 12 28
2 15 5
15 15 5
16 15 5
26 15 5
2 24 15
15 24 15
16 24 15
26 24 15
19 4 16
19 16 23
13 19 17
13 17 20
1 22 18
5 22 18
8 22 18
10 22 18
32 22 18
58 22 18
1 18 21
5 18 21
8 18 21
10 18 21
32 18 21
58 18 21
12 14 26
14 14 26
20 14 26
25 14 26
33 14 26
36 14 26
46 14 26
49 14 26
66 14 26
79 14 26
11 3 13
21 3 13
63 3 13
64 3 13
4 131 6
11 131 6
13 131 6
19 131 6
21 131 6
22 131 6
24 131 6
39 131 6
50 131 6
52 131 6
57 131 6
63 131 6
64 131 6
87 131 6
92 131 6
4 83 132
22 83 132
24 83 132
39 83 132
50 83 132
52 83 132
57 83 132
87 83 132
92 83 132
0 133 84
6 133 84
7 133 84
23 133 84
35 133 84
37 133 84
78 133 84
93 133 84
11 13 27
21 13 27
63 13 27
64 13 27
11 27 33
21 27 33
63 27 33
64 27 33
11 33 86
21 33 86
63 33 86
64 33 86
11 86 88
21 86 88
63 86 88
64 86 88
11 88 90
21 88 90
63 88 90
64 88 90
11 90 92
21 90 92
63 90 92
64 90 92
11 92 94
21 92 94
63 92 94
64 92 94
11 94 96
21 94 96
63 94 96
64 94 96
11 96 97
21 96 97
63 96 97
64 96 97
11 97 101
21 97 101
63 97 101
64 97 101
11 101 103
21 101 103
63 101 103
64 101 103
11 103 105
21 103 105
63 103 105
64 103 105
11 105 107
21 105 107
63 105 107
64 105 107
11 107 109
21 107 109
63 107 109
64 107 109
11 109 111
21 109 111
63 109 111
64 109 111
11 111 113
21 111 113
63 111 113
64 111 113
11 113 114
21 113 114
63 113 114
64 113 114
11 114 115
21 114 115
63 114 115
64 114 115
12 118 117
14 118 117
20 118 117
25 118 117
33 118 117
36 118 117
46 118 117
49 118 117
66 118 117
79 118 117
12 117 116
14 117 116
20 117 116
25 117 116
33 117 116
36 117 116
46 117 116
49 117 116
66 117 116
79 117 116
12 116 112
14 116 112
20 116 112
25 116 112
33 116 112
36 116 112
46 116 112
49 116 112
66 116 112
79 116 112
12 112 110
14 112 110
20 112 110
25 112 110
33 112 110
36 112 110
46 112 110
49 112 110
66 112 110
79 112 110
12 110 108
14 110 108
20 110 108
25 110 108
33 110 108
36 110 108
46 110 108
49 110 108
66 110 108
79 110 108
12 108 106
14 108 106
20 108 106
25 108 106
33 108 106
36 108 106
46 108 106
49 108 106
66 108 106
79 108 106
12 106 104
14 106 104
20 106 104
25 106 104
33 106 104
36 106 104
46 106 104
49 106 104
66 106 104
79 106 104
12 104 102
14 104 102
20 104 102
25 104 102
33 104 102
36 104 102
46 104 102
49 104 102
66 104 102
79 104 102
12 102 100
14 102 100
20 102 100
25 102 100
33 102 100
36 102 100
46 102 100
49 102 100
66 102 100
79 102 100
12 100 95
14 100 95
20 100 95
25 100 95
33 100 95
36 100 95
46 100 95
49 100 95
66 100 95
79 100 95
12 95 93
14 95 93
20 95 93
25 95 93
33 95 93
36 95 93
46 95 93
49 95 93
66 95 93
79 95 93
12 93 91
14 93 91
20 93 91
25 93 91
33 93 91
36 93 91
46 93 91
49 93 91
66 93 91
79 93 91
12 91 89
14 91 89
20 91 89
25 91 89
33 91 89
36 91 89
46 91 89
49 91 89
66 91 89
79 91 89
12 89 87
14 89 87
20 89 87
25 89 87
33 89 87
36 89 87
46 89 87
49 89 87
66 89 87
79 89 87
12 87 85
14 87 85
20 87 85
25 87 85
33 87 85
36 87 85
46 87 85
49 87 85
66 87 85
79 87 85
12 85 34
14 85 34
20 85 34
25 85 34
33 85 34
36 85 34
46 85 34
49 85 34
66 85 34
79 85 34
12 34 25
14 34 25
20 34 25
25 34 25
33 34 25
36 34 25
46 34 25
49 34 25
66 34 25
79 34 25
12 25 14
14 25 14
20 25 14
25 25 14
33 25 14
36 25 14
46 25 14
49 25 14
66 25 14
79 25 14
19 23 36
19 36 49
19 49 51
19 51 53
19 53 56
19 56 57
19 57 59
19 59 62
19 62 64
2 63 61
15 63 61
16 63 61
26 63 61
2 61 60
15 61 60
16 61 60
26 61 60
2 60 58
15 60 58
16 60 58
26 60 58
2 58 55
15 58 55
16 58 55
26 58 55
2 55 54
15 55 54
16 55 54
26 55 54
2 54 52
15 54 52
16 54 52
26 54 52
2 52 50
15 52 50
16 52 50
26 52 50
2 50 35
15 50 35
16 50 35
26 50 35
2 35 24
15 35 24
16 35 24
26 35 24
13 20 38
13 38 39
13 39 40
13 40 41
13 41 46
13 46 48
13 48 99
1 98 47
5 98 47
8 98 47
10 98 47
32 98 47
58 98 47
1 47 45
5 47 45
8 47 45
10 47 45
32 47 45
58 47 45
1 45 44
5 45 44
8 45 44
10 45 44
32 45 44
58 45 44
1 44 43
5 44 43
8 44 43
10 44 43
32 44 43
58 44 43
1 43 42
5 43 42
8 43 42
10 43 42
32 43 42
58 43 42
1 42 37
5 42 37
8 42 37
10 42 37
32 42 37
58 42 37
1 37 22
5 37 22
8 37 22
10 37 22
32 37 22
58 37 22
0 9 119
6 9 119
7 9 119
13 9 119
19 9 119
23 9 119
35 9 119
37 9 119
78 9 119
93 9 119
13 119 1
19 119 1
0 119 120
1 119 120
2 119 120
5 119 120
6 119 120
7 119 120
8 119 120
10 119 120
12 119 120
14 119 120
15 119 120
16 119 120
20 119 120
23 119 120
25 119 120
26 119 120
32 119 120
33 119 120
35 119 120
36 119 120
37 119 120
46 119 120
49 119 120
58 119 120
66 119 120
78 119 120
79 119 120
93 119 120
0 120 130
1 120 130
2 120 130
5 120 130
6 120 130
7 120 130
8 120 130
10 120 130
12 120 130
14 120 130
15 120 130
16 120 130
20 120 130
23 120 130
25 120 130
26 120 130
32 120 130
33 120 130
35 120 130
36 120 130
37 120 130
46 120 130
49 120 130
58 120 130
66 120 130
78 120 130
79 120 130
93 120 130
4 9 121
11 9 121
21 9 121
22 9 121
24 9 121
39 9 121
50 9 121
52 9 121
57 9 121
63 9 121
64 9 121
87 9 121
92 9 121
11 121 3
21 121 3
63 121 3
64 121 3
4 121 7
22 121 7
24 121 7
39 121 7
50 121 7
52 121 7
57 121 7
87 121 7
92 121 7
0 10 122
6 10 122
7 10 122
23 10 122
35 10 122
37 10 122
78 10 122
93 10 122
0 122 9
6 122 9
7 122 9
23 122 9
35 122 9
37 122 9
78 122 9
93 122 9
4 28 32
22 28 32
24 28 32
39 28 32
50 28 32
52 28 32
57 28 32
87 28 32
92 28 32
4 32 65
22 32 65
24 32 65
39 32 65
50 32 65
52 32 65
57 32 65
87 32 65
92 32 65
4 65 67
22 65 67
24 65 67
39 65 67
50 65 67
52 65 67
57 65 67
87 65 67
92 65 67
4 67 69
22 67 69
24 67 69
39 67 69
50 67 69
52 67 69
57 67 69
87 67 69
92 67 69
4 69 71
22 69 71
24 69 71
39 69 71
50 69 71
52 69 71
57 69 71
87 69 71
92 69 71
4 71 73
22 71 73
24 71 73
39 71 73
50 71 73
52 71 73
57 71 73
87 71 73
92 71 73
4 73 75
22 73 75
24 73 75
39 73 75
50 73 75
52 73 75
57 73 75
87 73 75
92 73 75
4 75 77
22 75 77
24 75 77
39 75 77
50 75 77
52 75 77
57 75 77
87 75 77
92 75 77
4 77 79
22 77 79
24 77 79
39 77 79
50 77 79
52 77 79
57 77 79
87 77 79
92 77 79
4 79 81
22 79 81
24 79 81
39 79 81
50 79 81
52 79 81
57 79 81
87 79 81
92 79 81
4 81 83
22 81 83
24 81 83
39 81 83
50 81 83
52 81 83
57 81 83
87 81 83
92 81 83
0 84 82
6 84 82
7 84 82
23 84 82
35 84 82
37 84 82
78 84 82
93 84 82
0 82 80
6 82 80
7 82 80
23 82 80
35 82 80
37 82 80
78 82 80
93 82 80
0 80 78
6 80 78
7 80 78
23 80 78
35 80 78
37 80 78
78 80 78
93 80 78
0 78 76
6 78 76
7 78 76
23 78 76
35 78 76
37 78 76
78 78 76
93 78 76
0 76 74
6 76 74
7 76 74
23 76 74
35 76 74
37 76 74
78 76 74
93 76 74
0 74 72
6 74 72
7 74 72
23 74 72
35 74 72
37 74 72
78 74 72
93 74 72
0 72 70
6 72 70
7 72 70
23 72 70
35 72 70
37 72 70
78 72 70
93 72 70
0 70 68
6 70 68
7 70 68
23 70 68
35 70 68
37 70 68
78 70 68
93 70 68
0 68 66
6 68 66
7 68 66
23 68 66
35 68 66
37 68 66
78 68 66
93 68 66
0 66 31
6 66 31
7 66 31
23 66 31
35 66 31
37 66 31
78 66 31
93 66 31
0 31 30
6 31 30
7 31 30
23 31 30
35 31 30
37 31 30
78 31 30
93 31 30
1 123 119
2 123 119
5 123 119
8 123 119
10 123 119
12 123 119
14 123 119
15 123 119
16 123 119
20 123 119
25 123 119
26 123 119
32 123 119
33 123 119
36 123 119
46 123 119
49 123 119
58 123 119
66 123 119
79 123 119
1 0 123
5 0 123
8 0 123
10 0 123
32 0 123
58 0 123
2 2 123
15 2 123
16 2 123
26 2 123
12 26 123
14 26 123
20 26 123
25 26 123
33 26 123
36 26 123
46 26 123
49 26 123
66 26 123
79 26 123
11 115 134
21 115 134
63 115 134
64 115 134
12 135 118
14 135 118
20 135 118
25 135 118
33 135 118
36 135 118
46 135 118
49 135 118
66 135 118
79 135 118
2 137 126
15 137 126
16 137 126
26 137 126
2 126 124
15 126 124
16 126 124
26 126 124
2 124 63
15 124 63
16 124 63
26 124 63
19 64 125
19 125 127
19 127 136
1 139 128
5 139 128
8 139 128
10 139 128
32 139 128
58 139 128
1 128 98
5 128 98
8 128 98
10 128 98
32 128 98
58 128 98
13 99 129
13 129 138
;
;
set inFlight:=
1
2
3
4
8
11
12
13
14
15
16
17
19
;
set passedFreeF:=
3 135 118
3 118 117
3 117 116
3 116 112
3 112 110
3 110 108
3 108 106
3 106 104
3 104 102
3 102 100
3 100 95
3 95 93
3 93 91
3 91 89
3 89 87
3 87 85
3 85 34
3 34 25
3 25 14
3 14 26
3 26 123
3 123 119
3 119 120
3 120 130
17 133 84
17 84 82
17 82 80
17 80 78
17 78 76
17 76 74
17 74 72
17 72 70
17 70 68
17 68 66
17 66 31
17 31 30
17 30 11
17 11 29
17 29 10
17 10 122
17 122 9
17 9 119
17 119 120
17 120 130
55 131 6
55 6 9
55 9 121
55 121 7
55 7 8
55 8 12
55 12 28
55 28 32
55 32 65
55 65 67
55 67 69
55 69 71
55 71 73
55 73 75
55 75 77
55 77 79
55 79 81
55 81 83
55 83 132
;
param tini := 8.674461765395243;
