param nn:= 140;
set F:=
0
1
2
3
4
5
6
7
9
10
11
12
13
14
15
16
17
18
20
21
25
27
28
33
35
36
37
39
40
42
43
44
46
50
55
56
59
71
80
82
84
85
;
set AP:=
85
;
param: E: d:=
1 19 2.500000
21 0 2.500000
19 21 2.500000
21 4 2.500000
5 2 2.500000
6 9 2.500000
7 8 2.500000
29 10 2.500000
11 29 2.500000
30 11 2.500000
8 12 2.500000
12 28 2.500000
15 5 2.500000
24 15 2.500000
4 16 2.500000
16 23 2.500000
19 17 2.500000
17 20 2.500000
22 18 2.500000
18 21 2.500000
14 26 2.500000
3 13 2.500000
131 6 1.500000
83 132 1.500000
133 84 1.500000
13 27 2.500000
27 33 2.500000
33 86 2.500000
86 88 2.500000
88 90 2.500000
90 92 2.500000
92 94 2.500000
94 96 2.500000
96 97 2.500000
97 101 2.500000
101 103 2.500000
103 105 2.500000
105 107 2.500000
107 109 2.500000
109 111 2.500000
111 113 2.500000
113 114 2.500000
114 115 2.500000
118 117 2.500000
117 116 2.500000
116 112 2.500000
112 110 2.500000
110 108 2.500000
108 106 2.500000
106 104 2.500000
104 102 2.500000
102 100 2.500000
100 95 2.500000
95 93 2.500000
93 91 2.500000
91 89 2.500000
89 87 2.500000
87 85 2.500000
85 34 2.500000
34 25 2.500000
25 14 2.500000
23 36 2.500000
36 49 2.500000
49 51 2.500000
51 53 2.500000
53 56 2.500000
56 57 2.500000
57 59 2.500000
59 62 2.500000
62 64 2.500000
63 61 2.500000
61 60 2.500000
60 58 2.500000
58 55 2.500000
55 54 2.500000
54 52 2.500000
52 50 2.500000
50 35 2.500000
35 24 2.500000
20 38 2.500000
38 39 2.500000
39 40 2.500000
40 41 2.500000
41 46 2.500000
46 48 2.500000
48 99 2.500000
98 47 2.500000
47 45 2.500000
45 44 2.500000
44 43 2.500000
43 42 2.500000
42 37 2.500000
37 22 2.500000
9 119 2.500000
119 1 2.500000
119 120 2.500000
120 130 1.500000
9 121 2.500000
121 3 2.500000
121 7 2.500000
10 122 2.500000
122 9 2.500000
28 32 2.500000
32 65 2.500000
65 67 2.500000
67 69 2.500000
69 71 2.500000
71 73 2.500000
73 75 2.500000
75 77 2.500000
77 79 2.500000
79 81 2.500000
81 83 2.500000
84 82 2.500000
82 80 2.500000
80 78 2.500000
78 76 2.500000
76 74 2.500000
74 72 2.500000
72 70 2.500000
70 68 2.500000
68 66 2.500000
66 31 2.500000
31 30 2.500000
123 121 2.500000
123 119 2.500000
0 123 2.500000
2 123 2.500000
26 123 2.500000
115 134 1.500000
135 118 1.500000
137 126 1.500000
126 124 2.500000
124 63 2.500000
64 125 2.500000
125 127 2.500000
127 136 1.500000
139 128 1.500000
128 98 2.500000
99 129 2.500000
129 138 1.500000
;
param s:=
0 137
1 137
2 131
3 131
4 137
5 137
6 135
7 131
9 131
10 139
11 133
12 139
13 139
14 133
15 139
16 133
17 131
18 131
20 135
21 135
25 135
27 133
28 139
33 135
35 133
36 135
37 135
39 139
40 135
42 131
43 135
44 137
46 135
50 135
55 133
56 131
59 135
71 131
80 131
82 131
84 131
85 137
;
param e:=
0 130
1 130
2 132
3 136
4 130
5 130
6 130
7 134
9 132
10 130
11 130
12 130
13 130
14 130
15 130
16 130
17 134
18 132
20 130
21 130
25 130
27 130
28 130
33 130
35 130
36 130
37 130
39 130
40 130
42 134
43 130
44 130
46 130
50 130
55 130
56 134
59 130
71 134
80 132
82 134
84 132
85 130
;
param v_min:=2.375
;
param v_max:=2.625
;
param :conflictsNodes: angle:=
0 21 123 1.000000
0 123 21 1.000000
1 19 119 1.000000
1 119 19 1.000000
2 5 123 1.000000
2 123 5 1.000000
3 13 121 1.000000
3 121 13 1.000000
4 16 21 1.000000
4 21 16 1.000000
5 2 15 1.000000
5 15 2 1.000000
7 8 121 1.000000
7 121 8 1.000000
8 7 12 1.000000
8 12 7 1.000000
9 6 119 1.000000
9 119 6 1.000000
9 6 121 1.000000
9 121 6 1.000000
9 6 122 1.000000
9 122 6 1.000000
9 119 121 1.000000
9 121 119 1.000000
9 119 122 1.000000
9 122 119 1.000000
9 121 122 1.000000
9 122 121 1.000000
10 29 122 1.000000
10 122 29 1.000000
11 29 30 1.000000
11 30 29 1.000000
12 8 28 1.000000
12 28 8 1.000000
13 3 27 1.000000
13 27 3 1.000000
14 25 26 1.000000
14 26 25 1.000000
15 5 24 1.000000
15 24 5 1.000000
16 4 23 1.000000
16 23 4 1.000000
17 19 20 1.000000
17 20 19 1.000000
18 21 22 1.000000
18 22 21 1.000000
19 1 21 1.000000
19 21 1 1.000000
19 1 17 1.000000
19 17 1 1.000000
19 17 21 1.000000
19 21 17 1.000000
20 17 38 1.000000
20 38 17 1.000000
21 0 19 1.000000
21 19 0 1.000000
21 0 4 1.000000
21 4 0 1.000000
21 0 18 1.000000
21 18 0 1.000000
21 4 19 1.000000
21 19 4 1.000000
21 4 18 1.478880
21 18 4 1.478880
21 18 19 1.000000
21 19 18 1.000000
22 18 37 1.000000
22 37 18 1.000000
23 16 36 1.000000
23 36 16 1.000000
24 15 35 1.000000
24 35 15 1.000000
25 14 34 1.000000
25 34 14 1.000000
26 14 123 1.000000
26 123 14 1.000000
27 13 33 1.000000
27 33 13 1.000000
28 12 32 1.000000
28 32 12 1.000000
29 10 11 1.000000
29 11 10 1.000000
30 11 31 1.000000
30 31 11 1.000000
31 30 66 1.000000
31 66 30 1.000000
32 28 65 1.000000
32 65 28 1.000000
33 27 86 1.000000
33 86 27 1.000000
34 25 85 1.000000
34 85 25 1.000000
35 24 50 1.000000
35 50 24 1.000000
36 23 49 1.000000
36 49 23 1.000000
37 22 42 1.000000
37 42 22 1.000000
38 20 39 1.000000
38 39 20 1.000000
39 38 40 1.000000
39 40 38 1.000000
40 39 41 1.000000
40 41 39 1.000000
41 40 46 1.000000
41 46 40 1.000000
42 37 43 1.000000
42 43 37 1.000000
43 42 44 1.000000
43 44 42 1.000000
44 43 45 1.000000
44 45 43 1.000000
45 44 47 1.000000
45 47 44 1.000000
46 41 48 1.000000
46 48 41 1.000000
47 45 98 1.000000
47 98 45 1.000000
48 46 99 1.000000
48 99 46 1.000000
49 36 51 1.000000
49 51 36 1.000000
50 35 52 1.000000
50 52 35 1.000000
51 49 53 1.000000
51 53 49 1.000000
52 50 54 1.000000
52 54 50 1.000000
53 51 56 1.000000
53 56 51 1.000000
54 52 55 1.000000
54 55 52 1.000000
55 54 58 1.000000
55 58 54 1.000000
56 53 57 1.000000
56 57 53 1.000000
57 56 59 1.000000
57 59 56 1.000000
58 55 60 1.000000
58 60 55 1.000000
59 57 62 1.000000
59 62 57 1.000000
60 58 61 1.000000
60 61 58 1.000000
61 60 63 1.000000
61 63 60 1.000000
62 59 64 1.000000
62 64 59 1.000000
63 61 124 1.000000
63 124 61 1.000000
64 62 125 1.000000
64 125 62 1.000000
65 32 67 1.000000
65 67 32 1.000000
66 31 68 1.000000
66 68 31 1.000000
67 65 69 1.000000
67 69 65 1.000000
68 66 70 1.000000
68 70 66 1.000000
69 67 71 1.000000
69 71 67 1.000000
70 68 72 1.000000
70 72 68 1.000000
71 69 73 1.000000
71 73 69 1.000000
72 70 74 1.000000
72 74 70 1.000000
73 71 75 1.000000
73 75 71 1.000000
74 72 76 1.000000
74 76 72 1.000000
75 73 77 1.000000
75 77 73 1.000000
76 74 78 1.000000
76 78 74 1.000000
77 75 79 1.000000
77 79 75 1.000000
78 76 80 1.000000
78 80 76 1.000000
79 77 81 1.000000
79 81 77 1.000000
80 78 82 1.000000
80 82 78 1.000000
81 79 83 1.000000
81 83 79 1.000000
82 80 84 1.000000
82 84 80 1.000000
85 34 87 1.000000
85 87 34 1.000000
86 33 88 1.000000
86 88 33 1.000000
87 85 89 1.000000
87 89 85 1.000000
88 86 90 1.000000
88 90 86 1.000000
89 87 91 1.000000
89 91 87 1.000000
90 88 92 1.000000
90 92 88 1.000000
91 89 93 1.000000
91 93 89 1.000000
92 90 94 1.000000
92 94 90 1.000000
93 91 95 1.000000
93 95 91 1.000000
94 92 96 1.000000
94 96 92 1.000000
95 93 100 1.000000
95 100 93 1.000000
96 94 97 1.000000
96 97 94 1.000000
97 96 101 1.000000
97 101 96 1.000000
98 47 128 1.000000
98 128 47 1.000000
99 48 129 1.000000
99 129 48 1.000000
100 95 102 1.000000
100 102 95 1.000000
101 97 103 1.000000
101 103 97 1.000000
102 100 104 1.000000
102 104 100 1.000000
103 101 105 1.000000
103 105 101 1.000000
104 102 106 1.000000
104 106 102 1.000000
105 103 107 1.000000
105 107 103 1.000000
106 104 108 1.000000
106 108 104 1.000000
107 105 109 1.000000
107 109 105 1.000000
108 106 110 1.000000
108 110 106 1.000000
109 107 111 1.000000
109 111 107 1.000000
110 108 112 1.000000
110 112 108 1.000000
111 109 113 1.000000
111 113 109 1.000000
112 110 116 1.000000
112 116 110 1.000000
113 111 114 1.000000
113 114 111 1.000000
114 113 115 1.000000
114 115 113 1.000000
116 112 117 1.000000
116 117 112 1.000000
117 116 118 1.000000
117 118 116 1.000000
119 9 120 1.000000
119 120 9 1.000000
119 9 123 1.000000
119 123 9 1.000000
119 1 9 1.000000
119 9 1 1.000000
119 1 120 1.000000
119 120 1 1.000000
119 1 123 1.000000
119 123 1 1.000000
119 120 123 1.000000
119 123 120 1.000000
121 9 123 1.000000
121 123 9 1.000000
121 3 9 1.000000
121 9 3 1.000000
121 3 7 1.416150
121 7 3 1.416150
121 3 123 1.000000
121 123 3 1.000000
121 7 9 1.000000
121 9 7 1.000000
121 7 123 1.000000
121 123 7 1.000000
122 9 10 1.000000
122 10 9 1.000000
123 0 2 1.478880
123 2 0 1.478880
123 0 26 1.000000
123 26 0 1.000000
123 0 121 1.000000
123 121 0 1.000000
123 0 119 1.000000
123 119 0 1.000000
123 2 26 1.357350
123 26 2 1.357350
123 2 121 1.000000
123 121 2 1.000000
123 2 119 1.000000
123 119 2 1.000000
123 26 121 1.000000
123 121 26 1.000000
123 26 119 1.000000
123 119 26 1.000000
123 119 121 1.000000
123 121 119 1.000000
124 63 126 1.000000
124 126 63 1.000000
125 64 127 1.000000
125 127 64 1.000000
;
param D:=0.5;
param t_hat_ear:=
0 137 1.0
0 126 2.0
0 124 3.0
0 63 4.0
0 61 5.0
0 60 6.0
0 58 7.0
0 55 8.0
0 54 9.0
0 52 10.0
0 50 11.0
0 35 12.0
0 24 13.0
0 15 14.0
0 5 15.0
0 2 16.0
0 123 17.0
0 119 18.0
0 120 19.0
0 130 20.0
1 137 3.0
1 126 4.0
1 124 5.0
1 63 6.0
1 61 7.0
1 60 8.0
1 58 9.0
1 55 10.0
1 54 11.0
1 52 12.0
1 50 13.0
1 35 14.0
1 24 15.0
1 15 16.0
1 5 17.0
1 2 18.0
1 123 19.0
1 119 20.0
1 120 21.0
1 130 22.0
2 131 4.0
2 6 5.0
2 9 6.0
2 121 7.0
2 7 8.0
2 8 9.0
2 12 10.0
2 28 11.0
2 32 12.0
2 65 13.0
2 67 14.0
2 69 15.0
2 71 16.0
2 73 17.0
2 75 18.0
2 77 19.0
2 79 20.0
2 81 21.0
2 83 22.0
2 132 23.0
3 131 0.0
3 6 1.0
3 9 2.0
3 119 3.0
3 1 4.0
3 19 5.0
3 21 6.0
3 4 7.0
3 16 8.0
3 23 9.0
3 36 10.0
3 49 11.0
3 51 12.0
3 53 13.0
3 56 14.0
3 57 15.0
3 59 16.0
3 62 17.0
3 64 18.0
3 125 19.0
3 127 20.0
3 136 21.0
4 137 5.0
4 126 6.0
4 124 7.0
4 63 8.0
4 61 9.0
4 60 10.0
4 58 11.0
4 55 12.0
4 54 13.0
4 52 14.0
4 50 15.0
4 35 16.0
4 24 17.0
4 15 18.0
4 5 19.0
4 2 20.0
4 123 21.0
4 119 22.0
4 120 23.0
4 130 24.0
5 137 7.0
5 126 8.0
5 124 9.0
5 63 10.0
5 61 11.0
5 60 12.0
5 58 13.0
5 55 14.0
5 54 15.0
5 52 16.0
5 50 17.0
5 35 18.0
5 24 19.0
5 15 20.0
5 5 21.0
5 2 22.0
5 123 23.0
5 119 24.0
5 120 25.0
5 130 26.0
6 135 7.0
6 118 8.0
6 117 9.0
6 116 10.0
6 112 11.0
6 110 12.0
6 108 13.0
6 106 14.0
6 104 15.0
6 102 16.0
6 100 17.0
6 95 18.0
6 93 19.0
6 91 20.0
6 89 21.0
6 87 22.0
6 85 23.0
6 34 24.0
6 25 25.0
6 14 26.0
6 26 27.0
6 123 28.0
6 119 29.0
6 120 30.0
6 130 31.0
7 131 2.0
7 6 3.0
7 9 4.0
7 121 5.0
7 3 6.0
7 13 7.0
7 27 8.0
7 33 9.0
7 86 10.0
7 88 11.0
7 90 12.0
7 92 13.0
7 94 14.0
7 96 15.0
7 97 16.0
7 101 17.0
7 103 18.0
7 105 19.0
7 107 20.0
7 109 21.0
7 111 22.0
7 113 23.0
7 114 24.0
7 115 25.0
7 134 26.0
9 131 8.0
9 6 9.0
9 9 10.0
9 121 11.0
9 7 12.0
9 8 13.0
9 12 14.0
9 28 15.0
9 32 16.0
9 65 17.0
9 67 18.0
9 69 19.0
9 71 20.0
9 73 21.0
9 75 22.0
9 77 23.0
9 79 24.0
9 81 25.0
9 83 26.0
9 132 27.0
10 139 2.0
10 128 3.0
10 98 4.0
10 47 5.0
10 45 6.0
10 44 7.0
10 43 8.0
10 42 9.0
10 37 10.0
10 22 11.0
10 18 12.0
10 21 13.0
10 0 14.0
10 123 15.0
10 119 16.0
10 120 17.0
10 130 18.0
11 133 17.0
11 84 18.0
11 82 19.0
11 80 20.0
11 78 21.0
11 76 22.0
11 74 23.0
11 72 24.0
11 70 25.0
11 68 26.0
11 66 27.0
11 31 28.0
11 30 29.0
11 11 30.0
11 29 31.0
11 10 32.0
11 122 33.0
11 9 34.0
11 119 35.0
11 120 36.0
11 130 37.0
12 139 0.0
12 128 1.0
12 98 2.0
12 47 3.0
12 45 4.0
12 44 5.0
12 43 6.0
12 42 7.0
12 37 8.0
12 22 9.0
12 18 10.0
12 21 11.0
12 0 12.0
12 123 13.0
12 119 14.0
12 120 15.0
12 130 16.0
13 139 17.0
13 128 18.0
13 98 19.0
13 47 20.0
13 45 21.0
13 44 22.0
13 43 23.0
13 42 24.0
13 37 25.0
13 22 26.0
13 18 27.0
13 21 28.0
13 0 29.0
13 123 30.0
13 119 31.0
13 120 32.0
13 130 33.0
14 133 19.0
14 84 20.0
14 82 21.0
14 80 22.0
14 78 23.0
14 76 24.0
14 74 25.0
14 72 26.0
14 70 27.0
14 68 28.0
14 66 29.0
14 31 30.0
14 30 31.0
14 11 32.0
14 29 33.0
14 10 34.0
14 122 35.0
14 9 36.0
14 119 37.0
14 120 38.0
14 130 39.0
15 139 19.0
15 128 20.0
15 98 21.0
15 47 22.0
15 45 23.0
15 44 24.0
15 43 25.0
15 42 26.0
15 37 27.0
15 22 28.0
15 18 29.0
15 21 30.0
15 0 31.0
15 123 32.0
15 119 33.0
15 120 34.0
15 130 35.0
16 133 8.0
16 84 9.0
16 82 10.0
16 80 11.0
16 78 12.0
16 76 13.0
16 74 14.0
16 72 15.0
16 70 16.0
16 68 17.0
16 66 18.0
16 31 19.0
16 30 20.0
16 11 21.0
16 29 22.0
16 10 23.0
16 122 24.0
16 9 25.0
16 119 26.0
16 120 27.0
16 130 28.0
17 131 6.0
17 6 7.0
17 9 8.0
17 121 9.0
17 3 10.0
17 13 11.0
17 27 12.0
17 33 13.0
17 86 14.0
17 88 15.0
17 90 16.0
17 92 17.0
17 94 18.0
17 96 19.0
17 97 20.0
17 101 21.0
17 103 22.0
17 105 23.0
17 107 24.0
17 109 25.0
17 111 26.0
17 113 27.0
17 114 28.0
17 115 29.0
17 134 30.0
18 131 10.0
18 6 11.0
18 9 12.0
18 121 13.0
18 7 14.0
18 8 15.0
18 12 16.0
18 28 17.0
18 32 18.0
18 65 19.0
18 67 20.0
18 69 21.0
18 71 22.0
18 73 23.0
18 75 24.0
18 77 25.0
18 79 26.0
18 81 27.0
18 83 28.0
18 132 29.0
20 135 25.0
20 118 26.0
20 117 27.0
20 116 28.0
20 112 29.0
20 110 30.0
20 108 31.0
20 106 32.0
20 104 33.0
20 102 34.0
20 100 35.0
20 95 36.0
20 93 37.0
20 91 38.0
20 89 39.0
20 87 40.0
20 85 41.0
20 34 42.0
20 25 43.0
20 14 44.0
20 26 45.0
20 123 46.0
20 119 47.0
20 120 48.0
20 130 49.0
21 135 27.0
21 118 28.0
21 117 29.0
21 116 30.0
21 112 31.0
21 110 32.0
21 108 33.0
21 106 34.0
21 104 35.0
21 102 36.0
21 100 37.0
21 95 38.0
21 93 39.0
21 91 40.0
21 89 41.0
21 87 42.0
21 85 43.0
21 34 44.0
21 25 45.0
21 14 46.0
21 26 47.0
21 123 48.0
21 119 49.0
21 120 50.0
21 130 51.0
25 135 29.0
25 118 30.0
25 117 31.0
25 116 32.0
25 112 33.0
25 110 34.0
25 108 35.0
25 106 36.0
25 104 37.0
25 102 38.0
25 100 39.0
25 95 40.0
25 93 41.0
25 91 42.0
25 89 43.0
25 87 44.0
25 85 45.0
25 34 46.0
25 25 47.0
25 14 48.0
25 26 49.0
25 123 50.0
25 119 51.0
25 120 52.0
25 130 53.0
27 133 39.0
27 84 40.0
27 82 41.0
27 80 42.0
27 78 43.0
27 76 44.0
27 74 45.0
27 72 46.0
27 70 47.0
27 68 48.0
27 66 49.0
27 31 50.0
27 30 51.0
27 11 52.0
27 29 53.0
27 10 54.0
27 122 55.0
27 9 56.0
27 119 57.0
27 120 58.0
27 130 59.0
28 139 29.0
28 128 30.0
28 98 31.0
28 47 32.0
28 45 33.0
28 44 34.0
28 43 35.0
28 42 36.0
28 37 37.0
28 22 38.0
28 18 39.0
28 21 40.0
28 0 41.0
28 123 42.0
28 119 43.0
28 120 44.0
28 130 45.0
33 135 19.0
33 118 20.0
33 117 21.0
33 116 22.0
33 112 23.0
33 110 24.0
33 108 25.0
33 106 26.0
33 104 27.0
33 102 28.0
33 100 29.0
33 95 30.0
33 93 31.0
33 91 32.0
33 89 33.0
33 87 34.0
33 85 35.0
33 34 36.0
33 25 37.0
33 14 38.0
33 26 39.0
33 123 40.0
33 119 41.0
33 120 42.0
33 130 43.0
35 133 27.0
35 84 28.0
35 82 29.0
35 80 30.0
35 78 31.0
35 76 32.0
35 74 33.0
35 72 34.0
35 70 35.0
35 68 36.0
35 66 37.0
35 31 38.0
35 30 39.0
35 11 40.0
35 29 41.0
35 10 42.0
35 122 43.0
35 9 44.0
35 119 45.0
35 120 46.0
35 130 47.0
36 135 17.0
36 118 18.0
36 117 19.0
36 116 20.0
36 112 21.0
36 110 22.0
36 108 23.0
36 106 24.0
36 104 25.0
36 102 26.0
36 100 27.0
36 95 28.0
36 93 29.0
36 91 30.0
36 89 31.0
36 87 32.0
36 85 33.0
36 34 34.0
36 25 35.0
36 14 36.0
36 26 37.0
36 123 38.0
36 119 39.0
36 120 40.0
36 130 41.0
37 135 39.0
37 118 40.0
37 117 41.0
37 116 42.0
37 112 43.0
37 110 44.0
37 108 45.0
37 106 46.0
37 104 47.0
37 102 48.0
37 100 49.0
37 95 50.0
37 93 51.0
37 91 52.0
37 89 53.0
37 87 54.0
37 85 55.0
37 34 56.0
37 25 57.0
37 14 58.0
37 26 59.0
37 123 60.0
37 119 61.0
37 120 62.0
37 130 63.0
39 139 49.0
39 128 50.0
39 98 51.0
39 47 52.0
39 45 53.0
39 44 54.0
39 43 55.0
39 42 56.0
39 37 57.0
39 22 58.0
39 18 59.0
39 21 60.0
39 0 61.0
39 123 62.0
39 119 63.0
39 120 64.0
39 130 65.0
40 135 37.0
40 118 38.0
40 117 39.0
40 116 40.0
40 112 41.0
40 110 42.0
40 108 43.0
40 106 44.0
40 104 45.0
40 102 46.0
40 100 47.0
40 95 48.0
40 93 49.0
40 91 50.0
40 89 51.0
40 87 52.0
40 85 53.0
40 34 54.0
40 25 55.0
40 14 56.0
40 26 57.0
40 123 58.0
40 119 59.0
40 120 60.0
40 130 61.0
42 131 25.0
42 6 26.0
42 9 27.0
42 121 28.0
42 3 29.0
42 13 30.0
42 27 31.0
42 33 32.0
42 86 33.0
42 88 34.0
42 90 35.0
42 92 36.0
42 94 37.0
42 96 38.0
42 97 39.0
42 101 40.0
42 103 41.0
42 105 42.0
42 107 43.0
42 109 44.0
42 111 45.0
42 113 46.0
42 114 47.0
42 115 48.0
42 134 49.0
43 135 47.0
43 118 48.0
43 117 49.0
43 116 50.0
43 112 51.0
43 110 52.0
43 108 53.0
43 106 54.0
43 104 55.0
43 102 56.0
43 100 57.0
43 95 58.0
43 93 59.0
43 91 60.0
43 89 61.0
43 87 62.0
43 85 63.0
43 34 64.0
43 25 65.0
43 14 66.0
43 26 67.0
43 123 68.0
43 119 69.0
43 120 70.0
43 130 71.0
44 137 36.0
44 126 37.0
44 124 38.0
44 63 39.0
44 61 40.0
44 60 41.0
44 58 42.0
44 55 43.0
44 54 44.0
44 52 45.0
44 50 46.0
44 35 47.0
44 24 48.0
44 15 49.0
44 5 50.0
44 2 51.0
44 123 52.0
44 119 53.0
44 120 54.0
44 130 55.0
46 135 43.0
46 118 44.0
46 117 45.0
46 116 46.0
46 112 47.0
46 110 48.0
46 108 49.0
46 106 50.0
46 104 51.0
46 102 52.0
46 100 53.0
46 95 54.0
46 93 55.0
46 91 56.0
46 89 57.0
46 87 58.0
46 85 59.0
46 34 60.0
46 25 61.0
46 14 62.0
46 26 63.0
46 123 64.0
46 119 65.0
46 120 66.0
46 130 67.0
50 135 33.0
50 118 34.0
50 117 35.0
50 116 36.0
50 112 37.0
50 110 38.0
50 108 39.0
50 106 40.0
50 104 41.0
50 102 42.0
50 100 43.0
50 95 44.0
50 93 45.0
50 91 46.0
50 89 47.0
50 87 48.0
50 85 49.0
50 34 50.0
50 25 51.0
50 14 52.0
50 26 53.0
50 123 54.0
50 119 55.0
50 120 56.0
50 130 57.0
55 133 49.0
55 84 50.0
55 82 51.0
55 80 52.0
55 78 53.0
55 76 54.0
55 74 55.0
55 72 56.0
55 70 57.0
55 68 58.0
55 66 59.0
55 31 60.0
55 30 61.0
55 11 62.0
55 29 63.0
55 10 64.0
55 122 65.0
55 9 66.0
55 119 67.0
55 120 68.0
55 130 69.0
56 131 20.0
56 6 21.0
56 9 22.0
56 121 23.0
56 3 24.0
56 13 25.0
56 27 26.0
56 33 27.0
56 86 28.0
56 88 29.0
56 90 30.0
56 92 31.0
56 94 32.0
56 96 33.0
56 97 34.0
56 101 35.0
56 103 36.0
56 105 37.0
56 107 38.0
56 109 39.0
56 111 40.0
56 113 41.0
56 114 42.0
56 115 43.0
56 134 44.0
59 135 49.0
59 118 50.0
59 117 51.0
59 116 52.0
59 112 53.0
59 110 54.0
59 108 55.0
59 106 56.0
59 104 57.0
59 102 58.0
59 100 59.0
59 95 60.0
59 93 61.0
59 91 62.0
59 89 63.0
59 87 64.0
59 85 65.0
59 34 66.0
59 25 67.0
59 14 68.0
59 26 69.0
59 123 70.0
59 119 71.0
59 120 72.0
59 130 73.0
71 131 30.0
71 6 31.0
71 9 32.0
71 121 33.0
71 3 34.0
71 13 35.0
71 27 36.0
71 33 37.0
71 86 38.0
71 88 39.0
71 90 40.0
71 92 41.0
71 94 42.0
71 96 43.0
71 97 44.0
71 101 45.0
71 103 46.0
71 105 47.0
71 107 48.0
71 109 49.0
71 111 50.0
71 113 51.0
71 114 52.0
71 115 53.0
71 134 54.0
80 131 40.0
80 6 41.0
80 9 42.0
80 121 43.0
80 7 44.0
80 8 45.0
80 12 46.0
80 28 47.0
80 32 48.0
80 65 49.0
80 67 50.0
80 69 51.0
80 71 52.0
80 73 53.0
80 75 54.0
80 77 55.0
80 79 56.0
80 81 57.0
80 83 58.0
80 132 59.0
82 131 47.0
82 6 48.0
82 9 49.0
82 121 50.0
82 3 51.0
82 13 52.0
82 27 53.0
82 33 54.0
82 86 55.0
82 88 56.0
82 90 57.0
82 92 58.0
82 94 59.0
82 96 60.0
82 97 61.0
82 101 62.0
82 103 63.0
82 105 64.0
82 107 65.0
82 109 66.0
82 111 67.0
82 113 68.0
82 114 69.0
82 115 70.0
82 134 71.0
84 131 49.0
84 6 50.0
84 9 51.0
84 121 52.0
84 7 53.0
84 8 54.0
84 12 55.0
84 28 56.0
84 32 57.0
84 65 58.0
84 67 59.0
84 69 60.0
84 71 61.0
84 73 62.0
84 75 63.0
84 77 64.0
84 79 65.0
84 81 66.0
84 83 67.0
84 132 68.0
85 137 11
85 126 12.0
85 124 13.0
85 63 14.0
85 61 15.0
85 60 16.0
85 58 17.0
85 55 18.0
85 54 19.0
85 52 20.0
85 50 21.0
85 35 22.0
85 24 23.0
85 15 24.0
85 5 25.0
85 2 26.0
85 123 27.0
85 119 28.0
85 120 29.0
85 130 30.0
;
param t_hat_lat:=
0 137 2.0
0 126 3.0
0 124 4.0
0 63 5.0
0 61 6.0
0 60 7.0
0 58 8.0
0 55 9.0
0 54 10.0
0 52 11.0
0 50 12.0
0 35 13.0
0 24 14.0
0 15 15.0
0 5 16.0
0 2 17.0
0 123 18.0
0 119 19.0
0 120 20.0
0 130 21.0
1 137 4.0
1 126 5.0
1 124 6.0
1 63 7.0
1 61 8.0
1 60 9.0
1 58 10.0
1 55 11.0
1 54 12.0
1 52 13.0
1 50 14.0
1 35 15.0
1 24 16.0
1 15 17.0
1 5 18.0
1 2 19.0
1 123 20.0
1 119 21.0
1 120 22.0
1 130 23.0
2 131 5.0
2 6 6.0
2 9 7.0
2 121 8.0
2 7 9.0
2 8 10.0
2 12 11.0
2 28 12.0
2 32 13.0
2 65 14.0
2 67 15.0
2 69 16.0
2 71 17.0
2 73 18.0
2 75 19.0
2 77 20.0
2 79 21.0
2 81 22.0
2 83 23.0
2 132 24.0
3 131 1.0
3 6 2.0
3 9 3.0
3 119 4.0
3 1 5.0
3 19 6.0
3 21 7.0
3 4 8.0
3 16 9.0
3 23 10.0
3 36 11.0
3 49 12.0
3 51 13.0
3 53 14.0
3 56 15.0
3 57 16.0
3 59 17.0
3 62 18.0
3 64 19.0
3 125 20.0
3 127 21.0
3 136 22.0
4 137 6.0
4 126 7.0
4 124 8.0
4 63 9.0
4 61 10.0
4 60 11.0
4 58 12.0
4 55 13.0
4 54 14.0
4 52 15.0
4 50 16.0
4 35 17.0
4 24 18.0
4 15 19.0
4 5 20.0
4 2 21.0
4 123 22.0
4 119 23.0
4 120 24.0
4 130 25.0
5 137 8.0
5 126 9.0
5 124 10.0
5 63 11.0
5 61 12.0
5 60 13.0
5 58 14.0
5 55 15.0
5 54 16.0
5 52 17.0
5 50 18.0
5 35 19.0
5 24 20.0
5 15 21.0
5 5 22.0
5 2 23.0
5 123 24.0
5 119 25.0
5 120 26.0
5 130 27.0
6 135 8.0
6 118 9.0
6 117 10.0
6 116 11.0
6 112 12.0
6 110 13.0
6 108 14.0
6 106 15.0
6 104 16.0
6 102 17.0
6 100 18.0
6 95 19.0
6 93 20.0
6 91 21.0
6 89 22.0
6 87 23.0
6 85 24.0
6 34 25.0
6 25 26.0
6 14 27.0
6 26 28.0
6 123 29.0
6 119 30.0
6 120 31.0
6 130 32.0
7 131 3.0
7 6 4.0
7 9 5.0
7 121 6.0
7 3 7.0
7 13 8.0
7 27 9.0
7 33 10.0
7 86 11.0
7 88 12.0
7 90 13.0
7 92 14.0
7 94 15.0
7 96 16.0
7 97 17.0
7 101 18.0
7 103 19.0
7 105 20.0
7 107 21.0
7 109 22.0
7 111 23.0
7 113 24.0
7 114 25.0
7 115 26.0
7 134 27.0
9 131 9.0
9 6 10.0
9 9 11.0
9 121 12.0
9 7 13.0
9 8 14.0
9 12 15.0
9 28 16.0
9 32 17.0
9 65 18.0
9 67 19.0
9 69 20.0
9 71 21.0
9 73 22.0
9 75 23.0
9 77 24.0
9 79 25.0
9 81 26.0
9 83 27.0
9 132 28.0
10 139 3.0
10 128 4.0
10 98 5.0
10 47 6.0
10 45 7.0
10 44 8.0
10 43 9.0
10 42 10.0
10 37 11.0
10 22 12.0
10 18 13.0
10 21 14.0
10 0 15.0
10 123 16.0
10 119 17.0
10 120 18.0
10 130 19.0
11 133 18.0
11 84 19.0
11 82 20.0
11 80 21.0
11 78 22.0
11 76 23.0
11 74 24.0
11 72 25.0
11 70 26.0
11 68 27.0
11 66 28.0
11 31 29.0
11 30 30.0
11 11 31.0
11 29 32.0
11 10 33.0
11 122 34.0
11 9 35.0
11 119 36.0
11 120 37.0
11 130 38.0
12 139 1.0
12 128 2.0
12 98 3.0
12 47 4.0
12 45 5.0
12 44 6.0
12 43 7.0
12 42 8.0
12 37 9.0
12 22 10.0
12 18 11.0
12 21 12.0
12 0 13.0
12 123 14.0
12 119 15.0
12 120 16.0
12 130 17.0
13 139 18.0
13 128 19.0
13 98 20.0
13 47 21.0
13 45 22.0
13 44 23.0
13 43 24.0
13 42 25.0
13 37 26.0
13 22 27.0
13 18 28.0
13 21 29.0
13 0 30.0
13 123 31.0
13 119 32.0
13 120 33.0
13 130 34.0
14 133 20.0
14 84 21.0
14 82 22.0
14 80 23.0
14 78 24.0
14 76 25.0
14 74 26.0
14 72 27.0
14 70 28.0
14 68 29.0
14 66 30.0
14 31 31.0
14 30 32.0
14 11 33.0
14 29 34.0
14 10 35.0
14 122 36.0
14 9 37.0
14 119 38.0
14 120 39.0
14 130 40.0
15 139 20.0
15 128 21.0
15 98 22.0
15 47 23.0
15 45 24.0
15 44 25.0
15 43 26.0
15 42 27.0
15 37 28.0
15 22 29.0
15 18 30.0
15 21 31.0
15 0 32.0
15 123 33.0
15 119 34.0
15 120 35.0
15 130 36.0
16 133 9.0
16 84 10.0
16 82 11.0
16 80 12.0
16 78 13.0
16 76 14.0
16 74 15.0
16 72 16.0
16 70 17.0
16 68 18.0
16 66 19.0
16 31 20.0
16 30 21.0
16 11 22.0
16 29 23.0
16 10 24.0
16 122 25.0
16 9 26.0
16 119 27.0
16 120 28.0
16 130 29.0
17 131 7.0
17 6 8.0
17 9 9.0
17 121 10.0
17 3 11.0
17 13 12.0
17 27 13.0
17 33 14.0
17 86 15.0
17 88 16.0
17 90 17.0
17 92 18.0
17 94 19.0
17 96 20.0
17 97 21.0
17 101 22.0
17 103 23.0
17 105 24.0
17 107 25.0
17 109 26.0
17 111 27.0
17 113 28.0
17 114 29.0
17 115 30.0
17 134 31.0
18 131 11.0
18 6 12.0
18 9 13.0
18 121 14.0
18 7 15.0
18 8 16.0
18 12 17.0
18 28 18.0
18 32 19.0
18 65 20.0
18 67 21.0
18 69 22.0
18 71 23.0
18 73 24.0
18 75 25.0
18 77 26.0
18 79 27.0
18 81 28.0
18 83 29.0
18 132 30.0
20 135 26.0
20 118 27.0
20 117 28.0
20 116 29.0
20 112 30.0
20 110 31.0
20 108 32.0
20 106 33.0
20 104 34.0
20 102 35.0
20 100 36.0
20 95 37.0
20 93 38.0
20 91 39.0
20 89 40.0
20 87 41.0
20 85 42.0
20 34 43.0
20 25 44.0
20 14 45.0
20 26 46.0
20 123 47.0
20 119 48.0
20 120 49.0
20 130 50.0
21 135 28.0
21 118 29.0
21 117 30.0
21 116 31.0
21 112 32.0
21 110 33.0
21 108 34.0
21 106 35.0
21 104 36.0
21 102 37.0
21 100 38.0
21 95 39.0
21 93 40.0
21 91 41.0
21 89 42.0
21 87 43.0
21 85 44.0
21 34 45.0
21 25 46.0
21 14 47.0
21 26 48.0
21 123 49.0
21 119 50.0
21 120 51.0
21 130 52.0
25 135 30.0
25 118 31.0
25 117 32.0
25 116 33.0
25 112 34.0
25 110 35.0
25 108 36.0
25 106 37.0
25 104 38.0
25 102 39.0
25 100 40.0
25 95 41.0
25 93 42.0
25 91 43.0
25 89 44.0
25 87 45.0
25 85 46.0
25 34 47.0
25 25 48.0
25 14 49.0
25 26 50.0
25 123 51.0
25 119 52.0
25 120 53.0
25 130 54.0
27 133 40.0
27 84 41.0
27 82 42.0
27 80 43.0
27 78 44.0
27 76 45.0
27 74 46.0
27 72 47.0
27 70 48.0
27 68 49.0
27 66 50.0
27 31 51.0
27 30 52.0
27 11 53.0
27 29 54.0
27 10 55.0
27 122 56.0
27 9 57.0
27 119 58.0
27 120 59.0
27 130 60.0
28 139 30.0
28 128 31.0
28 98 32.0
28 47 33.0
28 45 34.0
28 44 35.0
28 43 36.0
28 42 37.0
28 37 38.0
28 22 39.0
28 18 40.0
28 21 41.0
28 0 42.0
28 123 43.0
28 119 44.0
28 120 45.0
28 130 46.0
33 135 20.0
33 118 21.0
33 117 22.0
33 116 23.0
33 112 24.0
33 110 25.0
33 108 26.0
33 106 27.0
33 104 28.0
33 102 29.0
33 100 30.0
33 95 31.0
33 93 32.0
33 91 33.0
33 89 34.0
33 87 35.0
33 85 36.0
33 34 37.0
33 25 38.0
33 14 39.0
33 26 40.0
33 123 41.0
33 119 42.0
33 120 43.0
33 130 44.0
35 133 28.0
35 84 29.0
35 82 30.0
35 80 31.0
35 78 32.0
35 76 33.0
35 74 34.0
35 72 35.0
35 70 36.0
35 68 37.0
35 66 38.0
35 31 39.0
35 30 40.0
35 11 41.0
35 29 42.0
35 10 43.0
35 122 44.0
35 9 45.0
35 119 46.0
35 120 47.0
35 130 48.0
36 135 18.0
36 118 19.0
36 117 20.0
36 116 21.0
36 112 22.0
36 110 23.0
36 108 24.0
36 106 25.0
36 104 26.0
36 102 27.0
36 100 28.0
36 95 29.0
36 93 30.0
36 91 31.0
36 89 32.0
36 87 33.0
36 85 34.0
36 34 35.0
36 25 36.0
36 14 37.0
36 26 38.0
36 123 39.0
36 119 40.0
36 120 41.0
36 130 42.0
37 135 40.0
37 118 41.0
37 117 42.0
37 116 43.0
37 112 44.0
37 110 45.0
37 108 46.0
37 106 47.0
37 104 48.0
37 102 49.0
37 100 50.0
37 95 51.0
37 93 52.0
37 91 53.0
37 89 54.0
37 87 55.0
37 85 56.0
37 34 57.0
37 25 58.0
37 14 59.0
37 26 60.0
37 123 61.0
37 119 62.0
37 120 63.0
37 130 64.0
39 139 50.0
39 128 51.0
39 98 52.0
39 47 53.0
39 45 54.0
39 44 55.0
39 43 56.0
39 42 57.0
39 37 58.0
39 22 59.0
39 18 60.0
39 21 61.0
39 0 62.0
39 123 63.0
39 119 64.0
39 120 65.0
39 130 66.0
40 135 38.0
40 118 39.0
40 117 40.0
40 116 41.0
40 112 42.0
40 110 43.0
40 108 44.0
40 106 45.0
40 104 46.0
40 102 47.0
40 100 48.0
40 95 49.0
40 93 50.0
40 91 51.0
40 89 52.0
40 87 53.0
40 85 54.0
40 34 55.0
40 25 56.0
40 14 57.0
40 26 58.0
40 123 59.0
40 119 60.0
40 120 61.0
40 130 62.0
42 131 26.0
42 6 27.0
42 9 28.0
42 121 29.0
42 3 30.0
42 13 31.0
42 27 32.0
42 33 33.0
42 86 34.0
42 88 35.0
42 90 36.0
42 92 37.0
42 94 38.0
42 96 39.0
42 97 40.0
42 101 41.0
42 103 42.0
42 105 43.0
42 107 44.0
42 109 45.0
42 111 46.0
42 113 47.0
42 114 48.0
42 115 49.0
42 134 50.0
43 135 48.0
43 118 49.0
43 117 50.0
43 116 51.0
43 112 52.0
43 110 53.0
43 108 54.0
43 106 55.0
43 104 56.0
43 102 57.0
43 100 58.0
43 95 59.0
43 93 60.0
43 91 61.0
43 89 62.0
43 87 63.0
43 85 64.0
43 34 65.0
43 25 66.0
43 14 67.0
43 26 68.0
43 123 69.0
43 119 70.0
43 120 71.0
43 130 72.0
44 137 37.0
44 126 38.0
44 124 39.0
44 63 40.0
44 61 41.0
44 60 42.0
44 58 43.0
44 55 44.0
44 54 45.0
44 52 46.0
44 50 47.0
44 35 48.0
44 24 49.0
44 15 50.0
44 5 51.0
44 2 52.0
44 123 53.0
44 119 54.0
44 120 55.0
44 130 56.0
46 135 44.0
46 118 45.0
46 117 46.0
46 116 47.0
46 112 48.0
46 110 49.0
46 108 50.0
46 106 51.0
46 104 52.0
46 102 53.0
46 100 54.0
46 95 55.0
46 93 56.0
46 91 57.0
46 89 58.0
46 87 59.0
46 85 60.0
46 34 61.0
46 25 62.0
46 14 63.0
46 26 64.0
46 123 65.0
46 119 66.0
46 120 67.0
46 130 68.0
50 135 34.0
50 118 35.0
50 117 36.0
50 116 37.0
50 112 38.0
50 110 39.0
50 108 40.0
50 106 41.0
50 104 42.0
50 102 43.0
50 100 44.0
50 95 45.0
50 93 46.0
50 91 47.0
50 89 48.0
50 87 49.0
50 85 50.0
50 34 51.0
50 25 52.0
50 14 53.0
50 26 54.0
50 123 55.0
50 119 56.0
50 120 57.0
50 130 58.0
55 133 50.0
55 84 51.0
55 82 52.0
55 80 53.0
55 78 54.0
55 76 55.0
55 74 56.0
55 72 57.0
55 70 58.0
55 68 59.0
55 66 60.0
55 31 61.0
55 30 62.0
55 11 63.0
55 29 64.0
55 10 65.0
55 122 66.0
55 9 67.0
55 119 68.0
55 120 69.0
55 130 70.0
56 131 21.0
56 6 22.0
56 9 23.0
56 121 24.0
56 3 25.0
56 13 26.0
56 27 27.0
56 33 28.0
56 86 29.0
56 88 30.0
56 90 31.0
56 92 32.0
56 94 33.0
56 96 34.0
56 97 35.0
56 101 36.0
56 103 37.0
56 105 38.0
56 107 39.0
56 109 40.0
56 111 41.0
56 113 42.0
56 114 43.0
56 115 44.0
56 134 45.0
59 135 50.0
59 118 51.0
59 117 52.0
59 116 53.0
59 112 54.0
59 110 55.0
59 108 56.0
59 106 57.0
59 104 58.0
59 102 59.0
59 100 60.0
59 95 61.0
59 93 62.0
59 91 63.0
59 89 64.0
59 87 65.0
59 85 66.0
59 34 67.0
59 25 68.0
59 14 69.0
59 26 70.0
59 123 71.0
59 119 72.0
59 120 73.0
59 130 74.0
71 131 31.0
71 6 32.0
71 9 33.0
71 121 34.0
71 3 35.0
71 13 36.0
71 27 37.0
71 33 38.0
71 86 39.0
71 88 40.0
71 90 41.0
71 92 42.0
71 94 43.0
71 96 44.0
71 97 45.0
71 101 46.0
71 103 47.0
71 105 48.0
71 107 49.0
71 109 50.0
71 111 51.0
71 113 52.0
71 114 53.0
71 115 54.0
71 134 55.0
80 131 41.0
80 6 42.0
80 9 43.0
80 121 44.0
80 7 45.0
80 8 46.0
80 12 47.0
80 28 48.0
80 32 49.0
80 65 50.0
80 67 51.0
80 69 52.0
80 71 53.0
80 73 54.0
80 75 55.0
80 77 56.0
80 79 57.0
80 81 58.0
80 83 59.0
80 132 60.0
82 131 48.0
82 6 49.0
82 9 50.0
82 121 51.0
82 3 52.0
82 13 53.0
82 27 54.0
82 33 55.0
82 86 56.0
82 88 57.0
82 90 58.0
82 92 59.0
82 94 60.0
82 96 61.0
82 97 62.0
82 101 63.0
82 103 64.0
82 105 65.0
82 107 66.0
82 109 67.0
82 111 68.0
82 113 69.0
82 114 70.0
82 115 71.0
82 134 72.0
84 131 50.0
84 6 51.0
84 9 52.0
84 121 53.0
84 7 54.0
84 8 55.0
84 12 56.0
84 28 57.0
84 32 58.0
84 65 59.0
84 67 60.0
84 69 61.0
84 71 62.0
84 73 63.0
84 75 64.0
84 77 65.0
84 79 66.0
84 81 67.0
84 83 68.0
84 132 69.0
85 137 12
85 126 13.0
85 124 14.0
85 63 15.0
85 61 16.0
85 60 17.0
85 58 18.0
85 55 19.0
85 54 20.0
85 52 21.0
85 50 22.0
85 35 23.0
85 24 24.0
85 15 25.0
85 5 26.0
85 2 27.0
85 123 28.0
85 119 29.0
85 120 30.0
85 130 31.0
;
set fixedFlights :=
3 1 19
10 21 0
12 21 0
13 21 0
15 21 0
28 21 0
39 21 0
3 19 21
3 21 4
0 5 2
1 5 2
4 5 2
5 5 2
44 5 2
85 5 2
2 6 9
3 6 9
7 6 9
9 6 9
17 6 9
18 6 9
42 6 9
56 6 9
71 6 9
80 6 9
82 6 9
84 6 9
2 7 8
9 7 8
18 7 8
80 7 8
84 7 8
11 29 10
14 29 10
16 29 10
27 29 10
35 29 10
55 29 10
11 11 29
14 11 29
16 11 29
27 11 29
35 11 29
55 11 29
11 30 11
14 30 11
16 30 11
27 30 11
35 30 11
55 30 11
2 8 12
9 8 12
18 8 12
80 8 12
84 8 12
2 12 28
9 12 28
18 12 28
80 12 28
84 12 28
0 15 5
1 15 5
4 15 5
5 15 5
44 15 5
85 15 5
0 24 15
1 24 15
4 24 15
5 24 15
44 24 15
85 24 15
3 4 16
3 16 23
10 22 18
12 22 18
13 22 18
15 22 18
28 22 18
39 22 18
10 18 21
12 18 21
13 18 21
15 18 21
28 18 21
39 18 21
20 14 26
21 14 26
25 14 26
33 14 26
36 14 26
37 14 26
40 14 26
43 14 26
46 14 26
50 14 26
59 14 26
7 3 13
17 3 13
42 3 13
56 3 13
71 3 13
82 3 13
2 131 6
3 131 6
7 131 6
9 131 6
17 131 6
18 131 6
42 131 6
56 131 6
71 131 6
80 131 6
82 131 6
84 131 6
2 83 132
9 83 132
18 83 132
80 83 132
84 83 132
11 133 84
14 133 84
16 133 84
27 133 84
35 133 84
55 133 84
7 13 27
17 13 27
42 13 27
56 13 27
71 13 27
82 13 27
7 27 33
17 27 33
42 27 33
56 27 33
71 27 33
82 27 33
7 33 86
17 33 86
42 33 86
56 33 86
71 33 86
82 33 86
7 86 88
17 86 88
42 86 88
56 86 88
71 86 88
82 86 88
7 88 90
17 88 90
42 88 90
56 88 90
71 88 90
82 88 90
7 90 92
17 90 92
42 90 92
56 90 92
71 90 92
82 90 92
7 92 94
17 92 94
42 92 94
56 92 94
71 92 94
82 92 94
7 94 96
17 94 96
42 94 96
56 94 96
71 94 96
82 94 96
7 96 97
17 96 97
42 96 97
56 96 97
71 96 97
82 96 97
7 97 101
17 97 101
42 97 101
56 97 101
71 97 101
82 97 101
7 101 103
17 101 103
42 101 103
56 101 103
71 101 103
82 101 103
7 103 105
17 103 105
42 103 105
56 103 105
71 103 105
82 103 105
7 105 107
17 105 107
42 105 107
56 105 107
71 105 107
82 105 107
7 107 109
17 107 109
42 107 109
56 107 109
71 107 109
82 107 109
7 109 111
17 109 111
42 109 111
56 109 111
71 109 111
82 109 111
7 111 113
17 111 113
42 111 113
56 111 113
71 111 113
82 111 113
7 113 114
17 113 114
42 113 114
56 113 114
71 113 114
82 113 114
7 114 115
17 114 115
42 114 115
56 114 115
71 114 115
82 114 115
20 118 117
21 118 117
25 118 117
33 118 117
36 118 117
37 118 117
40 118 117
43 118 117
46 118 117
50 118 117
59 118 117
20 117 116
21 117 116
25 117 116
33 117 116
36 117 116
37 117 116
40 117 116
43 117 116
46 117 116
50 117 116
59 117 116
20 116 112
21 116 112
25 116 112
33 116 112
36 116 112
37 116 112
40 116 112
43 116 112
46 116 112
50 116 112
59 116 112
20 112 110
21 112 110
25 112 110
33 112 110
36 112 110
37 112 110
40 112 110
43 112 110
46 112 110
50 112 110
59 112 110
20 110 108
21 110 108
25 110 108
33 110 108
36 110 108
37 110 108
40 110 108
43 110 108
46 110 108
50 110 108
59 110 108
20 108 106
21 108 106
25 108 106
33 108 106
36 108 106
37 108 106
40 108 106
43 108 106
46 108 106
50 108 106
59 108 106
20 106 104
21 106 104
25 106 104
33 106 104
36 106 104
37 106 104
40 106 104
43 106 104
46 106 104
50 106 104
59 106 104
20 104 102
21 104 102
25 104 102
33 104 102
36 104 102
37 104 102
40 104 102
43 104 102
46 104 102
50 104 102
59 104 102
20 102 100
21 102 100
25 102 100
33 102 100
36 102 100
37 102 100
40 102 100
43 102 100
46 102 100
50 102 100
59 102 100
20 100 95
21 100 95
25 100 95
33 100 95
36 100 95
37 100 95
40 100 95
43 100 95
46 100 95
50 100 95
59 100 95
20 95 93
21 95 93
25 95 93
33 95 93
36 95 93
37 95 93
40 95 93
43 95 93
46 95 93
50 95 93
59 95 93
20 93 91
21 93 91
25 93 91
33 93 91
36 93 91
37 93 91
40 93 91
43 93 91
46 93 91
50 93 91
59 93 91
20 91 89
21 91 89
25 91 89
33 91 89
36 91 89
37 91 89
40 91 89
43 91 89
46 91 89
50 91 89
59 91 89
20 89 87
21 89 87
25 89 87
33 89 87
36 89 87
37 89 87
40 89 87
43 89 87
46 89 87
50 89 87
59 89 87
20 87 85
21 87 85
25 87 85
33 87 85
36 87 85
37 87 85
40 87 85
43 87 85
46 87 85
50 87 85
59 87 85
20 85 34
21 85 34
25 85 34
33 85 34
36 85 34
37 85 34
40 85 34
43 85 34
46 85 34
50 85 34
59 85 34
20 34 25
21 34 25
25 34 25
33 34 25
36 34 25
37 34 25
40 34 25
43 34 25
46 34 25
50 34 25
59 34 25
20 25 14
21 25 14
25 25 14
33 25 14
36 25 14
37 25 14
40 25 14
43 25 14
46 25 14
50 25 14
59 25 14
3 23 36
3 36 49
3 49 51
3 51 53
3 53 56
3 56 57
3 57 59
3 59 62
3 62 64
0 63 61
1 63 61
4 63 61
5 63 61
44 63 61
85 63 61
0 61 60
1 61 60
4 61 60
5 61 60
44 61 60
85 61 60
0 60 58
1 60 58
4 60 58
5 60 58
44 60 58
85 60 58
0 58 55
1 58 55
4 58 55
5 58 55
44 58 55
85 58 55
0 55 54
1 55 54
4 55 54
5 55 54
44 55 54
85 55 54
0 54 52
1 54 52
4 54 52
5 54 52
44 54 52
85 54 52
0 52 50
1 52 50
4 52 50
5 52 50
44 52 50
85 52 50
0 50 35
1 50 35
4 50 35
5 50 35
44 50 35
85 50 35
0 35 24
1 35 24
4 35 24
5 35 24
44 35 24
85 35 24
10 98 47
12 98 47
13 98 47
15 98 47
28 98 47
39 98 47
10 47 45
12 47 45
13 47 45
15 47 45
28 47 45
39 47 45
10 45 44
12 45 44
13 45 44
15 45 44
28 45 44
39 45 44
10 44 43
12 44 43
13 44 43
15 44 43
28 44 43
39 44 43
10 43 42
12 43 42
13 43 42
15 43 42
28 43 42
39 43 42
10 42 37
12 42 37
13 42 37
15 42 37
28 42 37
39 42 37
10 37 22
12 37 22
13 37 22
15 37 22
28 37 22
39 37 22
3 9 119
11 9 119
14 9 119
16 9 119
27 9 119
35 9 119
55 9 119
3 119 1
0 119 120
1 119 120
4 119 120
5 119 120
10 119 120
11 119 120
12 119 120
13 119 120
14 119 120
15 119 120
16 119 120
20 119 120
21 119 120
25 119 120
27 119 120
28 119 120
33 119 120
35 119 120
36 119 120
37 119 120
39 119 120
40 119 120
43 119 120
44 119 120
46 119 120
50 119 120
55 119 120
59 119 120
85 119 120
0 120 130
1 120 130
4 120 130
5 120 130
10 120 130
11 120 130
12 120 130
13 120 130
14 120 130
15 120 130
16 120 130
20 120 130
21 120 130
25 120 130
27 120 130
28 120 130
33 120 130
35 120 130
36 120 130
37 120 130
39 120 130
40 120 130
43 120 130
44 120 130
46 120 130
50 120 130
55 120 130
59 120 130
85 120 130
2 9 121
7 9 121
9 9 121
17 9 121
18 9 121
42 9 121
56 9 121
71 9 121
80 9 121
82 9 121
84 9 121
7 121 3
17 121 3
42 121 3
56 121 3
71 121 3
82 121 3
2 121 7
9 121 7
18 121 7
80 121 7
84 121 7
11 10 122
14 10 122
16 10 122
27 10 122
35 10 122
55 10 122
11 122 9
14 122 9
16 122 9
27 122 9
35 122 9
55 122 9
2 28 32
9 28 32
18 28 32
80 28 32
84 28 32
2 32 65
9 32 65
18 32 65
80 32 65
84 32 65
2 65 67
9 65 67
18 65 67
80 65 67
84 65 67
2 67 69
9 67 69
18 67 69
80 67 69
84 67 69
2 69 71
9 69 71
18 69 71
80 69 71
84 69 71
2 71 73
9 71 73
18 71 73
80 71 73
84 71 73
2 73 75
9 73 75
18 73 75
80 73 75
84 73 75
2 75 77
9 75 77
18 75 77
80 75 77
84 75 77
2 77 79
9 77 79
18 77 79
80 77 79
84 77 79
2 79 81
9 79 81
18 79 81
80 79 81
84 79 81
2 81 83
9 81 83
18 81 83
80 81 83
84 81 83
11 84 82
14 84 82
16 84 82
27 84 82
35 84 82
55 84 82
11 82 80
14 82 80
16 82 80
27 82 80
35 82 80
55 82 80
11 80 78
14 80 78
16 80 78
27 80 78
35 80 78
55 80 78
11 78 76
14 78 76
16 78 76
27 78 76
35 78 76
55 78 76
11 76 74
14 76 74
16 76 74
27 76 74
35 76 74
55 76 74
11 74 72
14 74 72
16 74 72
27 74 72
35 74 72
55 74 72
11 72 70
14 72 70
16 72 70
27 72 70
35 72 70
55 72 70
11 70 68
14 70 68
16 70 68
27 70 68
35 70 68
55 70 68
11 68 66
14 68 66
16 68 66
27 68 66
35 68 66
55 68 66
11 66 31
14 66 31
16 66 31
27 66 31
35 66 31
55 66 31
11 31 30
14 31 30
16 31 30
27 31 30
35 31 30
55 31 30
0 123 119
1 123 119
4 123 119
5 123 119
10 123 119
12 123 119
13 123 119
15 123 119
20 123 119
21 123 119
25 123 119
28 123 119
33 123 119
36 123 119
37 123 119
39 123 119
40 123 119
43 123 119
44 123 119
46 123 119
50 123 119
59 123 119
85 123 119
10 0 123
12 0 123
13 0 123
15 0 123
28 0 123
39 0 123
0 2 123
1 2 123
4 2 123
5 2 123
44 2 123
85 2 123
20 26 123
21 26 123
25 26 123
33 26 123
36 26 123
37 26 123
40 26 123
43 26 123
46 26 123
50 26 123
59 26 123
7 115 134
17 115 134
42 115 134
56 115 134
71 115 134
82 115 134
20 135 118
21 135 118
25 135 118
33 135 118
36 135 118
37 135 118
40 135 118
43 135 118
46 135 118
50 135 118
59 135 118
0 137 126
1 137 126
4 137 126
5 137 126
44 137 126
85 137 126
0 126 124
1 126 124
4 126 124
5 126 124
44 126 124
85 126 124
0 124 63
1 124 63
4 124 63
5 124 63
44 124 63
85 124 63
3 64 125
3 125 127
3 127 136
10 139 128
12 139 128
13 139 128
15 139 128
28 139 128
39 139 128
10 128 98
12 128 98
13 128 98
15 128 98
28 128 98
39 128 98
;
;
set inFlight:=
0
1
2
3
4
5
6
7
9
10
12
16
17
18
;
set passedFreeF:=
6 135 118
6 118 117
6 117 116
6 116 112
6 112 110
6 110 108
6 108 106
6 106 104
6 104 102
6 102 100
6 100 95
6 95 93
6 93 91
6 91 89
6 89 87
6 87 85
6 85 34
6 34 25
6 25 14
6 14 26
6 26 123
6 123 119
6 119 120
6 120 130
;
param tini := 10.388676376753263;
