param nn:= 140;
set F:=
0
1
3
4
5
6
7
8
9
10
11
12
13
14
15
16
17
19
22
25
26
29
31
32
33
35
37
42
45
46
48
50
57
59
63
66
68
71
72
73
91
92
;
set AP:=
92
;
param: E: d:=
1 19 2.500000
21 0 2.500000
19 21 2.500000
21 4 2.500000
5 2 2.500000
6 9 2.500000
7 8 2.500000
29 10 2.500000
11 29 2.500000
30 11 2.500000
8 12 2.500000
12 28 2.500000
15 5 2.500000
24 15 2.500000
4 16 2.500000
16 23 2.500000
19 17 2.500000
17 20 2.500000
22 18 2.500000
18 21 2.500000
14 26 2.500000
3 13 2.500000
131 6 1.500000
83 132 1.500000
133 84 1.500000
13 27 2.500000
27 33 2.500000
33 86 2.500000
86 88 2.500000
88 90 2.500000
90 92 2.500000
92 94 2.500000
94 96 2.500000
96 97 2.500000
97 101 2.500000
101 103 2.500000
103 105 2.500000
105 107 2.500000
107 109 2.500000
109 111 2.500000
111 113 2.500000
113 114 2.500000
114 115 2.500000
118 117 2.500000
117 116 2.500000
116 112 2.500000
112 110 2.500000
110 108 2.500000
108 106 2.500000
106 104 2.500000
104 102 2.500000
102 100 2.500000
100 95 2.500000
95 93 2.500000
93 91 2.500000
91 89 2.500000
89 87 2.500000
87 85 2.500000
85 34 2.500000
34 25 2.500000
25 14 2.500000
23 36 2.500000
36 49 2.500000
49 51 2.500000
51 53 2.500000
53 56 2.500000
56 57 2.500000
57 59 2.500000
59 62 2.500000
62 64 2.500000
63 61 2.500000
61 60 2.500000
60 58 2.500000
58 55 2.500000
55 54 2.500000
54 52 2.500000
52 50 2.500000
50 35 2.500000
35 24 2.500000
20 38 2.500000
38 39 2.500000
39 40 2.500000
40 41 2.500000
41 46 2.500000
46 48 2.500000
48 99 2.500000
98 47 2.500000
47 45 2.500000
45 44 2.500000
44 43 2.500000
43 42 2.500000
42 37 2.500000
37 22 2.500000
9 119 2.500000
119 1 2.500000
119 120 2.500000
120 130 1.500000
9 121 2.500000
121 3 2.500000
121 7 2.500000
10 122 2.500000
122 9 2.500000
28 32 2.500000
32 65 2.500000
65 67 2.500000
67 69 2.500000
69 71 2.500000
71 73 2.500000
73 75 2.500000
75 77 2.500000
77 79 2.500000
79 81 2.500000
81 83 2.500000
84 82 2.500000
82 80 2.500000
80 78 2.500000
78 76 2.500000
76 74 2.500000
74 72 2.500000
72 70 2.500000
70 68 2.500000
68 66 2.500000
66 31 2.500000
31 30 2.500000
123 121 2.500000
123 119 2.500000
0 123 2.500000
2 123 2.500000
26 123 2.500000
115 134 1.500000
135 118 1.500000
137 126 1.500000
126 124 2.500000
124 63 2.500000
64 125 2.500000
125 127 2.500000
127 136 1.500000
139 128 1.500000
128 98 2.500000
99 129 2.500000
129 138 1.500000
;
param s:=
0 137
1 133
3 131
4 135
5 139
6 131
7 133
8 135
9 133
10 133
11 135
12 135
13 135
14 135
15 133
16 139
17 139
19 131
22 135
25 133
26 133
29 137
31 135
32 135
33 135
35 137
37 131
42 131
45 135
46 135
48 131
50 131
57 131
59 131
63 135
66 131
68 135
71 139
72 131
73 133
91 131
92 137
;
param e:=
0 130
1 130
3 136
4 130
5 130
6 132
7 130
8 130
9 130
10 130
11 130
12 130
13 130
14 130
15 130
16 130
17 130
19 134
22 130
25 130
26 130
29 130
31 130
32 130
33 130
35 130
37 132
42 134
45 130
46 130
48 134
50 132
57 134
59 132
63 130
66 134
68 130
71 130
72 132
73 130
91 134
92 130
;
param v_min:=2.375
;
param v_max:=2.625
;
param :conflictsNodes: angle:=
0 21 123 1.000000
0 123 21 1.000000
1 19 119 1.000000
1 119 19 1.000000
2 5 123 1.000000
2 123 5 1.000000
3 13 121 1.000000
3 121 13 1.000000
4 16 21 1.000000
4 21 16 1.000000
5 2 15 1.000000
5 15 2 1.000000
7 8 121 1.000000
7 121 8 1.000000
8 7 12 1.000000
8 12 7 1.000000
9 6 119 1.000000
9 119 6 1.000000
9 6 121 1.000000
9 121 6 1.000000
9 6 122 1.000000
9 122 6 1.000000
9 119 121 1.000000
9 121 119 1.000000
9 119 122 1.000000
9 122 119 1.000000
9 121 122 1.000000
9 122 121 1.000000
10 29 122 1.000000
10 122 29 1.000000
11 29 30 1.000000
11 30 29 1.000000
12 8 28 1.000000
12 28 8 1.000000
13 3 27 1.000000
13 27 3 1.000000
14 25 26 1.000000
14 26 25 1.000000
15 5 24 1.000000
15 24 5 1.000000
16 4 23 1.000000
16 23 4 1.000000
17 19 20 1.000000
17 20 19 1.000000
18 21 22 1.000000
18 22 21 1.000000
19 1 21 1.000000
19 21 1 1.000000
19 1 17 1.000000
19 17 1 1.000000
19 17 21 1.000000
19 21 17 1.000000
20 17 38 1.000000
20 38 17 1.000000
21 0 19 1.000000
21 19 0 1.000000
21 0 4 1.000000
21 4 0 1.000000
21 0 18 1.000000
21 18 0 1.000000
21 4 19 1.000000
21 19 4 1.000000
21 4 18 1.478880
21 18 4 1.478880
21 18 19 1.000000
21 19 18 1.000000
22 18 37 1.000000
22 37 18 1.000000
23 16 36 1.000000
23 36 16 1.000000
24 15 35 1.000000
24 35 15 1.000000
25 14 34 1.000000
25 34 14 1.000000
26 14 123 1.000000
26 123 14 1.000000
27 13 33 1.000000
27 33 13 1.000000
28 12 32 1.000000
28 32 12 1.000000
29 10 11 1.000000
29 11 10 1.000000
30 11 31 1.000000
30 31 11 1.000000
31 30 66 1.000000
31 66 30 1.000000
32 28 65 1.000000
32 65 28 1.000000
33 27 86 1.000000
33 86 27 1.000000
34 25 85 1.000000
34 85 25 1.000000
35 24 50 1.000000
35 50 24 1.000000
36 23 49 1.000000
36 49 23 1.000000
37 22 42 1.000000
37 42 22 1.000000
38 20 39 1.000000
38 39 20 1.000000
39 38 40 1.000000
39 40 38 1.000000
40 39 41 1.000000
40 41 39 1.000000
41 40 46 1.000000
41 46 40 1.000000
42 37 43 1.000000
42 43 37 1.000000
43 42 44 1.000000
43 44 42 1.000000
44 43 45 1.000000
44 45 43 1.000000
45 44 47 1.000000
45 47 44 1.000000
46 41 48 1.000000
46 48 41 1.000000
47 45 98 1.000000
47 98 45 1.000000
48 46 99 1.000000
48 99 46 1.000000
49 36 51 1.000000
49 51 36 1.000000
50 35 52 1.000000
50 52 35 1.000000
51 49 53 1.000000
51 53 49 1.000000
52 50 54 1.000000
52 54 50 1.000000
53 51 56 1.000000
53 56 51 1.000000
54 52 55 1.000000
54 55 52 1.000000
55 54 58 1.000000
55 58 54 1.000000
56 53 57 1.000000
56 57 53 1.000000
57 56 59 1.000000
57 59 56 1.000000
58 55 60 1.000000
58 60 55 1.000000
59 57 62 1.000000
59 62 57 1.000000
60 58 61 1.000000
60 61 58 1.000000
61 60 63 1.000000
61 63 60 1.000000
62 59 64 1.000000
62 64 59 1.000000
63 61 124 1.000000
63 124 61 1.000000
64 62 125 1.000000
64 125 62 1.000000
65 32 67 1.000000
65 67 32 1.000000
66 31 68 1.000000
66 68 31 1.000000
67 65 69 1.000000
67 69 65 1.000000
68 66 70 1.000000
68 70 66 1.000000
69 67 71 1.000000
69 71 67 1.000000
70 68 72 1.000000
70 72 68 1.000000
71 69 73 1.000000
71 73 69 1.000000
72 70 74 1.000000
72 74 70 1.000000
73 71 75 1.000000
73 75 71 1.000000
74 72 76 1.000000
74 76 72 1.000000
75 73 77 1.000000
75 77 73 1.000000
76 74 78 1.000000
76 78 74 1.000000
77 75 79 1.000000
77 79 75 1.000000
78 76 80 1.000000
78 80 76 1.000000
79 77 81 1.000000
79 81 77 1.000000
80 78 82 1.000000
80 82 78 1.000000
81 79 83 1.000000
81 83 79 1.000000
82 80 84 1.000000
82 84 80 1.000000
85 34 87 1.000000
85 87 34 1.000000
86 33 88 1.000000
86 88 33 1.000000
87 85 89 1.000000
87 89 85 1.000000
88 86 90 1.000000
88 90 86 1.000000
89 87 91 1.000000
89 91 87 1.000000
90 88 92 1.000000
90 92 88 1.000000
91 89 93 1.000000
91 93 89 1.000000
92 90 94 1.000000
92 94 90 1.000000
93 91 95 1.000000
93 95 91 1.000000
94 92 96 1.000000
94 96 92 1.000000
95 93 100 1.000000
95 100 93 1.000000
96 94 97 1.000000
96 97 94 1.000000
97 96 101 1.000000
97 101 96 1.000000
98 47 128 1.000000
98 128 47 1.000000
99 48 129 1.000000
99 129 48 1.000000
100 95 102 1.000000
100 102 95 1.000000
101 97 103 1.000000
101 103 97 1.000000
102 100 104 1.000000
102 104 100 1.000000
103 101 105 1.000000
103 105 101 1.000000
104 102 106 1.000000
104 106 102 1.000000
105 103 107 1.000000
105 107 103 1.000000
106 104 108 1.000000
106 108 104 1.000000
107 105 109 1.000000
107 109 105 1.000000
108 106 110 1.000000
108 110 106 1.000000
109 107 111 1.000000
109 111 107 1.000000
110 108 112 1.000000
110 112 108 1.000000
111 109 113 1.000000
111 113 109 1.000000
112 110 116 1.000000
112 116 110 1.000000
113 111 114 1.000000
113 114 111 1.000000
114 113 115 1.000000
114 115 113 1.000000
116 112 117 1.000000
116 117 112 1.000000
117 116 118 1.000000
117 118 116 1.000000
119 9 120 1.000000
119 120 9 1.000000
119 9 123 1.000000
119 123 9 1.000000
119 1 9 1.000000
119 9 1 1.000000
119 1 120 1.000000
119 120 1 1.000000
119 1 123 1.000000
119 123 1 1.000000
119 120 123 1.000000
119 123 120 1.000000
121 9 123 1.000000
121 123 9 1.000000
121 3 9 1.000000
121 9 3 1.000000
121 3 7 1.416150
121 7 3 1.416150
121 3 123 1.000000
121 123 3 1.000000
121 7 9 1.000000
121 9 7 1.000000
121 7 123 1.000000
121 123 7 1.000000
122 9 10 1.000000
122 10 9 1.000000
123 0 2 1.478880
123 2 0 1.478880
123 0 26 1.000000
123 26 0 1.000000
123 0 121 1.000000
123 121 0 1.000000
123 0 119 1.000000
123 119 0 1.000000
123 2 26 1.357350
123 26 2 1.357350
123 2 121 1.000000
123 121 2 1.000000
123 2 119 1.000000
123 119 2 1.000000
123 26 121 1.000000
123 121 26 1.000000
123 26 119 1.000000
123 119 26 1.000000
123 119 121 1.000000
123 121 119 1.000000
124 63 126 1.000000
124 126 63 1.000000
125 64 127 1.000000
125 127 64 1.000000
;
param D:=0.5;
param t_hat_ear:=
0 137 7.0
0 126 8.0
0 124 9.0
0 63 10.0
0 61 11.0
0 60 12.0
0 58 13.0
0 55 14.0
0 54 15.0
0 52 16.0
0 50 17.0
0 35 18.0
0 24 19.0
0 15 20.0
0 5 21.0
0 2 22.0
0 123 23.0
0 119 24.0
0 120 25.0
0 130 26.0
1 133 14.0
1 84 15.0
1 82 16.0
1 80 17.0
1 78 18.0
1 76 19.0
1 74 20.0
1 72 21.0
1 70 22.0
1 68 23.0
1 66 24.0
1 31 25.0
1 30 26.0
1 11 27.0
1 29 28.0
1 10 29.0
1 122 30.0
1 9 31.0
1 119 32.0
1 120 33.0
1 130 34.0
3 131 0.0
3 6 1.0
3 9 2.0
3 119 3.0
3 1 4.0
3 19 5.0
3 21 6.0
3 4 7.0
3 16 8.0
3 23 9.0
3 36 10.0
3 49 11.0
3 51 12.0
3 53 13.0
3 56 14.0
3 57 15.0
3 59 16.0
3 62 17.0
3 64 18.0
3 125 19.0
3 127 20.0
3 136 21.0
4 135 6.0
4 118 7.0
4 117 8.0
4 116 9.0
4 112 10.0
4 110 11.0
4 108 12.0
4 106 13.0
4 104 14.0
4 102 15.0
4 100 16.0
4 95 17.0
4 93 18.0
4 91 19.0
4 89 20.0
4 87 21.0
4 85 22.0
4 34 23.0
4 25 24.0
4 14 25.0
4 26 26.0
4 123 27.0
4 119 28.0
4 120 29.0
4 130 30.0
5 139 2.0
5 128 3.0
5 98 4.0
5 47 5.0
5 45 6.0
5 44 7.0
5 43 8.0
5 42 9.0
5 37 10.0
5 22 11.0
5 18 12.0
5 21 13.0
5 0 14.0
5 123 15.0
5 119 16.0
5 120 17.0
5 130 18.0
6 131 2.0
6 6 3.0
6 9 4.0
6 121 5.0
6 7 6.0
6 8 7.0
6 12 8.0
6 28 9.0
6 32 10.0
6 65 11.0
6 67 12.0
6 69 13.0
6 71 14.0
6 73 15.0
6 75 16.0
6 77 17.0
6 79 18.0
6 81 19.0
6 83 20.0
6 132 21.0
7 133 2.0
7 84 3.0
7 82 4.0
7 80 5.0
7 78 6.0
7 76 7.0
7 74 8.0
7 72 9.0
7 70 10.0
7 68 11.0
7 66 12.0
7 31 13.0
7 30 14.0
7 11 15.0
7 29 16.0
7 10 17.0
7 122 18.0
7 9 19.0
7 119 20.0
7 120 21.0
7 130 22.0
8 135 14.0
8 118 15.0
8 117 16.0
8 116 17.0
8 112 18.0
8 110 19.0
8 108 20.0
8 106 21.0
8 104 22.0
8 102 23.0
8 100 24.0
8 95 25.0
8 93 26.0
8 91 27.0
8 89 28.0
8 87 29.0
8 85 30.0
8 34 31.0
8 25 32.0
8 14 33.0
8 26 34.0
8 123 35.0
8 119 36.0
8 120 37.0
8 130 38.0
9 133 4.0
9 84 5.0
9 82 6.0
9 80 7.0
9 78 8.0
9 76 9.0
9 74 10.0
9 72 11.0
9 70 12.0
9 68 13.0
9 66 14.0
9 31 15.0
9 30 16.0
9 11 17.0
9 29 18.0
9 10 19.0
9 122 20.0
9 9 21.0
9 119 22.0
9 120 23.0
9 130 24.0
10 133 8.0
10 84 9.0
10 82 10.0
10 80 11.0
10 78 12.0
10 76 13.0
10 74 14.0
10 72 15.0
10 70 16.0
10 68 17.0
10 66 18.0
10 31 19.0
10 30 20.0
10 11 21.0
10 29 22.0
10 10 23.0
10 122 24.0
10 9 25.0
10 119 26.0
10 120 27.0
10 130 28.0
11 135 18.0
11 118 19.0
11 117 20.0
11 116 21.0
11 112 22.0
11 110 23.0
11 108 24.0
11 106 25.0
11 104 26.0
11 102 27.0
11 100 28.0
11 95 29.0
11 93 30.0
11 91 31.0
11 89 32.0
11 87 33.0
11 85 34.0
11 34 35.0
11 25 36.0
11 14 37.0
11 26 38.0
11 123 39.0
11 119 40.0
11 120 41.0
11 130 42.0
12 135 8.0
12 118 9.0
12 117 10.0
12 116 11.0
12 112 12.0
12 110 13.0
12 108 14.0
12 106 15.0
12 104 16.0
12 102 17.0
12 100 18.0
12 95 19.0
12 93 20.0
12 91 21.0
12 89 22.0
12 87 23.0
12 85 24.0
12 34 25.0
12 25 26.0
12 14 27.0
12 26 28.0
12 123 29.0
12 119 30.0
12 120 31.0
12 130 32.0
13 135 12.0
13 118 13.0
13 117 14.0
13 116 15.0
13 112 16.0
13 110 17.0
13 108 18.0
13 106 19.0
13 104 20.0
13 102 21.0
13 100 22.0
13 95 23.0
13 93 24.0
13 91 25.0
13 89 26.0
13 87 27.0
13 85 28.0
13 34 29.0
13 25 30.0
13 14 31.0
13 26 32.0
13 123 33.0
13 119 34.0
13 120 35.0
13 130 36.0
14 135 16.0
14 118 17.0
14 117 18.0
14 116 19.0
14 112 20.0
14 110 21.0
14 108 22.0
14 106 23.0
14 104 24.0
14 102 25.0
14 100 26.0
14 95 27.0
14 93 28.0
14 91 29.0
14 89 30.0
14 87 31.0
14 85 32.0
14 34 33.0
14 25 34.0
14 14 35.0
14 26 36.0
14 123 37.0
14 119 38.0
14 120 39.0
14 130 40.0
15 133 0.0
15 84 1.0
15 82 2.0
15 80 3.0
15 78 4.0
15 76 5.0
15 74 6.0
15 72 7.0
15 70 8.0
15 68 9.0
15 66 10.0
15 31 11.0
15 30 12.0
15 11 13.0
15 29 14.0
15 10 15.0
15 122 16.0
15 9 17.0
15 119 18.0
15 120 19.0
15 130 20.0
16 139 0.0
16 128 1.0
16 98 2.0
16 47 3.0
16 45 4.0
16 44 5.0
16 43 6.0
16 42 7.0
16 37 8.0
16 22 9.0
16 18 10.0
16 21 11.0
16 0 12.0
16 123 13.0
16 119 14.0
16 120 15.0
16 130 16.0
17 139 28.0
17 128 29.0
17 98 30.0
17 47 31.0
17 45 32.0
17 44 33.0
17 43 34.0
17 42 35.0
17 37 36.0
17 22 37.0
17 18 38.0
17 21 39.0
17 0 40.0
17 123 41.0
17 119 42.0
17 120 43.0
17 130 44.0
19 131 4.0
19 6 5.0
19 9 6.0
19 121 7.0
19 3 8.0
19 13 9.0
19 27 10.0
19 33 11.0
19 86 12.0
19 88 13.0
19 90 14.0
19 92 15.0
19 94 16.0
19 96 17.0
19 97 18.0
19 101 19.0
19 103 20.0
19 105 21.0
19 107 22.0
19 109 23.0
19 111 24.0
19 113 25.0
19 114 26.0
19 115 27.0
19 134 28.0
22 135 38.0
22 118 39.0
22 117 40.0
22 116 41.0
22 112 42.0
22 110 43.0
22 108 44.0
22 106 45.0
22 104 46.0
22 102 47.0
22 100 48.0
22 95 49.0
22 93 50.0
22 91 51.0
22 89 52.0
22 87 53.0
22 85 54.0
22 34 55.0
22 25 56.0
22 14 57.0
22 26 58.0
22 123 59.0
22 119 60.0
22 120 61.0
22 130 62.0
25 133 48.0
25 84 49.0
25 82 50.0
25 80 51.0
25 78 52.0
25 76 53.0
25 74 54.0
25 72 55.0
25 70 56.0
25 68 57.0
25 66 58.0
25 31 59.0
25 30 60.0
25 11 61.0
25 29 62.0
25 10 63.0
25 122 64.0
25 9 65.0
25 119 66.0
25 120 67.0
25 130 68.0
26 133 28.0
26 84 29.0
26 82 30.0
26 80 31.0
26 78 32.0
26 76 33.0
26 74 34.0
26 72 35.0
26 70 36.0
26 68 37.0
26 66 38.0
26 31 39.0
26 30 40.0
26 11 41.0
26 29 42.0
26 10 43.0
26 122 44.0
26 9 45.0
26 119 46.0
26 120 47.0
26 130 48.0
29 137 35.0
29 126 36.0
29 124 37.0
29 63 38.0
29 61 39.0
29 60 40.0
29 58 41.0
29 55 42.0
29 54 43.0
29 52 44.0
29 50 45.0
29 35 46.0
29 24 47.0
29 15 48.0
29 5 49.0
29 2 50.0
29 123 51.0
29 119 52.0
29 120 53.0
29 130 54.0
31 135 28.0
31 118 29.0
31 117 30.0
31 116 31.0
31 112 32.0
31 110 33.0
31 108 34.0
31 106 35.0
31 104 36.0
31 102 37.0
31 100 38.0
31 95 39.0
31 93 40.0
31 91 41.0
31 89 42.0
31 87 43.0
31 85 44.0
31 34 45.0
31 25 46.0
31 14 47.0
31 26 48.0
31 123 49.0
31 119 50.0
31 120 51.0
31 130 52.0
32 135 32.0
32 118 33.0
32 117 34.0
32 116 35.0
32 112 36.0
32 110 37.0
32 108 38.0
32 106 39.0
32 104 40.0
32 102 41.0
32 100 42.0
32 95 43.0
32 93 44.0
32 91 45.0
32 89 46.0
32 87 47.0
32 85 48.0
32 34 49.0
32 25 50.0
32 14 51.0
32 26 52.0
32 123 53.0
32 119 54.0
32 120 55.0
32 130 56.0
33 135 26.0
33 118 27.0
33 117 28.0
33 116 29.0
33 112 30.0
33 110 31.0
33 108 32.0
33 106 33.0
33 104 34.0
33 102 35.0
33 100 36.0
33 95 37.0
33 93 38.0
33 91 39.0
33 89 40.0
33 87 41.0
33 85 42.0
33 34 43.0
33 25 44.0
33 14 45.0
33 26 46.0
33 123 47.0
33 119 48.0
33 120 49.0
33 130 50.0
35 137 27.0
35 126 28.0
35 124 29.0
35 63 30.0
35 61 31.0
35 60 32.0
35 58 33.0
35 55 34.0
35 54 35.0
35 52 36.0
35 50 37.0
35 35 38.0
35 24 39.0
35 15 40.0
35 5 41.0
35 2 42.0
35 123 43.0
35 119 44.0
35 120 45.0
35 130 46.0
37 131 10.0
37 6 11.0
37 9 12.0
37 121 13.0
37 7 14.0
37 8 15.0
37 12 16.0
37 28 17.0
37 32 18.0
37 65 19.0
37 67 20.0
37 69 21.0
37 71 22.0
37 73 23.0
37 75 24.0
37 77 25.0
37 79 26.0
37 81 27.0
37 83 28.0
37 132 29.0
42 131 21.0
42 6 22.0
42 9 23.0
42 121 24.0
42 3 25.0
42 13 26.0
42 27 27.0
42 33 28.0
42 86 29.0
42 88 30.0
42 90 31.0
42 92 32.0
42 94 33.0
42 96 34.0
42 97 35.0
42 101 36.0
42 103 37.0
42 105 38.0
42 107 39.0
42 109 40.0
42 111 41.0
42 113 42.0
42 114 43.0
42 115 44.0
42 134 45.0
45 135 34.0
45 118 35.0
45 117 36.0
45 116 37.0
45 112 38.0
45 110 39.0
45 108 40.0
45 106 41.0
45 104 42.0
45 102 43.0
45 100 44.0
45 95 45.0
45 93 46.0
45 91 47.0
45 89 48.0
45 87 49.0
45 85 50.0
45 34 51.0
45 25 52.0
45 14 53.0
45 26 54.0
45 123 55.0
45 119 56.0
45 120 57.0
45 130 58.0
46 135 36.0
46 118 37.0
46 117 38.0
46 116 39.0
46 112 40.0
46 110 41.0
46 108 42.0
46 106 43.0
46 104 44.0
46 102 45.0
46 100 46.0
46 95 47.0
46 93 48.0
46 91 49.0
46 89 50.0
46 87 51.0
46 85 52.0
46 34 53.0
46 25 54.0
46 14 55.0
46 26 56.0
46 123 57.0
46 119 58.0
46 120 59.0
46 130 60.0
48 131 25.0
48 6 26.0
48 9 27.0
48 121 28.0
48 3 29.0
48 13 30.0
48 27 31.0
48 33 32.0
48 86 33.0
48 88 34.0
48 90 35.0
48 92 36.0
48 94 37.0
48 96 38.0
48 97 39.0
48 101 40.0
48 103 41.0
48 105 42.0
48 107 43.0
48 109 44.0
48 111 45.0
48 113 46.0
48 114 47.0
48 115 48.0
48 134 49.0
50 131 27.0
50 6 28.0
50 9 29.0
50 121 30.0
50 7 31.0
50 8 32.0
50 12 33.0
50 28 34.0
50 32 35.0
50 65 36.0
50 67 37.0
50 69 38.0
50 71 39.0
50 73 40.0
50 75 41.0
50 77 42.0
50 79 43.0
50 81 44.0
50 83 45.0
50 132 46.0
57 131 38.0
57 6 39.0
57 9 40.0
57 121 41.0
57 3 42.0
57 13 43.0
57 27 44.0
57 33 45.0
57 86 46.0
57 88 47.0
57 90 48.0
57 92 49.0
57 94 50.0
57 96 51.0
57 97 52.0
57 101 53.0
57 103 54.0
57 105 55.0
57 107 56.0
57 109 57.0
57 111 58.0
57 113 59.0
57 114 60.0
57 115 61.0
57 134 62.0
59 131 33.0
59 6 34.0
59 9 35.0
59 121 36.0
59 7 37.0
59 8 38.0
59 12 39.0
59 28 40.0
59 32 41.0
59 65 42.0
59 67 43.0
59 69 44.0
59 71 45.0
59 73 46.0
59 75 47.0
59 77 48.0
59 79 49.0
59 81 50.0
59 83 51.0
59 132 52.0
63 135 46.0
63 118 47.0
63 117 48.0
63 116 49.0
63 112 50.0
63 110 51.0
63 108 52.0
63 106 53.0
63 104 54.0
63 102 55.0
63 100 56.0
63 95 57.0
63 93 58.0
63 91 59.0
63 89 60.0
63 87 61.0
63 85 62.0
63 34 63.0
63 25 64.0
63 14 65.0
63 26 66.0
63 123 67.0
63 119 68.0
63 120 69.0
63 130 70.0
66 131 31.0
66 6 32.0
66 9 33.0
66 121 34.0
66 3 35.0
66 13 36.0
66 27 37.0
66 33 38.0
66 86 39.0
66 88 40.0
66 90 41.0
66 92 42.0
66 94 43.0
66 96 44.0
66 97 45.0
66 101 46.0
66 103 47.0
66 105 48.0
66 107 49.0
66 109 50.0
66 111 51.0
66 113 52.0
66 114 53.0
66 115 54.0
66 134 55.0
68 135 48.0
68 118 49.0
68 117 50.0
68 116 51.0
68 112 52.0
68 110 53.0
68 108 54.0
68 106 55.0
68 104 56.0
68 102 57.0
68 100 58.0
68 95 59.0
68 93 60.0
68 91 61.0
68 89 62.0
68 87 63.0
68 85 64.0
68 34 65.0
68 25 66.0
68 14 67.0
68 26 68.0
68 123 69.0
68 119 70.0
68 120 71.0
68 130 72.0
71 139 48.0
71 128 49.0
71 98 50.0
71 47 51.0
71 45 52.0
71 44 53.0
71 43 54.0
71 42 55.0
71 37 56.0
71 22 57.0
71 18 58.0
71 21 59.0
71 0 60.0
71 123 61.0
71 119 62.0
71 120 63.0
71 130 64.0
72 131 35.0
72 6 36.0
72 9 37.0
72 121 38.0
72 7 39.0
72 8 40.0
72 12 41.0
72 28 42.0
72 32 43.0
72 65 44.0
72 67 45.0
72 69 46.0
72 71 47.0
72 73 48.0
72 75 49.0
72 77 50.0
72 79 51.0
72 81 52.0
72 83 53.0
72 132 54.0
73 133 46.0
73 84 47.0
73 82 48.0
73 80 49.0
73 78 50.0
73 76 51.0
73 74 52.0
73 72 53.0
73 70 54.0
73 68 55.0
73 66 56.0
73 31 57.0
73 30 58.0
73 11 59.0
73 29 60.0
73 10 61.0
73 122 62.0
73 9 63.0
73 119 64.0
73 120 65.0
73 130 66.0
91 131 40.0
91 6 41.0
91 9 42.0
91 121 43.0
91 3 44.0
91 13 45.0
91 27 46.0
91 33 47.0
91 86 48.0
91 88 49.0
91 90 50.0
91 92 51.0
91 94 52.0
91 96 53.0
91 97 54.0
91 101 55.0
91 103 56.0
91 105 57.0
91 107 58.0
91 109 59.0
91 111 60.0
91 113 61.0
91 114 62.0
91 115 63.0
91 134 64.0
92 137 6
92 126 7.0
92 124 8.0
92 63 9.0
92 61 10.0
92 60 11.0
92 58 12.0
92 55 13.0
92 54 14.0
92 52 15.0
92 50 16.0
92 35 17.0
92 24 18.0
92 15 19.0
92 5 20.0
92 2 21.0
92 123 22.0
92 119 23.0
92 120 24.0
92 130 25.0
;
param t_hat_lat:=
0 137 8.0
0 126 9.0
0 124 10.0
0 63 11.0
0 61 12.0
0 60 13.0
0 58 14.0
0 55 15.0
0 54 16.0
0 52 17.0
0 50 18.0
0 35 19.0
0 24 20.0
0 15 21.0
0 5 22.0
0 2 23.0
0 123 24.0
0 119 25.0
0 120 26.0
0 130 27.0
1 133 15.0
1 84 16.0
1 82 17.0
1 80 18.0
1 78 19.0
1 76 20.0
1 74 21.0
1 72 22.0
1 70 23.0
1 68 24.0
1 66 25.0
1 31 26.0
1 30 27.0
1 11 28.0
1 29 29.0
1 10 30.0
1 122 31.0
1 9 32.0
1 119 33.0
1 120 34.0
1 130 35.0
3 131 1.0
3 6 2.0
3 9 3.0
3 119 4.0
3 1 5.0
3 19 6.0
3 21 7.0
3 4 8.0
3 16 9.0
3 23 10.0
3 36 11.0
3 49 12.0
3 51 13.0
3 53 14.0
3 56 15.0
3 57 16.0
3 59 17.0
3 62 18.0
3 64 19.0
3 125 20.0
3 127 21.0
3 136 22.0
4 135 7.0
4 118 8.0
4 117 9.0
4 116 10.0
4 112 11.0
4 110 12.0
4 108 13.0
4 106 14.0
4 104 15.0
4 102 16.0
4 100 17.0
4 95 18.0
4 93 19.0
4 91 20.0
4 89 21.0
4 87 22.0
4 85 23.0
4 34 24.0
4 25 25.0
4 14 26.0
4 26 27.0
4 123 28.0
4 119 29.0
4 120 30.0
4 130 31.0
5 139 3.0
5 128 4.0
5 98 5.0
5 47 6.0
5 45 7.0
5 44 8.0
5 43 9.0
5 42 10.0
5 37 11.0
5 22 12.0
5 18 13.0
5 21 14.0
5 0 15.0
5 123 16.0
5 119 17.0
5 120 18.0
5 130 19.0
6 131 3.0
6 6 4.0
6 9 5.0
6 121 6.0
6 7 7.0
6 8 8.0
6 12 9.0
6 28 10.0
6 32 11.0
6 65 12.0
6 67 13.0
6 69 14.0
6 71 15.0
6 73 16.0
6 75 17.0
6 77 18.0
6 79 19.0
6 81 20.0
6 83 21.0
6 132 22.0
7 133 3.0
7 84 4.0
7 82 5.0
7 80 6.0
7 78 7.0
7 76 8.0
7 74 9.0
7 72 10.0
7 70 11.0
7 68 12.0
7 66 13.0
7 31 14.0
7 30 15.0
7 11 16.0
7 29 17.0
7 10 18.0
7 122 19.0
7 9 20.0
7 119 21.0
7 120 22.0
7 130 23.0
8 135 15.0
8 118 16.0
8 117 17.0
8 116 18.0
8 112 19.0
8 110 20.0
8 108 21.0
8 106 22.0
8 104 23.0
8 102 24.0
8 100 25.0
8 95 26.0
8 93 27.0
8 91 28.0
8 89 29.0
8 87 30.0
8 85 31.0
8 34 32.0
8 25 33.0
8 14 34.0
8 26 35.0
8 123 36.0
8 119 37.0
8 120 38.0
8 130 39.0
9 133 5.0
9 84 6.0
9 82 7.0
9 80 8.0
9 78 9.0
9 76 10.0
9 74 11.0
9 72 12.0
9 70 13.0
9 68 14.0
9 66 15.0
9 31 16.0
9 30 17.0
9 11 18.0
9 29 19.0
9 10 20.0
9 122 21.0
9 9 22.0
9 119 23.0
9 120 24.0
9 130 25.0
10 133 9.0
10 84 10.0
10 82 11.0
10 80 12.0
10 78 13.0
10 76 14.0
10 74 15.0
10 72 16.0
10 70 17.0
10 68 18.0
10 66 19.0
10 31 20.0
10 30 21.0
10 11 22.0
10 29 23.0
10 10 24.0
10 122 25.0
10 9 26.0
10 119 27.0
10 120 28.0
10 130 29.0
11 135 19.0
11 118 20.0
11 117 21.0
11 116 22.0
11 112 23.0
11 110 24.0
11 108 25.0
11 106 26.0
11 104 27.0
11 102 28.0
11 100 29.0
11 95 30.0
11 93 31.0
11 91 32.0
11 89 33.0
11 87 34.0
11 85 35.0
11 34 36.0
11 25 37.0
11 14 38.0
11 26 39.0
11 123 40.0
11 119 41.0
11 120 42.0
11 130 43.0
12 135 9.0
12 118 10.0
12 117 11.0
12 116 12.0
12 112 13.0
12 110 14.0
12 108 15.0
12 106 16.0
12 104 17.0
12 102 18.0
12 100 19.0
12 95 20.0
12 93 21.0
12 91 22.0
12 89 23.0
12 87 24.0
12 85 25.0
12 34 26.0
12 25 27.0
12 14 28.0
12 26 29.0
12 123 30.0
12 119 31.0
12 120 32.0
12 130 33.0
13 135 13.0
13 118 14.0
13 117 15.0
13 116 16.0
13 112 17.0
13 110 18.0
13 108 19.0
13 106 20.0
13 104 21.0
13 102 22.0
13 100 23.0
13 95 24.0
13 93 25.0
13 91 26.0
13 89 27.0
13 87 28.0
13 85 29.0
13 34 30.0
13 25 31.0
13 14 32.0
13 26 33.0
13 123 34.0
13 119 35.0
13 120 36.0
13 130 37.0
14 135 17.0
14 118 18.0
14 117 19.0
14 116 20.0
14 112 21.0
14 110 22.0
14 108 23.0
14 106 24.0
14 104 25.0
14 102 26.0
14 100 27.0
14 95 28.0
14 93 29.0
14 91 30.0
14 89 31.0
14 87 32.0
14 85 33.0
14 34 34.0
14 25 35.0
14 14 36.0
14 26 37.0
14 123 38.0
14 119 39.0
14 120 40.0
14 130 41.0
15 133 1.0
15 84 2.0
15 82 3.0
15 80 4.0
15 78 5.0
15 76 6.0
15 74 7.0
15 72 8.0
15 70 9.0
15 68 10.0
15 66 11.0
15 31 12.0
15 30 13.0
15 11 14.0
15 29 15.0
15 10 16.0
15 122 17.0
15 9 18.0
15 119 19.0
15 120 20.0
15 130 21.0
16 139 1.0
16 128 2.0
16 98 3.0
16 47 4.0
16 45 5.0
16 44 6.0
16 43 7.0
16 42 8.0
16 37 9.0
16 22 10.0
16 18 11.0
16 21 12.0
16 0 13.0
16 123 14.0
16 119 15.0
16 120 16.0
16 130 17.0
17 139 29.0
17 128 30.0
17 98 31.0
17 47 32.0
17 45 33.0
17 44 34.0
17 43 35.0
17 42 36.0
17 37 37.0
17 22 38.0
17 18 39.0
17 21 40.0
17 0 41.0
17 123 42.0
17 119 43.0
17 120 44.0
17 130 45.0
19 131 5.0
19 6 6.0
19 9 7.0
19 121 8.0
19 3 9.0
19 13 10.0
19 27 11.0
19 33 12.0
19 86 13.0
19 88 14.0
19 90 15.0
19 92 16.0
19 94 17.0
19 96 18.0
19 97 19.0
19 101 20.0
19 103 21.0
19 105 22.0
19 107 23.0
19 109 24.0
19 111 25.0
19 113 26.0
19 114 27.0
19 115 28.0
19 134 29.0
22 135 39.0
22 118 40.0
22 117 41.0
22 116 42.0
22 112 43.0
22 110 44.0
22 108 45.0
22 106 46.0
22 104 47.0
22 102 48.0
22 100 49.0
22 95 50.0
22 93 51.0
22 91 52.0
22 89 53.0
22 87 54.0
22 85 55.0
22 34 56.0
22 25 57.0
22 14 58.0
22 26 59.0
22 123 60.0
22 119 61.0
22 120 62.0
22 130 63.0
25 133 49.0
25 84 50.0
25 82 51.0
25 80 52.0
25 78 53.0
25 76 54.0
25 74 55.0
25 72 56.0
25 70 57.0
25 68 58.0
25 66 59.0
25 31 60.0
25 30 61.0
25 11 62.0
25 29 63.0
25 10 64.0
25 122 65.0
25 9 66.0
25 119 67.0
25 120 68.0
25 130 69.0
26 133 29.0
26 84 30.0
26 82 31.0
26 80 32.0
26 78 33.0
26 76 34.0
26 74 35.0
26 72 36.0
26 70 37.0
26 68 38.0
26 66 39.0
26 31 40.0
26 30 41.0
26 11 42.0
26 29 43.0
26 10 44.0
26 122 45.0
26 9 46.0
26 119 47.0
26 120 48.0
26 130 49.0
29 137 36.0
29 126 37.0
29 124 38.0
29 63 39.0
29 61 40.0
29 60 41.0
29 58 42.0
29 55 43.0
29 54 44.0
29 52 45.0
29 50 46.0
29 35 47.0
29 24 48.0
29 15 49.0
29 5 50.0
29 2 51.0
29 123 52.0
29 119 53.0
29 120 54.0
29 130 55.0
31 135 29.0
31 118 30.0
31 117 31.0
31 116 32.0
31 112 33.0
31 110 34.0
31 108 35.0
31 106 36.0
31 104 37.0
31 102 38.0
31 100 39.0
31 95 40.0
31 93 41.0
31 91 42.0
31 89 43.0
31 87 44.0
31 85 45.0
31 34 46.0
31 25 47.0
31 14 48.0
31 26 49.0
31 123 50.0
31 119 51.0
31 120 52.0
31 130 53.0
32 135 33.0
32 118 34.0
32 117 35.0
32 116 36.0
32 112 37.0
32 110 38.0
32 108 39.0
32 106 40.0
32 104 41.0
32 102 42.0
32 100 43.0
32 95 44.0
32 93 45.0
32 91 46.0
32 89 47.0
32 87 48.0
32 85 49.0
32 34 50.0
32 25 51.0
32 14 52.0
32 26 53.0
32 123 54.0
32 119 55.0
32 120 56.0
32 130 57.0
33 135 27.0
33 118 28.0
33 117 29.0
33 116 30.0
33 112 31.0
33 110 32.0
33 108 33.0
33 106 34.0
33 104 35.0
33 102 36.0
33 100 37.0
33 95 38.0
33 93 39.0
33 91 40.0
33 89 41.0
33 87 42.0
33 85 43.0
33 34 44.0
33 25 45.0
33 14 46.0
33 26 47.0
33 123 48.0
33 119 49.0
33 120 50.0
33 130 51.0
35 137 28.0
35 126 29.0
35 124 30.0
35 63 31.0
35 61 32.0
35 60 33.0
35 58 34.0
35 55 35.0
35 54 36.0
35 52 37.0
35 50 38.0
35 35 39.0
35 24 40.0
35 15 41.0
35 5 42.0
35 2 43.0
35 123 44.0
35 119 45.0
35 120 46.0
35 130 47.0
37 131 11.0
37 6 12.0
37 9 13.0
37 121 14.0
37 7 15.0
37 8 16.0
37 12 17.0
37 28 18.0
37 32 19.0
37 65 20.0
37 67 21.0
37 69 22.0
37 71 23.0
37 73 24.0
37 75 25.0
37 77 26.0
37 79 27.0
37 81 28.0
37 83 29.0
37 132 30.0
42 131 22.0
42 6 23.0
42 9 24.0
42 121 25.0
42 3 26.0
42 13 27.0
42 27 28.0
42 33 29.0
42 86 30.0
42 88 31.0
42 90 32.0
42 92 33.0
42 94 34.0
42 96 35.0
42 97 36.0
42 101 37.0
42 103 38.0
42 105 39.0
42 107 40.0
42 109 41.0
42 111 42.0
42 113 43.0
42 114 44.0
42 115 45.0
42 134 46.0
45 135 35.0
45 118 36.0
45 117 37.0
45 116 38.0
45 112 39.0
45 110 40.0
45 108 41.0
45 106 42.0
45 104 43.0
45 102 44.0
45 100 45.0
45 95 46.0
45 93 47.0
45 91 48.0
45 89 49.0
45 87 50.0
45 85 51.0
45 34 52.0
45 25 53.0
45 14 54.0
45 26 55.0
45 123 56.0
45 119 57.0
45 120 58.0
45 130 59.0
46 135 37.0
46 118 38.0
46 117 39.0
46 116 40.0
46 112 41.0
46 110 42.0
46 108 43.0
46 106 44.0
46 104 45.0
46 102 46.0
46 100 47.0
46 95 48.0
46 93 49.0
46 91 50.0
46 89 51.0
46 87 52.0
46 85 53.0
46 34 54.0
46 25 55.0
46 14 56.0
46 26 57.0
46 123 58.0
46 119 59.0
46 120 60.0
46 130 61.0
48 131 26.0
48 6 27.0
48 9 28.0
48 121 29.0
48 3 30.0
48 13 31.0
48 27 32.0
48 33 33.0
48 86 34.0
48 88 35.0
48 90 36.0
48 92 37.0
48 94 38.0
48 96 39.0
48 97 40.0
48 101 41.0
48 103 42.0
48 105 43.0
48 107 44.0
48 109 45.0
48 111 46.0
48 113 47.0
48 114 48.0
48 115 49.0
48 134 50.0
50 131 28.0
50 6 29.0
50 9 30.0
50 121 31.0
50 7 32.0
50 8 33.0
50 12 34.0
50 28 35.0
50 32 36.0
50 65 37.0
50 67 38.0
50 69 39.0
50 71 40.0
50 73 41.0
50 75 42.0
50 77 43.0
50 79 44.0
50 81 45.0
50 83 46.0
50 132 47.0
57 131 39.0
57 6 40.0
57 9 41.0
57 121 42.0
57 3 43.0
57 13 44.0
57 27 45.0
57 33 46.0
57 86 47.0
57 88 48.0
57 90 49.0
57 92 50.0
57 94 51.0
57 96 52.0
57 97 53.0
57 101 54.0
57 103 55.0
57 105 56.0
57 107 57.0
57 109 58.0
57 111 59.0
57 113 60.0
57 114 61.0
57 115 62.0
57 134 63.0
59 131 34.0
59 6 35.0
59 9 36.0
59 121 37.0
59 7 38.0
59 8 39.0
59 12 40.0
59 28 41.0
59 32 42.0
59 65 43.0
59 67 44.0
59 69 45.0
59 71 46.0
59 73 47.0
59 75 48.0
59 77 49.0
59 79 50.0
59 81 51.0
59 83 52.0
59 132 53.0
63 135 47.0
63 118 48.0
63 117 49.0
63 116 50.0
63 112 51.0
63 110 52.0
63 108 53.0
63 106 54.0
63 104 55.0
63 102 56.0
63 100 57.0
63 95 58.0
63 93 59.0
63 91 60.0
63 89 61.0
63 87 62.0
63 85 63.0
63 34 64.0
63 25 65.0
63 14 66.0
63 26 67.0
63 123 68.0
63 119 69.0
63 120 70.0
63 130 71.0
66 131 32.0
66 6 33.0
66 9 34.0
66 121 35.0
66 3 36.0
66 13 37.0
66 27 38.0
66 33 39.0
66 86 40.0
66 88 41.0
66 90 42.0
66 92 43.0
66 94 44.0
66 96 45.0
66 97 46.0
66 101 47.0
66 103 48.0
66 105 49.0
66 107 50.0
66 109 51.0
66 111 52.0
66 113 53.0
66 114 54.0
66 115 55.0
66 134 56.0
68 135 49.0
68 118 50.0
68 117 51.0
68 116 52.0
68 112 53.0
68 110 54.0
68 108 55.0
68 106 56.0
68 104 57.0
68 102 58.0
68 100 59.0
68 95 60.0
68 93 61.0
68 91 62.0
68 89 63.0
68 87 64.0
68 85 65.0
68 34 66.0
68 25 67.0
68 14 68.0
68 26 69.0
68 123 70.0
68 119 71.0
68 120 72.0
68 130 73.0
71 139 49.0
71 128 50.0
71 98 51.0
71 47 52.0
71 45 53.0
71 44 54.0
71 43 55.0
71 42 56.0
71 37 57.0
71 22 58.0
71 18 59.0
71 21 60.0
71 0 61.0
71 123 62.0
71 119 63.0
71 120 64.0
71 130 65.0
72 131 36.0
72 6 37.0
72 9 38.0
72 121 39.0
72 7 40.0
72 8 41.0
72 12 42.0
72 28 43.0
72 32 44.0
72 65 45.0
72 67 46.0
72 69 47.0
72 71 48.0
72 73 49.0
72 75 50.0
72 77 51.0
72 79 52.0
72 81 53.0
72 83 54.0
72 132 55.0
73 133 47.0
73 84 48.0
73 82 49.0
73 80 50.0
73 78 51.0
73 76 52.0
73 74 53.0
73 72 54.0
73 70 55.0
73 68 56.0
73 66 57.0
73 31 58.0
73 30 59.0
73 11 60.0
73 29 61.0
73 10 62.0
73 122 63.0
73 9 64.0
73 119 65.0
73 120 66.0
73 130 67.0
91 131 41.0
91 6 42.0
91 9 43.0
91 121 44.0
91 3 45.0
91 13 46.0
91 27 47.0
91 33 48.0
91 86 49.0
91 88 50.0
91 90 51.0
91 92 52.0
91 94 53.0
91 96 54.0
91 97 55.0
91 101 56.0
91 103 57.0
91 105 58.0
91 107 59.0
91 109 60.0
91 111 61.0
91 113 62.0
91 114 63.0
91 115 64.0
91 134 65.0
92 137 7
92 126 8.0
92 124 9.0
92 63 10.0
92 61 11.0
92 60 12.0
92 58 13.0
92 55 14.0
92 54 15.0
92 52 16.0
92 50 17.0
92 35 18.0
92 24 19.0
92 15 20.0
92 5 21.0
92 2 22.0
92 123 23.0
92 119 24.0
92 120 25.0
92 130 26.0
;
set fixedFlights :=
1 29 10
1 11 29
1 30 11
1 133 84
1 9 119
1 119 120
1 120 130
1 10 122
1 122 9
1 84 82
1 82 80
1 80 78
1 78 76
1 76 74
1 74 72
1 72 70
1 70 68
1 68 66
1 66 31
1 31 30
3 1 19
3 19 21
3 21 4
3 6 9
3 4 16
3 16 23
3 131 6
3 23 36
3 36 49
3 49 51
3 51 53
3 53 56
3 56 57
3 57 59
3 59 62
3 62 64
3 9 119
3 119 1
3 64 125
3 125 127
3 127 136
4 14 26
4 118 117
4 117 116
4 116 112
4 112 110
4 110 108
4 108 106
4 106 104
4 104 102
4 102 100
4 100 95
4 95 93
4 93 91
4 91 89
4 89 87
4 87 85
4 85 34
4 34 25
4 25 14
4 119 120
4 120 130
4 123 119
4 26 123
4 135 118
5 21 0
5 22 18
5 18 21
5 98 47
5 47 45
5 45 44
5 44 43
5 43 42
5 42 37
5 37 22
5 119 120
5 120 130
5 123 119
5 0 123
5 139 128
5 128 98
6 6 9
6 7 8
6 8 12
6 12 28
6 131 6
6 83 132
6 9 121
6 121 7
6 28 32
6 32 65
6 65 67
6 67 69
6 69 71
6 71 73
6 73 75
6 75 77
6 77 79
6 79 81
6 81 83
7 29 10
7 11 29
7 30 11
7 133 84
7 9 119
7 119 120
7 120 130
7 10 122
7 122 9
7 84 82
7 82 80
7 80 78
7 78 76
7 76 74
7 74 72
7 72 70
7 70 68
7 68 66
7 66 31
7 31 30
8 14 26
8 118 117
8 117 116
8 116 112
8 112 110
8 110 108
8 108 106
8 106 104
8 104 102
8 102 100
8 100 95
8 95 93
8 93 91
8 91 89
8 89 87
8 87 85
8 85 34
8 34 25
8 25 14
8 119 120
8 120 130
8 123 119
8 26 123
8 135 118
10 29 10
10 11 29
10 30 11
10 133 84
10 9 119
10 119 120
10 120 130
10 10 122
10 122 9
10 84 82
10 82 80
10 80 78
10 78 76
10 76 74
10 74 72
10 72 70
10 70 68
10 68 66
10 66 31
10 31 30
11 14 26
11 118 117
11 117 116
11 116 112
11 112 110
11 110 108
11 108 106
11 106 104
11 104 102
11 102 100
11 100 95
11 95 93
11 93 91
11 91 89
11 89 87
11 87 85
11 85 34
11 34 25
11 25 14
11 119 120
11 120 130
11 123 119
11 26 123
11 135 118
12 14 26
12 118 117
12 117 116
12 116 112
12 112 110
12 110 108
12 108 106
12 106 104
12 104 102
12 102 100
12 100 95
12 95 93
12 93 91
12 91 89
12 89 87
12 87 85
12 85 34
12 34 25
12 25 14
12 119 120
12 120 130
12 123 119
12 26 123
12 135 118
13 14 26
13 118 117
13 117 116
13 116 112
13 112 110
13 110 108
13 108 106
13 106 104
13 104 102
13 102 100
13 100 95
13 95 93
13 93 91
13 91 89
13 89 87
13 87 85
13 85 34
13 34 25
13 25 14
13 119 120
13 120 130
13 123 119
13 26 123
13 135 118
14 14 26
14 118 117
14 117 116
14 116 112
14 112 110
14 110 108
14 108 106
14 106 104
14 104 102
14 102 100
14 100 95
14 95 93
14 93 91
14 91 89
14 89 87
14 87 85
14 85 34
14 34 25
14 25 14
14 119 120
14 120 130
14 123 119
14 26 123
14 135 118
15 29 10
15 11 29
15 30 11
15 133 84
15 9 119
15 119 120
15 120 130
15 10 122
15 122 9
15 84 82
15 82 80
15 80 78
15 78 76
15 76 74
15 74 72
15 72 70
15 70 68
15 68 66
15 66 31
15 31 30
16 21 0
16 22 18
16 18 21
16 98 47
16 47 45
16 45 44
16 44 43
16 43 42
16 42 37
16 37 22
16 119 120
16 120 130
16 123 119
16 0 123
16 139 128
16 128 98
17 21 0
17 22 18
17 18 21
17 98 47
17 47 45
17 45 44
17 44 43
17 43 42
17 42 37
17 37 22
17 119 120
17 120 130
17 123 119
17 0 123
17 139 128
17 128 98
19 6 9
19 3 13
19 131 6
19 13 27
19 27 33
19 33 86
19 86 88
19 88 90
19 90 92
19 92 94
19 94 96
19 96 97
19 97 101
19 101 103
19 103 105
19 105 107
19 107 109
19 109 111
19 111 113
19 113 114
19 114 115
19 9 121
19 121 3
19 115 134
22 14 26
22 118 117
22 117 116
22 116 112
22 112 110
22 110 108
22 108 106
22 106 104
22 104 102
22 102 100
22 100 95
22 95 93
22 93 91
22 91 89
22 89 87
22 87 85
22 85 34
22 34 25
22 25 14
22 119 120
22 120 130
22 123 119
22 26 123
22 135 118
25 29 10
25 11 29
25 30 11
25 133 84
25 9 119
25 119 120
25 120 130
25 10 122
25 122 9
25 84 82
25 82 80
25 80 78
25 78 76
25 76 74
25 74 72
25 72 70
25 70 68
25 68 66
25 66 31
25 31 30
26 29 10
26 11 29
26 30 11
26 133 84
26 9 119
26 119 120
26 120 130
26 10 122
26 122 9
26 84 82
26 82 80
26 80 78
26 78 76
26 76 74
26 74 72
26 72 70
26 70 68
26 68 66
26 66 31
26 31 30
29 5 2
29 15 5
29 24 15
29 63 61
29 61 60
29 60 58
29 58 55
29 55 54
29 54 52
29 52 50
29 50 35
29 35 24
29 119 120
29 120 130
29 123 119
29 2 123
29 137 126
29 126 124
29 124 63
31 14 26
31 118 117
31 117 116
31 116 112
31 112 110
31 110 108
31 108 106
31 106 104
31 104 102
31 102 100
31 100 95
31 95 93
31 93 91
31 91 89
31 89 87
31 87 85
31 85 34
31 34 25
31 25 14
31 119 120
31 120 130
31 123 119
31 26 123
31 135 118
32 14 26
32 118 117
32 117 116
32 116 112
32 112 110
32 110 108
32 108 106
32 106 104
32 104 102
32 102 100
32 100 95
32 95 93
32 93 91
32 91 89
32 89 87
32 87 85
32 85 34
32 34 25
32 25 14
32 119 120
32 120 130
32 123 119
32 26 123
32 135 118
33 14 26
33 118 117
33 117 116
33 116 112
33 112 110
33 110 108
33 108 106
33 106 104
33 104 102
33 102 100
33 100 95
33 95 93
33 93 91
33 91 89
33 89 87
33 87 85
33 85 34
33 34 25
33 25 14
33 119 120
33 120 130
33 123 119
33 26 123
33 135 118
35 5 2
35 15 5
35 24 15
35 63 61
35 61 60
35 60 58
35 58 55
35 55 54
35 54 52
35 52 50
35 50 35
35 35 24
35 119 120
35 120 130
35 123 119
35 2 123
35 137 126
35 126 124
35 124 63
37 6 9
37 7 8
37 8 12
37 12 28
37 131 6
37 83 132
37 9 121
37 121 7
37 28 32
37 32 65
37 65 67
37 67 69
37 69 71
37 71 73
37 73 75
37 75 77
37 77 79
37 79 81
37 81 83
42 6 9
42 3 13
42 131 6
42 13 27
42 27 33
42 33 86
42 86 88
42 88 90
42 90 92
42 92 94
42 94 96
42 96 97
42 97 101
42 101 103
42 103 105
42 105 107
42 107 109
42 109 111
42 111 113
42 113 114
42 114 115
42 9 121
42 121 3
42 115 134
45 14 26
45 118 117
45 117 116
45 116 112
45 112 110
45 110 108
45 108 106
45 106 104
45 104 102
45 102 100
45 100 95
45 95 93
45 93 91
45 91 89
45 89 87
45 87 85
45 85 34
45 34 25
45 25 14
45 119 120
45 120 130
45 123 119
45 26 123
45 135 118
46 14 26
46 118 117
46 117 116
46 116 112
46 112 110
46 110 108
46 108 106
46 106 104
46 104 102
46 102 100
46 100 95
46 95 93
46 93 91
46 91 89
46 89 87
46 87 85
46 85 34
46 34 25
46 25 14
46 119 120
46 120 130
46 123 119
46 26 123
46 135 118
48 6 9
48 3 13
48 131 6
48 13 27
48 27 33
48 33 86
48 86 88
48 88 90
48 90 92
48 92 94
48 94 96
48 96 97
48 97 101
48 101 103
48 103 105
48 105 107
48 107 109
48 109 111
48 111 113
48 113 114
48 114 115
48 9 121
48 121 3
48 115 134
50 6 9
50 7 8
50 8 12
50 12 28
50 131 6
50 83 132
50 9 121
50 121 7
50 28 32
50 32 65
50 65 67
50 67 69
50 69 71
50 71 73
50 73 75
50 75 77
50 77 79
50 79 81
50 81 83
57 6 9
57 3 13
57 131 6
57 13 27
57 27 33
57 33 86
57 86 88
57 88 90
57 90 92
57 92 94
57 94 96
57 96 97
57 97 101
57 101 103
57 103 105
57 105 107
57 107 109
57 109 111
57 111 113
57 113 114
57 114 115
57 9 121
57 121 3
57 115 134
59 6 9
59 7 8
59 8 12
59 12 28
59 131 6
59 83 132
59 9 121
59 121 7
59 28 32
59 32 65
59 65 67
59 67 69
59 69 71
59 71 73
59 73 75
59 75 77
59 77 79
59 79 81
59 81 83
63 14 26
63 118 117
63 117 116
63 116 112
63 112 110
63 110 108
63 108 106
63 106 104
63 104 102
63 102 100
63 100 95
63 95 93
63 93 91
63 91 89
63 89 87
63 87 85
63 85 34
63 34 25
63 25 14
63 119 120
63 120 130
63 123 119
63 26 123
63 135 118
66 6 9
66 3 13
66 131 6
66 13 27
66 27 33
66 33 86
66 86 88
66 88 90
66 90 92
66 92 94
66 94 96
66 96 97
66 97 101
66 101 103
66 103 105
66 105 107
66 107 109
66 109 111
66 111 113
66 113 114
66 114 115
66 9 121
66 121 3
66 115 134
68 14 26
68 118 117
68 117 116
68 116 112
68 112 110
68 110 108
68 108 106
68 106 104
68 104 102
68 102 100
68 100 95
68 95 93
68 93 91
68 91 89
68 89 87
68 87 85
68 85 34
68 34 25
68 25 14
68 119 120
68 120 130
68 123 119
68 26 123
68 135 118
71 21 0
71 22 18
71 18 21
71 98 47
71 47 45
71 45 44
71 44 43
71 43 42
71 42 37
71 37 22
71 119 120
71 120 130
71 123 119
71 0 123
71 139 128
71 128 98
72 6 9
72 7 8
72 8 12
72 12 28
72 131 6
72 83 132
72 9 121
72 121 7
72 28 32
72 32 65
72 65 67
72 67 69
72 69 71
72 71 73
72 73 75
72 75 77
72 77 79
72 79 81
72 81 83
73 29 10
73 11 29
73 30 11
73 133 84
73 9 119
73 119 120
73 120 130
73 10 122
73 122 9
73 84 82
73 82 80
73 80 78
73 78 76
73 76 74
73 74 72
73 72 70
73 70 68
73 68 66
73 66 31
73 31 30
91 6 9
91 3 13
91 131 6
91 13 27
91 27 33
91 33 86
91 86 88
91 88 90
91 90 92
91 92 94
91 94 96
91 96 97
91 97 101
91 101 103
91 103 105
91 105 107
91 107 109
91 109 111
91 111 113
91 113 114
91 114 115
91 9 121
91 121 3
91 115 134
92 5 2
92 15 5
92 24 15
92 63 61
92 61 60
92 60 58
92 58 55
92 55 54
92 54 52
92 52 50
92 50 35
92 35 24
92 119 120
92 120 130
92 123 119
92 2 123
92 137 126
92 126 124
92 124 63
;
;
set inFlight:=
3
5
6
7
9
15
16
19
;
set passedFreeF:=
0 137 126
0 126 124
0 124 63
0 63 61
0 61 60
0 60 58
0 58 55
0 55 54
0 54 52
0 52 50
0 50 35
0 35 24
0 24 15
0 15 5
0 5 2
0 2 123
0 123 119
0 119 120
0 120 130
9 133 84
9 84 82
9 82 80
9 80 78
9 78 76
9 76 74
9 74 72
9 72 70
9 70 68
9 68 66
9 66 31
9 31 30
9 30 11
9 11 29
9 29 10
9 10 122
9 122 9
9 9 119
9 119 120
9 120 130
;
param tini := 5.807398834613485;
