param nn:= 140;
set F:=
0
1
2
3
4
6
7
8
9
10
11
12
13
14
15
16
17
19
21
22
26
27
30
31
33
35
37
38
39
51
55
56
61
62
65
67
68
78
83
87
88
;
set AP:=
88
;
param: E: d:=
1 19 2.500000
21 0 2.500000
19 21 2.500000
21 4 2.500000
5 2 2.500000
6 9 2.500000
7 8 2.500000
29 10 2.500000
11 29 2.500000
30 11 2.500000
8 12 2.500000
12 28 2.500000
15 5 2.500000
24 15 2.500000
4 16 2.500000
16 23 2.500000
19 17 2.500000
17 20 2.500000
22 18 2.500000
18 21 2.500000
14 26 2.500000
3 13 2.500000
131 6 1.500000
83 132 1.500000
133 84 1.500000
13 27 2.500000
27 33 2.500000
33 86 2.500000
86 88 2.500000
88 90 2.500000
90 92 2.500000
92 94 2.500000
94 96 2.500000
96 97 2.500000
97 101 2.500000
101 103 2.500000
103 105 2.500000
105 107 2.500000
107 109 2.500000
109 111 2.500000
111 113 2.500000
113 114 2.500000
114 115 2.500000
118 117 2.500000
117 116 2.500000
116 112 2.500000
112 110 2.500000
110 108 2.500000
108 106 2.500000
106 104 2.500000
104 102 2.500000
102 100 2.500000
100 95 2.500000
95 93 2.500000
93 91 2.500000
91 89 2.500000
89 87 2.500000
87 85 2.500000
85 34 2.500000
34 25 2.500000
25 14 2.500000
23 36 2.500000
36 49 2.500000
49 51 2.500000
51 53 2.500000
53 56 2.500000
56 57 2.500000
57 59 2.500000
59 62 2.500000
62 64 2.500000
63 61 2.500000
61 60 2.500000
60 58 2.500000
58 55 2.500000
55 54 2.500000
54 52 2.500000
52 50 2.500000
50 35 2.500000
35 24 2.500000
20 38 2.500000
38 39 2.500000
39 40 2.500000
40 41 2.500000
41 46 2.500000
46 48 2.500000
48 99 2.500000
98 47 2.500000
47 45 2.500000
45 44 2.500000
44 43 2.500000
43 42 2.500000
42 37 2.500000
37 22 2.500000
9 119 2.500000
119 1 2.500000
119 120 2.500000
120 130 1.500000
9 121 2.500000
121 3 2.500000
121 7 2.500000
10 122 2.500000
122 9 2.500000
28 32 2.500000
32 65 2.500000
65 67 2.500000
67 69 2.500000
69 71 2.500000
71 73 2.500000
73 75 2.500000
75 77 2.500000
77 79 2.500000
79 81 2.500000
81 83 2.500000
84 82 2.500000
82 80 2.500000
80 78 2.500000
78 76 2.500000
76 74 2.500000
74 72 2.500000
72 70 2.500000
70 68 2.500000
68 66 2.500000
66 31 2.500000
31 30 2.500000
123 121 2.500000
123 119 2.500000
0 123 2.500000
2 123 2.500000
26 123 2.500000
115 134 1.500000
135 118 1.500000
137 126 1.500000
126 124 2.500000
124 63 2.500000
64 125 2.500000
125 127 2.500000
127 136 1.500000
139 128 1.500000
128 98 2.500000
99 129 2.500000
129 138 1.500000
;
param s:=
0 135
1 135
2 139
3 131
4 139
6 137
7 139
8 131
9 139
10 139
11 139
12 131
13 133
14 133
15 133
16 131
17 137
19 133
21 133
22 131
26 133
27 131
30 133
31 131
33 135
35 135
37 135
38 133
39 135
51 133
55 139
56 135
61 135
62 131
65 135
67 135
68 131
78 135
83 131
87 131
88 135
;
param e:=
0 130
1 130
2 130
3 136
4 130
6 130
7 130
8 132
9 130
10 130
11 130
12 132
13 130
14 130
15 130
16 138
17 130
19 130
21 130
22 132
26 130
27 132
30 130
31 134
33 130
35 130
37 130
38 130
39 130
51 130
55 130
56 130
61 130
62 134
65 130
67 130
68 132
78 130
83 132
87 134
88 130
;
param v_min:=2.375
;
param v_max:=2.625
;
param :conflictsNodes: angle:=
0 21 123 1.000000
0 123 21 1.000000
1 19 119 1.000000
1 119 19 1.000000
2 5 123 1.000000
2 123 5 1.000000
3 13 121 1.000000
3 121 13 1.000000
4 16 21 1.000000
4 21 16 1.000000
5 2 15 1.000000
5 15 2 1.000000
7 8 121 1.000000
7 121 8 1.000000
8 7 12 1.000000
8 12 7 1.000000
9 6 119 1.000000
9 119 6 1.000000
9 6 121 1.000000
9 121 6 1.000000
9 6 122 1.000000
9 122 6 1.000000
9 119 121 1.000000
9 121 119 1.000000
9 119 122 1.000000
9 122 119 1.000000
9 121 122 1.000000
9 122 121 1.000000
10 29 122 1.000000
10 122 29 1.000000
11 29 30 1.000000
11 30 29 1.000000
12 8 28 1.000000
12 28 8 1.000000
13 3 27 1.000000
13 27 3 1.000000
14 25 26 1.000000
14 26 25 1.000000
15 5 24 1.000000
15 24 5 1.000000
16 4 23 1.000000
16 23 4 1.000000
17 19 20 1.000000
17 20 19 1.000000
18 21 22 1.000000
18 22 21 1.000000
19 1 21 1.000000
19 21 1 1.000000
19 1 17 1.000000
19 17 1 1.000000
19 17 21 1.000000
19 21 17 1.000000
20 17 38 1.000000
20 38 17 1.000000
21 0 19 1.000000
21 19 0 1.000000
21 0 4 1.000000
21 4 0 1.000000
21 0 18 1.000000
21 18 0 1.000000
21 4 19 1.000000
21 19 4 1.000000
21 4 18 1.478880
21 18 4 1.478880
21 18 19 1.000000
21 19 18 1.000000
22 18 37 1.000000
22 37 18 1.000000
23 16 36 1.000000
23 36 16 1.000000
24 15 35 1.000000
24 35 15 1.000000
25 14 34 1.000000
25 34 14 1.000000
26 14 123 1.000000
26 123 14 1.000000
27 13 33 1.000000
27 33 13 1.000000
28 12 32 1.000000
28 32 12 1.000000
29 10 11 1.000000
29 11 10 1.000000
30 11 31 1.000000
30 31 11 1.000000
31 30 66 1.000000
31 66 30 1.000000
32 28 65 1.000000
32 65 28 1.000000
33 27 86 1.000000
33 86 27 1.000000
34 25 85 1.000000
34 85 25 1.000000
35 24 50 1.000000
35 50 24 1.000000
36 23 49 1.000000
36 49 23 1.000000
37 22 42 1.000000
37 42 22 1.000000
38 20 39 1.000000
38 39 20 1.000000
39 38 40 1.000000
39 40 38 1.000000
40 39 41 1.000000
40 41 39 1.000000
41 40 46 1.000000
41 46 40 1.000000
42 37 43 1.000000
42 43 37 1.000000
43 42 44 1.000000
43 44 42 1.000000
44 43 45 1.000000
44 45 43 1.000000
45 44 47 1.000000
45 47 44 1.000000
46 41 48 1.000000
46 48 41 1.000000
47 45 98 1.000000
47 98 45 1.000000
48 46 99 1.000000
48 99 46 1.000000
49 36 51 1.000000
49 51 36 1.000000
50 35 52 1.000000
50 52 35 1.000000
51 49 53 1.000000
51 53 49 1.000000
52 50 54 1.000000
52 54 50 1.000000
53 51 56 1.000000
53 56 51 1.000000
54 52 55 1.000000
54 55 52 1.000000
55 54 58 1.000000
55 58 54 1.000000
56 53 57 1.000000
56 57 53 1.000000
57 56 59 1.000000
57 59 56 1.000000
58 55 60 1.000000
58 60 55 1.000000
59 57 62 1.000000
59 62 57 1.000000
60 58 61 1.000000
60 61 58 1.000000
61 60 63 1.000000
61 63 60 1.000000
62 59 64 1.000000
62 64 59 1.000000
63 61 124 1.000000
63 124 61 1.000000
64 62 125 1.000000
64 125 62 1.000000
65 32 67 1.000000
65 67 32 1.000000
66 31 68 1.000000
66 68 31 1.000000
67 65 69 1.000000
67 69 65 1.000000
68 66 70 1.000000
68 70 66 1.000000
69 67 71 1.000000
69 71 67 1.000000
70 68 72 1.000000
70 72 68 1.000000
71 69 73 1.000000
71 73 69 1.000000
72 70 74 1.000000
72 74 70 1.000000
73 71 75 1.000000
73 75 71 1.000000
74 72 76 1.000000
74 76 72 1.000000
75 73 77 1.000000
75 77 73 1.000000
76 74 78 1.000000
76 78 74 1.000000
77 75 79 1.000000
77 79 75 1.000000
78 76 80 1.000000
78 80 76 1.000000
79 77 81 1.000000
79 81 77 1.000000
80 78 82 1.000000
80 82 78 1.000000
81 79 83 1.000000
81 83 79 1.000000
82 80 84 1.000000
82 84 80 1.000000
85 34 87 1.000000
85 87 34 1.000000
86 33 88 1.000000
86 88 33 1.000000
87 85 89 1.000000
87 89 85 1.000000
88 86 90 1.000000
88 90 86 1.000000
89 87 91 1.000000
89 91 87 1.000000
90 88 92 1.000000
90 92 88 1.000000
91 89 93 1.000000
91 93 89 1.000000
92 90 94 1.000000
92 94 90 1.000000
93 91 95 1.000000
93 95 91 1.000000
94 92 96 1.000000
94 96 92 1.000000
95 93 100 1.000000
95 100 93 1.000000
96 94 97 1.000000
96 97 94 1.000000
97 96 101 1.000000
97 101 96 1.000000
98 47 128 1.000000
98 128 47 1.000000
99 48 129 1.000000
99 129 48 1.000000
100 95 102 1.000000
100 102 95 1.000000
101 97 103 1.000000
101 103 97 1.000000
102 100 104 1.000000
102 104 100 1.000000
103 101 105 1.000000
103 105 101 1.000000
104 102 106 1.000000
104 106 102 1.000000
105 103 107 1.000000
105 107 103 1.000000
106 104 108 1.000000
106 108 104 1.000000
107 105 109 1.000000
107 109 105 1.000000
108 106 110 1.000000
108 110 106 1.000000
109 107 111 1.000000
109 111 107 1.000000
110 108 112 1.000000
110 112 108 1.000000
111 109 113 1.000000
111 113 109 1.000000
112 110 116 1.000000
112 116 110 1.000000
113 111 114 1.000000
113 114 111 1.000000
114 113 115 1.000000
114 115 113 1.000000
116 112 117 1.000000
116 117 112 1.000000
117 116 118 1.000000
117 118 116 1.000000
119 9 120 1.000000
119 120 9 1.000000
119 9 123 1.000000
119 123 9 1.000000
119 1 9 1.000000
119 9 1 1.000000
119 1 120 1.000000
119 120 1 1.000000
119 1 123 1.000000
119 123 1 1.000000
119 120 123 1.000000
119 123 120 1.000000
121 9 123 1.000000
121 123 9 1.000000
121 3 9 1.000000
121 9 3 1.000000
121 3 7 1.416150
121 7 3 1.416150
121 3 123 1.000000
121 123 3 1.000000
121 7 9 1.000000
121 9 7 1.000000
121 7 123 1.000000
121 123 7 1.000000
122 9 10 1.000000
122 10 9 1.000000
123 0 2 1.478880
123 2 0 1.478880
123 0 26 1.000000
123 26 0 1.000000
123 0 121 1.000000
123 121 0 1.000000
123 0 119 1.000000
123 119 0 1.000000
123 2 26 1.357350
123 26 2 1.357350
123 2 121 1.000000
123 121 2 1.000000
123 2 119 1.000000
123 119 2 1.000000
123 26 121 1.000000
123 121 26 1.000000
123 26 119 1.000000
123 119 26 1.000000
123 119 121 1.000000
123 121 119 1.000000
124 63 126 1.000000
124 126 63 1.000000
125 64 127 1.000000
125 127 64 1.000000
;
param D:=0.5;
param t_hat_ear:=
0 135 8.0
0 118 9.0
0 117 10.0
0 116 11.0
0 112 12.0
0 110 13.0
0 108 14.0
0 106 15.0
0 104 16.0
0 102 17.0
0 100 18.0
0 95 19.0
0 93 20.0
0 91 21.0
0 89 22.0
0 87 23.0
0 85 24.0
0 34 25.0
0 25 26.0
0 14 27.0
0 26 28.0
0 123 29.0
0 119 30.0
0 120 31.0
0 130 32.0
1 135 6.0
1 118 7.0
1 117 8.0
1 116 9.0
1 112 10.0
1 110 11.0
1 108 12.0
1 106 13.0
1 104 14.0
1 102 15.0
1 100 16.0
1 95 17.0
1 93 18.0
1 91 19.0
1 89 20.0
1 87 21.0
1 85 22.0
1 34 23.0
1 25 24.0
1 14 25.0
1 26 26.0
1 123 27.0
1 119 28.0
1 120 29.0
1 130 30.0
2 139 0.0
2 128 1.0
2 98 2.0
2 47 3.0
2 45 4.0
2 44 5.0
2 43 6.0
2 42 7.0
2 37 8.0
2 22 9.0
2 18 10.0
2 21 11.0
2 0 12.0
2 123 13.0
2 119 14.0
2 120 15.0
2 130 16.0
3 131 0.0
3 6 1.0
3 9 2.0
3 119 3.0
3 1 4.0
3 19 5.0
3 21 6.0
3 4 7.0
3 16 8.0
3 23 9.0
3 36 10.0
3 49 11.0
3 51 12.0
3 53 13.0
3 56 14.0
3 57 15.0
3 59 16.0
3 62 17.0
3 64 18.0
3 125 19.0
3 127 20.0
3 136 21.0
4 139 38.0
4 128 39.0
4 98 40.0
4 47 41.0
4 45 42.0
4 44 43.0
4 43 44.0
4 42 45.0
4 37 46.0
4 22 47.0
4 18 48.0
4 21 49.0
4 0 50.0
4 123 51.0
4 119 52.0
4 120 53.0
4 130 54.0
6 137 1.0
6 126 2.0
6 124 3.0
6 63 4.0
6 61 5.0
6 60 6.0
6 58 7.0
6 55 8.0
6 54 9.0
6 52 10.0
6 50 11.0
6 35 12.0
6 24 13.0
6 15 14.0
6 5 15.0
6 2 16.0
6 123 17.0
6 119 18.0
6 120 19.0
6 130 20.0
7 139 2.0
7 128 3.0
7 98 4.0
7 47 5.0
7 45 6.0
7 44 7.0
7 43 8.0
7 42 9.0
7 37 10.0
7 22 11.0
7 18 12.0
7 21 13.0
7 0 14.0
7 123 15.0
7 119 16.0
7 120 17.0
7 130 18.0
8 131 6.0
8 6 7.0
8 9 8.0
8 121 9.0
8 7 10.0
8 8 11.0
8 12 12.0
8 28 13.0
8 32 14.0
8 65 15.0
8 67 16.0
8 69 17.0
8 71 18.0
8 73 19.0
8 75 20.0
8 77 21.0
8 79 22.0
8 81 23.0
8 83 24.0
8 132 25.0
9 139 6.0
9 128 7.0
9 98 8.0
9 47 9.0
9 45 10.0
9 44 11.0
9 43 12.0
9 42 13.0
9 37 14.0
9 22 15.0
9 18 16.0
9 21 17.0
9 0 18.0
9 123 19.0
9 119 20.0
9 120 21.0
9 130 22.0
10 139 8.0
10 128 9.0
10 98 10.0
10 47 11.0
10 45 12.0
10 44 13.0
10 43 14.0
10 42 15.0
10 37 16.0
10 22 17.0
10 18 18.0
10 21 19.0
10 0 20.0
10 123 21.0
10 119 22.0
10 120 23.0
10 130 24.0
11 139 18.0
11 128 19.0
11 98 20.0
11 47 21.0
11 45 22.0
11 44 23.0
11 43 24.0
11 42 25.0
11 37 26.0
11 22 27.0
11 18 28.0
11 21 29.0
11 0 30.0
11 123 31.0
11 119 32.0
11 120 33.0
11 130 34.0
12 131 8.0
12 6 9.0
12 9 10.0
12 121 11.0
12 7 12.0
12 8 13.0
12 12 14.0
12 28 15.0
12 32 16.0
12 65 17.0
12 67 18.0
12 69 19.0
12 71 20.0
12 73 21.0
12 75 22.0
12 77 23.0
12 79 24.0
12 81 25.0
12 83 26.0
12 132 27.0
13 133 18.0
13 84 19.0
13 82 20.0
13 80 21.0
13 78 22.0
13 76 23.0
13 74 24.0
13 72 25.0
13 70 26.0
13 68 27.0
13 66 28.0
13 31 29.0
13 30 30.0
13 11 31.0
13 29 32.0
13 10 33.0
13 122 34.0
13 9 35.0
13 119 36.0
13 120 37.0
13 130 38.0
14 133 28.0
14 84 29.0
14 82 30.0
14 80 31.0
14 78 32.0
14 76 33.0
14 74 34.0
14 72 35.0
14 70 36.0
14 68 37.0
14 66 38.0
14 31 39.0
14 30 40.0
14 11 41.0
14 29 42.0
14 10 43.0
14 122 44.0
14 9 45.0
14 119 46.0
14 120 47.0
14 130 48.0
15 133 8.0
15 84 9.0
15 82 10.0
15 80 11.0
15 78 12.0
15 76 13.0
15 74 14.0
15 72 15.0
15 70 16.0
15 68 17.0
15 66 18.0
15 31 19.0
15 30 20.0
15 11 21.0
15 29 22.0
15 10 23.0
15 122 24.0
15 9 25.0
15 119 26.0
15 120 27.0
15 130 28.0
16 131 4.0
16 6 5.0
16 9 6.0
16 119 7.0
16 1 8.0
16 19 9.0
16 17 10.0
16 20 11.0
16 38 12.0
16 39 13.0
16 40 14.0
16 41 15.0
16 46 16.0
16 48 17.0
16 99 18.0
16 129 19.0
16 138 20.0
17 137 17.0
17 126 18.0
17 124 19.0
17 63 20.0
17 61 21.0
17 60 22.0
17 58 23.0
17 55 24.0
17 54 25.0
17 52 26.0
17 50 27.0
17 35 28.0
17 24 29.0
17 15 30.0
17 5 31.0
17 2 32.0
17 123 33.0
17 119 34.0
17 120 35.0
17 130 36.0
19 133 6.0
19 84 7.0
19 82 8.0
19 80 9.0
19 78 10.0
19 76 11.0
19 74 12.0
19 72 13.0
19 70 14.0
19 68 15.0
19 66 16.0
19 31 17.0
19 30 18.0
19 11 19.0
19 29 20.0
19 10 21.0
19 122 22.0
19 9 23.0
19 119 24.0
19 120 25.0
19 130 26.0
21 133 24.0
21 84 25.0
21 82 26.0
21 80 27.0
21 78 28.0
21 76 29.0
21 74 30.0
21 72 31.0
21 70 32.0
21 68 33.0
21 66 34.0
21 31 35.0
21 30 36.0
21 11 37.0
21 29 38.0
21 10 39.0
21 122 40.0
21 9 41.0
21 119 42.0
21 120 43.0
21 130 44.0
22 131 12.0
22 6 13.0
22 9 14.0
22 121 15.0
22 7 16.0
22 8 17.0
22 12 18.0
22 28 19.0
22 32 20.0
22 65 21.0
22 67 22.0
22 69 23.0
22 71 24.0
22 73 25.0
22 75 26.0
22 77 27.0
22 79 28.0
22 81 29.0
22 83 30.0
22 132 31.0
26 133 26.0
26 84 27.0
26 82 28.0
26 80 29.0
26 78 30.0
26 76 31.0
26 74 32.0
26 72 33.0
26 70 34.0
26 68 35.0
26 66 36.0
26 31 37.0
26 30 38.0
26 11 39.0
26 29 40.0
26 10 41.0
26 122 42.0
26 9 43.0
26 119 44.0
26 120 45.0
26 130 46.0
27 131 14.0
27 6 15.0
27 9 16.0
27 121 17.0
27 7 18.0
27 8 19.0
27 12 20.0
27 28 21.0
27 32 22.0
27 65 23.0
27 67 24.0
27 69 25.0
27 71 26.0
27 73 27.0
27 75 28.0
27 77 29.0
27 79 30.0
27 81 31.0
27 83 32.0
27 132 33.0
30 133 36.0
30 84 37.0
30 82 38.0
30 80 39.0
30 78 40.0
30 76 41.0
30 74 42.0
30 72 43.0
30 70 44.0
30 68 45.0
30 66 46.0
30 31 47.0
30 30 48.0
30 11 49.0
30 29 50.0
30 10 51.0
30 122 52.0
30 9 53.0
30 119 54.0
30 120 55.0
30 130 56.0
31 131 10.0
31 6 11.0
31 9 12.0
31 121 13.0
31 3 14.0
31 13 15.0
31 27 16.0
31 33 17.0
31 86 18.0
31 88 19.0
31 90 20.0
31 92 21.0
31 94 22.0
31 96 23.0
31 97 24.0
31 101 25.0
31 103 26.0
31 105 27.0
31 107 28.0
31 109 29.0
31 111 30.0
31 113 31.0
31 114 32.0
31 115 33.0
31 134 34.0
33 135 26.0
33 118 27.0
33 117 28.0
33 116 29.0
33 112 30.0
33 110 31.0
33 108 32.0
33 106 33.0
33 104 34.0
33 102 35.0
33 100 36.0
33 95 37.0
33 93 38.0
33 91 39.0
33 89 40.0
33 87 41.0
33 85 42.0
33 34 43.0
33 25 44.0
33 14 45.0
33 26 46.0
33 123 47.0
33 119 48.0
33 120 49.0
33 130 50.0
35 135 18.0
35 118 19.0
35 117 20.0
35 116 21.0
35 112 22.0
35 110 23.0
35 108 24.0
35 106 25.0
35 104 26.0
35 102 27.0
35 100 28.0
35 95 29.0
35 93 30.0
35 91 31.0
35 89 32.0
35 87 33.0
35 85 34.0
35 34 35.0
35 25 36.0
35 14 37.0
35 26 38.0
35 123 39.0
35 119 40.0
35 120 41.0
35 130 42.0
37 135 28.0
37 118 29.0
37 117 30.0
37 116 31.0
37 112 32.0
37 110 33.0
37 108 34.0
37 106 35.0
37 104 36.0
37 102 37.0
37 100 38.0
37 95 39.0
37 93 40.0
37 91 41.0
37 89 42.0
37 87 43.0
37 85 44.0
37 34 45.0
37 25 46.0
37 14 47.0
37 26 48.0
37 123 49.0
37 119 50.0
37 120 51.0
37 130 52.0
38 133 46.0
38 84 47.0
38 82 48.0
38 80 49.0
38 78 50.0
38 76 51.0
38 74 52.0
38 72 53.0
38 70 54.0
38 68 55.0
38 66 56.0
38 31 57.0
38 30 58.0
38 11 59.0
38 29 60.0
38 10 61.0
38 122 62.0
38 9 63.0
38 119 64.0
38 120 65.0
38 130 66.0
39 135 16.0
39 118 17.0
39 117 18.0
39 116 19.0
39 112 20.0
39 110 21.0
39 108 22.0
39 106 23.0
39 104 24.0
39 102 25.0
39 100 26.0
39 95 27.0
39 93 28.0
39 91 29.0
39 89 30.0
39 87 31.0
39 85 32.0
39 34 33.0
39 25 34.0
39 14 35.0
39 26 36.0
39 123 37.0
39 119 38.0
39 120 39.0
39 130 40.0
51 133 38.0
51 84 39.0
51 82 40.0
51 80 41.0
51 78 42.0
51 76 43.0
51 74 44.0
51 72 45.0
51 70 46.0
51 68 47.0
51 66 48.0
51 31 49.0
51 30 50.0
51 11 51.0
51 29 52.0
51 10 53.0
51 122 54.0
51 9 55.0
51 119 56.0
51 120 57.0
51 130 58.0
55 139 48.0
55 128 49.0
55 98 50.0
55 47 51.0
55 45 52.0
55 44 53.0
55 43 54.0
55 42 55.0
55 37 56.0
55 22 57.0
55 18 58.0
55 21 59.0
55 0 60.0
55 123 61.0
55 119 62.0
55 120 63.0
55 130 64.0
56 135 38.0
56 118 39.0
56 117 40.0
56 116 41.0
56 112 42.0
56 110 43.0
56 108 44.0
56 106 45.0
56 104 46.0
56 102 47.0
56 100 48.0
56 95 49.0
56 93 50.0
56 91 51.0
56 89 52.0
56 87 53.0
56 85 54.0
56 34 55.0
56 25 56.0
56 14 57.0
56 26 58.0
56 123 59.0
56 119 60.0
56 120 61.0
56 130 62.0
61 135 44.0
61 118 45.0
61 117 46.0
61 116 47.0
61 112 48.0
61 110 49.0
61 108 50.0
61 106 51.0
61 104 52.0
61 102 53.0
61 100 54.0
61 95 55.0
61 93 56.0
61 91 57.0
61 89 58.0
61 87 59.0
61 85 60.0
61 34 61.0
61 25 62.0
61 14 63.0
61 26 64.0
61 123 65.0
61 119 66.0
61 120 67.0
61 130 68.0
62 131 35.0
62 6 36.0
62 9 37.0
62 121 38.0
62 3 39.0
62 13 40.0
62 27 41.0
62 33 42.0
62 86 43.0
62 88 44.0
62 90 45.0
62 92 46.0
62 94 47.0
62 96 48.0
62 97 49.0
62 101 50.0
62 103 51.0
62 105 52.0
62 107 53.0
62 109 54.0
62 111 55.0
62 113 56.0
62 114 57.0
62 115 58.0
62 134 59.0
65 135 46.0
65 118 47.0
65 117 48.0
65 116 49.0
65 112 50.0
65 110 51.0
65 108 52.0
65 106 53.0
65 104 54.0
65 102 55.0
65 100 56.0
65 95 57.0
65 93 58.0
65 91 59.0
65 89 60.0
65 87 61.0
65 85 62.0
65 34 63.0
65 25 64.0
65 14 65.0
65 26 66.0
65 123 67.0
65 119 68.0
65 120 69.0
65 130 70.0
67 135 36.0
67 118 37.0
67 117 38.0
67 116 39.0
67 112 40.0
67 110 41.0
67 108 42.0
67 106 43.0
67 104 44.0
67 102 45.0
67 100 46.0
67 95 47.0
67 93 48.0
67 91 49.0
67 89 50.0
67 87 51.0
67 85 52.0
67 34 53.0
67 25 54.0
67 14 55.0
67 26 56.0
67 123 57.0
67 119 58.0
67 120 59.0
67 130 60.0
68 131 30.0
68 6 31.0
68 9 32.0
68 121 33.0
68 7 34.0
68 8 35.0
68 12 36.0
68 28 37.0
68 32 38.0
68 65 39.0
68 67 40.0
68 69 41.0
68 71 42.0
68 73 43.0
68 75 44.0
68 77 45.0
68 79 46.0
68 81 47.0
68 83 48.0
68 132 49.0
78 135 48.0
78 118 49.0
78 117 50.0
78 116 51.0
78 112 52.0
78 110 53.0
78 108 54.0
78 106 55.0
78 104 56.0
78 102 57.0
78 100 58.0
78 95 59.0
78 93 60.0
78 91 61.0
78 89 62.0
78 87 63.0
78 85 64.0
78 34 65.0
78 25 66.0
78 14 67.0
78 26 68.0
78 123 69.0
78 119 70.0
78 120 71.0
78 130 72.0
83 131 48.0
83 6 49.0
83 9 50.0
83 121 51.0
83 7 52.0
83 8 53.0
83 12 54.0
83 28 55.0
83 32 56.0
83 65 57.0
83 67 58.0
83 69 59.0
83 71 60.0
83 73 61.0
83 75 62.0
83 77 63.0
83 79 64.0
83 81 65.0
83 83 66.0
83 132 67.0
87 131 45.0
87 6 46.0
87 9 47.0
87 121 48.0
87 3 49.0
87 13 50.0
87 27 51.0
87 33 52.0
87 86 53.0
87 88 54.0
87 90 55.0
87 92 56.0
87 94 57.0
87 96 58.0
87 97 59.0
87 101 60.0
87 103 61.0
87 105 62.0
87 107 63.0
87 109 64.0
87 111 65.0
87 113 66.0
87 114 67.0
87 115 68.0
87 134 69.0
88 135 8
88 118 9.0
88 117 10.0
88 116 11.0
88 112 12.0
88 110 13.0
88 108 14.0
88 106 15.0
88 104 16.0
88 102 17.0
88 100 18.0
88 95 19.0
88 93 20.0
88 91 21.0
88 89 22.0
88 87 23.0
88 85 24.0
88 34 25.0
88 25 26.0
88 14 27.0
88 26 28.0
88 123 29.0
88 119 30.0
88 120 31.0
88 130 32.0
;
param t_hat_lat:=
0 135 9.0
0 118 10.0
0 117 11.0
0 116 12.0
0 112 13.0
0 110 14.0
0 108 15.0
0 106 16.0
0 104 17.0
0 102 18.0
0 100 19.0
0 95 20.0
0 93 21.0
0 91 22.0
0 89 23.0
0 87 24.0
0 85 25.0
0 34 26.0
0 25 27.0
0 14 28.0
0 26 29.0
0 123 30.0
0 119 31.0
0 120 32.0
0 130 33.0
1 135 7.0
1 118 8.0
1 117 9.0
1 116 10.0
1 112 11.0
1 110 12.0
1 108 13.0
1 106 14.0
1 104 15.0
1 102 16.0
1 100 17.0
1 95 18.0
1 93 19.0
1 91 20.0
1 89 21.0
1 87 22.0
1 85 23.0
1 34 24.0
1 25 25.0
1 14 26.0
1 26 27.0
1 123 28.0
1 119 29.0
1 120 30.0
1 130 31.0
2 139 1.0
2 128 2.0
2 98 3.0
2 47 4.0
2 45 5.0
2 44 6.0
2 43 7.0
2 42 8.0
2 37 9.0
2 22 10.0
2 18 11.0
2 21 12.0
2 0 13.0
2 123 14.0
2 119 15.0
2 120 16.0
2 130 17.0
3 131 1.0
3 6 2.0
3 9 3.0
3 119 4.0
3 1 5.0
3 19 6.0
3 21 7.0
3 4 8.0
3 16 9.0
3 23 10.0
3 36 11.0
3 49 12.0
3 51 13.0
3 53 14.0
3 56 15.0
3 57 16.0
3 59 17.0
3 62 18.0
3 64 19.0
3 125 20.0
3 127 21.0
3 136 22.0
4 139 39.0
4 128 40.0
4 98 41.0
4 47 42.0
4 45 43.0
4 44 44.0
4 43 45.0
4 42 46.0
4 37 47.0
4 22 48.0
4 18 49.0
4 21 50.0
4 0 51.0
4 123 52.0
4 119 53.0
4 120 54.0
4 130 55.0
6 137 2.0
6 126 3.0
6 124 4.0
6 63 5.0
6 61 6.0
6 60 7.0
6 58 8.0
6 55 9.0
6 54 10.0
6 52 11.0
6 50 12.0
6 35 13.0
6 24 14.0
6 15 15.0
6 5 16.0
6 2 17.0
6 123 18.0
6 119 19.0
6 120 20.0
6 130 21.0
7 139 3.0
7 128 4.0
7 98 5.0
7 47 6.0
7 45 7.0
7 44 8.0
7 43 9.0
7 42 10.0
7 37 11.0
7 22 12.0
7 18 13.0
7 21 14.0
7 0 15.0
7 123 16.0
7 119 17.0
7 120 18.0
7 130 19.0
8 131 7.0
8 6 8.0
8 9 9.0
8 121 10.0
8 7 11.0
8 8 12.0
8 12 13.0
8 28 14.0
8 32 15.0
8 65 16.0
8 67 17.0
8 69 18.0
8 71 19.0
8 73 20.0
8 75 21.0
8 77 22.0
8 79 23.0
8 81 24.0
8 83 25.0
8 132 26.0
9 139 7.0
9 128 8.0
9 98 9.0
9 47 10.0
9 45 11.0
9 44 12.0
9 43 13.0
9 42 14.0
9 37 15.0
9 22 16.0
9 18 17.0
9 21 18.0
9 0 19.0
9 123 20.0
9 119 21.0
9 120 22.0
9 130 23.0
10 139 9.0
10 128 10.0
10 98 11.0
10 47 12.0
10 45 13.0
10 44 14.0
10 43 15.0
10 42 16.0
10 37 17.0
10 22 18.0
10 18 19.0
10 21 20.0
10 0 21.0
10 123 22.0
10 119 23.0
10 120 24.0
10 130 25.0
11 139 19.0
11 128 20.0
11 98 21.0
11 47 22.0
11 45 23.0
11 44 24.0
11 43 25.0
11 42 26.0
11 37 27.0
11 22 28.0
11 18 29.0
11 21 30.0
11 0 31.0
11 123 32.0
11 119 33.0
11 120 34.0
11 130 35.0
12 131 9.0
12 6 10.0
12 9 11.0
12 121 12.0
12 7 13.0
12 8 14.0
12 12 15.0
12 28 16.0
12 32 17.0
12 65 18.0
12 67 19.0
12 69 20.0
12 71 21.0
12 73 22.0
12 75 23.0
12 77 24.0
12 79 25.0
12 81 26.0
12 83 27.0
12 132 28.0
13 133 19.0
13 84 20.0
13 82 21.0
13 80 22.0
13 78 23.0
13 76 24.0
13 74 25.0
13 72 26.0
13 70 27.0
13 68 28.0
13 66 29.0
13 31 30.0
13 30 31.0
13 11 32.0
13 29 33.0
13 10 34.0
13 122 35.0
13 9 36.0
13 119 37.0
13 120 38.0
13 130 39.0
14 133 29.0
14 84 30.0
14 82 31.0
14 80 32.0
14 78 33.0
14 76 34.0
14 74 35.0
14 72 36.0
14 70 37.0
14 68 38.0
14 66 39.0
14 31 40.0
14 30 41.0
14 11 42.0
14 29 43.0
14 10 44.0
14 122 45.0
14 9 46.0
14 119 47.0
14 120 48.0
14 130 49.0
15 133 9.0
15 84 10.0
15 82 11.0
15 80 12.0
15 78 13.0
15 76 14.0
15 74 15.0
15 72 16.0
15 70 17.0
15 68 18.0
15 66 19.0
15 31 20.0
15 30 21.0
15 11 22.0
15 29 23.0
15 10 24.0
15 122 25.0
15 9 26.0
15 119 27.0
15 120 28.0
15 130 29.0
16 131 5.0
16 6 6.0
16 9 7.0
16 119 8.0
16 1 9.0
16 19 10.0
16 17 11.0
16 20 12.0
16 38 13.0
16 39 14.0
16 40 15.0
16 41 16.0
16 46 17.0
16 48 18.0
16 99 19.0
16 129 20.0
16 138 21.0
17 137 18.0
17 126 19.0
17 124 20.0
17 63 21.0
17 61 22.0
17 60 23.0
17 58 24.0
17 55 25.0
17 54 26.0
17 52 27.0
17 50 28.0
17 35 29.0
17 24 30.0
17 15 31.0
17 5 32.0
17 2 33.0
17 123 34.0
17 119 35.0
17 120 36.0
17 130 37.0
19 133 7.0
19 84 8.0
19 82 9.0
19 80 10.0
19 78 11.0
19 76 12.0
19 74 13.0
19 72 14.0
19 70 15.0
19 68 16.0
19 66 17.0
19 31 18.0
19 30 19.0
19 11 20.0
19 29 21.0
19 10 22.0
19 122 23.0
19 9 24.0
19 119 25.0
19 120 26.0
19 130 27.0
21 133 25.0
21 84 26.0
21 82 27.0
21 80 28.0
21 78 29.0
21 76 30.0
21 74 31.0
21 72 32.0
21 70 33.0
21 68 34.0
21 66 35.0
21 31 36.0
21 30 37.0
21 11 38.0
21 29 39.0
21 10 40.0
21 122 41.0
21 9 42.0
21 119 43.0
21 120 44.0
21 130 45.0
22 131 13.0
22 6 14.0
22 9 15.0
22 121 16.0
22 7 17.0
22 8 18.0
22 12 19.0
22 28 20.0
22 32 21.0
22 65 22.0
22 67 23.0
22 69 24.0
22 71 25.0
22 73 26.0
22 75 27.0
22 77 28.0
22 79 29.0
22 81 30.0
22 83 31.0
22 132 32.0
26 133 27.0
26 84 28.0
26 82 29.0
26 80 30.0
26 78 31.0
26 76 32.0
26 74 33.0
26 72 34.0
26 70 35.0
26 68 36.0
26 66 37.0
26 31 38.0
26 30 39.0
26 11 40.0
26 29 41.0
26 10 42.0
26 122 43.0
26 9 44.0
26 119 45.0
26 120 46.0
26 130 47.0
27 131 15.0
27 6 16.0
27 9 17.0
27 121 18.0
27 7 19.0
27 8 20.0
27 12 21.0
27 28 22.0
27 32 23.0
27 65 24.0
27 67 25.0
27 69 26.0
27 71 27.0
27 73 28.0
27 75 29.0
27 77 30.0
27 79 31.0
27 81 32.0
27 83 33.0
27 132 34.0
30 133 37.0
30 84 38.0
30 82 39.0
30 80 40.0
30 78 41.0
30 76 42.0
30 74 43.0
30 72 44.0
30 70 45.0
30 68 46.0
30 66 47.0
30 31 48.0
30 30 49.0
30 11 50.0
30 29 51.0
30 10 52.0
30 122 53.0
30 9 54.0
30 119 55.0
30 120 56.0
30 130 57.0
31 131 11.0
31 6 12.0
31 9 13.0
31 121 14.0
31 3 15.0
31 13 16.0
31 27 17.0
31 33 18.0
31 86 19.0
31 88 20.0
31 90 21.0
31 92 22.0
31 94 23.0
31 96 24.0
31 97 25.0
31 101 26.0
31 103 27.0
31 105 28.0
31 107 29.0
31 109 30.0
31 111 31.0
31 113 32.0
31 114 33.0
31 115 34.0
31 134 35.0
33 135 27.0
33 118 28.0
33 117 29.0
33 116 30.0
33 112 31.0
33 110 32.0
33 108 33.0
33 106 34.0
33 104 35.0
33 102 36.0
33 100 37.0
33 95 38.0
33 93 39.0
33 91 40.0
33 89 41.0
33 87 42.0
33 85 43.0
33 34 44.0
33 25 45.0
33 14 46.0
33 26 47.0
33 123 48.0
33 119 49.0
33 120 50.0
33 130 51.0
35 135 19.0
35 118 20.0
35 117 21.0
35 116 22.0
35 112 23.0
35 110 24.0
35 108 25.0
35 106 26.0
35 104 27.0
35 102 28.0
35 100 29.0
35 95 30.0
35 93 31.0
35 91 32.0
35 89 33.0
35 87 34.0
35 85 35.0
35 34 36.0
35 25 37.0
35 14 38.0
35 26 39.0
35 123 40.0
35 119 41.0
35 120 42.0
35 130 43.0
37 135 29.0
37 118 30.0
37 117 31.0
37 116 32.0
37 112 33.0
37 110 34.0
37 108 35.0
37 106 36.0
37 104 37.0
37 102 38.0
37 100 39.0
37 95 40.0
37 93 41.0
37 91 42.0
37 89 43.0
37 87 44.0
37 85 45.0
37 34 46.0
37 25 47.0
37 14 48.0
37 26 49.0
37 123 50.0
37 119 51.0
37 120 52.0
37 130 53.0
38 133 47.0
38 84 48.0
38 82 49.0
38 80 50.0
38 78 51.0
38 76 52.0
38 74 53.0
38 72 54.0
38 70 55.0
38 68 56.0
38 66 57.0
38 31 58.0
38 30 59.0
38 11 60.0
38 29 61.0
38 10 62.0
38 122 63.0
38 9 64.0
38 119 65.0
38 120 66.0
38 130 67.0
39 135 17.0
39 118 18.0
39 117 19.0
39 116 20.0
39 112 21.0
39 110 22.0
39 108 23.0
39 106 24.0
39 104 25.0
39 102 26.0
39 100 27.0
39 95 28.0
39 93 29.0
39 91 30.0
39 89 31.0
39 87 32.0
39 85 33.0
39 34 34.0
39 25 35.0
39 14 36.0
39 26 37.0
39 123 38.0
39 119 39.0
39 120 40.0
39 130 41.0
51 133 39.0
51 84 40.0
51 82 41.0
51 80 42.0
51 78 43.0
51 76 44.0
51 74 45.0
51 72 46.0
51 70 47.0
51 68 48.0
51 66 49.0
51 31 50.0
51 30 51.0
51 11 52.0
51 29 53.0
51 10 54.0
51 122 55.0
51 9 56.0
51 119 57.0
51 120 58.0
51 130 59.0
55 139 49.0
55 128 50.0
55 98 51.0
55 47 52.0
55 45 53.0
55 44 54.0
55 43 55.0
55 42 56.0
55 37 57.0
55 22 58.0
55 18 59.0
55 21 60.0
55 0 61.0
55 123 62.0
55 119 63.0
55 120 64.0
55 130 65.0
56 135 39.0
56 118 40.0
56 117 41.0
56 116 42.0
56 112 43.0
56 110 44.0
56 108 45.0
56 106 46.0
56 104 47.0
56 102 48.0
56 100 49.0
56 95 50.0
56 93 51.0
56 91 52.0
56 89 53.0
56 87 54.0
56 85 55.0
56 34 56.0
56 25 57.0
56 14 58.0
56 26 59.0
56 123 60.0
56 119 61.0
56 120 62.0
56 130 63.0
61 135 45.0
61 118 46.0
61 117 47.0
61 116 48.0
61 112 49.0
61 110 50.0
61 108 51.0
61 106 52.0
61 104 53.0
61 102 54.0
61 100 55.0
61 95 56.0
61 93 57.0
61 91 58.0
61 89 59.0
61 87 60.0
61 85 61.0
61 34 62.0
61 25 63.0
61 14 64.0
61 26 65.0
61 123 66.0
61 119 67.0
61 120 68.0
61 130 69.0
62 131 36.0
62 6 37.0
62 9 38.0
62 121 39.0
62 3 40.0
62 13 41.0
62 27 42.0
62 33 43.0
62 86 44.0
62 88 45.0
62 90 46.0
62 92 47.0
62 94 48.0
62 96 49.0
62 97 50.0
62 101 51.0
62 103 52.0
62 105 53.0
62 107 54.0
62 109 55.0
62 111 56.0
62 113 57.0
62 114 58.0
62 115 59.0
62 134 60.0
65 135 47.0
65 118 48.0
65 117 49.0
65 116 50.0
65 112 51.0
65 110 52.0
65 108 53.0
65 106 54.0
65 104 55.0
65 102 56.0
65 100 57.0
65 95 58.0
65 93 59.0
65 91 60.0
65 89 61.0
65 87 62.0
65 85 63.0
65 34 64.0
65 25 65.0
65 14 66.0
65 26 67.0
65 123 68.0
65 119 69.0
65 120 70.0
65 130 71.0
67 135 37.0
67 118 38.0
67 117 39.0
67 116 40.0
67 112 41.0
67 110 42.0
67 108 43.0
67 106 44.0
67 104 45.0
67 102 46.0
67 100 47.0
67 95 48.0
67 93 49.0
67 91 50.0
67 89 51.0
67 87 52.0
67 85 53.0
67 34 54.0
67 25 55.0
67 14 56.0
67 26 57.0
67 123 58.0
67 119 59.0
67 120 60.0
67 130 61.0
68 131 31.0
68 6 32.0
68 9 33.0
68 121 34.0
68 7 35.0
68 8 36.0
68 12 37.0
68 28 38.0
68 32 39.0
68 65 40.0
68 67 41.0
68 69 42.0
68 71 43.0
68 73 44.0
68 75 45.0
68 77 46.0
68 79 47.0
68 81 48.0
68 83 49.0
68 132 50.0
78 135 49.0
78 118 50.0
78 117 51.0
78 116 52.0
78 112 53.0
78 110 54.0
78 108 55.0
78 106 56.0
78 104 57.0
78 102 58.0
78 100 59.0
78 95 60.0
78 93 61.0
78 91 62.0
78 89 63.0
78 87 64.0
78 85 65.0
78 34 66.0
78 25 67.0
78 14 68.0
78 26 69.0
78 123 70.0
78 119 71.0
78 120 72.0
78 130 73.0
83 131 49.0
83 6 50.0
83 9 51.0
83 121 52.0
83 7 53.0
83 8 54.0
83 12 55.0
83 28 56.0
83 32 57.0
83 65 58.0
83 67 59.0
83 69 60.0
83 71 61.0
83 73 62.0
83 75 63.0
83 77 64.0
83 79 65.0
83 81 66.0
83 83 67.0
83 132 68.0
87 131 46.0
87 6 47.0
87 9 48.0
87 121 49.0
87 3 50.0
87 13 51.0
87 27 52.0
87 33 53.0
87 86 54.0
87 88 55.0
87 90 56.0
87 92 57.0
87 94 58.0
87 96 59.0
87 97 60.0
87 101 61.0
87 103 62.0
87 105 63.0
87 107 64.0
87 109 65.0
87 111 66.0
87 113 67.0
87 114 68.0
87 115 69.0
87 134 70.0
88 135 9
88 118 10.0
88 117 11.0
88 116 12.0
88 112 13.0
88 110 14.0
88 108 15.0
88 106 16.0
88 104 17.0
88 102 18.0
88 100 19.0
88 95 20.0
88 93 21.0
88 91 22.0
88 89 23.0
88 87 24.0
88 85 25.0
88 34 26.0
88 25 27.0
88 14 28.0
88 26 29.0
88 123 30.0
88 119 31.0
88 120 32.0
88 130 33.0
;
set fixedFlights :=
3 1 19
16 1 19
2 21 0
4 21 0
7 21 0
9 21 0
10 21 0
11 21 0
55 21 0
3 19 21
3 21 4
6 5 2
17 5 2
3 6 9
8 6 9
12 6 9
16 6 9
22 6 9
27 6 9
31 6 9
62 6 9
68 6 9
83 6 9
87 6 9
8 7 8
12 7 8
22 7 8
27 7 8
68 7 8
83 7 8
13 29 10
14 29 10
15 29 10
19 29 10
21 29 10
26 29 10
30 29 10
38 29 10
51 29 10
13 11 29
14 11 29
15 11 29
19 11 29
21 11 29
26 11 29
30 11 29
38 11 29
51 11 29
13 30 11
14 30 11
15 30 11
19 30 11
21 30 11
26 30 11
30 30 11
38 30 11
51 30 11
8 8 12
12 8 12
22 8 12
27 8 12
68 8 12
83 8 12
8 12 28
12 12 28
22 12 28
27 12 28
68 12 28
83 12 28
6 15 5
17 15 5
6 24 15
17 24 15
3 4 16
3 16 23
16 19 17
16 17 20
2 22 18
4 22 18
7 22 18
9 22 18
10 22 18
11 22 18
55 22 18
2 18 21
4 18 21
7 18 21
9 18 21
10 18 21
11 18 21
55 18 21
0 14 26
1 14 26
33 14 26
35 14 26
37 14 26
39 14 26
56 14 26
61 14 26
65 14 26
67 14 26
78 14 26
88 14 26
31 3 13
62 3 13
87 3 13
3 131 6
8 131 6
12 131 6
16 131 6
22 131 6
27 131 6
31 131 6
62 131 6
68 131 6
83 131 6
87 131 6
8 83 132
12 83 132
22 83 132
27 83 132
68 83 132
83 83 132
13 133 84
14 133 84
15 133 84
19 133 84
21 133 84
26 133 84
30 133 84
38 133 84
51 133 84
31 13 27
62 13 27
87 13 27
31 27 33
62 27 33
87 27 33
31 33 86
62 33 86
87 33 86
31 86 88
62 86 88
87 86 88
31 88 90
62 88 90
87 88 90
31 90 92
62 90 92
87 90 92
31 92 94
62 92 94
87 92 94
31 94 96
62 94 96
87 94 96
31 96 97
62 96 97
87 96 97
31 97 101
62 97 101
87 97 101
31 101 103
62 101 103
87 101 103
31 103 105
62 103 105
87 103 105
31 105 107
62 105 107
87 105 107
31 107 109
62 107 109
87 107 109
31 109 111
62 109 111
87 109 111
31 111 113
62 111 113
87 111 113
31 113 114
62 113 114
87 113 114
31 114 115
62 114 115
87 114 115
0 118 117
1 118 117
33 118 117
35 118 117
37 118 117
39 118 117
56 118 117
61 118 117
65 118 117
67 118 117
78 118 117
88 118 117
0 117 116
1 117 116
33 117 116
35 117 116
37 117 116
39 117 116
56 117 116
61 117 116
65 117 116
67 117 116
78 117 116
88 117 116
0 116 112
1 116 112
33 116 112
35 116 112
37 116 112
39 116 112
56 116 112
61 116 112
65 116 112
67 116 112
78 116 112
88 116 112
0 112 110
1 112 110
33 112 110
35 112 110
37 112 110
39 112 110
56 112 110
61 112 110
65 112 110
67 112 110
78 112 110
88 112 110
0 110 108
1 110 108
33 110 108
35 110 108
37 110 108
39 110 108
56 110 108
61 110 108
65 110 108
67 110 108
78 110 108
88 110 108
0 108 106
1 108 106
33 108 106
35 108 106
37 108 106
39 108 106
56 108 106
61 108 106
65 108 106
67 108 106
78 108 106
88 108 106
0 106 104
1 106 104
33 106 104
35 106 104
37 106 104
39 106 104
56 106 104
61 106 104
65 106 104
67 106 104
78 106 104
88 106 104
0 104 102
1 104 102
33 104 102
35 104 102
37 104 102
39 104 102
56 104 102
61 104 102
65 104 102
67 104 102
78 104 102
88 104 102
0 102 100
1 102 100
33 102 100
35 102 100
37 102 100
39 102 100
56 102 100
61 102 100
65 102 100
67 102 100
78 102 100
88 102 100
0 100 95
1 100 95
33 100 95
35 100 95
37 100 95
39 100 95
56 100 95
61 100 95
65 100 95
67 100 95
78 100 95
88 100 95
0 95 93
1 95 93
33 95 93
35 95 93
37 95 93
39 95 93
56 95 93
61 95 93
65 95 93
67 95 93
78 95 93
88 95 93
0 93 91
1 93 91
33 93 91
35 93 91
37 93 91
39 93 91
56 93 91
61 93 91
65 93 91
67 93 91
78 93 91
88 93 91
0 91 89
1 91 89
33 91 89
35 91 89
37 91 89
39 91 89
56 91 89
61 91 89
65 91 89
67 91 89
78 91 89
88 91 89
0 89 87
1 89 87
33 89 87
35 89 87
37 89 87
39 89 87
56 89 87
61 89 87
65 89 87
67 89 87
78 89 87
88 89 87
0 87 85
1 87 85
33 87 85
35 87 85
37 87 85
39 87 85
56 87 85
61 87 85
65 87 85
67 87 85
78 87 85
88 87 85
0 85 34
1 85 34
33 85 34
35 85 34
37 85 34
39 85 34
56 85 34
61 85 34
65 85 34
67 85 34
78 85 34
88 85 34
0 34 25
1 34 25
33 34 25
35 34 25
37 34 25
39 34 25
56 34 25
61 34 25
65 34 25
67 34 25
78 34 25
88 34 25
0 25 14
1 25 14
33 25 14
35 25 14
37 25 14
39 25 14
56 25 14
61 25 14
65 25 14
67 25 14
78 25 14
88 25 14
3 23 36
3 36 49
3 49 51
3 51 53
3 53 56
3 56 57
3 57 59
3 59 62
3 62 64
6 63 61
17 63 61
6 61 60
17 61 60
6 60 58
17 60 58
6 58 55
17 58 55
6 55 54
17 55 54
6 54 52
17 54 52
6 52 50
17 52 50
6 50 35
17 50 35
6 35 24
17 35 24
16 20 38
16 38 39
16 39 40
16 40 41
16 41 46
16 46 48
16 48 99
2 98 47
4 98 47
7 98 47
9 98 47
10 98 47
11 98 47
55 98 47
2 47 45
4 47 45
7 47 45
9 47 45
10 47 45
11 47 45
55 47 45
2 45 44
4 45 44
7 45 44
9 45 44
10 45 44
11 45 44
55 45 44
2 44 43
4 44 43
7 44 43
9 44 43
10 44 43
11 44 43
55 44 43
2 43 42
4 43 42
7 43 42
9 43 42
10 43 42
11 43 42
55 43 42
2 42 37
4 42 37
7 42 37
9 42 37
10 42 37
11 42 37
55 42 37
2 37 22
4 37 22
7 37 22
9 37 22
10 37 22
11 37 22
55 37 22
3 9 119
13 9 119
14 9 119
15 9 119
16 9 119
19 9 119
21 9 119
26 9 119
30 9 119
38 9 119
51 9 119
3 119 1
16 119 1
0 119 120
1 119 120
2 119 120
4 119 120
6 119 120
7 119 120
9 119 120
10 119 120
11 119 120
13 119 120
14 119 120
15 119 120
17 119 120
19 119 120
21 119 120
26 119 120
30 119 120
33 119 120
35 119 120
37 119 120
38 119 120
39 119 120
51 119 120
55 119 120
56 119 120
61 119 120
65 119 120
67 119 120
78 119 120
88 119 120
0 120 130
1 120 130
2 120 130
4 120 130
6 120 130
7 120 130
9 120 130
10 120 130
11 120 130
13 120 130
14 120 130
15 120 130
17 120 130
19 120 130
21 120 130
26 120 130
30 120 130
33 120 130
35 120 130
37 120 130
38 120 130
39 120 130
51 120 130
55 120 130
56 120 130
61 120 130
65 120 130
67 120 130
78 120 130
88 120 130
8 9 121
12 9 121
22 9 121
27 9 121
31 9 121
62 9 121
68 9 121
83 9 121
87 9 121
31 121 3
62 121 3
87 121 3
8 121 7
12 121 7
22 121 7
27 121 7
68 121 7
83 121 7
13 10 122
14 10 122
15 10 122
19 10 122
21 10 122
26 10 122
30 10 122
38 10 122
51 10 122
13 122 9
14 122 9
15 122 9
19 122 9
21 122 9
26 122 9
30 122 9
38 122 9
51 122 9
8 28 32
12 28 32
22 28 32
27 28 32
68 28 32
83 28 32
8 32 65
12 32 65
22 32 65
27 32 65
68 32 65
83 32 65
8 65 67
12 65 67
22 65 67
27 65 67
68 65 67
83 65 67
8 67 69
12 67 69
22 67 69
27 67 69
68 67 69
83 67 69
8 69 71
12 69 71
22 69 71
27 69 71
68 69 71
83 69 71
8 71 73
12 71 73
22 71 73
27 71 73
68 71 73
83 71 73
8 73 75
12 73 75
22 73 75
27 73 75
68 73 75
83 73 75
8 75 77
12 75 77
22 75 77
27 75 77
68 75 77
83 75 77
8 77 79
12 77 79
22 77 79
27 77 79
68 77 79
83 77 79
8 79 81
12 79 81
22 79 81
27 79 81
68 79 81
83 79 81
8 81 83
12 81 83
22 81 83
27 81 83
68 81 83
83 81 83
13 84 82
14 84 82
15 84 82
19 84 82
21 84 82
26 84 82
30 84 82
38 84 82
51 84 82
13 82 80
14 82 80
15 82 80
19 82 80
21 82 80
26 82 80
30 82 80
38 82 80
51 82 80
13 80 78
14 80 78
15 80 78
19 80 78
21 80 78
26 80 78
30 80 78
38 80 78
51 80 78
13 78 76
14 78 76
15 78 76
19 78 76
21 78 76
26 78 76
30 78 76
38 78 76
51 78 76
13 76 74
14 76 74
15 76 74
19 76 74
21 76 74
26 76 74
30 76 74
38 76 74
51 76 74
13 74 72
14 74 72
15 74 72
19 74 72
21 74 72
26 74 72
30 74 72
38 74 72
51 74 72
13 72 70
14 72 70
15 72 70
19 72 70
21 72 70
26 72 70
30 72 70
38 72 70
51 72 70
13 70 68
14 70 68
15 70 68
19 70 68
21 70 68
26 70 68
30 70 68
38 70 68
51 70 68
13 68 66
14 68 66
15 68 66
19 68 66
21 68 66
26 68 66
30 68 66
38 68 66
51 68 66
13 66 31
14 66 31
15 66 31
19 66 31
21 66 31
26 66 31
30 66 31
38 66 31
51 66 31
13 31 30
14 31 30
15 31 30
19 31 30
21 31 30
26 31 30
30 31 30
38 31 30
51 31 30
0 123 119
1 123 119
2 123 119
4 123 119
6 123 119
7 123 119
9 123 119
10 123 119
11 123 119
17 123 119
33 123 119
35 123 119
37 123 119
39 123 119
55 123 119
56 123 119
61 123 119
65 123 119
67 123 119
78 123 119
88 123 119
2 0 123
4 0 123
7 0 123
9 0 123
10 0 123
11 0 123
55 0 123
6 2 123
17 2 123
0 26 123
1 26 123
33 26 123
35 26 123
37 26 123
39 26 123
56 26 123
61 26 123
65 26 123
67 26 123
78 26 123
88 26 123
31 115 134
62 115 134
87 115 134
0 135 118
1 135 118
33 135 118
35 135 118
37 135 118
39 135 118
56 135 118
61 135 118
65 135 118
67 135 118
78 135 118
88 135 118
6 137 126
17 137 126
6 126 124
17 126 124
6 124 63
17 124 63
3 64 125
3 125 127
3 127 136
2 139 128
4 139 128
7 139 128
9 139 128
10 139 128
11 139 128
55 139 128
2 128 98
4 128 98
7 128 98
9 128 98
10 128 98
11 128 98
55 128 98
16 99 129
16 129 138
;
;
set inFlight:=
1
2
3
6
7
8
9
16
19
;
param tini := 7.923836593825093;
