param nn:= 148;
set F:=
0
1
2
3
4
5
6
7
8
9
10
11
12
13
14
15
16
17
18
19
20
21
22
23
24
25
26
27
28
29
30
31
32
33
34
35
36
37
38
39
40
41
42
43
44
45
46
47
48
49
50
51
52
53
54
55
56
57
58
59
60
61
62
63
64
65
66
67
68
69
71
72
73
74
75
76
77
78
79
82
83
84
85
86
87
89
90
92
94
96
97
99
100
;
set AP:=
100
;
param: E: d:=
0 1 2.500000
2 10 1.500000
11 3 1.500000
4 8 1.500000
9 5 1.500000
12 13 2.500000
0 13 2.500000
12 1 2.500000
14 15 2.500000
16 17 2.500000
14 17 2.500000
16 15 2.500000
18 19 2.500000
20 21 2.500000
18 21 2.500000
20 19 2.500000
22 23 2.500000
24 25 2.500000
22 25 2.500000
24 23 2.500000
13 34 2.500000
34 35 2.500000
35 32 2.500000
32 30 2.500000
30 28 2.500000
28 26 2.500000
29 27 2.500000
27 33 2.500000
33 31 2.500000
31 36 2.500000
36 37 2.500000
37 12 2.500000
17 46 2.500000
46 47 2.500000
47 44 2.500000
44 42 2.500000
42 40 2.500000
40 38 2.500000
41 39 2.500000
39 45 2.500000
45 43 2.500000
43 48 2.500000
48 49 2.500000
49 16 2.500000
19 50 2.500000
50 51 2.500000
51 52 2.500000
52 53 2.500000
53 54 2.500000
54 55 2.500000
55 22 2.500000
25 56 2.500000
56 57 2.500000
57 58 2.500000
58 59 2.500000
59 60 2.500000
60 61 2.500000
61 20 2.500000
3 62 2.500000
62 63 2.500000
63 64 2.500000
64 65 2.500000
65 66 2.500000
66 67 2.500000
67 0 2.500000
1 68 2.500000
68 69 2.500000
69 70 2.500000
70 71 2.500000
71 72 2.500000
72 73 2.500000
73 14 2.500000
17 74 2.500000
74 75 2.500000
75 76 2.500000
76 77 2.500000
77 78 2.500000
78 79 2.500000
79 12 2.500000
13 80 2.500000
80 81 2.500000
81 82 2.500000
82 83 2.500000
83 84 2.500000
84 85 2.500000
85 2 2.500000
26 94 2.500000
94 95 2.500000
95 18 2.500000
19 96 2.500000
96 97 2.500000
97 29 2.500000
38 98 2.500000
98 99 2.500000
99 22 2.500000
23 100 2.500000
100 101 2.500000
101 41 2.500000
92 102 2.500000
102 103 2.500000
103 104 2.500000
104 105 2.500000
105 106 2.500000
106 107 2.500000
107 18 2.500000
21 108 2.500000
108 109 2.500000
109 110 2.500000
110 111 2.500000
111 112 2.500000
112 113 2.500000
113 93 2.500000
21 89 2.500000
88 20 2.500000
25 91 2.500000
90 24 2.500000
5 114 2.500000
114 115 2.500000
115 116 2.500000
116 117 2.500000
117 118 2.500000
118 119 2.500000
119 0 2.500000
1 120 2.500000
120 121 2.500000
121 122 2.500000
122 123 2.500000
123 124 2.500000
124 125 2.500000
125 4 2.500000
7 126 1.500000
126 127 2.500000
127 128 2.500000
128 129 2.500000
129 130 2.500000
130 131 2.500000
131 14 2.500000
15 132 2.500000
132 133 2.500000
133 134 2.500000
134 135 2.500000
135 136 2.500000
136 137 2.500000
137 6 1.500000
87 6 1.500000
7 86 1.500000
144 88 1.500000
143 90 1.500000
145 92 1.500000
93 140 1.500000
89 139 1.500000
91 138 1.500000
48 142 1.500000
47 142 1.500000
36 141 1.500000
35 141 1.500000
146 37 1.500000
146 34 1.500000
147 46 1.500000
147 49 1.500000
;
param s:=
0 144
1 7
2 11
3 143
4 9
5 146
6 9
7 11
8 9
9 146
10 145
11 9
12 147
13 146
14 146
15 147
16 145
17 147
18 144
19 143
20 146
21 11
22 145
23 9
24 146
25 7
26 143
27 146
28 143
29 9
30 147
31 144
32 146
33 144
34 146
35 11
36 143
37 9
38 11
39 9
40 7
41 145
42 143
43 9
44 146
45 143
46 9
47 143
48 9
49 147
50 7
51 9
52 145
53 144
54 145
55 11
56 145
57 9
58 11
59 145
60 143
61 145
62 146
63 145
64 146
65 7
66 147
67 7
68 144
69 147
71 9
72 11
73 147
74 7
75 145
76 144
77 146
78 144
79 147
82 11
83 9
84 147
85 9
86 143
87 144
89 145
90 146
92 143
94 7
96 143
97 144
99 144
100 144
;
param e:=
0 138
1 10
2 6
3 141
4 142
5 6
6 6
7 8
8 10
9 142
10 141
11 10
12 10
13 138
14 140
15 141
16 142
17 138
18 140
19 142
20 139
21 141
22 138
23 142
24 10
25 8
26 141
27 6
28 142
29 139
30 141
31 141
32 138
33 138
34 142
35 8
36 140
37 142
38 142
39 142
40 142
41 138
42 139
43 6
44 142
45 6
46 10
47 142
48 139
49 8
50 141
51 6
52 139
53 142
54 139
55 141
56 139
57 141
58 142
59 138
60 142
61 142
62 10
63 139
64 142
65 142
66 6
67 8
68 10
69 139
71 10
72 8
73 8
74 8
75 138
76 141
77 139
78 140
79 138
82 141
83 142
84 6
85 6
86 141
87 138
89 142
90 138
92 142
94 8
96 6
97 138
99 140
100 10
;
param v_min:=2.375
;
param v_max:=2.625
;
param :conflictsNodes: angle:=
0 1 13 1.000000
0 13 1 1.000000
0 1 67 1.000000
0 67 1 1.000000
0 1 119 1.000000
0 119 1 1.000000
0 13 67 1.000000
0 67 13 1.000000
0 13 119 1.000000
0 119 13 1.000000
0 67 119 1.000000
0 119 67 1.000000
1 0 68 1.000000
1 68 0 1.000000
1 0 120 1.000000
1 120 0 1.000000
1 0 12 1.000000
1 12 0 1.000000
1 68 120 1.000000
1 120 68 1.000000
1 12 68 1.000000
1 68 12 1.000000
1 12 120 1.000000
1 120 12 1.000000
12 13 37 1.000000
12 37 13 1.000000
12 13 79 1.000000
12 79 13 1.000000
12 1 13 1.000000
12 13 1 1.000000
12 1 37 1.000000
12 37 1 1.000000
12 1 79 1.000000
12 79 1 1.000000
12 37 79 1.000000
12 79 37 1.000000
13 0 12 1.000000
13 12 0 1.000000
13 0 34 1.000000
13 34 0 1.000000
13 0 80 1.000000
13 80 0 1.000000
13 12 34 1.000000
13 34 12 1.000000
13 12 80 1.000000
13 80 12 1.000000
13 34 80 1.000000
13 80 34 1.000000
14 15 17 1.000000
14 17 15 1.000000
14 15 73 1.000000
14 73 15 1.000000
14 15 131 1.000000
14 131 15 1.000000
14 17 73 1.000000
14 73 17 1.000000
14 17 131 1.000000
14 131 17 1.000000
14 73 131 1.000000
14 131 73 1.000000
15 14 132 1.000000
15 132 14 1.000000
15 14 16 1.000000
15 16 14 1.000000
15 16 132 1.000000
15 132 16 1.000000
16 17 49 1.000000
16 49 17 1.000000
16 15 17 1.000000
16 17 15 1.000000
16 15 49 1.000000
16 49 15 1.000000
17 14 16 1.000000
17 16 14 1.000000
17 14 46 1.000000
17 46 14 1.000000
17 14 74 1.000000
17 74 14 1.000000
17 16 46 1.000000
17 46 16 1.000000
17 16 74 1.000000
17 74 16 1.000000
17 46 74 1.000000
17 74 46 1.000000
18 19 21 1.000000
18 21 19 1.000000
18 19 95 1.000000
18 95 19 1.000000
18 19 107 1.000000
18 107 19 1.000000
18 21 95 1.000000
18 95 21 1.000000
18 21 107 1.000000
18 107 21 1.000000
18 95 107 1.000000
18 107 95 1.000000
19 18 50 1.000000
19 50 18 1.000000
19 18 96 1.000000
19 96 18 1.000000
19 18 20 1.000000
19 20 18 1.000000
19 50 96 1.000000
19 96 50 1.000000
19 20 50 1.000000
19 50 20 1.000000
19 20 96 1.000000
19 96 20 1.000000
20 21 61 1.000000
20 61 21 1.000000
20 21 88 1.000000
20 88 21 1.000000
20 19 21 1.000000
20 21 19 1.000000
20 19 61 1.000000
20 61 19 1.000000
20 19 88 1.000000
20 88 19 1.000000
20 61 88 1.000000
20 88 61 1.000000
21 18 20 1.000000
21 20 18 1.000000
21 18 108 1.000000
21 108 18 1.000000
21 18 89 1.000000
21 89 18 1.000000
21 20 108 1.000000
21 108 20 1.000000
21 20 89 1.000000
21 89 20 1.000000
21 89 108 1.000000
21 108 89 1.000000
22 23 25 1.000000
22 25 23 1.000000
22 23 55 1.000000
22 55 23 1.000000
22 23 99 1.000000
22 99 23 1.000000
22 25 55 1.000000
22 55 25 1.000000
22 25 99 1.000000
22 99 25 1.000000
22 55 99 1.000000
22 99 55 1.000000
23 22 100 1.000000
23 100 22 1.000000
23 22 24 1.000000
23 24 22 1.000000
23 24 100 1.000000
23 100 24 1.000000
24 25 90 1.000000
24 90 25 1.000000
24 23 25 1.000000
24 25 23 1.000000
24 23 90 1.000000
24 90 23 1.000000
25 22 24 1.000000
25 24 22 1.000000
25 22 56 1.000000
25 56 22 1.000000
25 22 91 1.000000
25 91 22 1.000000
25 24 56 1.000000
25 56 24 1.000000
25 24 91 1.000000
25 91 24 1.000000
25 56 91 1.000000
25 91 56 1.000000
26 28 94 1.000000
26 94 28 1.000000
27 29 33 1.000000
27 33 29 1.000000
28 26 30 1.000000
28 30 26 1.000000
29 27 97 1.000000
29 97 27 1.000000
30 28 32 1.000000
30 32 28 1.000000
31 33 36 1.000000
31 36 33 1.000000
32 30 35 1.000000
32 35 30 1.000000
33 27 31 1.000000
33 31 27 1.000000
34 13 35 1.000000
34 35 13 1.000000
35 32 34 1.000000
35 34 32 1.000000
36 31 37 1.000000
36 37 31 1.000000
37 12 36 1.000000
37 36 12 1.000000
38 40 98 1.000000
38 98 40 1.000000
39 41 45 1.000000
39 45 41 1.000000
40 38 42 1.000000
40 42 38 1.000000
41 39 101 1.000000
41 101 39 1.000000
42 40 44 1.000000
42 44 40 1.000000
43 45 48 1.000000
43 48 45 1.000000
44 42 47 1.000000
44 47 42 1.000000
45 39 43 1.000000
45 43 39 1.000000
46 17 47 1.000000
46 47 17 1.000000
47 44 46 1.000000
47 46 44 1.000000
48 43 49 1.000000
48 49 43 1.000000
49 16 48 1.000000
49 48 16 1.000000
50 19 51 1.000000
50 51 19 1.000000
51 50 52 1.000000
51 52 50 1.000000
52 51 53 1.000000
52 53 51 1.000000
53 52 54 1.000000
53 54 52 1.000000
54 53 55 1.000000
54 55 53 1.000000
55 22 54 1.000000
55 54 22 1.000000
56 25 57 1.000000
56 57 25 1.000000
57 56 58 1.000000
57 58 56 1.000000
58 57 59 1.000000
58 59 57 1.000000
59 58 60 1.000000
59 60 58 1.000000
60 59 61 1.000000
60 61 59 1.000000
61 20 60 1.000000
61 60 20 1.000000
62 3 63 1.000000
62 63 3 1.000000
63 62 64 1.000000
63 64 62 1.000000
64 63 65 1.000000
64 65 63 1.000000
65 64 66 1.000000
65 66 64 1.000000
66 65 67 1.000000
66 67 65 1.000000
67 0 66 1.000000
67 66 0 1.000000
68 1 69 1.000000
68 69 1 1.000000
69 68 70 1.000000
69 70 68 1.000000
70 69 71 1.000000
70 71 69 1.000000
71 70 72 1.000000
71 72 70 1.000000
72 71 73 1.000000
72 73 71 1.000000
73 14 72 1.000000
73 72 14 1.000000
74 17 75 1.000000
74 75 17 1.000000
75 74 76 1.000000
75 76 74 1.000000
76 75 77 1.000000
76 77 75 1.000000
77 76 78 1.000000
77 78 76 1.000000
78 77 79 1.000000
78 79 77 1.000000
79 12 78 1.000000
79 78 12 1.000000
80 13 81 1.000000
80 81 13 1.000000
81 80 82 1.000000
81 82 80 1.000000
82 81 83 1.000000
82 83 81 1.000000
83 82 84 1.000000
83 84 82 1.000000
84 83 85 1.000000
84 85 83 1.000000
85 2 84 1.000000
85 84 2 1.000000
94 26 95 1.000000
94 95 26 1.000000
95 18 94 1.000000
95 94 18 1.000000
96 19 97 1.000000
96 97 19 1.000000
97 29 96 1.000000
97 96 29 1.000000
98 38 99 1.000000
98 99 38 1.000000
99 22 98 1.000000
99 98 22 1.000000
100 23 101 1.000000
100 101 23 1.000000
101 41 100 1.000000
101 100 41 1.000000
102 92 103 1.000000
102 103 92 1.000000
103 102 104 1.000000
103 104 102 1.000000
104 103 105 1.000000
104 105 103 1.000000
105 104 106 1.000000
105 106 104 1.000000
106 105 107 1.000000
106 107 105 1.000000
107 18 106 1.000000
107 106 18 1.000000
108 21 109 1.000000
108 109 21 1.000000
109 108 110 1.000000
109 110 108 1.000000
110 109 111 1.000000
110 111 109 1.000000
111 110 112 1.000000
111 112 110 1.000000
112 111 113 1.000000
112 113 111 1.000000
113 93 112 1.000000
113 112 93 1.000000
114 5 115 1.000000
114 115 5 1.000000
115 114 116 1.000000
115 116 114 1.000000
116 115 117 1.000000
116 117 115 1.000000
117 116 118 1.000000
117 118 116 1.000000
118 117 119 1.000000
118 119 117 1.000000
119 0 118 1.000000
119 118 0 1.000000
120 1 121 1.000000
120 121 1 1.000000
121 120 122 1.000000
121 122 120 1.000000
122 121 123 1.000000
122 123 121 1.000000
123 122 124 1.000000
123 124 122 1.000000
124 123 125 1.000000
124 125 123 1.000000
125 4 124 1.000000
125 124 4 1.000000
127 126 128 1.000000
127 128 126 1.000000
128 127 129 1.000000
128 129 127 1.000000
129 128 130 1.000000
129 130 128 1.000000
130 129 131 1.000000
130 131 129 1.000000
131 14 130 1.000000
131 130 14 1.000000
132 15 133 1.000000
132 133 15 1.000000
133 132 134 1.000000
133 134 132 1.000000
134 133 135 1.000000
134 135 133 1.000000
135 134 136 1.000000
135 136 134 1.000000
136 135 137 1.000000
136 137 135 1.000000
;
param D:=0.5;
param t_hat_ear:=
0 144 0.0
0 88 1.0
0 20 2.0
0 19 3.0
0 50 4.0
0 51 5.0
0 52 6.0
0 53 7.0
0 54 8.0
0 55 9.0
0 22 10.0
0 25 11.0
0 91 12.0
0 138 13.0
1 7 5.0
1 126 6.0
1 127 7.0
1 128 8.0
1 129 9.0
1 130 10.0
1 131 11.0
1 14 12.0
1 17 13.0
1 74 14.0
1 75 15.0
1 76 16.0
1 77 17.0
1 78 18.0
1 79 19.0
1 12 20.0
1 13 21.0
1 80 22.0
1 81 23.0
1 82 24.0
1 83 25.0
1 84 26.0
1 85 27.0
1 2 28.0
1 10 29.0
2 11 10.0
2 3 11.0
2 62 12.0
2 63 13.0
2 64 14.0
2 65 15.0
2 66 16.0
2 67 17.0
2 0 18.0
2 1 19.0
2 68 20.0
2 69 21.0
2 70 22.0
2 71 23.0
2 72 24.0
2 73 25.0
2 14 26.0
2 15 27.0
2 132 28.0
2 133 29.0
2 134 30.0
2 135 31.0
2 136 32.0
2 137 33.0
2 6 34.0
3 143 1.0
3 90 2.0
3 24 3.0
3 25 4.0
3 56 5.0
3 57 6.0
3 58 7.0
3 59 8.0
3 60 9.0
3 61 10.0
3 20 11.0
3 19 12.0
3 96 13.0
3 97 14.0
3 29 15.0
3 27 16.0
3 33 17.0
3 31 18.0
3 36 19.0
3 141 20.0
4 9 2.0
4 5 3.0
4 114 4.0
4 115 5.0
4 116 6.0
4 117 7.0
4 118 8.0
4 119 9.0
4 0 10.0
4 1 11.0
4 68 12.0
4 69 13.0
4 70 14.0
4 71 15.0
4 72 16.0
4 73 17.0
4 14 18.0
4 17 19.0
4 46 20.0
4 47 21.0
4 142 22.0
5 146 4.0
5 37 5.0
5 12 6.0
5 1 7.0
5 68 8.0
5 69 9.0
5 70 10.0
5 71 11.0
5 72 12.0
5 73 13.0
5 14 14.0
5 15 15.0
5 132 16.0
5 133 17.0
5 134 18.0
5 135 19.0
5 136 20.0
5 137 21.0
5 6 22.0
6 9 0.0
6 5 1.0
6 114 2.0
6 115 3.0
6 116 4.0
6 117 5.0
6 118 6.0
6 119 7.0
6 0 8.0
6 1 9.0
6 68 10.0
6 69 11.0
6 70 12.0
6 71 13.0
6 72 14.0
6 73 15.0
6 14 16.0
6 15 17.0
6 132 18.0
6 133 19.0
6 134 20.0
6 135 21.0
6 136 22.0
6 137 23.0
6 6 24.0
7 11 6.0
7 3 7.0
7 62 8.0
7 63 9.0
7 64 10.0
7 65 11.0
7 66 12.0
7 67 13.0
7 0 14.0
7 1 15.0
7 120 16.0
7 121 17.0
7 122 18.0
7 123 19.0
7 124 20.0
7 125 21.0
7 4 22.0
7 8 23.0
8 9 4.0
8 5 5.0
8 114 6.0
8 115 7.0
8 116 8.0
8 117 9.0
8 118 10.0
8 119 11.0
8 0 12.0
8 13 13.0
8 80 14.0
8 81 15.0
8 82 16.0
8 83 17.0
8 84 18.0
8 85 19.0
8 2 20.0
8 10 21.0
9 146 0.0
9 37 1.0
9 12 2.0
9 1 3.0
9 68 4.0
9 69 5.0
9 70 6.0
9 71 7.0
9 72 8.0
9 73 9.0
9 14 10.0
9 17 11.0
9 46 12.0
9 47 13.0
9 142 14.0
10 145 6.0
10 92 7.0
10 102 8.0
10 103 9.0
10 104 10.0
10 105 11.0
10 106 12.0
10 107 13.0
10 18 14.0
10 19 15.0
10 96 16.0
10 97 17.0
10 29 18.0
10 27 19.0
10 33 20.0
10 31 21.0
10 36 22.0
10 141 23.0
11 9 8.0
11 5 9.0
11 114 10.0
11 115 11.0
11 116 12.0
11 117 13.0
11 118 14.0
11 119 15.0
11 0 16.0
11 13 17.0
11 80 18.0
11 81 19.0
11 82 20.0
11 83 21.0
11 84 22.0
11 85 23.0
11 2 24.0
11 10 25.0
12 147 0.0
12 49 1.0
12 16 2.0
12 17 3.0
12 74 4.0
12 75 5.0
12 76 6.0
12 77 7.0
12 78 8.0
12 79 9.0
12 12 10.0
12 13 11.0
12 80 12.0
12 81 13.0
12 82 14.0
12 83 15.0
12 84 16.0
12 85 17.0
12 2 18.0
12 10 19.0
13 146 7.0
13 34 8.0
13 35 9.0
13 32 10.0
13 30 11.0
13 28 12.0
13 26 13.0
13 94 14.0
13 95 15.0
13 18 16.0
13 19 17.0
13 50 18.0
13 51 19.0
13 52 20.0
13 53 21.0
13 54 22.0
13 55 23.0
13 22 24.0
13 25 25.0
13 91 26.0
13 138 27.0
14 146 2.0
14 34 3.0
14 35 4.0
14 32 5.0
14 30 6.0
14 28 7.0
14 26 8.0
14 94 9.0
14 95 10.0
14 18 11.0
14 21 12.0
14 108 13.0
14 109 14.0
14 110 15.0
14 111 16.0
14 112 17.0
14 113 18.0
14 93 19.0
14 140 20.0
15 147 4.0
15 49 5.0
15 16 6.0
15 17 7.0
15 74 8.0
15 75 9.0
15 76 10.0
15 77 11.0
15 78 12.0
15 79 13.0
15 12 14.0
15 13 15.0
15 34 16.0
15 35 17.0
15 141 18.0
16 145 1.0
16 92 2.0
16 102 3.0
16 103 4.0
16 104 5.0
16 105 6.0
16 106 7.0
16 107 8.0
16 18 9.0
16 19 10.0
16 50 11.0
16 51 12.0
16 52 13.0
16 53 14.0
16 54 15.0
16 55 16.0
16 22 17.0
16 23 18.0
16 100 19.0
16 101 20.0
16 41 21.0
16 39 22.0
16 45 23.0
16 43 24.0
16 48 25.0
16 142 26.0
17 147 6.0
17 46 7.0
17 47 8.0
17 44 9.0
17 42 10.0
17 40 11.0
17 38 12.0
17 98 13.0
17 99 14.0
17 22 15.0
17 25 16.0
17 91 17.0
17 138 18.0
18 144 2.0
18 88 3.0
18 20 4.0
18 21 5.0
18 108 6.0
18 109 7.0
18 110 8.0
18 111 9.0
18 112 10.0
18 113 11.0
18 93 12.0
18 140 13.0
19 143 8.0
19 90 9.0
19 24 10.0
19 23 11.0
19 100 12.0
19 101 13.0
19 41 14.0
19 39 15.0
19 45 16.0
19 43 17.0
19 48 18.0
19 142 19.0
20 146 12.0
20 34 13.0
20 35 14.0
20 32 15.0
20 30 16.0
20 28 17.0
20 26 18.0
20 94 19.0
20 95 20.0
20 18 21.0
20 21 22.0
20 89 23.0
20 139 24.0
21 11 26.0
21 3 27.0
21 62 28.0
21 63 29.0
21 64 30.0
21 65 31.0
21 66 32.0
21 67 33.0
21 0 34.0
21 13 35.0
21 34 36.0
21 35 37.0
21 141 38.0
22 145 15.0
22 92 16.0
22 102 17.0
22 103 18.0
22 104 19.0
22 105 20.0
22 106 21.0
22 107 22.0
22 18 23.0
22 19 24.0
22 50 25.0
22 51 26.0
22 52 27.0
22 53 28.0
22 54 29.0
22 55 30.0
22 22 31.0
22 25 32.0
22 91 33.0
22 138 34.0
23 9 16.0
23 5 17.0
23 114 18.0
23 115 19.0
23 116 20.0
23 117 21.0
23 118 22.0
23 119 23.0
23 0 24.0
23 1 25.0
23 68 26.0
23 69 27.0
23 70 28.0
23 71 29.0
23 72 30.0
23 73 31.0
23 14 32.0
23 17 33.0
23 46 34.0
23 47 35.0
23 142 36.0
24 146 16.0
24 37 17.0
24 12 18.0
24 13 19.0
24 80 20.0
24 81 21.0
24 82 22.0
24 83 23.0
24 84 24.0
24 85 25.0
24 2 26.0
24 10 27.0
25 7 15.0
25 126 16.0
25 127 17.0
25 128 18.0
25 129 19.0
25 130 20.0
25 131 21.0
25 14 22.0
25 17 23.0
25 74 24.0
25 75 25.0
25 76 26.0
25 77 27.0
25 78 28.0
25 79 29.0
25 12 30.0
25 1 31.0
25 120 32.0
25 121 33.0
25 122 34.0
25 123 35.0
25 124 36.0
25 125 37.0
25 4 38.0
25 8 39.0
26 143 15.0
26 90 16.0
26 24 17.0
26 25 18.0
26 56 19.0
26 57 20.0
26 58 21.0
26 59 22.0
26 60 23.0
26 61 24.0
26 20 25.0
26 19 26.0
26 96 27.0
26 97 28.0
26 29 29.0
26 27 30.0
26 33 31.0
26 31 32.0
26 36 33.0
26 141 34.0
27 146 10.0
27 37 11.0
27 12 12.0
27 1 13.0
27 68 14.0
27 69 15.0
27 70 16.0
27 71 17.0
27 72 18.0
27 73 19.0
27 14 20.0
27 15 21.0
27 132 22.0
27 133 23.0
27 134 24.0
27 135 25.0
27 136 26.0
27 137 27.0
27 6 28.0
28 143 13.0
28 90 14.0
28 24 15.0
28 23 16.0
28 100 17.0
28 101 18.0
28 41 19.0
28 39 20.0
28 45 21.0
28 43 22.0
28 48 23.0
28 142 24.0
29 9 14.0
29 5 15.0
29 114 16.0
29 115 17.0
29 116 18.0
29 117 19.0
29 118 20.0
29 119 21.0
29 0 22.0
29 13 23.0
29 34 24.0
29 35 25.0
29 32 26.0
29 30 27.0
29 28 28.0
29 26 29.0
29 94 30.0
29 95 31.0
29 18 32.0
29 21 33.0
29 89 34.0
29 139 35.0
30 147 18.0
30 49 19.0
30 16 20.0
30 17 21.0
30 74 22.0
30 75 23.0
30 76 24.0
30 77 25.0
30 78 26.0
30 79 27.0
30 12 28.0
30 13 29.0
30 34 30.0
30 35 31.0
30 141 32.0
31 144 18.0
31 88 19.0
31 20 20.0
31 19 21.0
31 96 22.0
31 97 23.0
31 29 24.0
31 27 25.0
31 33 26.0
31 31 27.0
31 36 28.0
31 141 29.0
32 146 18.0
32 34 19.0
32 35 20.0
32 32 21.0
32 30 22.0
32 28 23.0
32 26 24.0
32 94 25.0
32 95 26.0
32 18 27.0
32 19 28.0
32 50 29.0
32 51 30.0
32 52 31.0
32 53 32.0
32 54 33.0
32 55 34.0
32 22 35.0
32 25 36.0
32 91 37.0
32 138 38.0
33 144 16.0
33 88 17.0
33 20 18.0
33 19 19.0
33 50 20.0
33 51 21.0
33 52 22.0
33 53 23.0
33 54 24.0
33 55 25.0
33 22 26.0
33 25 27.0
33 91 28.0
33 138 29.0
34 146 14.0
34 37 15.0
34 12 16.0
34 1 17.0
34 68 18.0
34 69 19.0
34 70 20.0
34 71 21.0
34 72 22.0
34 73 23.0
34 14 24.0
34 17 25.0
34 46 26.0
34 47 27.0
34 142 28.0
35 11 12.0
35 3 13.0
35 62 14.0
35 63 15.0
35 64 16.0
35 65 17.0
35 66 18.0
35 67 19.0
35 0 20.0
35 1 21.0
35 120 22.0
35 121 23.0
35 122 24.0
35 123 25.0
35 124 26.0
35 125 27.0
35 4 28.0
35 8 29.0
36 143 17.0
36 90 18.0
36 24 19.0
36 25 20.0
36 56 21.0
36 57 22.0
36 58 23.0
36 59 24.0
36 60 25.0
36 61 26.0
36 20 27.0
36 21 28.0
36 108 29.0
36 109 30.0
36 110 31.0
36 111 32.0
36 112 33.0
36 113 34.0
36 93 35.0
36 140 36.0
37 9 20.0
37 5 21.0
37 114 22.0
37 115 23.0
37 116 24.0
37 117 25.0
37 118 26.0
37 119 27.0
37 0 28.0
37 1 29.0
37 68 30.0
37 69 31.0
37 70 32.0
37 71 33.0
37 72 34.0
37 73 35.0
37 14 36.0
37 17 37.0
37 46 38.0
37 47 39.0
37 142 40.0
38 11 28.0
38 3 29.0
38 62 30.0
38 63 31.0
38 64 32.0
38 65 33.0
38 66 34.0
38 67 35.0
38 0 36.0
38 1 37.0
38 68 38.0
38 69 39.0
38 70 40.0
38 71 41.0
38 72 42.0
38 73 43.0
38 14 44.0
38 17 45.0
38 46 46.0
38 47 47.0
38 142 48.0
39 9 18.0
39 5 19.0
39 114 20.0
39 115 21.0
39 116 22.0
39 117 23.0
39 118 24.0
39 119 25.0
39 0 26.0
39 1 27.0
39 68 28.0
39 69 29.0
39 70 30.0
39 71 31.0
39 72 32.0
39 73 33.0
39 14 34.0
39 17 35.0
39 46 36.0
39 47 37.0
39 142 38.0
40 7 21.0
40 126 22.0
40 127 23.0
40 128 24.0
40 129 25.0
40 130 26.0
40 131 27.0
40 14 28.0
40 17 29.0
40 46 30.0
40 47 31.0
40 142 32.0
41 145 28.0
41 92 29.0
41 102 30.0
41 103 31.0
41 104 32.0
41 105 33.0
41 106 34.0
41 107 35.0
41 18 36.0
41 19 37.0
41 50 38.0
41 51 39.0
41 52 40.0
41 53 41.0
41 54 42.0
41 55 43.0
41 22 44.0
41 25 45.0
41 91 46.0
41 138 47.0
42 143 26.0
42 90 27.0
42 24 28.0
42 25 29.0
42 56 30.0
42 57 31.0
42 58 32.0
42 59 33.0
42 60 34.0
42 61 35.0
42 20 36.0
42 21 37.0
42 89 38.0
42 139 39.0
43 9 36.0
43 5 37.0
43 114 38.0
43 115 39.0
43 116 40.0
43 117 41.0
43 118 42.0
43 119 43.0
43 0 44.0
43 1 45.0
43 68 46.0
43 69 47.0
43 70 48.0
43 71 49.0
43 72 50.0
43 73 51.0
43 14 52.0
43 15 53.0
43 132 54.0
43 133 55.0
43 134 56.0
43 135 57.0
43 136 58.0
43 137 59.0
43 6 60.0
44 146 38.0
44 37 39.0
44 12 40.0
44 1 41.0
44 68 42.0
44 69 43.0
44 70 44.0
44 71 45.0
44 72 46.0
44 73 47.0
44 14 48.0
44 17 49.0
44 46 50.0
44 47 51.0
44 142 52.0
45 143 20.0
45 90 21.0
45 24 22.0
45 23 23.0
45 100 24.0
45 101 25.0
45 41 26.0
45 39 27.0
45 45 28.0
45 43 29.0
45 48 30.0
45 49 31.0
45 16 32.0
45 15 33.0
45 132 34.0
45 133 35.0
45 134 36.0
45 135 37.0
45 136 38.0
45 137 39.0
45 6 40.0
46 9 22.0
46 5 23.0
46 114 24.0
46 115 25.0
46 116 26.0
46 117 27.0
46 118 28.0
46 119 29.0
46 0 30.0
46 13 31.0
46 80 32.0
46 81 33.0
46 82 34.0
46 83 35.0
46 84 36.0
46 85 37.0
46 2 38.0
46 10 39.0
47 143 23.0
47 90 24.0
47 24 25.0
47 23 26.0
47 100 27.0
47 101 28.0
47 41 29.0
47 39 30.0
47 45 31.0
47 43 32.0
47 48 33.0
47 142 34.0
48 9 32.0
48 5 33.0
48 114 34.0
48 115 35.0
48 116 36.0
48 117 37.0
48 118 38.0
48 119 39.0
48 0 40.0
48 13 41.0
48 34 42.0
48 35 43.0
48 32 44.0
48 30 45.0
48 28 46.0
48 26 47.0
48 94 48.0
48 95 49.0
48 18 50.0
48 21 51.0
48 89 52.0
48 139 53.0
49 147 24.0
49 49 25.0
49 16 26.0
49 17 27.0
49 74 28.0
49 75 29.0
49 76 30.0
49 77 31.0
49 78 32.0
49 79 33.0
49 12 34.0
49 1 35.0
49 120 36.0
49 121 37.0
49 122 38.0
49 123 39.0
49 124 40.0
49 125 41.0
49 4 42.0
49 8 43.0
50 7 23.0
50 126 24.0
50 127 25.0
50 128 26.0
50 129 27.0
50 130 28.0
50 131 29.0
50 14 30.0
50 17 31.0
50 74 32.0
50 75 33.0
50 76 34.0
50 77 35.0
50 78 36.0
50 79 37.0
50 12 38.0
50 13 39.0
50 34 40.0
50 35 41.0
50 141 42.0
51 9 34.0
51 5 35.0
51 114 36.0
51 115 37.0
51 116 38.0
51 117 39.0
51 118 40.0
51 119 41.0
51 0 42.0
51 1 43.0
51 68 44.0
51 69 45.0
51 70 46.0
51 71 47.0
51 72 48.0
51 73 49.0
51 14 50.0
51 15 51.0
51 132 52.0
51 133 53.0
51 134 54.0
51 135 55.0
51 136 56.0
51 137 57.0
51 6 58.0
52 145 37.0
52 92 38.0
52 102 39.0
52 103 40.0
52 104 41.0
52 105 42.0
52 106 43.0
52 107 44.0
52 18 45.0
52 21 46.0
52 89 47.0
52 139 48.0
53 144 27.0
53 88 28.0
53 20 29.0
53 19 30.0
53 50 31.0
53 51 32.0
53 52 33.0
53 53 34.0
53 54 35.0
53 55 36.0
53 22 37.0
53 23 38.0
53 100 39.0
53 101 40.0
53 41 41.0
53 39 42.0
53 45 43.0
53 43 44.0
53 48 45.0
53 142 46.0
54 145 30.0
54 92 31.0
54 102 32.0
54 103 33.0
54 104 34.0
54 105 35.0
54 106 36.0
54 107 37.0
54 18 38.0
54 21 39.0
54 89 40.0
54 139 41.0
55 11 24.0
55 3 25.0
55 62 26.0
55 63 27.0
55 64 28.0
55 65 29.0
55 66 30.0
55 67 31.0
55 0 32.0
55 13 33.0
55 34 34.0
55 35 35.0
55 141 36.0
56 145 21.0
56 92 22.0
56 102 23.0
56 103 24.0
56 104 25.0
56 105 26.0
56 106 27.0
56 107 28.0
56 18 29.0
56 21 30.0
56 89 31.0
56 139 32.0
57 9 39.0
57 5 40.0
57 114 41.0
57 115 42.0
57 116 43.0
57 117 44.0
57 118 45.0
57 119 46.0
57 0 47.0
57 13 48.0
57 34 49.0
57 35 50.0
57 141 51.0
58 11 30.0
58 3 31.0
58 62 32.0
58 63 33.0
58 64 34.0
58 65 35.0
58 66 36.0
58 67 37.0
58 0 38.0
58 1 39.0
58 68 40.0
58 69 41.0
58 70 42.0
58 71 43.0
58 72 44.0
58 73 45.0
58 14 46.0
58 17 47.0
58 46 48.0
58 47 49.0
58 142 50.0
59 145 26.0
59 92 27.0
59 102 28.0
59 103 29.0
59 104 30.0
59 105 31.0
59 106 32.0
59 107 33.0
59 18 34.0
59 19 35.0
59 50 36.0
59 51 37.0
59 52 38.0
59 53 39.0
59 54 40.0
59 55 41.0
59 22 42.0
59 25 43.0
59 91 44.0
59 138 45.0
60 143 31.0
60 90 32.0
60 24 33.0
60 23 34.0
60 100 35.0
60 101 36.0
60 41 37.0
60 39 38.0
60 45 39.0
60 43 40.0
60 48 41.0
60 142 42.0
61 145 39.0
61 92 40.0
61 102 41.0
61 103 42.0
61 104 43.0
61 105 44.0
61 106 45.0
61 107 46.0
61 18 47.0
61 19 48.0
61 50 49.0
61 51 50.0
61 52 51.0
61 53 52.0
61 54 53.0
61 55 54.0
61 22 55.0
61 23 56.0
61 100 57.0
61 101 58.0
61 41 59.0
61 39 60.0
61 45 61.0
61 43 62.0
61 48 63.0
61 142 64.0
62 146 34.0
62 37 35.0
62 12 36.0
62 13 37.0
62 80 38.0
62 81 39.0
62 82 40.0
62 83 41.0
62 84 42.0
62 85 43.0
62 2 44.0
62 10 45.0
63 145 32.0
63 92 33.0
63 102 34.0
63 103 35.0
63 104 36.0
63 105 37.0
63 106 38.0
63 107 39.0
63 18 40.0
63 21 41.0
63 89 42.0
63 139 43.0
64 146 30.0
64 37 31.0
64 12 32.0
64 1 33.0
64 68 34.0
64 69 35.0
64 70 36.0
64 71 37.0
64 72 38.0
64 73 39.0
64 14 40.0
64 17 41.0
64 46 42.0
64 47 43.0
64 142 44.0
65 7 47.0
65 126 48.0
65 127 49.0
65 128 50.0
65 129 51.0
65 130 52.0
65 131 53.0
65 14 54.0
65 17 55.0
65 46 56.0
65 47 57.0
65 142 58.0
66 147 37.0
66 49 38.0
66 16 39.0
66 15 40.0
66 132 41.0
66 133 42.0
66 134 43.0
66 135 44.0
66 136 45.0
66 137 46.0
66 6 47.0
67 7 31.0
67 126 32.0
67 127 33.0
67 128 34.0
67 129 35.0
67 130 36.0
67 131 37.0
67 14 38.0
67 17 39.0
67 74 40.0
67 75 41.0
67 76 42.0
67 77 43.0
67 78 44.0
67 79 45.0
67 12 46.0
67 1 47.0
67 120 48.0
67 121 49.0
67 122 50.0
67 123 51.0
67 124 52.0
67 125 53.0
67 4 54.0
67 8 55.0
68 144 30.0
68 88 31.0
68 20 32.0
68 19 33.0
68 96 34.0
68 97 35.0
68 29 36.0
68 27 37.0
68 33 38.0
68 31 39.0
68 36 40.0
68 37 41.0
68 12 42.0
68 13 43.0
68 80 44.0
68 81 45.0
68 82 46.0
68 83 47.0
68 84 48.0
68 85 49.0
68 2 50.0
68 10 51.0
69 147 39.0
69 46 40.0
69 47 41.0
69 44 42.0
69 42 43.0
69 40 44.0
69 38 45.0
69 98 46.0
69 99 47.0
69 22 48.0
69 25 49.0
69 56 50.0
69 57 51.0
69 58 52.0
69 59 53.0
69 60 54.0
69 61 55.0
69 20 56.0
69 21 57.0
69 89 58.0
69 139 59.0
71 9 43.0
71 5 44.0
71 114 45.0
71 115 46.0
71 116 47.0
71 117 48.0
71 118 49.0
71 119 50.0
71 0 51.0
71 13 52.0
71 80 53.0
71 81 54.0
71 82 55.0
71 83 56.0
71 84 57.0
71 85 58.0
71 2 59.0
71 10 60.0
72 11 45.0
72 3 46.0
72 62 47.0
72 63 48.0
72 64 49.0
72 65 50.0
72 66 51.0
72 67 52.0
72 0 53.0
72 1 54.0
72 120 55.0
72 121 56.0
72 122 57.0
72 123 58.0
72 124 59.0
72 125 60.0
72 4 61.0
72 8 62.0
73 147 49.0
73 49 50.0
73 16 51.0
73 17 52.0
73 74 53.0
73 75 54.0
73 76 55.0
73 77 56.0
73 78 57.0
73 79 58.0
73 12 59.0
73 1 60.0
73 120 61.0
73 121 62.0
73 122 63.0
73 123 64.0
73 124 65.0
73 125 66.0
73 4 67.0
73 8 68.0
74 7 35.0
74 126 36.0
74 127 37.0
74 128 38.0
74 129 39.0
74 130 40.0
74 131 41.0
74 14 42.0
74 17 43.0
74 74 44.0
74 75 45.0
74 76 46.0
74 77 47.0
74 78 48.0
74 79 49.0
74 12 50.0
74 1 51.0
74 120 52.0
74 121 53.0
74 122 54.0
74 123 55.0
74 124 56.0
74 125 57.0
74 4 58.0
74 8 59.0
75 145 34.0
75 92 35.0
75 102 36.0
75 103 37.0
75 104 38.0
75 105 39.0
75 106 40.0
75 107 41.0
75 18 42.0
75 19 43.0
75 50 44.0
75 51 45.0
75 52 46.0
75 53 47.0
75 54 48.0
75 55 49.0
75 22 50.0
75 25 51.0
75 91 52.0
75 138 53.0
76 144 38.0
76 88 39.0
76 20 40.0
76 19 41.0
76 96 42.0
76 97 43.0
76 29 44.0
76 27 45.0
76 33 46.0
76 31 47.0
76 36 48.0
76 141 49.0
77 146 45.0
77 34 46.0
77 35 47.0
77 32 48.0
77 30 49.0
77 28 50.0
77 26 51.0
77 94 52.0
77 95 53.0
77 18 54.0
77 21 55.0
77 89 56.0
77 139 57.0
78 144 32.0
78 88 33.0
78 20 34.0
78 21 35.0
78 108 36.0
78 109 37.0
78 110 38.0
78 111 39.0
78 112 40.0
78 113 41.0
78 93 42.0
78 140 43.0
79 147 31.0
79 46 32.0
79 47 33.0
79 44 34.0
79 42 35.0
79 40 36.0
79 38 37.0
79 98 38.0
79 99 39.0
79 22 40.0
79 25 41.0
79 91 42.0
79 138 43.0
82 11 41.0
82 3 42.0
82 62 43.0
82 63 44.0
82 64 45.0
82 65 46.0
82 66 47.0
82 67 48.0
82 0 49.0
82 13 50.0
82 34 51.0
82 35 52.0
82 141 53.0
83 9 47.0
83 5 48.0
83 114 49.0
83 115 50.0
83 116 51.0
83 117 52.0
83 118 53.0
83 119 54.0
83 0 55.0
83 1 56.0
83 68 57.0
83 69 58.0
83 70 59.0
83 71 60.0
83 72 61.0
83 73 62.0
83 14 63.0
83 17 64.0
83 46 65.0
83 47 66.0
83 142 67.0
84 147 41.0
84 49 42.0
84 16 43.0
84 15 44.0
84 132 45.0
84 133 46.0
84 134 47.0
84 135 48.0
84 136 49.0
84 137 50.0
84 6 51.0
85 9 49.0
85 5 50.0
85 114 51.0
85 115 52.0
85 116 53.0
85 117 54.0
85 118 55.0
85 119 56.0
85 0 57.0
85 1 58.0
85 68 59.0
85 69 60.0
85 70 61.0
85 71 62.0
85 72 63.0
85 73 64.0
85 14 65.0
85 15 66.0
85 132 67.0
85 133 68.0
85 134 69.0
85 135 70.0
85 136 71.0
85 137 72.0
85 6 73.0
86 143 44.0
86 90 45.0
86 24 46.0
86 25 47.0
86 56 48.0
86 57 49.0
86 58 50.0
86 59 51.0
86 60 52.0
86 61 53.0
86 20 54.0
86 19 55.0
86 96 56.0
86 97 57.0
86 29 58.0
86 27 59.0
86 33 60.0
86 31 61.0
86 36 62.0
86 141 63.0
87 144 42.0
87 88 43.0
87 20 44.0
87 19 45.0
87 50 46.0
87 51 47.0
87 52 48.0
87 53 49.0
87 54 50.0
87 55 51.0
87 22 52.0
87 25 53.0
87 91 54.0
87 138 55.0
89 145 48.0
89 92 49.0
89 102 50.0
89 103 51.0
89 104 52.0
89 105 53.0
89 106 54.0
89 107 55.0
89 18 56.0
89 19 57.0
89 50 58.0
89 51 59.0
89 52 60.0
89 53 61.0
89 54 62.0
89 55 63.0
89 22 64.0
89 23 65.0
89 100 66.0
89 101 67.0
89 41 68.0
89 39 69.0
89 45 70.0
89 43 71.0
89 48 72.0
89 142 73.0
90 146 43.0
90 34 44.0
90 35 45.0
90 32 46.0
90 30 47.0
90 28 48.0
90 26 49.0
90 94 50.0
90 95 51.0
90 18 52.0
90 19 53.0
90 50 54.0
90 51 55.0
90 52 56.0
90 53 57.0
90 54 58.0
90 55 59.0
90 22 60.0
90 25 61.0
90 91 62.0
90 138 63.0
92 143 49.0
92 90 50.0
92 24 51.0
92 23 52.0
92 100 53.0
92 101 54.0
92 41 55.0
92 39 56.0
92 45 57.0
92 43 58.0
92 48 59.0
92 142 60.0
94 7 49.0
94 126 50.0
94 127 51.0
94 128 52.0
94 129 53.0
94 130 54.0
94 131 55.0
94 14 56.0
94 17 57.0
94 74 58.0
94 75 59.0
94 76 60.0
94 77 61.0
94 78 62.0
94 79 63.0
94 12 64.0
94 1 65.0
94 120 66.0
94 121 67.0
94 122 68.0
94 123 69.0
94 124 70.0
94 125 71.0
94 4 72.0
94 8 73.0
96 143 42.0
96 90 43.0
96 24 44.0
96 23 45.0
96 100 46.0
96 101 47.0
96 41 48.0
96 39 49.0
96 45 50.0
96 43 51.0
96 48 52.0
96 49 53.0
96 16 54.0
96 15 55.0
96 132 56.0
96 133 57.0
96 134 58.0
96 135 59.0
96 136 60.0
96 137 61.0
96 6 62.0
97 144 48.0
97 88 49.0
97 20 50.0
97 19 51.0
97 50 52.0
97 51 53.0
97 52 54.0
97 53 55.0
97 54 56.0
97 55 57.0
97 22 58.0
97 25 59.0
97 91 60.0
97 138 61.0
99 144 45.0
99 88 46.0
99 20 47.0
99 21 48.0
99 108 49.0
99 109 50.0
99 110 51.0
99 111 52.0
99 112 53.0
99 113 54.0
99 93 55.0
99 140 56.0
100 144 5
100 88 6.0
100 20 7.0
100 19 8.0
100 96 9.0
100 97 10.0
100 29 11.0
100 27 12.0
100 33 13.0
100 31 14.0
100 36 15.0
100 37 16.0
100 12 17.0
100 13 18.0
100 80 19.0
100 81 20.0
100 82 21.0
100 83 22.0
100 84 23.0
100 85 24.0
100 2 25.0
100 10 26.0
;
param t_hat_lat:=
0 144 1.0
0 88 2.0
0 20 3.0
0 19 4.0
0 50 5.0
0 51 6.0
0 52 7.0
0 53 8.0
0 54 9.0
0 55 10.0
0 22 11.0
0 25 12.0
0 91 13.0
0 138 14.0
1 7 6.0
1 126 7.0
1 127 8.0
1 128 9.0
1 129 10.0
1 130 11.0
1 131 12.0
1 14 13.0
1 17 14.0
1 74 15.0
1 75 16.0
1 76 17.0
1 77 18.0
1 78 19.0
1 79 20.0
1 12 21.0
1 13 22.0
1 80 23.0
1 81 24.0
1 82 25.0
1 83 26.0
1 84 27.0
1 85 28.0
1 2 29.0
1 10 30.0
2 11 11.0
2 3 12.0
2 62 13.0
2 63 14.0
2 64 15.0
2 65 16.0
2 66 17.0
2 67 18.0
2 0 19.0
2 1 20.0
2 68 21.0
2 69 22.0
2 70 23.0
2 71 24.0
2 72 25.0
2 73 26.0
2 14 27.0
2 15 28.0
2 132 29.0
2 133 30.0
2 134 31.0
2 135 32.0
2 136 33.0
2 137 34.0
2 6 35.0
3 143 2.0
3 90 3.0
3 24 4.0
3 25 5.0
3 56 6.0
3 57 7.0
3 58 8.0
3 59 9.0
3 60 10.0
3 61 11.0
3 20 12.0
3 19 13.0
3 96 14.0
3 97 15.0
3 29 16.0
3 27 17.0
3 33 18.0
3 31 19.0
3 36 20.0
3 141 21.0
4 9 3.0
4 5 4.0
4 114 5.0
4 115 6.0
4 116 7.0
4 117 8.0
4 118 9.0
4 119 10.0
4 0 11.0
4 1 12.0
4 68 13.0
4 69 14.0
4 70 15.0
4 71 16.0
4 72 17.0
4 73 18.0
4 14 19.0
4 17 20.0
4 46 21.0
4 47 22.0
4 142 23.0
5 146 5.0
5 37 6.0
5 12 7.0
5 1 8.0
5 68 9.0
5 69 10.0
5 70 11.0
5 71 12.0
5 72 13.0
5 73 14.0
5 14 15.0
5 15 16.0
5 132 17.0
5 133 18.0
5 134 19.0
5 135 20.0
5 136 21.0
5 137 22.0
5 6 23.0
6 9 1.0
6 5 2.0
6 114 3.0
6 115 4.0
6 116 5.0
6 117 6.0
6 118 7.0
6 119 8.0
6 0 9.0
6 1 10.0
6 68 11.0
6 69 12.0
6 70 13.0
6 71 14.0
6 72 15.0
6 73 16.0
6 14 17.0
6 15 18.0
6 132 19.0
6 133 20.0
6 134 21.0
6 135 22.0
6 136 23.0
6 137 24.0
6 6 25.0
7 11 7.0
7 3 8.0
7 62 9.0
7 63 10.0
7 64 11.0
7 65 12.0
7 66 13.0
7 67 14.0
7 0 15.0
7 1 16.0
7 120 17.0
7 121 18.0
7 122 19.0
7 123 20.0
7 124 21.0
7 125 22.0
7 4 23.0
7 8 24.0
8 9 5.0
8 5 6.0
8 114 7.0
8 115 8.0
8 116 9.0
8 117 10.0
8 118 11.0
8 119 12.0
8 0 13.0
8 13 14.0
8 80 15.0
8 81 16.0
8 82 17.0
8 83 18.0
8 84 19.0
8 85 20.0
8 2 21.0
8 10 22.0
9 146 1.0
9 37 2.0
9 12 3.0
9 1 4.0
9 68 5.0
9 69 6.0
9 70 7.0
9 71 8.0
9 72 9.0
9 73 10.0
9 14 11.0
9 17 12.0
9 46 13.0
9 47 14.0
9 142 15.0
10 145 7.0
10 92 8.0
10 102 9.0
10 103 10.0
10 104 11.0
10 105 12.0
10 106 13.0
10 107 14.0
10 18 15.0
10 19 16.0
10 96 17.0
10 97 18.0
10 29 19.0
10 27 20.0
10 33 21.0
10 31 22.0
10 36 23.0
10 141 24.0
11 9 9.0
11 5 10.0
11 114 11.0
11 115 12.0
11 116 13.0
11 117 14.0
11 118 15.0
11 119 16.0
11 0 17.0
11 13 18.0
11 80 19.0
11 81 20.0
11 82 21.0
11 83 22.0
11 84 23.0
11 85 24.0
11 2 25.0
11 10 26.0
12 147 1.0
12 49 2.0
12 16 3.0
12 17 4.0
12 74 5.0
12 75 6.0
12 76 7.0
12 77 8.0
12 78 9.0
12 79 10.0
12 12 11.0
12 13 12.0
12 80 13.0
12 81 14.0
12 82 15.0
12 83 16.0
12 84 17.0
12 85 18.0
12 2 19.0
12 10 20.0
13 146 8.0
13 34 9.0
13 35 10.0
13 32 11.0
13 30 12.0
13 28 13.0
13 26 14.0
13 94 15.0
13 95 16.0
13 18 17.0
13 19 18.0
13 50 19.0
13 51 20.0
13 52 21.0
13 53 22.0
13 54 23.0
13 55 24.0
13 22 25.0
13 25 26.0
13 91 27.0
13 138 28.0
14 146 3.0
14 34 4.0
14 35 5.0
14 32 6.0
14 30 7.0
14 28 8.0
14 26 9.0
14 94 10.0
14 95 11.0
14 18 12.0
14 21 13.0
14 108 14.0
14 109 15.0
14 110 16.0
14 111 17.0
14 112 18.0
14 113 19.0
14 93 20.0
14 140 21.0
15 147 5.0
15 49 6.0
15 16 7.0
15 17 8.0
15 74 9.0
15 75 10.0
15 76 11.0
15 77 12.0
15 78 13.0
15 79 14.0
15 12 15.0
15 13 16.0
15 34 17.0
15 35 18.0
15 141 19.0
16 145 2.0
16 92 3.0
16 102 4.0
16 103 5.0
16 104 6.0
16 105 7.0
16 106 8.0
16 107 9.0
16 18 10.0
16 19 11.0
16 50 12.0
16 51 13.0
16 52 14.0
16 53 15.0
16 54 16.0
16 55 17.0
16 22 18.0
16 23 19.0
16 100 20.0
16 101 21.0
16 41 22.0
16 39 23.0
16 45 24.0
16 43 25.0
16 48 26.0
16 142 27.0
17 147 7.0
17 46 8.0
17 47 9.0
17 44 10.0
17 42 11.0
17 40 12.0
17 38 13.0
17 98 14.0
17 99 15.0
17 22 16.0
17 25 17.0
17 91 18.0
17 138 19.0
18 144 3.0
18 88 4.0
18 20 5.0
18 21 6.0
18 108 7.0
18 109 8.0
18 110 9.0
18 111 10.0
18 112 11.0
18 113 12.0
18 93 13.0
18 140 14.0
19 143 9.0
19 90 10.0
19 24 11.0
19 23 12.0
19 100 13.0
19 101 14.0
19 41 15.0
19 39 16.0
19 45 17.0
19 43 18.0
19 48 19.0
19 142 20.0
20 146 13.0
20 34 14.0
20 35 15.0
20 32 16.0
20 30 17.0
20 28 18.0
20 26 19.0
20 94 20.0
20 95 21.0
20 18 22.0
20 21 23.0
20 89 24.0
20 139 25.0
21 11 27.0
21 3 28.0
21 62 29.0
21 63 30.0
21 64 31.0
21 65 32.0
21 66 33.0
21 67 34.0
21 0 35.0
21 13 36.0
21 34 37.0
21 35 38.0
21 141 39.0
22 145 16.0
22 92 17.0
22 102 18.0
22 103 19.0
22 104 20.0
22 105 21.0
22 106 22.0
22 107 23.0
22 18 24.0
22 19 25.0
22 50 26.0
22 51 27.0
22 52 28.0
22 53 29.0
22 54 30.0
22 55 31.0
22 22 32.0
22 25 33.0
22 91 34.0
22 138 35.0
23 9 17.0
23 5 18.0
23 114 19.0
23 115 20.0
23 116 21.0
23 117 22.0
23 118 23.0
23 119 24.0
23 0 25.0
23 1 26.0
23 68 27.0
23 69 28.0
23 70 29.0
23 71 30.0
23 72 31.0
23 73 32.0
23 14 33.0
23 17 34.0
23 46 35.0
23 47 36.0
23 142 37.0
24 146 17.0
24 37 18.0
24 12 19.0
24 13 20.0
24 80 21.0
24 81 22.0
24 82 23.0
24 83 24.0
24 84 25.0
24 85 26.0
24 2 27.0
24 10 28.0
25 7 16.0
25 126 17.0
25 127 18.0
25 128 19.0
25 129 20.0
25 130 21.0
25 131 22.0
25 14 23.0
25 17 24.0
25 74 25.0
25 75 26.0
25 76 27.0
25 77 28.0
25 78 29.0
25 79 30.0
25 12 31.0
25 1 32.0
25 120 33.0
25 121 34.0
25 122 35.0
25 123 36.0
25 124 37.0
25 125 38.0
25 4 39.0
25 8 40.0
26 143 16.0
26 90 17.0
26 24 18.0
26 25 19.0
26 56 20.0
26 57 21.0
26 58 22.0
26 59 23.0
26 60 24.0
26 61 25.0
26 20 26.0
26 19 27.0
26 96 28.0
26 97 29.0
26 29 30.0
26 27 31.0
26 33 32.0
26 31 33.0
26 36 34.0
26 141 35.0
27 146 11.0
27 37 12.0
27 12 13.0
27 1 14.0
27 68 15.0
27 69 16.0
27 70 17.0
27 71 18.0
27 72 19.0
27 73 20.0
27 14 21.0
27 15 22.0
27 132 23.0
27 133 24.0
27 134 25.0
27 135 26.0
27 136 27.0
27 137 28.0
27 6 29.0
28 143 14.0
28 90 15.0
28 24 16.0
28 23 17.0
28 100 18.0
28 101 19.0
28 41 20.0
28 39 21.0
28 45 22.0
28 43 23.0
28 48 24.0
28 142 25.0
29 9 15.0
29 5 16.0
29 114 17.0
29 115 18.0
29 116 19.0
29 117 20.0
29 118 21.0
29 119 22.0
29 0 23.0
29 13 24.0
29 34 25.0
29 35 26.0
29 32 27.0
29 30 28.0
29 28 29.0
29 26 30.0
29 94 31.0
29 95 32.0
29 18 33.0
29 21 34.0
29 89 35.0
29 139 36.0
30 147 19.0
30 49 20.0
30 16 21.0
30 17 22.0
30 74 23.0
30 75 24.0
30 76 25.0
30 77 26.0
30 78 27.0
30 79 28.0
30 12 29.0
30 13 30.0
30 34 31.0
30 35 32.0
30 141 33.0
31 144 19.0
31 88 20.0
31 20 21.0
31 19 22.0
31 96 23.0
31 97 24.0
31 29 25.0
31 27 26.0
31 33 27.0
31 31 28.0
31 36 29.0
31 141 30.0
32 146 19.0
32 34 20.0
32 35 21.0
32 32 22.0
32 30 23.0
32 28 24.0
32 26 25.0
32 94 26.0
32 95 27.0
32 18 28.0
32 19 29.0
32 50 30.0
32 51 31.0
32 52 32.0
32 53 33.0
32 54 34.0
32 55 35.0
32 22 36.0
32 25 37.0
32 91 38.0
32 138 39.0
33 144 17.0
33 88 18.0
33 20 19.0
33 19 20.0
33 50 21.0
33 51 22.0
33 52 23.0
33 53 24.0
33 54 25.0
33 55 26.0
33 22 27.0
33 25 28.0
33 91 29.0
33 138 30.0
34 146 15.0
34 37 16.0
34 12 17.0
34 1 18.0
34 68 19.0
34 69 20.0
34 70 21.0
34 71 22.0
34 72 23.0
34 73 24.0
34 14 25.0
34 17 26.0
34 46 27.0
34 47 28.0
34 142 29.0
35 11 13.0
35 3 14.0
35 62 15.0
35 63 16.0
35 64 17.0
35 65 18.0
35 66 19.0
35 67 20.0
35 0 21.0
35 1 22.0
35 120 23.0
35 121 24.0
35 122 25.0
35 123 26.0
35 124 27.0
35 125 28.0
35 4 29.0
35 8 30.0
36 143 18.0
36 90 19.0
36 24 20.0
36 25 21.0
36 56 22.0
36 57 23.0
36 58 24.0
36 59 25.0
36 60 26.0
36 61 27.0
36 20 28.0
36 21 29.0
36 108 30.0
36 109 31.0
36 110 32.0
36 111 33.0
36 112 34.0
36 113 35.0
36 93 36.0
36 140 37.0
37 9 21.0
37 5 22.0
37 114 23.0
37 115 24.0
37 116 25.0
37 117 26.0
37 118 27.0
37 119 28.0
37 0 29.0
37 1 30.0
37 68 31.0
37 69 32.0
37 70 33.0
37 71 34.0
37 72 35.0
37 73 36.0
37 14 37.0
37 17 38.0
37 46 39.0
37 47 40.0
37 142 41.0
38 11 29.0
38 3 30.0
38 62 31.0
38 63 32.0
38 64 33.0
38 65 34.0
38 66 35.0
38 67 36.0
38 0 37.0
38 1 38.0
38 68 39.0
38 69 40.0
38 70 41.0
38 71 42.0
38 72 43.0
38 73 44.0
38 14 45.0
38 17 46.0
38 46 47.0
38 47 48.0
38 142 49.0
39 9 19.0
39 5 20.0
39 114 21.0
39 115 22.0
39 116 23.0
39 117 24.0
39 118 25.0
39 119 26.0
39 0 27.0
39 1 28.0
39 68 29.0
39 69 30.0
39 70 31.0
39 71 32.0
39 72 33.0
39 73 34.0
39 14 35.0
39 17 36.0
39 46 37.0
39 47 38.0
39 142 39.0
40 7 22.0
40 126 23.0
40 127 24.0
40 128 25.0
40 129 26.0
40 130 27.0
40 131 28.0
40 14 29.0
40 17 30.0
40 46 31.0
40 47 32.0
40 142 33.0
41 145 29.0
41 92 30.0
41 102 31.0
41 103 32.0
41 104 33.0
41 105 34.0
41 106 35.0
41 107 36.0
41 18 37.0
41 19 38.0
41 50 39.0
41 51 40.0
41 52 41.0
41 53 42.0
41 54 43.0
41 55 44.0
41 22 45.0
41 25 46.0
41 91 47.0
41 138 48.0
42 143 27.0
42 90 28.0
42 24 29.0
42 25 30.0
42 56 31.0
42 57 32.0
42 58 33.0
42 59 34.0
42 60 35.0
42 61 36.0
42 20 37.0
42 21 38.0
42 89 39.0
42 139 40.0
43 9 37.0
43 5 38.0
43 114 39.0
43 115 40.0
43 116 41.0
43 117 42.0
43 118 43.0
43 119 44.0
43 0 45.0
43 1 46.0
43 68 47.0
43 69 48.0
43 70 49.0
43 71 50.0
43 72 51.0
43 73 52.0
43 14 53.0
43 15 54.0
43 132 55.0
43 133 56.0
43 134 57.0
43 135 58.0
43 136 59.0
43 137 60.0
43 6 61.0
44 146 39.0
44 37 40.0
44 12 41.0
44 1 42.0
44 68 43.0
44 69 44.0
44 70 45.0
44 71 46.0
44 72 47.0
44 73 48.0
44 14 49.0
44 17 50.0
44 46 51.0
44 47 52.0
44 142 53.0
45 143 21.0
45 90 22.0
45 24 23.0
45 23 24.0
45 100 25.0
45 101 26.0
45 41 27.0
45 39 28.0
45 45 29.0
45 43 30.0
45 48 31.0
45 49 32.0
45 16 33.0
45 15 34.0
45 132 35.0
45 133 36.0
45 134 37.0
45 135 38.0
45 136 39.0
45 137 40.0
45 6 41.0
46 9 23.0
46 5 24.0
46 114 25.0
46 115 26.0
46 116 27.0
46 117 28.0
46 118 29.0
46 119 30.0
46 0 31.0
46 13 32.0
46 80 33.0
46 81 34.0
46 82 35.0
46 83 36.0
46 84 37.0
46 85 38.0
46 2 39.0
46 10 40.0
47 143 24.0
47 90 25.0
47 24 26.0
47 23 27.0
47 100 28.0
47 101 29.0
47 41 30.0
47 39 31.0
47 45 32.0
47 43 33.0
47 48 34.0
47 142 35.0
48 9 33.0
48 5 34.0
48 114 35.0
48 115 36.0
48 116 37.0
48 117 38.0
48 118 39.0
48 119 40.0
48 0 41.0
48 13 42.0
48 34 43.0
48 35 44.0
48 32 45.0
48 30 46.0
48 28 47.0
48 26 48.0
48 94 49.0
48 95 50.0
48 18 51.0
48 21 52.0
48 89 53.0
48 139 54.0
49 147 25.0
49 49 26.0
49 16 27.0
49 17 28.0
49 74 29.0
49 75 30.0
49 76 31.0
49 77 32.0
49 78 33.0
49 79 34.0
49 12 35.0
49 1 36.0
49 120 37.0
49 121 38.0
49 122 39.0
49 123 40.0
49 124 41.0
49 125 42.0
49 4 43.0
49 8 44.0
50 7 24.0
50 126 25.0
50 127 26.0
50 128 27.0
50 129 28.0
50 130 29.0
50 131 30.0
50 14 31.0
50 17 32.0
50 74 33.0
50 75 34.0
50 76 35.0
50 77 36.0
50 78 37.0
50 79 38.0
50 12 39.0
50 13 40.0
50 34 41.0
50 35 42.0
50 141 43.0
51 9 35.0
51 5 36.0
51 114 37.0
51 115 38.0
51 116 39.0
51 117 40.0
51 118 41.0
51 119 42.0
51 0 43.0
51 1 44.0
51 68 45.0
51 69 46.0
51 70 47.0
51 71 48.0
51 72 49.0
51 73 50.0
51 14 51.0
51 15 52.0
51 132 53.0
51 133 54.0
51 134 55.0
51 135 56.0
51 136 57.0
51 137 58.0
51 6 59.0
52 145 38.0
52 92 39.0
52 102 40.0
52 103 41.0
52 104 42.0
52 105 43.0
52 106 44.0
52 107 45.0
52 18 46.0
52 21 47.0
52 89 48.0
52 139 49.0
53 144 28.0
53 88 29.0
53 20 30.0
53 19 31.0
53 50 32.0
53 51 33.0
53 52 34.0
53 53 35.0
53 54 36.0
53 55 37.0
53 22 38.0
53 23 39.0
53 100 40.0
53 101 41.0
53 41 42.0
53 39 43.0
53 45 44.0
53 43 45.0
53 48 46.0
53 142 47.0
54 145 31.0
54 92 32.0
54 102 33.0
54 103 34.0
54 104 35.0
54 105 36.0
54 106 37.0
54 107 38.0
54 18 39.0
54 21 40.0
54 89 41.0
54 139 42.0
55 11 25.0
55 3 26.0
55 62 27.0
55 63 28.0
55 64 29.0
55 65 30.0
55 66 31.0
55 67 32.0
55 0 33.0
55 13 34.0
55 34 35.0
55 35 36.0
55 141 37.0
56 145 22.0
56 92 23.0
56 102 24.0
56 103 25.0
56 104 26.0
56 105 27.0
56 106 28.0
56 107 29.0
56 18 30.0
56 21 31.0
56 89 32.0
56 139 33.0
57 9 40.0
57 5 41.0
57 114 42.0
57 115 43.0
57 116 44.0
57 117 45.0
57 118 46.0
57 119 47.0
57 0 48.0
57 13 49.0
57 34 50.0
57 35 51.0
57 141 52.0
58 11 31.0
58 3 32.0
58 62 33.0
58 63 34.0
58 64 35.0
58 65 36.0
58 66 37.0
58 67 38.0
58 0 39.0
58 1 40.0
58 68 41.0
58 69 42.0
58 70 43.0
58 71 44.0
58 72 45.0
58 73 46.0
58 14 47.0
58 17 48.0
58 46 49.0
58 47 50.0
58 142 51.0
59 145 27.0
59 92 28.0
59 102 29.0
59 103 30.0
59 104 31.0
59 105 32.0
59 106 33.0
59 107 34.0
59 18 35.0
59 19 36.0
59 50 37.0
59 51 38.0
59 52 39.0
59 53 40.0
59 54 41.0
59 55 42.0
59 22 43.0
59 25 44.0
59 91 45.0
59 138 46.0
60 143 32.0
60 90 33.0
60 24 34.0
60 23 35.0
60 100 36.0
60 101 37.0
60 41 38.0
60 39 39.0
60 45 40.0
60 43 41.0
60 48 42.0
60 142 43.0
61 145 40.0
61 92 41.0
61 102 42.0
61 103 43.0
61 104 44.0
61 105 45.0
61 106 46.0
61 107 47.0
61 18 48.0
61 19 49.0
61 50 50.0
61 51 51.0
61 52 52.0
61 53 53.0
61 54 54.0
61 55 55.0
61 22 56.0
61 23 57.0
61 100 58.0
61 101 59.0
61 41 60.0
61 39 61.0
61 45 62.0
61 43 63.0
61 48 64.0
61 142 65.0
62 146 35.0
62 37 36.0
62 12 37.0
62 13 38.0
62 80 39.0
62 81 40.0
62 82 41.0
62 83 42.0
62 84 43.0
62 85 44.0
62 2 45.0
62 10 46.0
63 145 33.0
63 92 34.0
63 102 35.0
63 103 36.0
63 104 37.0
63 105 38.0
63 106 39.0
63 107 40.0
63 18 41.0
63 21 42.0
63 89 43.0
63 139 44.0
64 146 31.0
64 37 32.0
64 12 33.0
64 1 34.0
64 68 35.0
64 69 36.0
64 70 37.0
64 71 38.0
64 72 39.0
64 73 40.0
64 14 41.0
64 17 42.0
64 46 43.0
64 47 44.0
64 142 45.0
65 7 48.0
65 126 49.0
65 127 50.0
65 128 51.0
65 129 52.0
65 130 53.0
65 131 54.0
65 14 55.0
65 17 56.0
65 46 57.0
65 47 58.0
65 142 59.0
66 147 38.0
66 49 39.0
66 16 40.0
66 15 41.0
66 132 42.0
66 133 43.0
66 134 44.0
66 135 45.0
66 136 46.0
66 137 47.0
66 6 48.0
67 7 32.0
67 126 33.0
67 127 34.0
67 128 35.0
67 129 36.0
67 130 37.0
67 131 38.0
67 14 39.0
67 17 40.0
67 74 41.0
67 75 42.0
67 76 43.0
67 77 44.0
67 78 45.0
67 79 46.0
67 12 47.0
67 1 48.0
67 120 49.0
67 121 50.0
67 122 51.0
67 123 52.0
67 124 53.0
67 125 54.0
67 4 55.0
67 8 56.0
68 144 31.0
68 88 32.0
68 20 33.0
68 19 34.0
68 96 35.0
68 97 36.0
68 29 37.0
68 27 38.0
68 33 39.0
68 31 40.0
68 36 41.0
68 37 42.0
68 12 43.0
68 13 44.0
68 80 45.0
68 81 46.0
68 82 47.0
68 83 48.0
68 84 49.0
68 85 50.0
68 2 51.0
68 10 52.0
69 147 40.0
69 46 41.0
69 47 42.0
69 44 43.0
69 42 44.0
69 40 45.0
69 38 46.0
69 98 47.0
69 99 48.0
69 22 49.0
69 25 50.0
69 56 51.0
69 57 52.0
69 58 53.0
69 59 54.0
69 60 55.0
69 61 56.0
69 20 57.0
69 21 58.0
69 89 59.0
69 139 60.0
71 9 44.0
71 5 45.0
71 114 46.0
71 115 47.0
71 116 48.0
71 117 49.0
71 118 50.0
71 119 51.0
71 0 52.0
71 13 53.0
71 80 54.0
71 81 55.0
71 82 56.0
71 83 57.0
71 84 58.0
71 85 59.0
71 2 60.0
71 10 61.0
72 11 46.0
72 3 47.0
72 62 48.0
72 63 49.0
72 64 50.0
72 65 51.0
72 66 52.0
72 67 53.0
72 0 54.0
72 1 55.0
72 120 56.0
72 121 57.0
72 122 58.0
72 123 59.0
72 124 60.0
72 125 61.0
72 4 62.0
72 8 63.0
73 147 50.0
73 49 51.0
73 16 52.0
73 17 53.0
73 74 54.0
73 75 55.0
73 76 56.0
73 77 57.0
73 78 58.0
73 79 59.0
73 12 60.0
73 1 61.0
73 120 62.0
73 121 63.0
73 122 64.0
73 123 65.0
73 124 66.0
73 125 67.0
73 4 68.0
73 8 69.0
74 7 36.0
74 126 37.0
74 127 38.0
74 128 39.0
74 129 40.0
74 130 41.0
74 131 42.0
74 14 43.0
74 17 44.0
74 74 45.0
74 75 46.0
74 76 47.0
74 77 48.0
74 78 49.0
74 79 50.0
74 12 51.0
74 1 52.0
74 120 53.0
74 121 54.0
74 122 55.0
74 123 56.0
74 124 57.0
74 125 58.0
74 4 59.0
74 8 60.0
75 145 35.0
75 92 36.0
75 102 37.0
75 103 38.0
75 104 39.0
75 105 40.0
75 106 41.0
75 107 42.0
75 18 43.0
75 19 44.0
75 50 45.0
75 51 46.0
75 52 47.0
75 53 48.0
75 54 49.0
75 55 50.0
75 22 51.0
75 25 52.0
75 91 53.0
75 138 54.0
76 144 39.0
76 88 40.0
76 20 41.0
76 19 42.0
76 96 43.0
76 97 44.0
76 29 45.0
76 27 46.0
76 33 47.0
76 31 48.0
76 36 49.0
76 141 50.0
77 146 46.0
77 34 47.0
77 35 48.0
77 32 49.0
77 30 50.0
77 28 51.0
77 26 52.0
77 94 53.0
77 95 54.0
77 18 55.0
77 21 56.0
77 89 57.0
77 139 58.0
78 144 33.0
78 88 34.0
78 20 35.0
78 21 36.0
78 108 37.0
78 109 38.0
78 110 39.0
78 111 40.0
78 112 41.0
78 113 42.0
78 93 43.0
78 140 44.0
79 147 32.0
79 46 33.0
79 47 34.0
79 44 35.0
79 42 36.0
79 40 37.0
79 38 38.0
79 98 39.0
79 99 40.0
79 22 41.0
79 25 42.0
79 91 43.0
79 138 44.0
82 11 42.0
82 3 43.0
82 62 44.0
82 63 45.0
82 64 46.0
82 65 47.0
82 66 48.0
82 67 49.0
82 0 50.0
82 13 51.0
82 34 52.0
82 35 53.0
82 141 54.0
83 9 48.0
83 5 49.0
83 114 50.0
83 115 51.0
83 116 52.0
83 117 53.0
83 118 54.0
83 119 55.0
83 0 56.0
83 1 57.0
83 68 58.0
83 69 59.0
83 70 60.0
83 71 61.0
83 72 62.0
83 73 63.0
83 14 64.0
83 17 65.0
83 46 66.0
83 47 67.0
83 142 68.0
84 147 42.0
84 49 43.0
84 16 44.0
84 15 45.0
84 132 46.0
84 133 47.0
84 134 48.0
84 135 49.0
84 136 50.0
84 137 51.0
84 6 52.0
85 9 50.0
85 5 51.0
85 114 52.0
85 115 53.0
85 116 54.0
85 117 55.0
85 118 56.0
85 119 57.0
85 0 58.0
85 1 59.0
85 68 60.0
85 69 61.0
85 70 62.0
85 71 63.0
85 72 64.0
85 73 65.0
85 14 66.0
85 15 67.0
85 132 68.0
85 133 69.0
85 134 70.0
85 135 71.0
85 136 72.0
85 137 73.0
85 6 74.0
86 143 45.0
86 90 46.0
86 24 47.0
86 25 48.0
86 56 49.0
86 57 50.0
86 58 51.0
86 59 52.0
86 60 53.0
86 61 54.0
86 20 55.0
86 19 56.0
86 96 57.0
86 97 58.0
86 29 59.0
86 27 60.0
86 33 61.0
86 31 62.0
86 36 63.0
86 141 64.0
87 144 43.0
87 88 44.0
87 20 45.0
87 19 46.0
87 50 47.0
87 51 48.0
87 52 49.0
87 53 50.0
87 54 51.0
87 55 52.0
87 22 53.0
87 25 54.0
87 91 55.0
87 138 56.0
89 145 49.0
89 92 50.0
89 102 51.0
89 103 52.0
89 104 53.0
89 105 54.0
89 106 55.0
89 107 56.0
89 18 57.0
89 19 58.0
89 50 59.0
89 51 60.0
89 52 61.0
89 53 62.0
89 54 63.0
89 55 64.0
89 22 65.0
89 23 66.0
89 100 67.0
89 101 68.0
89 41 69.0
89 39 70.0
89 45 71.0
89 43 72.0
89 48 73.0
89 142 74.0
90 146 44.0
90 34 45.0
90 35 46.0
90 32 47.0
90 30 48.0
90 28 49.0
90 26 50.0
90 94 51.0
90 95 52.0
90 18 53.0
90 19 54.0
90 50 55.0
90 51 56.0
90 52 57.0
90 53 58.0
90 54 59.0
90 55 60.0
90 22 61.0
90 25 62.0
90 91 63.0
90 138 64.0
92 143 50.0
92 90 51.0
92 24 52.0
92 23 53.0
92 100 54.0
92 101 55.0
92 41 56.0
92 39 57.0
92 45 58.0
92 43 59.0
92 48 60.0
92 142 61.0
94 7 50.0
94 126 51.0
94 127 52.0
94 128 53.0
94 129 54.0
94 130 55.0
94 131 56.0
94 14 57.0
94 17 58.0
94 74 59.0
94 75 60.0
94 76 61.0
94 77 62.0
94 78 63.0
94 79 64.0
94 12 65.0
94 1 66.0
94 120 67.0
94 121 68.0
94 122 69.0
94 123 70.0
94 124 71.0
94 125 72.0
94 4 73.0
94 8 74.0
96 143 43.0
96 90 44.0
96 24 45.0
96 23 46.0
96 100 47.0
96 101 48.0
96 41 49.0
96 39 50.0
96 45 51.0
96 43 52.0
96 48 53.0
96 49 54.0
96 16 55.0
96 15 56.0
96 132 57.0
96 133 58.0
96 134 59.0
96 135 60.0
96 136 61.0
96 137 62.0
96 6 63.0
97 144 49.0
97 88 50.0
97 20 51.0
97 19 52.0
97 50 53.0
97 51 54.0
97 52 55.0
97 53 56.0
97 54 57.0
97 55 58.0
97 22 59.0
97 25 60.0
97 91 61.0
97 138 62.0
99 144 46.0
99 88 47.0
99 20 48.0
99 21 49.0
99 108 50.0
99 109 51.0
99 110 52.0
99 111 53.0
99 112 54.0
99 113 55.0
99 93 56.0
99 140 57.0
100 144 6
100 88 7.0
100 20 8.0
100 19 9.0
100 96 10.0
100 97 11.0
100 29 12.0
100 27 13.0
100 33 14.0
100 31 15.0
100 36 16.0
100 37 17.0
100 12 18.0
100 13 19.0
100 80 20.0
100 81 21.0
100 82 22.0
100 83 23.0
100 84 24.0
100 85 25.0
100 2 26.0
100 10 27.0
;
set fixedFlights :=
0 20 19
0 22 25
0 19 50
0 50 51
0 51 52
0 52 53
0 53 54
0 54 55
0 55 22
0 88 20
0 25 91
0 144 88
0 91 138
1 2 10
1 12 13
1 14 17
1 20 19
1 22 25
1 29 27
1 27 33
1 33 31
1 31 36
1 36 37
1 37 12
1 17 46
1 46 47
1 47 44
1 44 42
1 42 40
1 40 38
1 25 56
1 56 57
1 57 58
1 58 59
1 59 60
1 60 61
1 61 20
1 13 80
1 80 81
1 81 82
1 82 83
1 83 84
1 84 85
1 85 2
1 19 96
1 96 97
1 97 29
1 38 98
1 98 99
1 99 22
1 7 126
1 126 127
1 127 128
1 128 129
1 129 130
1 130 131
1 131 14
2 0 1
2 11 3
2 14 15
2 3 62
2 62 63
2 63 64
2 64 65
2 65 66
2 66 67
2 67 0
2 1 68
2 68 69
2 69 70
2 70 71
2 71 72
2 72 73
2 73 14
2 15 132
2 132 133
2 133 134
2 134 135
2 135 136
2 136 137
2 137 6
3 20 19
3 24 25
3 29 27
3 27 33
3 33 31
3 31 36
3 25 56
3 56 57
3 57 58
3 58 59
3 59 60
3 60 61
3 61 20
3 19 96
3 96 97
3 97 29
3 90 24
3 143 90
3 36 141
4 0 1
4 9 5
4 14 17
4 17 46
4 46 47
4 1 68
4 68 69
4 69 70
4 70 71
4 71 72
4 72 73
4 73 14
4 5 114
4 114 115
4 115 116
4 116 117
4 117 118
4 118 119
4 119 0
4 47 142
5 12 1
5 14 15
5 37 12
5 1 68
5 68 69
5 69 70
5 70 71
5 71 72
5 72 73
5 73 14
5 15 132
5 132 133
5 133 134
5 134 135
5 135 136
5 136 137
5 137 6
5 146 37
6 0 1
6 9 5
6 14 15
6 1 68
6 68 69
6 69 70
6 70 71
6 71 72
6 72 73
6 73 14
6 5 114
6 114 115
6 115 116
6 116 117
6 117 118
6 118 119
6 119 0
6 15 132
6 132 133
6 133 134
6 134 135
6 135 136
6 136 137
6 137 6
7 0 1
7 11 3
7 4 8
7 3 62
7 62 63
7 63 64
7 64 65
7 65 66
7 66 67
7 67 0
7 1 120
7 120 121
7 121 122
7 122 123
7 123 124
7 124 125
7 125 4
8 2 10
8 9 5
8 0 13
8 13 80
8 80 81
8 81 82
8 82 83
8 83 84
8 84 85
8 85 2
8 5 114
8 114 115
8 115 116
8 116 117
8 117 118
8 118 119
8 119 0
9 12 1
9 14 17
9 37 12
9 17 46
9 46 47
9 1 68
9 68 69
9 69 70
9 70 71
9 71 72
9 72 73
9 73 14
9 47 142
9 146 37
10 18 19
10 29 27
10 27 33
10 33 31
10 31 36
10 19 96
10 96 97
10 97 29
10 92 102
10 102 103
10 103 104
10 104 105
10 105 106
10 106 107
10 107 18
10 145 92
10 36 141
12 2 10
12 12 13
12 16 17
12 49 16
12 17 74
12 74 75
12 75 76
12 76 77
12 77 78
12 78 79
12 79 12
12 13 80
12 80 81
12 81 82
12 82 83
12 83 84
12 84 85
12 85 2
12 147 49
13 18 19
13 22 25
13 34 35
13 35 32
13 32 30
13 30 28
13 28 26
13 19 50
13 50 51
13 51 52
13 52 53
13 53 54
13 54 55
13 55 22
13 26 94
13 94 95
13 95 18
13 25 91
13 91 138
13 146 34
14 18 21
14 34 35
14 35 32
14 32 30
14 30 28
14 28 26
14 26 94
14 94 95
14 95 18
14 21 108
14 108 109
14 109 110
14 110 111
14 111 112
14 112 113
14 113 93
14 93 140
14 146 34
15 12 13
15 16 17
15 13 34
15 34 35
15 49 16
15 17 74
15 74 75
15 75 76
15 76 77
15 77 78
15 78 79
15 79 12
15 35 141
15 147 49
16 18 19
16 22 23
16 41 39
16 39 45
16 45 43
16 43 48
16 19 50
16 50 51
16 51 52
16 52 53
16 53 54
16 54 55
16 55 22
16 23 100
16 100 101
16 101 41
16 92 102
16 102 103
16 103 104
16 104 105
16 105 106
16 106 107
16 107 18
16 145 92
16 48 142
17 22 25
17 46 47
17 47 44
17 44 42
17 42 40
17 40 38
17 38 98
17 98 99
17 99 22
17 25 91
17 91 138
17 147 46
18 20 21
18 21 108
18 108 109
18 109 110
18 110 111
18 111 112
18 112 113
18 113 93
18 88 20
18 144 88
18 93 140
19 24 23
19 41 39
19 39 45
19 45 43
19 43 48
19 23 100
19 100 101
19 101 41
19 90 24
19 143 90
19 48 142
20 18 21
20 34 35
20 35 32
20 32 30
20 30 28
20 28 26
20 26 94
20 94 95
20 95 18
20 21 89
20 89 139
20 146 34
21 11 3
21 0 13
21 13 34
21 34 35
21 3 62
21 62 63
21 63 64
21 64 65
21 65 66
21 66 67
21 67 0
21 35 141
22 18 19
22 22 25
22 19 50
22 50 51
22 51 52
22 52 53
22 53 54
22 54 55
22 55 22
22 92 102
22 102 103
22 103 104
22 104 105
22 105 106
22 106 107
22 107 18
22 25 91
22 145 92
22 91 138
23 0 1
23 9 5
23 14 17
23 17 46
23 46 47
23 1 68
23 68 69
23 69 70
23 70 71
23 71 72
23 72 73
23 73 14
23 5 114
23 114 115
23 115 116
23 116 117
23 117 118
23 118 119
23 119 0
23 47 142
25 4 8
25 12 1
25 14 17
25 17 74
25 74 75
25 75 76
25 76 77
25 77 78
25 78 79
25 79 12
25 1 120
25 120 121
25 121 122
25 122 123
25 123 124
25 124 125
25 125 4
25 7 126
25 126 127
25 127 128
25 128 129
25 129 130
25 130 131
25 131 14
26 20 19
26 24 25
26 29 27
26 27 33
26 33 31
26 31 36
26 25 56
26 56 57
26 57 58
26 58 59
26 59 60
26 60 61
26 61 20
26 19 96
26 96 97
26 97 29
26 90 24
26 143 90
26 36 141
27 12 1
27 14 15
27 37 12
27 1 68
27 68 69
27 69 70
27 70 71
27 71 72
27 72 73
27 73 14
27 15 132
27 132 133
27 133 134
27 134 135
27 135 136
27 136 137
27 137 6
27 146 37
28 24 23
28 41 39
28 39 45
28 45 43
28 43 48
28 23 100
28 100 101
28 101 41
28 90 24
28 143 90
28 48 142
29 9 5
29 0 13
29 18 21
29 13 34
29 34 35
29 35 32
29 32 30
29 30 28
29 28 26
29 26 94
29 94 95
29 95 18
29 21 89
29 5 114
29 114 115
29 115 116
29 116 117
29 117 118
29 118 119
29 119 0
29 89 139
30 12 13
30 16 17
30 13 34
30 34 35
30 49 16
30 17 74
30 74 75
30 75 76
30 76 77
30 77 78
30 78 79
30 79 12
30 35 141
30 147 49
31 20 19
31 29 27
31 27 33
31 33 31
31 31 36
31 19 96
31 96 97
31 97 29
31 88 20
31 144 88
31 36 141
32 12 1
32 14 17
32 22 25
32 37 12
32 17 46
32 46 47
32 47 44
32 44 42
32 42 40
32 40 38
32 1 68
32 68 69
32 69 70
32 70 71
32 71 72
32 72 73
32 73 14
32 38 98
32 98 99
32 99 22
32 25 91
32 91 138
32 146 37
33 20 19
33 22 25
33 19 50
33 50 51
33 51 52
33 52 53
33 53 54
33 54 55
33 55 22
33 88 20
33 25 91
33 144 88
33 91 138
35 0 1
35 11 3
35 4 8
35 3 62
35 62 63
35 63 64
35 64 65
35 65 66
35 66 67
35 67 0
35 1 120
35 120 121
35 121 122
35 122 123
35 123 124
35 124 125
35 125 4
36 20 21
36 24 25
36 25 56
36 56 57
36 57 58
36 58 59
36 59 60
36 60 61
36 61 20
36 21 108
36 108 109
36 109 110
36 110 111
36 111 112
36 112 113
36 113 93
36 90 24
36 143 90
36 93 140
37 0 1
37 9 5
37 14 17
37 17 46
37 46 47
37 1 68
37 68 69
37 69 70
37 70 71
37 71 72
37 72 73
37 73 14
37 5 114
37 114 115
37 115 116
37 116 117
37 117 118
37 118 119
37 119 0
37 47 142
38 0 1
38 11 3
38 14 17
38 17 46
38 46 47
38 3 62
38 62 63
38 63 64
38 64 65
38 65 66
38 66 67
38 67 0
38 1 68
38 68 69
38 69 70
38 70 71
38 71 72
38 72 73
38 73 14
38 47 142
39 0 1
39 9 5
39 14 17
39 17 46
39 46 47
39 1 68
39 68 69
39 69 70
39 70 71
39 71 72
39 72 73
39 73 14
39 5 114
39 114 115
39 115 116
39 116 117
39 117 118
39 118 119
39 119 0
39 47 142
40 14 17
40 17 46
40 46 47
40 7 126
40 126 127
40 127 128
40 128 129
40 129 130
40 130 131
40 131 14
40 47 142
41 18 19
41 22 25
41 19 50
41 50 51
41 51 52
41 52 53
41 53 54
41 54 55
41 55 22
41 92 102
41 102 103
41 103 104
41 104 105
41 105 106
41 106 107
41 107 18
41 25 91
41 145 92
41 91 138
42 20 21
42 24 25
42 25 56
42 56 57
42 57 58
42 58 59
42 59 60
42 60 61
42 61 20
42 21 89
42 90 24
42 143 90
42 89 139
43 0 1
43 9 5
43 14 15
43 1 68
43 68 69
43 69 70
43 70 71
43 71 72
43 72 73
43 73 14
43 5 114
43 114 115
43 115 116
43 116 117
43 117 118
43 118 119
43 119 0
43 15 132
43 132 133
43 133 134
43 134 135
43 135 136
43 136 137
43 137 6
44 12 1
44 14 17
44 37 12
44 17 46
44 46 47
44 1 68
44 68 69
44 69 70
44 70 71
44 71 72
44 72 73
44 73 14
44 47 142
44 146 37
45 16 15
45 24 23
45 41 39
45 39 45
45 45 43
45 43 48
45 48 49
45 49 16
45 23 100
45 100 101
45 101 41
45 90 24
45 15 132
45 132 133
45 133 134
45 134 135
45 135 136
45 136 137
45 137 6
45 143 90
46 2 10
46 9 5
46 0 13
46 13 80
46 80 81
46 81 82
46 82 83
46 83 84
46 84 85
46 85 2
46 5 114
46 114 115
46 115 116
46 116 117
46 117 118
46 118 119
46 119 0
47 24 23
47 41 39
47 39 45
47 45 43
47 43 48
47 23 100
47 100 101
47 101 41
47 90 24
47 143 90
47 48 142
48 9 5
48 0 13
48 18 21
48 13 34
48 34 35
48 35 32
48 32 30
48 30 28
48 28 26
48 26 94
48 94 95
48 95 18
48 21 89
48 5 114
48 114 115
48 115 116
48 116 117
48 117 118
48 118 119
48 119 0
48 89 139
49 4 8
49 12 1
49 16 17
49 49 16
49 17 74
49 74 75
49 75 76
49 76 77
49 77 78
49 78 79
49 79 12
49 1 120
49 120 121
49 121 122
49 122 123
49 123 124
49 124 125
49 125 4
49 147 49
50 12 13
50 14 17
50 13 34
50 34 35
50 17 74
50 74 75
50 75 76
50 76 77
50 77 78
50 78 79
50 79 12
50 7 126
50 126 127
50 127 128
50 128 129
50 129 130
50 130 131
50 131 14
50 35 141
51 0 1
51 9 5
51 14 15
51 1 68
51 68 69
51 69 70
51 70 71
51 71 72
51 72 73
51 73 14
51 5 114
51 114 115
51 115 116
51 116 117
51 117 118
51 118 119
51 119 0
51 15 132
51 132 133
51 133 134
51 134 135
51 135 136
51 136 137
51 137 6
52 18 21
52 92 102
52 102 103
52 103 104
52 104 105
52 105 106
52 106 107
52 107 18
52 21 89
52 145 92
52 89 139
53 20 19
53 22 23
53 41 39
53 39 45
53 45 43
53 43 48
53 19 50
53 50 51
53 51 52
53 52 53
53 53 54
53 54 55
53 55 22
53 23 100
53 100 101
53 101 41
53 88 20
53 144 88
53 48 142
54 18 21
54 92 102
54 102 103
54 103 104
54 104 105
54 105 106
54 106 107
54 107 18
54 21 89
54 145 92
54 89 139
55 11 3
55 0 13
55 13 34
55 34 35
55 3 62
55 62 63
55 63 64
55 64 65
55 65 66
55 66 67
55 67 0
55 35 141
56 18 21
56 92 102
56 102 103
56 103 104
56 104 105
56 105 106
56 106 107
56 107 18
56 21 89
56 145 92
56 89 139
57 9 5
57 0 13
57 13 34
57 34 35
57 5 114
57 114 115
57 115 116
57 116 117
57 117 118
57 118 119
57 119 0
57 35 141
58 0 1
58 11 3
58 14 17
58 17 46
58 46 47
58 3 62
58 62 63
58 63 64
58 64 65
58 65 66
58 66 67
58 67 0
58 1 68
58 68 69
58 69 70
58 70 71
58 71 72
58 72 73
58 73 14
58 47 142
59 18 19
59 22 25
59 19 50
59 50 51
59 51 52
59 52 53
59 53 54
59 54 55
59 55 22
59 92 102
59 102 103
59 103 104
59 104 105
59 105 106
59 106 107
59 107 18
59 25 91
59 145 92
59 91 138
60 24 23
60 41 39
60 39 45
60 45 43
60 43 48
60 23 100
60 100 101
60 101 41
60 90 24
60 143 90
60 48 142
61 18 19
61 22 23
61 41 39
61 39 45
61 45 43
61 43 48
61 19 50
61 50 51
61 51 52
61 52 53
61 53 54
61 54 55
61 55 22
61 23 100
61 100 101
61 101 41
61 92 102
61 102 103
61 103 104
61 104 105
61 105 106
61 106 107
61 107 18
61 145 92
61 48 142
62 2 10
62 12 13
62 37 12
62 13 80
62 80 81
62 81 82
62 82 83
62 83 84
62 84 85
62 85 2
62 146 37
63 18 21
63 92 102
63 102 103
63 103 104
63 104 105
63 105 106
63 106 107
63 107 18
63 21 89
63 145 92
63 89 139
64 12 1
64 14 17
64 37 12
64 17 46
64 46 47
64 1 68
64 68 69
64 69 70
64 70 71
64 71 72
64 72 73
64 73 14
64 47 142
64 146 37
65 12 13
65 14 17
65 18 19
65 22 23
65 13 34
65 34 35
65 35 32
65 32 30
65 30 28
65 28 26
65 41 39
65 39 45
65 45 43
65 43 48
65 19 50
65 50 51
65 51 52
65 52 53
65 53 54
65 54 55
65 55 22
65 17 74
65 74 75
65 75 76
65 76 77
65 77 78
65 78 79
65 79 12
65 26 94
65 94 95
65 95 18
65 23 100
65 100 101
65 101 41
65 7 126
65 126 127
65 127 128
65 128 129
65 129 130
65 130 131
65 131 14
65 48 142
66 16 15
66 49 16
66 15 132
66 132 133
66 133 134
66 134 135
66 135 136
66 136 137
66 137 6
66 147 49
67 4 8
67 12 1
67 14 17
67 17 74
67 74 75
67 75 76
67 76 77
67 77 78
67 78 79
67 79 12
67 1 120
67 120 121
67 121 122
67 122 123
67 123 124
67 124 125
67 125 4
67 7 126
67 126 127
67 127 128
67 128 129
67 129 130
67 130 131
67 131 14
68 2 10
68 12 13
68 20 19
68 29 27
68 27 33
68 33 31
68 31 36
68 36 37
68 37 12
68 13 80
68 80 81
68 81 82
68 82 83
68 83 84
68 84 85
68 85 2
68 19 96
68 96 97
68 97 29
68 88 20
68 144 88
69 20 21
69 22 25
69 46 47
69 47 44
69 44 42
69 42 40
69 40 38
69 25 56
69 56 57
69 57 58
69 58 59
69 59 60
69 60 61
69 61 20
69 38 98
69 98 99
69 99 22
69 21 89
69 89 139
69 147 46
71 2 10
71 9 5
71 0 13
71 13 80
71 80 81
71 81 82
71 82 83
71 83 84
71 84 85
71 85 2
71 5 114
71 114 115
71 115 116
71 116 117
71 117 118
71 118 119
71 119 0
72 0 1
72 11 3
72 4 8
72 3 62
72 62 63
72 63 64
72 64 65
72 65 66
72 66 67
72 67 0
72 1 120
72 120 121
72 121 122
72 122 123
72 123 124
72 124 125
72 125 4
73 4 8
73 12 1
73 16 17
73 49 16
73 17 74
73 74 75
73 75 76
73 76 77
73 77 78
73 78 79
73 79 12
73 1 120
73 120 121
73 121 122
73 122 123
73 123 124
73 124 125
73 125 4
73 147 49
74 4 8
74 12 1
74 14 17
74 17 74
74 74 75
74 75 76
74 76 77
74 77 78
74 78 79
74 79 12
74 1 120
74 120 121
74 121 122
74 122 123
74 123 124
74 124 125
74 125 4
74 7 126
74 126 127
74 127 128
74 128 129
74 129 130
74 130 131
74 131 14
75 18 19
75 22 25
75 19 50
75 50 51
75 51 52
75 52 53
75 53 54
75 54 55
75 55 22
75 92 102
75 102 103
75 103 104
75 104 105
75 105 106
75 106 107
75 107 18
75 25 91
75 145 92
75 91 138
76 20 19
76 29 27
76 27 33
76 33 31
76 31 36
76 19 96
76 96 97
76 97 29
76 88 20
76 144 88
76 36 141
77 18 21
77 34 35
77 35 32
77 32 30
77 30 28
77 28 26
77 26 94
77 94 95
77 95 18
77 21 89
77 89 139
77 146 34
78 20 21
78 21 108
78 108 109
78 109 110
78 110 111
78 111 112
78 112 113
78 113 93
78 88 20
78 144 88
78 93 140
79 22 25
79 46 47
79 47 44
79 44 42
79 42 40
79 40 38
79 38 98
79 98 99
79 99 22
79 25 91
79 91 138
79 147 46
82 11 3
82 0 13
82 13 34
82 34 35
82 3 62
82 62 63
82 63 64
82 64 65
82 65 66
82 66 67
82 67 0
82 35 141
83 0 1
83 9 5
83 14 17
83 17 46
83 46 47
83 1 68
83 68 69
83 69 70
83 70 71
83 71 72
83 72 73
83 73 14
83 5 114
83 114 115
83 115 116
83 116 117
83 117 118
83 118 119
83 119 0
83 47 142
84 16 15
84 49 16
84 15 132
84 132 133
84 133 134
84 134 135
84 135 136
84 136 137
84 137 6
84 147 49
85 0 1
85 9 5
85 14 15
85 1 68
85 68 69
85 69 70
85 70 71
85 71 72
85 72 73
85 73 14
85 5 114
85 114 115
85 115 116
85 116 117
85 117 118
85 118 119
85 119 0
85 15 132
85 132 133
85 133 134
85 134 135
85 135 136
85 136 137
85 137 6
86 20 19
86 24 25
86 29 27
86 27 33
86 33 31
86 31 36
86 25 56
86 56 57
86 57 58
86 58 59
86 59 60
86 60 61
86 61 20
86 19 96
86 96 97
86 97 29
86 90 24
86 143 90
86 36 141
87 20 19
87 22 25
87 19 50
87 50 51
87 51 52
87 52 53
87 53 54
87 54 55
87 55 22
87 88 20
87 25 91
87 144 88
87 91 138
89 18 19
89 22 23
89 41 39
89 39 45
89 45 43
89 43 48
89 19 50
89 50 51
89 51 52
89 52 53
89 53 54
89 54 55
89 55 22
89 23 100
89 100 101
89 101 41
89 92 102
89 102 103
89 103 104
89 104 105
89 105 106
89 106 107
89 107 18
89 145 92
89 48 142
90 18 19
90 22 25
90 34 35
90 35 32
90 32 30
90 30 28
90 28 26
90 19 50
90 50 51
90 51 52
90 52 53
90 53 54
90 54 55
90 55 22
90 26 94
90 94 95
90 95 18
90 25 91
90 91 138
90 146 34
92 24 23
92 41 39
92 39 45
92 45 43
92 43 48
92 23 100
92 100 101
92 101 41
92 90 24
92 143 90
92 48 142
94 4 8
94 12 1
94 14 17
94 17 74
94 74 75
94 75 76
94 76 77
94 77 78
94 78 79
94 79 12
94 1 120
94 120 121
94 121 122
94 122 123
94 123 124
94 124 125
94 125 4
94 7 126
94 126 127
94 127 128
94 128 129
94 129 130
94 130 131
94 131 14
96 16 15
96 24 23
96 41 39
96 39 45
96 45 43
96 43 48
96 48 49
96 49 16
96 23 100
96 100 101
96 101 41
96 90 24
96 15 132
96 132 133
96 133 134
96 134 135
96 135 136
96 136 137
96 137 6
96 143 90
97 20 19
97 22 25
97 19 50
97 50 51
97 51 52
97 52 53
97 53 54
97 54 55
97 55 22
97 88 20
97 25 91
97 144 88
97 91 138
99 20 21
99 21 108
99 108 109
99 109 110
99 110 111
99 111 112
99 112 113
99 113 93
99 88 20
99 144 88
99 93 140
100 2 10
100 12 13
100 20 19
100 29 27
100 27 33
100 33 31
100 31 36
100 36 37
100 37 12
100 13 80
100 80 81
100 81 82
100 82 83
100 83 84
100 84 85
100 85 2
100 19 96
100 96 97
100 97 29
100 88 20
100 144 88
;
;
set inFlight:=
0
3
4
5
6
8
9
12
14
15
16
18
;
set passedFreeF:=
11 9 5
11 5 114
11 114 115
11 115 116
11 116 117
11 117 118
11 118 119
11 119 0
11 0 13
11 13 80
11 80 81
11 81 82
11 82 83
11 83 84
11 84 85
11 85 2
11 2 10
24 146 37
24 37 12
24 12 13
24 13 80
24 80 81
24 81 82
24 82 83
24 83 84
24 84 85
24 85 2
24 2 10
34 146 37
34 37 12
34 12 1
34 1 68
34 68 69
34 69 70
34 70 71
34 71 72
34 72 73
34 73 14
34 14 17
34 17 46
34 46 47
34 47 142
;
param tini := 4.182291993668384;
