param nn:= 148;
set F:=
0
1
2
3
4
5
6
7
8
9
10
12
13
14
15
16
17
18
19
20
21
22
23
24
25
26
27
28
29
30
31
32
33
34
35
36
37
38
39
40
41
43
44
45
46
47
48
49
50
51
52
53
54
55
57
58
59
60
61
62
63
64
66
68
69
70
71
72
73
74
75
76
77
78
79
80
81
84
90
91
96
97
98
;
set AP:=
98
;
param: E: d:=
0 1 2.500000
2 10 1.500000
11 3 1.500000
4 8 1.500000
9 5 1.500000
12 13 2.500000
0 13 2.500000
12 1 2.500000
14 15 2.500000
16 17 2.500000
14 17 2.500000
16 15 2.500000
18 19 2.500000
20 21 2.500000
18 21 2.500000
20 19 2.500000
22 23 2.500000
24 25 2.500000
22 25 2.500000
24 23 2.500000
13 34 2.500000
34 35 2.500000
35 32 2.500000
32 30 2.500000
30 28 2.500000
28 26 2.500000
29 27 2.500000
27 33 2.500000
33 31 2.500000
31 36 2.500000
36 37 2.500000
37 12 2.500000
17 46 2.500000
46 47 2.500000
47 44 2.500000
44 42 2.500000
42 40 2.500000
40 38 2.500000
41 39 2.500000
39 45 2.500000
45 43 2.500000
43 48 2.500000
48 49 2.500000
49 16 2.500000
19 50 2.500000
50 51 2.500000
51 52 2.500000
52 53 2.500000
53 54 2.500000
54 55 2.500000
55 22 2.500000
25 56 2.500000
56 57 2.500000
57 58 2.500000
58 59 2.500000
59 60 2.500000
60 61 2.500000
61 20 2.500000
3 62 2.500000
62 63 2.500000
63 64 2.500000
64 65 2.500000
65 66 2.500000
66 67 2.500000
67 0 2.500000
1 68 2.500000
68 69 2.500000
69 70 2.500000
70 71 2.500000
71 72 2.500000
72 73 2.500000
73 14 2.500000
17 74 2.500000
74 75 2.500000
75 76 2.500000
76 77 2.500000
77 78 2.500000
78 79 2.500000
79 12 2.500000
13 80 2.500000
80 81 2.500000
81 82 2.500000
82 83 2.500000
83 84 2.500000
84 85 2.500000
85 2 2.500000
26 94 2.500000
94 95 2.500000
95 18 2.500000
19 96 2.500000
96 97 2.500000
97 29 2.500000
38 98 2.500000
98 99 2.500000
99 22 2.500000
23 100 2.500000
100 101 2.500000
101 41 2.500000
92 102 2.500000
102 103 2.500000
103 104 2.500000
104 105 2.500000
105 106 2.500000
106 107 2.500000
107 18 2.500000
21 108 2.500000
108 109 2.500000
109 110 2.500000
110 111 2.500000
111 112 2.500000
112 113 2.500000
113 93 2.500000
21 89 2.500000
88 20 2.500000
25 91 2.500000
90 24 2.500000
5 114 2.500000
114 115 2.500000
115 116 2.500000
116 117 2.500000
117 118 2.500000
118 119 2.500000
119 0 2.500000
1 120 2.500000
120 121 2.500000
121 122 2.500000
122 123 2.500000
123 124 2.500000
124 125 2.500000
125 4 2.500000
7 126 1.500000
126 127 2.500000
127 128 2.500000
128 129 2.500000
129 130 2.500000
130 131 2.500000
131 14 2.500000
15 132 2.500000
132 133 2.500000
133 134 2.500000
134 135 2.500000
135 136 2.500000
136 137 2.500000
137 6 1.500000
87 6 1.500000
7 86 1.500000
144 88 1.500000
143 90 1.500000
145 92 1.500000
93 140 1.500000
89 139 1.500000
91 138 1.500000
48 142 1.500000
47 142 1.500000
36 141 1.500000
35 141 1.500000
146 37 1.500000
146 34 1.500000
147 46 1.500000
147 49 1.500000
;
param s:=
0 145
1 146
2 146
3 147
4 146
5 144
6 147
7 147
8 144
9 9
10 145
12 11
13 146
14 11
15 143
16 145
17 11
18 146
19 7
20 7
21 145
22 9
23 146
24 143
25 143
26 146
27 146
28 147
29 146
30 145
31 9
32 146
33 147
34 146
35 143
36 145
37 143
38 143
39 145
40 144
41 145
43 145
44 144
45 147
46 147
47 143
48 144
49 9
50 147
51 146
52 145
53 7
54 7
55 9
57 7
58 147
59 146
60 9
61 146
62 7
63 11
64 11
66 11
68 9
69 147
70 9
71 145
72 7
73 145
74 9
75 147
76 146
77 9
78 144
79 144
80 11
81 147
84 146
90 7
91 7
96 143
97 11
98 145
;
param e:=
0 142
1 140
2 10
3 10
4 6
5 142
6 138
7 138
8 10
9 10
10 141
12 8
13 8
14 141
15 140
16 138
17 8
18 138
19 138
20 141
21 139
22 10
23 139
24 141
25 140
26 142
27 139
28 8
29 6
30 138
31 142
32 138
33 6
34 138
35 140
36 141
37 6
38 141
39 138
40 10
41 139
43 142
44 141
45 138
46 8
47 6
48 142
49 139
50 138
51 139
52 142
53 138
54 138
55 10
57 10
58 6
59 140
60 141
61 6
62 8
63 6
64 139
66 6
68 139
69 10
70 10
71 141
72 142
73 138
74 139
75 6
76 138
77 139
78 142
79 140
80 6
81 141
84 8
90 10
91 141
96 141
97 8
98 141
;
param v_min:=2.375
;
param v_max:=2.625
;
param :conflictsNodes: angle:=
0 1 13 1.000000
0 13 1 1.000000
0 1 67 1.000000
0 67 1 1.000000
0 1 119 1.000000
0 119 1 1.000000
0 13 67 1.000000
0 67 13 1.000000
0 13 119 1.000000
0 119 13 1.000000
0 67 119 1.000000
0 119 67 1.000000
1 0 68 1.000000
1 68 0 1.000000
1 0 120 1.000000
1 120 0 1.000000
1 0 12 1.000000
1 12 0 1.000000
1 68 120 1.000000
1 120 68 1.000000
1 12 68 1.000000
1 68 12 1.000000
1 12 120 1.000000
1 120 12 1.000000
12 13 37 1.000000
12 37 13 1.000000
12 13 79 1.000000
12 79 13 1.000000
12 1 13 1.000000
12 13 1 1.000000
12 1 37 1.000000
12 37 1 1.000000
12 1 79 1.000000
12 79 1 1.000000
12 37 79 1.000000
12 79 37 1.000000
13 0 12 1.000000
13 12 0 1.000000
13 0 34 1.000000
13 34 0 1.000000
13 0 80 1.000000
13 80 0 1.000000
13 12 34 1.000000
13 34 12 1.000000
13 12 80 1.000000
13 80 12 1.000000
13 34 80 1.000000
13 80 34 1.000000
14 15 17 1.000000
14 17 15 1.000000
14 15 73 1.000000
14 73 15 1.000000
14 15 131 1.000000
14 131 15 1.000000
14 17 73 1.000000
14 73 17 1.000000
14 17 131 1.000000
14 131 17 1.000000
14 73 131 1.000000
14 131 73 1.000000
15 14 132 1.000000
15 132 14 1.000000
15 14 16 1.000000
15 16 14 1.000000
15 16 132 1.000000
15 132 16 1.000000
16 17 49 1.000000
16 49 17 1.000000
16 15 17 1.000000
16 17 15 1.000000
16 15 49 1.000000
16 49 15 1.000000
17 14 16 1.000000
17 16 14 1.000000
17 14 46 1.000000
17 46 14 1.000000
17 14 74 1.000000
17 74 14 1.000000
17 16 46 1.000000
17 46 16 1.000000
17 16 74 1.000000
17 74 16 1.000000
17 46 74 1.000000
17 74 46 1.000000
18 19 21 1.000000
18 21 19 1.000000
18 19 95 1.000000
18 95 19 1.000000
18 19 107 1.000000
18 107 19 1.000000
18 21 95 1.000000
18 95 21 1.000000
18 21 107 1.000000
18 107 21 1.000000
18 95 107 1.000000
18 107 95 1.000000
19 18 50 1.000000
19 50 18 1.000000
19 18 96 1.000000
19 96 18 1.000000
19 18 20 1.000000
19 20 18 1.000000
19 50 96 1.000000
19 96 50 1.000000
19 20 50 1.000000
19 50 20 1.000000
19 20 96 1.000000
19 96 20 1.000000
20 21 61 1.000000
20 61 21 1.000000
20 21 88 1.000000
20 88 21 1.000000
20 19 21 1.000000
20 21 19 1.000000
20 19 61 1.000000
20 61 19 1.000000
20 19 88 1.000000
20 88 19 1.000000
20 61 88 1.000000
20 88 61 1.000000
21 18 20 1.000000
21 20 18 1.000000
21 18 108 1.000000
21 108 18 1.000000
21 18 89 1.000000
21 89 18 1.000000
21 20 108 1.000000
21 108 20 1.000000
21 20 89 1.000000
21 89 20 1.000000
21 89 108 1.000000
21 108 89 1.000000
22 23 25 1.000000
22 25 23 1.000000
22 23 55 1.000000
22 55 23 1.000000
22 23 99 1.000000
22 99 23 1.000000
22 25 55 1.000000
22 55 25 1.000000
22 25 99 1.000000
22 99 25 1.000000
22 55 99 1.000000
22 99 55 1.000000
23 22 100 1.000000
23 100 22 1.000000
23 22 24 1.000000
23 24 22 1.000000
23 24 100 1.000000
23 100 24 1.000000
24 25 90 1.000000
24 90 25 1.000000
24 23 25 1.000000
24 25 23 1.000000
24 23 90 1.000000
24 90 23 1.000000
25 22 24 1.000000
25 24 22 1.000000
25 22 56 1.000000
25 56 22 1.000000
25 22 91 1.000000
25 91 22 1.000000
25 24 56 1.000000
25 56 24 1.000000
25 24 91 1.000000
25 91 24 1.000000
25 56 91 1.000000
25 91 56 1.000000
26 28 94 1.000000
26 94 28 1.000000
27 29 33 1.000000
27 33 29 1.000000
28 26 30 1.000000
28 30 26 1.000000
29 27 97 1.000000
29 97 27 1.000000
30 28 32 1.000000
30 32 28 1.000000
31 33 36 1.000000
31 36 33 1.000000
32 30 35 1.000000
32 35 30 1.000000
33 27 31 1.000000
33 31 27 1.000000
34 13 35 1.000000
34 35 13 1.000000
35 32 34 1.000000
35 34 32 1.000000
36 31 37 1.000000
36 37 31 1.000000
37 12 36 1.000000
37 36 12 1.000000
38 40 98 1.000000
38 98 40 1.000000
39 41 45 1.000000
39 45 41 1.000000
40 38 42 1.000000
40 42 38 1.000000
41 39 101 1.000000
41 101 39 1.000000
42 40 44 1.000000
42 44 40 1.000000
43 45 48 1.000000
43 48 45 1.000000
44 42 47 1.000000
44 47 42 1.000000
45 39 43 1.000000
45 43 39 1.000000
46 17 47 1.000000
46 47 17 1.000000
47 44 46 1.000000
47 46 44 1.000000
48 43 49 1.000000
48 49 43 1.000000
49 16 48 1.000000
49 48 16 1.000000
50 19 51 1.000000
50 51 19 1.000000
51 50 52 1.000000
51 52 50 1.000000
52 51 53 1.000000
52 53 51 1.000000
53 52 54 1.000000
53 54 52 1.000000
54 53 55 1.000000
54 55 53 1.000000
55 22 54 1.000000
55 54 22 1.000000
56 25 57 1.000000
56 57 25 1.000000
57 56 58 1.000000
57 58 56 1.000000
58 57 59 1.000000
58 59 57 1.000000
59 58 60 1.000000
59 60 58 1.000000
60 59 61 1.000000
60 61 59 1.000000
61 20 60 1.000000
61 60 20 1.000000
62 3 63 1.000000
62 63 3 1.000000
63 62 64 1.000000
63 64 62 1.000000
64 63 65 1.000000
64 65 63 1.000000
65 64 66 1.000000
65 66 64 1.000000
66 65 67 1.000000
66 67 65 1.000000
67 0 66 1.000000
67 66 0 1.000000
68 1 69 1.000000
68 69 1 1.000000
69 68 70 1.000000
69 70 68 1.000000
70 69 71 1.000000
70 71 69 1.000000
71 70 72 1.000000
71 72 70 1.000000
72 71 73 1.000000
72 73 71 1.000000
73 14 72 1.000000
73 72 14 1.000000
74 17 75 1.000000
74 75 17 1.000000
75 74 76 1.000000
75 76 74 1.000000
76 75 77 1.000000
76 77 75 1.000000
77 76 78 1.000000
77 78 76 1.000000
78 77 79 1.000000
78 79 77 1.000000
79 12 78 1.000000
79 78 12 1.000000
80 13 81 1.000000
80 81 13 1.000000
81 80 82 1.000000
81 82 80 1.000000
82 81 83 1.000000
82 83 81 1.000000
83 82 84 1.000000
83 84 82 1.000000
84 83 85 1.000000
84 85 83 1.000000
85 2 84 1.000000
85 84 2 1.000000
94 26 95 1.000000
94 95 26 1.000000
95 18 94 1.000000
95 94 18 1.000000
96 19 97 1.000000
96 97 19 1.000000
97 29 96 1.000000
97 96 29 1.000000
98 38 99 1.000000
98 99 38 1.000000
99 22 98 1.000000
99 98 22 1.000000
100 23 101 1.000000
100 101 23 1.000000
101 41 100 1.000000
101 100 41 1.000000
102 92 103 1.000000
102 103 92 1.000000
103 102 104 1.000000
103 104 102 1.000000
104 103 105 1.000000
104 105 103 1.000000
105 104 106 1.000000
105 106 104 1.000000
106 105 107 1.000000
106 107 105 1.000000
107 18 106 1.000000
107 106 18 1.000000
108 21 109 1.000000
108 109 21 1.000000
109 108 110 1.000000
109 110 108 1.000000
110 109 111 1.000000
110 111 109 1.000000
111 110 112 1.000000
111 112 110 1.000000
112 111 113 1.000000
112 113 111 1.000000
113 93 112 1.000000
113 112 93 1.000000
114 5 115 1.000000
114 115 5 1.000000
115 114 116 1.000000
115 116 114 1.000000
116 115 117 1.000000
116 117 115 1.000000
117 116 118 1.000000
117 118 116 1.000000
118 117 119 1.000000
118 119 117 1.000000
119 0 118 1.000000
119 118 0 1.000000
120 1 121 1.000000
120 121 1 1.000000
121 120 122 1.000000
121 122 120 1.000000
122 121 123 1.000000
122 123 121 1.000000
123 122 124 1.000000
123 124 122 1.000000
124 123 125 1.000000
124 125 123 1.000000
125 4 124 1.000000
125 124 4 1.000000
127 126 128 1.000000
127 128 126 1.000000
128 127 129 1.000000
128 129 127 1.000000
129 128 130 1.000000
129 130 128 1.000000
130 129 131 1.000000
130 131 129 1.000000
131 14 130 1.000000
131 130 14 1.000000
132 15 133 1.000000
132 133 15 1.000000
133 132 134 1.000000
133 134 132 1.000000
134 133 135 1.000000
134 135 133 1.000000
135 134 136 1.000000
135 136 134 1.000000
136 135 137 1.000000
136 137 135 1.000000
;
param D:=0.5;
param t_hat_ear:=
0 145 7.0
0 92 8.0
0 102 9.0
0 103 10.0
0 104 11.0
0 105 12.0
0 106 13.0
0 107 14.0
0 18 15.0
0 19 16.0
0 50 17.0
0 51 18.0
0 52 19.0
0 53 20.0
0 54 21.0
0 55 22.0
0 22 23.0
0 23 24.0
0 100 25.0
0 101 26.0
0 41 27.0
0 39 28.0
0 45 29.0
0 43 30.0
0 48 31.0
0 142 32.0
1 146 0.0
1 34 1.0
1 35 2.0
1 32 3.0
1 30 4.0
1 28 5.0
1 26 6.0
1 94 7.0
1 95 8.0
1 18 9.0
1 21 10.0
1 108 11.0
1 109 12.0
1 110 13.0
1 111 14.0
1 112 15.0
1 113 16.0
1 93 17.0
1 140 18.0
2 146 2.0
2 37 3.0
2 12 4.0
2 13 5.0
2 80 6.0
2 81 7.0
2 82 8.0
2 83 9.0
2 84 10.0
2 85 11.0
2 2 12.0
2 10 13.0
3 147 2.0
3 49 3.0
3 16 4.0
3 17 5.0
3 74 6.0
3 75 7.0
3 76 8.0
3 77 9.0
3 78 10.0
3 79 11.0
3 12 12.0
3 13 13.0
3 80 14.0
3 81 15.0
3 82 16.0
3 83 17.0
3 84 18.0
3 85 19.0
3 2 20.0
3 10 21.0
4 146 6.0
4 37 7.0
4 12 8.0
4 1 9.0
4 68 10.0
4 69 11.0
4 70 12.0
4 71 13.0
4 72 14.0
4 73 15.0
4 14 16.0
4 15 17.0
4 132 18.0
4 133 19.0
4 134 20.0
4 135 21.0
4 136 22.0
4 137 23.0
4 6 24.0
5 144 0.0
5 88 1.0
5 20 2.0
5 19 3.0
5 50 4.0
5 51 5.0
5 52 6.0
5 53 7.0
5 54 8.0
5 55 9.0
5 22 10.0
5 23 11.0
5 100 12.0
5 101 13.0
5 41 14.0
5 39 15.0
5 45 16.0
5 43 17.0
5 48 18.0
5 142 19.0
6 147 4.0
6 46 5.0
6 47 6.0
6 44 7.0
6 42 8.0
6 40 9.0
6 38 10.0
6 98 11.0
6 99 12.0
6 22 13.0
6 25 14.0
6 91 15.0
6 138 16.0
7 147 6.0
7 46 7.0
7 47 8.0
7 44 9.0
7 42 10.0
7 40 11.0
7 38 12.0
7 98 13.0
7 99 14.0
7 22 15.0
7 25 16.0
7 91 17.0
7 138 18.0
8 144 2.0
8 88 3.0
8 20 4.0
8 19 5.0
8 96 6.0
8 97 7.0
8 29 8.0
8 27 9.0
8 33 10.0
8 31 11.0
8 36 12.0
8 37 13.0
8 12 14.0
8 13 15.0
8 80 16.0
8 81 17.0
8 82 18.0
8 83 19.0
8 84 20.0
8 85 21.0
8 2 22.0
8 10 23.0
9 9 0.0
9 5 1.0
9 114 2.0
9 115 3.0
9 116 4.0
9 117 5.0
9 118 6.0
9 119 7.0
9 0 8.0
9 13 9.0
9 80 10.0
9 81 11.0
9 82 12.0
9 83 13.0
9 84 14.0
9 85 15.0
9 2 16.0
9 10 17.0
10 145 3.0
10 92 4.0
10 102 5.0
10 103 6.0
10 104 7.0
10 105 8.0
10 106 9.0
10 107 10.0
10 18 11.0
10 19 12.0
10 96 13.0
10 97 14.0
10 29 15.0
10 27 16.0
10 33 17.0
10 31 18.0
10 36 19.0
10 141 20.0
12 11 4.0
12 3 5.0
12 62 6.0
12 63 7.0
12 64 8.0
12 65 9.0
12 66 10.0
12 67 11.0
12 0 12.0
12 1 13.0
12 120 14.0
12 121 15.0
12 122 16.0
12 123 17.0
12 124 18.0
12 125 19.0
12 4 20.0
12 8 21.0
13 146 4.0
13 37 5.0
13 12 6.0
13 1 7.0
13 120 8.0
13 121 9.0
13 122 10.0
13 123 11.0
13 124 12.0
13 125 13.0
13 4 14.0
13 8 15.0
14 11 2.0
14 3 3.0
14 62 4.0
14 63 5.0
14 64 6.0
14 65 7.0
14 66 8.0
14 67 9.0
14 0 10.0
14 13 11.0
14 34 12.0
14 35 13.0
14 141 14.0
15 143 1.0
15 90 2.0
15 24 3.0
15 25 4.0
15 56 5.0
15 57 6.0
15 58 7.0
15 59 8.0
15 60 9.0
15 61 10.0
15 20 11.0
15 21 12.0
15 108 13.0
15 109 14.0
15 110 15.0
15 111 16.0
15 112 17.0
15 113 18.0
15 93 19.0
15 140 20.0
16 145 5.0
16 92 6.0
16 102 7.0
16 103 8.0
16 104 9.0
16 105 10.0
16 106 11.0
16 107 12.0
16 18 13.0
16 19 14.0
16 50 15.0
16 51 16.0
16 52 17.0
16 53 18.0
16 54 19.0
16 55 20.0
16 22 21.0
16 25 22.0
16 91 23.0
16 138 24.0
17 11 7.0
17 3 8.0
17 62 9.0
17 63 10.0
17 64 11.0
17 65 12.0
17 66 13.0
17 67 14.0
17 0 15.0
17 1 16.0
17 120 17.0
17 121 18.0
17 122 19.0
17 123 20.0
17 124 21.0
17 125 22.0
17 4 23.0
17 8 24.0
18 146 8.0
18 34 9.0
18 35 10.0
18 32 11.0
18 30 12.0
18 28 13.0
18 26 14.0
18 94 15.0
18 95 16.0
18 18 17.0
18 19 18.0
18 50 19.0
18 51 20.0
18 52 21.0
18 53 22.0
18 54 23.0
18 55 24.0
18 22 25.0
18 25 26.0
18 91 27.0
18 138 28.0
19 7 0.0
19 126 1.0
19 127 2.0
19 128 3.0
19 129 4.0
19 130 5.0
19 131 6.0
19 14 7.0
19 17 8.0
19 46 9.0
19 47 10.0
19 44 11.0
19 42 12.0
19 40 13.0
19 38 14.0
19 98 15.0
19 99 16.0
19 22 17.0
19 25 18.0
19 91 19.0
19 138 20.0
20 7 11.0
20 126 12.0
20 127 13.0
20 128 14.0
20 129 15.0
20 130 16.0
20 131 17.0
20 14 18.0
20 17 19.0
20 74 20.0
20 75 21.0
20 76 22.0
20 77 23.0
20 78 24.0
20 79 25.0
20 12 26.0
20 13 27.0
20 34 28.0
20 35 29.0
20 141 30.0
21 145 11.0
21 92 12.0
21 102 13.0
21 103 14.0
21 104 15.0
21 105 16.0
21 106 17.0
21 107 18.0
21 18 19.0
21 21 20.0
21 89 21.0
21 139 22.0
22 9 10.0
22 5 11.0
22 114 12.0
22 115 13.0
22 116 14.0
22 117 15.0
22 118 16.0
22 119 17.0
22 0 18.0
22 13 19.0
22 80 20.0
22 81 21.0
22 82 22.0
22 83 23.0
22 84 24.0
22 85 25.0
22 2 26.0
22 10 27.0
23 146 29.0
23 34 30.0
23 35 31.0
23 32 32.0
23 30 33.0
23 28 34.0
23 26 35.0
23 94 36.0
23 95 37.0
23 18 38.0
23 21 39.0
23 89 40.0
23 139 41.0
24 143 29.0
24 90 30.0
24 24 31.0
24 25 32.0
24 56 33.0
24 57 34.0
24 58 35.0
24 59 36.0
24 60 37.0
24 61 38.0
24 20 39.0
24 19 40.0
24 96 41.0
24 97 42.0
24 29 43.0
24 27 44.0
24 33 45.0
24 31 46.0
24 36 47.0
24 141 48.0
25 143 21.0
25 90 22.0
25 24 23.0
25 25 24.0
25 56 25.0
25 57 26.0
25 58 27.0
25 59 28.0
25 60 29.0
25 61 30.0
25 20 31.0
25 21 32.0
25 108 33.0
25 109 34.0
25 110 35.0
25 111 36.0
25 112 37.0
25 113 38.0
25 93 39.0
25 140 40.0
26 146 15.0
26 37 16.0
26 12 17.0
26 1 18.0
26 68 19.0
26 69 20.0
26 70 21.0
26 71 22.0
26 72 23.0
26 73 24.0
26 14 25.0
26 17 26.0
26 46 27.0
26 47 28.0
26 142 29.0
27 146 13.0
27 34 14.0
27 35 15.0
27 32 16.0
27 30 17.0
27 28 18.0
27 26 19.0
27 94 20.0
27 95 21.0
27 18 22.0
27 21 23.0
27 89 24.0
27 139 25.0
28 147 18.0
28 49 19.0
28 16 20.0
28 17 21.0
28 74 22.0
28 75 23.0
28 76 24.0
28 77 25.0
28 78 26.0
28 79 27.0
28 12 28.0
28 1 29.0
28 120 30.0
28 121 31.0
28 122 32.0
28 123 33.0
28 124 34.0
28 125 35.0
28 4 36.0
28 8 37.0
29 146 17.0
29 37 18.0
29 12 19.0
29 1 20.0
29 68 21.0
29 69 22.0
29 70 23.0
29 71 24.0
29 72 25.0
29 73 26.0
29 14 27.0
29 15 28.0
29 132 29.0
29 133 30.0
29 134 31.0
29 135 32.0
29 136 33.0
29 137 34.0
29 6 35.0
30 145 18.0
30 92 19.0
30 102 20.0
30 103 21.0
30 104 22.0
30 105 23.0
30 106 24.0
30 107 25.0
30 18 26.0
30 19 27.0
30 50 28.0
30 51 29.0
30 52 30.0
30 53 31.0
30 54 32.0
30 55 33.0
30 22 34.0
30 25 35.0
30 91 36.0
30 138 37.0
31 9 14.0
31 5 15.0
31 114 16.0
31 115 17.0
31 116 18.0
31 117 19.0
31 118 20.0
31 119 21.0
31 0 22.0
31 1 23.0
31 68 24.0
31 69 25.0
31 70 26.0
31 71 27.0
31 72 28.0
31 73 29.0
31 14 30.0
31 17 31.0
31 46 32.0
31 47 33.0
31 142 34.0
32 146 19.0
32 34 20.0
32 35 21.0
32 32 22.0
32 30 23.0
32 28 24.0
32 26 25.0
32 94 26.0
32 95 27.0
32 18 28.0
32 19 29.0
32 50 30.0
32 51 31.0
32 52 32.0
32 53 33.0
32 54 34.0
32 55 35.0
32 22 36.0
32 25 37.0
32 91 38.0
32 138 39.0
33 147 10.0
33 49 11.0
33 16 12.0
33 15 13.0
33 132 14.0
33 133 15.0
33 134 16.0
33 135 17.0
33 136 18.0
33 137 19.0
33 6 20.0
34 146 21.0
34 34 22.0
34 35 23.0
34 32 24.0
34 30 25.0
34 28 26.0
34 26 27.0
34 94 28.0
34 95 29.0
34 18 30.0
34 19 31.0
34 50 32.0
34 51 33.0
34 52 34.0
34 53 35.0
34 54 36.0
34 55 37.0
34 22 38.0
34 25 39.0
34 91 40.0
34 138 41.0
35 143 17.0
35 90 18.0
35 24 19.0
35 25 20.0
35 56 21.0
35 57 22.0
35 58 23.0
35 59 24.0
35 60 25.0
35 61 26.0
35 20 27.0
35 21 28.0
35 108 29.0
35 109 30.0
35 110 31.0
35 111 32.0
35 112 33.0
35 113 34.0
35 93 35.0
35 140 36.0
36 145 16.0
36 92 17.0
36 102 18.0
36 103 19.0
36 104 20.0
36 105 21.0
36 106 22.0
36 107 23.0
36 18 24.0
36 19 25.0
36 96 26.0
36 97 27.0
36 29 28.0
36 27 29.0
36 33 30.0
36 31 31.0
36 36 32.0
36 141 33.0
37 143 10.0
37 90 11.0
37 24 12.0
37 23 13.0
37 100 14.0
37 101 15.0
37 41 16.0
37 39 17.0
37 45 18.0
37 43 19.0
37 48 20.0
37 49 21.0
37 16 22.0
37 15 23.0
37 132 24.0
37 133 25.0
37 134 26.0
37 135 27.0
37 136 28.0
37 137 29.0
37 6 30.0
38 143 25.0
38 90 26.0
38 24 27.0
38 25 28.0
38 56 29.0
38 57 30.0
38 58 31.0
38 59 32.0
38 60 33.0
38 61 34.0
38 20 35.0
38 19 36.0
38 96 37.0
38 97 38.0
38 29 39.0
38 27 40.0
38 33 41.0
38 31 42.0
38 36 43.0
38 141 44.0
39 145 24.0
39 92 25.0
39 102 26.0
39 103 27.0
39 104 28.0
39 105 29.0
39 106 30.0
39 107 31.0
39 18 32.0
39 19 33.0
39 50 34.0
39 51 35.0
39 52 36.0
39 53 37.0
39 54 38.0
39 55 39.0
39 22 40.0
39 25 41.0
39 91 42.0
39 138 43.0
40 144 20.0
40 88 21.0
40 20 22.0
40 19 23.0
40 96 24.0
40 97 25.0
40 29 26.0
40 27 27.0
40 33 28.0
40 31 29.0
40 36 30.0
40 37 31.0
40 12 32.0
40 13 33.0
40 80 34.0
40 81 35.0
40 82 36.0
40 83 37.0
40 84 38.0
40 85 39.0
40 2 40.0
40 10 41.0
41 145 28.0
41 92 29.0
41 102 30.0
41 103 31.0
41 104 32.0
41 105 33.0
41 106 34.0
41 107 35.0
41 18 36.0
41 21 37.0
41 89 38.0
41 139 39.0
43 145 38.0
43 92 39.0
43 102 40.0
43 103 41.0
43 104 42.0
43 105 43.0
43 106 44.0
43 107 45.0
43 18 46.0
43 19 47.0
43 50 48.0
43 51 49.0
43 52 50.0
43 53 51.0
43 54 52.0
43 55 53.0
43 22 54.0
43 23 55.0
43 100 56.0
43 101 57.0
43 41 58.0
43 39 59.0
43 45 60.0
43 43 61.0
43 48 62.0
43 142 63.0
44 144 35.0
44 88 36.0
44 20 37.0
44 19 38.0
44 96 39.0
44 97 40.0
44 29 41.0
44 27 42.0
44 33 43.0
44 31 44.0
44 36 45.0
44 141 46.0
45 147 20.0
45 46 21.0
45 47 22.0
45 44 23.0
45 42 24.0
45 40 25.0
45 38 26.0
45 98 27.0
45 99 28.0
45 22 29.0
45 25 30.0
45 91 31.0
45 138 32.0
46 147 26.0
46 49 27.0
46 16 28.0
46 17 29.0
46 74 30.0
46 75 31.0
46 76 32.0
46 77 33.0
46 78 34.0
46 79 35.0
46 12 36.0
46 1 37.0
46 120 38.0
46 121 39.0
46 122 40.0
46 123 41.0
46 124 42.0
46 125 43.0
46 4 44.0
46 8 45.0
47 143 27.0
47 90 28.0
47 24 29.0
47 23 30.0
47 100 31.0
47 101 32.0
47 41 33.0
47 39 34.0
47 45 35.0
47 43 36.0
47 48 37.0
47 49 38.0
47 16 39.0
47 15 40.0
47 132 41.0
47 133 42.0
47 134 43.0
47 135 44.0
47 136 45.0
47 137 46.0
47 6 47.0
48 144 39.0
48 88 40.0
48 20 41.0
48 19 42.0
48 50 43.0
48 51 44.0
48 52 45.0
48 53 46.0
48 54 47.0
48 55 48.0
48 22 49.0
48 23 50.0
48 100 51.0
48 101 52.0
48 41 53.0
48 39 54.0
48 45 55.0
48 43 56.0
48 48 57.0
48 142 58.0
49 9 22.0
49 5 23.0
49 114 24.0
49 115 25.0
49 116 26.0
49 117 27.0
49 118 28.0
49 119 29.0
49 0 30.0
49 13 31.0
49 34 32.0
49 35 33.0
49 32 34.0
49 30 35.0
49 28 36.0
49 26 37.0
49 94 38.0
49 95 39.0
49 18 40.0
49 21 41.0
49 89 42.0
49 139 43.0
50 147 37.0
50 46 38.0
50 47 39.0
50 44 40.0
50 42 41.0
50 40 42.0
50 38 43.0
50 98 44.0
50 99 45.0
50 22 46.0
50 25 47.0
50 91 48.0
50 138 49.0
51 146 25.0
51 34 26.0
51 35 27.0
51 32 28.0
51 30 29.0
51 28 30.0
51 26 31.0
51 94 32.0
51 95 33.0
51 18 34.0
51 21 35.0
51 89 36.0
51 139 37.0
52 145 36.0
52 92 37.0
52 102 38.0
52 103 39.0
52 104 40.0
52 105 41.0
52 106 42.0
52 107 43.0
52 18 44.0
52 19 45.0
52 50 46.0
52 51 47.0
52 52 48.0
52 53 49.0
52 54 50.0
52 55 51.0
52 22 52.0
52 23 53.0
52 100 54.0
52 101 55.0
52 41 56.0
52 39 57.0
52 45 58.0
52 43 59.0
52 48 60.0
52 142 61.0
53 7 25.0
53 126 26.0
53 127 27.0
53 128 28.0
53 129 29.0
53 130 30.0
53 131 31.0
53 14 32.0
53 17 33.0
53 46 34.0
53 47 35.0
53 44 36.0
53 42 37.0
53 40 38.0
53 38 39.0
53 98 40.0
53 99 41.0
53 22 42.0
53 25 43.0
53 91 44.0
53 138 45.0
54 7 27.0
54 126 28.0
54 127 29.0
54 128 30.0
54 129 31.0
54 130 32.0
54 131 33.0
54 14 34.0
54 17 35.0
54 46 36.0
54 47 37.0
54 44 38.0
54 42 39.0
54 40 40.0
54 38 41.0
54 98 42.0
54 99 43.0
54 22 44.0
54 25 45.0
54 91 46.0
54 138 47.0
55 9 26.0
55 5 27.0
55 114 28.0
55 115 29.0
55 116 30.0
55 117 31.0
55 118 32.0
55 119 33.0
55 0 34.0
55 13 35.0
55 80 36.0
55 81 37.0
55 82 38.0
55 83 39.0
55 84 40.0
55 85 41.0
55 2 42.0
55 10 43.0
57 7 29.0
57 126 30.0
57 127 31.0
57 128 32.0
57 129 33.0
57 130 34.0
57 131 35.0
57 14 36.0
57 17 37.0
57 74 38.0
57 75 39.0
57 76 40.0
57 77 41.0
57 78 42.0
57 79 43.0
57 12 44.0
57 13 45.0
57 80 46.0
57 81 47.0
57 82 48.0
57 83 49.0
57 84 50.0
57 85 51.0
57 2 52.0
57 10 53.0
58 147 23.0
58 49 24.0
58 16 25.0
58 15 26.0
58 132 27.0
58 133 28.0
58 134 29.0
58 135 30.0
58 136 31.0
58 137 32.0
58 6 33.0
59 146 33.0
59 34 34.0
59 35 35.0
59 32 36.0
59 30 37.0
59 28 38.0
59 26 39.0
59 94 40.0
59 95 41.0
59 18 42.0
59 21 43.0
59 108 44.0
59 109 45.0
59 110 46.0
59 111 47.0
59 112 48.0
59 113 49.0
59 93 50.0
59 140 51.0
60 9 47.0
60 5 48.0
60 114 49.0
60 115 50.0
60 116 51.0
60 117 52.0
60 118 53.0
60 119 54.0
60 0 55.0
60 13 56.0
60 34 57.0
60 35 58.0
60 141 59.0
61 146 36.0
61 37 37.0
61 12 38.0
61 1 39.0
61 68 40.0
61 69 41.0
61 70 42.0
61 71 43.0
61 72 44.0
61 73 45.0
61 14 46.0
61 15 47.0
61 132 48.0
61 133 49.0
61 134 50.0
61 135 51.0
61 136 52.0
61 137 53.0
61 6 54.0
62 7 36.0
62 126 37.0
62 127 38.0
62 128 39.0
62 129 40.0
62 130 41.0
62 131 42.0
62 14 43.0
62 17 44.0
62 74 45.0
62 75 46.0
62 76 47.0
62 77 48.0
62 78 49.0
62 79 50.0
62 12 51.0
62 1 52.0
62 120 53.0
62 121 54.0
62 122 55.0
62 123 56.0
62 124 57.0
62 125 58.0
62 4 59.0
62 8 60.0
63 11 35.0
63 3 36.0
63 62 37.0
63 63 38.0
63 64 39.0
63 65 40.0
63 66 41.0
63 67 42.0
63 0 43.0
63 1 44.0
63 68 45.0
63 69 46.0
63 70 47.0
63 71 48.0
63 72 49.0
63 73 50.0
63 14 51.0
63 15 52.0
63 132 53.0
63 133 54.0
63 134 55.0
63 135 56.0
63 136 57.0
63 137 58.0
63 6 59.0
64 11 45.0
64 3 46.0
64 62 47.0
64 63 48.0
64 64 49.0
64 65 50.0
64 66 51.0
64 67 52.0
64 0 53.0
64 13 54.0
64 34 55.0
64 35 56.0
64 32 57.0
64 30 58.0
64 28 59.0
64 26 60.0
64 94 61.0
64 95 62.0
64 18 63.0
64 21 64.0
64 89 65.0
64 139 66.0
66 11 37.0
66 3 38.0
66 62 39.0
66 63 40.0
66 64 41.0
66 65 42.0
66 66 43.0
66 67 44.0
66 0 45.0
66 1 46.0
66 68 47.0
66 69 48.0
66 70 49.0
66 71 50.0
66 72 51.0
66 73 52.0
66 14 53.0
66 15 54.0
66 132 55.0
66 133 56.0
66 134 57.0
66 135 58.0
66 136 59.0
66 137 60.0
66 6 61.0
68 9 43.0
68 5 44.0
68 114 45.0
68 115 46.0
68 116 47.0
68 117 48.0
68 118 49.0
68 119 50.0
68 0 51.0
68 13 52.0
68 34 53.0
68 35 54.0
68 32 55.0
68 30 56.0
68 28 57.0
68 26 58.0
68 94 59.0
68 95 60.0
68 18 61.0
68 21 62.0
68 89 63.0
68 139 64.0
69 147 39.0
69 49 40.0
69 16 41.0
69 17 42.0
69 74 43.0
69 75 44.0
69 76 45.0
69 77 46.0
69 78 47.0
69 79 48.0
69 12 49.0
69 13 50.0
69 80 51.0
69 81 52.0
69 82 53.0
69 83 54.0
69 84 55.0
69 85 56.0
69 2 57.0
69 10 58.0
70 9 30.0
70 5 31.0
70 114 32.0
70 115 33.0
70 116 34.0
70 117 35.0
70 118 36.0
70 119 37.0
70 0 38.0
70 13 39.0
70 80 40.0
70 81 41.0
70 82 42.0
70 83 43.0
70 84 44.0
70 85 45.0
70 2 46.0
70 10 47.0
71 145 44.0
71 92 45.0
71 102 46.0
71 103 47.0
71 104 48.0
71 105 49.0
71 106 50.0
71 107 51.0
71 18 52.0
71 19 53.0
71 96 54.0
71 97 55.0
71 29 56.0
71 27 57.0
71 33 58.0
71 31 59.0
71 36 60.0
71 141 61.0
72 7 31.0
72 126 32.0
72 127 33.0
72 128 34.0
72 129 35.0
72 130 36.0
72 131 37.0
72 14 38.0
72 17 39.0
72 46 40.0
72 47 41.0
72 142 42.0
73 145 46.0
73 92 47.0
73 102 48.0
73 103 49.0
73 104 50.0
73 105 51.0
73 106 52.0
73 107 53.0
73 18 54.0
73 19 55.0
73 50 56.0
73 51 57.0
73 52 58.0
73 53 59.0
73 54 60.0
73 55 61.0
73 22 62.0
73 25 63.0
73 91 64.0
73 138 65.0
74 9 39.0
74 5 40.0
74 114 41.0
74 115 42.0
74 116 43.0
74 117 44.0
74 118 45.0
74 119 46.0
74 0 47.0
74 13 48.0
74 34 49.0
74 35 50.0
74 32 51.0
74 30 52.0
74 28 53.0
74 26 54.0
74 94 55.0
74 95 56.0
74 18 57.0
74 21 58.0
74 89 59.0
74 139 60.0
75 147 30.0
75 49 31.0
75 16 32.0
75 15 33.0
75 132 34.0
75 133 35.0
75 134 36.0
75 135 37.0
75 136 38.0
75 137 39.0
75 6 40.0
76 146 39.0
76 34 40.0
76 35 41.0
76 32 42.0
76 30 43.0
76 28 44.0
76 26 45.0
76 94 46.0
76 95 47.0
76 18 48.0
76 19 49.0
76 50 50.0
76 51 51.0
76 52 52.0
76 53 53.0
76 54 54.0
76 55 55.0
76 22 56.0
76 25 57.0
76 91 58.0
76 138 59.0
77 9 32.0
77 5 33.0
77 114 34.0
77 115 35.0
77 116 36.0
77 117 37.0
77 118 38.0
77 119 39.0
77 0 40.0
77 13 41.0
77 34 42.0
77 35 43.0
77 32 44.0
77 30 45.0
77 28 46.0
77 26 47.0
77 94 48.0
77 95 49.0
77 18 50.0
77 21 51.0
77 89 52.0
77 139 53.0
78 144 48.0
78 88 49.0
78 20 50.0
78 19 51.0
78 50 52.0
78 51 53.0
78 52 54.0
78 53 55.0
78 54 56.0
78 55 57.0
78 22 58.0
78 23 59.0
78 100 60.0
78 101 61.0
78 41 62.0
78 39 63.0
78 45 64.0
78 43 65.0
78 48 66.0
78 142 67.0
79 144 42.0
79 88 43.0
79 20 44.0
79 21 45.0
79 108 46.0
79 109 47.0
79 110 48.0
79 111 49.0
79 112 50.0
79 113 51.0
79 93 52.0
79 140 53.0
80 11 41.0
80 3 42.0
80 62 43.0
80 63 44.0
80 64 45.0
80 65 46.0
80 66 47.0
80 67 48.0
80 0 49.0
80 1 50.0
80 68 51.0
80 69 52.0
80 70 53.0
80 71 54.0
80 72 55.0
80 73 56.0
80 14 57.0
80 15 58.0
80 132 59.0
80 133 60.0
80 134 61.0
80 135 62.0
80 136 63.0
80 137 64.0
80 6 65.0
81 147 49.0
81 49 50.0
81 16 51.0
81 17 52.0
81 74 53.0
81 75 54.0
81 76 55.0
81 77 56.0
81 78 57.0
81 79 58.0
81 12 59.0
81 13 60.0
81 34 61.0
81 35 62.0
81 141 63.0
84 146 45.0
84 37 46.0
84 12 47.0
84 1 48.0
84 120 49.0
84 121 50.0
84 122 51.0
84 123 52.0
84 124 53.0
84 125 54.0
84 4 55.0
84 8 56.0
90 7 42.0
90 126 43.0
90 127 44.0
90 128 45.0
90 129 46.0
90 130 47.0
90 131 48.0
90 14 49.0
90 17 50.0
90 74 51.0
90 75 52.0
90 76 53.0
90 77 54.0
90 78 55.0
90 79 56.0
90 12 57.0
90 13 58.0
90 80 59.0
90 81 60.0
90 82 61.0
90 83 62.0
90 84 63.0
90 85 64.0
90 2 65.0
90 10 66.0
91 7 48.0
91 126 49.0
91 127 50.0
91 128 51.0
91 129 52.0
91 130 53.0
91 131 54.0
91 14 55.0
91 17 56.0
91 74 57.0
91 75 58.0
91 76 59.0
91 77 60.0
91 78 61.0
91 79 62.0
91 12 63.0
91 13 64.0
91 34 65.0
91 35 66.0
91 141 67.0
96 143 46.0
96 90 47.0
96 24 48.0
96 25 49.0
96 56 50.0
96 57 51.0
96 58 52.0
96 59 53.0
96 60 54.0
96 61 55.0
96 20 56.0
96 19 57.0
96 96 58.0
96 97 59.0
96 29 60.0
96 27 61.0
96 33 62.0
96 31 63.0
96 36 64.0
96 141 65.0
97 11 49.0
97 3 50.0
97 62 51.0
97 63 52.0
97 64 53.0
97 65 54.0
97 66 55.0
97 67 56.0
97 0 57.0
97 1 58.0
97 120 59.0
97 121 60.0
97 122 61.0
97 123 62.0
97 124 63.0
97 125 64.0
97 4 65.0
97 8 66.0
98 145 13
98 92 14.0
98 102 15.0
98 103 16.0
98 104 17.0
98 105 18.0
98 106 19.0
98 107 20.0
98 18 21.0
98 19 22.0
98 96 23.0
98 97 24.0
98 29 25.0
98 27 26.0
98 33 27.0
98 31 28.0
98 36 29.0
98 141 30.0
;
param t_hat_lat:=
0 145 8.0
0 92 9.0
0 102 10.0
0 103 11.0
0 104 12.0
0 105 13.0
0 106 14.0
0 107 15.0
0 18 16.0
0 19 17.0
0 50 18.0
0 51 19.0
0 52 20.0
0 53 21.0
0 54 22.0
0 55 23.0
0 22 24.0
0 23 25.0
0 100 26.0
0 101 27.0
0 41 28.0
0 39 29.0
0 45 30.0
0 43 31.0
0 48 32.0
0 142 33.0
1 146 1.0
1 34 2.0
1 35 3.0
1 32 4.0
1 30 5.0
1 28 6.0
1 26 7.0
1 94 8.0
1 95 9.0
1 18 10.0
1 21 11.0
1 108 12.0
1 109 13.0
1 110 14.0
1 111 15.0
1 112 16.0
1 113 17.0
1 93 18.0
1 140 19.0
2 146 3.0
2 37 4.0
2 12 5.0
2 13 6.0
2 80 7.0
2 81 8.0
2 82 9.0
2 83 10.0
2 84 11.0
2 85 12.0
2 2 13.0
2 10 14.0
3 147 3.0
3 49 4.0
3 16 5.0
3 17 6.0
3 74 7.0
3 75 8.0
3 76 9.0
3 77 10.0
3 78 11.0
3 79 12.0
3 12 13.0
3 13 14.0
3 80 15.0
3 81 16.0
3 82 17.0
3 83 18.0
3 84 19.0
3 85 20.0
3 2 21.0
3 10 22.0
4 146 7.0
4 37 8.0
4 12 9.0
4 1 10.0
4 68 11.0
4 69 12.0
4 70 13.0
4 71 14.0
4 72 15.0
4 73 16.0
4 14 17.0
4 15 18.0
4 132 19.0
4 133 20.0
4 134 21.0
4 135 22.0
4 136 23.0
4 137 24.0
4 6 25.0
5 144 1.0
5 88 2.0
5 20 3.0
5 19 4.0
5 50 5.0
5 51 6.0
5 52 7.0
5 53 8.0
5 54 9.0
5 55 10.0
5 22 11.0
5 23 12.0
5 100 13.0
5 101 14.0
5 41 15.0
5 39 16.0
5 45 17.0
5 43 18.0
5 48 19.0
5 142 20.0
6 147 5.0
6 46 6.0
6 47 7.0
6 44 8.0
6 42 9.0
6 40 10.0
6 38 11.0
6 98 12.0
6 99 13.0
6 22 14.0
6 25 15.0
6 91 16.0
6 138 17.0
7 147 7.0
7 46 8.0
7 47 9.0
7 44 10.0
7 42 11.0
7 40 12.0
7 38 13.0
7 98 14.0
7 99 15.0
7 22 16.0
7 25 17.0
7 91 18.0
7 138 19.0
8 144 3.0
8 88 4.0
8 20 5.0
8 19 6.0
8 96 7.0
8 97 8.0
8 29 9.0
8 27 10.0
8 33 11.0
8 31 12.0
8 36 13.0
8 37 14.0
8 12 15.0
8 13 16.0
8 80 17.0
8 81 18.0
8 82 19.0
8 83 20.0
8 84 21.0
8 85 22.0
8 2 23.0
8 10 24.0
9 9 1.0
9 5 2.0
9 114 3.0
9 115 4.0
9 116 5.0
9 117 6.0
9 118 7.0
9 119 8.0
9 0 9.0
9 13 10.0
9 80 11.0
9 81 12.0
9 82 13.0
9 83 14.0
9 84 15.0
9 85 16.0
9 2 17.0
9 10 18.0
10 145 4.0
10 92 5.0
10 102 6.0
10 103 7.0
10 104 8.0
10 105 9.0
10 106 10.0
10 107 11.0
10 18 12.0
10 19 13.0
10 96 14.0
10 97 15.0
10 29 16.0
10 27 17.0
10 33 18.0
10 31 19.0
10 36 20.0
10 141 21.0
12 11 5.0
12 3 6.0
12 62 7.0
12 63 8.0
12 64 9.0
12 65 10.0
12 66 11.0
12 67 12.0
12 0 13.0
12 1 14.0
12 120 15.0
12 121 16.0
12 122 17.0
12 123 18.0
12 124 19.0
12 125 20.0
12 4 21.0
12 8 22.0
13 146 5.0
13 37 6.0
13 12 7.0
13 1 8.0
13 120 9.0
13 121 10.0
13 122 11.0
13 123 12.0
13 124 13.0
13 125 14.0
13 4 15.0
13 8 16.0
14 11 3.0
14 3 4.0
14 62 5.0
14 63 6.0
14 64 7.0
14 65 8.0
14 66 9.0
14 67 10.0
14 0 11.0
14 13 12.0
14 34 13.0
14 35 14.0
14 141 15.0
15 143 2.0
15 90 3.0
15 24 4.0
15 25 5.0
15 56 6.0
15 57 7.0
15 58 8.0
15 59 9.0
15 60 10.0
15 61 11.0
15 20 12.0
15 21 13.0
15 108 14.0
15 109 15.0
15 110 16.0
15 111 17.0
15 112 18.0
15 113 19.0
15 93 20.0
15 140 21.0
16 145 6.0
16 92 7.0
16 102 8.0
16 103 9.0
16 104 10.0
16 105 11.0
16 106 12.0
16 107 13.0
16 18 14.0
16 19 15.0
16 50 16.0
16 51 17.0
16 52 18.0
16 53 19.0
16 54 20.0
16 55 21.0
16 22 22.0
16 25 23.0
16 91 24.0
16 138 25.0
17 11 8.0
17 3 9.0
17 62 10.0
17 63 11.0
17 64 12.0
17 65 13.0
17 66 14.0
17 67 15.0
17 0 16.0
17 1 17.0
17 120 18.0
17 121 19.0
17 122 20.0
17 123 21.0
17 124 22.0
17 125 23.0
17 4 24.0
17 8 25.0
18 146 9.0
18 34 10.0
18 35 11.0
18 32 12.0
18 30 13.0
18 28 14.0
18 26 15.0
18 94 16.0
18 95 17.0
18 18 18.0
18 19 19.0
18 50 20.0
18 51 21.0
18 52 22.0
18 53 23.0
18 54 24.0
18 55 25.0
18 22 26.0
18 25 27.0
18 91 28.0
18 138 29.0
19 7 1.0
19 126 2.0
19 127 3.0
19 128 4.0
19 129 5.0
19 130 6.0
19 131 7.0
19 14 8.0
19 17 9.0
19 46 10.0
19 47 11.0
19 44 12.0
19 42 13.0
19 40 14.0
19 38 15.0
19 98 16.0
19 99 17.0
19 22 18.0
19 25 19.0
19 91 20.0
19 138 21.0
20 7 12.0
20 126 13.0
20 127 14.0
20 128 15.0
20 129 16.0
20 130 17.0
20 131 18.0
20 14 19.0
20 17 20.0
20 74 21.0
20 75 22.0
20 76 23.0
20 77 24.0
20 78 25.0
20 79 26.0
20 12 27.0
20 13 28.0
20 34 29.0
20 35 30.0
20 141 31.0
21 145 12.0
21 92 13.0
21 102 14.0
21 103 15.0
21 104 16.0
21 105 17.0
21 106 18.0
21 107 19.0
21 18 20.0
21 21 21.0
21 89 22.0
21 139 23.0
22 9 11.0
22 5 12.0
22 114 13.0
22 115 14.0
22 116 15.0
22 117 16.0
22 118 17.0
22 119 18.0
22 0 19.0
22 13 20.0
22 80 21.0
22 81 22.0
22 82 23.0
22 83 24.0
22 84 25.0
22 85 26.0
22 2 27.0
22 10 28.0
23 146 30.0
23 34 31.0
23 35 32.0
23 32 33.0
23 30 34.0
23 28 35.0
23 26 36.0
23 94 37.0
23 95 38.0
23 18 39.0
23 21 40.0
23 89 41.0
23 139 42.0
24 143 30.0
24 90 31.0
24 24 32.0
24 25 33.0
24 56 34.0
24 57 35.0
24 58 36.0
24 59 37.0
24 60 38.0
24 61 39.0
24 20 40.0
24 19 41.0
24 96 42.0
24 97 43.0
24 29 44.0
24 27 45.0
24 33 46.0
24 31 47.0
24 36 48.0
24 141 49.0
25 143 22.0
25 90 23.0
25 24 24.0
25 25 25.0
25 56 26.0
25 57 27.0
25 58 28.0
25 59 29.0
25 60 30.0
25 61 31.0
25 20 32.0
25 21 33.0
25 108 34.0
25 109 35.0
25 110 36.0
25 111 37.0
25 112 38.0
25 113 39.0
25 93 40.0
25 140 41.0
26 146 16.0
26 37 17.0
26 12 18.0
26 1 19.0
26 68 20.0
26 69 21.0
26 70 22.0
26 71 23.0
26 72 24.0
26 73 25.0
26 14 26.0
26 17 27.0
26 46 28.0
26 47 29.0
26 142 30.0
27 146 14.0
27 34 15.0
27 35 16.0
27 32 17.0
27 30 18.0
27 28 19.0
27 26 20.0
27 94 21.0
27 95 22.0
27 18 23.0
27 21 24.0
27 89 25.0
27 139 26.0
28 147 19.0
28 49 20.0
28 16 21.0
28 17 22.0
28 74 23.0
28 75 24.0
28 76 25.0
28 77 26.0
28 78 27.0
28 79 28.0
28 12 29.0
28 1 30.0
28 120 31.0
28 121 32.0
28 122 33.0
28 123 34.0
28 124 35.0
28 125 36.0
28 4 37.0
28 8 38.0
29 146 18.0
29 37 19.0
29 12 20.0
29 1 21.0
29 68 22.0
29 69 23.0
29 70 24.0
29 71 25.0
29 72 26.0
29 73 27.0
29 14 28.0
29 15 29.0
29 132 30.0
29 133 31.0
29 134 32.0
29 135 33.0
29 136 34.0
29 137 35.0
29 6 36.0
30 145 19.0
30 92 20.0
30 102 21.0
30 103 22.0
30 104 23.0
30 105 24.0
30 106 25.0
30 107 26.0
30 18 27.0
30 19 28.0
30 50 29.0
30 51 30.0
30 52 31.0
30 53 32.0
30 54 33.0
30 55 34.0
30 22 35.0
30 25 36.0
30 91 37.0
30 138 38.0
31 9 15.0
31 5 16.0
31 114 17.0
31 115 18.0
31 116 19.0
31 117 20.0
31 118 21.0
31 119 22.0
31 0 23.0
31 1 24.0
31 68 25.0
31 69 26.0
31 70 27.0
31 71 28.0
31 72 29.0
31 73 30.0
31 14 31.0
31 17 32.0
31 46 33.0
31 47 34.0
31 142 35.0
32 146 20.0
32 34 21.0
32 35 22.0
32 32 23.0
32 30 24.0
32 28 25.0
32 26 26.0
32 94 27.0
32 95 28.0
32 18 29.0
32 19 30.0
32 50 31.0
32 51 32.0
32 52 33.0
32 53 34.0
32 54 35.0
32 55 36.0
32 22 37.0
32 25 38.0
32 91 39.0
32 138 40.0
33 147 11.0
33 49 12.0
33 16 13.0
33 15 14.0
33 132 15.0
33 133 16.0
33 134 17.0
33 135 18.0
33 136 19.0
33 137 20.0
33 6 21.0
34 146 22.0
34 34 23.0
34 35 24.0
34 32 25.0
34 30 26.0
34 28 27.0
34 26 28.0
34 94 29.0
34 95 30.0
34 18 31.0
34 19 32.0
34 50 33.0
34 51 34.0
34 52 35.0
34 53 36.0
34 54 37.0
34 55 38.0
34 22 39.0
34 25 40.0
34 91 41.0
34 138 42.0
35 143 18.0
35 90 19.0
35 24 20.0
35 25 21.0
35 56 22.0
35 57 23.0
35 58 24.0
35 59 25.0
35 60 26.0
35 61 27.0
35 20 28.0
35 21 29.0
35 108 30.0
35 109 31.0
35 110 32.0
35 111 33.0
35 112 34.0
35 113 35.0
35 93 36.0
35 140 37.0
36 145 17.0
36 92 18.0
36 102 19.0
36 103 20.0
36 104 21.0
36 105 22.0
36 106 23.0
36 107 24.0
36 18 25.0
36 19 26.0
36 96 27.0
36 97 28.0
36 29 29.0
36 27 30.0
36 33 31.0
36 31 32.0
36 36 33.0
36 141 34.0
37 143 11.0
37 90 12.0
37 24 13.0
37 23 14.0
37 100 15.0
37 101 16.0
37 41 17.0
37 39 18.0
37 45 19.0
37 43 20.0
37 48 21.0
37 49 22.0
37 16 23.0
37 15 24.0
37 132 25.0
37 133 26.0
37 134 27.0
37 135 28.0
37 136 29.0
37 137 30.0
37 6 31.0
38 143 26.0
38 90 27.0
38 24 28.0
38 25 29.0
38 56 30.0
38 57 31.0
38 58 32.0
38 59 33.0
38 60 34.0
38 61 35.0
38 20 36.0
38 19 37.0
38 96 38.0
38 97 39.0
38 29 40.0
38 27 41.0
38 33 42.0
38 31 43.0
38 36 44.0
38 141 45.0
39 145 25.0
39 92 26.0
39 102 27.0
39 103 28.0
39 104 29.0
39 105 30.0
39 106 31.0
39 107 32.0
39 18 33.0
39 19 34.0
39 50 35.0
39 51 36.0
39 52 37.0
39 53 38.0
39 54 39.0
39 55 40.0
39 22 41.0
39 25 42.0
39 91 43.0
39 138 44.0
40 144 21.0
40 88 22.0
40 20 23.0
40 19 24.0
40 96 25.0
40 97 26.0
40 29 27.0
40 27 28.0
40 33 29.0
40 31 30.0
40 36 31.0
40 37 32.0
40 12 33.0
40 13 34.0
40 80 35.0
40 81 36.0
40 82 37.0
40 83 38.0
40 84 39.0
40 85 40.0
40 2 41.0
40 10 42.0
41 145 29.0
41 92 30.0
41 102 31.0
41 103 32.0
41 104 33.0
41 105 34.0
41 106 35.0
41 107 36.0
41 18 37.0
41 21 38.0
41 89 39.0
41 139 40.0
43 145 39.0
43 92 40.0
43 102 41.0
43 103 42.0
43 104 43.0
43 105 44.0
43 106 45.0
43 107 46.0
43 18 47.0
43 19 48.0
43 50 49.0
43 51 50.0
43 52 51.0
43 53 52.0
43 54 53.0
43 55 54.0
43 22 55.0
43 23 56.0
43 100 57.0
43 101 58.0
43 41 59.0
43 39 60.0
43 45 61.0
43 43 62.0
43 48 63.0
43 142 64.0
44 144 36.0
44 88 37.0
44 20 38.0
44 19 39.0
44 96 40.0
44 97 41.0
44 29 42.0
44 27 43.0
44 33 44.0
44 31 45.0
44 36 46.0
44 141 47.0
45 147 21.0
45 46 22.0
45 47 23.0
45 44 24.0
45 42 25.0
45 40 26.0
45 38 27.0
45 98 28.0
45 99 29.0
45 22 30.0
45 25 31.0
45 91 32.0
45 138 33.0
46 147 27.0
46 49 28.0
46 16 29.0
46 17 30.0
46 74 31.0
46 75 32.0
46 76 33.0
46 77 34.0
46 78 35.0
46 79 36.0
46 12 37.0
46 1 38.0
46 120 39.0
46 121 40.0
46 122 41.0
46 123 42.0
46 124 43.0
46 125 44.0
46 4 45.0
46 8 46.0
47 143 28.0
47 90 29.0
47 24 30.0
47 23 31.0
47 100 32.0
47 101 33.0
47 41 34.0
47 39 35.0
47 45 36.0
47 43 37.0
47 48 38.0
47 49 39.0
47 16 40.0
47 15 41.0
47 132 42.0
47 133 43.0
47 134 44.0
47 135 45.0
47 136 46.0
47 137 47.0
47 6 48.0
48 144 40.0
48 88 41.0
48 20 42.0
48 19 43.0
48 50 44.0
48 51 45.0
48 52 46.0
48 53 47.0
48 54 48.0
48 55 49.0
48 22 50.0
48 23 51.0
48 100 52.0
48 101 53.0
48 41 54.0
48 39 55.0
48 45 56.0
48 43 57.0
48 48 58.0
48 142 59.0
49 9 23.0
49 5 24.0
49 114 25.0
49 115 26.0
49 116 27.0
49 117 28.0
49 118 29.0
49 119 30.0
49 0 31.0
49 13 32.0
49 34 33.0
49 35 34.0
49 32 35.0
49 30 36.0
49 28 37.0
49 26 38.0
49 94 39.0
49 95 40.0
49 18 41.0
49 21 42.0
49 89 43.0
49 139 44.0
50 147 38.0
50 46 39.0
50 47 40.0
50 44 41.0
50 42 42.0
50 40 43.0
50 38 44.0
50 98 45.0
50 99 46.0
50 22 47.0
50 25 48.0
50 91 49.0
50 138 50.0
51 146 26.0
51 34 27.0
51 35 28.0
51 32 29.0
51 30 30.0
51 28 31.0
51 26 32.0
51 94 33.0
51 95 34.0
51 18 35.0
51 21 36.0
51 89 37.0
51 139 38.0
52 145 37.0
52 92 38.0
52 102 39.0
52 103 40.0
52 104 41.0
52 105 42.0
52 106 43.0
52 107 44.0
52 18 45.0
52 19 46.0
52 50 47.0
52 51 48.0
52 52 49.0
52 53 50.0
52 54 51.0
52 55 52.0
52 22 53.0
52 23 54.0
52 100 55.0
52 101 56.0
52 41 57.0
52 39 58.0
52 45 59.0
52 43 60.0
52 48 61.0
52 142 62.0
53 7 26.0
53 126 27.0
53 127 28.0
53 128 29.0
53 129 30.0
53 130 31.0
53 131 32.0
53 14 33.0
53 17 34.0
53 46 35.0
53 47 36.0
53 44 37.0
53 42 38.0
53 40 39.0
53 38 40.0
53 98 41.0
53 99 42.0
53 22 43.0
53 25 44.0
53 91 45.0
53 138 46.0
54 7 28.0
54 126 29.0
54 127 30.0
54 128 31.0
54 129 32.0
54 130 33.0
54 131 34.0
54 14 35.0
54 17 36.0
54 46 37.0
54 47 38.0
54 44 39.0
54 42 40.0
54 40 41.0
54 38 42.0
54 98 43.0
54 99 44.0
54 22 45.0
54 25 46.0
54 91 47.0
54 138 48.0
55 9 27.0
55 5 28.0
55 114 29.0
55 115 30.0
55 116 31.0
55 117 32.0
55 118 33.0
55 119 34.0
55 0 35.0
55 13 36.0
55 80 37.0
55 81 38.0
55 82 39.0
55 83 40.0
55 84 41.0
55 85 42.0
55 2 43.0
55 10 44.0
57 7 30.0
57 126 31.0
57 127 32.0
57 128 33.0
57 129 34.0
57 130 35.0
57 131 36.0
57 14 37.0
57 17 38.0
57 74 39.0
57 75 40.0
57 76 41.0
57 77 42.0
57 78 43.0
57 79 44.0
57 12 45.0
57 13 46.0
57 80 47.0
57 81 48.0
57 82 49.0
57 83 50.0
57 84 51.0
57 85 52.0
57 2 53.0
57 10 54.0
58 147 24.0
58 49 25.0
58 16 26.0
58 15 27.0
58 132 28.0
58 133 29.0
58 134 30.0
58 135 31.0
58 136 32.0
58 137 33.0
58 6 34.0
59 146 34.0
59 34 35.0
59 35 36.0
59 32 37.0
59 30 38.0
59 28 39.0
59 26 40.0
59 94 41.0
59 95 42.0
59 18 43.0
59 21 44.0
59 108 45.0
59 109 46.0
59 110 47.0
59 111 48.0
59 112 49.0
59 113 50.0
59 93 51.0
59 140 52.0
60 9 48.0
60 5 49.0
60 114 50.0
60 115 51.0
60 116 52.0
60 117 53.0
60 118 54.0
60 119 55.0
60 0 56.0
60 13 57.0
60 34 58.0
60 35 59.0
60 141 60.0
61 146 37.0
61 37 38.0
61 12 39.0
61 1 40.0
61 68 41.0
61 69 42.0
61 70 43.0
61 71 44.0
61 72 45.0
61 73 46.0
61 14 47.0
61 15 48.0
61 132 49.0
61 133 50.0
61 134 51.0
61 135 52.0
61 136 53.0
61 137 54.0
61 6 55.0
62 7 37.0
62 126 38.0
62 127 39.0
62 128 40.0
62 129 41.0
62 130 42.0
62 131 43.0
62 14 44.0
62 17 45.0
62 74 46.0
62 75 47.0
62 76 48.0
62 77 49.0
62 78 50.0
62 79 51.0
62 12 52.0
62 1 53.0
62 120 54.0
62 121 55.0
62 122 56.0
62 123 57.0
62 124 58.0
62 125 59.0
62 4 60.0
62 8 61.0
63 11 36.0
63 3 37.0
63 62 38.0
63 63 39.0
63 64 40.0
63 65 41.0
63 66 42.0
63 67 43.0
63 0 44.0
63 1 45.0
63 68 46.0
63 69 47.0
63 70 48.0
63 71 49.0
63 72 50.0
63 73 51.0
63 14 52.0
63 15 53.0
63 132 54.0
63 133 55.0
63 134 56.0
63 135 57.0
63 136 58.0
63 137 59.0
63 6 60.0
64 11 46.0
64 3 47.0
64 62 48.0
64 63 49.0
64 64 50.0
64 65 51.0
64 66 52.0
64 67 53.0
64 0 54.0
64 13 55.0
64 34 56.0
64 35 57.0
64 32 58.0
64 30 59.0
64 28 60.0
64 26 61.0
64 94 62.0
64 95 63.0
64 18 64.0
64 21 65.0
64 89 66.0
64 139 67.0
66 11 38.0
66 3 39.0
66 62 40.0
66 63 41.0
66 64 42.0
66 65 43.0
66 66 44.0
66 67 45.0
66 0 46.0
66 1 47.0
66 68 48.0
66 69 49.0
66 70 50.0
66 71 51.0
66 72 52.0
66 73 53.0
66 14 54.0
66 15 55.0
66 132 56.0
66 133 57.0
66 134 58.0
66 135 59.0
66 136 60.0
66 137 61.0
66 6 62.0
68 9 44.0
68 5 45.0
68 114 46.0
68 115 47.0
68 116 48.0
68 117 49.0
68 118 50.0
68 119 51.0
68 0 52.0
68 13 53.0
68 34 54.0
68 35 55.0
68 32 56.0
68 30 57.0
68 28 58.0
68 26 59.0
68 94 60.0
68 95 61.0
68 18 62.0
68 21 63.0
68 89 64.0
68 139 65.0
69 147 40.0
69 49 41.0
69 16 42.0
69 17 43.0
69 74 44.0
69 75 45.0
69 76 46.0
69 77 47.0
69 78 48.0
69 79 49.0
69 12 50.0
69 13 51.0
69 80 52.0
69 81 53.0
69 82 54.0
69 83 55.0
69 84 56.0
69 85 57.0
69 2 58.0
69 10 59.0
70 9 31.0
70 5 32.0
70 114 33.0
70 115 34.0
70 116 35.0
70 117 36.0
70 118 37.0
70 119 38.0
70 0 39.0
70 13 40.0
70 80 41.0
70 81 42.0
70 82 43.0
70 83 44.0
70 84 45.0
70 85 46.0
70 2 47.0
70 10 48.0
71 145 45.0
71 92 46.0
71 102 47.0
71 103 48.0
71 104 49.0
71 105 50.0
71 106 51.0
71 107 52.0
71 18 53.0
71 19 54.0
71 96 55.0
71 97 56.0
71 29 57.0
71 27 58.0
71 33 59.0
71 31 60.0
71 36 61.0
71 141 62.0
72 7 32.0
72 126 33.0
72 127 34.0
72 128 35.0
72 129 36.0
72 130 37.0
72 131 38.0
72 14 39.0
72 17 40.0
72 46 41.0
72 47 42.0
72 142 43.0
73 145 47.0
73 92 48.0
73 102 49.0
73 103 50.0
73 104 51.0
73 105 52.0
73 106 53.0
73 107 54.0
73 18 55.0
73 19 56.0
73 50 57.0
73 51 58.0
73 52 59.0
73 53 60.0
73 54 61.0
73 55 62.0
73 22 63.0
73 25 64.0
73 91 65.0
73 138 66.0
74 9 40.0
74 5 41.0
74 114 42.0
74 115 43.0
74 116 44.0
74 117 45.0
74 118 46.0
74 119 47.0
74 0 48.0
74 13 49.0
74 34 50.0
74 35 51.0
74 32 52.0
74 30 53.0
74 28 54.0
74 26 55.0
74 94 56.0
74 95 57.0
74 18 58.0
74 21 59.0
74 89 60.0
74 139 61.0
75 147 31.0
75 49 32.0
75 16 33.0
75 15 34.0
75 132 35.0
75 133 36.0
75 134 37.0
75 135 38.0
75 136 39.0
75 137 40.0
75 6 41.0
76 146 40.0
76 34 41.0
76 35 42.0
76 32 43.0
76 30 44.0
76 28 45.0
76 26 46.0
76 94 47.0
76 95 48.0
76 18 49.0
76 19 50.0
76 50 51.0
76 51 52.0
76 52 53.0
76 53 54.0
76 54 55.0
76 55 56.0
76 22 57.0
76 25 58.0
76 91 59.0
76 138 60.0
77 9 33.0
77 5 34.0
77 114 35.0
77 115 36.0
77 116 37.0
77 117 38.0
77 118 39.0
77 119 40.0
77 0 41.0
77 13 42.0
77 34 43.0
77 35 44.0
77 32 45.0
77 30 46.0
77 28 47.0
77 26 48.0
77 94 49.0
77 95 50.0
77 18 51.0
77 21 52.0
77 89 53.0
77 139 54.0
78 144 49.0
78 88 50.0
78 20 51.0
78 19 52.0
78 50 53.0
78 51 54.0
78 52 55.0
78 53 56.0
78 54 57.0
78 55 58.0
78 22 59.0
78 23 60.0
78 100 61.0
78 101 62.0
78 41 63.0
78 39 64.0
78 45 65.0
78 43 66.0
78 48 67.0
78 142 68.0
79 144 43.0
79 88 44.0
79 20 45.0
79 21 46.0
79 108 47.0
79 109 48.0
79 110 49.0
79 111 50.0
79 112 51.0
79 113 52.0
79 93 53.0
79 140 54.0
80 11 42.0
80 3 43.0
80 62 44.0
80 63 45.0
80 64 46.0
80 65 47.0
80 66 48.0
80 67 49.0
80 0 50.0
80 1 51.0
80 68 52.0
80 69 53.0
80 70 54.0
80 71 55.0
80 72 56.0
80 73 57.0
80 14 58.0
80 15 59.0
80 132 60.0
80 133 61.0
80 134 62.0
80 135 63.0
80 136 64.0
80 137 65.0
80 6 66.0
81 147 50.0
81 49 51.0
81 16 52.0
81 17 53.0
81 74 54.0
81 75 55.0
81 76 56.0
81 77 57.0
81 78 58.0
81 79 59.0
81 12 60.0
81 13 61.0
81 34 62.0
81 35 63.0
81 141 64.0
84 146 46.0
84 37 47.0
84 12 48.0
84 1 49.0
84 120 50.0
84 121 51.0
84 122 52.0
84 123 53.0
84 124 54.0
84 125 55.0
84 4 56.0
84 8 57.0
90 7 43.0
90 126 44.0
90 127 45.0
90 128 46.0
90 129 47.0
90 130 48.0
90 131 49.0
90 14 50.0
90 17 51.0
90 74 52.0
90 75 53.0
90 76 54.0
90 77 55.0
90 78 56.0
90 79 57.0
90 12 58.0
90 13 59.0
90 80 60.0
90 81 61.0
90 82 62.0
90 83 63.0
90 84 64.0
90 85 65.0
90 2 66.0
90 10 67.0
91 7 49.0
91 126 50.0
91 127 51.0
91 128 52.0
91 129 53.0
91 130 54.0
91 131 55.0
91 14 56.0
91 17 57.0
91 74 58.0
91 75 59.0
91 76 60.0
91 77 61.0
91 78 62.0
91 79 63.0
91 12 64.0
91 13 65.0
91 34 66.0
91 35 67.0
91 141 68.0
96 143 47.0
96 90 48.0
96 24 49.0
96 25 50.0
96 56 51.0
96 57 52.0
96 58 53.0
96 59 54.0
96 60 55.0
96 61 56.0
96 20 57.0
96 19 58.0
96 96 59.0
96 97 60.0
96 29 61.0
96 27 62.0
96 33 63.0
96 31 64.0
96 36 65.0
96 141 66.0
97 11 50.0
97 3 51.0
97 62 52.0
97 63 53.0
97 64 54.0
97 65 55.0
97 66 56.0
97 67 57.0
97 0 58.0
97 1 59.0
97 120 60.0
97 121 61.0
97 122 62.0
97 123 63.0
97 124 64.0
97 125 65.0
97 4 66.0
97 8 67.0
98 145 14
98 92 15.0
98 102 16.0
98 103 17.0
98 104 18.0
98 105 19.0
98 106 20.0
98 107 21.0
98 18 22.0
98 19 23.0
98 96 24.0
98 97 25.0
98 29 26.0
98 27 27.0
98 33 28.0
98 31 29.0
98 36 30.0
98 141 31.0
;
set fixedFlights :=
0 18 19
0 22 23
0 41 39
0 39 45
0 45 43
0 43 48
0 19 50
0 50 51
0 51 52
0 52 53
0 53 54
0 54 55
0 55 22
0 23 100
0 100 101
0 101 41
0 92 102
0 102 103
0 103 104
0 104 105
0 105 106
0 106 107
0 107 18
0 145 92
0 48 142
1 18 21
1 34 35
1 35 32
1 32 30
1 30 28
1 28 26
1 26 94
1 94 95
1 95 18
1 21 108
1 108 109
1 109 110
1 110 111
1 111 112
1 112 113
1 113 93
1 93 140
1 146 34
2 2 10
2 12 13
2 37 12
2 13 80
2 80 81
2 81 82
2 82 83
2 83 84
2 84 85
2 85 2
2 146 37
3 2 10
3 12 13
3 16 17
3 49 16
3 17 74
3 74 75
3 75 76
3 76 77
3 77 78
3 78 79
3 79 12
3 13 80
3 80 81
3 81 82
3 82 83
3 83 84
3 84 85
3 85 2
3 147 49
4 12 1
4 14 17
4 16 15
4 22 23
4 37 12
4 17 46
4 46 47
4 47 44
4 44 42
4 42 40
4 40 38
4 41 39
4 39 45
4 45 43
4 43 48
4 48 49
4 49 16
4 1 68
4 68 69
4 69 70
4 70 71
4 71 72
4 72 73
4 73 14
4 38 98
4 98 99
4 99 22
4 23 100
4 100 101
4 101 41
4 15 132
4 132 133
4 133 134
4 134 135
4 135 136
4 136 137
4 137 6
4 146 37
5 20 19
5 22 23
5 41 39
5 39 45
5 45 43
5 43 48
5 19 50
5 50 51
5 51 52
5 52 53
5 53 54
5 54 55
5 55 22
5 23 100
5 100 101
5 101 41
5 88 20
5 144 88
5 48 142
6 22 25
6 46 47
6 47 44
6 44 42
6 42 40
6 40 38
6 38 98
6 98 99
6 99 22
6 25 91
6 91 138
6 147 46
7 22 25
7 46 47
7 47 44
7 44 42
7 42 40
7 40 38
7 38 98
7 98 99
7 99 22
7 25 91
7 91 138
7 147 46
8 2 10
8 12 13
8 20 19
8 29 27
8 27 33
8 33 31
8 31 36
8 36 37
8 37 12
8 13 80
8 80 81
8 81 82
8 82 83
8 83 84
8 84 85
8 85 2
8 19 96
8 96 97
8 97 29
8 88 20
8 144 88
9 2 10
9 9 5
9 0 13
9 13 80
9 80 81
9 81 82
9 82 83
9 83 84
9 84 85
9 85 2
9 5 114
9 114 115
9 115 116
9 116 117
9 117 118
9 118 119
9 119 0
10 18 19
10 29 27
10 27 33
10 33 31
10 31 36
10 19 96
10 96 97
10 97 29
10 92 102
10 102 103
10 103 104
10 104 105
10 105 106
10 106 107
10 107 18
10 145 92
10 36 141
12 0 1
12 11 3
12 4 8
12 3 62
12 62 63
12 63 64
12 64 65
12 65 66
12 66 67
12 67 0
12 1 120
12 120 121
12 121 122
12 122 123
12 123 124
12 124 125
12 125 4
13 4 8
13 12 1
13 37 12
13 1 120
13 120 121
13 121 122
13 122 123
13 123 124
13 124 125
13 125 4
13 146 37
14 11 3
14 0 13
14 13 34
14 34 35
14 3 62
14 62 63
14 63 64
14 64 65
14 65 66
14 66 67
14 67 0
14 35 141
15 20 21
15 24 25
15 25 56
15 56 57
15 57 58
15 58 59
15 59 60
15 60 61
15 61 20
15 21 108
15 108 109
15 109 110
15 110 111
15 111 112
15 112 113
15 113 93
15 90 24
15 143 90
15 93 140
16 18 19
16 22 25
16 19 50
16 50 51
16 51 52
16 52 53
16 53 54
16 54 55
16 55 22
16 92 102
16 102 103
16 103 104
16 104 105
16 105 106
16 106 107
16 107 18
16 25 91
16 145 92
16 91 138
17 0 1
17 11 3
17 4 8
17 3 62
17 62 63
17 63 64
17 64 65
17 65 66
17 66 67
17 67 0
17 1 120
17 120 121
17 121 122
17 122 123
17 123 124
17 124 125
17 125 4
18 18 19
18 22 25
18 34 35
18 35 32
18 32 30
18 30 28
18 28 26
18 19 50
18 50 51
18 51 52
18 52 53
18 53 54
18 54 55
18 55 22
18 26 94
18 94 95
18 95 18
18 25 91
18 91 138
18 146 34
19 14 17
19 22 25
19 17 46
19 46 47
19 47 44
19 44 42
19 42 40
19 40 38
19 38 98
19 98 99
19 99 22
19 25 91
19 7 126
19 126 127
19 127 128
19 128 129
19 129 130
19 130 131
19 131 14
19 91 138
20 12 13
20 14 17
20 13 34
20 34 35
20 17 74
20 74 75
20 75 76
20 76 77
20 77 78
20 78 79
20 79 12
20 7 126
20 126 127
20 127 128
20 128 129
20 129 130
20 130 131
20 131 14
20 35 141
21 18 21
21 92 102
21 102 103
21 103 104
21 104 105
21 105 106
21 106 107
21 107 18
21 21 89
21 145 92
21 89 139
22 2 10
22 9 5
22 0 13
22 13 80
22 80 81
22 81 82
22 82 83
22 83 84
22 84 85
22 85 2
22 5 114
22 114 115
22 115 116
22 116 117
22 117 118
22 118 119
22 119 0
23 18 21
23 34 35
23 35 32
23 32 30
23 30 28
23 28 26
23 26 94
23 94 95
23 95 18
23 21 89
23 89 139
23 146 34
24 20 19
24 24 25
24 29 27
24 27 33
24 33 31
24 31 36
24 25 56
24 56 57
24 57 58
24 58 59
24 59 60
24 60 61
24 61 20
24 19 96
24 96 97
24 97 29
24 90 24
24 143 90
24 36 141
25 20 21
25 24 25
25 25 56
25 56 57
25 57 58
25 58 59
25 59 60
25 60 61
25 61 20
25 21 108
25 108 109
25 109 110
25 110 111
25 111 112
25 112 113
25 113 93
25 90 24
25 143 90
25 93 140
26 12 1
26 14 17
26 37 12
26 17 46
26 46 47
26 1 68
26 68 69
26 69 70
26 70 71
26 71 72
26 72 73
26 73 14
26 47 142
26 146 37
28 4 8
28 12 1
28 16 17
28 49 16
28 17 74
28 74 75
28 75 76
28 76 77
28 77 78
28 78 79
28 79 12
28 1 120
28 120 121
28 121 122
28 122 123
28 123 124
28 124 125
28 125 4
28 147 49
29 12 1
29 14 15
29 37 12
29 1 68
29 68 69
29 69 70
29 70 71
29 71 72
29 72 73
29 73 14
29 15 132
29 132 133
29 133 134
29 134 135
29 135 136
29 136 137
29 137 6
29 146 37
30 18 19
30 22 25
30 19 50
30 50 51
30 51 52
30 52 53
30 53 54
30 54 55
30 55 22
30 92 102
30 102 103
30 103 104
30 104 105
30 105 106
30 106 107
30 107 18
30 25 91
30 145 92
30 91 138
31 0 1
31 9 5
31 14 17
31 17 46
31 46 47
31 1 68
31 68 69
31 69 70
31 70 71
31 71 72
31 72 73
31 73 14
31 5 114
31 114 115
31 115 116
31 116 117
31 117 118
31 118 119
31 119 0
31 47 142
32 18 19
32 22 25
32 34 35
32 35 32
32 32 30
32 30 28
32 28 26
32 19 50
32 50 51
32 51 52
32 52 53
32 53 54
32 54 55
32 55 22
32 26 94
32 94 95
32 95 18
32 25 91
32 91 138
32 146 34
33 16 15
33 49 16
33 15 132
33 132 133
33 133 134
33 134 135
33 135 136
33 136 137
33 137 6
33 147 49
34 18 19
34 22 25
34 34 35
34 35 32
34 32 30
34 30 28
34 28 26
34 19 50
34 50 51
34 51 52
34 52 53
34 53 54
34 54 55
34 55 22
34 26 94
34 94 95
34 95 18
34 25 91
34 91 138
34 146 34
35 20 21
35 24 25
35 25 56
35 56 57
35 57 58
35 58 59
35 59 60
35 60 61
35 61 20
35 21 108
35 108 109
35 109 110
35 110 111
35 111 112
35 112 113
35 113 93
35 90 24
35 143 90
35 93 140
36 18 19
36 29 27
36 27 33
36 33 31
36 31 36
36 19 96
36 96 97
36 97 29
36 92 102
36 102 103
36 103 104
36 104 105
36 105 106
36 106 107
36 107 18
36 145 92
36 36 141
37 16 15
37 24 23
37 41 39
37 39 45
37 45 43
37 43 48
37 48 49
37 49 16
37 23 100
37 100 101
37 101 41
37 90 24
37 15 132
37 132 133
37 133 134
37 134 135
37 135 136
37 136 137
37 137 6
37 143 90
38 20 19
38 24 25
38 29 27
38 27 33
38 33 31
38 31 36
38 25 56
38 56 57
38 57 58
38 58 59
38 59 60
38 60 61
38 61 20
38 19 96
38 96 97
38 97 29
38 90 24
38 143 90
38 36 141
39 18 19
39 22 25
39 19 50
39 50 51
39 51 52
39 52 53
39 53 54
39 54 55
39 55 22
39 92 102
39 102 103
39 103 104
39 104 105
39 105 106
39 106 107
39 107 18
39 25 91
39 145 92
39 91 138
41 18 21
41 92 102
41 102 103
41 103 104
41 104 105
41 105 106
41 106 107
41 107 18
41 21 89
41 145 92
41 89 139
43 18 19
43 22 23
43 41 39
43 39 45
43 45 43
43 43 48
43 19 50
43 50 51
43 51 52
43 52 53
43 53 54
43 54 55
43 55 22
43 23 100
43 100 101
43 101 41
43 92 102
43 102 103
43 103 104
43 104 105
43 105 106
43 106 107
43 107 18
43 145 92
43 48 142
44 20 19
44 29 27
44 27 33
44 33 31
44 31 36
44 19 96
44 96 97
44 97 29
44 88 20
44 144 88
44 36 141
45 12 13
45 16 17
45 18 19
45 22 25
45 13 34
45 34 35
45 35 32
45 32 30
45 30 28
45 28 26
45 49 16
45 19 50
45 50 51
45 51 52
45 52 53
45 53 54
45 54 55
45 55 22
45 17 74
45 74 75
45 75 76
45 76 77
45 77 78
45 78 79
45 79 12
45 26 94
45 94 95
45 95 18
45 25 91
45 91 138
45 147 49
46 4 8
46 12 1
46 16 17
46 49 16
46 17 74
46 74 75
46 75 76
46 76 77
46 77 78
46 78 79
46 79 12
46 1 120
46 120 121
46 121 122
46 122 123
46 123 124
46 124 125
46 125 4
46 147 49
47 16 15
47 24 23
47 41 39
47 39 45
47 45 43
47 43 48
47 48 49
47 49 16
47 23 100
47 100 101
47 101 41
47 90 24
47 15 132
47 132 133
47 133 134
47 134 135
47 135 136
47 136 137
47 137 6
47 143 90
48 20 19
48 22 23
48 41 39
48 39 45
48 45 43
48 43 48
48 19 50
48 50 51
48 51 52
48 52 53
48 53 54
48 54 55
48 55 22
48 23 100
48 100 101
48 101 41
48 88 20
48 144 88
48 48 142
49 9 5
49 0 13
49 18 21
49 13 34
49 34 35
49 35 32
49 32 30
49 30 28
49 28 26
49 26 94
49 94 95
49 95 18
49 21 89
49 5 114
49 114 115
49 115 116
49 116 117
49 117 118
49 118 119
49 119 0
49 89 139
50 22 25
50 46 47
50 47 44
50 44 42
50 42 40
50 40 38
50 38 98
50 98 99
50 99 22
50 25 91
50 91 138
50 147 46
51 18 21
51 34 35
51 35 32
51 32 30
51 30 28
51 28 26
51 26 94
51 94 95
51 95 18
51 21 89
51 89 139
51 146 34
52 18 19
52 22 23
52 41 39
52 39 45
52 45 43
52 43 48
52 19 50
52 50 51
52 51 52
52 52 53
52 53 54
52 54 55
52 55 22
52 23 100
52 100 101
52 101 41
52 92 102
52 102 103
52 103 104
52 104 105
52 105 106
52 106 107
52 107 18
52 145 92
52 48 142
53 14 17
53 22 25
53 17 46
53 46 47
53 47 44
53 44 42
53 42 40
53 40 38
53 38 98
53 98 99
53 99 22
53 25 91
53 7 126
53 126 127
53 127 128
53 128 129
53 129 130
53 130 131
53 131 14
53 91 138
54 14 17
54 22 25
54 17 46
54 46 47
54 47 44
54 44 42
54 42 40
54 40 38
54 38 98
54 98 99
54 99 22
54 25 91
54 7 126
54 126 127
54 127 128
54 128 129
54 129 130
54 130 131
54 131 14
54 91 138
55 2 10
55 9 5
55 0 13
55 13 80
55 80 81
55 81 82
55 82 83
55 83 84
55 84 85
55 85 2
55 5 114
55 114 115
55 115 116
55 116 117
55 117 118
55 118 119
55 119 0
57 2 10
57 12 13
57 14 17
57 17 74
57 74 75
57 75 76
57 76 77
57 77 78
57 78 79
57 79 12
57 13 80
57 80 81
57 81 82
57 82 83
57 83 84
57 84 85
57 85 2
57 7 126
57 126 127
57 127 128
57 128 129
57 129 130
57 130 131
57 131 14
58 16 15
58 49 16
58 15 132
58 132 133
58 133 134
58 134 135
58 135 136
58 136 137
58 137 6
58 147 49
59 18 21
59 34 35
59 35 32
59 32 30
59 30 28
59 28 26
59 26 94
59 94 95
59 95 18
59 21 108
59 108 109
59 109 110
59 110 111
59 111 112
59 112 113
59 113 93
59 93 140
59 146 34
60 9 5
60 0 13
60 13 34
60 34 35
60 5 114
60 114 115
60 115 116
60 116 117
60 117 118
60 118 119
60 119 0
60 35 141
61 12 1
61 14 15
61 37 12
61 1 68
61 68 69
61 69 70
61 70 71
61 71 72
61 72 73
61 73 14
61 15 132
61 132 133
61 133 134
61 134 135
61 135 136
61 136 137
61 137 6
61 146 37
62 4 8
62 12 1
62 14 17
62 17 74
62 74 75
62 75 76
62 76 77
62 77 78
62 78 79
62 79 12
62 1 120
62 120 121
62 121 122
62 122 123
62 123 124
62 124 125
62 125 4
62 7 126
62 126 127
62 127 128
62 128 129
62 129 130
62 130 131
62 131 14
63 0 1
63 11 3
63 14 15
63 3 62
63 62 63
63 63 64
63 64 65
63 65 66
63 66 67
63 67 0
63 1 68
63 68 69
63 69 70
63 70 71
63 71 72
63 72 73
63 73 14
63 15 132
63 132 133
63 133 134
63 134 135
63 135 136
63 136 137
63 137 6
64 11 3
64 0 13
64 18 21
64 13 34
64 34 35
64 35 32
64 32 30
64 30 28
64 28 26
64 3 62
64 62 63
64 63 64
64 64 65
64 65 66
64 66 67
64 67 0
64 26 94
64 94 95
64 95 18
64 21 89
64 89 139
66 0 1
66 11 3
66 14 15
66 3 62
66 62 63
66 63 64
66 64 65
66 65 66
66 66 67
66 67 0
66 1 68
66 68 69
66 69 70
66 70 71
66 71 72
66 72 73
66 73 14
66 15 132
66 132 133
66 133 134
66 134 135
66 135 136
66 136 137
66 137 6
68 9 5
68 0 13
68 18 21
68 13 34
68 34 35
68 35 32
68 32 30
68 30 28
68 28 26
68 26 94
68 94 95
68 95 18
68 21 89
68 5 114
68 114 115
68 115 116
68 116 117
68 117 118
68 118 119
68 119 0
68 89 139
69 2 10
69 12 13
69 16 17
69 49 16
69 17 74
69 74 75
69 75 76
69 76 77
69 77 78
69 78 79
69 79 12
69 13 80
69 80 81
69 81 82
69 82 83
69 83 84
69 84 85
69 85 2
69 147 49
70 2 10
70 9 5
70 0 13
70 13 80
70 80 81
70 81 82
70 82 83
70 83 84
70 84 85
70 85 2
70 5 114
70 114 115
70 115 116
70 116 117
70 117 118
70 118 119
70 119 0
71 18 19
71 29 27
71 27 33
71 33 31
71 31 36
71 19 96
71 96 97
71 97 29
71 92 102
71 102 103
71 103 104
71 104 105
71 105 106
71 106 107
71 107 18
71 145 92
71 36 141
72 14 17
72 17 46
72 46 47
72 7 126
72 126 127
72 127 128
72 128 129
72 129 130
72 130 131
72 131 14
72 47 142
73 18 19
73 22 25
73 19 50
73 50 51
73 51 52
73 52 53
73 53 54
73 54 55
73 55 22
73 92 102
73 102 103
73 103 104
73 104 105
73 105 106
73 106 107
73 107 18
73 25 91
73 145 92
73 91 138
74 9 5
74 0 13
74 18 21
74 13 34
74 34 35
74 35 32
74 32 30
74 30 28
74 28 26
74 26 94
74 94 95
74 95 18
74 21 89
74 5 114
74 114 115
74 115 116
74 116 117
74 117 118
74 118 119
74 119 0
74 89 139
75 16 15
75 49 16
75 15 132
75 132 133
75 133 134
75 134 135
75 135 136
75 136 137
75 137 6
75 147 49
76 18 19
76 22 25
76 34 35
76 35 32
76 32 30
76 30 28
76 28 26
76 19 50
76 50 51
76 51 52
76 52 53
76 53 54
76 54 55
76 55 22
76 26 94
76 94 95
76 95 18
76 25 91
76 91 138
76 146 34
77 9 5
77 0 13
77 18 21
77 13 34
77 34 35
77 35 32
77 32 30
77 30 28
77 28 26
77 26 94
77 94 95
77 95 18
77 21 89
77 5 114
77 114 115
77 115 116
77 116 117
77 117 118
77 118 119
77 119 0
77 89 139
78 20 19
78 22 23
78 41 39
78 39 45
78 45 43
78 43 48
78 19 50
78 50 51
78 51 52
78 52 53
78 53 54
78 54 55
78 55 22
78 23 100
78 100 101
78 101 41
78 88 20
78 144 88
78 48 142
79 20 21
79 21 108
79 108 109
79 109 110
79 110 111
79 111 112
79 112 113
79 113 93
79 88 20
79 144 88
79 93 140
80 0 1
80 11 3
80 14 15
80 3 62
80 62 63
80 63 64
80 64 65
80 65 66
80 66 67
80 67 0
80 1 68
80 68 69
80 69 70
80 70 71
80 71 72
80 72 73
80 73 14
80 15 132
80 132 133
80 133 134
80 134 135
80 135 136
80 136 137
80 137 6
81 12 13
81 16 17
81 13 34
81 34 35
81 49 16
81 17 74
81 74 75
81 75 76
81 76 77
81 77 78
81 78 79
81 79 12
81 35 141
81 147 49
84 4 8
84 12 1
84 16 17
84 18 19
84 22 23
84 34 35
84 35 32
84 32 30
84 30 28
84 28 26
84 41 39
84 39 45
84 45 43
84 43 48
84 48 49
84 49 16
84 19 50
84 50 51
84 51 52
84 52 53
84 53 54
84 54 55
84 55 22
84 17 74
84 74 75
84 75 76
84 76 77
84 77 78
84 78 79
84 79 12
84 26 94
84 94 95
84 95 18
84 23 100
84 100 101
84 101 41
84 1 120
84 120 121
84 121 122
84 122 123
84 123 124
84 124 125
84 125 4
84 146 34
90 2 10
90 12 13
90 14 17
90 17 74
90 74 75
90 75 76
90 76 77
90 77 78
90 78 79
90 79 12
90 13 80
90 80 81
90 81 82
90 82 83
90 83 84
90 84 85
90 85 2
90 7 126
90 126 127
90 127 128
90 128 129
90 129 130
90 130 131
90 131 14
91 12 13
91 14 17
91 13 34
91 34 35
91 17 74
91 74 75
91 75 76
91 76 77
91 77 78
91 78 79
91 79 12
91 7 126
91 126 127
91 127 128
91 128 129
91 129 130
91 130 131
91 131 14
91 35 141
96 20 19
96 24 25
96 29 27
96 27 33
96 33 31
96 31 36
96 25 56
96 56 57
96 57 58
96 58 59
96 59 60
96 60 61
96 61 20
96 19 96
96 96 97
96 97 29
96 90 24
96 143 90
96 36 141
97 0 1
97 11 3
97 4 8
97 3 62
97 62 63
97 63 64
97 64 65
97 65 66
97 66 67
97 67 0
97 1 120
97 120 121
97 121 122
97 122 123
97 123 124
97 124 125
97 125 4
98 18 19
98 29 27
98 27 33
98 33 31
98 31 36
98 19 96
98 96 97
98 97 29
98 92 102
98 102 103
98 103 104
98 104 105
98 105 106
98 106 107
98 107 18
98 145 92
98 36 141
;
;
set inFlight:=
0
1
2
3
4
5
6
7
8
9
10
12
13
14
15
16
17
18
19
20
21
22
33
37
;
set passedFreeF:=
27 146 34
27 34 35
27 35 32
27 32 30
27 30 28
27 28 26
27 26 94
27 94 95
27 95 18
27 18 21
27 21 89
27 89 139
40 144 88
40 88 20
40 20 19
40 19 96
40 96 97
40 97 29
40 29 27
40 27 33
40 33 31
40 31 36
40 36 37
40 37 12
40 12 13
40 13 80
40 80 81
40 81 82
40 82 83
40 83 84
40 84 85
40 85 2
40 2 10
;
param tini := 12.834975447343222;
