param nn:= 148;
set F:=
0
1
2
3
4
5
6
7
8
9
10
11
12
13
14
15
16
17
18
19
20
21
22
23
24
25
26
27
28
29
30
31
32
33
34
35
36
37
38
39
40
41
42
43
44
45
46
47
48
49
51
52
53
54
55
56
57
58
59
61
62
63
64
67
68
69
72
73
75
77
79
80
84
85
86
92
94
95
96
;
set AP:=
96
;
param: E: d:=
0 1 2.500000
2 10 1.500000
11 3 1.500000
4 8 1.500000
9 5 1.500000
12 13 2.500000
0 13 2.500000
12 1 2.500000
14 15 2.500000
16 17 2.500000
14 17 2.500000
16 15 2.500000
18 19 2.500000
20 21 2.500000
18 21 2.500000
20 19 2.500000
22 23 2.500000
24 25 2.500000
22 25 2.500000
24 23 2.500000
13 34 2.500000
34 35 2.500000
35 32 2.500000
32 30 2.500000
30 28 2.500000
28 26 2.500000
29 27 2.500000
27 33 2.500000
33 31 2.500000
31 36 2.500000
36 37 2.500000
37 12 2.500000
17 46 2.500000
46 47 2.500000
47 44 2.500000
44 42 2.500000
42 40 2.500000
40 38 2.500000
41 39 2.500000
39 45 2.500000
45 43 2.500000
43 48 2.500000
48 49 2.500000
49 16 2.500000
19 50 2.500000
50 51 2.500000
51 52 2.500000
52 53 2.500000
53 54 2.500000
54 55 2.500000
55 22 2.500000
25 56 2.500000
56 57 2.500000
57 58 2.500000
58 59 2.500000
59 60 2.500000
60 61 2.500000
61 20 2.500000
3 62 2.500000
62 63 2.500000
63 64 2.500000
64 65 2.500000
65 66 2.500000
66 67 2.500000
67 0 2.500000
1 68 2.500000
68 69 2.500000
69 70 2.500000
70 71 2.500000
71 72 2.500000
72 73 2.500000
73 14 2.500000
17 74 2.500000
74 75 2.500000
75 76 2.500000
76 77 2.500000
77 78 2.500000
78 79 2.500000
79 12 2.500000
13 80 2.500000
80 81 2.500000
81 82 2.500000
82 83 2.500000
83 84 2.500000
84 85 2.500000
85 2 2.500000
26 94 2.500000
94 95 2.500000
95 18 2.500000
19 96 2.500000
96 97 2.500000
97 29 2.500000
38 98 2.500000
98 99 2.500000
99 22 2.500000
23 100 2.500000
100 101 2.500000
101 41 2.500000
92 102 2.500000
102 103 2.500000
103 104 2.500000
104 105 2.500000
105 106 2.500000
106 107 2.500000
107 18 2.500000
21 108 2.500000
108 109 2.500000
109 110 2.500000
110 111 2.500000
111 112 2.500000
112 113 2.500000
113 93 2.500000
21 89 2.500000
88 20 2.500000
25 91 2.500000
90 24 2.500000
5 114 2.500000
114 115 2.500000
115 116 2.500000
116 117 2.500000
117 118 2.500000
118 119 2.500000
119 0 2.500000
1 120 2.500000
120 121 2.500000
121 122 2.500000
122 123 2.500000
123 124 2.500000
124 125 2.500000
125 4 2.500000
7 126 1.500000
126 127 2.500000
127 128 2.500000
128 129 2.500000
129 130 2.500000
130 131 2.500000
131 14 2.500000
15 132 2.500000
132 133 2.500000
133 134 2.500000
134 135 2.500000
135 136 2.500000
136 137 2.500000
137 6 1.500000
87 6 1.500000
7 86 1.500000
144 88 1.500000
143 90 1.500000
145 92 1.500000
93 140 1.500000
89 139 1.500000
91 138 1.500000
48 142 1.500000
47 142 1.500000
36 141 1.500000
35 141 1.500000
146 37 1.500000
146 34 1.500000
147 46 1.500000
147 49 1.500000
;
param s:=
0 11
1 146
2 11
3 7
4 11
5 147
6 143
7 146
8 11
9 147
10 145
11 11
12 144
13 145
14 9
15 7
16 146
17 145
18 147
19 11
20 11
21 144
22 7
23 147
24 143
25 143
26 7
27 146
28 7
29 143
30 145
31 9
32 9
33 7
34 146
35 143
36 9
37 145
38 11
39 144
40 143
41 144
42 9
43 145
44 144
45 7
46 11
47 9
48 11
49 143
51 7
52 11
53 145
54 11
55 143
56 143
57 145
58 9
59 143
61 144
62 145
63 145
64 146
67 147
68 145
69 143
72 7
73 11
75 145
77 144
79 9
80 145
84 146
85 146
86 143
92 11
94 143
95 144
96 11
;
param e:=
0 142
1 138
2 6
3 141
4 8
5 139
6 139
7 10
8 142
9 10
10 142
11 142
12 10
13 141
14 142
15 142
16 6
17 141
18 8
19 142
20 142
21 141
22 8
23 10
24 141
25 139
26 8
27 139
28 141
29 140
30 138
31 142
32 139
33 141
34 10
35 142
36 142
37 142
38 141
39 141
40 141
41 142
42 10
43 141
44 140
45 138
46 8
47 6
48 6
49 6
51 142
52 8
53 138
54 141
55 139
56 139
57 138
58 6
59 141
61 10
62 141
63 141
64 10
67 10
68 138
69 6
72 10
73 8
75 142
77 138
79 141
80 142
84 140
85 139
86 141
92 142
94 6
95 140
96 141
;
param v_min:=2.375
;
param v_max:=2.625
;
param :conflictsNodes: angle:=
0 1 13 1.000000
0 13 1 1.000000
0 1 67 1.000000
0 67 1 1.000000
0 1 119 1.000000
0 119 1 1.000000
0 13 67 1.000000
0 67 13 1.000000
0 13 119 1.000000
0 119 13 1.000000
0 67 119 1.000000
0 119 67 1.000000
1 0 68 1.000000
1 68 0 1.000000
1 0 120 1.000000
1 120 0 1.000000
1 0 12 1.000000
1 12 0 1.000000
1 68 120 1.000000
1 120 68 1.000000
1 12 68 1.000000
1 68 12 1.000000
1 12 120 1.000000
1 120 12 1.000000
12 13 37 1.000000
12 37 13 1.000000
12 13 79 1.000000
12 79 13 1.000000
12 1 13 1.000000
12 13 1 1.000000
12 1 37 1.000000
12 37 1 1.000000
12 1 79 1.000000
12 79 1 1.000000
12 37 79 1.000000
12 79 37 1.000000
13 0 12 1.000000
13 12 0 1.000000
13 0 34 1.000000
13 34 0 1.000000
13 0 80 1.000000
13 80 0 1.000000
13 12 34 1.000000
13 34 12 1.000000
13 12 80 1.000000
13 80 12 1.000000
13 34 80 1.000000
13 80 34 1.000000
14 15 17 1.000000
14 17 15 1.000000
14 15 73 1.000000
14 73 15 1.000000
14 15 131 1.000000
14 131 15 1.000000
14 17 73 1.000000
14 73 17 1.000000
14 17 131 1.000000
14 131 17 1.000000
14 73 131 1.000000
14 131 73 1.000000
15 14 132 1.000000
15 132 14 1.000000
15 14 16 1.000000
15 16 14 1.000000
15 16 132 1.000000
15 132 16 1.000000
16 17 49 1.000000
16 49 17 1.000000
16 15 17 1.000000
16 17 15 1.000000
16 15 49 1.000000
16 49 15 1.000000
17 14 16 1.000000
17 16 14 1.000000
17 14 46 1.000000
17 46 14 1.000000
17 14 74 1.000000
17 74 14 1.000000
17 16 46 1.000000
17 46 16 1.000000
17 16 74 1.000000
17 74 16 1.000000
17 46 74 1.000000
17 74 46 1.000000
18 19 21 1.000000
18 21 19 1.000000
18 19 95 1.000000
18 95 19 1.000000
18 19 107 1.000000
18 107 19 1.000000
18 21 95 1.000000
18 95 21 1.000000
18 21 107 1.000000
18 107 21 1.000000
18 95 107 1.000000
18 107 95 1.000000
19 18 50 1.000000
19 50 18 1.000000
19 18 96 1.000000
19 96 18 1.000000
19 18 20 1.000000
19 20 18 1.000000
19 50 96 1.000000
19 96 50 1.000000
19 20 50 1.000000
19 50 20 1.000000
19 20 96 1.000000
19 96 20 1.000000
20 21 61 1.000000
20 61 21 1.000000
20 21 88 1.000000
20 88 21 1.000000
20 19 21 1.000000
20 21 19 1.000000
20 19 61 1.000000
20 61 19 1.000000
20 19 88 1.000000
20 88 19 1.000000
20 61 88 1.000000
20 88 61 1.000000
21 18 20 1.000000
21 20 18 1.000000
21 18 108 1.000000
21 108 18 1.000000
21 18 89 1.000000
21 89 18 1.000000
21 20 108 1.000000
21 108 20 1.000000
21 20 89 1.000000
21 89 20 1.000000
21 89 108 1.000000
21 108 89 1.000000
22 23 25 1.000000
22 25 23 1.000000
22 23 55 1.000000
22 55 23 1.000000
22 23 99 1.000000
22 99 23 1.000000
22 25 55 1.000000
22 55 25 1.000000
22 25 99 1.000000
22 99 25 1.000000
22 55 99 1.000000
22 99 55 1.000000
23 22 100 1.000000
23 100 22 1.000000
23 22 24 1.000000
23 24 22 1.000000
23 24 100 1.000000
23 100 24 1.000000
24 25 90 1.000000
24 90 25 1.000000
24 23 25 1.000000
24 25 23 1.000000
24 23 90 1.000000
24 90 23 1.000000
25 22 24 1.000000
25 24 22 1.000000
25 22 56 1.000000
25 56 22 1.000000
25 22 91 1.000000
25 91 22 1.000000
25 24 56 1.000000
25 56 24 1.000000
25 24 91 1.000000
25 91 24 1.000000
25 56 91 1.000000
25 91 56 1.000000
26 28 94 1.000000
26 94 28 1.000000
27 29 33 1.000000
27 33 29 1.000000
28 26 30 1.000000
28 30 26 1.000000
29 27 97 1.000000
29 97 27 1.000000
30 28 32 1.000000
30 32 28 1.000000
31 33 36 1.000000
31 36 33 1.000000
32 30 35 1.000000
32 35 30 1.000000
33 27 31 1.000000
33 31 27 1.000000
34 13 35 1.000000
34 35 13 1.000000
35 32 34 1.000000
35 34 32 1.000000
36 31 37 1.000000
36 37 31 1.000000
37 12 36 1.000000
37 36 12 1.000000
38 40 98 1.000000
38 98 40 1.000000
39 41 45 1.000000
39 45 41 1.000000
40 38 42 1.000000
40 42 38 1.000000
41 39 101 1.000000
41 101 39 1.000000
42 40 44 1.000000
42 44 40 1.000000
43 45 48 1.000000
43 48 45 1.000000
44 42 47 1.000000
44 47 42 1.000000
45 39 43 1.000000
45 43 39 1.000000
46 17 47 1.000000
46 47 17 1.000000
47 44 46 1.000000
47 46 44 1.000000
48 43 49 1.000000
48 49 43 1.000000
49 16 48 1.000000
49 48 16 1.000000
50 19 51 1.000000
50 51 19 1.000000
51 50 52 1.000000
51 52 50 1.000000
52 51 53 1.000000
52 53 51 1.000000
53 52 54 1.000000
53 54 52 1.000000
54 53 55 1.000000
54 55 53 1.000000
55 22 54 1.000000
55 54 22 1.000000
56 25 57 1.000000
56 57 25 1.000000
57 56 58 1.000000
57 58 56 1.000000
58 57 59 1.000000
58 59 57 1.000000
59 58 60 1.000000
59 60 58 1.000000
60 59 61 1.000000
60 61 59 1.000000
61 20 60 1.000000
61 60 20 1.000000
62 3 63 1.000000
62 63 3 1.000000
63 62 64 1.000000
63 64 62 1.000000
64 63 65 1.000000
64 65 63 1.000000
65 64 66 1.000000
65 66 64 1.000000
66 65 67 1.000000
66 67 65 1.000000
67 0 66 1.000000
67 66 0 1.000000
68 1 69 1.000000
68 69 1 1.000000
69 68 70 1.000000
69 70 68 1.000000
70 69 71 1.000000
70 71 69 1.000000
71 70 72 1.000000
71 72 70 1.000000
72 71 73 1.000000
72 73 71 1.000000
73 14 72 1.000000
73 72 14 1.000000
74 17 75 1.000000
74 75 17 1.000000
75 74 76 1.000000
75 76 74 1.000000
76 75 77 1.000000
76 77 75 1.000000
77 76 78 1.000000
77 78 76 1.000000
78 77 79 1.000000
78 79 77 1.000000
79 12 78 1.000000
79 78 12 1.000000
80 13 81 1.000000
80 81 13 1.000000
81 80 82 1.000000
81 82 80 1.000000
82 81 83 1.000000
82 83 81 1.000000
83 82 84 1.000000
83 84 82 1.000000
84 83 85 1.000000
84 85 83 1.000000
85 2 84 1.000000
85 84 2 1.000000
94 26 95 1.000000
94 95 26 1.000000
95 18 94 1.000000
95 94 18 1.000000
96 19 97 1.000000
96 97 19 1.000000
97 29 96 1.000000
97 96 29 1.000000
98 38 99 1.000000
98 99 38 1.000000
99 22 98 1.000000
99 98 22 1.000000
100 23 101 1.000000
100 101 23 1.000000
101 41 100 1.000000
101 100 41 1.000000
102 92 103 1.000000
102 103 92 1.000000
103 102 104 1.000000
103 104 102 1.000000
104 103 105 1.000000
104 105 103 1.000000
105 104 106 1.000000
105 106 104 1.000000
106 105 107 1.000000
106 107 105 1.000000
107 18 106 1.000000
107 106 18 1.000000
108 21 109 1.000000
108 109 21 1.000000
109 108 110 1.000000
109 110 108 1.000000
110 109 111 1.000000
110 111 109 1.000000
111 110 112 1.000000
111 112 110 1.000000
112 111 113 1.000000
112 113 111 1.000000
113 93 112 1.000000
113 112 93 1.000000
114 5 115 1.000000
114 115 5 1.000000
115 114 116 1.000000
115 116 114 1.000000
116 115 117 1.000000
116 117 115 1.000000
117 116 118 1.000000
117 118 116 1.000000
118 117 119 1.000000
118 119 117 1.000000
119 0 118 1.000000
119 118 0 1.000000
120 1 121 1.000000
120 121 1 1.000000
121 120 122 1.000000
121 122 120 1.000000
122 121 123 1.000000
122 123 121 1.000000
123 122 124 1.000000
123 124 122 1.000000
124 123 125 1.000000
124 125 123 1.000000
125 4 124 1.000000
125 124 4 1.000000
127 126 128 1.000000
127 128 126 1.000000
128 127 129 1.000000
128 129 127 1.000000
129 128 130 1.000000
129 130 128 1.000000
130 129 131 1.000000
130 131 129 1.000000
131 14 130 1.000000
131 130 14 1.000000
132 15 133 1.000000
132 133 15 1.000000
133 132 134 1.000000
133 134 132 1.000000
134 133 135 1.000000
134 135 133 1.000000
135 134 136 1.000000
135 136 134 1.000000
136 135 137 1.000000
136 137 135 1.000000
;
param D:=0.5;
param t_hat_ear:=
0 11 4.0
0 3 5.0
0 62 6.0
0 63 7.0
0 64 8.0
0 65 9.0
0 66 10.0
0 67 11.0
0 0 12.0
0 1 13.0
0 68 14.0
0 69 15.0
0 70 16.0
0 71 17.0
0 72 18.0
0 73 19.0
0 14 20.0
0 17 21.0
0 46 22.0
0 47 23.0
0 142 24.0
1 146 8.0
1 34 9.0
1 35 10.0
1 32 11.0
1 30 12.0
1 28 13.0
1 26 14.0
1 94 15.0
1 95 16.0
1 18 17.0
1 19 18.0
1 50 19.0
1 51 20.0
1 52 21.0
1 53 22.0
1 54 23.0
1 55 24.0
1 22 25.0
1 25 26.0
1 91 27.0
1 138 28.0
2 11 0.0
2 3 1.0
2 62 2.0
2 63 3.0
2 64 4.0
2 65 5.0
2 66 6.0
2 67 7.0
2 0 8.0
2 1 9.0
2 68 10.0
2 69 11.0
2 70 12.0
2 71 13.0
2 72 14.0
2 73 15.0
2 14 16.0
2 15 17.0
2 132 18.0
2 133 19.0
2 134 20.0
2 135 21.0
2 136 22.0
2 137 23.0
2 6 24.0
3 7 7.0
3 126 8.0
3 127 9.0
3 128 10.0
3 129 11.0
3 130 12.0
3 131 13.0
3 14 14.0
3 17 15.0
3 74 16.0
3 75 17.0
3 76 18.0
3 77 19.0
3 78 20.0
3 79 21.0
3 12 22.0
3 13 23.0
3 34 24.0
3 35 25.0
3 141 26.0
4 11 8.0
4 3 9.0
4 62 10.0
4 63 11.0
4 64 12.0
4 65 13.0
4 66 14.0
4 67 15.0
4 0 16.0
4 1 17.0
4 120 18.0
4 121 19.0
4 122 20.0
4 123 21.0
4 124 22.0
4 125 23.0
4 4 24.0
4 8 25.0
5 147 0.0
5 46 1.0
5 47 2.0
5 44 3.0
5 42 4.0
5 40 5.0
5 38 6.0
5 98 7.0
5 99 8.0
5 22 9.0
5 25 10.0
5 56 11.0
5 57 12.0
5 58 13.0
5 59 14.0
5 60 15.0
5 61 16.0
5 20 17.0
5 21 18.0
5 89 19.0
5 139 20.0
6 143 0.0
6 90 1.0
6 24 2.0
6 25 3.0
6 56 4.0
6 57 5.0
6 58 6.0
6 59 7.0
6 60 8.0
6 61 9.0
6 20 10.0
6 21 11.0
6 89 12.0
6 139 13.0
7 146 0.0
7 37 1.0
7 12 2.0
7 13 3.0
7 80 4.0
7 81 5.0
7 82 6.0
7 83 7.0
7 84 8.0
7 85 9.0
7 2 10.0
7 10 11.0
8 11 19.0
8 3 20.0
8 62 21.0
8 63 22.0
8 64 23.0
8 65 24.0
8 66 25.0
8 67 26.0
8 0 27.0
8 1 28.0
8 68 29.0
8 69 30.0
8 70 31.0
8 71 32.0
8 72 33.0
8 73 34.0
8 14 35.0
8 17 36.0
8 46 37.0
8 47 38.0
8 142 39.0
9 147 2.0
9 49 3.0
9 16 4.0
9 17 5.0
9 74 6.0
9 75 7.0
9 76 8.0
9 77 9.0
9 78 10.0
9 79 11.0
9 12 12.0
9 13 13.0
9 80 14.0
9 81 15.0
9 82 16.0
9 83 17.0
9 84 18.0
9 85 19.0
9 2 20.0
9 10 21.0
10 145 3.0
10 92 4.0
10 102 5.0
10 103 6.0
10 104 7.0
10 105 8.0
10 106 9.0
10 107 10.0
10 18 11.0
10 19 12.0
10 50 13.0
10 51 14.0
10 52 15.0
10 53 16.0
10 54 17.0
10 55 18.0
10 22 19.0
10 23 20.0
10 100 21.0
10 101 22.0
10 41 23.0
10 39 24.0
10 45 25.0
10 43 26.0
10 48 27.0
10 142 28.0
11 11 6.0
11 3 7.0
11 62 8.0
11 63 9.0
11 64 10.0
11 65 11.0
11 66 12.0
11 67 13.0
11 0 14.0
11 1 15.0
11 68 16.0
11 69 17.0
11 70 18.0
11 71 19.0
11 72 20.0
11 73 21.0
11 14 22.0
11 17 23.0
11 46 24.0
11 47 25.0
11 142 26.0
12 144 2.0
12 88 3.0
12 20 4.0
12 19 5.0
12 96 6.0
12 97 7.0
12 29 8.0
12 27 9.0
12 33 10.0
12 31 11.0
12 36 12.0
12 37 13.0
12 12 14.0
12 13 15.0
12 80 16.0
12 81 17.0
12 82 18.0
12 83 19.0
12 84 20.0
12 85 21.0
12 2 22.0
12 10 23.0
13 145 0.0
13 92 1.0
13 102 2.0
13 103 3.0
13 104 4.0
13 105 5.0
13 106 6.0
13 107 7.0
13 18 8.0
13 19 9.0
13 96 10.0
13 97 11.0
13 29 12.0
13 27 13.0
13 33 14.0
13 31 15.0
13 36 16.0
13 141 17.0
14 9 2.0
14 5 3.0
14 114 4.0
14 115 5.0
14 116 6.0
14 117 7.0
14 118 8.0
14 119 9.0
14 0 10.0
14 1 11.0
14 68 12.0
14 69 13.0
14 70 14.0
14 71 15.0
14 72 16.0
14 73 17.0
14 14 18.0
14 17 19.0
14 46 20.0
14 47 21.0
14 142 22.0
15 7 0.0
15 126 1.0
15 127 2.0
15 128 3.0
15 129 4.0
15 130 5.0
15 131 6.0
15 14 7.0
15 17 8.0
15 46 9.0
15 47 10.0
15 142 11.0
16 146 2.0
16 37 3.0
16 12 4.0
16 1 5.0
16 68 6.0
16 69 7.0
16 70 8.0
16 71 9.0
16 72 10.0
16 73 11.0
16 14 12.0
16 15 13.0
16 132 14.0
16 133 15.0
16 134 16.0
16 135 17.0
16 136 18.0
16 137 19.0
16 6 20.0
17 145 7.0
17 92 8.0
17 102 9.0
17 103 10.0
17 104 11.0
17 105 12.0
17 106 13.0
17 107 14.0
17 18 15.0
17 19 16.0
17 96 17.0
17 97 18.0
17 29 19.0
17 27 20.0
17 33 21.0
17 31 22.0
17 36 23.0
17 141 24.0
18 147 8.0
18 49 9.0
18 16 10.0
18 17 11.0
18 74 12.0
18 75 13.0
18 76 14.0
18 77 15.0
18 78 16.0
18 79 17.0
18 12 18.0
18 1 19.0
18 120 20.0
18 121 21.0
18 122 22.0
18 123 23.0
18 124 24.0
18 125 25.0
18 4 26.0
18 8 27.0
19 11 14.0
19 3 15.0
19 62 16.0
19 63 17.0
19 64 18.0
19 65 19.0
19 66 20.0
19 67 21.0
19 0 22.0
19 1 23.0
19 68 24.0
19 69 25.0
19 70 26.0
19 71 27.0
19 72 28.0
19 73 29.0
19 14 30.0
19 17 31.0
19 46 32.0
19 47 33.0
19 142 34.0
20 11 35.0
20 3 36.0
20 62 37.0
20 63 38.0
20 64 39.0
20 65 40.0
20 66 41.0
20 67 42.0
20 0 43.0
20 1 44.0
20 68 45.0
20 69 46.0
20 70 47.0
20 71 48.0
20 72 49.0
20 73 50.0
20 14 51.0
20 17 52.0
20 46 53.0
20 47 54.0
20 142 55.0
21 144 19.0
21 88 20.0
21 20 21.0
21 19 22.0
21 96 23.0
21 97 24.0
21 29 25.0
21 27 26.0
21 33 27.0
21 31 28.0
21 36 29.0
21 141 30.0
22 7 19.0
22 126 20.0
22 127 21.0
22 128 22.0
22 129 23.0
22 130 24.0
22 131 25.0
22 14 26.0
22 17 27.0
22 74 28.0
22 75 29.0
22 76 30.0
22 77 31.0
22 78 32.0
22 79 33.0
22 12 34.0
22 1 35.0
22 120 36.0
22 121 37.0
22 122 38.0
22 123 39.0
22 124 40.0
22 125 41.0
22 4 42.0
22 8 43.0
23 147 10.0
23 49 11.0
23 16 12.0
23 17 13.0
23 74 14.0
23 75 15.0
23 76 16.0
23 77 17.0
23 78 18.0
23 79 19.0
23 12 20.0
23 13 21.0
23 80 22.0
23 81 23.0
23 82 24.0
23 83 25.0
23 84 26.0
23 85 27.0
23 2 28.0
23 10 29.0
24 143 17.0
24 90 18.0
24 24 19.0
24 25 20.0
24 56 21.0
24 57 22.0
24 58 23.0
24 59 24.0
24 60 25.0
24 61 26.0
24 20 27.0
24 19 28.0
24 96 29.0
24 97 30.0
24 29 31.0
24 27 32.0
24 33 33.0
24 31 34.0
24 36 35.0
24 141 36.0
25 143 15.0
25 90 16.0
25 24 17.0
25 25 18.0
25 56 19.0
25 57 20.0
25 58 21.0
25 59 22.0
25 60 23.0
25 61 24.0
25 20 25.0
25 21 26.0
25 89 27.0
25 139 28.0
26 7 17.0
26 126 18.0
26 127 19.0
26 128 20.0
26 129 21.0
26 130 22.0
26 131 23.0
26 14 24.0
26 17 25.0
26 74 26.0
26 75 27.0
26 76 28.0
26 77 29.0
26 78 30.0
26 79 31.0
26 12 32.0
26 1 33.0
26 120 34.0
26 121 35.0
26 122 36.0
26 123 37.0
26 124 38.0
26 125 39.0
26 4 40.0
26 8 41.0
27 146 12.0
27 34 13.0
27 35 14.0
27 32 15.0
27 30 16.0
27 28 17.0
27 26 18.0
27 94 19.0
27 95 20.0
27 18 21.0
27 21 22.0
27 89 23.0
27 139 24.0
28 7 35.0
28 126 36.0
28 127 37.0
28 128 38.0
28 129 39.0
28 130 40.0
28 131 41.0
28 14 42.0
28 17 43.0
28 74 44.0
28 75 45.0
28 76 46.0
28 77 47.0
28 78 48.0
28 79 49.0
28 12 50.0
28 13 51.0
28 34 52.0
28 35 53.0
28 141 54.0
29 143 13.0
29 90 14.0
29 24 15.0
29 25 16.0
29 56 17.0
29 57 18.0
29 58 19.0
29 59 20.0
29 60 21.0
29 61 22.0
29 20 23.0
29 21 24.0
29 108 25.0
29 109 26.0
29 110 27.0
29 111 28.0
29 112 29.0
29 113 30.0
29 93 31.0
29 140 32.0
30 145 11.0
30 92 12.0
30 102 13.0
30 103 14.0
30 104 15.0
30 105 16.0
30 106 17.0
30 107 18.0
30 18 19.0
30 19 20.0
30 50 21.0
30 51 22.0
30 52 23.0
30 53 24.0
30 54 25.0
30 55 26.0
30 22 27.0
30 25 28.0
30 91 29.0
30 138 30.0
31 9 12.0
31 5 13.0
31 114 14.0
31 115 15.0
31 116 16.0
31 117 17.0
31 118 18.0
31 119 19.0
31 0 20.0
31 1 21.0
31 68 22.0
31 69 23.0
31 70 24.0
31 71 25.0
31 72 26.0
31 73 27.0
31 14 28.0
31 17 29.0
31 46 30.0
31 47 31.0
31 142 32.0
32 9 10.0
32 5 11.0
32 114 12.0
32 115 13.0
32 116 14.0
32 117 15.0
32 118 16.0
32 119 17.0
32 0 18.0
32 13 19.0
32 34 20.0
32 35 21.0
32 32 22.0
32 30 23.0
32 28 24.0
32 26 25.0
32 94 26.0
32 95 27.0
32 18 28.0
32 21 29.0
32 89 30.0
32 139 31.0
33 7 25.0
33 126 26.0
33 127 27.0
33 128 28.0
33 129 29.0
33 130 30.0
33 131 31.0
33 14 32.0
33 17 33.0
33 74 34.0
33 75 35.0
33 76 36.0
33 77 37.0
33 78 38.0
33 79 39.0
33 12 40.0
33 13 41.0
33 34 42.0
33 35 43.0
33 141 44.0
34 146 14.0
34 37 15.0
34 12 16.0
34 13 17.0
34 80 18.0
34 81 19.0
34 82 20.0
34 83 21.0
34 84 22.0
34 85 23.0
34 2 24.0
34 10 25.0
35 143 19.0
35 90 20.0
35 24 21.0
35 23 22.0
35 100 23.0
35 101 24.0
35 41 25.0
35 39 26.0
35 45 27.0
35 43 28.0
35 48 29.0
35 142 30.0
36 9 29.0
36 5 30.0
36 114 31.0
36 115 32.0
36 116 33.0
36 117 34.0
36 118 35.0
36 119 36.0
36 0 37.0
36 1 38.0
36 68 39.0
36 69 40.0
36 70 41.0
36 71 42.0
36 72 43.0
36 73 44.0
36 14 45.0
36 17 46.0
36 46 47.0
36 47 48.0
36 142 49.0
37 145 17.0
37 92 18.0
37 102 19.0
37 103 20.0
37 104 21.0
37 105 22.0
37 106 23.0
37 107 24.0
37 18 25.0
37 19 26.0
37 50 27.0
37 51 28.0
37 52 29.0
37 53 30.0
37 54 31.0
37 55 32.0
37 22 33.0
37 23 34.0
37 100 35.0
37 101 36.0
37 41 37.0
37 39 38.0
37 45 39.0
37 43 40.0
37 48 41.0
37 142 42.0
38 11 16.0
38 3 17.0
38 62 18.0
38 63 19.0
38 64 20.0
38 65 21.0
38 66 22.0
38 67 23.0
38 0 24.0
38 13 25.0
38 34 26.0
38 35 27.0
38 141 28.0
39 144 11.0
39 88 12.0
39 20 13.0
39 19 14.0
39 96 15.0
39 97 16.0
39 29 17.0
39 27 18.0
39 33 19.0
39 31 20.0
39 36 21.0
39 141 22.0
40 143 29.0
40 90 30.0
40 24 31.0
40 25 32.0
40 56 33.0
40 57 34.0
40 58 35.0
40 59 36.0
40 60 37.0
40 61 38.0
40 20 39.0
40 19 40.0
40 96 41.0
40 97 42.0
40 29 43.0
40 27 44.0
40 33 45.0
40 31 46.0
40 36 47.0
40 141 48.0
41 144 27.0
41 88 28.0
41 20 29.0
41 19 30.0
41 50 31.0
41 51 32.0
41 52 33.0
41 53 34.0
41 54 35.0
41 55 36.0
41 22 37.0
41 23 38.0
41 100 39.0
41 101 40.0
41 41 41.0
41 39 42.0
41 45 43.0
41 43 44.0
41 48 45.0
41 142 46.0
42 9 23.0
42 5 24.0
42 114 25.0
42 115 26.0
42 116 27.0
42 117 28.0
42 118 29.0
42 119 30.0
42 0 31.0
42 13 32.0
42 80 33.0
42 81 34.0
42 82 35.0
42 83 36.0
42 84 37.0
42 85 38.0
42 2 39.0
42 10 40.0
43 145 25.0
43 92 26.0
43 102 27.0
43 103 28.0
43 104 29.0
43 105 30.0
43 106 31.0
43 107 32.0
43 18 33.0
43 19 34.0
43 96 35.0
43 97 36.0
43 29 37.0
43 27 38.0
43 33 39.0
43 31 40.0
43 36 41.0
43 141 42.0
44 144 29.0
44 88 30.0
44 20 31.0
44 21 32.0
44 108 33.0
44 109 34.0
44 110 35.0
44 111 36.0
44 112 37.0
44 113 38.0
44 93 39.0
44 140 40.0
45 7 30.0
45 126 31.0
45 127 32.0
45 128 33.0
45 129 34.0
45 130 35.0
45 131 36.0
45 14 37.0
45 17 38.0
45 46 39.0
45 47 40.0
45 44 41.0
45 42 42.0
45 40 43.0
45 38 44.0
45 98 45.0
45 99 46.0
45 22 47.0
45 25 48.0
45 91 49.0
45 138 50.0
46 11 39.0
46 3 40.0
46 62 41.0
46 63 42.0
46 64 43.0
46 65 44.0
46 66 45.0
46 67 46.0
46 0 47.0
46 1 48.0
46 120 49.0
46 121 50.0
46 122 51.0
46 123 52.0
46 124 53.0
46 125 54.0
46 4 55.0
46 8 56.0
47 9 31.0
47 5 32.0
47 114 33.0
47 115 34.0
47 116 35.0
47 117 36.0
47 118 37.0
47 119 38.0
47 0 39.0
47 1 40.0
47 68 41.0
47 69 42.0
47 70 43.0
47 71 44.0
47 72 45.0
47 73 46.0
47 14 47.0
47 15 48.0
47 132 49.0
47 133 50.0
47 134 51.0
47 135 52.0
47 136 53.0
47 137 54.0
47 6 55.0
48 11 37.0
48 3 38.0
48 62 39.0
48 63 40.0
48 64 41.0
48 65 42.0
48 66 43.0
48 67 44.0
48 0 45.0
48 1 46.0
48 68 47.0
48 69 48.0
48 70 49.0
48 71 50.0
48 72 51.0
48 73 52.0
48 14 53.0
48 15 54.0
48 132 55.0
48 133 56.0
48 134 57.0
48 135 58.0
48 136 59.0
48 137 60.0
48 6 61.0
49 143 25.0
49 90 26.0
49 24 27.0
49 23 28.0
49 100 29.0
49 101 30.0
49 41 31.0
49 39 32.0
49 45 33.0
49 43 34.0
49 48 35.0
49 49 36.0
49 16 37.0
49 15 38.0
49 132 39.0
49 133 40.0
49 134 41.0
49 135 42.0
49 136 43.0
49 137 44.0
49 6 45.0
51 7 33.0
51 126 34.0
51 127 35.0
51 128 36.0
51 129 37.0
51 130 38.0
51 131 39.0
51 14 40.0
51 17 41.0
51 46 42.0
51 47 43.0
51 142 44.0
52 11 21.0
52 3 22.0
52 62 23.0
52 63 24.0
52 64 25.0
52 65 26.0
52 66 27.0
52 67 28.0
52 0 29.0
52 1 30.0
52 120 31.0
52 121 32.0
52 122 33.0
52 123 34.0
52 124 35.0
52 125 36.0
52 4 37.0
52 8 38.0
53 145 23.0
53 92 24.0
53 102 25.0
53 103 26.0
53 104 27.0
53 105 28.0
53 106 29.0
53 107 30.0
53 18 31.0
53 19 32.0
53 50 33.0
53 51 34.0
53 52 35.0
53 53 36.0
53 54 37.0
53 55 38.0
53 22 39.0
53 25 40.0
53 91 41.0
53 138 42.0
54 11 26.0
54 3 27.0
54 62 28.0
54 63 29.0
54 64 30.0
54 65 31.0
54 66 32.0
54 67 33.0
54 0 34.0
54 13 35.0
54 34 36.0
54 35 37.0
54 141 38.0
55 143 35.0
55 90 36.0
55 24 37.0
55 25 38.0
55 56 39.0
55 57 40.0
55 58 41.0
55 59 42.0
55 60 43.0
55 61 44.0
55 20 45.0
55 21 46.0
55 89 47.0
55 139 48.0
56 143 27.0
56 90 28.0
56 24 29.0
56 25 30.0
56 56 31.0
56 57 32.0
56 58 33.0
56 59 34.0
56 60 35.0
56 61 36.0
56 20 37.0
56 21 38.0
56 89 39.0
56 139 40.0
57 145 27.0
57 92 28.0
57 102 29.0
57 103 30.0
57 104 31.0
57 105 32.0
57 106 33.0
57 107 34.0
57 18 35.0
57 19 36.0
57 50 37.0
57 51 38.0
57 52 39.0
57 53 40.0
57 54 41.0
57 55 42.0
57 22 43.0
57 25 44.0
57 91 45.0
57 138 46.0
58 9 33.0
58 5 34.0
58 114 35.0
58 115 36.0
58 116 37.0
58 117 38.0
58 118 39.0
58 119 40.0
58 0 41.0
58 1 42.0
58 68 43.0
58 69 44.0
58 70 45.0
58 71 46.0
58 72 47.0
58 73 48.0
58 14 49.0
58 15 50.0
58 132 51.0
58 133 52.0
58 134 53.0
58 135 54.0
58 136 55.0
58 137 56.0
58 6 57.0
59 143 39.0
59 90 40.0
59 24 41.0
59 25 42.0
59 56 43.0
59 57 44.0
59 58 45.0
59 59 46.0
59 60 47.0
59 61 48.0
59 20 49.0
59 19 50.0
59 96 51.0
59 97 52.0
59 29 53.0
59 27 54.0
59 33 55.0
59 31 56.0
59 36 57.0
59 141 58.0
61 144 49.0
61 88 50.0
61 20 51.0
61 19 52.0
61 96 53.0
61 97 54.0
61 29 55.0
61 27 56.0
61 33 57.0
61 31 58.0
61 36 59.0
61 37 60.0
61 12 61.0
61 13 62.0
61 80 63.0
61 81 64.0
61 82 65.0
61 83 66.0
61 84 67.0
61 85 68.0
61 2 69.0
61 10 70.0
62 145 35.0
62 92 36.0
62 102 37.0
62 103 38.0
62 104 39.0
62 105 40.0
62 106 41.0
62 107 42.0
62 18 43.0
62 19 44.0
62 96 45.0
62 97 46.0
62 29 47.0
62 27 48.0
62 33 49.0
62 31 50.0
62 36 51.0
62 141 52.0
63 145 39.0
63 92 40.0
63 102 41.0
63 103 42.0
63 104 43.0
63 105 44.0
63 106 45.0
63 107 46.0
63 18 47.0
63 19 48.0
63 96 49.0
63 97 50.0
63 29 51.0
63 27 52.0
63 33 53.0
63 31 54.0
63 36 55.0
63 141 56.0
64 146 34.0
64 37 35.0
64 12 36.0
64 13 37.0
64 80 38.0
64 81 39.0
64 82 40.0
64 83 41.0
64 84 42.0
64 85 43.0
64 2 44.0
64 10 45.0
67 147 45.0
67 49 46.0
67 16 47.0
67 17 48.0
67 74 49.0
67 75 50.0
67 76 51.0
67 77 52.0
67 78 53.0
67 79 54.0
67 12 55.0
67 13 56.0
67 80 57.0
67 81 58.0
67 82 59.0
67 83 60.0
67 84 61.0
67 85 62.0
67 2 63.0
67 10 64.0
68 145 37.0
68 92 38.0
68 102 39.0
68 103 40.0
68 104 41.0
68 105 42.0
68 106 43.0
68 107 44.0
68 18 45.0
68 19 46.0
68 50 47.0
68 51 48.0
68 52 49.0
68 53 50.0
68 54 51.0
68 55 52.0
68 22 53.0
68 25 54.0
68 91 55.0
68 138 56.0
69 143 33.0
69 90 34.0
69 24 35.0
69 23 36.0
69 100 37.0
69 101 38.0
69 41 39.0
69 39 40.0
69 45 41.0
69 43 42.0
69 48 43.0
69 49 44.0
69 16 45.0
69 15 46.0
69 132 47.0
69 133 48.0
69 134 49.0
69 135 50.0
69 136 51.0
69 137 52.0
69 6 53.0
72 7 48.0
72 126 49.0
72 127 50.0
72 128 51.0
72 129 52.0
72 130 53.0
72 131 54.0
72 14 55.0
72 17 56.0
72 74 57.0
72 75 58.0
72 76 59.0
72 77 60.0
72 78 61.0
72 79 62.0
72 12 63.0
72 13 64.0
72 80 65.0
72 81 66.0
72 82 67.0
72 83 68.0
72 84 69.0
72 85 70.0
72 2 71.0
72 10 72.0
73 11 41.0
73 3 42.0
73 62 43.0
73 63 44.0
73 64 45.0
73 65 46.0
73 66 47.0
73 67 48.0
73 0 49.0
73 1 50.0
73 120 51.0
73 121 52.0
73 122 53.0
73 123 54.0
73 124 55.0
73 125 56.0
73 4 57.0
73 8 58.0
75 145 48.0
75 92 49.0
75 102 50.0
75 103 51.0
75 104 52.0
75 105 53.0
75 106 54.0
75 107 55.0
75 18 56.0
75 19 57.0
75 50 58.0
75 51 59.0
75 52 60.0
75 53 61.0
75 54 62.0
75 55 63.0
75 22 64.0
75 23 65.0
75 100 66.0
75 101 67.0
75 41 68.0
75 39 69.0
75 45 70.0
75 43 71.0
75 48 72.0
75 142 73.0
77 144 39.0
77 88 40.0
77 20 41.0
77 19 42.0
77 50 43.0
77 51 44.0
77 52 45.0
77 53 46.0
77 54 47.0
77 55 48.0
77 22 49.0
77 25 50.0
77 91 51.0
77 138 52.0
79 9 49.0
79 5 50.0
79 114 51.0
79 115 52.0
79 116 53.0
79 117 54.0
79 118 55.0
79 119 56.0
79 0 57.0
79 13 58.0
79 34 59.0
79 35 60.0
79 141 61.0
80 145 46.0
80 92 47.0
80 102 48.0
80 103 49.0
80 104 50.0
80 105 51.0
80 106 52.0
80 107 53.0
80 18 54.0
80 19 55.0
80 50 56.0
80 51 57.0
80 52 58.0
80 53 59.0
80 54 60.0
80 55 61.0
80 22 62.0
80 23 63.0
80 100 64.0
80 101 65.0
80 41 66.0
80 39 67.0
80 45 68.0
80 43 69.0
80 48 70.0
80 142 71.0
84 146 43.0
84 34 44.0
84 35 45.0
84 32 46.0
84 30 47.0
84 28 48.0
84 26 49.0
84 94 50.0
84 95 51.0
84 18 52.0
84 21 53.0
84 108 54.0
84 109 55.0
84 110 56.0
84 111 57.0
84 112 58.0
84 113 59.0
84 93 60.0
84 140 61.0
85 146 49.0
85 34 50.0
85 35 51.0
85 32 52.0
85 30 53.0
85 28 54.0
85 26 55.0
85 94 56.0
85 95 57.0
85 18 58.0
85 21 59.0
85 89 60.0
85 139 61.0
86 143 49.0
86 90 50.0
86 24 51.0
86 25 52.0
86 56 53.0
86 57 54.0
86 58 55.0
86 59 56.0
86 60 57.0
86 61 58.0
86 20 59.0
86 19 60.0
86 96 61.0
86 97 62.0
86 29 63.0
86 27 64.0
86 33 65.0
86 31 66.0
86 36 67.0
86 141 68.0
92 11 43.0
92 3 44.0
92 62 45.0
92 63 46.0
92 64 47.0
92 65 48.0
92 66 49.0
92 67 50.0
92 0 51.0
92 1 52.0
92 68 53.0
92 69 54.0
92 70 55.0
92 71 56.0
92 72 57.0
92 73 58.0
92 14 59.0
92 17 60.0
92 46 61.0
92 47 62.0
92 142 63.0
94 143 43.0
94 90 44.0
94 24 45.0
94 23 46.0
94 100 47.0
94 101 48.0
94 41 49.0
94 39 50.0
94 45 51.0
94 43 52.0
94 48 53.0
94 49 54.0
94 16 55.0
94 15 56.0
94 132 57.0
94 133 58.0
94 134 59.0
94 135 60.0
94 136 61.0
94 137 62.0
94 6 63.0
95 144 41.0
95 88 42.0
95 20 43.0
95 21 44.0
95 108 45.0
95 109 46.0
95 110 47.0
95 111 48.0
95 112 49.0
95 113 50.0
95 93 51.0
95 140 52.0
96 11 9
96 3 10.0
96 62 11.0
96 63 12.0
96 64 13.0
96 65 14.0
96 66 15.0
96 67 16.0
96 0 17.0
96 13 18.0
96 34 19.0
96 35 20.0
96 141 21.0
;
param t_hat_lat:=
0 11 5.0
0 3 6.0
0 62 7.0
0 63 8.0
0 64 9.0
0 65 10.0
0 66 11.0
0 67 12.0
0 0 13.0
0 1 14.0
0 68 15.0
0 69 16.0
0 70 17.0
0 71 18.0
0 72 19.0
0 73 20.0
0 14 21.0
0 17 22.0
0 46 23.0
0 47 24.0
0 142 25.0
1 146 9.0
1 34 10.0
1 35 11.0
1 32 12.0
1 30 13.0
1 28 14.0
1 26 15.0
1 94 16.0
1 95 17.0
1 18 18.0
1 19 19.0
1 50 20.0
1 51 21.0
1 52 22.0
1 53 23.0
1 54 24.0
1 55 25.0
1 22 26.0
1 25 27.0
1 91 28.0
1 138 29.0
2 11 1.0
2 3 2.0
2 62 3.0
2 63 4.0
2 64 5.0
2 65 6.0
2 66 7.0
2 67 8.0
2 0 9.0
2 1 10.0
2 68 11.0
2 69 12.0
2 70 13.0
2 71 14.0
2 72 15.0
2 73 16.0
2 14 17.0
2 15 18.0
2 132 19.0
2 133 20.0
2 134 21.0
2 135 22.0
2 136 23.0
2 137 24.0
2 6 25.0
3 7 8.0
3 126 9.0
3 127 10.0
3 128 11.0
3 129 12.0
3 130 13.0
3 131 14.0
3 14 15.0
3 17 16.0
3 74 17.0
3 75 18.0
3 76 19.0
3 77 20.0
3 78 21.0
3 79 22.0
3 12 23.0
3 13 24.0
3 34 25.0
3 35 26.0
3 141 27.0
4 11 9.0
4 3 10.0
4 62 11.0
4 63 12.0
4 64 13.0
4 65 14.0
4 66 15.0
4 67 16.0
4 0 17.0
4 1 18.0
4 120 19.0
4 121 20.0
4 122 21.0
4 123 22.0
4 124 23.0
4 125 24.0
4 4 25.0
4 8 26.0
5 147 1.0
5 46 2.0
5 47 3.0
5 44 4.0
5 42 5.0
5 40 6.0
5 38 7.0
5 98 8.0
5 99 9.0
5 22 10.0
5 25 11.0
5 56 12.0
5 57 13.0
5 58 14.0
5 59 15.0
5 60 16.0
5 61 17.0
5 20 18.0
5 21 19.0
5 89 20.0
5 139 21.0
6 143 1.0
6 90 2.0
6 24 3.0
6 25 4.0
6 56 5.0
6 57 6.0
6 58 7.0
6 59 8.0
6 60 9.0
6 61 10.0
6 20 11.0
6 21 12.0
6 89 13.0
6 139 14.0
7 146 1.0
7 37 2.0
7 12 3.0
7 13 4.0
7 80 5.0
7 81 6.0
7 82 7.0
7 83 8.0
7 84 9.0
7 85 10.0
7 2 11.0
7 10 12.0
8 11 20.0
8 3 21.0
8 62 22.0
8 63 23.0
8 64 24.0
8 65 25.0
8 66 26.0
8 67 27.0
8 0 28.0
8 1 29.0
8 68 30.0
8 69 31.0
8 70 32.0
8 71 33.0
8 72 34.0
8 73 35.0
8 14 36.0
8 17 37.0
8 46 38.0
8 47 39.0
8 142 40.0
9 147 3.0
9 49 4.0
9 16 5.0
9 17 6.0
9 74 7.0
9 75 8.0
9 76 9.0
9 77 10.0
9 78 11.0
9 79 12.0
9 12 13.0
9 13 14.0
9 80 15.0
9 81 16.0
9 82 17.0
9 83 18.0
9 84 19.0
9 85 20.0
9 2 21.0
9 10 22.0
10 145 4.0
10 92 5.0
10 102 6.0
10 103 7.0
10 104 8.0
10 105 9.0
10 106 10.0
10 107 11.0
10 18 12.0
10 19 13.0
10 50 14.0
10 51 15.0
10 52 16.0
10 53 17.0
10 54 18.0
10 55 19.0
10 22 20.0
10 23 21.0
10 100 22.0
10 101 23.0
10 41 24.0
10 39 25.0
10 45 26.0
10 43 27.0
10 48 28.0
10 142 29.0
11 11 7.0
11 3 8.0
11 62 9.0
11 63 10.0
11 64 11.0
11 65 12.0
11 66 13.0
11 67 14.0
11 0 15.0
11 1 16.0
11 68 17.0
11 69 18.0
11 70 19.0
11 71 20.0
11 72 21.0
11 73 22.0
11 14 23.0
11 17 24.0
11 46 25.0
11 47 26.0
11 142 27.0
12 144 3.0
12 88 4.0
12 20 5.0
12 19 6.0
12 96 7.0
12 97 8.0
12 29 9.0
12 27 10.0
12 33 11.0
12 31 12.0
12 36 13.0
12 37 14.0
12 12 15.0
12 13 16.0
12 80 17.0
12 81 18.0
12 82 19.0
12 83 20.0
12 84 21.0
12 85 22.0
12 2 23.0
12 10 24.0
13 145 1.0
13 92 2.0
13 102 3.0
13 103 4.0
13 104 5.0
13 105 6.0
13 106 7.0
13 107 8.0
13 18 9.0
13 19 10.0
13 96 11.0
13 97 12.0
13 29 13.0
13 27 14.0
13 33 15.0
13 31 16.0
13 36 17.0
13 141 18.0
14 9 3.0
14 5 4.0
14 114 5.0
14 115 6.0
14 116 7.0
14 117 8.0
14 118 9.0
14 119 10.0
14 0 11.0
14 1 12.0
14 68 13.0
14 69 14.0
14 70 15.0
14 71 16.0
14 72 17.0
14 73 18.0
14 14 19.0
14 17 20.0
14 46 21.0
14 47 22.0
14 142 23.0
15 7 1.0
15 126 2.0
15 127 3.0
15 128 4.0
15 129 5.0
15 130 6.0
15 131 7.0
15 14 8.0
15 17 9.0
15 46 10.0
15 47 11.0
15 142 12.0
16 146 3.0
16 37 4.0
16 12 5.0
16 1 6.0
16 68 7.0
16 69 8.0
16 70 9.0
16 71 10.0
16 72 11.0
16 73 12.0
16 14 13.0
16 15 14.0
16 132 15.0
16 133 16.0
16 134 17.0
16 135 18.0
16 136 19.0
16 137 20.0
16 6 21.0
17 145 8.0
17 92 9.0
17 102 10.0
17 103 11.0
17 104 12.0
17 105 13.0
17 106 14.0
17 107 15.0
17 18 16.0
17 19 17.0
17 96 18.0
17 97 19.0
17 29 20.0
17 27 21.0
17 33 22.0
17 31 23.0
17 36 24.0
17 141 25.0
18 147 9.0
18 49 10.0
18 16 11.0
18 17 12.0
18 74 13.0
18 75 14.0
18 76 15.0
18 77 16.0
18 78 17.0
18 79 18.0
18 12 19.0
18 1 20.0
18 120 21.0
18 121 22.0
18 122 23.0
18 123 24.0
18 124 25.0
18 125 26.0
18 4 27.0
18 8 28.0
19 11 15.0
19 3 16.0
19 62 17.0
19 63 18.0
19 64 19.0
19 65 20.0
19 66 21.0
19 67 22.0
19 0 23.0
19 1 24.0
19 68 25.0
19 69 26.0
19 70 27.0
19 71 28.0
19 72 29.0
19 73 30.0
19 14 31.0
19 17 32.0
19 46 33.0
19 47 34.0
19 142 35.0
20 11 36.0
20 3 37.0
20 62 38.0
20 63 39.0
20 64 40.0
20 65 41.0
20 66 42.0
20 67 43.0
20 0 44.0
20 1 45.0
20 68 46.0
20 69 47.0
20 70 48.0
20 71 49.0
20 72 50.0
20 73 51.0
20 14 52.0
20 17 53.0
20 46 54.0
20 47 55.0
20 142 56.0
21 144 20.0
21 88 21.0
21 20 22.0
21 19 23.0
21 96 24.0
21 97 25.0
21 29 26.0
21 27 27.0
21 33 28.0
21 31 29.0
21 36 30.0
21 141 31.0
22 7 20.0
22 126 21.0
22 127 22.0
22 128 23.0
22 129 24.0
22 130 25.0
22 131 26.0
22 14 27.0
22 17 28.0
22 74 29.0
22 75 30.0
22 76 31.0
22 77 32.0
22 78 33.0
22 79 34.0
22 12 35.0
22 1 36.0
22 120 37.0
22 121 38.0
22 122 39.0
22 123 40.0
22 124 41.0
22 125 42.0
22 4 43.0
22 8 44.0
23 147 11.0
23 49 12.0
23 16 13.0
23 17 14.0
23 74 15.0
23 75 16.0
23 76 17.0
23 77 18.0
23 78 19.0
23 79 20.0
23 12 21.0
23 13 22.0
23 80 23.0
23 81 24.0
23 82 25.0
23 83 26.0
23 84 27.0
23 85 28.0
23 2 29.0
23 10 30.0
24 143 18.0
24 90 19.0
24 24 20.0
24 25 21.0
24 56 22.0
24 57 23.0
24 58 24.0
24 59 25.0
24 60 26.0
24 61 27.0
24 20 28.0
24 19 29.0
24 96 30.0
24 97 31.0
24 29 32.0
24 27 33.0
24 33 34.0
24 31 35.0
24 36 36.0
24 141 37.0
25 143 16.0
25 90 17.0
25 24 18.0
25 25 19.0
25 56 20.0
25 57 21.0
25 58 22.0
25 59 23.0
25 60 24.0
25 61 25.0
25 20 26.0
25 21 27.0
25 89 28.0
25 139 29.0
26 7 18.0
26 126 19.0
26 127 20.0
26 128 21.0
26 129 22.0
26 130 23.0
26 131 24.0
26 14 25.0
26 17 26.0
26 74 27.0
26 75 28.0
26 76 29.0
26 77 30.0
26 78 31.0
26 79 32.0
26 12 33.0
26 1 34.0
26 120 35.0
26 121 36.0
26 122 37.0
26 123 38.0
26 124 39.0
26 125 40.0
26 4 41.0
26 8 42.0
27 146 13.0
27 34 14.0
27 35 15.0
27 32 16.0
27 30 17.0
27 28 18.0
27 26 19.0
27 94 20.0
27 95 21.0
27 18 22.0
27 21 23.0
27 89 24.0
27 139 25.0
28 7 36.0
28 126 37.0
28 127 38.0
28 128 39.0
28 129 40.0
28 130 41.0
28 131 42.0
28 14 43.0
28 17 44.0
28 74 45.0
28 75 46.0
28 76 47.0
28 77 48.0
28 78 49.0
28 79 50.0
28 12 51.0
28 13 52.0
28 34 53.0
28 35 54.0
28 141 55.0
29 143 14.0
29 90 15.0
29 24 16.0
29 25 17.0
29 56 18.0
29 57 19.0
29 58 20.0
29 59 21.0
29 60 22.0
29 61 23.0
29 20 24.0
29 21 25.0
29 108 26.0
29 109 27.0
29 110 28.0
29 111 29.0
29 112 30.0
29 113 31.0
29 93 32.0
29 140 33.0
30 145 12.0
30 92 13.0
30 102 14.0
30 103 15.0
30 104 16.0
30 105 17.0
30 106 18.0
30 107 19.0
30 18 20.0
30 19 21.0
30 50 22.0
30 51 23.0
30 52 24.0
30 53 25.0
30 54 26.0
30 55 27.0
30 22 28.0
30 25 29.0
30 91 30.0
30 138 31.0
31 9 13.0
31 5 14.0
31 114 15.0
31 115 16.0
31 116 17.0
31 117 18.0
31 118 19.0
31 119 20.0
31 0 21.0
31 1 22.0
31 68 23.0
31 69 24.0
31 70 25.0
31 71 26.0
31 72 27.0
31 73 28.0
31 14 29.0
31 17 30.0
31 46 31.0
31 47 32.0
31 142 33.0
32 9 11.0
32 5 12.0
32 114 13.0
32 115 14.0
32 116 15.0
32 117 16.0
32 118 17.0
32 119 18.0
32 0 19.0
32 13 20.0
32 34 21.0
32 35 22.0
32 32 23.0
32 30 24.0
32 28 25.0
32 26 26.0
32 94 27.0
32 95 28.0
32 18 29.0
32 21 30.0
32 89 31.0
32 139 32.0
33 7 26.0
33 126 27.0
33 127 28.0
33 128 29.0
33 129 30.0
33 130 31.0
33 131 32.0
33 14 33.0
33 17 34.0
33 74 35.0
33 75 36.0
33 76 37.0
33 77 38.0
33 78 39.0
33 79 40.0
33 12 41.0
33 13 42.0
33 34 43.0
33 35 44.0
33 141 45.0
34 146 15.0
34 37 16.0
34 12 17.0
34 13 18.0
34 80 19.0
34 81 20.0
34 82 21.0
34 83 22.0
34 84 23.0
34 85 24.0
34 2 25.0
34 10 26.0
35 143 20.0
35 90 21.0
35 24 22.0
35 23 23.0
35 100 24.0
35 101 25.0
35 41 26.0
35 39 27.0
35 45 28.0
35 43 29.0
35 48 30.0
35 142 31.0
36 9 30.0
36 5 31.0
36 114 32.0
36 115 33.0
36 116 34.0
36 117 35.0
36 118 36.0
36 119 37.0
36 0 38.0
36 1 39.0
36 68 40.0
36 69 41.0
36 70 42.0
36 71 43.0
36 72 44.0
36 73 45.0
36 14 46.0
36 17 47.0
36 46 48.0
36 47 49.0
36 142 50.0
37 145 18.0
37 92 19.0
37 102 20.0
37 103 21.0
37 104 22.0
37 105 23.0
37 106 24.0
37 107 25.0
37 18 26.0
37 19 27.0
37 50 28.0
37 51 29.0
37 52 30.0
37 53 31.0
37 54 32.0
37 55 33.0
37 22 34.0
37 23 35.0
37 100 36.0
37 101 37.0
37 41 38.0
37 39 39.0
37 45 40.0
37 43 41.0
37 48 42.0
37 142 43.0
38 11 17.0
38 3 18.0
38 62 19.0
38 63 20.0
38 64 21.0
38 65 22.0
38 66 23.0
38 67 24.0
38 0 25.0
38 13 26.0
38 34 27.0
38 35 28.0
38 141 29.0
39 144 12.0
39 88 13.0
39 20 14.0
39 19 15.0
39 96 16.0
39 97 17.0
39 29 18.0
39 27 19.0
39 33 20.0
39 31 21.0
39 36 22.0
39 141 23.0
40 143 30.0
40 90 31.0
40 24 32.0
40 25 33.0
40 56 34.0
40 57 35.0
40 58 36.0
40 59 37.0
40 60 38.0
40 61 39.0
40 20 40.0
40 19 41.0
40 96 42.0
40 97 43.0
40 29 44.0
40 27 45.0
40 33 46.0
40 31 47.0
40 36 48.0
40 141 49.0
41 144 28.0
41 88 29.0
41 20 30.0
41 19 31.0
41 50 32.0
41 51 33.0
41 52 34.0
41 53 35.0
41 54 36.0
41 55 37.0
41 22 38.0
41 23 39.0
41 100 40.0
41 101 41.0
41 41 42.0
41 39 43.0
41 45 44.0
41 43 45.0
41 48 46.0
41 142 47.0
42 9 24.0
42 5 25.0
42 114 26.0
42 115 27.0
42 116 28.0
42 117 29.0
42 118 30.0
42 119 31.0
42 0 32.0
42 13 33.0
42 80 34.0
42 81 35.0
42 82 36.0
42 83 37.0
42 84 38.0
42 85 39.0
42 2 40.0
42 10 41.0
43 145 26.0
43 92 27.0
43 102 28.0
43 103 29.0
43 104 30.0
43 105 31.0
43 106 32.0
43 107 33.0
43 18 34.0
43 19 35.0
43 96 36.0
43 97 37.0
43 29 38.0
43 27 39.0
43 33 40.0
43 31 41.0
43 36 42.0
43 141 43.0
44 144 30.0
44 88 31.0
44 20 32.0
44 21 33.0
44 108 34.0
44 109 35.0
44 110 36.0
44 111 37.0
44 112 38.0
44 113 39.0
44 93 40.0
44 140 41.0
45 7 31.0
45 126 32.0
45 127 33.0
45 128 34.0
45 129 35.0
45 130 36.0
45 131 37.0
45 14 38.0
45 17 39.0
45 46 40.0
45 47 41.0
45 44 42.0
45 42 43.0
45 40 44.0
45 38 45.0
45 98 46.0
45 99 47.0
45 22 48.0
45 25 49.0
45 91 50.0
45 138 51.0
46 11 40.0
46 3 41.0
46 62 42.0
46 63 43.0
46 64 44.0
46 65 45.0
46 66 46.0
46 67 47.0
46 0 48.0
46 1 49.0
46 120 50.0
46 121 51.0
46 122 52.0
46 123 53.0
46 124 54.0
46 125 55.0
46 4 56.0
46 8 57.0
47 9 32.0
47 5 33.0
47 114 34.0
47 115 35.0
47 116 36.0
47 117 37.0
47 118 38.0
47 119 39.0
47 0 40.0
47 1 41.0
47 68 42.0
47 69 43.0
47 70 44.0
47 71 45.0
47 72 46.0
47 73 47.0
47 14 48.0
47 15 49.0
47 132 50.0
47 133 51.0
47 134 52.0
47 135 53.0
47 136 54.0
47 137 55.0
47 6 56.0
48 11 38.0
48 3 39.0
48 62 40.0
48 63 41.0
48 64 42.0
48 65 43.0
48 66 44.0
48 67 45.0
48 0 46.0
48 1 47.0
48 68 48.0
48 69 49.0
48 70 50.0
48 71 51.0
48 72 52.0
48 73 53.0
48 14 54.0
48 15 55.0
48 132 56.0
48 133 57.0
48 134 58.0
48 135 59.0
48 136 60.0
48 137 61.0
48 6 62.0
49 143 26.0
49 90 27.0
49 24 28.0
49 23 29.0
49 100 30.0
49 101 31.0
49 41 32.0
49 39 33.0
49 45 34.0
49 43 35.0
49 48 36.0
49 49 37.0
49 16 38.0
49 15 39.0
49 132 40.0
49 133 41.0
49 134 42.0
49 135 43.0
49 136 44.0
49 137 45.0
49 6 46.0
51 7 34.0
51 126 35.0
51 127 36.0
51 128 37.0
51 129 38.0
51 130 39.0
51 131 40.0
51 14 41.0
51 17 42.0
51 46 43.0
51 47 44.0
51 142 45.0
52 11 22.0
52 3 23.0
52 62 24.0
52 63 25.0
52 64 26.0
52 65 27.0
52 66 28.0
52 67 29.0
52 0 30.0
52 1 31.0
52 120 32.0
52 121 33.0
52 122 34.0
52 123 35.0
52 124 36.0
52 125 37.0
52 4 38.0
52 8 39.0
53 145 24.0
53 92 25.0
53 102 26.0
53 103 27.0
53 104 28.0
53 105 29.0
53 106 30.0
53 107 31.0
53 18 32.0
53 19 33.0
53 50 34.0
53 51 35.0
53 52 36.0
53 53 37.0
53 54 38.0
53 55 39.0
53 22 40.0
53 25 41.0
53 91 42.0
53 138 43.0
54 11 27.0
54 3 28.0
54 62 29.0
54 63 30.0
54 64 31.0
54 65 32.0
54 66 33.0
54 67 34.0
54 0 35.0
54 13 36.0
54 34 37.0
54 35 38.0
54 141 39.0
55 143 36.0
55 90 37.0
55 24 38.0
55 25 39.0
55 56 40.0
55 57 41.0
55 58 42.0
55 59 43.0
55 60 44.0
55 61 45.0
55 20 46.0
55 21 47.0
55 89 48.0
55 139 49.0
56 143 28.0
56 90 29.0
56 24 30.0
56 25 31.0
56 56 32.0
56 57 33.0
56 58 34.0
56 59 35.0
56 60 36.0
56 61 37.0
56 20 38.0
56 21 39.0
56 89 40.0
56 139 41.0
57 145 28.0
57 92 29.0
57 102 30.0
57 103 31.0
57 104 32.0
57 105 33.0
57 106 34.0
57 107 35.0
57 18 36.0
57 19 37.0
57 50 38.0
57 51 39.0
57 52 40.0
57 53 41.0
57 54 42.0
57 55 43.0
57 22 44.0
57 25 45.0
57 91 46.0
57 138 47.0
58 9 34.0
58 5 35.0
58 114 36.0
58 115 37.0
58 116 38.0
58 117 39.0
58 118 40.0
58 119 41.0
58 0 42.0
58 1 43.0
58 68 44.0
58 69 45.0
58 70 46.0
58 71 47.0
58 72 48.0
58 73 49.0
58 14 50.0
58 15 51.0
58 132 52.0
58 133 53.0
58 134 54.0
58 135 55.0
58 136 56.0
58 137 57.0
58 6 58.0
59 143 40.0
59 90 41.0
59 24 42.0
59 25 43.0
59 56 44.0
59 57 45.0
59 58 46.0
59 59 47.0
59 60 48.0
59 61 49.0
59 20 50.0
59 19 51.0
59 96 52.0
59 97 53.0
59 29 54.0
59 27 55.0
59 33 56.0
59 31 57.0
59 36 58.0
59 141 59.0
61 144 50.0
61 88 51.0
61 20 52.0
61 19 53.0
61 96 54.0
61 97 55.0
61 29 56.0
61 27 57.0
61 33 58.0
61 31 59.0
61 36 60.0
61 37 61.0
61 12 62.0
61 13 63.0
61 80 64.0
61 81 65.0
61 82 66.0
61 83 67.0
61 84 68.0
61 85 69.0
61 2 70.0
61 10 71.0
62 145 36.0
62 92 37.0
62 102 38.0
62 103 39.0
62 104 40.0
62 105 41.0
62 106 42.0
62 107 43.0
62 18 44.0
62 19 45.0
62 96 46.0
62 97 47.0
62 29 48.0
62 27 49.0
62 33 50.0
62 31 51.0
62 36 52.0
62 141 53.0
63 145 40.0
63 92 41.0
63 102 42.0
63 103 43.0
63 104 44.0
63 105 45.0
63 106 46.0
63 107 47.0
63 18 48.0
63 19 49.0
63 96 50.0
63 97 51.0
63 29 52.0
63 27 53.0
63 33 54.0
63 31 55.0
63 36 56.0
63 141 57.0
64 146 35.0
64 37 36.0
64 12 37.0
64 13 38.0
64 80 39.0
64 81 40.0
64 82 41.0
64 83 42.0
64 84 43.0
64 85 44.0
64 2 45.0
64 10 46.0
67 147 46.0
67 49 47.0
67 16 48.0
67 17 49.0
67 74 50.0
67 75 51.0
67 76 52.0
67 77 53.0
67 78 54.0
67 79 55.0
67 12 56.0
67 13 57.0
67 80 58.0
67 81 59.0
67 82 60.0
67 83 61.0
67 84 62.0
67 85 63.0
67 2 64.0
67 10 65.0
68 145 38.0
68 92 39.0
68 102 40.0
68 103 41.0
68 104 42.0
68 105 43.0
68 106 44.0
68 107 45.0
68 18 46.0
68 19 47.0
68 50 48.0
68 51 49.0
68 52 50.0
68 53 51.0
68 54 52.0
68 55 53.0
68 22 54.0
68 25 55.0
68 91 56.0
68 138 57.0
69 143 34.0
69 90 35.0
69 24 36.0
69 23 37.0
69 100 38.0
69 101 39.0
69 41 40.0
69 39 41.0
69 45 42.0
69 43 43.0
69 48 44.0
69 49 45.0
69 16 46.0
69 15 47.0
69 132 48.0
69 133 49.0
69 134 50.0
69 135 51.0
69 136 52.0
69 137 53.0
69 6 54.0
72 7 49.0
72 126 50.0
72 127 51.0
72 128 52.0
72 129 53.0
72 130 54.0
72 131 55.0
72 14 56.0
72 17 57.0
72 74 58.0
72 75 59.0
72 76 60.0
72 77 61.0
72 78 62.0
72 79 63.0
72 12 64.0
72 13 65.0
72 80 66.0
72 81 67.0
72 82 68.0
72 83 69.0
72 84 70.0
72 85 71.0
72 2 72.0
72 10 73.0
73 11 42.0
73 3 43.0
73 62 44.0
73 63 45.0
73 64 46.0
73 65 47.0
73 66 48.0
73 67 49.0
73 0 50.0
73 1 51.0
73 120 52.0
73 121 53.0
73 122 54.0
73 123 55.0
73 124 56.0
73 125 57.0
73 4 58.0
73 8 59.0
75 145 49.0
75 92 50.0
75 102 51.0
75 103 52.0
75 104 53.0
75 105 54.0
75 106 55.0
75 107 56.0
75 18 57.0
75 19 58.0
75 50 59.0
75 51 60.0
75 52 61.0
75 53 62.0
75 54 63.0
75 55 64.0
75 22 65.0
75 23 66.0
75 100 67.0
75 101 68.0
75 41 69.0
75 39 70.0
75 45 71.0
75 43 72.0
75 48 73.0
75 142 74.0
77 144 40.0
77 88 41.0
77 20 42.0
77 19 43.0
77 50 44.0
77 51 45.0
77 52 46.0
77 53 47.0
77 54 48.0
77 55 49.0
77 22 50.0
77 25 51.0
77 91 52.0
77 138 53.0
79 9 50.0
79 5 51.0
79 114 52.0
79 115 53.0
79 116 54.0
79 117 55.0
79 118 56.0
79 119 57.0
79 0 58.0
79 13 59.0
79 34 60.0
79 35 61.0
79 141 62.0
80 145 47.0
80 92 48.0
80 102 49.0
80 103 50.0
80 104 51.0
80 105 52.0
80 106 53.0
80 107 54.0
80 18 55.0
80 19 56.0
80 50 57.0
80 51 58.0
80 52 59.0
80 53 60.0
80 54 61.0
80 55 62.0
80 22 63.0
80 23 64.0
80 100 65.0
80 101 66.0
80 41 67.0
80 39 68.0
80 45 69.0
80 43 70.0
80 48 71.0
80 142 72.0
84 146 44.0
84 34 45.0
84 35 46.0
84 32 47.0
84 30 48.0
84 28 49.0
84 26 50.0
84 94 51.0
84 95 52.0
84 18 53.0
84 21 54.0
84 108 55.0
84 109 56.0
84 110 57.0
84 111 58.0
84 112 59.0
84 113 60.0
84 93 61.0
84 140 62.0
85 146 50.0
85 34 51.0
85 35 52.0
85 32 53.0
85 30 54.0
85 28 55.0
85 26 56.0
85 94 57.0
85 95 58.0
85 18 59.0
85 21 60.0
85 89 61.0
85 139 62.0
86 143 50.0
86 90 51.0
86 24 52.0
86 25 53.0
86 56 54.0
86 57 55.0
86 58 56.0
86 59 57.0
86 60 58.0
86 61 59.0
86 20 60.0
86 19 61.0
86 96 62.0
86 97 63.0
86 29 64.0
86 27 65.0
86 33 66.0
86 31 67.0
86 36 68.0
86 141 69.0
92 11 44.0
92 3 45.0
92 62 46.0
92 63 47.0
92 64 48.0
92 65 49.0
92 66 50.0
92 67 51.0
92 0 52.0
92 1 53.0
92 68 54.0
92 69 55.0
92 70 56.0
92 71 57.0
92 72 58.0
92 73 59.0
92 14 60.0
92 17 61.0
92 46 62.0
92 47 63.0
92 142 64.0
94 143 44.0
94 90 45.0
94 24 46.0
94 23 47.0
94 100 48.0
94 101 49.0
94 41 50.0
94 39 51.0
94 45 52.0
94 43 53.0
94 48 54.0
94 49 55.0
94 16 56.0
94 15 57.0
94 132 58.0
94 133 59.0
94 134 60.0
94 135 61.0
94 136 62.0
94 137 63.0
94 6 64.0
95 144 42.0
95 88 43.0
95 20 44.0
95 21 45.0
95 108 46.0
95 109 47.0
95 110 48.0
95 111 49.0
95 112 50.0
95 113 51.0
95 93 52.0
95 140 53.0
96 11 10
96 3 11.0
96 62 12.0
96 63 13.0
96 64 14.0
96 65 15.0
96 66 16.0
96 67 17.0
96 0 18.0
96 13 19.0
96 34 20.0
96 35 21.0
96 141 22.0
;
set fixedFlights :=
0 0 1
0 11 3
0 14 17
0 17 46
0 46 47
0 3 62
0 62 63
0 63 64
0 64 65
0 65 66
0 66 67
0 67 0
0 1 68
0 68 69
0 69 70
0 70 71
0 71 72
0 72 73
0 73 14
0 47 142
1 18 19
1 22 25
1 34 35
1 35 32
1 32 30
1 30 28
1 28 26
1 19 50
1 50 51
1 51 52
1 52 53
1 53 54
1 54 55
1 55 22
1 26 94
1 94 95
1 95 18
1 25 91
1 91 138
1 146 34
2 0 1
2 11 3
2 14 15
2 3 62
2 62 63
2 63 64
2 64 65
2 65 66
2 66 67
2 67 0
2 1 68
2 68 69
2 69 70
2 70 71
2 71 72
2 72 73
2 73 14
2 15 132
2 132 133
2 133 134
2 134 135
2 135 136
2 136 137
2 137 6
3 12 13
3 14 17
3 13 34
3 34 35
3 17 74
3 74 75
3 75 76
3 76 77
3 77 78
3 78 79
3 79 12
3 7 126
3 126 127
3 127 128
3 128 129
3 129 130
3 130 131
3 131 14
3 35 141
5 20 21
5 22 25
5 46 47
5 47 44
5 44 42
5 42 40
5 40 38
5 25 56
5 56 57
5 57 58
5 58 59
5 59 60
5 60 61
5 61 20
5 38 98
5 98 99
5 99 22
5 21 89
5 89 139
5 147 46
6 20 21
6 24 25
6 25 56
6 56 57
6 57 58
6 58 59
6 59 60
6 60 61
6 61 20
6 21 89
6 90 24
6 143 90
6 89 139
7 2 10
7 12 13
7 37 12
7 13 80
7 80 81
7 81 82
7 82 83
7 83 84
7 84 85
7 85 2
7 146 37
8 0 1
8 11 3
8 14 17
8 17 46
8 46 47
8 3 62
8 62 63
8 63 64
8 64 65
8 65 66
8 66 67
8 67 0
8 1 68
8 68 69
8 69 70
8 70 71
8 71 72
8 72 73
8 73 14
8 47 142
9 2 10
9 12 13
9 16 17
9 49 16
9 17 74
9 74 75
9 75 76
9 76 77
9 77 78
9 78 79
9 79 12
9 13 80
9 80 81
9 81 82
9 82 83
9 83 84
9 84 85
9 85 2
9 147 49
10 18 19
10 22 23
10 41 39
10 39 45
10 45 43
10 43 48
10 19 50
10 50 51
10 51 52
10 52 53
10 53 54
10 54 55
10 55 22
10 23 100
10 100 101
10 101 41
10 92 102
10 102 103
10 103 104
10 104 105
10 105 106
10 106 107
10 107 18
10 145 92
10 48 142
11 0 1
11 11 3
11 14 17
11 17 46
11 46 47
11 3 62
11 62 63
11 63 64
11 64 65
11 65 66
11 66 67
11 67 0
11 1 68
11 68 69
11 69 70
11 70 71
11 71 72
11 72 73
11 73 14
11 47 142
12 2 10
12 12 13
12 20 19
12 29 27
12 27 33
12 33 31
12 31 36
12 36 37
12 37 12
12 13 80
12 80 81
12 81 82
12 82 83
12 83 84
12 84 85
12 85 2
12 19 96
12 96 97
12 97 29
12 88 20
12 144 88
13 18 19
13 29 27
13 27 33
13 33 31
13 31 36
13 19 96
13 96 97
13 97 29
13 92 102
13 102 103
13 103 104
13 104 105
13 105 106
13 106 107
13 107 18
13 145 92
13 36 141
14 0 1
14 9 5
14 14 17
14 17 46
14 46 47
14 1 68
14 68 69
14 69 70
14 70 71
14 71 72
14 72 73
14 73 14
14 5 114
14 114 115
14 115 116
14 116 117
14 117 118
14 118 119
14 119 0
14 47 142
15 14 17
15 17 46
15 46 47
15 7 126
15 126 127
15 127 128
15 128 129
15 129 130
15 130 131
15 131 14
15 47 142
16 12 1
16 14 15
16 37 12
16 1 68
16 68 69
16 69 70
16 70 71
16 71 72
16 72 73
16 73 14
16 15 132
16 132 133
16 133 134
16 134 135
16 135 136
16 136 137
16 137 6
16 146 37
17 18 19
17 29 27
17 27 33
17 33 31
17 31 36
17 19 96
17 96 97
17 97 29
17 92 102
17 102 103
17 103 104
17 104 105
17 105 106
17 106 107
17 107 18
17 145 92
17 36 141
18 4 8
18 12 1
18 16 17
18 49 16
18 17 74
18 74 75
18 75 76
18 76 77
18 77 78
18 78 79
18 79 12
18 1 120
18 120 121
18 121 122
18 122 123
18 123 124
18 124 125
18 125 4
18 147 49
19 0 1
19 11 3
19 14 17
19 17 46
19 46 47
19 3 62
19 62 63
19 63 64
19 64 65
19 65 66
19 66 67
19 67 0
19 1 68
19 68 69
19 69 70
19 70 71
19 71 72
19 72 73
19 73 14
19 47 142
20 0 1
20 11 3
20 14 17
20 17 46
20 46 47
20 3 62
20 62 63
20 63 64
20 64 65
20 65 66
20 66 67
20 67 0
20 1 68
20 68 69
20 69 70
20 70 71
20 71 72
20 72 73
20 73 14
20 47 142
21 20 19
21 29 27
21 27 33
21 33 31
21 31 36
21 19 96
21 96 97
21 97 29
21 88 20
21 144 88
21 36 141
22 4 8
22 12 1
22 14 17
22 17 74
22 74 75
22 75 76
22 76 77
22 77 78
22 78 79
22 79 12
22 1 120
22 120 121
22 121 122
22 122 123
22 123 124
22 124 125
22 125 4
22 7 126
22 126 127
22 127 128
22 128 129
22 129 130
22 130 131
22 131 14
23 2 10
23 12 13
23 16 17
23 49 16
23 17 74
23 74 75
23 75 76
23 76 77
23 77 78
23 78 79
23 79 12
23 13 80
23 80 81
23 81 82
23 82 83
23 83 84
23 84 85
23 85 2
23 147 49
24 20 19
24 24 25
24 29 27
24 27 33
24 33 31
24 31 36
24 25 56
24 56 57
24 57 58
24 58 59
24 59 60
24 60 61
24 61 20
24 19 96
24 96 97
24 97 29
24 90 24
24 143 90
24 36 141
25 20 21
25 24 25
25 25 56
25 56 57
25 57 58
25 58 59
25 59 60
25 60 61
25 61 20
25 21 89
25 90 24
25 143 90
25 89 139
26 4 8
26 12 1
26 14 17
26 17 74
26 74 75
26 75 76
26 76 77
26 77 78
26 78 79
26 79 12
26 1 120
26 120 121
26 121 122
26 122 123
26 123 124
26 124 125
26 125 4
26 7 126
26 126 127
26 127 128
26 128 129
26 129 130
26 130 131
26 131 14
27 18 21
27 34 35
27 35 32
27 32 30
27 30 28
27 28 26
27 26 94
27 94 95
27 95 18
27 21 89
27 89 139
27 146 34
28 12 13
28 14 17
28 13 34
28 34 35
28 17 74
28 74 75
28 75 76
28 76 77
28 77 78
28 78 79
28 79 12
28 7 126
28 126 127
28 127 128
28 128 129
28 129 130
28 130 131
28 131 14
28 35 141
29 20 21
29 24 25
29 25 56
29 56 57
29 57 58
29 58 59
29 59 60
29 60 61
29 61 20
29 21 108
29 108 109
29 109 110
29 110 111
29 111 112
29 112 113
29 113 93
29 90 24
29 143 90
29 93 140
30 18 19
30 22 25
30 19 50
30 50 51
30 51 52
30 52 53
30 53 54
30 54 55
30 55 22
30 92 102
30 102 103
30 103 104
30 104 105
30 105 106
30 106 107
30 107 18
30 25 91
30 145 92
30 91 138
31 0 1
31 9 5
31 14 17
31 17 46
31 46 47
31 1 68
31 68 69
31 69 70
31 70 71
31 71 72
31 72 73
31 73 14
31 5 114
31 114 115
31 115 116
31 116 117
31 117 118
31 118 119
31 119 0
31 47 142
33 12 13
33 14 17
33 13 34
33 34 35
33 17 74
33 74 75
33 75 76
33 76 77
33 77 78
33 78 79
33 79 12
33 7 126
33 126 127
33 127 128
33 128 129
33 129 130
33 130 131
33 131 14
33 35 141
35 24 23
35 41 39
35 39 45
35 45 43
35 43 48
35 23 100
35 100 101
35 101 41
35 90 24
35 143 90
35 48 142
36 0 1
36 9 5
36 14 17
36 17 46
36 46 47
36 1 68
36 68 69
36 69 70
36 70 71
36 71 72
36 72 73
36 73 14
36 5 114
36 114 115
36 115 116
36 116 117
36 117 118
36 118 119
36 119 0
36 47 142
37 18 19
37 22 23
37 41 39
37 39 45
37 45 43
37 43 48
37 19 50
37 50 51
37 51 52
37 52 53
37 53 54
37 54 55
37 55 22
37 23 100
37 100 101
37 101 41
37 92 102
37 102 103
37 103 104
37 104 105
37 105 106
37 106 107
37 107 18
37 145 92
37 48 142
38 11 3
38 0 13
38 13 34
38 34 35
38 3 62
38 62 63
38 63 64
38 64 65
38 65 66
38 66 67
38 67 0
38 35 141
40 20 19
40 24 25
40 29 27
40 27 33
40 33 31
40 31 36
40 25 56
40 56 57
40 57 58
40 58 59
40 59 60
40 60 61
40 61 20
40 19 96
40 96 97
40 97 29
40 90 24
40 143 90
40 36 141
41 20 19
41 22 23
41 41 39
41 39 45
41 45 43
41 43 48
41 19 50
41 50 51
41 51 52
41 52 53
41 53 54
41 54 55
41 55 22
41 23 100
41 100 101
41 101 41
41 88 20
41 144 88
41 48 142
42 2 10
42 9 5
42 0 13
42 13 80
42 80 81
42 81 82
42 82 83
42 83 84
42 84 85
42 85 2
42 5 114
42 114 115
42 115 116
42 116 117
42 117 118
42 118 119
42 119 0
43 18 19
43 29 27
43 27 33
43 33 31
43 31 36
43 19 96
43 96 97
43 97 29
43 92 102
43 102 103
43 103 104
43 104 105
43 105 106
43 106 107
43 107 18
43 145 92
43 36 141
44 20 21
44 21 108
44 108 109
44 109 110
44 110 111
44 111 112
44 112 113
44 113 93
44 88 20
44 144 88
44 93 140
45 14 17
45 22 25
45 17 46
45 46 47
45 47 44
45 44 42
45 42 40
45 40 38
45 38 98
45 98 99
45 99 22
45 25 91
45 7 126
45 126 127
45 127 128
45 128 129
45 129 130
45 130 131
45 131 14
45 91 138
46 0 1
46 11 3
46 4 8
46 3 62
46 62 63
46 63 64
46 64 65
46 65 66
46 66 67
46 67 0
46 1 120
46 120 121
46 121 122
46 122 123
46 123 124
46 124 125
46 125 4
47 0 1
47 9 5
47 14 15
47 1 68
47 68 69
47 69 70
47 70 71
47 71 72
47 72 73
47 73 14
47 5 114
47 114 115
47 115 116
47 116 117
47 117 118
47 118 119
47 119 0
47 15 132
47 132 133
47 133 134
47 134 135
47 135 136
47 136 137
47 137 6
48 0 1
48 11 3
48 14 15
48 3 62
48 62 63
48 63 64
48 64 65
48 65 66
48 66 67
48 67 0
48 1 68
48 68 69
48 69 70
48 70 71
48 71 72
48 72 73
48 73 14
48 15 132
48 132 133
48 133 134
48 134 135
48 135 136
48 136 137
48 137 6
49 16 15
49 24 23
49 41 39
49 39 45
49 45 43
49 43 48
49 48 49
49 49 16
49 23 100
49 100 101
49 101 41
49 90 24
49 15 132
49 132 133
49 133 134
49 134 135
49 135 136
49 136 137
49 137 6
49 143 90
51 14 17
51 17 46
51 46 47
51 7 126
51 126 127
51 127 128
51 128 129
51 129 130
51 130 131
51 131 14
51 47 142
52 0 1
52 11 3
52 4 8
52 3 62
52 62 63
52 63 64
52 64 65
52 65 66
52 66 67
52 67 0
52 1 120
52 120 121
52 121 122
52 122 123
52 123 124
52 124 125
52 125 4
53 18 19
53 22 25
53 19 50
53 50 51
53 51 52
53 52 53
53 53 54
53 54 55
53 55 22
53 92 102
53 102 103
53 103 104
53 104 105
53 105 106
53 106 107
53 107 18
53 25 91
53 145 92
53 91 138
54 11 3
54 0 13
54 13 34
54 34 35
54 3 62
54 62 63
54 63 64
54 64 65
54 65 66
54 66 67
54 67 0
54 35 141
55 20 21
55 24 25
55 25 56
55 56 57
55 57 58
55 58 59
55 59 60
55 60 61
55 61 20
55 21 89
55 90 24
55 143 90
55 89 139
56 20 21
56 24 25
56 25 56
56 56 57
56 57 58
56 58 59
56 59 60
56 60 61
56 61 20
56 21 89
56 90 24
56 143 90
56 89 139
57 18 19
57 22 25
57 19 50
57 50 51
57 51 52
57 52 53
57 53 54
57 54 55
57 55 22
57 92 102
57 102 103
57 103 104
57 104 105
57 105 106
57 106 107
57 107 18
57 25 91
57 145 92
57 91 138
58 0 1
58 9 5
58 14 15
58 1 68
58 68 69
58 69 70
58 70 71
58 71 72
58 72 73
58 73 14
58 5 114
58 114 115
58 115 116
58 116 117
58 117 118
58 118 119
58 119 0
58 15 132
58 132 133
58 133 134
58 134 135
58 135 136
58 136 137
58 137 6
59 20 19
59 24 25
59 29 27
59 27 33
59 33 31
59 31 36
59 25 56
59 56 57
59 57 58
59 58 59
59 59 60
59 60 61
59 61 20
59 19 96
59 96 97
59 97 29
59 90 24
59 143 90
59 36 141
61 2 10
61 12 13
61 20 19
61 29 27
61 27 33
61 33 31
61 31 36
61 36 37
61 37 12
61 13 80
61 80 81
61 81 82
61 82 83
61 83 84
61 84 85
61 85 2
61 19 96
61 96 97
61 97 29
61 88 20
61 144 88
62 18 19
62 29 27
62 27 33
62 33 31
62 31 36
62 19 96
62 96 97
62 97 29
62 92 102
62 102 103
62 103 104
62 104 105
62 105 106
62 106 107
62 107 18
62 145 92
62 36 141
63 18 19
63 29 27
63 27 33
63 33 31
63 31 36
63 19 96
63 96 97
63 97 29
63 92 102
63 102 103
63 103 104
63 104 105
63 105 106
63 106 107
63 107 18
63 145 92
63 36 141
64 2 10
64 12 13
64 37 12
64 13 80
64 80 81
64 81 82
64 82 83
64 83 84
64 84 85
64 85 2
64 146 37
67 2 10
67 12 13
67 16 17
67 49 16
67 17 74
67 74 75
67 75 76
67 76 77
67 77 78
67 78 79
67 79 12
67 13 80
67 80 81
67 81 82
67 82 83
67 83 84
67 84 85
67 85 2
67 147 49
68 18 19
68 22 25
68 19 50
68 50 51
68 51 52
68 52 53
68 53 54
68 54 55
68 55 22
68 92 102
68 102 103
68 103 104
68 104 105
68 105 106
68 106 107
68 107 18
68 25 91
68 145 92
68 91 138
69 16 15
69 24 23
69 41 39
69 39 45
69 45 43
69 43 48
69 48 49
69 49 16
69 23 100
69 100 101
69 101 41
69 90 24
69 15 132
69 132 133
69 133 134
69 134 135
69 135 136
69 136 137
69 137 6
69 143 90
72 2 10
72 12 13
72 14 17
72 17 74
72 74 75
72 75 76
72 76 77
72 77 78
72 78 79
72 79 12
72 13 80
72 80 81
72 81 82
72 82 83
72 83 84
72 84 85
72 85 2
72 7 126
72 126 127
72 127 128
72 128 129
72 129 130
72 130 131
72 131 14
73 0 1
73 11 3
73 4 8
73 3 62
73 62 63
73 63 64
73 64 65
73 65 66
73 66 67
73 67 0
73 1 120
73 120 121
73 121 122
73 122 123
73 123 124
73 124 125
73 125 4
75 18 19
75 22 23
75 41 39
75 39 45
75 45 43
75 43 48
75 19 50
75 50 51
75 51 52
75 52 53
75 53 54
75 54 55
75 55 22
75 23 100
75 100 101
75 101 41
75 92 102
75 102 103
75 103 104
75 104 105
75 105 106
75 106 107
75 107 18
75 145 92
75 48 142
77 20 19
77 22 25
77 19 50
77 50 51
77 51 52
77 52 53
77 53 54
77 54 55
77 55 22
77 88 20
77 25 91
77 144 88
77 91 138
79 9 5
79 0 13
79 13 34
79 34 35
79 5 114
79 114 115
79 115 116
79 116 117
79 117 118
79 118 119
79 119 0
79 35 141
80 18 19
80 22 23
80 41 39
80 39 45
80 45 43
80 43 48
80 19 50
80 50 51
80 51 52
80 52 53
80 53 54
80 54 55
80 55 22
80 23 100
80 100 101
80 101 41
80 92 102
80 102 103
80 103 104
80 104 105
80 105 106
80 106 107
80 107 18
80 145 92
80 48 142
84 18 21
84 34 35
84 35 32
84 32 30
84 30 28
84 28 26
84 26 94
84 94 95
84 95 18
84 21 108
84 108 109
84 109 110
84 110 111
84 111 112
84 112 113
84 113 93
84 93 140
84 146 34
85 18 21
85 34 35
85 35 32
85 32 30
85 30 28
85 28 26
85 26 94
85 94 95
85 95 18
85 21 89
85 89 139
85 146 34
86 20 19
86 24 25
86 29 27
86 27 33
86 33 31
86 31 36
86 25 56
86 56 57
86 57 58
86 58 59
86 59 60
86 60 61
86 61 20
86 19 96
86 96 97
86 97 29
86 90 24
86 143 90
86 36 141
92 0 1
92 11 3
92 14 17
92 17 46
92 46 47
92 3 62
92 62 63
92 63 64
92 64 65
92 65 66
92 66 67
92 67 0
92 1 68
92 68 69
92 69 70
92 70 71
92 71 72
92 72 73
92 73 14
92 47 142
94 16 15
94 24 23
94 41 39
94 39 45
94 45 43
94 43 48
94 48 49
94 49 16
94 23 100
94 100 101
94 101 41
94 90 24
94 15 132
94 132 133
94 133 134
94 134 135
94 135 136
94 136 137
94 137 6
94 143 90
95 20 21
95 21 108
95 108 109
95 109 110
95 110 111
95 111 112
95 112 113
95 113 93
95 88 20
95 144 88
95 93 140
96 11 3
96 0 13
96 13 34
96 34 35
96 3 62
96 62 63
96 63 64
96 64 65
96 65 66
96 66 67
96 67 0
96 35 141
;
;
set inFlight:=
0
1
2
3
4
5
6
7
9
10
11
12
13
14
15
16
17
18
;
set passedFreeF:=
4 11 3
4 3 62
4 62 63
4 63 64
4 64 65
4 65 66
4 66 67
4 67 0
4 0 1
4 1 120
4 120 121
4 121 122
4 122 123
4 123 124
4 124 125
4 125 4
4 4 8
32 9 5
32 5 114
32 114 115
32 115 116
32 116 117
32 117 118
32 118 119
32 119 0
32 0 13
32 13 34
32 34 35
32 35 32
32 32 30
32 30 28
32 28 26
32 26 94
32 94 95
32 95 18
32 18 21
32 21 89
32 89 139
34 146 37
34 37 12
34 12 13
34 13 80
34 80 81
34 81 82
34 82 83
34 83 84
34 84 85
34 85 2
34 2 10
39 144 88
39 88 20
39 20 19
39 19 96
39 96 97
39 97 29
39 29 27
39 27 33
39 33 31
39 31 36
39 36 141
;
param tini := 8.210450002168233;
