param nn:= 148;
set F:=
0
1
2
3
4
5
6
7
8
9
10
11
12
13
14
15
16
17
18
19
20
21
22
23
24
25
26
27
28
29
30
31
32
33
34
35
36
37
38
39
40
41
42
43
44
45
47
48
49
51
52
53
54
55
56
57
58
59
60
61
63
64
65
66
68
69
70
71
73
74
75
76
77
78
79
81
83
85
86
87
88
90
92
93
94
95
97
98
99
;
set AP:=
99
;
param: E: d:=
0 1 2.500000
2 10 1.500000
11 3 1.500000
4 8 1.500000
9 5 1.500000
12 13 2.500000
0 13 2.500000
12 1 2.500000
14 15 2.500000
16 17 2.500000
14 17 2.500000
16 15 2.500000
18 19 2.500000
20 21 2.500000
18 21 2.500000
20 19 2.500000
22 23 2.500000
24 25 2.500000
22 25 2.500000
24 23 2.500000
13 34 2.500000
34 35 2.500000
35 32 2.500000
32 30 2.500000
30 28 2.500000
28 26 2.500000
29 27 2.500000
27 33 2.500000
33 31 2.500000
31 36 2.500000
36 37 2.500000
37 12 2.500000
17 46 2.500000
46 47 2.500000
47 44 2.500000
44 42 2.500000
42 40 2.500000
40 38 2.500000
41 39 2.500000
39 45 2.500000
45 43 2.500000
43 48 2.500000
48 49 2.500000
49 16 2.500000
19 50 2.500000
50 51 2.500000
51 52 2.500000
52 53 2.500000
53 54 2.500000
54 55 2.500000
55 22 2.500000
25 56 2.500000
56 57 2.500000
57 58 2.500000
58 59 2.500000
59 60 2.500000
60 61 2.500000
61 20 2.500000
3 62 2.500000
62 63 2.500000
63 64 2.500000
64 65 2.500000
65 66 2.500000
66 67 2.500000
67 0 2.500000
1 68 2.500000
68 69 2.500000
69 70 2.500000
70 71 2.500000
71 72 2.500000
72 73 2.500000
73 14 2.500000
17 74 2.500000
74 75 2.500000
75 76 2.500000
76 77 2.500000
77 78 2.500000
78 79 2.500000
79 12 2.500000
13 80 2.500000
80 81 2.500000
81 82 2.500000
82 83 2.500000
83 84 2.500000
84 85 2.500000
85 2 2.500000
26 94 2.500000
94 95 2.500000
95 18 2.500000
19 96 2.500000
96 97 2.500000
97 29 2.500000
38 98 2.500000
98 99 2.500000
99 22 2.500000
23 100 2.500000
100 101 2.500000
101 41 2.500000
92 102 2.500000
102 103 2.500000
103 104 2.500000
104 105 2.500000
105 106 2.500000
106 107 2.500000
107 18 2.500000
21 108 2.500000
108 109 2.500000
109 110 2.500000
110 111 2.500000
111 112 2.500000
112 113 2.500000
113 93 2.500000
21 89 2.500000
88 20 2.500000
25 91 2.500000
90 24 2.500000
5 114 2.500000
114 115 2.500000
115 116 2.500000
116 117 2.500000
117 118 2.500000
118 119 2.500000
119 0 2.500000
1 120 2.500000
120 121 2.500000
121 122 2.500000
122 123 2.500000
123 124 2.500000
124 125 2.500000
125 4 2.500000
7 126 1.500000
126 127 2.500000
127 128 2.500000
128 129 2.500000
129 130 2.500000
130 131 2.500000
131 14 2.500000
15 132 2.500000
132 133 2.500000
133 134 2.500000
134 135 2.500000
135 136 2.500000
136 137 2.500000
137 6 1.500000
87 6 1.500000
7 86 1.500000
144 88 1.500000
143 90 1.500000
145 92 1.500000
93 140 1.500000
89 139 1.500000
91 138 1.500000
48 142 1.500000
47 142 1.500000
36 141 1.500000
35 141 1.500000
146 37 1.500000
146 34 1.500000
147 46 1.500000
147 49 1.500000
;
param s:=
0 144
1 147
2 146
3 9
4 143
5 144
6 11
7 7
8 143
9 11
10 144
11 147
12 145
13 144
14 146
15 11
16 143
17 143
18 143
19 11
20 143
21 146
22 9
23 146
24 143
25 143
26 145
27 145
28 9
29 145
30 145
31 144
32 11
33 144
34 9
35 143
36 7
37 147
38 146
39 146
40 147
41 146
42 146
43 9
44 11
45 147
47 145
48 143
49 7
51 9
52 147
53 144
54 143
55 145
56 11
57 144
58 147
59 11
60 146
61 11
63 143
64 9
65 145
66 146
68 146
69 143
70 143
71 7
73 143
74 147
75 9
76 11
77 146
78 7
79 11
81 145
83 143
85 147
86 146
87 11
88 143
90 11
92 143
93 9
94 9
95 147
97 145
98 146
99 144
;
param e:=
0 141
1 8
2 140
3 6
4 6
5 138
6 141
7 142
8 6
9 141
10 142
11 139
12 142
13 10
14 139
15 6
16 141
17 6
18 6
19 141
20 6
21 8
22 6
23 10
24 139
25 141
26 141
27 141
28 142
29 139
30 141
31 142
32 139
33 138
34 141
35 142
36 142
37 10
38 138
39 140
40 139
41 138
42 139
43 139
44 8
45 138
47 142
48 142
49 141
51 141
52 139
53 141
54 139
55 138
56 141
57 8
58 10
59 142
60 10
61 6
63 6
64 6
65 139
66 142
68 138
69 139
70 141
71 10
73 141
74 6
75 141
76 139
77 6
78 8
79 8
81 138
83 6
85 6
86 140
87 8
88 142
90 8
92 142
93 10
94 142
95 138
97 142
98 10
99 142
;
param v_min:=2.375
;
param v_max:=2.625
;
param :conflictsNodes: angle:=
0 1 13 1.000000
0 13 1 1.000000
0 1 67 1.000000
0 67 1 1.000000
0 1 119 1.000000
0 119 1 1.000000
0 13 67 1.000000
0 67 13 1.000000
0 13 119 1.000000
0 119 13 1.000000
0 67 119 1.000000
0 119 67 1.000000
1 0 68 1.000000
1 68 0 1.000000
1 0 120 1.000000
1 120 0 1.000000
1 0 12 1.000000
1 12 0 1.000000
1 68 120 1.000000
1 120 68 1.000000
1 12 68 1.000000
1 68 12 1.000000
1 12 120 1.000000
1 120 12 1.000000
12 13 37 1.000000
12 37 13 1.000000
12 13 79 1.000000
12 79 13 1.000000
12 1 13 1.000000
12 13 1 1.000000
12 1 37 1.000000
12 37 1 1.000000
12 1 79 1.000000
12 79 1 1.000000
12 37 79 1.000000
12 79 37 1.000000
13 0 12 1.000000
13 12 0 1.000000
13 0 34 1.000000
13 34 0 1.000000
13 0 80 1.000000
13 80 0 1.000000
13 12 34 1.000000
13 34 12 1.000000
13 12 80 1.000000
13 80 12 1.000000
13 34 80 1.000000
13 80 34 1.000000
14 15 17 1.000000
14 17 15 1.000000
14 15 73 1.000000
14 73 15 1.000000
14 15 131 1.000000
14 131 15 1.000000
14 17 73 1.000000
14 73 17 1.000000
14 17 131 1.000000
14 131 17 1.000000
14 73 131 1.000000
14 131 73 1.000000
15 14 132 1.000000
15 132 14 1.000000
15 14 16 1.000000
15 16 14 1.000000
15 16 132 1.000000
15 132 16 1.000000
16 17 49 1.000000
16 49 17 1.000000
16 15 17 1.000000
16 17 15 1.000000
16 15 49 1.000000
16 49 15 1.000000
17 14 16 1.000000
17 16 14 1.000000
17 14 46 1.000000
17 46 14 1.000000
17 14 74 1.000000
17 74 14 1.000000
17 16 46 1.000000
17 46 16 1.000000
17 16 74 1.000000
17 74 16 1.000000
17 46 74 1.000000
17 74 46 1.000000
18 19 21 1.000000
18 21 19 1.000000
18 19 95 1.000000
18 95 19 1.000000
18 19 107 1.000000
18 107 19 1.000000
18 21 95 1.000000
18 95 21 1.000000
18 21 107 1.000000
18 107 21 1.000000
18 95 107 1.000000
18 107 95 1.000000
19 18 50 1.000000
19 50 18 1.000000
19 18 96 1.000000
19 96 18 1.000000
19 18 20 1.000000
19 20 18 1.000000
19 50 96 1.000000
19 96 50 1.000000
19 20 50 1.000000
19 50 20 1.000000
19 20 96 1.000000
19 96 20 1.000000
20 21 61 1.000000
20 61 21 1.000000
20 21 88 1.000000
20 88 21 1.000000
20 19 21 1.000000
20 21 19 1.000000
20 19 61 1.000000
20 61 19 1.000000
20 19 88 1.000000
20 88 19 1.000000
20 61 88 1.000000
20 88 61 1.000000
21 18 20 1.000000
21 20 18 1.000000
21 18 108 1.000000
21 108 18 1.000000
21 18 89 1.000000
21 89 18 1.000000
21 20 108 1.000000
21 108 20 1.000000
21 20 89 1.000000
21 89 20 1.000000
21 89 108 1.000000
21 108 89 1.000000
22 23 25 1.000000
22 25 23 1.000000
22 23 55 1.000000
22 55 23 1.000000
22 23 99 1.000000
22 99 23 1.000000
22 25 55 1.000000
22 55 25 1.000000
22 25 99 1.000000
22 99 25 1.000000
22 55 99 1.000000
22 99 55 1.000000
23 22 100 1.000000
23 100 22 1.000000
23 22 24 1.000000
23 24 22 1.000000
23 24 100 1.000000
23 100 24 1.000000
24 25 90 1.000000
24 90 25 1.000000
24 23 25 1.000000
24 25 23 1.000000
24 23 90 1.000000
24 90 23 1.000000
25 22 24 1.000000
25 24 22 1.000000
25 22 56 1.000000
25 56 22 1.000000
25 22 91 1.000000
25 91 22 1.000000
25 24 56 1.000000
25 56 24 1.000000
25 24 91 1.000000
25 91 24 1.000000
25 56 91 1.000000
25 91 56 1.000000
26 28 94 1.000000
26 94 28 1.000000
27 29 33 1.000000
27 33 29 1.000000
28 26 30 1.000000
28 30 26 1.000000
29 27 97 1.000000
29 97 27 1.000000
30 28 32 1.000000
30 32 28 1.000000
31 33 36 1.000000
31 36 33 1.000000
32 30 35 1.000000
32 35 30 1.000000
33 27 31 1.000000
33 31 27 1.000000
34 13 35 1.000000
34 35 13 1.000000
35 32 34 1.000000
35 34 32 1.000000
36 31 37 1.000000
36 37 31 1.000000
37 12 36 1.000000
37 36 12 1.000000
38 40 98 1.000000
38 98 40 1.000000
39 41 45 1.000000
39 45 41 1.000000
40 38 42 1.000000
40 42 38 1.000000
41 39 101 1.000000
41 101 39 1.000000
42 40 44 1.000000
42 44 40 1.000000
43 45 48 1.000000
43 48 45 1.000000
44 42 47 1.000000
44 47 42 1.000000
45 39 43 1.000000
45 43 39 1.000000
46 17 47 1.000000
46 47 17 1.000000
47 44 46 1.000000
47 46 44 1.000000
48 43 49 1.000000
48 49 43 1.000000
49 16 48 1.000000
49 48 16 1.000000
50 19 51 1.000000
50 51 19 1.000000
51 50 52 1.000000
51 52 50 1.000000
52 51 53 1.000000
52 53 51 1.000000
53 52 54 1.000000
53 54 52 1.000000
54 53 55 1.000000
54 55 53 1.000000
55 22 54 1.000000
55 54 22 1.000000
56 25 57 1.000000
56 57 25 1.000000
57 56 58 1.000000
57 58 56 1.000000
58 57 59 1.000000
58 59 57 1.000000
59 58 60 1.000000
59 60 58 1.000000
60 59 61 1.000000
60 61 59 1.000000
61 20 60 1.000000
61 60 20 1.000000
62 3 63 1.000000
62 63 3 1.000000
63 62 64 1.000000
63 64 62 1.000000
64 63 65 1.000000
64 65 63 1.000000
65 64 66 1.000000
65 66 64 1.000000
66 65 67 1.000000
66 67 65 1.000000
67 0 66 1.000000
67 66 0 1.000000
68 1 69 1.000000
68 69 1 1.000000
69 68 70 1.000000
69 70 68 1.000000
70 69 71 1.000000
70 71 69 1.000000
71 70 72 1.000000
71 72 70 1.000000
72 71 73 1.000000
72 73 71 1.000000
73 14 72 1.000000
73 72 14 1.000000
74 17 75 1.000000
74 75 17 1.000000
75 74 76 1.000000
75 76 74 1.000000
76 75 77 1.000000
76 77 75 1.000000
77 76 78 1.000000
77 78 76 1.000000
78 77 79 1.000000
78 79 77 1.000000
79 12 78 1.000000
79 78 12 1.000000
80 13 81 1.000000
80 81 13 1.000000
81 80 82 1.000000
81 82 80 1.000000
82 81 83 1.000000
82 83 81 1.000000
83 82 84 1.000000
83 84 82 1.000000
84 83 85 1.000000
84 85 83 1.000000
85 2 84 1.000000
85 84 2 1.000000
94 26 95 1.000000
94 95 26 1.000000
95 18 94 1.000000
95 94 18 1.000000
96 19 97 1.000000
96 97 19 1.000000
97 29 96 1.000000
97 96 29 1.000000
98 38 99 1.000000
98 99 38 1.000000
99 22 98 1.000000
99 98 22 1.000000
100 23 101 1.000000
100 101 23 1.000000
101 41 100 1.000000
101 100 41 1.000000
102 92 103 1.000000
102 103 92 1.000000
103 102 104 1.000000
103 104 102 1.000000
104 103 105 1.000000
104 105 103 1.000000
105 104 106 1.000000
105 106 104 1.000000
106 105 107 1.000000
106 107 105 1.000000
107 18 106 1.000000
107 106 18 1.000000
108 21 109 1.000000
108 109 21 1.000000
109 108 110 1.000000
109 110 108 1.000000
110 109 111 1.000000
110 111 109 1.000000
111 110 112 1.000000
111 112 110 1.000000
112 111 113 1.000000
112 113 111 1.000000
113 93 112 1.000000
113 112 93 1.000000
114 5 115 1.000000
114 115 5 1.000000
115 114 116 1.000000
115 116 114 1.000000
116 115 117 1.000000
116 117 115 1.000000
117 116 118 1.000000
117 118 116 1.000000
118 117 119 1.000000
118 119 117 1.000000
119 0 118 1.000000
119 118 0 1.000000
120 1 121 1.000000
120 121 1 1.000000
121 120 122 1.000000
121 122 120 1.000000
122 121 123 1.000000
122 123 121 1.000000
123 122 124 1.000000
123 124 122 1.000000
124 123 125 1.000000
124 125 123 1.000000
125 4 124 1.000000
125 124 4 1.000000
127 126 128 1.000000
127 128 126 1.000000
128 127 129 1.000000
128 129 127 1.000000
129 128 130 1.000000
129 130 128 1.000000
130 129 131 1.000000
130 131 129 1.000000
131 14 130 1.000000
131 130 14 1.000000
132 15 133 1.000000
132 133 15 1.000000
133 132 134 1.000000
133 134 132 1.000000
134 133 135 1.000000
134 135 133 1.000000
135 134 136 1.000000
135 136 134 1.000000
136 135 137 1.000000
136 137 135 1.000000
;
param D:=0.5;
param t_hat_ear:=
0 144 5.0
0 88 6.0
0 20 7.0
0 19 8.0
0 96 9.0
0 97 10.0
0 29 11.0
0 27 12.0
0 33 13.0
0 31 14.0
0 36 15.0
0 141 16.0
1 147 4.0
1 49 5.0
1 16 6.0
1 17 7.0
1 74 8.0
1 75 9.0
1 76 10.0
1 77 11.0
1 78 12.0
1 79 13.0
1 12 14.0
1 1 15.0
1 120 16.0
1 121 17.0
1 122 18.0
1 123 19.0
1 124 20.0
1 125 21.0
1 4 22.0
1 8 23.0
2 146 0.0
2 34 1.0
2 35 2.0
2 32 3.0
2 30 4.0
2 28 5.0
2 26 6.0
2 94 7.0
2 95 8.0
2 18 9.0
2 21 10.0
2 108 11.0
2 109 12.0
2 110 13.0
2 111 14.0
2 112 15.0
2 113 16.0
2 93 17.0
2 140 18.0
3 9 4.0
3 5 5.0
3 114 6.0
3 115 7.0
3 116 8.0
3 117 9.0
3 118 10.0
3 119 11.0
3 0 12.0
3 1 13.0
3 68 14.0
3 69 15.0
3 70 16.0
3 71 17.0
3 72 18.0
3 73 19.0
3 14 20.0
3 15 21.0
3 132 22.0
3 133 23.0
3 134 24.0
3 135 25.0
3 136 26.0
3 137 27.0
3 6 28.0
4 143 0.0
4 90 1.0
4 24 2.0
4 23 3.0
4 100 4.0
4 101 5.0
4 41 6.0
4 39 7.0
4 45 8.0
4 43 9.0
4 48 10.0
4 49 11.0
4 16 12.0
4 15 13.0
4 132 14.0
4 133 15.0
4 134 16.0
4 135 17.0
4 136 18.0
4 137 19.0
4 6 20.0
5 144 8.0
5 88 9.0
5 20 10.0
5 19 11.0
5 50 12.0
5 51 13.0
5 52 14.0
5 53 15.0
5 54 16.0
5 55 17.0
5 22 18.0
5 25 19.0
5 91 20.0
5 138 21.0
6 11 0.0
6 3 1.0
6 62 2.0
6 63 3.0
6 64 4.0
6 65 5.0
6 66 6.0
6 67 7.0
6 0 8.0
6 13 9.0
6 34 10.0
6 35 11.0
6 141 12.0
7 7 1.0
7 126 2.0
7 127 3.0
7 128 4.0
7 129 5.0
7 130 6.0
7 131 7.0
7 14 8.0
7 17 9.0
7 46 10.0
7 47 11.0
7 142 12.0
8 143 2.0
8 90 3.0
8 24 4.0
8 23 5.0
8 100 6.0
8 101 7.0
8 41 8.0
8 39 9.0
8 45 10.0
8 43 11.0
8 48 12.0
8 49 13.0
8 16 14.0
8 15 15.0
8 132 16.0
8 133 17.0
8 134 18.0
8 135 19.0
8 136 20.0
8 137 21.0
8 6 22.0
9 11 2.0
9 3 3.0
9 62 4.0
9 63 5.0
9 64 6.0
9 65 7.0
9 66 8.0
9 67 9.0
9 0 10.0
9 13 11.0
9 34 12.0
9 35 13.0
9 141 14.0
10 144 2.0
10 88 3.0
10 20 4.0
10 19 5.0
10 50 6.0
10 51 7.0
10 52 8.0
10 53 9.0
10 54 10.0
10 55 11.0
10 22 12.0
10 23 13.0
10 100 14.0
10 101 15.0
10 41 16.0
10 39 17.0
10 45 18.0
10 43 19.0
10 48 20.0
10 142 21.0
11 147 6.0
11 46 7.0
11 47 8.0
11 44 9.0
11 42 10.0
11 40 11.0
11 38 12.0
11 98 13.0
11 99 14.0
11 22 15.0
11 25 16.0
11 56 17.0
11 57 18.0
11 58 19.0
11 59 20.0
11 60 21.0
11 61 22.0
11 20 23.0
11 21 24.0
11 89 25.0
11 139 26.0
12 145 5.0
12 92 6.0
12 102 7.0
12 103 8.0
12 104 9.0
12 105 10.0
12 106 11.0
12 107 12.0
12 18 13.0
12 19 14.0
12 50 15.0
12 51 16.0
12 52 17.0
12 53 18.0
12 54 19.0
12 55 20.0
12 22 21.0
12 23 22.0
12 100 23.0
12 101 24.0
12 41 25.0
12 39 26.0
12 45 27.0
12 43 28.0
12 48 29.0
12 142 30.0
13 144 0.0
13 88 1.0
13 20 2.0
13 19 3.0
13 96 4.0
13 97 5.0
13 29 6.0
13 27 7.0
13 33 8.0
13 31 9.0
13 36 10.0
13 37 11.0
13 12 12.0
13 13 13.0
13 80 14.0
13 81 15.0
13 82 16.0
13 83 17.0
13 84 18.0
13 85 19.0
13 2 20.0
13 10 21.0
14 146 2.0
14 34 3.0
14 35 4.0
14 32 5.0
14 30 6.0
14 28 7.0
14 26 8.0
14 94 9.0
14 95 10.0
14 18 11.0
14 21 12.0
14 89 13.0
14 139 14.0
15 11 8.0
15 3 9.0
15 62 10.0
15 63 11.0
15 64 12.0
15 65 13.0
15 66 14.0
15 67 15.0
15 0 16.0
15 1 17.0
15 68 18.0
15 69 19.0
15 70 20.0
15 71 21.0
15 72 22.0
15 73 23.0
15 14 24.0
15 15 25.0
15 132 26.0
15 133 27.0
15 134 28.0
15 135 29.0
15 136 30.0
15 137 31.0
15 6 32.0
16 143 8.0
16 90 9.0
16 24 10.0
16 25 11.0
16 56 12.0
16 57 13.0
16 58 14.0
16 59 15.0
16 60 16.0
16 61 17.0
16 20 18.0
16 19 19.0
16 96 20.0
16 97 21.0
16 29 22.0
16 27 23.0
16 33 24.0
16 31 25.0
16 36 26.0
16 141 27.0
17 143 4.0
17 90 5.0
17 24 6.0
17 23 7.0
17 100 8.0
17 101 9.0
17 41 10.0
17 39 11.0
17 45 12.0
17 43 13.0
17 48 14.0
17 49 15.0
17 16 16.0
17 15 17.0
17 132 18.0
17 133 19.0
17 134 20.0
17 135 21.0
17 136 22.0
17 137 23.0
17 6 24.0
18 143 6.0
18 90 7.0
18 24 8.0
18 23 9.0
18 100 10.0
18 101 11.0
18 41 12.0
18 39 13.0
18 45 14.0
18 43 15.0
18 48 16.0
18 49 17.0
18 16 18.0
18 15 19.0
18 132 20.0
18 133 21.0
18 134 22.0
18 135 23.0
18 136 24.0
18 137 25.0
18 6 26.0
19 11 6.0
19 3 7.0
19 62 8.0
19 63 9.0
19 64 10.0
19 65 11.0
19 66 12.0
19 67 13.0
19 0 14.0
19 13 15.0
19 34 16.0
19 35 17.0
19 141 18.0
20 143 14.0
20 90 15.0
20 24 16.0
20 23 17.0
20 100 18.0
20 101 19.0
20 41 20.0
20 39 21.0
20 45 22.0
20 43 23.0
20 48 24.0
20 49 25.0
20 16 26.0
20 15 27.0
20 132 28.0
20 133 29.0
20 134 30.0
20 135 31.0
20 136 32.0
20 137 33.0
20 6 34.0
21 146 17.0
21 37 18.0
21 12 19.0
21 1 20.0
21 120 21.0
21 121 22.0
21 122 23.0
21 123 24.0
21 124 25.0
21 125 26.0
21 4 27.0
21 8 28.0
22 9 14.0
22 5 15.0
22 114 16.0
22 115 17.0
22 116 18.0
22 117 19.0
22 118 20.0
22 119 21.0
22 0 22.0
22 1 23.0
22 68 24.0
22 69 25.0
22 70 26.0
22 71 27.0
22 72 28.0
22 73 29.0
22 14 30.0
22 15 31.0
22 132 32.0
22 133 33.0
22 134 34.0
22 135 35.0
22 136 36.0
22 137 37.0
22 6 38.0
23 146 15.0
23 37 16.0
23 12 17.0
23 13 18.0
23 80 19.0
23 81 20.0
23 82 21.0
23 83 22.0
23 84 23.0
23 85 24.0
23 2 25.0
23 10 26.0
24 143 10.0
24 90 11.0
24 24 12.0
24 25 13.0
24 56 14.0
24 57 15.0
24 58 16.0
24 59 17.0
24 60 18.0
24 61 19.0
24 20 20.0
24 21 21.0
24 89 22.0
24 139 23.0
25 143 19.0
25 90 20.0
25 24 21.0
25 25 22.0
25 56 23.0
25 57 24.0
25 58 25.0
25 59 26.0
25 60 27.0
25 61 28.0
25 20 29.0
25 19 30.0
25 96 31.0
25 97 32.0
25 29 33.0
25 27 34.0
25 33 35.0
25 31 36.0
25 36 37.0
25 141 38.0
26 145 16.0
26 92 17.0
26 102 18.0
26 103 19.0
26 104 20.0
26 105 21.0
26 106 22.0
26 107 23.0
26 18 24.0
26 19 25.0
26 96 26.0
26 97 27.0
26 29 28.0
26 27 29.0
26 33 30.0
26 31 31.0
26 36 32.0
26 141 33.0
27 145 12.0
27 92 13.0
27 102 14.0
27 103 15.0
27 104 16.0
27 105 17.0
27 106 18.0
27 107 19.0
27 18 20.0
27 19 21.0
27 96 22.0
27 97 23.0
27 29 24.0
27 27 25.0
27 33 26.0
27 31 27.0
27 36 28.0
27 141 29.0
28 9 16.0
28 5 17.0
28 114 18.0
28 115 19.0
28 116 20.0
28 117 21.0
28 118 22.0
28 119 23.0
28 0 24.0
28 1 25.0
28 68 26.0
28 69 27.0
28 70 28.0
28 71 29.0
28 72 30.0
28 73 31.0
28 14 32.0
28 17 33.0
28 46 34.0
28 47 35.0
28 142 36.0
29 145 10.0
29 92 11.0
29 102 12.0
29 103 13.0
29 104 14.0
29 105 15.0
29 106 16.0
29 107 17.0
29 18 18.0
29 21 19.0
29 89 20.0
29 139 21.0
30 145 18.0
30 92 19.0
30 102 20.0
30 103 21.0
30 104 22.0
30 105 23.0
30 106 24.0
30 107 25.0
30 18 26.0
30 19 27.0
30 96 28.0
30 97 29.0
30 29 30.0
30 27 31.0
30 33 32.0
30 31 33.0
30 36 34.0
30 141 35.0
31 144 29.0
31 88 30.0
31 20 31.0
31 19 32.0
31 50 33.0
31 51 34.0
31 52 35.0
31 53 36.0
31 54 37.0
31 55 38.0
31 22 39.0
31 23 40.0
31 100 41.0
31 101 42.0
31 41 43.0
31 39 44.0
31 45 45.0
31 43 46.0
31 48 47.0
31 142 48.0
32 11 18.0
32 3 19.0
32 62 20.0
32 63 21.0
32 64 22.0
32 65 23.0
32 66 24.0
32 67 25.0
32 0 26.0
32 13 27.0
32 34 28.0
32 35 29.0
32 32 30.0
32 30 31.0
32 28 32.0
32 26 33.0
32 94 34.0
32 95 35.0
32 18 36.0
32 21 37.0
32 89 38.0
32 139 39.0
33 144 13.0
33 88 14.0
33 20 15.0
33 19 16.0
33 50 17.0
33 51 18.0
33 52 19.0
33 53 20.0
33 54 21.0
33 55 22.0
33 22 23.0
33 25 24.0
33 91 25.0
33 138 26.0
34 9 12.0
34 5 13.0
34 114 14.0
34 115 15.0
34 116 16.0
34 117 17.0
34 118 18.0
34 119 19.0
34 0 20.0
34 13 21.0
34 34 22.0
34 35 23.0
34 141 24.0
35 143 17.0
35 90 18.0
35 24 19.0
35 23 20.0
35 100 21.0
35 101 22.0
35 41 23.0
35 39 24.0
35 45 25.0
35 43 26.0
35 48 27.0
35 142 28.0
36 7 15.0
36 126 16.0
36 127 17.0
36 128 18.0
36 129 19.0
36 130 20.0
36 131 21.0
36 14 22.0
36 17 23.0
36 46 24.0
36 47 25.0
36 142 26.0
37 147 18.0
37 49 19.0
37 16 20.0
37 17 21.0
37 74 22.0
37 75 23.0
37 76 24.0
37 77 25.0
37 78 26.0
37 79 27.0
37 12 28.0
37 13 29.0
37 80 30.0
37 81 31.0
37 82 32.0
37 83 33.0
37 84 34.0
37 85 35.0
37 2 36.0
37 10 37.0
38 146 13.0
38 34 14.0
38 35 15.0
38 32 16.0
38 30 17.0
38 28 18.0
38 26 19.0
38 94 20.0
38 95 21.0
38 18 22.0
38 19 23.0
38 50 24.0
38 51 25.0
38 52 26.0
38 53 27.0
38 54 28.0
38 55 29.0
38 22 30.0
38 25 31.0
38 91 32.0
38 138 33.0
39 146 19.0
39 34 20.0
39 35 21.0
39 32 22.0
39 30 23.0
39 28 24.0
39 26 25.0
39 94 26.0
39 95 27.0
39 18 28.0
39 21 29.0
39 108 30.0
39 109 31.0
39 110 32.0
39 111 33.0
39 112 34.0
39 113 35.0
39 93 36.0
39 140 37.0
40 147 35.0
40 46 36.0
40 47 37.0
40 44 38.0
40 42 39.0
40 40 40.0
40 38 41.0
40 98 42.0
40 99 43.0
40 22 44.0
40 25 45.0
40 56 46.0
40 57 47.0
40 58 48.0
40 59 49.0
40 60 50.0
40 61 51.0
40 20 52.0
40 21 53.0
40 89 54.0
40 139 55.0
41 146 29.0
41 34 30.0
41 35 31.0
41 32 32.0
41 30 33.0
41 28 34.0
41 26 35.0
41 94 36.0
41 95 37.0
41 18 38.0
41 19 39.0
41 50 40.0
41 51 41.0
41 52 42.0
41 53 43.0
41 54 44.0
41 55 45.0
41 22 46.0
41 25 47.0
41 91 48.0
41 138 49.0
42 146 23.0
42 34 24.0
42 35 25.0
42 32 26.0
42 30 27.0
42 28 28.0
42 26 29.0
42 94 30.0
42 95 31.0
42 18 32.0
42 21 33.0
42 89 34.0
42 139 35.0
43 9 22.0
43 5 23.0
43 114 24.0
43 115 25.0
43 116 26.0
43 117 27.0
43 118 28.0
43 119 29.0
43 0 30.0
43 13 31.0
43 34 32.0
43 35 33.0
43 32 34.0
43 30 35.0
43 28 36.0
43 26 37.0
43 94 38.0
43 95 39.0
43 18 40.0
43 21 41.0
43 89 42.0
43 139 43.0
44 11 20.0
44 3 21.0
44 62 22.0
44 63 23.0
44 64 24.0
44 65 25.0
44 66 26.0
44 67 27.0
44 0 28.0
44 1 29.0
44 120 30.0
44 121 31.0
44 122 32.0
44 123 33.0
44 124 34.0
44 125 35.0
44 4 36.0
44 8 37.0
45 147 25.0
45 46 26.0
45 47 27.0
45 44 28.0
45 42 29.0
45 40 30.0
45 38 31.0
45 98 32.0
45 99 33.0
45 22 34.0
45 25 35.0
45 91 36.0
45 138 37.0
47 145 26.0
47 92 27.0
47 102 28.0
47 103 29.0
47 104 30.0
47 105 31.0
47 106 32.0
47 107 33.0
47 18 34.0
47 19 35.0
47 50 36.0
47 51 37.0
47 52 38.0
47 53 39.0
47 54 40.0
47 55 41.0
47 22 42.0
47 23 43.0
47 100 44.0
47 101 45.0
47 41 46.0
47 39 47.0
47 45 48.0
47 43 49.0
47 48 50.0
47 142 51.0
48 143 21.0
48 90 22.0
48 24 23.0
48 23 24.0
48 100 25.0
48 101 26.0
48 41 27.0
48 39 28.0
48 45 29.0
48 43 30.0
48 48 31.0
48 142 32.0
49 7 28.0
49 126 29.0
49 127 30.0
49 128 31.0
49 129 32.0
49 130 33.0
49 131 34.0
49 14 35.0
49 17 36.0
49 74 37.0
49 75 38.0
49 76 39.0
49 77 40.0
49 78 41.0
49 79 42.0
49 12 43.0
49 13 44.0
49 34 45.0
49 35 46.0
49 141 47.0
51 9 29.0
51 5 30.0
51 114 31.0
51 115 32.0
51 116 33.0
51 117 34.0
51 118 35.0
51 119 36.0
51 0 37.0
51 13 38.0
51 34 39.0
51 35 40.0
51 141 41.0
52 147 27.0
52 46 28.0
52 47 29.0
52 44 30.0
52 42 31.0
52 40 32.0
52 38 33.0
52 98 34.0
52 99 35.0
52 22 36.0
52 25 37.0
52 56 38.0
52 57 39.0
52 58 40.0
52 59 41.0
52 60 42.0
52 61 43.0
52 20 44.0
52 21 45.0
52 89 46.0
52 139 47.0
53 144 34.0
53 88 35.0
53 20 36.0
53 19 37.0
53 96 38.0
53 97 39.0
53 29 40.0
53 27 41.0
53 33 42.0
53 31 43.0
53 36 44.0
53 141 45.0
54 143 24.0
54 90 25.0
54 24 26.0
54 25 27.0
54 56 28.0
54 57 29.0
54 58 30.0
54 59 31.0
54 60 32.0
54 61 33.0
54 20 34.0
54 21 35.0
54 89 36.0
54 139 37.0
55 145 38.0
55 92 39.0
55 102 40.0
55 103 41.0
55 104 42.0
55 105 43.0
55 106 44.0
55 107 45.0
55 18 46.0
55 19 47.0
55 50 48.0
55 51 49.0
55 52 50.0
55 53 51.0
55 54 52.0
55 55 53.0
55 22 54.0
55 25 55.0
55 91 56.0
55 138 57.0
56 11 31.0
56 3 32.0
56 62 33.0
56 63 34.0
56 64 35.0
56 65 36.0
56 66 37.0
56 67 38.0
56 0 39.0
56 13 40.0
56 34 41.0
56 35 42.0
56 141 43.0
57 144 39.0
57 88 40.0
57 20 41.0
57 19 42.0
57 96 43.0
57 97 44.0
57 29 45.0
57 27 46.0
57 33 47.0
57 31 48.0
57 36 49.0
57 37 50.0
57 12 51.0
57 1 52.0
57 120 53.0
57 121 54.0
57 122 55.0
57 123 56.0
57 124 57.0
57 125 58.0
57 4 59.0
57 8 60.0
58 147 22.0
58 49 23.0
58 16 24.0
58 17 25.0
58 74 26.0
58 75 27.0
58 76 28.0
58 77 29.0
58 78 30.0
58 79 31.0
58 12 32.0
58 13 33.0
58 80 34.0
58 81 35.0
58 82 36.0
58 83 37.0
58 84 38.0
58 85 39.0
58 2 40.0
58 10 41.0
59 11 24.0
59 3 25.0
59 62 26.0
59 63 27.0
59 64 28.0
59 65 29.0
59 66 30.0
59 67 31.0
59 0 32.0
59 1 33.0
59 68 34.0
59 69 35.0
59 70 36.0
59 71 37.0
59 72 38.0
59 73 39.0
59 14 40.0
59 17 41.0
59 46 42.0
59 47 43.0
59 142 44.0
60 146 39.0
60 37 40.0
60 12 41.0
60 13 42.0
60 80 43.0
60 81 44.0
60 82 45.0
60 83 46.0
60 84 47.0
60 85 48.0
60 2 49.0
60 10 50.0
61 11 33.0
61 3 34.0
61 62 35.0
61 63 36.0
61 64 37.0
61 65 38.0
61 66 39.0
61 67 40.0
61 0 41.0
61 1 42.0
61 68 43.0
61 69 44.0
61 70 45.0
61 71 46.0
61 72 47.0
61 73 48.0
61 14 49.0
61 15 50.0
61 132 51.0
61 133 52.0
61 134 53.0
61 135 54.0
61 136 55.0
61 137 56.0
61 6 57.0
63 143 30.0
63 90 31.0
63 24 32.0
63 23 33.0
63 100 34.0
63 101 35.0
63 41 36.0
63 39 37.0
63 45 38.0
63 43 39.0
63 48 40.0
63 49 41.0
63 16 42.0
63 15 43.0
63 132 44.0
63 133 45.0
63 134 46.0
63 135 47.0
63 136 48.0
63 137 49.0
63 6 50.0
64 9 35.0
64 5 36.0
64 114 37.0
64 115 38.0
64 116 39.0
64 117 40.0
64 118 41.0
64 119 42.0
64 0 43.0
64 1 44.0
64 68 45.0
64 69 46.0
64 70 47.0
64 71 48.0
64 72 49.0
64 73 50.0
64 14 51.0
64 15 52.0
64 132 53.0
64 133 54.0
64 134 55.0
64 135 56.0
64 136 57.0
64 137 58.0
64 6 59.0
65 145 34.0
65 92 35.0
65 102 36.0
65 103 37.0
65 104 38.0
65 105 39.0
65 106 40.0
65 107 41.0
65 18 42.0
65 21 43.0
65 89 44.0
65 139 45.0
66 146 32.0
66 37 33.0
66 12 34.0
66 1 35.0
66 68 36.0
66 69 37.0
66 70 38.0
66 71 39.0
66 72 40.0
66 73 41.0
66 14 42.0
66 17 43.0
66 46 44.0
66 47 45.0
66 142 46.0
68 146 35.0
68 34 36.0
68 35 37.0
68 32 38.0
68 30 39.0
68 28 40.0
68 26 41.0
68 94 42.0
68 95 43.0
68 18 44.0
68 19 45.0
68 50 46.0
68 51 47.0
68 52 48.0
68 53 49.0
68 54 50.0
68 55 51.0
68 22 52.0
68 25 53.0
68 91 54.0
68 138 55.0
69 143 37.0
69 90 38.0
69 24 39.0
69 25 40.0
69 56 41.0
69 57 42.0
69 58 43.0
69 59 44.0
69 60 45.0
69 61 46.0
69 20 47.0
69 21 48.0
69 89 49.0
69 139 50.0
70 143 48.0
70 90 49.0
70 24 50.0
70 25 51.0
70 56 52.0
70 57 53.0
70 58 54.0
70 59 55.0
70 60 56.0
70 61 57.0
70 20 58.0
70 19 59.0
70 96 60.0
70 97 61.0
70 29 62.0
70 27 63.0
70 33 64.0
70 31 65.0
70 36 66.0
70 141 67.0
71 7 38.0
71 126 39.0
71 127 40.0
71 128 41.0
71 129 42.0
71 130 43.0
71 131 44.0
71 14 45.0
71 17 46.0
71 74 47.0
71 75 48.0
71 76 49.0
71 77 50.0
71 78 51.0
71 79 52.0
71 12 53.0
71 13 54.0
71 80 55.0
71 81 56.0
71 82 57.0
71 83 58.0
71 84 59.0
71 85 60.0
71 2 61.0
71 10 62.0
73 143 39.0
73 90 40.0
73 24 41.0
73 25 42.0
73 56 43.0
73 57 44.0
73 58 45.0
73 59 46.0
73 60 47.0
73 61 48.0
73 20 49.0
73 19 50.0
73 96 51.0
73 97 52.0
73 29 53.0
73 27 54.0
73 33 55.0
73 31 56.0
73 36 57.0
73 141 58.0
74 147 38.0
74 49 39.0
74 16 40.0
74 15 41.0
74 132 42.0
74 133 43.0
74 134 44.0
74 135 45.0
74 136 46.0
74 137 47.0
74 6 48.0
75 9 43.0
75 5 44.0
75 114 45.0
75 115 46.0
75 116 47.0
75 117 48.0
75 118 49.0
75 119 50.0
75 0 51.0
75 13 52.0
75 34 53.0
75 35 54.0
75 141 55.0
76 11 37.0
76 3 38.0
76 62 39.0
76 63 40.0
76 64 41.0
76 65 42.0
76 66 43.0
76 67 44.0
76 0 45.0
76 13 46.0
76 34 47.0
76 35 48.0
76 32 49.0
76 30 50.0
76 28 51.0
76 26 52.0
76 94 53.0
76 95 54.0
76 18 55.0
76 21 56.0
76 89 57.0
76 139 58.0
77 146 37.0
77 37 38.0
77 12 39.0
77 1 40.0
77 68 41.0
77 69 42.0
77 70 43.0
77 71 44.0
77 72 45.0
77 73 46.0
77 14 47.0
77 15 48.0
77 132 49.0
77 133 50.0
77 134 51.0
77 135 52.0
77 136 53.0
77 137 54.0
77 6 55.0
78 7 30.0
78 126 31.0
78 127 32.0
78 128 33.0
78 129 34.0
78 130 35.0
78 131 36.0
78 14 37.0
78 17 38.0
78 74 39.0
78 75 40.0
78 76 41.0
78 77 42.0
78 78 43.0
78 79 44.0
78 12 45.0
78 1 46.0
78 120 47.0
78 121 48.0
78 122 49.0
78 123 50.0
78 124 51.0
78 125 52.0
78 4 53.0
78 8 54.0
79 11 39.0
79 3 40.0
79 62 41.0
79 63 42.0
79 64 43.0
79 65 44.0
79 66 45.0
79 67 46.0
79 0 47.0
79 1 48.0
79 120 49.0
79 121 50.0
79 122 51.0
79 123 52.0
79 124 53.0
79 125 54.0
79 4 55.0
79 8 56.0
81 145 45.0
81 92 46.0
81 102 47.0
81 103 48.0
81 104 49.0
81 105 50.0
81 106 51.0
81 107 52.0
81 18 53.0
81 19 54.0
81 50 55.0
81 51 56.0
81 52 57.0
81 53 58.0
81 54 59.0
81 55 60.0
81 22 61.0
81 25 62.0
81 91 63.0
81 138 64.0
83 143 44.0
83 90 45.0
83 24 46.0
83 23 47.0
83 100 48.0
83 101 49.0
83 41 50.0
83 39 51.0
83 45 52.0
83 43 53.0
83 48 54.0
83 49 55.0
83 16 56.0
83 15 57.0
83 132 58.0
83 133 59.0
83 134 60.0
83 135 61.0
83 136 62.0
83 137 63.0
83 6 64.0
85 147 42.0
85 49 43.0
85 16 44.0
85 15 45.0
85 132 46.0
85 133 47.0
85 134 48.0
85 135 49.0
85 136 50.0
85 137 51.0
85 6 52.0
86 146 48.0
86 34 49.0
86 35 50.0
86 32 51.0
86 30 52.0
86 28 53.0
86 26 54.0
86 94 55.0
86 95 56.0
86 18 57.0
86 21 58.0
86 108 59.0
86 109 60.0
86 110 61.0
86 111 62.0
86 112 63.0
86 113 64.0
86 93 65.0
86 140 66.0
87 11 41.0
87 3 42.0
87 62 43.0
87 63 44.0
87 64 45.0
87 65 46.0
87 66 47.0
87 67 48.0
87 0 49.0
87 1 50.0
87 120 51.0
87 121 52.0
87 122 53.0
87 123 54.0
87 124 55.0
87 125 56.0
87 4 57.0
87 8 58.0
88 143 42.0
88 90 43.0
88 24 44.0
88 23 45.0
88 100 46.0
88 101 47.0
88 41 48.0
88 39 49.0
88 45 50.0
88 43 51.0
88 48 52.0
88 142 53.0
90 11 47.0
90 3 48.0
90 62 49.0
90 63 50.0
90 64 51.0
90 65 52.0
90 66 53.0
90 67 54.0
90 0 55.0
90 1 56.0
90 120 57.0
90 121 58.0
90 122 59.0
90 123 60.0
90 124 61.0
90 125 62.0
90 4 63.0
90 8 64.0
92 143 46.0
92 90 47.0
92 24 48.0
92 23 49.0
92 100 50.0
92 101 51.0
92 41 52.0
92 39 53.0
92 45 54.0
92 43 55.0
92 48 56.0
92 142 57.0
93 9 49.0
93 5 50.0
93 114 51.0
93 115 52.0
93 116 53.0
93 117 54.0
93 118 55.0
93 119 56.0
93 0 57.0
93 13 58.0
93 80 59.0
93 81 60.0
93 82 61.0
93 83 62.0
93 84 63.0
93 85 64.0
93 2 65.0
93 10 66.0
94 9 45.0
94 5 46.0
94 114 47.0
94 115 48.0
94 116 49.0
94 117 50.0
94 118 51.0
94 119 52.0
94 0 53.0
94 1 54.0
94 68 55.0
94 69 56.0
94 70 57.0
94 71 58.0
94 72 59.0
94 73 60.0
94 14 61.0
94 17 62.0
94 46 63.0
94 47 64.0
94 142 65.0
95 147 47.0
95 46 48.0
95 47 49.0
95 44 50.0
95 42 51.0
95 40 52.0
95 38 53.0
95 98 54.0
95 99 55.0
95 22 56.0
95 25 57.0
95 91 58.0
95 138 59.0
97 145 43.0
97 92 44.0
97 102 45.0
97 103 46.0
97 104 47.0
97 105 48.0
97 106 49.0
97 107 50.0
97 18 51.0
97 19 52.0
97 50 53.0
97 51 54.0
97 52 55.0
97 53 56.0
97 54 57.0
97 55 58.0
97 22 59.0
97 23 60.0
97 100 61.0
97 101 62.0
97 41 63.0
97 39 64.0
97 45 65.0
97 43 66.0
97 48 67.0
97 142 68.0
98 146 45.0
98 37 46.0
98 12 47.0
98 13 48.0
98 80 49.0
98 81 50.0
98 82 51.0
98 83 52.0
98 84 53.0
98 85 54.0
98 2 55.0
98 10 56.0
99 144 9
99 88 10.0
99 20 11.0
99 19 12.0
99 50 13.0
99 51 14.0
99 52 15.0
99 53 16.0
99 54 17.0
99 55 18.0
99 22 19.0
99 23 20.0
99 100 21.0
99 101 22.0
99 41 23.0
99 39 24.0
99 45 25.0
99 43 26.0
99 48 27.0
99 142 28.0
;
param t_hat_lat:=
0 144 6.0
0 88 7.0
0 20 8.0
0 19 9.0
0 96 10.0
0 97 11.0
0 29 12.0
0 27 13.0
0 33 14.0
0 31 15.0
0 36 16.0
0 141 17.0
1 147 5.0
1 49 6.0
1 16 7.0
1 17 8.0
1 74 9.0
1 75 10.0
1 76 11.0
1 77 12.0
1 78 13.0
1 79 14.0
1 12 15.0
1 1 16.0
1 120 17.0
1 121 18.0
1 122 19.0
1 123 20.0
1 124 21.0
1 125 22.0
1 4 23.0
1 8 24.0
2 146 1.0
2 34 2.0
2 35 3.0
2 32 4.0
2 30 5.0
2 28 6.0
2 26 7.0
2 94 8.0
2 95 9.0
2 18 10.0
2 21 11.0
2 108 12.0
2 109 13.0
2 110 14.0
2 111 15.0
2 112 16.0
2 113 17.0
2 93 18.0
2 140 19.0
3 9 5.0
3 5 6.0
3 114 7.0
3 115 8.0
3 116 9.0
3 117 10.0
3 118 11.0
3 119 12.0
3 0 13.0
3 1 14.0
3 68 15.0
3 69 16.0
3 70 17.0
3 71 18.0
3 72 19.0
3 73 20.0
3 14 21.0
3 15 22.0
3 132 23.0
3 133 24.0
3 134 25.0
3 135 26.0
3 136 27.0
3 137 28.0
3 6 29.0
4 143 1.0
4 90 2.0
4 24 3.0
4 23 4.0
4 100 5.0
4 101 6.0
4 41 7.0
4 39 8.0
4 45 9.0
4 43 10.0
4 48 11.0
4 49 12.0
4 16 13.0
4 15 14.0
4 132 15.0
4 133 16.0
4 134 17.0
4 135 18.0
4 136 19.0
4 137 20.0
4 6 21.0
5 144 9.0
5 88 10.0
5 20 11.0
5 19 12.0
5 50 13.0
5 51 14.0
5 52 15.0
5 53 16.0
5 54 17.0
5 55 18.0
5 22 19.0
5 25 20.0
5 91 21.0
5 138 22.0
6 11 1.0
6 3 2.0
6 62 3.0
6 63 4.0
6 64 5.0
6 65 6.0
6 66 7.0
6 67 8.0
6 0 9.0
6 13 10.0
6 34 11.0
6 35 12.0
6 141 13.0
7 7 2.0
7 126 3.0
7 127 4.0
7 128 5.0
7 129 6.0
7 130 7.0
7 131 8.0
7 14 9.0
7 17 10.0
7 46 11.0
7 47 12.0
7 142 13.0
8 143 3.0
8 90 4.0
8 24 5.0
8 23 6.0
8 100 7.0
8 101 8.0
8 41 9.0
8 39 10.0
8 45 11.0
8 43 12.0
8 48 13.0
8 49 14.0
8 16 15.0
8 15 16.0
8 132 17.0
8 133 18.0
8 134 19.0
8 135 20.0
8 136 21.0
8 137 22.0
8 6 23.0
9 11 3.0
9 3 4.0
9 62 5.0
9 63 6.0
9 64 7.0
9 65 8.0
9 66 9.0
9 67 10.0
9 0 11.0
9 13 12.0
9 34 13.0
9 35 14.0
9 141 15.0
10 144 3.0
10 88 4.0
10 20 5.0
10 19 6.0
10 50 7.0
10 51 8.0
10 52 9.0
10 53 10.0
10 54 11.0
10 55 12.0
10 22 13.0
10 23 14.0
10 100 15.0
10 101 16.0
10 41 17.0
10 39 18.0
10 45 19.0
10 43 20.0
10 48 21.0
10 142 22.0
11 147 7.0
11 46 8.0
11 47 9.0
11 44 10.0
11 42 11.0
11 40 12.0
11 38 13.0
11 98 14.0
11 99 15.0
11 22 16.0
11 25 17.0
11 56 18.0
11 57 19.0
11 58 20.0
11 59 21.0
11 60 22.0
11 61 23.0
11 20 24.0
11 21 25.0
11 89 26.0
11 139 27.0
12 145 6.0
12 92 7.0
12 102 8.0
12 103 9.0
12 104 10.0
12 105 11.0
12 106 12.0
12 107 13.0
12 18 14.0
12 19 15.0
12 50 16.0
12 51 17.0
12 52 18.0
12 53 19.0
12 54 20.0
12 55 21.0
12 22 22.0
12 23 23.0
12 100 24.0
12 101 25.0
12 41 26.0
12 39 27.0
12 45 28.0
12 43 29.0
12 48 30.0
12 142 31.0
13 144 1.0
13 88 2.0
13 20 3.0
13 19 4.0
13 96 5.0
13 97 6.0
13 29 7.0
13 27 8.0
13 33 9.0
13 31 10.0
13 36 11.0
13 37 12.0
13 12 13.0
13 13 14.0
13 80 15.0
13 81 16.0
13 82 17.0
13 83 18.0
13 84 19.0
13 85 20.0
13 2 21.0
13 10 22.0
14 146 3.0
14 34 4.0
14 35 5.0
14 32 6.0
14 30 7.0
14 28 8.0
14 26 9.0
14 94 10.0
14 95 11.0
14 18 12.0
14 21 13.0
14 89 14.0
14 139 15.0
15 11 9.0
15 3 10.0
15 62 11.0
15 63 12.0
15 64 13.0
15 65 14.0
15 66 15.0
15 67 16.0
15 0 17.0
15 1 18.0
15 68 19.0
15 69 20.0
15 70 21.0
15 71 22.0
15 72 23.0
15 73 24.0
15 14 25.0
15 15 26.0
15 132 27.0
15 133 28.0
15 134 29.0
15 135 30.0
15 136 31.0
15 137 32.0
15 6 33.0
16 143 9.0
16 90 10.0
16 24 11.0
16 25 12.0
16 56 13.0
16 57 14.0
16 58 15.0
16 59 16.0
16 60 17.0
16 61 18.0
16 20 19.0
16 19 20.0
16 96 21.0
16 97 22.0
16 29 23.0
16 27 24.0
16 33 25.0
16 31 26.0
16 36 27.0
16 141 28.0
17 143 5.0
17 90 6.0
17 24 7.0
17 23 8.0
17 100 9.0
17 101 10.0
17 41 11.0
17 39 12.0
17 45 13.0
17 43 14.0
17 48 15.0
17 49 16.0
17 16 17.0
17 15 18.0
17 132 19.0
17 133 20.0
17 134 21.0
17 135 22.0
17 136 23.0
17 137 24.0
17 6 25.0
18 143 7.0
18 90 8.0
18 24 9.0
18 23 10.0
18 100 11.0
18 101 12.0
18 41 13.0
18 39 14.0
18 45 15.0
18 43 16.0
18 48 17.0
18 49 18.0
18 16 19.0
18 15 20.0
18 132 21.0
18 133 22.0
18 134 23.0
18 135 24.0
18 136 25.0
18 137 26.0
18 6 27.0
19 11 7.0
19 3 8.0
19 62 9.0
19 63 10.0
19 64 11.0
19 65 12.0
19 66 13.0
19 67 14.0
19 0 15.0
19 13 16.0
19 34 17.0
19 35 18.0
19 141 19.0
20 143 15.0
20 90 16.0
20 24 17.0
20 23 18.0
20 100 19.0
20 101 20.0
20 41 21.0
20 39 22.0
20 45 23.0
20 43 24.0
20 48 25.0
20 49 26.0
20 16 27.0
20 15 28.0
20 132 29.0
20 133 30.0
20 134 31.0
20 135 32.0
20 136 33.0
20 137 34.0
20 6 35.0
21 146 18.0
21 37 19.0
21 12 20.0
21 1 21.0
21 120 22.0
21 121 23.0
21 122 24.0
21 123 25.0
21 124 26.0
21 125 27.0
21 4 28.0
21 8 29.0
22 9 15.0
22 5 16.0
22 114 17.0
22 115 18.0
22 116 19.0
22 117 20.0
22 118 21.0
22 119 22.0
22 0 23.0
22 1 24.0
22 68 25.0
22 69 26.0
22 70 27.0
22 71 28.0
22 72 29.0
22 73 30.0
22 14 31.0
22 15 32.0
22 132 33.0
22 133 34.0
22 134 35.0
22 135 36.0
22 136 37.0
22 137 38.0
22 6 39.0
23 146 16.0
23 37 17.0
23 12 18.0
23 13 19.0
23 80 20.0
23 81 21.0
23 82 22.0
23 83 23.0
23 84 24.0
23 85 25.0
23 2 26.0
23 10 27.0
24 143 11.0
24 90 12.0
24 24 13.0
24 25 14.0
24 56 15.0
24 57 16.0
24 58 17.0
24 59 18.0
24 60 19.0
24 61 20.0
24 20 21.0
24 21 22.0
24 89 23.0
24 139 24.0
25 143 20.0
25 90 21.0
25 24 22.0
25 25 23.0
25 56 24.0
25 57 25.0
25 58 26.0
25 59 27.0
25 60 28.0
25 61 29.0
25 20 30.0
25 19 31.0
25 96 32.0
25 97 33.0
25 29 34.0
25 27 35.0
25 33 36.0
25 31 37.0
25 36 38.0
25 141 39.0
26 145 17.0
26 92 18.0
26 102 19.0
26 103 20.0
26 104 21.0
26 105 22.0
26 106 23.0
26 107 24.0
26 18 25.0
26 19 26.0
26 96 27.0
26 97 28.0
26 29 29.0
26 27 30.0
26 33 31.0
26 31 32.0
26 36 33.0
26 141 34.0
27 145 13.0
27 92 14.0
27 102 15.0
27 103 16.0
27 104 17.0
27 105 18.0
27 106 19.0
27 107 20.0
27 18 21.0
27 19 22.0
27 96 23.0
27 97 24.0
27 29 25.0
27 27 26.0
27 33 27.0
27 31 28.0
27 36 29.0
27 141 30.0
28 9 17.0
28 5 18.0
28 114 19.0
28 115 20.0
28 116 21.0
28 117 22.0
28 118 23.0
28 119 24.0
28 0 25.0
28 1 26.0
28 68 27.0
28 69 28.0
28 70 29.0
28 71 30.0
28 72 31.0
28 73 32.0
28 14 33.0
28 17 34.0
28 46 35.0
28 47 36.0
28 142 37.0
29 145 11.0
29 92 12.0
29 102 13.0
29 103 14.0
29 104 15.0
29 105 16.0
29 106 17.0
29 107 18.0
29 18 19.0
29 21 20.0
29 89 21.0
29 139 22.0
30 145 19.0
30 92 20.0
30 102 21.0
30 103 22.0
30 104 23.0
30 105 24.0
30 106 25.0
30 107 26.0
30 18 27.0
30 19 28.0
30 96 29.0
30 97 30.0
30 29 31.0
30 27 32.0
30 33 33.0
30 31 34.0
30 36 35.0
30 141 36.0
31 144 30.0
31 88 31.0
31 20 32.0
31 19 33.0
31 50 34.0
31 51 35.0
31 52 36.0
31 53 37.0
31 54 38.0
31 55 39.0
31 22 40.0
31 23 41.0
31 100 42.0
31 101 43.0
31 41 44.0
31 39 45.0
31 45 46.0
31 43 47.0
31 48 48.0
31 142 49.0
32 11 19.0
32 3 20.0
32 62 21.0
32 63 22.0
32 64 23.0
32 65 24.0
32 66 25.0
32 67 26.0
32 0 27.0
32 13 28.0
32 34 29.0
32 35 30.0
32 32 31.0
32 30 32.0
32 28 33.0
32 26 34.0
32 94 35.0
32 95 36.0
32 18 37.0
32 21 38.0
32 89 39.0
32 139 40.0
33 144 14.0
33 88 15.0
33 20 16.0
33 19 17.0
33 50 18.0
33 51 19.0
33 52 20.0
33 53 21.0
33 54 22.0
33 55 23.0
33 22 24.0
33 25 25.0
33 91 26.0
33 138 27.0
34 9 13.0
34 5 14.0
34 114 15.0
34 115 16.0
34 116 17.0
34 117 18.0
34 118 19.0
34 119 20.0
34 0 21.0
34 13 22.0
34 34 23.0
34 35 24.0
34 141 25.0
35 143 18.0
35 90 19.0
35 24 20.0
35 23 21.0
35 100 22.0
35 101 23.0
35 41 24.0
35 39 25.0
35 45 26.0
35 43 27.0
35 48 28.0
35 142 29.0
36 7 16.0
36 126 17.0
36 127 18.0
36 128 19.0
36 129 20.0
36 130 21.0
36 131 22.0
36 14 23.0
36 17 24.0
36 46 25.0
36 47 26.0
36 142 27.0
37 147 19.0
37 49 20.0
37 16 21.0
37 17 22.0
37 74 23.0
37 75 24.0
37 76 25.0
37 77 26.0
37 78 27.0
37 79 28.0
37 12 29.0
37 13 30.0
37 80 31.0
37 81 32.0
37 82 33.0
37 83 34.0
37 84 35.0
37 85 36.0
37 2 37.0
37 10 38.0
38 146 14.0
38 34 15.0
38 35 16.0
38 32 17.0
38 30 18.0
38 28 19.0
38 26 20.0
38 94 21.0
38 95 22.0
38 18 23.0
38 19 24.0
38 50 25.0
38 51 26.0
38 52 27.0
38 53 28.0
38 54 29.0
38 55 30.0
38 22 31.0
38 25 32.0
38 91 33.0
38 138 34.0
39 146 20.0
39 34 21.0
39 35 22.0
39 32 23.0
39 30 24.0
39 28 25.0
39 26 26.0
39 94 27.0
39 95 28.0
39 18 29.0
39 21 30.0
39 108 31.0
39 109 32.0
39 110 33.0
39 111 34.0
39 112 35.0
39 113 36.0
39 93 37.0
39 140 38.0
40 147 36.0
40 46 37.0
40 47 38.0
40 44 39.0
40 42 40.0
40 40 41.0
40 38 42.0
40 98 43.0
40 99 44.0
40 22 45.0
40 25 46.0
40 56 47.0
40 57 48.0
40 58 49.0
40 59 50.0
40 60 51.0
40 61 52.0
40 20 53.0
40 21 54.0
40 89 55.0
40 139 56.0
41 146 30.0
41 34 31.0
41 35 32.0
41 32 33.0
41 30 34.0
41 28 35.0
41 26 36.0
41 94 37.0
41 95 38.0
41 18 39.0
41 19 40.0
41 50 41.0
41 51 42.0
41 52 43.0
41 53 44.0
41 54 45.0
41 55 46.0
41 22 47.0
41 25 48.0
41 91 49.0
41 138 50.0
42 146 24.0
42 34 25.0
42 35 26.0
42 32 27.0
42 30 28.0
42 28 29.0
42 26 30.0
42 94 31.0
42 95 32.0
42 18 33.0
42 21 34.0
42 89 35.0
42 139 36.0
43 9 23.0
43 5 24.0
43 114 25.0
43 115 26.0
43 116 27.0
43 117 28.0
43 118 29.0
43 119 30.0
43 0 31.0
43 13 32.0
43 34 33.0
43 35 34.0
43 32 35.0
43 30 36.0
43 28 37.0
43 26 38.0
43 94 39.0
43 95 40.0
43 18 41.0
43 21 42.0
43 89 43.0
43 139 44.0
44 11 21.0
44 3 22.0
44 62 23.0
44 63 24.0
44 64 25.0
44 65 26.0
44 66 27.0
44 67 28.0
44 0 29.0
44 1 30.0
44 120 31.0
44 121 32.0
44 122 33.0
44 123 34.0
44 124 35.0
44 125 36.0
44 4 37.0
44 8 38.0
45 147 26.0
45 46 27.0
45 47 28.0
45 44 29.0
45 42 30.0
45 40 31.0
45 38 32.0
45 98 33.0
45 99 34.0
45 22 35.0
45 25 36.0
45 91 37.0
45 138 38.0
47 145 27.0
47 92 28.0
47 102 29.0
47 103 30.0
47 104 31.0
47 105 32.0
47 106 33.0
47 107 34.0
47 18 35.0
47 19 36.0
47 50 37.0
47 51 38.0
47 52 39.0
47 53 40.0
47 54 41.0
47 55 42.0
47 22 43.0
47 23 44.0
47 100 45.0
47 101 46.0
47 41 47.0
47 39 48.0
47 45 49.0
47 43 50.0
47 48 51.0
47 142 52.0
48 143 22.0
48 90 23.0
48 24 24.0
48 23 25.0
48 100 26.0
48 101 27.0
48 41 28.0
48 39 29.0
48 45 30.0
48 43 31.0
48 48 32.0
48 142 33.0
49 7 29.0
49 126 30.0
49 127 31.0
49 128 32.0
49 129 33.0
49 130 34.0
49 131 35.0
49 14 36.0
49 17 37.0
49 74 38.0
49 75 39.0
49 76 40.0
49 77 41.0
49 78 42.0
49 79 43.0
49 12 44.0
49 13 45.0
49 34 46.0
49 35 47.0
49 141 48.0
51 9 30.0
51 5 31.0
51 114 32.0
51 115 33.0
51 116 34.0
51 117 35.0
51 118 36.0
51 119 37.0
51 0 38.0
51 13 39.0
51 34 40.0
51 35 41.0
51 141 42.0
52 147 28.0
52 46 29.0
52 47 30.0
52 44 31.0
52 42 32.0
52 40 33.0
52 38 34.0
52 98 35.0
52 99 36.0
52 22 37.0
52 25 38.0
52 56 39.0
52 57 40.0
52 58 41.0
52 59 42.0
52 60 43.0
52 61 44.0
52 20 45.0
52 21 46.0
52 89 47.0
52 139 48.0
53 144 35.0
53 88 36.0
53 20 37.0
53 19 38.0
53 96 39.0
53 97 40.0
53 29 41.0
53 27 42.0
53 33 43.0
53 31 44.0
53 36 45.0
53 141 46.0
54 143 25.0
54 90 26.0
54 24 27.0
54 25 28.0
54 56 29.0
54 57 30.0
54 58 31.0
54 59 32.0
54 60 33.0
54 61 34.0
54 20 35.0
54 21 36.0
54 89 37.0
54 139 38.0
55 145 39.0
55 92 40.0
55 102 41.0
55 103 42.0
55 104 43.0
55 105 44.0
55 106 45.0
55 107 46.0
55 18 47.0
55 19 48.0
55 50 49.0
55 51 50.0
55 52 51.0
55 53 52.0
55 54 53.0
55 55 54.0
55 22 55.0
55 25 56.0
55 91 57.0
55 138 58.0
56 11 32.0
56 3 33.0
56 62 34.0
56 63 35.0
56 64 36.0
56 65 37.0
56 66 38.0
56 67 39.0
56 0 40.0
56 13 41.0
56 34 42.0
56 35 43.0
56 141 44.0
57 144 40.0
57 88 41.0
57 20 42.0
57 19 43.0
57 96 44.0
57 97 45.0
57 29 46.0
57 27 47.0
57 33 48.0
57 31 49.0
57 36 50.0
57 37 51.0
57 12 52.0
57 1 53.0
57 120 54.0
57 121 55.0
57 122 56.0
57 123 57.0
57 124 58.0
57 125 59.0
57 4 60.0
57 8 61.0
58 147 23.0
58 49 24.0
58 16 25.0
58 17 26.0
58 74 27.0
58 75 28.0
58 76 29.0
58 77 30.0
58 78 31.0
58 79 32.0
58 12 33.0
58 13 34.0
58 80 35.0
58 81 36.0
58 82 37.0
58 83 38.0
58 84 39.0
58 85 40.0
58 2 41.0
58 10 42.0
59 11 25.0
59 3 26.0
59 62 27.0
59 63 28.0
59 64 29.0
59 65 30.0
59 66 31.0
59 67 32.0
59 0 33.0
59 1 34.0
59 68 35.0
59 69 36.0
59 70 37.0
59 71 38.0
59 72 39.0
59 73 40.0
59 14 41.0
59 17 42.0
59 46 43.0
59 47 44.0
59 142 45.0
60 146 40.0
60 37 41.0
60 12 42.0
60 13 43.0
60 80 44.0
60 81 45.0
60 82 46.0
60 83 47.0
60 84 48.0
60 85 49.0
60 2 50.0
60 10 51.0
61 11 34.0
61 3 35.0
61 62 36.0
61 63 37.0
61 64 38.0
61 65 39.0
61 66 40.0
61 67 41.0
61 0 42.0
61 1 43.0
61 68 44.0
61 69 45.0
61 70 46.0
61 71 47.0
61 72 48.0
61 73 49.0
61 14 50.0
61 15 51.0
61 132 52.0
61 133 53.0
61 134 54.0
61 135 55.0
61 136 56.0
61 137 57.0
61 6 58.0
63 143 31.0
63 90 32.0
63 24 33.0
63 23 34.0
63 100 35.0
63 101 36.0
63 41 37.0
63 39 38.0
63 45 39.0
63 43 40.0
63 48 41.0
63 49 42.0
63 16 43.0
63 15 44.0
63 132 45.0
63 133 46.0
63 134 47.0
63 135 48.0
63 136 49.0
63 137 50.0
63 6 51.0
64 9 36.0
64 5 37.0
64 114 38.0
64 115 39.0
64 116 40.0
64 117 41.0
64 118 42.0
64 119 43.0
64 0 44.0
64 1 45.0
64 68 46.0
64 69 47.0
64 70 48.0
64 71 49.0
64 72 50.0
64 73 51.0
64 14 52.0
64 15 53.0
64 132 54.0
64 133 55.0
64 134 56.0
64 135 57.0
64 136 58.0
64 137 59.0
64 6 60.0
65 145 35.0
65 92 36.0
65 102 37.0
65 103 38.0
65 104 39.0
65 105 40.0
65 106 41.0
65 107 42.0
65 18 43.0
65 21 44.0
65 89 45.0
65 139 46.0
66 146 33.0
66 37 34.0
66 12 35.0
66 1 36.0
66 68 37.0
66 69 38.0
66 70 39.0
66 71 40.0
66 72 41.0
66 73 42.0
66 14 43.0
66 17 44.0
66 46 45.0
66 47 46.0
66 142 47.0
68 146 36.0
68 34 37.0
68 35 38.0
68 32 39.0
68 30 40.0
68 28 41.0
68 26 42.0
68 94 43.0
68 95 44.0
68 18 45.0
68 19 46.0
68 50 47.0
68 51 48.0
68 52 49.0
68 53 50.0
68 54 51.0
68 55 52.0
68 22 53.0
68 25 54.0
68 91 55.0
68 138 56.0
69 143 38.0
69 90 39.0
69 24 40.0
69 25 41.0
69 56 42.0
69 57 43.0
69 58 44.0
69 59 45.0
69 60 46.0
69 61 47.0
69 20 48.0
69 21 49.0
69 89 50.0
69 139 51.0
70 143 49.0
70 90 50.0
70 24 51.0
70 25 52.0
70 56 53.0
70 57 54.0
70 58 55.0
70 59 56.0
70 60 57.0
70 61 58.0
70 20 59.0
70 19 60.0
70 96 61.0
70 97 62.0
70 29 63.0
70 27 64.0
70 33 65.0
70 31 66.0
70 36 67.0
70 141 68.0
71 7 39.0
71 126 40.0
71 127 41.0
71 128 42.0
71 129 43.0
71 130 44.0
71 131 45.0
71 14 46.0
71 17 47.0
71 74 48.0
71 75 49.0
71 76 50.0
71 77 51.0
71 78 52.0
71 79 53.0
71 12 54.0
71 13 55.0
71 80 56.0
71 81 57.0
71 82 58.0
71 83 59.0
71 84 60.0
71 85 61.0
71 2 62.0
71 10 63.0
73 143 40.0
73 90 41.0
73 24 42.0
73 25 43.0
73 56 44.0
73 57 45.0
73 58 46.0
73 59 47.0
73 60 48.0
73 61 49.0
73 20 50.0
73 19 51.0
73 96 52.0
73 97 53.0
73 29 54.0
73 27 55.0
73 33 56.0
73 31 57.0
73 36 58.0
73 141 59.0
74 147 39.0
74 49 40.0
74 16 41.0
74 15 42.0
74 132 43.0
74 133 44.0
74 134 45.0
74 135 46.0
74 136 47.0
74 137 48.0
74 6 49.0
75 9 44.0
75 5 45.0
75 114 46.0
75 115 47.0
75 116 48.0
75 117 49.0
75 118 50.0
75 119 51.0
75 0 52.0
75 13 53.0
75 34 54.0
75 35 55.0
75 141 56.0
76 11 38.0
76 3 39.0
76 62 40.0
76 63 41.0
76 64 42.0
76 65 43.0
76 66 44.0
76 67 45.0
76 0 46.0
76 13 47.0
76 34 48.0
76 35 49.0
76 32 50.0
76 30 51.0
76 28 52.0
76 26 53.0
76 94 54.0
76 95 55.0
76 18 56.0
76 21 57.0
76 89 58.0
76 139 59.0
77 146 38.0
77 37 39.0
77 12 40.0
77 1 41.0
77 68 42.0
77 69 43.0
77 70 44.0
77 71 45.0
77 72 46.0
77 73 47.0
77 14 48.0
77 15 49.0
77 132 50.0
77 133 51.0
77 134 52.0
77 135 53.0
77 136 54.0
77 137 55.0
77 6 56.0
78 7 31.0
78 126 32.0
78 127 33.0
78 128 34.0
78 129 35.0
78 130 36.0
78 131 37.0
78 14 38.0
78 17 39.0
78 74 40.0
78 75 41.0
78 76 42.0
78 77 43.0
78 78 44.0
78 79 45.0
78 12 46.0
78 1 47.0
78 120 48.0
78 121 49.0
78 122 50.0
78 123 51.0
78 124 52.0
78 125 53.0
78 4 54.0
78 8 55.0
79 11 40.0
79 3 41.0
79 62 42.0
79 63 43.0
79 64 44.0
79 65 45.0
79 66 46.0
79 67 47.0
79 0 48.0
79 1 49.0
79 120 50.0
79 121 51.0
79 122 52.0
79 123 53.0
79 124 54.0
79 125 55.0
79 4 56.0
79 8 57.0
81 145 46.0
81 92 47.0
81 102 48.0
81 103 49.0
81 104 50.0
81 105 51.0
81 106 52.0
81 107 53.0
81 18 54.0
81 19 55.0
81 50 56.0
81 51 57.0
81 52 58.0
81 53 59.0
81 54 60.0
81 55 61.0
81 22 62.0
81 25 63.0
81 91 64.0
81 138 65.0
83 143 45.0
83 90 46.0
83 24 47.0
83 23 48.0
83 100 49.0
83 101 50.0
83 41 51.0
83 39 52.0
83 45 53.0
83 43 54.0
83 48 55.0
83 49 56.0
83 16 57.0
83 15 58.0
83 132 59.0
83 133 60.0
83 134 61.0
83 135 62.0
83 136 63.0
83 137 64.0
83 6 65.0
85 147 43.0
85 49 44.0
85 16 45.0
85 15 46.0
85 132 47.0
85 133 48.0
85 134 49.0
85 135 50.0
85 136 51.0
85 137 52.0
85 6 53.0
86 146 49.0
86 34 50.0
86 35 51.0
86 32 52.0
86 30 53.0
86 28 54.0
86 26 55.0
86 94 56.0
86 95 57.0
86 18 58.0
86 21 59.0
86 108 60.0
86 109 61.0
86 110 62.0
86 111 63.0
86 112 64.0
86 113 65.0
86 93 66.0
86 140 67.0
87 11 42.0
87 3 43.0
87 62 44.0
87 63 45.0
87 64 46.0
87 65 47.0
87 66 48.0
87 67 49.0
87 0 50.0
87 1 51.0
87 120 52.0
87 121 53.0
87 122 54.0
87 123 55.0
87 124 56.0
87 125 57.0
87 4 58.0
87 8 59.0
88 143 43.0
88 90 44.0
88 24 45.0
88 23 46.0
88 100 47.0
88 101 48.0
88 41 49.0
88 39 50.0
88 45 51.0
88 43 52.0
88 48 53.0
88 142 54.0
90 11 48.0
90 3 49.0
90 62 50.0
90 63 51.0
90 64 52.0
90 65 53.0
90 66 54.0
90 67 55.0
90 0 56.0
90 1 57.0
90 120 58.0
90 121 59.0
90 122 60.0
90 123 61.0
90 124 62.0
90 125 63.0
90 4 64.0
90 8 65.0
92 143 47.0
92 90 48.0
92 24 49.0
92 23 50.0
92 100 51.0
92 101 52.0
92 41 53.0
92 39 54.0
92 45 55.0
92 43 56.0
92 48 57.0
92 142 58.0
93 9 50.0
93 5 51.0
93 114 52.0
93 115 53.0
93 116 54.0
93 117 55.0
93 118 56.0
93 119 57.0
93 0 58.0
93 13 59.0
93 80 60.0
93 81 61.0
93 82 62.0
93 83 63.0
93 84 64.0
93 85 65.0
93 2 66.0
93 10 67.0
94 9 46.0
94 5 47.0
94 114 48.0
94 115 49.0
94 116 50.0
94 117 51.0
94 118 52.0
94 119 53.0
94 0 54.0
94 1 55.0
94 68 56.0
94 69 57.0
94 70 58.0
94 71 59.0
94 72 60.0
94 73 61.0
94 14 62.0
94 17 63.0
94 46 64.0
94 47 65.0
94 142 66.0
95 147 48.0
95 46 49.0
95 47 50.0
95 44 51.0
95 42 52.0
95 40 53.0
95 38 54.0
95 98 55.0
95 99 56.0
95 22 57.0
95 25 58.0
95 91 59.0
95 138 60.0
97 145 44.0
97 92 45.0
97 102 46.0
97 103 47.0
97 104 48.0
97 105 49.0
97 106 50.0
97 107 51.0
97 18 52.0
97 19 53.0
97 50 54.0
97 51 55.0
97 52 56.0
97 53 57.0
97 54 58.0
97 55 59.0
97 22 60.0
97 23 61.0
97 100 62.0
97 101 63.0
97 41 64.0
97 39 65.0
97 45 66.0
97 43 67.0
97 48 68.0
97 142 69.0
98 146 46.0
98 37 47.0
98 12 48.0
98 13 49.0
98 80 50.0
98 81 51.0
98 82 52.0
98 83 53.0
98 84 54.0
98 85 55.0
98 2 56.0
98 10 57.0
99 144 10
99 88 11.0
99 20 12.0
99 19 13.0
99 50 14.0
99 51 15.0
99 52 16.0
99 53 17.0
99 54 18.0
99 55 19.0
99 22 20.0
99 23 21.0
99 100 22.0
99 101 23.0
99 41 24.0
99 39 25.0
99 45 26.0
99 43 27.0
99 48 28.0
99 142 29.0
;
set fixedFlights :=
0 20 19
0 29 27
0 27 33
0 33 31
0 31 36
0 19 96
0 96 97
0 97 29
0 88 20
0 144 88
0 36 141
1 4 8
1 12 1
1 16 17
1 49 16
1 17 74
1 74 75
1 75 76
1 76 77
1 77 78
1 78 79
1 79 12
1 1 120
1 120 121
1 121 122
1 122 123
1 123 124
1 124 125
1 125 4
1 147 49
2 18 21
2 34 35
2 35 32
2 32 30
2 30 28
2 28 26
2 26 94
2 94 95
2 95 18
2 21 108
2 108 109
2 109 110
2 110 111
2 111 112
2 112 113
2 113 93
2 93 140
2 146 34
3 0 1
3 9 5
3 14 15
3 1 68
3 68 69
3 69 70
3 70 71
3 71 72
3 72 73
3 73 14
3 5 114
3 114 115
3 115 116
3 116 117
3 117 118
3 118 119
3 119 0
3 15 132
3 132 133
3 133 134
3 134 135
3 135 136
3 136 137
3 137 6
4 16 15
4 24 23
4 41 39
4 39 45
4 45 43
4 43 48
4 48 49
4 49 16
4 23 100
4 100 101
4 101 41
4 90 24
4 15 132
4 132 133
4 133 134
4 134 135
4 135 136
4 136 137
4 137 6
4 143 90
6 11 3
6 0 13
6 13 34
6 34 35
6 3 62
6 62 63
6 63 64
6 64 65
6 65 66
6 66 67
6 67 0
6 35 141
7 12 13
7 14 17
7 18 19
7 22 23
7 13 34
7 34 35
7 35 32
7 32 30
7 30 28
7 28 26
7 41 39
7 39 45
7 45 43
7 43 48
7 19 50
7 50 51
7 51 52
7 52 53
7 53 54
7 54 55
7 55 22
7 17 74
7 74 75
7 75 76
7 76 77
7 77 78
7 78 79
7 79 12
7 26 94
7 94 95
7 95 18
7 23 100
7 100 101
7 101 41
7 7 126
7 126 127
7 127 128
7 128 129
7 129 130
7 130 131
7 131 14
7 48 142
8 16 15
8 24 23
8 41 39
8 39 45
8 45 43
8 43 48
8 48 49
8 49 16
8 23 100
8 100 101
8 101 41
8 90 24
8 15 132
8 132 133
8 133 134
8 134 135
8 135 136
8 136 137
8 137 6
8 143 90
9 11 3
9 0 13
9 13 34
9 34 35
9 3 62
9 62 63
9 63 64
9 64 65
9 65 66
9 66 67
9 67 0
9 35 141
10 20 19
10 22 23
10 41 39
10 39 45
10 45 43
10 43 48
10 19 50
10 50 51
10 51 52
10 52 53
10 53 54
10 54 55
10 55 22
10 23 100
10 100 101
10 101 41
10 88 20
10 144 88
10 48 142
11 20 21
11 22 25
11 46 47
11 47 44
11 44 42
11 42 40
11 40 38
11 25 56
11 56 57
11 57 58
11 58 59
11 59 60
11 60 61
11 61 20
11 38 98
11 98 99
11 99 22
11 21 89
11 89 139
11 147 46
12 18 19
12 22 23
12 41 39
12 39 45
12 45 43
12 43 48
12 19 50
12 50 51
12 51 52
12 52 53
12 53 54
12 54 55
12 55 22
12 23 100
12 100 101
12 101 41
12 92 102
12 102 103
12 103 104
12 104 105
12 105 106
12 106 107
12 107 18
12 145 92
12 48 142
13 2 10
13 12 13
13 20 19
13 29 27
13 27 33
13 33 31
13 31 36
13 36 37
13 37 12
13 13 80
13 80 81
13 81 82
13 82 83
13 83 84
13 84 85
13 85 2
13 19 96
13 96 97
13 97 29
13 88 20
13 144 88
14 18 21
14 34 35
14 35 32
14 32 30
14 30 28
14 28 26
14 26 94
14 94 95
14 95 18
14 21 89
14 89 139
14 146 34
15 0 1
15 11 3
15 14 15
15 3 62
15 62 63
15 63 64
15 64 65
15 65 66
15 66 67
15 67 0
15 1 68
15 68 69
15 69 70
15 70 71
15 71 72
15 72 73
15 73 14
15 15 132
15 132 133
15 133 134
15 134 135
15 135 136
15 136 137
15 137 6
16 20 19
16 24 25
16 29 27
16 27 33
16 33 31
16 31 36
16 25 56
16 56 57
16 57 58
16 58 59
16 59 60
16 60 61
16 61 20
16 19 96
16 96 97
16 97 29
16 90 24
16 143 90
16 36 141
17 16 15
17 24 23
17 41 39
17 39 45
17 45 43
17 43 48
17 48 49
17 49 16
17 23 100
17 100 101
17 101 41
17 90 24
17 15 132
17 132 133
17 133 134
17 134 135
17 135 136
17 136 137
17 137 6
17 143 90
18 16 15
18 24 23
18 41 39
18 39 45
18 45 43
18 43 48
18 48 49
18 49 16
18 23 100
18 100 101
18 101 41
18 90 24
18 15 132
18 132 133
18 133 134
18 134 135
18 135 136
18 136 137
18 137 6
18 143 90
19 11 3
19 0 13
19 13 34
19 34 35
19 3 62
19 62 63
19 63 64
19 64 65
19 65 66
19 66 67
19 67 0
19 35 141
20 16 15
20 24 23
20 41 39
20 39 45
20 45 43
20 43 48
20 48 49
20 49 16
20 23 100
20 100 101
20 101 41
20 90 24
20 15 132
20 132 133
20 133 134
20 134 135
20 135 136
20 136 137
20 137 6
20 143 90
21 4 8
21 12 1
21 37 12
21 1 120
21 120 121
21 121 122
21 122 123
21 123 124
21 124 125
21 125 4
21 146 37
22 0 1
22 9 5
22 14 15
22 1 68
22 68 69
22 69 70
22 70 71
22 71 72
22 72 73
22 73 14
22 5 114
22 114 115
22 115 116
22 116 117
22 117 118
22 118 119
22 119 0
22 15 132
22 132 133
22 133 134
22 134 135
22 135 136
22 136 137
22 137 6
23 2 10
23 12 13
23 37 12
23 13 80
23 80 81
23 81 82
23 82 83
23 83 84
23 84 85
23 85 2
23 146 37
24 20 21
24 24 25
24 25 56
24 56 57
24 57 58
24 58 59
24 59 60
24 60 61
24 61 20
24 21 89
24 90 24
24 143 90
24 89 139
25 20 19
25 24 25
25 29 27
25 27 33
25 33 31
25 31 36
25 25 56
25 56 57
25 57 58
25 58 59
25 59 60
25 60 61
25 61 20
25 19 96
25 96 97
25 97 29
25 90 24
25 143 90
25 36 141
26 18 19
26 29 27
26 27 33
26 33 31
26 31 36
26 19 96
26 96 97
26 97 29
26 92 102
26 102 103
26 103 104
26 104 105
26 105 106
26 106 107
26 107 18
26 145 92
26 36 141
27 18 19
27 29 27
27 27 33
27 33 31
27 31 36
27 19 96
27 96 97
27 97 29
27 92 102
27 102 103
27 103 104
27 104 105
27 105 106
27 106 107
27 107 18
27 145 92
27 36 141
28 0 1
28 9 5
28 14 17
28 17 46
28 46 47
28 1 68
28 68 69
28 69 70
28 70 71
28 71 72
28 72 73
28 73 14
28 5 114
28 114 115
28 115 116
28 116 117
28 117 118
28 118 119
28 119 0
28 47 142
29 18 21
29 92 102
29 102 103
29 103 104
29 104 105
29 105 106
29 106 107
29 107 18
29 21 89
29 145 92
29 89 139
30 18 19
30 29 27
30 27 33
30 33 31
30 31 36
30 19 96
30 96 97
30 97 29
30 92 102
30 102 103
30 103 104
30 104 105
30 105 106
30 106 107
30 107 18
30 145 92
30 36 141
31 20 19
31 22 23
31 41 39
31 39 45
31 45 43
31 43 48
31 19 50
31 50 51
31 51 52
31 52 53
31 53 54
31 54 55
31 55 22
31 23 100
31 100 101
31 101 41
31 88 20
31 144 88
31 48 142
32 11 3
32 0 13
32 18 21
32 13 34
32 34 35
32 35 32
32 32 30
32 30 28
32 28 26
32 3 62
32 62 63
32 63 64
32 64 65
32 65 66
32 66 67
32 67 0
32 26 94
32 94 95
32 95 18
32 21 89
32 89 139
33 20 19
33 22 25
33 19 50
33 50 51
33 51 52
33 52 53
33 53 54
33 54 55
33 55 22
33 88 20
33 25 91
33 144 88
33 91 138
34 9 5
34 0 13
34 13 34
34 34 35
34 5 114
34 114 115
34 115 116
34 116 117
34 117 118
34 118 119
34 119 0
34 35 141
35 24 23
35 41 39
35 39 45
35 45 43
35 43 48
35 23 100
35 100 101
35 101 41
35 90 24
35 143 90
35 48 142
36 14 17
36 17 46
36 46 47
36 7 126
36 126 127
36 127 128
36 128 129
36 129 130
36 130 131
36 131 14
36 47 142
37 2 10
37 12 13
37 16 17
37 49 16
37 17 74
37 74 75
37 75 76
37 76 77
37 77 78
37 78 79
37 79 12
37 13 80
37 80 81
37 81 82
37 82 83
37 83 84
37 84 85
37 85 2
37 147 49
38 18 19
38 22 25
38 34 35
38 35 32
38 32 30
38 30 28
38 28 26
38 19 50
38 50 51
38 51 52
38 52 53
38 53 54
38 54 55
38 55 22
38 26 94
38 94 95
38 95 18
38 25 91
38 91 138
38 146 34
39 18 21
39 34 35
39 35 32
39 32 30
39 30 28
39 28 26
39 26 94
39 94 95
39 95 18
39 21 108
39 108 109
39 109 110
39 110 111
39 111 112
39 112 113
39 113 93
39 93 140
39 146 34
40 20 21
40 22 25
40 46 47
40 47 44
40 44 42
40 42 40
40 40 38
40 25 56
40 56 57
40 57 58
40 58 59
40 59 60
40 60 61
40 61 20
40 38 98
40 98 99
40 99 22
40 21 89
40 89 139
40 147 46
41 18 19
41 22 25
41 34 35
41 35 32
41 32 30
41 30 28
41 28 26
41 19 50
41 50 51
41 51 52
41 52 53
41 53 54
41 54 55
41 55 22
41 26 94
41 94 95
41 95 18
41 25 91
41 91 138
41 146 34
42 18 21
42 34 35
42 35 32
42 32 30
42 30 28
42 28 26
42 26 94
42 94 95
42 95 18
42 21 89
42 89 139
42 146 34
43 9 5
43 0 13
43 18 21
43 13 34
43 34 35
43 35 32
43 32 30
43 30 28
43 28 26
43 26 94
43 94 95
43 95 18
43 21 89
43 5 114
43 114 115
43 115 116
43 116 117
43 117 118
43 118 119
43 119 0
43 89 139
44 0 1
44 11 3
44 4 8
44 3 62
44 62 63
44 63 64
44 64 65
44 65 66
44 66 67
44 67 0
44 1 120
44 120 121
44 121 122
44 122 123
44 123 124
44 124 125
44 125 4
45 22 25
45 46 47
45 47 44
45 44 42
45 42 40
45 40 38
45 38 98
45 98 99
45 99 22
45 25 91
45 91 138
45 147 46
47 18 19
47 22 23
47 41 39
47 39 45
47 45 43
47 43 48
47 19 50
47 50 51
47 51 52
47 52 53
47 53 54
47 54 55
47 55 22
47 23 100
47 100 101
47 101 41
47 92 102
47 102 103
47 103 104
47 104 105
47 105 106
47 106 107
47 107 18
47 145 92
47 48 142
48 24 23
48 41 39
48 39 45
48 45 43
48 43 48
48 23 100
48 100 101
48 101 41
48 90 24
48 143 90
48 48 142
49 12 13
49 14 17
49 13 34
49 34 35
49 17 74
49 74 75
49 75 76
49 76 77
49 77 78
49 78 79
49 79 12
49 7 126
49 126 127
49 127 128
49 128 129
49 129 130
49 130 131
49 131 14
49 35 141
51 9 5
51 0 13
51 13 34
51 34 35
51 5 114
51 114 115
51 115 116
51 116 117
51 117 118
51 118 119
51 119 0
51 35 141
52 12 13
52 16 17
52 18 21
52 13 34
52 34 35
52 35 32
52 32 30
52 30 28
52 28 26
52 49 16
52 17 74
52 74 75
52 75 76
52 76 77
52 77 78
52 78 79
52 79 12
52 26 94
52 94 95
52 95 18
52 21 89
52 89 139
52 147 49
53 20 19
53 29 27
53 27 33
53 33 31
53 31 36
53 19 96
53 96 97
53 97 29
53 88 20
53 144 88
53 36 141
54 20 21
54 24 25
54 25 56
54 56 57
54 57 58
54 58 59
54 59 60
54 60 61
54 61 20
54 21 89
54 90 24
54 143 90
54 89 139
55 18 19
55 22 25
55 19 50
55 50 51
55 51 52
55 52 53
55 53 54
55 54 55
55 55 22
55 92 102
55 102 103
55 103 104
55 104 105
55 105 106
55 106 107
55 107 18
55 25 91
55 145 92
55 91 138
56 11 3
56 0 13
56 13 34
56 34 35
56 3 62
56 62 63
56 63 64
56 64 65
56 65 66
56 66 67
56 67 0
56 35 141
57 4 8
57 12 1
57 20 19
57 29 27
57 27 33
57 33 31
57 31 36
57 36 37
57 37 12
57 19 96
57 96 97
57 97 29
57 88 20
57 1 120
57 120 121
57 121 122
57 122 123
57 123 124
57 124 125
57 125 4
57 144 88
58 2 10
58 12 13
58 16 17
58 49 16
58 17 74
58 74 75
58 75 76
58 76 77
58 77 78
58 78 79
58 79 12
58 13 80
58 80 81
58 81 82
58 82 83
58 83 84
58 84 85
58 85 2
58 147 49
59 0 1
59 11 3
59 14 17
59 17 46
59 46 47
59 3 62
59 62 63
59 63 64
59 64 65
59 65 66
59 66 67
59 67 0
59 1 68
59 68 69
59 69 70
59 70 71
59 71 72
59 72 73
59 73 14
59 47 142
60 2 10
60 12 13
60 37 12
60 13 80
60 80 81
60 81 82
60 82 83
60 83 84
60 84 85
60 85 2
60 146 37
61 0 1
61 11 3
61 14 15
61 3 62
61 62 63
61 63 64
61 64 65
61 65 66
61 66 67
61 67 0
61 1 68
61 68 69
61 69 70
61 70 71
61 71 72
61 72 73
61 73 14
61 15 132
61 132 133
61 133 134
61 134 135
61 135 136
61 136 137
61 137 6
63 16 15
63 24 23
63 41 39
63 39 45
63 45 43
63 43 48
63 48 49
63 49 16
63 23 100
63 100 101
63 101 41
63 90 24
63 15 132
63 132 133
63 133 134
63 134 135
63 135 136
63 136 137
63 137 6
63 143 90
64 0 1
64 9 5
64 14 15
64 1 68
64 68 69
64 69 70
64 70 71
64 71 72
64 72 73
64 73 14
64 5 114
64 114 115
64 115 116
64 116 117
64 117 118
64 118 119
64 119 0
64 15 132
64 132 133
64 133 134
64 134 135
64 135 136
64 136 137
64 137 6
65 18 21
65 92 102
65 102 103
65 103 104
65 104 105
65 105 106
65 106 107
65 107 18
65 21 89
65 145 92
65 89 139
66 12 1
66 14 17
66 37 12
66 17 46
66 46 47
66 1 68
66 68 69
66 69 70
66 70 71
66 71 72
66 72 73
66 73 14
66 47 142
66 146 37
68 18 19
68 22 25
68 34 35
68 35 32
68 32 30
68 30 28
68 28 26
68 19 50
68 50 51
68 51 52
68 52 53
68 53 54
68 54 55
68 55 22
68 26 94
68 94 95
68 95 18
68 25 91
68 91 138
68 146 34
69 20 21
69 24 25
69 25 56
69 56 57
69 57 58
69 58 59
69 59 60
69 60 61
69 61 20
69 21 89
69 90 24
69 143 90
69 89 139
70 20 19
70 24 25
70 29 27
70 27 33
70 33 31
70 31 36
70 25 56
70 56 57
70 57 58
70 58 59
70 59 60
70 60 61
70 61 20
70 19 96
70 96 97
70 97 29
70 90 24
70 143 90
70 36 141
71 2 10
71 12 13
71 14 17
71 17 74
71 74 75
71 75 76
71 76 77
71 77 78
71 78 79
71 79 12
71 13 80
71 80 81
71 81 82
71 82 83
71 83 84
71 84 85
71 85 2
71 7 126
71 126 127
71 127 128
71 128 129
71 129 130
71 130 131
71 131 14
73 20 19
73 24 25
73 29 27
73 27 33
73 33 31
73 31 36
73 25 56
73 56 57
73 57 58
73 58 59
73 59 60
73 60 61
73 61 20
73 19 96
73 96 97
73 97 29
73 90 24
73 143 90
73 36 141
74 16 15
74 49 16
74 15 132
74 132 133
74 133 134
74 134 135
74 135 136
74 136 137
74 137 6
74 147 49
75 9 5
75 0 13
75 13 34
75 34 35
75 5 114
75 114 115
75 115 116
75 116 117
75 117 118
75 118 119
75 119 0
75 35 141
76 11 3
76 0 13
76 18 21
76 13 34
76 34 35
76 35 32
76 32 30
76 30 28
76 28 26
76 3 62
76 62 63
76 63 64
76 64 65
76 65 66
76 66 67
76 67 0
76 26 94
76 94 95
76 95 18
76 21 89
76 89 139
77 12 1
77 14 15
77 37 12
77 1 68
77 68 69
77 69 70
77 70 71
77 71 72
77 72 73
77 73 14
77 15 132
77 132 133
77 133 134
77 134 135
77 135 136
77 136 137
77 137 6
77 146 37
78 4 8
78 12 1
78 14 17
78 17 74
78 74 75
78 75 76
78 76 77
78 77 78
78 78 79
78 79 12
78 1 120
78 120 121
78 121 122
78 122 123
78 123 124
78 124 125
78 125 4
78 7 126
78 126 127
78 127 128
78 128 129
78 129 130
78 130 131
78 131 14
79 0 1
79 11 3
79 4 8
79 3 62
79 62 63
79 63 64
79 64 65
79 65 66
79 66 67
79 67 0
79 1 120
79 120 121
79 121 122
79 122 123
79 123 124
79 124 125
79 125 4
81 18 19
81 22 25
81 19 50
81 50 51
81 51 52
81 52 53
81 53 54
81 54 55
81 55 22
81 92 102
81 102 103
81 103 104
81 104 105
81 105 106
81 106 107
81 107 18
81 25 91
81 145 92
81 91 138
83 16 15
83 24 23
83 41 39
83 39 45
83 45 43
83 43 48
83 48 49
83 49 16
83 23 100
83 100 101
83 101 41
83 90 24
83 15 132
83 132 133
83 133 134
83 134 135
83 135 136
83 136 137
83 137 6
83 143 90
85 16 15
85 49 16
85 15 132
85 132 133
85 133 134
85 134 135
85 135 136
85 136 137
85 137 6
85 147 49
86 18 21
86 34 35
86 35 32
86 32 30
86 30 28
86 28 26
86 26 94
86 94 95
86 95 18
86 21 108
86 108 109
86 109 110
86 110 111
86 111 112
86 112 113
86 113 93
86 93 140
86 146 34
87 0 1
87 11 3
87 4 8
87 3 62
87 62 63
87 63 64
87 64 65
87 65 66
87 66 67
87 67 0
87 1 120
87 120 121
87 121 122
87 122 123
87 123 124
87 124 125
87 125 4
88 24 23
88 41 39
88 39 45
88 45 43
88 43 48
88 23 100
88 100 101
88 101 41
88 90 24
88 143 90
88 48 142
90 0 1
90 11 3
90 4 8
90 3 62
90 62 63
90 63 64
90 64 65
90 65 66
90 66 67
90 67 0
90 1 120
90 120 121
90 121 122
90 122 123
90 123 124
90 124 125
90 125 4
92 24 23
92 41 39
92 39 45
92 45 43
92 43 48
92 23 100
92 100 101
92 101 41
92 90 24
92 143 90
92 48 142
93 2 10
93 9 5
93 0 13
93 13 80
93 80 81
93 81 82
93 82 83
93 83 84
93 84 85
93 85 2
93 5 114
93 114 115
93 115 116
93 116 117
93 117 118
93 118 119
93 119 0
94 0 1
94 9 5
94 14 17
94 17 46
94 46 47
94 1 68
94 68 69
94 69 70
94 70 71
94 71 72
94 72 73
94 73 14
94 5 114
94 114 115
94 115 116
94 116 117
94 117 118
94 118 119
94 119 0
94 47 142
95 22 25
95 46 47
95 47 44
95 44 42
95 42 40
95 40 38
95 38 98
95 98 99
95 99 22
95 25 91
95 91 138
95 147 46
97 18 19
97 22 23
97 41 39
97 39 45
97 45 43
97 43 48
97 19 50
97 50 51
97 51 52
97 52 53
97 53 54
97 54 55
97 55 22
97 23 100
97 100 101
97 101 41
97 92 102
97 102 103
97 103 104
97 104 105
97 105 106
97 106 107
97 107 18
97 145 92
97 48 142
98 2 10
98 12 13
98 37 12
98 13 80
98 80 81
98 81 82
98 82 83
98 83 84
98 84 85
98 85 2
98 146 37
99 20 19
99 22 23
99 41 39
99 39 45
99 45 43
99 43 48
99 19 50
99 50 51
99 51 52
99 52 53
99 53 54
99 54 55
99 55 22
99 23 100
99 100 101
99 101 41
99 88 20
99 144 88
99 48 142
;
;
set inFlight:=
0
1
2
3
4
5
6
7
8
9
10
11
12
13
14
15
16
17
18
19
;
set passedFreeF:=
5 144 88
5 88 20
5 20 19
5 19 50
5 50 51
5 51 52
5 52 53
5 53 54
5 54 55
5 55 22
5 22 25
5 25 91
5 91 138
;
param tini := 8.702436309062008;
