param nn:= 148;
set F:=
0
1
2
3
4
5
6
7
8
9
10
11
12
13
14
15
16
17
18
19
20
21
22
23
24
25
26
27
28
29
30
31
32
33
34
35
36
37
38
39
40
41
42
43
44
45
46
47
48
49
50
51
52
53
54
55
56
57
58
59
61
63
64
65
66
67
68
71
72
73
74
75
76
77
78
79
80
87
89
92
96
97
98
99
;
set AP:=
99
;
param: E: d:=
0 1 2.500000
2 10 1.500000
11 3 1.500000
4 8 1.500000
9 5 1.500000
12 13 2.500000
0 13 2.500000
12 1 2.500000
14 15 2.500000
16 17 2.500000
14 17 2.500000
16 15 2.500000
18 19 2.500000
20 21 2.500000
18 21 2.500000
20 19 2.500000
22 23 2.500000
24 25 2.500000
22 25 2.500000
24 23 2.500000
13 34 2.500000
34 35 2.500000
35 32 2.500000
32 30 2.500000
30 28 2.500000
28 26 2.500000
29 27 2.500000
27 33 2.500000
33 31 2.500000
31 36 2.500000
36 37 2.500000
37 12 2.500000
17 46 2.500000
46 47 2.500000
47 44 2.500000
44 42 2.500000
42 40 2.500000
40 38 2.500000
41 39 2.500000
39 45 2.500000
45 43 2.500000
43 48 2.500000
48 49 2.500000
49 16 2.500000
19 50 2.500000
50 51 2.500000
51 52 2.500000
52 53 2.500000
53 54 2.500000
54 55 2.500000
55 22 2.500000
25 56 2.500000
56 57 2.500000
57 58 2.500000
58 59 2.500000
59 60 2.500000
60 61 2.500000
61 20 2.500000
3 62 2.500000
62 63 2.500000
63 64 2.500000
64 65 2.500000
65 66 2.500000
66 67 2.500000
67 0 2.500000
1 68 2.500000
68 69 2.500000
69 70 2.500000
70 71 2.500000
71 72 2.500000
72 73 2.500000
73 14 2.500000
17 74 2.500000
74 75 2.500000
75 76 2.500000
76 77 2.500000
77 78 2.500000
78 79 2.500000
79 12 2.500000
13 80 2.500000
80 81 2.500000
81 82 2.500000
82 83 2.500000
83 84 2.500000
84 85 2.500000
85 2 2.500000
26 94 2.500000
94 95 2.500000
95 18 2.500000
19 96 2.500000
96 97 2.500000
97 29 2.500000
38 98 2.500000
98 99 2.500000
99 22 2.500000
23 100 2.500000
100 101 2.500000
101 41 2.500000
92 102 2.500000
102 103 2.500000
103 104 2.500000
104 105 2.500000
105 106 2.500000
106 107 2.500000
107 18 2.500000
21 108 2.500000
108 109 2.500000
109 110 2.500000
110 111 2.500000
111 112 2.500000
112 113 2.500000
113 93 2.500000
21 89 2.500000
88 20 2.500000
25 91 2.500000
90 24 2.500000
5 114 2.500000
114 115 2.500000
115 116 2.500000
116 117 2.500000
117 118 2.500000
118 119 2.500000
119 0 2.500000
1 120 2.500000
120 121 2.500000
121 122 2.500000
122 123 2.500000
123 124 2.500000
124 125 2.500000
125 4 2.500000
7 126 1.500000
126 127 2.500000
127 128 2.500000
128 129 2.500000
129 130 2.500000
130 131 2.500000
131 14 2.500000
15 132 2.500000
132 133 2.500000
133 134 2.500000
134 135 2.500000
135 136 2.500000
136 137 2.500000
137 6 1.500000
87 6 1.500000
7 86 1.500000
144 88 1.500000
143 90 1.500000
145 92 1.500000
93 140 1.500000
89 139 1.500000
91 138 1.500000
48 142 1.500000
47 142 1.500000
36 141 1.500000
35 141 1.500000
146 37 1.500000
146 34 1.500000
147 46 1.500000
147 49 1.500000
;
param s:=
0 147
1 143
2 9
3 145
4 7
5 11
6 144
7 143
8 11
9 144
10 144
11 144
12 144
13 143
14 143
15 9
16 147
17 9
18 146
19 145
20 146
21 144
22 9
23 147
24 144
25 147
26 145
27 143
28 146
29 146
30 9
31 147
32 144
33 145
34 147
35 145
36 146
37 143
38 144
39 7
40 9
41 144
42 143
43 147
44 9
45 11
46 7
47 9
48 7
49 147
50 147
51 11
52 7
53 147
54 145
55 9
56 7
57 11
58 7
59 145
61 11
63 147
64 7
65 143
66 11
67 9
68 7
71 146
72 9
73 145
74 11
75 147
76 146
77 146
78 143
79 147
80 11
87 11
89 143
92 143
96 147
97 144
98 145
99 147
;
param e:=
0 138
1 142
2 139
3 138
4 8
5 6
6 8
7 141
8 141
9 138
10 138
11 10
12 141
13 142
14 141
15 139
16 138
17 6
18 140
19 142
20 8
21 10
22 142
23 6
24 142
25 139
26 138
27 139
28 10
29 138
30 142
31 141
32 141
33 142
34 139
35 142
36 6
37 139
38 142
39 10
40 6
41 10
42 142
43 139
44 142
45 8
46 10
47 6
48 142
49 6
50 10
51 141
52 8
53 6
54 138
55 6
56 10
57 141
58 8
59 139
61 142
63 10
64 142
65 6
66 139
67 142
68 138
71 142
72 10
73 142
74 139
75 138
76 140
77 142
78 6
79 141
80 141
87 139
89 139
92 141
96 6
97 140
98 142
99 138
;
param v_min:=2.375
;
param v_max:=2.625
;
param :conflictsNodes: angle:=
0 1 13 1.000000
0 13 1 1.000000
0 1 67 1.000000
0 67 1 1.000000
0 1 119 1.000000
0 119 1 1.000000
0 13 67 1.000000
0 67 13 1.000000
0 13 119 1.000000
0 119 13 1.000000
0 67 119 1.000000
0 119 67 1.000000
1 0 68 1.000000
1 68 0 1.000000
1 0 120 1.000000
1 120 0 1.000000
1 0 12 1.000000
1 12 0 1.000000
1 68 120 1.000000
1 120 68 1.000000
1 12 68 1.000000
1 68 12 1.000000
1 12 120 1.000000
1 120 12 1.000000
12 13 37 1.000000
12 37 13 1.000000
12 13 79 1.000000
12 79 13 1.000000
12 1 13 1.000000
12 13 1 1.000000
12 1 37 1.000000
12 37 1 1.000000
12 1 79 1.000000
12 79 1 1.000000
12 37 79 1.000000
12 79 37 1.000000
13 0 12 1.000000
13 12 0 1.000000
13 0 34 1.000000
13 34 0 1.000000
13 0 80 1.000000
13 80 0 1.000000
13 12 34 1.000000
13 34 12 1.000000
13 12 80 1.000000
13 80 12 1.000000
13 34 80 1.000000
13 80 34 1.000000
14 15 17 1.000000
14 17 15 1.000000
14 15 73 1.000000
14 73 15 1.000000
14 15 131 1.000000
14 131 15 1.000000
14 17 73 1.000000
14 73 17 1.000000
14 17 131 1.000000
14 131 17 1.000000
14 73 131 1.000000
14 131 73 1.000000
15 14 132 1.000000
15 132 14 1.000000
15 14 16 1.000000
15 16 14 1.000000
15 16 132 1.000000
15 132 16 1.000000
16 17 49 1.000000
16 49 17 1.000000
16 15 17 1.000000
16 17 15 1.000000
16 15 49 1.000000
16 49 15 1.000000
17 14 16 1.000000
17 16 14 1.000000
17 14 46 1.000000
17 46 14 1.000000
17 14 74 1.000000
17 74 14 1.000000
17 16 46 1.000000
17 46 16 1.000000
17 16 74 1.000000
17 74 16 1.000000
17 46 74 1.000000
17 74 46 1.000000
18 19 21 1.000000
18 21 19 1.000000
18 19 95 1.000000
18 95 19 1.000000
18 19 107 1.000000
18 107 19 1.000000
18 21 95 1.000000
18 95 21 1.000000
18 21 107 1.000000
18 107 21 1.000000
18 95 107 1.000000
18 107 95 1.000000
19 18 50 1.000000
19 50 18 1.000000
19 18 96 1.000000
19 96 18 1.000000
19 18 20 1.000000
19 20 18 1.000000
19 50 96 1.000000
19 96 50 1.000000
19 20 50 1.000000
19 50 20 1.000000
19 20 96 1.000000
19 96 20 1.000000
20 21 61 1.000000
20 61 21 1.000000
20 21 88 1.000000
20 88 21 1.000000
20 19 21 1.000000
20 21 19 1.000000
20 19 61 1.000000
20 61 19 1.000000
20 19 88 1.000000
20 88 19 1.000000
20 61 88 1.000000
20 88 61 1.000000
21 18 20 1.000000
21 20 18 1.000000
21 18 108 1.000000
21 108 18 1.000000
21 18 89 1.000000
21 89 18 1.000000
21 20 108 1.000000
21 108 20 1.000000
21 20 89 1.000000
21 89 20 1.000000
21 89 108 1.000000
21 108 89 1.000000
22 23 25 1.000000
22 25 23 1.000000
22 23 55 1.000000
22 55 23 1.000000
22 23 99 1.000000
22 99 23 1.000000
22 25 55 1.000000
22 55 25 1.000000
22 25 99 1.000000
22 99 25 1.000000
22 55 99 1.000000
22 99 55 1.000000
23 22 100 1.000000
23 100 22 1.000000
23 22 24 1.000000
23 24 22 1.000000
23 24 100 1.000000
23 100 24 1.000000
24 25 90 1.000000
24 90 25 1.000000
24 23 25 1.000000
24 25 23 1.000000
24 23 90 1.000000
24 90 23 1.000000
25 22 24 1.000000
25 24 22 1.000000
25 22 56 1.000000
25 56 22 1.000000
25 22 91 1.000000
25 91 22 1.000000
25 24 56 1.000000
25 56 24 1.000000
25 24 91 1.000000
25 91 24 1.000000
25 56 91 1.000000
25 91 56 1.000000
26 28 94 1.000000
26 94 28 1.000000
27 29 33 1.000000
27 33 29 1.000000
28 26 30 1.000000
28 30 26 1.000000
29 27 97 1.000000
29 97 27 1.000000
30 28 32 1.000000
30 32 28 1.000000
31 33 36 1.000000
31 36 33 1.000000
32 30 35 1.000000
32 35 30 1.000000
33 27 31 1.000000
33 31 27 1.000000
34 13 35 1.000000
34 35 13 1.000000
35 32 34 1.000000
35 34 32 1.000000
36 31 37 1.000000
36 37 31 1.000000
37 12 36 1.000000
37 36 12 1.000000
38 40 98 1.000000
38 98 40 1.000000
39 41 45 1.000000
39 45 41 1.000000
40 38 42 1.000000
40 42 38 1.000000
41 39 101 1.000000
41 101 39 1.000000
42 40 44 1.000000
42 44 40 1.000000
43 45 48 1.000000
43 48 45 1.000000
44 42 47 1.000000
44 47 42 1.000000
45 39 43 1.000000
45 43 39 1.000000
46 17 47 1.000000
46 47 17 1.000000
47 44 46 1.000000
47 46 44 1.000000
48 43 49 1.000000
48 49 43 1.000000
49 16 48 1.000000
49 48 16 1.000000
50 19 51 1.000000
50 51 19 1.000000
51 50 52 1.000000
51 52 50 1.000000
52 51 53 1.000000
52 53 51 1.000000
53 52 54 1.000000
53 54 52 1.000000
54 53 55 1.000000
54 55 53 1.000000
55 22 54 1.000000
55 54 22 1.000000
56 25 57 1.000000
56 57 25 1.000000
57 56 58 1.000000
57 58 56 1.000000
58 57 59 1.000000
58 59 57 1.000000
59 58 60 1.000000
59 60 58 1.000000
60 59 61 1.000000
60 61 59 1.000000
61 20 60 1.000000
61 60 20 1.000000
62 3 63 1.000000
62 63 3 1.000000
63 62 64 1.000000
63 64 62 1.000000
64 63 65 1.000000
64 65 63 1.000000
65 64 66 1.000000
65 66 64 1.000000
66 65 67 1.000000
66 67 65 1.000000
67 0 66 1.000000
67 66 0 1.000000
68 1 69 1.000000
68 69 1 1.000000
69 68 70 1.000000
69 70 68 1.000000
70 69 71 1.000000
70 71 69 1.000000
71 70 72 1.000000
71 72 70 1.000000
72 71 73 1.000000
72 73 71 1.000000
73 14 72 1.000000
73 72 14 1.000000
74 17 75 1.000000
74 75 17 1.000000
75 74 76 1.000000
75 76 74 1.000000
76 75 77 1.000000
76 77 75 1.000000
77 76 78 1.000000
77 78 76 1.000000
78 77 79 1.000000
78 79 77 1.000000
79 12 78 1.000000
79 78 12 1.000000
80 13 81 1.000000
80 81 13 1.000000
81 80 82 1.000000
81 82 80 1.000000
82 81 83 1.000000
82 83 81 1.000000
83 82 84 1.000000
83 84 82 1.000000
84 83 85 1.000000
84 85 83 1.000000
85 2 84 1.000000
85 84 2 1.000000
94 26 95 1.000000
94 95 26 1.000000
95 18 94 1.000000
95 94 18 1.000000
96 19 97 1.000000
96 97 19 1.000000
97 29 96 1.000000
97 96 29 1.000000
98 38 99 1.000000
98 99 38 1.000000
99 22 98 1.000000
99 98 22 1.000000
100 23 101 1.000000
100 101 23 1.000000
101 41 100 1.000000
101 100 41 1.000000
102 92 103 1.000000
102 103 92 1.000000
103 102 104 1.000000
103 104 102 1.000000
104 103 105 1.000000
104 105 103 1.000000
105 104 106 1.000000
105 106 104 1.000000
106 105 107 1.000000
106 107 105 1.000000
107 18 106 1.000000
107 106 18 1.000000
108 21 109 1.000000
108 109 21 1.000000
109 108 110 1.000000
109 110 108 1.000000
110 109 111 1.000000
110 111 109 1.000000
111 110 112 1.000000
111 112 110 1.000000
112 111 113 1.000000
112 113 111 1.000000
113 93 112 1.000000
113 112 93 1.000000
114 5 115 1.000000
114 115 5 1.000000
115 114 116 1.000000
115 116 114 1.000000
116 115 117 1.000000
116 117 115 1.000000
117 116 118 1.000000
117 118 116 1.000000
118 117 119 1.000000
118 119 117 1.000000
119 0 118 1.000000
119 118 0 1.000000
120 1 121 1.000000
120 121 1 1.000000
121 120 122 1.000000
121 122 120 1.000000
122 121 123 1.000000
122 123 121 1.000000
123 122 124 1.000000
123 124 122 1.000000
124 123 125 1.000000
124 125 123 1.000000
125 4 124 1.000000
125 124 4 1.000000
127 126 128 1.000000
127 128 126 1.000000
128 127 129 1.000000
128 129 127 1.000000
129 128 130 1.000000
129 130 128 1.000000
130 129 131 1.000000
130 131 129 1.000000
131 14 130 1.000000
131 130 14 1.000000
132 15 133 1.000000
132 133 15 1.000000
133 132 134 1.000000
133 134 132 1.000000
134 133 135 1.000000
134 135 133 1.000000
135 134 136 1.000000
135 136 134 1.000000
136 135 137 1.000000
136 137 135 1.000000
;
param D:=0.5;
param t_hat_ear:=
0 147 7.0
0 46 8.0
0 47 9.0
0 44 10.0
0 42 11.0
0 40 12.0
0 38 13.0
0 98 14.0
0 99 15.0
0 22 16.0
0 25 17.0
0 91 18.0
0 138 19.0
1 143 6.0
1 90 7.0
1 24 8.0
1 23 9.0
1 100 10.0
1 101 11.0
1 41 12.0
1 39 13.0
1 45 14.0
1 43 15.0
1 48 16.0
1 142 17.0
2 9 0.0
2 5 1.0
2 114 2.0
2 115 3.0
2 116 4.0
2 117 5.0
2 118 6.0
2 119 7.0
2 0 8.0
2 13 9.0
2 34 10.0
2 35 11.0
2 32 12.0
2 30 13.0
2 28 14.0
2 26 15.0
2 94 16.0
2 95 17.0
2 18 18.0
2 21 19.0
2 89 20.0
2 139 21.0
3 145 4.0
3 92 5.0
3 102 6.0
3 103 7.0
3 104 8.0
3 105 9.0
3 106 10.0
3 107 11.0
3 18 12.0
3 19 13.0
3 50 14.0
3 51 15.0
3 52 16.0
3 53 17.0
3 54 18.0
3 55 19.0
3 22 20.0
3 25 21.0
3 91 22.0
3 138 23.0
4 7 5.0
4 126 6.0
4 127 7.0
4 128 8.0
4 129 9.0
4 130 10.0
4 131 11.0
4 14 12.0
4 17 13.0
4 74 14.0
4 75 15.0
4 76 16.0
4 77 17.0
4 78 18.0
4 79 19.0
4 12 20.0
4 1 21.0
4 120 22.0
4 121 23.0
4 122 24.0
4 123 25.0
4 124 26.0
4 125 27.0
4 4 28.0
4 8 29.0
5 11 2.0
5 3 3.0
5 62 4.0
5 63 5.0
5 64 6.0
5 65 7.0
5 66 8.0
5 67 9.0
5 0 10.0
5 1 11.0
5 68 12.0
5 69 13.0
5 70 14.0
5 71 15.0
5 72 16.0
5 73 17.0
5 14 18.0
5 15 19.0
5 132 20.0
5 133 21.0
5 134 22.0
5 135 23.0
5 136 24.0
5 137 25.0
5 6 26.0
6 144 2.0
6 88 3.0
6 20 4.0
6 19 5.0
6 96 6.0
6 97 7.0
6 29 8.0
6 27 9.0
6 33 10.0
6 31 11.0
6 36 12.0
6 37 13.0
6 12 14.0
6 1 15.0
6 120 16.0
6 121 17.0
6 122 18.0
6 123 19.0
6 124 20.0
6 125 21.0
6 4 22.0
6 8 23.0
7 143 4.0
7 90 5.0
7 24 6.0
7 25 7.0
7 56 8.0
7 57 9.0
7 58 10.0
7 59 11.0
7 60 12.0
7 61 13.0
7 20 14.0
7 19 15.0
7 96 16.0
7 97 17.0
7 29 18.0
7 27 19.0
7 33 20.0
7 31 21.0
7 36 22.0
7 141 23.0
8 11 4.0
8 3 5.0
8 62 6.0
8 63 7.0
8 64 8.0
8 65 9.0
8 66 10.0
8 67 11.0
8 0 12.0
8 13 13.0
8 34 14.0
8 35 15.0
8 141 16.0
9 144 4.0
9 88 5.0
9 20 6.0
9 19 7.0
9 50 8.0
9 51 9.0
9 52 10.0
9 53 11.0
9 54 12.0
9 55 13.0
9 22 14.0
9 25 15.0
9 91 16.0
9 138 17.0
10 144 8.0
10 88 9.0
10 20 10.0
10 19 11.0
10 50 12.0
10 51 13.0
10 52 14.0
10 53 15.0
10 54 16.0
10 55 17.0
10 22 18.0
10 25 19.0
10 91 20.0
10 138 21.0
11 144 6.0
11 88 7.0
11 20 8.0
11 19 9.0
11 96 10.0
11 97 11.0
11 29 12.0
11 27 13.0
11 33 14.0
11 31 15.0
11 36 16.0
11 37 17.0
11 12 18.0
11 13 19.0
11 80 20.0
11 81 21.0
11 82 22.0
11 83 23.0
11 84 24.0
11 85 25.0
11 2 26.0
11 10 27.0
12 144 0.0
12 88 1.0
12 20 2.0
12 19 3.0
12 96 4.0
12 97 5.0
12 29 6.0
12 27 7.0
12 33 8.0
12 31 9.0
12 36 10.0
12 141 11.0
13 143 0.0
13 90 1.0
13 24 2.0
13 23 3.0
13 100 4.0
13 101 5.0
13 41 6.0
13 39 7.0
13 45 8.0
13 43 9.0
13 48 10.0
13 142 11.0
14 143 8.0
14 90 9.0
14 24 10.0
14 25 11.0
14 56 12.0
14 57 13.0
14 58 14.0
14 59 15.0
14 60 16.0
14 61 17.0
14 20 18.0
14 19 19.0
14 96 20.0
14 97 21.0
14 29 22.0
14 27 23.0
14 33 24.0
14 31 25.0
14 36 26.0
14 141 27.0
15 9 6.0
15 5 7.0
15 114 8.0
15 115 9.0
15 116 10.0
15 117 11.0
15 118 12.0
15 119 13.0
15 0 14.0
15 13 15.0
15 34 16.0
15 35 17.0
15 32 18.0
15 30 19.0
15 28 20.0
15 26 21.0
15 94 22.0
15 95 23.0
15 18 24.0
15 21 25.0
15 89 26.0
15 139 27.0
16 147 3.0
16 46 4.0
16 47 5.0
16 44 6.0
16 42 7.0
16 40 8.0
16 38 9.0
16 98 10.0
16 99 11.0
16 22 12.0
16 25 13.0
16 91 14.0
16 138 15.0
17 9 8.0
17 5 9.0
17 114 10.0
17 115 11.0
17 116 12.0
17 117 13.0
17 118 14.0
17 119 15.0
17 0 16.0
17 1 17.0
17 68 18.0
17 69 19.0
17 70 20.0
17 71 21.0
17 72 22.0
17 73 23.0
17 14 24.0
17 15 25.0
17 132 26.0
17 133 27.0
17 134 28.0
17 135 29.0
17 136 30.0
17 137 31.0
17 6 32.0
18 146 5.0
18 34 6.0
18 35 7.0
18 32 8.0
18 30 9.0
18 28 10.0
18 26 11.0
18 94 12.0
18 95 13.0
18 18 14.0
18 21 15.0
18 108 16.0
18 109 17.0
18 110 18.0
18 111 19.0
18 112 20.0
18 113 21.0
18 93 22.0
18 140 23.0
19 145 8.0
19 92 9.0
19 102 10.0
19 103 11.0
19 104 12.0
19 105 13.0
19 106 14.0
19 107 15.0
19 18 16.0
19 19 17.0
19 50 18.0
19 51 19.0
19 52 20.0
19 53 21.0
19 54 22.0
19 55 23.0
19 22 24.0
19 23 25.0
19 100 26.0
19 101 27.0
19 41 28.0
19 39 29.0
19 45 30.0
19 43 31.0
19 48 32.0
19 142 33.0
20 146 27.0
20 37 28.0
20 12 29.0
20 1 30.0
20 120 31.0
20 121 32.0
20 122 33.0
20 123 34.0
20 124 35.0
20 125 36.0
20 4 37.0
20 8 38.0
21 144 49.0
21 88 50.0
21 20 51.0
21 19 52.0
21 96 53.0
21 97 54.0
21 29 55.0
21 27 56.0
21 33 57.0
21 31 58.0
21 36 59.0
21 37 60.0
21 12 61.0
21 13 62.0
21 80 63.0
21 81 64.0
21 82 65.0
21 83 66.0
21 84 67.0
21 85 68.0
21 2 69.0
21 10 70.0
22 9 19.0
22 5 20.0
22 114 21.0
22 115 22.0
22 116 23.0
22 117 24.0
22 118 25.0
22 119 26.0
22 0 27.0
22 1 28.0
22 68 29.0
22 69 30.0
22 70 31.0
22 71 32.0
22 72 33.0
22 73 34.0
22 14 35.0
22 17 36.0
22 46 37.0
22 47 38.0
22 142 39.0
23 147 10.0
23 49 11.0
23 16 12.0
23 15 13.0
23 132 14.0
23 133 15.0
23 134 16.0
23 135 17.0
23 136 18.0
23 137 19.0
23 6 20.0
24 144 22.0
24 88 23.0
24 20 24.0
24 19 25.0
24 50 26.0
24 51 27.0
24 52 28.0
24 53 29.0
24 54 30.0
24 55 31.0
24 22 32.0
24 23 33.0
24 100 34.0
24 101 35.0
24 41 36.0
24 39 37.0
24 45 38.0
24 43 39.0
24 48 40.0
24 142 41.0
25 147 13.0
25 46 14.0
25 47 15.0
25 44 16.0
25 42 17.0
25 40 18.0
25 38 19.0
25 98 20.0
25 99 21.0
25 22 22.0
25 25 23.0
25 56 24.0
25 57 25.0
25 58 26.0
25 59 27.0
25 60 28.0
25 61 29.0
25 20 30.0
25 21 31.0
25 89 32.0
25 139 33.0
26 145 14.0
26 92 15.0
26 102 16.0
26 103 17.0
26 104 18.0
26 105 19.0
26 106 20.0
26 107 21.0
26 18 22.0
26 19 23.0
26 50 24.0
26 51 25.0
26 52 26.0
26 53 27.0
26 54 28.0
26 55 29.0
26 22 30.0
26 25 31.0
26 91 32.0
26 138 33.0
27 143 22.0
27 90 23.0
27 24 24.0
27 25 25.0
27 56 26.0
27 57 27.0
27 58 28.0
27 59 29.0
27 60 30.0
27 61 31.0
27 20 32.0
27 21 33.0
27 89 34.0
27 139 35.0
28 146 14.0
28 37 15.0
28 12 16.0
28 13 17.0
28 80 18.0
28 81 19.0
28 82 20.0
28 83 21.0
28 84 22.0
28 85 23.0
28 2 24.0
28 10 25.0
29 146 19.0
29 34 20.0
29 35 21.0
29 32 22.0
29 30 23.0
29 28 24.0
29 26 25.0
29 94 26.0
29 95 27.0
29 18 28.0
29 19 29.0
29 50 30.0
29 51 31.0
29 52 32.0
29 53 33.0
29 54 34.0
29 55 35.0
29 22 36.0
29 25 37.0
29 91 38.0
29 138 39.0
30 9 15.0
30 5 16.0
30 114 17.0
30 115 18.0
30 116 19.0
30 117 20.0
30 118 21.0
30 119 22.0
30 0 23.0
30 1 24.0
30 68 25.0
30 69 26.0
30 70 27.0
30 71 28.0
30 72 29.0
30 73 30.0
30 14 31.0
30 17 32.0
30 46 33.0
30 47 34.0
30 142 35.0
31 147 15.0
31 49 16.0
31 16 17.0
31 17 18.0
31 74 19.0
31 75 20.0
31 76 21.0
31 77 22.0
31 78 23.0
31 79 24.0
31 12 25.0
31 13 26.0
31 34 27.0
31 35 28.0
31 141 29.0
32 144 37.0
32 88 38.0
32 20 39.0
32 19 40.0
32 96 41.0
32 97 42.0
32 29 43.0
32 27 44.0
32 33 45.0
32 31 46.0
32 36 47.0
32 141 48.0
33 145 12.0
33 92 13.0
33 102 14.0
33 103 15.0
33 104 16.0
33 105 17.0
33 106 18.0
33 107 19.0
33 18 20.0
33 19 21.0
33 50 22.0
33 51 23.0
33 52 24.0
33 53 25.0
33 54 26.0
33 55 27.0
33 22 28.0
33 23 29.0
33 100 30.0
33 101 31.0
33 41 32.0
33 39 33.0
33 45 34.0
33 43 35.0
33 48 36.0
33 142 37.0
34 147 17.0
34 46 18.0
34 47 19.0
34 44 20.0
34 42 21.0
34 40 22.0
34 38 23.0
34 98 24.0
34 99 25.0
34 22 26.0
34 25 27.0
34 56 28.0
34 57 29.0
34 58 30.0
34 59 31.0
34 60 32.0
34 61 33.0
34 20 34.0
34 21 35.0
34 89 36.0
34 139 37.0
35 145 18.0
35 92 19.0
35 102 20.0
35 103 21.0
35 104 22.0
35 105 23.0
35 106 24.0
35 107 25.0
35 18 26.0
35 19 27.0
35 50 28.0
35 51 29.0
35 52 30.0
35 53 31.0
35 54 32.0
35 55 33.0
35 22 34.0
35 23 35.0
35 100 36.0
35 101 37.0
35 41 38.0
35 39 39.0
35 45 40.0
35 43 41.0
35 48 42.0
35 142 43.0
36 146 10.0
36 37 11.0
36 12 12.0
36 1 13.0
36 68 14.0
36 69 15.0
36 70 16.0
36 71 17.0
36 72 18.0
36 73 19.0
36 14 20.0
36 15 21.0
36 132 22.0
36 133 23.0
36 134 24.0
36 135 25.0
36 136 26.0
36 137 27.0
36 6 28.0
37 143 26.0
37 90 27.0
37 24 28.0
37 25 29.0
37 56 30.0
37 57 31.0
37 58 32.0
37 59 33.0
37 60 34.0
37 61 35.0
37 20 36.0
37 21 37.0
37 89 38.0
37 139 39.0
38 144 39.0
38 88 40.0
38 20 41.0
38 19 42.0
38 50 43.0
38 51 44.0
38 52 45.0
38 53 46.0
38 54 47.0
38 55 48.0
38 22 49.0
38 23 50.0
38 100 51.0
38 101 52.0
38 41 53.0
38 39 54.0
38 45 55.0
38 43 56.0
38 48 57.0
38 142 58.0
39 7 19.0
39 126 20.0
39 127 21.0
39 128 22.0
39 129 23.0
39 130 24.0
39 131 25.0
39 14 26.0
39 17 27.0
39 74 28.0
39 75 29.0
39 76 30.0
39 77 31.0
39 78 32.0
39 79 33.0
39 12 34.0
39 13 35.0
39 80 36.0
39 81 37.0
39 82 38.0
39 83 39.0
39 84 40.0
39 85 41.0
39 2 42.0
39 10 43.0
40 9 25.0
40 5 26.0
40 114 27.0
40 115 28.0
40 116 29.0
40 117 30.0
40 118 31.0
40 119 32.0
40 0 33.0
40 1 34.0
40 68 35.0
40 69 36.0
40 70 37.0
40 71 38.0
40 72 39.0
40 73 40.0
40 14 41.0
40 15 42.0
40 132 43.0
40 133 44.0
40 134 45.0
40 135 46.0
40 136 47.0
40 137 48.0
40 6 49.0
41 144 47.0
41 88 48.0
41 20 49.0
41 19 50.0
41 96 51.0
41 97 52.0
41 29 53.0
41 27 54.0
41 33 55.0
41 31 56.0
41 36 57.0
41 37 58.0
41 12 59.0
41 13 60.0
41 80 61.0
41 81 62.0
41 82 63.0
41 83 64.0
41 84 65.0
41 85 66.0
41 2 67.0
41 10 68.0
42 143 20.0
42 90 21.0
42 24 22.0
42 23 23.0
42 100 24.0
42 101 25.0
42 41 26.0
42 39 27.0
42 45 28.0
42 43 29.0
42 48 30.0
42 142 31.0
43 147 29.0
43 46 30.0
43 47 31.0
43 44 32.0
43 42 33.0
43 40 34.0
43 38 35.0
43 98 36.0
43 99 37.0
43 22 38.0
43 25 39.0
43 56 40.0
43 57 41.0
43 58 42.0
43 59 43.0
43 60 44.0
43 61 45.0
43 20 46.0
43 21 47.0
43 89 48.0
43 139 49.0
44 9 27.0
44 5 28.0
44 114 29.0
44 115 30.0
44 116 31.0
44 117 32.0
44 118 33.0
44 119 34.0
44 0 35.0
44 1 36.0
44 68 37.0
44 69 38.0
44 70 39.0
44 71 40.0
44 72 41.0
44 73 42.0
44 14 43.0
44 17 44.0
44 46 45.0
44 47 46.0
44 142 47.0
45 11 23.0
45 3 24.0
45 62 25.0
45 63 26.0
45 64 27.0
45 65 28.0
45 66 29.0
45 67 30.0
45 0 31.0
45 1 32.0
45 120 33.0
45 121 34.0
45 122 35.0
45 123 36.0
45 124 37.0
45 125 38.0
45 4 39.0
45 8 40.0
46 7 30.0
46 126 31.0
46 127 32.0
46 128 33.0
46 129 34.0
46 130 35.0
46 131 36.0
46 14 37.0
46 17 38.0
46 74 39.0
46 75 40.0
46 76 41.0
46 77 42.0
46 78 43.0
46 79 44.0
46 12 45.0
46 13 46.0
46 80 47.0
46 81 48.0
46 82 49.0
46 83 50.0
46 84 51.0
46 85 52.0
46 2 53.0
46 10 54.0
47 9 37.0
47 5 38.0
47 114 39.0
47 115 40.0
47 116 41.0
47 117 42.0
47 118 43.0
47 119 44.0
47 0 45.0
47 1 46.0
47 68 47.0
47 69 48.0
47 70 49.0
47 71 50.0
47 72 51.0
47 73 52.0
47 14 53.0
47 15 54.0
47 132 55.0
47 133 56.0
47 134 57.0
47 135 58.0
47 136 59.0
47 137 60.0
47 6 61.0
48 7 38.0
48 126 39.0
48 127 40.0
48 128 41.0
48 129 42.0
48 130 43.0
48 131 44.0
48 14 45.0
48 17 46.0
48 46 47.0
48 47 48.0
48 142 49.0
49 147 27.0
49 49 28.0
49 16 29.0
49 15 30.0
49 132 31.0
49 133 32.0
49 134 33.0
49 135 34.0
49 136 35.0
49 137 36.0
49 6 37.0
50 147 22.0
50 49 23.0
50 16 24.0
50 17 25.0
50 74 26.0
50 75 27.0
50 76 28.0
50 77 29.0
50 78 30.0
50 79 31.0
50 12 32.0
50 13 33.0
50 80 34.0
50 81 35.0
50 82 36.0
50 83 37.0
50 84 38.0
50 85 39.0
50 2 40.0
50 10 41.0
51 11 29.0
51 3 30.0
51 62 31.0
51 63 32.0
51 64 33.0
51 65 34.0
51 66 35.0
51 67 36.0
51 0 37.0
51 13 38.0
51 34 39.0
51 35 40.0
51 141 41.0
52 7 32.0
52 126 33.0
52 127 34.0
52 128 35.0
52 129 36.0
52 130 37.0
52 131 38.0
52 14 39.0
52 17 40.0
52 74 41.0
52 75 42.0
52 76 43.0
52 77 44.0
52 78 45.0
52 79 46.0
52 12 47.0
52 1 48.0
52 120 49.0
52 121 50.0
52 122 51.0
52 123 52.0
52 124 53.0
52 125 54.0
52 4 55.0
52 8 56.0
53 147 20.0
53 49 21.0
53 16 22.0
53 15 23.0
53 132 24.0
53 133 25.0
53 134 26.0
53 135 27.0
53 136 28.0
53 137 29.0
53 6 30.0
54 145 29.0
54 92 30.0
54 102 31.0
54 103 32.0
54 104 33.0
54 105 34.0
54 106 35.0
54 107 36.0
54 18 37.0
54 19 38.0
54 50 39.0
54 51 40.0
54 52 41.0
54 53 42.0
54 54 43.0
54 55 44.0
54 22 45.0
54 25 46.0
54 91 47.0
54 138 48.0
55 9 33.0
55 5 34.0
55 114 35.0
55 115 36.0
55 116 37.0
55 117 38.0
55 118 39.0
55 119 40.0
55 0 41.0
55 1 42.0
55 68 43.0
55 69 44.0
55 70 45.0
55 71 46.0
55 72 47.0
55 73 48.0
55 14 49.0
55 15 50.0
55 132 51.0
55 133 52.0
55 134 53.0
55 135 54.0
55 136 55.0
55 137 56.0
55 6 57.0
56 7 26.0
56 126 27.0
56 127 28.0
56 128 29.0
56 129 30.0
56 130 31.0
56 131 32.0
56 14 33.0
56 17 34.0
56 74 35.0
56 75 36.0
56 76 37.0
56 77 38.0
56 78 39.0
56 79 40.0
56 12 41.0
56 13 42.0
56 80 43.0
56 81 44.0
56 82 45.0
56 83 46.0
56 84 47.0
56 85 48.0
56 2 49.0
56 10 50.0
57 11 21.0
57 3 22.0
57 62 23.0
57 63 24.0
57 64 25.0
57 65 26.0
57 66 27.0
57 67 28.0
57 0 29.0
57 13 30.0
57 34 31.0
57 35 32.0
57 141 33.0
58 7 22.0
58 126 23.0
58 127 24.0
58 128 25.0
58 129 26.0
58 130 27.0
58 131 28.0
58 14 29.0
58 17 30.0
58 74 31.0
58 75 32.0
58 76 33.0
58 77 34.0
58 78 35.0
58 79 36.0
58 12 37.0
58 1 38.0
58 120 39.0
58 121 40.0
58 122 41.0
58 123 42.0
58 124 43.0
58 125 44.0
58 4 45.0
58 8 46.0
59 145 31.0
59 92 32.0
59 102 33.0
59 103 34.0
59 104 35.0
59 105 36.0
59 106 37.0
59 107 38.0
59 18 39.0
59 21 40.0
59 89 41.0
59 139 42.0
61 11 49.0
61 3 50.0
61 62 51.0
61 63 52.0
61 64 53.0
61 65 54.0
61 66 55.0
61 67 56.0
61 0 57.0
61 1 58.0
61 68 59.0
61 69 60.0
61 70 61.0
61 71 62.0
61 72 63.0
61 73 64.0
61 14 65.0
61 17 66.0
61 46 67.0
61 47 68.0
61 142 69.0
63 147 47.0
63 49 48.0
63 16 49.0
63 17 50.0
63 74 51.0
63 75 52.0
63 76 53.0
63 77 54.0
63 78 55.0
63 79 56.0
63 12 57.0
63 13 58.0
63 80 59.0
63 81 60.0
63 82 61.0
63 83 62.0
63 84 63.0
63 85 64.0
63 2 65.0
63 10 66.0
64 7 44.0
64 126 45.0
64 127 46.0
64 128 47.0
64 129 48.0
64 130 49.0
64 131 50.0
64 14 51.0
64 17 52.0
64 46 53.0
64 47 54.0
64 142 55.0
65 143 39.0
65 90 40.0
65 24 41.0
65 23 42.0
65 100 43.0
65 101 44.0
65 41 45.0
65 39 46.0
65 45 47.0
65 43 48.0
65 48 49.0
65 49 50.0
65 16 51.0
65 15 52.0
65 132 53.0
65 133 54.0
65 134 55.0
65 135 56.0
65 136 57.0
65 137 58.0
65 6 59.0
66 11 31.0
66 3 32.0
66 62 33.0
66 63 34.0
66 64 35.0
66 65 36.0
66 66 37.0
66 67 38.0
66 0 39.0
66 13 40.0
66 34 41.0
66 35 42.0
66 32 43.0
66 30 44.0
66 28 45.0
66 26 46.0
66 94 47.0
66 95 48.0
66 18 49.0
66 21 50.0
66 89 51.0
66 139 52.0
67 9 45.0
67 5 46.0
67 114 47.0
67 115 48.0
67 116 49.0
67 117 50.0
67 118 51.0
67 119 52.0
67 0 53.0
67 1 54.0
67 68 55.0
67 69 56.0
67 70 57.0
67 71 58.0
67 72 59.0
67 73 60.0
67 14 61.0
67 17 62.0
67 46 63.0
67 47 64.0
67 142 65.0
68 7 49.0
68 126 50.0
68 127 51.0
68 128 52.0
68 129 53.0
68 130 54.0
68 131 55.0
68 14 56.0
68 17 57.0
68 46 58.0
68 47 59.0
68 44 60.0
68 42 61.0
68 40 62.0
68 38 63.0
68 98 64.0
68 99 65.0
68 22 66.0
68 25 67.0
68 91 68.0
68 138 69.0
71 146 49.0
71 37 50.0
71 12 51.0
71 1 52.0
71 68 53.0
71 69 54.0
71 70 55.0
71 71 56.0
71 72 57.0
71 73 58.0
71 14 59.0
71 17 60.0
71 46 61.0
71 47 62.0
71 142 63.0
72 9 39.0
72 5 40.0
72 114 41.0
72 115 42.0
72 116 43.0
72 117 44.0
72 118 45.0
72 119 46.0
72 0 47.0
72 13 48.0
72 80 49.0
72 81 50.0
72 82 51.0
72 83 52.0
72 84 53.0
72 85 54.0
72 2 55.0
72 10 56.0
73 145 35.0
73 92 36.0
73 102 37.0
73 103 38.0
73 104 39.0
73 105 40.0
73 106 41.0
73 107 42.0
73 18 43.0
73 19 44.0
73 50 45.0
73 51 46.0
73 52 47.0
73 53 48.0
73 54 49.0
73 55 50.0
73 22 51.0
73 23 52.0
73 100 53.0
73 101 54.0
73 41 55.0
73 39 56.0
73 45 57.0
73 43 58.0
73 48 59.0
73 142 60.0
74 11 35.0
74 3 36.0
74 62 37.0
74 63 38.0
74 64 39.0
74 65 40.0
74 66 41.0
74 67 42.0
74 0 43.0
74 13 44.0
74 34 45.0
74 35 46.0
74 32 47.0
74 30 48.0
74 28 49.0
74 26 50.0
74 94 51.0
74 95 52.0
74 18 53.0
74 21 54.0
74 89 55.0
74 139 56.0
75 147 34.0
75 46 35.0
75 47 36.0
75 44 37.0
75 42 38.0
75 40 39.0
75 38 40.0
75 98 41.0
75 99 42.0
75 22 43.0
75 25 44.0
75 91 45.0
75 138 46.0
76 146 32.0
76 34 33.0
76 35 34.0
76 32 35.0
76 30 36.0
76 28 37.0
76 26 38.0
76 94 39.0
76 95 40.0
76 18 41.0
76 21 42.0
76 108 43.0
76 109 44.0
76 110 45.0
76 111 46.0
76 112 47.0
76 113 48.0
76 93 49.0
76 140 50.0
77 146 37.0
77 37 38.0
77 12 39.0
77 1 40.0
77 68 41.0
77 69 42.0
77 70 43.0
77 71 44.0
77 72 45.0
77 73 46.0
77 14 47.0
77 17 48.0
77 46 49.0
77 47 50.0
77 142 51.0
78 143 34.0
78 90 35.0
78 24 36.0
78 23 37.0
78 100 38.0
78 101 39.0
78 41 40.0
78 39 41.0
78 45 42.0
78 43 43.0
78 48 44.0
78 49 45.0
78 16 46.0
78 15 47.0
78 132 48.0
78 133 49.0
78 134 50.0
78 135 51.0
78 136 52.0
78 137 53.0
78 6 54.0
79 147 39.0
79 49 40.0
79 16 41.0
79 17 42.0
79 74 43.0
79 75 44.0
79 76 45.0
79 77 46.0
79 78 47.0
79 79 48.0
79 12 49.0
79 13 50.0
79 34 51.0
79 35 52.0
79 141 53.0
80 11 47.0
80 3 48.0
80 62 49.0
80 63 50.0
80 64 51.0
80 65 52.0
80 66 53.0
80 67 54.0
80 0 55.0
80 13 56.0
80 34 57.0
80 35 58.0
80 141 59.0
87 11 43.0
87 3 44.0
87 62 45.0
87 63 46.0
87 64 47.0
87 65 48.0
87 66 49.0
87 67 50.0
87 0 51.0
87 13 52.0
87 34 53.0
87 35 54.0
87 32 55.0
87 30 56.0
87 28 57.0
87 26 58.0
87 94 59.0
87 95 60.0
87 18 61.0
87 21 62.0
87 89 63.0
87 139 64.0
89 143 45.0
89 90 46.0
89 24 47.0
89 25 48.0
89 56 49.0
89 57 50.0
89 58 51.0
89 59 52.0
89 60 53.0
89 61 54.0
89 20 55.0
89 21 56.0
89 89 57.0
89 139 58.0
92 143 47.0
92 90 48.0
92 24 49.0
92 25 50.0
92 56 51.0
92 57 52.0
92 58 53.0
92 59 54.0
92 60 55.0
92 61 56.0
92 20 57.0
92 19 58.0
92 96 59.0
92 97 60.0
92 29 61.0
92 27 62.0
92 33 63.0
92 31 64.0
92 36 65.0
92 141 66.0
96 147 41.0
96 49 42.0
96 16 43.0
96 15 44.0
96 132 45.0
96 133 46.0
96 134 47.0
96 135 48.0
96 136 49.0
96 137 50.0
96 6 51.0
97 144 41.0
97 88 42.0
97 20 43.0
97 21 44.0
97 108 45.0
97 109 46.0
97 110 47.0
97 111 48.0
97 112 49.0
97 113 50.0
97 93 51.0
97 140 52.0
98 145 47.0
98 92 48.0
98 102 49.0
98 103 50.0
98 104 51.0
98 105 52.0
98 106 53.0
98 107 54.0
98 18 55.0
98 19 56.0
98 50 57.0
98 51 58.0
98 52 59.0
98 53 60.0
98 54 61.0
98 55 62.0
98 22 63.0
98 23 64.0
98 100 65.0
98 101 66.0
98 41 67.0
98 39 68.0
98 45 69.0
98 43 70.0
98 48 71.0
98 142 72.0
99 147 10
99 46 11.0
99 47 12.0
99 44 13.0
99 42 14.0
99 40 15.0
99 38 16.0
99 98 17.0
99 99 18.0
99 22 19.0
99 25 20.0
99 91 21.0
99 138 22.0
;
param t_hat_lat:=
0 147 8.0
0 46 9.0
0 47 10.0
0 44 11.0
0 42 12.0
0 40 13.0
0 38 14.0
0 98 15.0
0 99 16.0
0 22 17.0
0 25 18.0
0 91 19.0
0 138 20.0
1 143 7.0
1 90 8.0
1 24 9.0
1 23 10.0
1 100 11.0
1 101 12.0
1 41 13.0
1 39 14.0
1 45 15.0
1 43 16.0
1 48 17.0
1 142 18.0
2 9 1.0
2 5 2.0
2 114 3.0
2 115 4.0
2 116 5.0
2 117 6.0
2 118 7.0
2 119 8.0
2 0 9.0
2 13 10.0
2 34 11.0
2 35 12.0
2 32 13.0
2 30 14.0
2 28 15.0
2 26 16.0
2 94 17.0
2 95 18.0
2 18 19.0
2 21 20.0
2 89 21.0
2 139 22.0
3 145 5.0
3 92 6.0
3 102 7.0
3 103 8.0
3 104 9.0
3 105 10.0
3 106 11.0
3 107 12.0
3 18 13.0
3 19 14.0
3 50 15.0
3 51 16.0
3 52 17.0
3 53 18.0
3 54 19.0
3 55 20.0
3 22 21.0
3 25 22.0
3 91 23.0
3 138 24.0
4 7 6.0
4 126 7.0
4 127 8.0
4 128 9.0
4 129 10.0
4 130 11.0
4 131 12.0
4 14 13.0
4 17 14.0
4 74 15.0
4 75 16.0
4 76 17.0
4 77 18.0
4 78 19.0
4 79 20.0
4 12 21.0
4 1 22.0
4 120 23.0
4 121 24.0
4 122 25.0
4 123 26.0
4 124 27.0
4 125 28.0
4 4 29.0
4 8 30.0
5 11 3.0
5 3 4.0
5 62 5.0
5 63 6.0
5 64 7.0
5 65 8.0
5 66 9.0
5 67 10.0
5 0 11.0
5 1 12.0
5 68 13.0
5 69 14.0
5 70 15.0
5 71 16.0
5 72 17.0
5 73 18.0
5 14 19.0
5 15 20.0
5 132 21.0
5 133 22.0
5 134 23.0
5 135 24.0
5 136 25.0
5 137 26.0
5 6 27.0
6 144 3.0
6 88 4.0
6 20 5.0
6 19 6.0
6 96 7.0
6 97 8.0
6 29 9.0
6 27 10.0
6 33 11.0
6 31 12.0
6 36 13.0
6 37 14.0
6 12 15.0
6 1 16.0
6 120 17.0
6 121 18.0
6 122 19.0
6 123 20.0
6 124 21.0
6 125 22.0
6 4 23.0
6 8 24.0
7 143 5.0
7 90 6.0
7 24 7.0
7 25 8.0
7 56 9.0
7 57 10.0
7 58 11.0
7 59 12.0
7 60 13.0
7 61 14.0
7 20 15.0
7 19 16.0
7 96 17.0
7 97 18.0
7 29 19.0
7 27 20.0
7 33 21.0
7 31 22.0
7 36 23.0
7 141 24.0
8 11 5.0
8 3 6.0
8 62 7.0
8 63 8.0
8 64 9.0
8 65 10.0
8 66 11.0
8 67 12.0
8 0 13.0
8 13 14.0
8 34 15.0
8 35 16.0
8 141 17.0
9 144 5.0
9 88 6.0
9 20 7.0
9 19 8.0
9 50 9.0
9 51 10.0
9 52 11.0
9 53 12.0
9 54 13.0
9 55 14.0
9 22 15.0
9 25 16.0
9 91 17.0
9 138 18.0
10 144 9.0
10 88 10.0
10 20 11.0
10 19 12.0
10 50 13.0
10 51 14.0
10 52 15.0
10 53 16.0
10 54 17.0
10 55 18.0
10 22 19.0
10 25 20.0
10 91 21.0
10 138 22.0
11 144 7.0
11 88 8.0
11 20 9.0
11 19 10.0
11 96 11.0
11 97 12.0
11 29 13.0
11 27 14.0
11 33 15.0
11 31 16.0
11 36 17.0
11 37 18.0
11 12 19.0
11 13 20.0
11 80 21.0
11 81 22.0
11 82 23.0
11 83 24.0
11 84 25.0
11 85 26.0
11 2 27.0
11 10 28.0
12 144 1.0
12 88 2.0
12 20 3.0
12 19 4.0
12 96 5.0
12 97 6.0
12 29 7.0
12 27 8.0
12 33 9.0
12 31 10.0
12 36 11.0
12 141 12.0
13 143 1.0
13 90 2.0
13 24 3.0
13 23 4.0
13 100 5.0
13 101 6.0
13 41 7.0
13 39 8.0
13 45 9.0
13 43 10.0
13 48 11.0
13 142 12.0
14 143 9.0
14 90 10.0
14 24 11.0
14 25 12.0
14 56 13.0
14 57 14.0
14 58 15.0
14 59 16.0
14 60 17.0
14 61 18.0
14 20 19.0
14 19 20.0
14 96 21.0
14 97 22.0
14 29 23.0
14 27 24.0
14 33 25.0
14 31 26.0
14 36 27.0
14 141 28.0
15 9 7.0
15 5 8.0
15 114 9.0
15 115 10.0
15 116 11.0
15 117 12.0
15 118 13.0
15 119 14.0
15 0 15.0
15 13 16.0
15 34 17.0
15 35 18.0
15 32 19.0
15 30 20.0
15 28 21.0
15 26 22.0
15 94 23.0
15 95 24.0
15 18 25.0
15 21 26.0
15 89 27.0
15 139 28.0
16 147 4.0
16 46 5.0
16 47 6.0
16 44 7.0
16 42 8.0
16 40 9.0
16 38 10.0
16 98 11.0
16 99 12.0
16 22 13.0
16 25 14.0
16 91 15.0
16 138 16.0
17 9 9.0
17 5 10.0
17 114 11.0
17 115 12.0
17 116 13.0
17 117 14.0
17 118 15.0
17 119 16.0
17 0 17.0
17 1 18.0
17 68 19.0
17 69 20.0
17 70 21.0
17 71 22.0
17 72 23.0
17 73 24.0
17 14 25.0
17 15 26.0
17 132 27.0
17 133 28.0
17 134 29.0
17 135 30.0
17 136 31.0
17 137 32.0
17 6 33.0
18 146 6.0
18 34 7.0
18 35 8.0
18 32 9.0
18 30 10.0
18 28 11.0
18 26 12.0
18 94 13.0
18 95 14.0
18 18 15.0
18 21 16.0
18 108 17.0
18 109 18.0
18 110 19.0
18 111 20.0
18 112 21.0
18 113 22.0
18 93 23.0
18 140 24.0
19 145 9.0
19 92 10.0
19 102 11.0
19 103 12.0
19 104 13.0
19 105 14.0
19 106 15.0
19 107 16.0
19 18 17.0
19 19 18.0
19 50 19.0
19 51 20.0
19 52 21.0
19 53 22.0
19 54 23.0
19 55 24.0
19 22 25.0
19 23 26.0
19 100 27.0
19 101 28.0
19 41 29.0
19 39 30.0
19 45 31.0
19 43 32.0
19 48 33.0
19 142 34.0
20 146 28.0
20 37 29.0
20 12 30.0
20 1 31.0
20 120 32.0
20 121 33.0
20 122 34.0
20 123 35.0
20 124 36.0
20 125 37.0
20 4 38.0
20 8 39.0
21 144 50.0
21 88 51.0
21 20 52.0
21 19 53.0
21 96 54.0
21 97 55.0
21 29 56.0
21 27 57.0
21 33 58.0
21 31 59.0
21 36 60.0
21 37 61.0
21 12 62.0
21 13 63.0
21 80 64.0
21 81 65.0
21 82 66.0
21 83 67.0
21 84 68.0
21 85 69.0
21 2 70.0
21 10 71.0
22 9 20.0
22 5 21.0
22 114 22.0
22 115 23.0
22 116 24.0
22 117 25.0
22 118 26.0
22 119 27.0
22 0 28.0
22 1 29.0
22 68 30.0
22 69 31.0
22 70 32.0
22 71 33.0
22 72 34.0
22 73 35.0
22 14 36.0
22 17 37.0
22 46 38.0
22 47 39.0
22 142 40.0
23 147 11.0
23 49 12.0
23 16 13.0
23 15 14.0
23 132 15.0
23 133 16.0
23 134 17.0
23 135 18.0
23 136 19.0
23 137 20.0
23 6 21.0
24 144 23.0
24 88 24.0
24 20 25.0
24 19 26.0
24 50 27.0
24 51 28.0
24 52 29.0
24 53 30.0
24 54 31.0
24 55 32.0
24 22 33.0
24 23 34.0
24 100 35.0
24 101 36.0
24 41 37.0
24 39 38.0
24 45 39.0
24 43 40.0
24 48 41.0
24 142 42.0
25 147 14.0
25 46 15.0
25 47 16.0
25 44 17.0
25 42 18.0
25 40 19.0
25 38 20.0
25 98 21.0
25 99 22.0
25 22 23.0
25 25 24.0
25 56 25.0
25 57 26.0
25 58 27.0
25 59 28.0
25 60 29.0
25 61 30.0
25 20 31.0
25 21 32.0
25 89 33.0
25 139 34.0
26 145 15.0
26 92 16.0
26 102 17.0
26 103 18.0
26 104 19.0
26 105 20.0
26 106 21.0
26 107 22.0
26 18 23.0
26 19 24.0
26 50 25.0
26 51 26.0
26 52 27.0
26 53 28.0
26 54 29.0
26 55 30.0
26 22 31.0
26 25 32.0
26 91 33.0
26 138 34.0
27 143 23.0
27 90 24.0
27 24 25.0
27 25 26.0
27 56 27.0
27 57 28.0
27 58 29.0
27 59 30.0
27 60 31.0
27 61 32.0
27 20 33.0
27 21 34.0
27 89 35.0
27 139 36.0
28 146 15.0
28 37 16.0
28 12 17.0
28 13 18.0
28 80 19.0
28 81 20.0
28 82 21.0
28 83 22.0
28 84 23.0
28 85 24.0
28 2 25.0
28 10 26.0
29 146 20.0
29 34 21.0
29 35 22.0
29 32 23.0
29 30 24.0
29 28 25.0
29 26 26.0
29 94 27.0
29 95 28.0
29 18 29.0
29 19 30.0
29 50 31.0
29 51 32.0
29 52 33.0
29 53 34.0
29 54 35.0
29 55 36.0
29 22 37.0
29 25 38.0
29 91 39.0
29 138 40.0
30 9 16.0
30 5 17.0
30 114 18.0
30 115 19.0
30 116 20.0
30 117 21.0
30 118 22.0
30 119 23.0
30 0 24.0
30 1 25.0
30 68 26.0
30 69 27.0
30 70 28.0
30 71 29.0
30 72 30.0
30 73 31.0
30 14 32.0
30 17 33.0
30 46 34.0
30 47 35.0
30 142 36.0
31 147 16.0
31 49 17.0
31 16 18.0
31 17 19.0
31 74 20.0
31 75 21.0
31 76 22.0
31 77 23.0
31 78 24.0
31 79 25.0
31 12 26.0
31 13 27.0
31 34 28.0
31 35 29.0
31 141 30.0
32 144 38.0
32 88 39.0
32 20 40.0
32 19 41.0
32 96 42.0
32 97 43.0
32 29 44.0
32 27 45.0
32 33 46.0
32 31 47.0
32 36 48.0
32 141 49.0
33 145 13.0
33 92 14.0
33 102 15.0
33 103 16.0
33 104 17.0
33 105 18.0
33 106 19.0
33 107 20.0
33 18 21.0
33 19 22.0
33 50 23.0
33 51 24.0
33 52 25.0
33 53 26.0
33 54 27.0
33 55 28.0
33 22 29.0
33 23 30.0
33 100 31.0
33 101 32.0
33 41 33.0
33 39 34.0
33 45 35.0
33 43 36.0
33 48 37.0
33 142 38.0
34 147 18.0
34 46 19.0
34 47 20.0
34 44 21.0
34 42 22.0
34 40 23.0
34 38 24.0
34 98 25.0
34 99 26.0
34 22 27.0
34 25 28.0
34 56 29.0
34 57 30.0
34 58 31.0
34 59 32.0
34 60 33.0
34 61 34.0
34 20 35.0
34 21 36.0
34 89 37.0
34 139 38.0
35 145 19.0
35 92 20.0
35 102 21.0
35 103 22.0
35 104 23.0
35 105 24.0
35 106 25.0
35 107 26.0
35 18 27.0
35 19 28.0
35 50 29.0
35 51 30.0
35 52 31.0
35 53 32.0
35 54 33.0
35 55 34.0
35 22 35.0
35 23 36.0
35 100 37.0
35 101 38.0
35 41 39.0
35 39 40.0
35 45 41.0
35 43 42.0
35 48 43.0
35 142 44.0
36 146 11.0
36 37 12.0
36 12 13.0
36 1 14.0
36 68 15.0
36 69 16.0
36 70 17.0
36 71 18.0
36 72 19.0
36 73 20.0
36 14 21.0
36 15 22.0
36 132 23.0
36 133 24.0
36 134 25.0
36 135 26.0
36 136 27.0
36 137 28.0
36 6 29.0
37 143 27.0
37 90 28.0
37 24 29.0
37 25 30.0
37 56 31.0
37 57 32.0
37 58 33.0
37 59 34.0
37 60 35.0
37 61 36.0
37 20 37.0
37 21 38.0
37 89 39.0
37 139 40.0
38 144 40.0
38 88 41.0
38 20 42.0
38 19 43.0
38 50 44.0
38 51 45.0
38 52 46.0
38 53 47.0
38 54 48.0
38 55 49.0
38 22 50.0
38 23 51.0
38 100 52.0
38 101 53.0
38 41 54.0
38 39 55.0
38 45 56.0
38 43 57.0
38 48 58.0
38 142 59.0
39 7 20.0
39 126 21.0
39 127 22.0
39 128 23.0
39 129 24.0
39 130 25.0
39 131 26.0
39 14 27.0
39 17 28.0
39 74 29.0
39 75 30.0
39 76 31.0
39 77 32.0
39 78 33.0
39 79 34.0
39 12 35.0
39 13 36.0
39 80 37.0
39 81 38.0
39 82 39.0
39 83 40.0
39 84 41.0
39 85 42.0
39 2 43.0
39 10 44.0
40 9 26.0
40 5 27.0
40 114 28.0
40 115 29.0
40 116 30.0
40 117 31.0
40 118 32.0
40 119 33.0
40 0 34.0
40 1 35.0
40 68 36.0
40 69 37.0
40 70 38.0
40 71 39.0
40 72 40.0
40 73 41.0
40 14 42.0
40 15 43.0
40 132 44.0
40 133 45.0
40 134 46.0
40 135 47.0
40 136 48.0
40 137 49.0
40 6 50.0
41 144 48.0
41 88 49.0
41 20 50.0
41 19 51.0
41 96 52.0
41 97 53.0
41 29 54.0
41 27 55.0
41 33 56.0
41 31 57.0
41 36 58.0
41 37 59.0
41 12 60.0
41 13 61.0
41 80 62.0
41 81 63.0
41 82 64.0
41 83 65.0
41 84 66.0
41 85 67.0
41 2 68.0
41 10 69.0
42 143 21.0
42 90 22.0
42 24 23.0
42 23 24.0
42 100 25.0
42 101 26.0
42 41 27.0
42 39 28.0
42 45 29.0
42 43 30.0
42 48 31.0
42 142 32.0
43 147 30.0
43 46 31.0
43 47 32.0
43 44 33.0
43 42 34.0
43 40 35.0
43 38 36.0
43 98 37.0
43 99 38.0
43 22 39.0
43 25 40.0
43 56 41.0
43 57 42.0
43 58 43.0
43 59 44.0
43 60 45.0
43 61 46.0
43 20 47.0
43 21 48.0
43 89 49.0
43 139 50.0
44 9 28.0
44 5 29.0
44 114 30.0
44 115 31.0
44 116 32.0
44 117 33.0
44 118 34.0
44 119 35.0
44 0 36.0
44 1 37.0
44 68 38.0
44 69 39.0
44 70 40.0
44 71 41.0
44 72 42.0
44 73 43.0
44 14 44.0
44 17 45.0
44 46 46.0
44 47 47.0
44 142 48.0
45 11 24.0
45 3 25.0
45 62 26.0
45 63 27.0
45 64 28.0
45 65 29.0
45 66 30.0
45 67 31.0
45 0 32.0
45 1 33.0
45 120 34.0
45 121 35.0
45 122 36.0
45 123 37.0
45 124 38.0
45 125 39.0
45 4 40.0
45 8 41.0
46 7 31.0
46 126 32.0
46 127 33.0
46 128 34.0
46 129 35.0
46 130 36.0
46 131 37.0
46 14 38.0
46 17 39.0
46 74 40.0
46 75 41.0
46 76 42.0
46 77 43.0
46 78 44.0
46 79 45.0
46 12 46.0
46 13 47.0
46 80 48.0
46 81 49.0
46 82 50.0
46 83 51.0
46 84 52.0
46 85 53.0
46 2 54.0
46 10 55.0
47 9 38.0
47 5 39.0
47 114 40.0
47 115 41.0
47 116 42.0
47 117 43.0
47 118 44.0
47 119 45.0
47 0 46.0
47 1 47.0
47 68 48.0
47 69 49.0
47 70 50.0
47 71 51.0
47 72 52.0
47 73 53.0
47 14 54.0
47 15 55.0
47 132 56.0
47 133 57.0
47 134 58.0
47 135 59.0
47 136 60.0
47 137 61.0
47 6 62.0
48 7 39.0
48 126 40.0
48 127 41.0
48 128 42.0
48 129 43.0
48 130 44.0
48 131 45.0
48 14 46.0
48 17 47.0
48 46 48.0
48 47 49.0
48 142 50.0
49 147 28.0
49 49 29.0
49 16 30.0
49 15 31.0
49 132 32.0
49 133 33.0
49 134 34.0
49 135 35.0
49 136 36.0
49 137 37.0
49 6 38.0
50 147 23.0
50 49 24.0
50 16 25.0
50 17 26.0
50 74 27.0
50 75 28.0
50 76 29.0
50 77 30.0
50 78 31.0
50 79 32.0
50 12 33.0
50 13 34.0
50 80 35.0
50 81 36.0
50 82 37.0
50 83 38.0
50 84 39.0
50 85 40.0
50 2 41.0
50 10 42.0
51 11 30.0
51 3 31.0
51 62 32.0
51 63 33.0
51 64 34.0
51 65 35.0
51 66 36.0
51 67 37.0
51 0 38.0
51 13 39.0
51 34 40.0
51 35 41.0
51 141 42.0
52 7 33.0
52 126 34.0
52 127 35.0
52 128 36.0
52 129 37.0
52 130 38.0
52 131 39.0
52 14 40.0
52 17 41.0
52 74 42.0
52 75 43.0
52 76 44.0
52 77 45.0
52 78 46.0
52 79 47.0
52 12 48.0
52 1 49.0
52 120 50.0
52 121 51.0
52 122 52.0
52 123 53.0
52 124 54.0
52 125 55.0
52 4 56.0
52 8 57.0
53 147 21.0
53 49 22.0
53 16 23.0
53 15 24.0
53 132 25.0
53 133 26.0
53 134 27.0
53 135 28.0
53 136 29.0
53 137 30.0
53 6 31.0
54 145 30.0
54 92 31.0
54 102 32.0
54 103 33.0
54 104 34.0
54 105 35.0
54 106 36.0
54 107 37.0
54 18 38.0
54 19 39.0
54 50 40.0
54 51 41.0
54 52 42.0
54 53 43.0
54 54 44.0
54 55 45.0
54 22 46.0
54 25 47.0
54 91 48.0
54 138 49.0
55 9 34.0
55 5 35.0
55 114 36.0
55 115 37.0
55 116 38.0
55 117 39.0
55 118 40.0
55 119 41.0
55 0 42.0
55 1 43.0
55 68 44.0
55 69 45.0
55 70 46.0
55 71 47.0
55 72 48.0
55 73 49.0
55 14 50.0
55 15 51.0
55 132 52.0
55 133 53.0
55 134 54.0
55 135 55.0
55 136 56.0
55 137 57.0
55 6 58.0
56 7 27.0
56 126 28.0
56 127 29.0
56 128 30.0
56 129 31.0
56 130 32.0
56 131 33.0
56 14 34.0
56 17 35.0
56 74 36.0
56 75 37.0
56 76 38.0
56 77 39.0
56 78 40.0
56 79 41.0
56 12 42.0
56 13 43.0
56 80 44.0
56 81 45.0
56 82 46.0
56 83 47.0
56 84 48.0
56 85 49.0
56 2 50.0
56 10 51.0
57 11 22.0
57 3 23.0
57 62 24.0
57 63 25.0
57 64 26.0
57 65 27.0
57 66 28.0
57 67 29.0
57 0 30.0
57 13 31.0
57 34 32.0
57 35 33.0
57 141 34.0
58 7 23.0
58 126 24.0
58 127 25.0
58 128 26.0
58 129 27.0
58 130 28.0
58 131 29.0
58 14 30.0
58 17 31.0
58 74 32.0
58 75 33.0
58 76 34.0
58 77 35.0
58 78 36.0
58 79 37.0
58 12 38.0
58 1 39.0
58 120 40.0
58 121 41.0
58 122 42.0
58 123 43.0
58 124 44.0
58 125 45.0
58 4 46.0
58 8 47.0
59 145 32.0
59 92 33.0
59 102 34.0
59 103 35.0
59 104 36.0
59 105 37.0
59 106 38.0
59 107 39.0
59 18 40.0
59 21 41.0
59 89 42.0
59 139 43.0
61 11 50.0
61 3 51.0
61 62 52.0
61 63 53.0
61 64 54.0
61 65 55.0
61 66 56.0
61 67 57.0
61 0 58.0
61 1 59.0
61 68 60.0
61 69 61.0
61 70 62.0
61 71 63.0
61 72 64.0
61 73 65.0
61 14 66.0
61 17 67.0
61 46 68.0
61 47 69.0
61 142 70.0
63 147 48.0
63 49 49.0
63 16 50.0
63 17 51.0
63 74 52.0
63 75 53.0
63 76 54.0
63 77 55.0
63 78 56.0
63 79 57.0
63 12 58.0
63 13 59.0
63 80 60.0
63 81 61.0
63 82 62.0
63 83 63.0
63 84 64.0
63 85 65.0
63 2 66.0
63 10 67.0
64 7 45.0
64 126 46.0
64 127 47.0
64 128 48.0
64 129 49.0
64 130 50.0
64 131 51.0
64 14 52.0
64 17 53.0
64 46 54.0
64 47 55.0
64 142 56.0
65 143 40.0
65 90 41.0
65 24 42.0
65 23 43.0
65 100 44.0
65 101 45.0
65 41 46.0
65 39 47.0
65 45 48.0
65 43 49.0
65 48 50.0
65 49 51.0
65 16 52.0
65 15 53.0
65 132 54.0
65 133 55.0
65 134 56.0
65 135 57.0
65 136 58.0
65 137 59.0
65 6 60.0
66 11 32.0
66 3 33.0
66 62 34.0
66 63 35.0
66 64 36.0
66 65 37.0
66 66 38.0
66 67 39.0
66 0 40.0
66 13 41.0
66 34 42.0
66 35 43.0
66 32 44.0
66 30 45.0
66 28 46.0
66 26 47.0
66 94 48.0
66 95 49.0
66 18 50.0
66 21 51.0
66 89 52.0
66 139 53.0
67 9 46.0
67 5 47.0
67 114 48.0
67 115 49.0
67 116 50.0
67 117 51.0
67 118 52.0
67 119 53.0
67 0 54.0
67 1 55.0
67 68 56.0
67 69 57.0
67 70 58.0
67 71 59.0
67 72 60.0
67 73 61.0
67 14 62.0
67 17 63.0
67 46 64.0
67 47 65.0
67 142 66.0
68 7 50.0
68 126 51.0
68 127 52.0
68 128 53.0
68 129 54.0
68 130 55.0
68 131 56.0
68 14 57.0
68 17 58.0
68 46 59.0
68 47 60.0
68 44 61.0
68 42 62.0
68 40 63.0
68 38 64.0
68 98 65.0
68 99 66.0
68 22 67.0
68 25 68.0
68 91 69.0
68 138 70.0
71 146 50.0
71 37 51.0
71 12 52.0
71 1 53.0
71 68 54.0
71 69 55.0
71 70 56.0
71 71 57.0
71 72 58.0
71 73 59.0
71 14 60.0
71 17 61.0
71 46 62.0
71 47 63.0
71 142 64.0
72 9 40.0
72 5 41.0
72 114 42.0
72 115 43.0
72 116 44.0
72 117 45.0
72 118 46.0
72 119 47.0
72 0 48.0
72 13 49.0
72 80 50.0
72 81 51.0
72 82 52.0
72 83 53.0
72 84 54.0
72 85 55.0
72 2 56.0
72 10 57.0
73 145 36.0
73 92 37.0
73 102 38.0
73 103 39.0
73 104 40.0
73 105 41.0
73 106 42.0
73 107 43.0
73 18 44.0
73 19 45.0
73 50 46.0
73 51 47.0
73 52 48.0
73 53 49.0
73 54 50.0
73 55 51.0
73 22 52.0
73 23 53.0
73 100 54.0
73 101 55.0
73 41 56.0
73 39 57.0
73 45 58.0
73 43 59.0
73 48 60.0
73 142 61.0
74 11 36.0
74 3 37.0
74 62 38.0
74 63 39.0
74 64 40.0
74 65 41.0
74 66 42.0
74 67 43.0
74 0 44.0
74 13 45.0
74 34 46.0
74 35 47.0
74 32 48.0
74 30 49.0
74 28 50.0
74 26 51.0
74 94 52.0
74 95 53.0
74 18 54.0
74 21 55.0
74 89 56.0
74 139 57.0
75 147 35.0
75 46 36.0
75 47 37.0
75 44 38.0
75 42 39.0
75 40 40.0
75 38 41.0
75 98 42.0
75 99 43.0
75 22 44.0
75 25 45.0
75 91 46.0
75 138 47.0
76 146 33.0
76 34 34.0
76 35 35.0
76 32 36.0
76 30 37.0
76 28 38.0
76 26 39.0
76 94 40.0
76 95 41.0
76 18 42.0
76 21 43.0
76 108 44.0
76 109 45.0
76 110 46.0
76 111 47.0
76 112 48.0
76 113 49.0
76 93 50.0
76 140 51.0
77 146 38.0
77 37 39.0
77 12 40.0
77 1 41.0
77 68 42.0
77 69 43.0
77 70 44.0
77 71 45.0
77 72 46.0
77 73 47.0
77 14 48.0
77 17 49.0
77 46 50.0
77 47 51.0
77 142 52.0
78 143 35.0
78 90 36.0
78 24 37.0
78 23 38.0
78 100 39.0
78 101 40.0
78 41 41.0
78 39 42.0
78 45 43.0
78 43 44.0
78 48 45.0
78 49 46.0
78 16 47.0
78 15 48.0
78 132 49.0
78 133 50.0
78 134 51.0
78 135 52.0
78 136 53.0
78 137 54.0
78 6 55.0
79 147 40.0
79 49 41.0
79 16 42.0
79 17 43.0
79 74 44.0
79 75 45.0
79 76 46.0
79 77 47.0
79 78 48.0
79 79 49.0
79 12 50.0
79 13 51.0
79 34 52.0
79 35 53.0
79 141 54.0
80 11 48.0
80 3 49.0
80 62 50.0
80 63 51.0
80 64 52.0
80 65 53.0
80 66 54.0
80 67 55.0
80 0 56.0
80 13 57.0
80 34 58.0
80 35 59.0
80 141 60.0
87 11 44.0
87 3 45.0
87 62 46.0
87 63 47.0
87 64 48.0
87 65 49.0
87 66 50.0
87 67 51.0
87 0 52.0
87 13 53.0
87 34 54.0
87 35 55.0
87 32 56.0
87 30 57.0
87 28 58.0
87 26 59.0
87 94 60.0
87 95 61.0
87 18 62.0
87 21 63.0
87 89 64.0
87 139 65.0
89 143 46.0
89 90 47.0
89 24 48.0
89 25 49.0
89 56 50.0
89 57 51.0
89 58 52.0
89 59 53.0
89 60 54.0
89 61 55.0
89 20 56.0
89 21 57.0
89 89 58.0
89 139 59.0
92 143 48.0
92 90 49.0
92 24 50.0
92 25 51.0
92 56 52.0
92 57 53.0
92 58 54.0
92 59 55.0
92 60 56.0
92 61 57.0
92 20 58.0
92 19 59.0
92 96 60.0
92 97 61.0
92 29 62.0
92 27 63.0
92 33 64.0
92 31 65.0
92 36 66.0
92 141 67.0
96 147 42.0
96 49 43.0
96 16 44.0
96 15 45.0
96 132 46.0
96 133 47.0
96 134 48.0
96 135 49.0
96 136 50.0
96 137 51.0
96 6 52.0
97 144 42.0
97 88 43.0
97 20 44.0
97 21 45.0
97 108 46.0
97 109 47.0
97 110 48.0
97 111 49.0
97 112 50.0
97 113 51.0
97 93 52.0
97 140 53.0
98 145 48.0
98 92 49.0
98 102 50.0
98 103 51.0
98 104 52.0
98 105 53.0
98 106 54.0
98 107 55.0
98 18 56.0
98 19 57.0
98 50 58.0
98 51 59.0
98 52 60.0
98 53 61.0
98 54 62.0
98 55 63.0
98 22 64.0
98 23 65.0
98 100 66.0
98 101 67.0
98 41 68.0
98 39 69.0
98 45 70.0
98 43 71.0
98 48 72.0
98 142 73.0
99 147 11
99 46 12.0
99 47 13.0
99 44 14.0
99 42 15.0
99 40 16.0
99 38 17.0
99 98 18.0
99 99 19.0
99 22 20.0
99 25 21.0
99 91 22.0
99 138 23.0
;
set fixedFlights :=
0 22 25
0 46 47
0 47 44
0 44 42
0 42 40
0 40 38
0 38 98
0 98 99
0 99 22
0 25 91
0 91 138
0 147 46
1 24 23
1 41 39
1 39 45
1 45 43
1 43 48
1 23 100
1 100 101
1 101 41
1 90 24
1 143 90
1 48 142
2 9 5
2 0 13
2 18 21
2 13 34
2 34 35
2 35 32
2 32 30
2 30 28
2 28 26
2 26 94
2 94 95
2 95 18
2 21 89
2 5 114
2 114 115
2 115 116
2 116 117
2 117 118
2 118 119
2 119 0
2 89 139
4 4 8
4 12 1
4 14 17
4 17 74
4 74 75
4 75 76
4 76 77
4 77 78
4 78 79
4 79 12
4 1 120
4 120 121
4 121 122
4 122 123
4 123 124
4 124 125
4 125 4
4 7 126
4 126 127
4 127 128
4 128 129
4 129 130
4 130 131
4 131 14
5 0 1
5 11 3
5 14 15
5 3 62
5 62 63
5 63 64
5 64 65
5 65 66
5 66 67
5 67 0
5 1 68
5 68 69
5 69 70
5 70 71
5 71 72
5 72 73
5 73 14
5 15 132
5 132 133
5 133 134
5 134 135
5 135 136
5 136 137
5 137 6
6 4 8
6 12 1
6 20 19
6 29 27
6 27 33
6 33 31
6 31 36
6 36 37
6 37 12
6 19 96
6 96 97
6 97 29
6 88 20
6 1 120
6 120 121
6 121 122
6 122 123
6 123 124
6 124 125
6 125 4
6 144 88
7 20 19
7 24 25
7 29 27
7 27 33
7 33 31
7 31 36
7 25 56
7 56 57
7 57 58
7 58 59
7 59 60
7 60 61
7 61 20
7 19 96
7 96 97
7 97 29
7 90 24
7 143 90
7 36 141
8 11 3
8 0 13
8 13 34
8 34 35
8 3 62
8 62 63
8 63 64
8 64 65
8 65 66
8 66 67
8 67 0
8 35 141
9 20 19
9 22 25
9 19 50
9 50 51
9 51 52
9 52 53
9 53 54
9 54 55
9 55 22
9 88 20
9 25 91
9 144 88
9 91 138
11 2 10
11 12 13
11 20 19
11 29 27
11 27 33
11 33 31
11 31 36
11 36 37
11 37 12
11 13 80
11 80 81
11 81 82
11 82 83
11 83 84
11 84 85
11 85 2
11 19 96
11 96 97
11 97 29
11 88 20
11 144 88
12 20 19
12 29 27
12 27 33
12 33 31
12 31 36
12 19 96
12 96 97
12 97 29
12 88 20
12 144 88
12 36 141
13 24 23
13 41 39
13 39 45
13 45 43
13 43 48
13 23 100
13 100 101
13 101 41
13 90 24
13 143 90
13 48 142
14 20 19
14 24 25
14 29 27
14 27 33
14 33 31
14 31 36
14 25 56
14 56 57
14 57 58
14 58 59
14 59 60
14 60 61
14 61 20
14 19 96
14 96 97
14 97 29
14 90 24
14 143 90
14 36 141
15 9 5
15 0 13
15 18 21
15 13 34
15 34 35
15 35 32
15 32 30
15 30 28
15 28 26
15 26 94
15 94 95
15 95 18
15 21 89
15 5 114
15 114 115
15 115 116
15 116 117
15 117 118
15 118 119
15 119 0
15 89 139
16 22 25
16 46 47
16 47 44
16 44 42
16 42 40
16 40 38
16 38 98
16 98 99
16 99 22
16 25 91
16 91 138
16 147 46
17 0 1
17 9 5
17 14 15
17 1 68
17 68 69
17 69 70
17 70 71
17 71 72
17 72 73
17 73 14
17 5 114
17 114 115
17 115 116
17 116 117
17 117 118
17 118 119
17 119 0
17 15 132
17 132 133
17 133 134
17 134 135
17 135 136
17 136 137
17 137 6
18 18 21
18 34 35
18 35 32
18 32 30
18 30 28
18 28 26
18 26 94
18 94 95
18 95 18
18 21 108
18 108 109
18 109 110
18 110 111
18 111 112
18 112 113
18 113 93
18 93 140
18 146 34
19 18 19
19 22 23
19 41 39
19 39 45
19 45 43
19 43 48
19 19 50
19 50 51
19 51 52
19 52 53
19 53 54
19 54 55
19 55 22
19 23 100
19 100 101
19 101 41
19 92 102
19 102 103
19 103 104
19 104 105
19 105 106
19 106 107
19 107 18
19 145 92
19 48 142
20 4 8
20 12 1
20 37 12
20 1 120
20 120 121
20 121 122
20 122 123
20 123 124
20 124 125
20 125 4
20 146 37
21 2 10
21 12 13
21 20 19
21 29 27
21 27 33
21 33 31
21 31 36
21 36 37
21 37 12
21 13 80
21 80 81
21 81 82
21 82 83
21 83 84
21 84 85
21 85 2
21 19 96
21 96 97
21 97 29
21 88 20
21 144 88
22 0 1
22 9 5
22 14 17
22 17 46
22 46 47
22 1 68
22 68 69
22 69 70
22 70 71
22 71 72
22 72 73
22 73 14
22 5 114
22 114 115
22 115 116
22 116 117
22 117 118
22 118 119
22 119 0
22 47 142
23 16 15
23 49 16
23 15 132
23 132 133
23 133 134
23 134 135
23 135 136
23 136 137
23 137 6
23 147 49
24 20 19
24 22 23
24 41 39
24 39 45
24 45 43
24 43 48
24 19 50
24 50 51
24 51 52
24 52 53
24 53 54
24 54 55
24 55 22
24 23 100
24 100 101
24 101 41
24 88 20
24 144 88
24 48 142
25 20 21
25 22 25
25 46 47
25 47 44
25 44 42
25 42 40
25 40 38
25 25 56
25 56 57
25 57 58
25 58 59
25 59 60
25 60 61
25 61 20
25 38 98
25 98 99
25 99 22
25 21 89
25 89 139
25 147 46
26 18 19
26 22 25
26 19 50
26 50 51
26 51 52
26 52 53
26 53 54
26 54 55
26 55 22
26 92 102
26 102 103
26 103 104
26 104 105
26 105 106
26 106 107
26 107 18
26 25 91
26 145 92
26 91 138
27 20 21
27 24 25
27 25 56
27 56 57
27 57 58
27 58 59
27 59 60
27 60 61
27 61 20
27 21 89
27 90 24
27 143 90
27 89 139
28 2 10
28 12 13
28 37 12
28 13 80
28 80 81
28 81 82
28 82 83
28 83 84
28 84 85
28 85 2
28 146 37
29 18 19
29 22 25
29 34 35
29 35 32
29 32 30
29 30 28
29 28 26
29 19 50
29 50 51
29 51 52
29 52 53
29 53 54
29 54 55
29 55 22
29 26 94
29 94 95
29 95 18
29 25 91
29 91 138
29 146 34
30 0 1
30 9 5
30 14 17
30 17 46
30 46 47
30 1 68
30 68 69
30 69 70
30 70 71
30 71 72
30 72 73
30 73 14
30 5 114
30 114 115
30 115 116
30 116 117
30 117 118
30 118 119
30 119 0
30 47 142
31 12 13
31 16 17
31 13 34
31 34 35
31 49 16
31 17 74
31 74 75
31 75 76
31 76 77
31 77 78
31 78 79
31 79 12
31 35 141
31 147 49
32 20 19
32 29 27
32 27 33
32 33 31
32 31 36
32 19 96
32 96 97
32 97 29
32 88 20
32 144 88
32 36 141
33 18 19
33 22 23
33 41 39
33 39 45
33 45 43
33 43 48
33 19 50
33 50 51
33 51 52
33 52 53
33 53 54
33 54 55
33 55 22
33 23 100
33 100 101
33 101 41
33 92 102
33 102 103
33 103 104
33 104 105
33 105 106
33 106 107
33 107 18
33 145 92
33 48 142
34 12 13
34 16 17
34 18 21
34 13 34
34 34 35
34 35 32
34 32 30
34 30 28
34 28 26
34 49 16
34 17 74
34 74 75
34 75 76
34 76 77
34 77 78
34 78 79
34 79 12
34 26 94
34 94 95
34 95 18
34 21 89
34 89 139
34 147 49
35 18 19
35 22 23
35 41 39
35 39 45
35 45 43
35 43 48
35 19 50
35 50 51
35 51 52
35 52 53
35 53 54
35 54 55
35 55 22
35 23 100
35 100 101
35 101 41
35 92 102
35 102 103
35 103 104
35 104 105
35 105 106
35 106 107
35 107 18
35 145 92
35 48 142
36 12 1
36 14 15
36 37 12
36 1 68
36 68 69
36 69 70
36 70 71
36 71 72
36 72 73
36 73 14
36 15 132
36 132 133
36 133 134
36 134 135
36 135 136
36 136 137
36 137 6
36 146 37
37 20 21
37 24 25
37 25 56
37 56 57
37 57 58
37 58 59
37 59 60
37 60 61
37 61 20
37 21 89
37 90 24
37 143 90
37 89 139
38 20 19
38 22 23
38 41 39
38 39 45
38 45 43
38 43 48
38 19 50
38 50 51
38 51 52
38 52 53
38 53 54
38 54 55
38 55 22
38 23 100
38 100 101
38 101 41
38 88 20
38 144 88
38 48 142
39 2 10
39 12 13
39 14 17
39 17 74
39 74 75
39 75 76
39 76 77
39 77 78
39 78 79
39 79 12
39 13 80
39 80 81
39 81 82
39 82 83
39 83 84
39 84 85
39 85 2
39 7 126
39 126 127
39 127 128
39 128 129
39 129 130
39 130 131
39 131 14
40 0 1
40 9 5
40 14 15
40 1 68
40 68 69
40 69 70
40 70 71
40 71 72
40 72 73
40 73 14
40 5 114
40 114 115
40 115 116
40 116 117
40 117 118
40 118 119
40 119 0
40 15 132
40 132 133
40 133 134
40 134 135
40 135 136
40 136 137
40 137 6
41 2 10
41 12 13
41 20 19
41 29 27
41 27 33
41 33 31
41 31 36
41 36 37
41 37 12
41 13 80
41 80 81
41 81 82
41 82 83
41 83 84
41 84 85
41 85 2
41 19 96
41 96 97
41 97 29
41 88 20
41 144 88
42 24 23
42 41 39
42 39 45
42 45 43
42 43 48
42 23 100
42 100 101
42 101 41
42 90 24
42 143 90
42 48 142
43 20 21
43 22 25
43 46 47
43 47 44
43 44 42
43 42 40
43 40 38
43 25 56
43 56 57
43 57 58
43 58 59
43 59 60
43 60 61
43 61 20
43 38 98
43 98 99
43 99 22
43 21 89
43 89 139
43 147 46
44 0 1
44 9 5
44 14 17
44 17 46
44 46 47
44 1 68
44 68 69
44 69 70
44 70 71
44 71 72
44 72 73
44 73 14
44 5 114
44 114 115
44 115 116
44 116 117
44 117 118
44 118 119
44 119 0
44 47 142
45 0 1
45 11 3
45 4 8
45 3 62
45 62 63
45 63 64
45 64 65
45 65 66
45 66 67
45 67 0
45 1 120
45 120 121
45 121 122
45 122 123
45 123 124
45 124 125
45 125 4
46 2 10
46 12 13
46 14 17
46 17 74
46 74 75
46 75 76
46 76 77
46 77 78
46 78 79
46 79 12
46 13 80
46 80 81
46 81 82
46 82 83
46 83 84
46 84 85
46 85 2
46 7 126
46 126 127
46 127 128
46 128 129
46 129 130
46 130 131
46 131 14
47 0 1
47 9 5
47 14 15
47 1 68
47 68 69
47 69 70
47 70 71
47 71 72
47 72 73
47 73 14
47 5 114
47 114 115
47 115 116
47 116 117
47 117 118
47 118 119
47 119 0
47 15 132
47 132 133
47 133 134
47 134 135
47 135 136
47 136 137
47 137 6
48 14 17
48 17 46
48 46 47
48 7 126
48 126 127
48 127 128
48 128 129
48 129 130
48 130 131
48 131 14
48 47 142
49 16 15
49 49 16
49 15 132
49 132 133
49 133 134
49 134 135
49 135 136
49 136 137
49 137 6
49 147 49
50 2 10
50 12 13
50 16 17
50 49 16
50 17 74
50 74 75
50 75 76
50 76 77
50 77 78
50 78 79
50 79 12
50 13 80
50 80 81
50 81 82
50 82 83
50 83 84
50 84 85
50 85 2
50 147 49
51 11 3
51 0 13
51 13 34
51 34 35
51 3 62
51 62 63
51 63 64
51 64 65
51 65 66
51 66 67
51 67 0
51 35 141
52 4 8
52 12 1
52 14 17
52 17 74
52 74 75
52 75 76
52 76 77
52 77 78
52 78 79
52 79 12
52 1 120
52 120 121
52 121 122
52 122 123
52 123 124
52 124 125
52 125 4
52 7 126
52 126 127
52 127 128
52 128 129
52 129 130
52 130 131
52 131 14
53 16 15
53 49 16
53 15 132
53 132 133
53 133 134
53 134 135
53 135 136
53 136 137
53 137 6
53 147 49
54 12 1
54 14 17
54 18 19
54 22 25
54 29 27
54 27 33
54 33 31
54 31 36
54 36 37
54 37 12
54 17 46
54 46 47
54 47 44
54 44 42
54 42 40
54 40 38
54 1 68
54 68 69
54 69 70
54 70 71
54 71 72
54 72 73
54 73 14
54 19 96
54 96 97
54 97 29
54 38 98
54 98 99
54 99 22
54 92 102
54 102 103
54 103 104
54 104 105
54 105 106
54 106 107
54 107 18
54 25 91
54 145 92
54 91 138
55 0 1
55 9 5
55 14 15
55 1 68
55 68 69
55 69 70
55 70 71
55 71 72
55 72 73
55 73 14
55 5 114
55 114 115
55 115 116
55 116 117
55 117 118
55 118 119
55 119 0
55 15 132
55 132 133
55 133 134
55 134 135
55 135 136
55 136 137
55 137 6
56 2 10
56 12 13
56 14 17
56 17 74
56 74 75
56 75 76
56 76 77
56 77 78
56 78 79
56 79 12
56 13 80
56 80 81
56 81 82
56 82 83
56 83 84
56 84 85
56 85 2
56 7 126
56 126 127
56 127 128
56 128 129
56 129 130
56 130 131
56 131 14
57 11 3
57 0 13
57 13 34
57 34 35
57 3 62
57 62 63
57 63 64
57 64 65
57 65 66
57 66 67
57 67 0
57 35 141
58 4 8
58 12 1
58 14 17
58 17 74
58 74 75
58 75 76
58 76 77
58 77 78
58 78 79
58 79 12
58 1 120
58 120 121
58 121 122
58 122 123
58 123 124
58 124 125
58 125 4
58 7 126
58 126 127
58 127 128
58 128 129
58 129 130
58 130 131
58 131 14
59 18 21
59 92 102
59 102 103
59 103 104
59 104 105
59 105 106
59 106 107
59 107 18
59 21 89
59 145 92
59 89 139
61 0 1
61 11 3
61 14 17
61 17 46
61 46 47
61 3 62
61 62 63
61 63 64
61 64 65
61 65 66
61 66 67
61 67 0
61 1 68
61 68 69
61 69 70
61 70 71
61 71 72
61 72 73
61 73 14
61 47 142
63 2 10
63 12 13
63 16 17
63 49 16
63 17 74
63 74 75
63 75 76
63 76 77
63 77 78
63 78 79
63 79 12
63 13 80
63 80 81
63 81 82
63 82 83
63 83 84
63 84 85
63 85 2
63 147 49
64 14 17
64 17 46
64 46 47
64 7 126
64 126 127
64 127 128
64 128 129
64 129 130
64 130 131
64 131 14
64 47 142
65 16 15
65 24 23
65 41 39
65 39 45
65 45 43
65 43 48
65 48 49
65 49 16
65 23 100
65 100 101
65 101 41
65 90 24
65 15 132
65 132 133
65 133 134
65 134 135
65 135 136
65 136 137
65 137 6
65 143 90
66 11 3
66 0 13
66 18 21
66 13 34
66 34 35
66 35 32
66 32 30
66 30 28
66 28 26
66 3 62
66 62 63
66 63 64
66 64 65
66 65 66
66 66 67
66 67 0
66 26 94
66 94 95
66 95 18
66 21 89
66 89 139
67 0 1
67 9 5
67 14 17
67 17 46
67 46 47
67 1 68
67 68 69
67 69 70
67 70 71
67 71 72
67 72 73
67 73 14
67 5 114
67 114 115
67 115 116
67 116 117
67 117 118
67 118 119
67 119 0
67 47 142
68 14 17
68 22 25
68 17 46
68 46 47
68 47 44
68 44 42
68 42 40
68 40 38
68 38 98
68 98 99
68 99 22
68 25 91
68 7 126
68 126 127
68 127 128
68 128 129
68 129 130
68 130 131
68 131 14
68 91 138
71 12 1
71 14 17
71 37 12
71 17 46
71 46 47
71 1 68
71 68 69
71 69 70
71 70 71
71 71 72
71 72 73
71 73 14
71 47 142
71 146 37
72 2 10
72 9 5
72 0 13
72 13 80
72 80 81
72 81 82
72 82 83
72 83 84
72 84 85
72 85 2
72 5 114
72 114 115
72 115 116
72 116 117
72 117 118
72 118 119
72 119 0
73 18 19
73 22 23
73 41 39
73 39 45
73 45 43
73 43 48
73 19 50
73 50 51
73 51 52
73 52 53
73 53 54
73 54 55
73 55 22
73 23 100
73 100 101
73 101 41
73 92 102
73 102 103
73 103 104
73 104 105
73 105 106
73 106 107
73 107 18
73 145 92
73 48 142
74 11 3
74 0 13
74 18 21
74 13 34
74 34 35
74 35 32
74 32 30
74 30 28
74 28 26
74 3 62
74 62 63
74 63 64
74 64 65
74 65 66
74 66 67
74 67 0
74 26 94
74 94 95
74 95 18
74 21 89
74 89 139
75 22 25
75 46 47
75 47 44
75 44 42
75 42 40
75 40 38
75 38 98
75 98 99
75 99 22
75 25 91
75 91 138
75 147 46
76 18 21
76 34 35
76 35 32
76 32 30
76 30 28
76 28 26
76 26 94
76 94 95
76 95 18
76 21 108
76 108 109
76 109 110
76 110 111
76 111 112
76 112 113
76 113 93
76 93 140
76 146 34
77 12 1
77 14 17
77 37 12
77 17 46
77 46 47
77 1 68
77 68 69
77 69 70
77 70 71
77 71 72
77 72 73
77 73 14
77 47 142
77 146 37
78 16 15
78 24 23
78 41 39
78 39 45
78 45 43
78 43 48
78 48 49
78 49 16
78 23 100
78 100 101
78 101 41
78 90 24
78 15 132
78 132 133
78 133 134
78 134 135
78 135 136
78 136 137
78 137 6
78 143 90
79 12 13
79 16 17
79 13 34
79 34 35
79 49 16
79 17 74
79 74 75
79 75 76
79 76 77
79 77 78
79 78 79
79 79 12
79 35 141
79 147 49
80 11 3
80 0 13
80 13 34
80 34 35
80 3 62
80 62 63
80 63 64
80 64 65
80 65 66
80 66 67
80 67 0
80 35 141
87 11 3
87 0 13
87 18 21
87 13 34
87 34 35
87 35 32
87 32 30
87 30 28
87 28 26
87 3 62
87 62 63
87 63 64
87 64 65
87 65 66
87 66 67
87 67 0
87 26 94
87 94 95
87 95 18
87 21 89
87 89 139
89 20 21
89 24 25
89 25 56
89 56 57
89 57 58
89 58 59
89 59 60
89 60 61
89 61 20
89 21 89
89 90 24
89 143 90
89 89 139
92 20 19
92 24 25
92 29 27
92 27 33
92 33 31
92 31 36
92 25 56
92 56 57
92 57 58
92 58 59
92 59 60
92 60 61
92 61 20
92 19 96
92 96 97
92 97 29
92 90 24
92 143 90
92 36 141
96 16 15
96 49 16
96 15 132
96 132 133
96 133 134
96 134 135
96 135 136
96 136 137
96 137 6
96 147 49
97 20 21
97 21 108
97 108 109
97 109 110
97 110 111
97 111 112
97 112 113
97 113 93
97 88 20
97 144 88
97 93 140
98 18 19
98 22 23
98 41 39
98 39 45
98 45 43
98 43 48
98 19 50
98 50 51
98 51 52
98 52 53
98 53 54
98 54 55
98 55 22
98 23 100
98 100 101
98 101 41
98 92 102
98 102 103
98 103 104
98 104 105
98 105 106
98 106 107
98 107 18
98 145 92
98 48 142
99 22 25
99 46 47
99 47 44
99 44 42
99 42 40
99 40 38
99 38 98
99 98 99
99 99 22
99 25 91
99 91 138
99 147 46
;
;
set inFlight:=
0
1
2
3
4
5
6
7
8
9
10
11
12
13
14
15
16
17
18
19
;
set passedFreeF:=
3 145 92
3 92 102
3 102 103
3 103 104
3 104 105
3 105 106
3 106 107
3 107 18
3 18 19
3 19 50
3 50 51
3 51 52
3 52 53
3 53 54
3 54 55
3 55 22
3 22 25
3 25 91
3 91 138
10 144 88
10 88 20
10 20 19
10 19 50
10 50 51
10 51 52
10 52 53
10 53 54
10 54 55
10 55 22
10 22 25
10 25 91
10 91 138
;
param tini := 9.100849163377307;
