param nn:= 148;
set F:=
0
1
2
3
4
5
6
7
8
9
10
11
12
13
14
15
16
17
18
19
20
21
22
23
24
25
26
27
28
29
30
31
32
33
34
35
36
37
38
39
40
41
42
43
44
45
46
47
48
49
50
52
53
54
56
57
58
59
60
61
62
63
64
66
67
68
69
70
71
72
74
75
77
78
80
81
82
84
85
88
89
92
93
95
96
97
;
set AP:=
97
;
param: E: d:=
0 1 2.500000
2 10 1.500000
11 3 1.500000
4 8 1.500000
9 5 1.500000
12 13 2.500000
0 13 2.500000
12 1 2.500000
14 15 2.500000
16 17 2.500000
14 17 2.500000
16 15 2.500000
18 19 2.500000
20 21 2.500000
18 21 2.500000
20 19 2.500000
22 23 2.500000
24 25 2.500000
22 25 2.500000
24 23 2.500000
13 34 2.500000
34 35 2.500000
35 32 2.500000
32 30 2.500000
30 28 2.500000
28 26 2.500000
29 27 2.500000
27 33 2.500000
33 31 2.500000
31 36 2.500000
36 37 2.500000
37 12 2.500000
17 46 2.500000
46 47 2.500000
47 44 2.500000
44 42 2.500000
42 40 2.500000
40 38 2.500000
41 39 2.500000
39 45 2.500000
45 43 2.500000
43 48 2.500000
48 49 2.500000
49 16 2.500000
19 50 2.500000
50 51 2.500000
51 52 2.500000
52 53 2.500000
53 54 2.500000
54 55 2.500000
55 22 2.500000
25 56 2.500000
56 57 2.500000
57 58 2.500000
58 59 2.500000
59 60 2.500000
60 61 2.500000
61 20 2.500000
3 62 2.500000
62 63 2.500000
63 64 2.500000
64 65 2.500000
65 66 2.500000
66 67 2.500000
67 0 2.500000
1 68 2.500000
68 69 2.500000
69 70 2.500000
70 71 2.500000
71 72 2.500000
72 73 2.500000
73 14 2.500000
17 74 2.500000
74 75 2.500000
75 76 2.500000
76 77 2.500000
77 78 2.500000
78 79 2.500000
79 12 2.500000
13 80 2.500000
80 81 2.500000
81 82 2.500000
82 83 2.500000
83 84 2.500000
84 85 2.500000
85 2 2.500000
26 94 2.500000
94 95 2.500000
95 18 2.500000
19 96 2.500000
96 97 2.500000
97 29 2.500000
38 98 2.500000
98 99 2.500000
99 22 2.500000
23 100 2.500000
100 101 2.500000
101 41 2.500000
92 102 2.500000
102 103 2.500000
103 104 2.500000
104 105 2.500000
105 106 2.500000
106 107 2.500000
107 18 2.500000
21 108 2.500000
108 109 2.500000
109 110 2.500000
110 111 2.500000
111 112 2.500000
112 113 2.500000
113 93 2.500000
21 89 2.500000
88 20 2.500000
25 91 2.500000
90 24 2.500000
5 114 2.500000
114 115 2.500000
115 116 2.500000
116 117 2.500000
117 118 2.500000
118 119 2.500000
119 0 2.500000
1 120 2.500000
120 121 2.500000
121 122 2.500000
122 123 2.500000
123 124 2.500000
124 125 2.500000
125 4 2.500000
7 126 1.500000
126 127 2.500000
127 128 2.500000
128 129 2.500000
129 130 2.500000
130 131 2.500000
131 14 2.500000
15 132 2.500000
132 133 2.500000
133 134 2.500000
134 135 2.500000
135 136 2.500000
136 137 2.500000
137 6 1.500000
87 6 1.500000
7 86 1.500000
144 88 1.500000
143 90 1.500000
145 92 1.500000
93 140 1.500000
89 139 1.500000
91 138 1.500000
48 142 1.500000
47 142 1.500000
36 141 1.500000
35 141 1.500000
146 37 1.500000
146 34 1.500000
147 46 1.500000
147 49 1.500000
;
param s:=
0 146
1 7
2 145
3 146
4 147
5 144
6 144
7 9
8 145
9 146
10 11
11 11
12 146
13 146
14 143
15 147
16 11
17 146
18 144
19 147
20 144
21 145
22 9
23 145
24 143
25 9
26 144
27 145
28 147
29 7
30 9
31 146
32 9
33 145
34 146
35 11
36 11
37 143
38 143
39 147
40 144
41 143
42 144
43 145
44 145
45 147
46 147
47 11
48 147
49 144
50 146
52 7
53 11
54 143
56 147
57 7
58 146
59 7
60 143
61 11
62 147
63 11
64 9
66 7
67 146
68 144
69 146
70 9
71 147
72 147
74 146
75 147
77 11
78 7
80 143
81 145
82 144
84 144
85 11
88 143
89 11
92 7
93 11
95 147
96 11
97 146
;
param e:=
0 6
1 141
2 141
3 142
4 138
5 10
6 8
7 139
8 141
9 10
10 8
11 142
12 6
13 140
14 142
15 8
16 8
17 139
18 8
19 8
20 140
21 142
22 6
23 139
24 141
25 6
26 138
27 138
28 139
29 10
30 10
31 8
32 139
33 138
34 138
35 139
36 139
37 142
38 140
39 8
40 140
41 142
42 10
43 142
44 142
45 6
46 141
47 142
48 139
49 10
50 8
52 10
53 6
54 139
56 10
57 138
58 139
59 142
60 6
61 141
62 10
63 8
64 10
66 10
67 6
68 142
69 8
70 10
71 10
72 139
74 140
75 141
77 8
78 142
80 141
81 139
82 140
84 138
85 141
88 139
89 8
92 142
93 6
95 139
96 142
97 6
;
param v_min:=2.375
;
param v_max:=2.625
;
param :conflictsNodes: angle:=
0 1 13 1.000000
0 13 1 1.000000
0 1 67 1.000000
0 67 1 1.000000
0 1 119 1.000000
0 119 1 1.000000
0 13 67 1.000000
0 67 13 1.000000
0 13 119 1.000000
0 119 13 1.000000
0 67 119 1.000000
0 119 67 1.000000
1 0 68 1.000000
1 68 0 1.000000
1 0 120 1.000000
1 120 0 1.000000
1 0 12 1.000000
1 12 0 1.000000
1 68 120 1.000000
1 120 68 1.000000
1 12 68 1.000000
1 68 12 1.000000
1 12 120 1.000000
1 120 12 1.000000
12 13 37 1.000000
12 37 13 1.000000
12 13 79 1.000000
12 79 13 1.000000
12 1 13 1.000000
12 13 1 1.000000
12 1 37 1.000000
12 37 1 1.000000
12 1 79 1.000000
12 79 1 1.000000
12 37 79 1.000000
12 79 37 1.000000
13 0 12 1.000000
13 12 0 1.000000
13 0 34 1.000000
13 34 0 1.000000
13 0 80 1.000000
13 80 0 1.000000
13 12 34 1.000000
13 34 12 1.000000
13 12 80 1.000000
13 80 12 1.000000
13 34 80 1.000000
13 80 34 1.000000
14 15 17 1.000000
14 17 15 1.000000
14 15 73 1.000000
14 73 15 1.000000
14 15 131 1.000000
14 131 15 1.000000
14 17 73 1.000000
14 73 17 1.000000
14 17 131 1.000000
14 131 17 1.000000
14 73 131 1.000000
14 131 73 1.000000
15 14 132 1.000000
15 132 14 1.000000
15 14 16 1.000000
15 16 14 1.000000
15 16 132 1.000000
15 132 16 1.000000
16 17 49 1.000000
16 49 17 1.000000
16 15 17 1.000000
16 17 15 1.000000
16 15 49 1.000000
16 49 15 1.000000
17 14 16 1.000000
17 16 14 1.000000
17 14 46 1.000000
17 46 14 1.000000
17 14 74 1.000000
17 74 14 1.000000
17 16 46 1.000000
17 46 16 1.000000
17 16 74 1.000000
17 74 16 1.000000
17 46 74 1.000000
17 74 46 1.000000
18 19 21 1.000000
18 21 19 1.000000
18 19 95 1.000000
18 95 19 1.000000
18 19 107 1.000000
18 107 19 1.000000
18 21 95 1.000000
18 95 21 1.000000
18 21 107 1.000000
18 107 21 1.000000
18 95 107 1.000000
18 107 95 1.000000
19 18 50 1.000000
19 50 18 1.000000
19 18 96 1.000000
19 96 18 1.000000
19 18 20 1.000000
19 20 18 1.000000
19 50 96 1.000000
19 96 50 1.000000
19 20 50 1.000000
19 50 20 1.000000
19 20 96 1.000000
19 96 20 1.000000
20 21 61 1.000000
20 61 21 1.000000
20 21 88 1.000000
20 88 21 1.000000
20 19 21 1.000000
20 21 19 1.000000
20 19 61 1.000000
20 61 19 1.000000
20 19 88 1.000000
20 88 19 1.000000
20 61 88 1.000000
20 88 61 1.000000
21 18 20 1.000000
21 20 18 1.000000
21 18 108 1.000000
21 108 18 1.000000
21 18 89 1.000000
21 89 18 1.000000
21 20 108 1.000000
21 108 20 1.000000
21 20 89 1.000000
21 89 20 1.000000
21 89 108 1.000000
21 108 89 1.000000
22 23 25 1.000000
22 25 23 1.000000
22 23 55 1.000000
22 55 23 1.000000
22 23 99 1.000000
22 99 23 1.000000
22 25 55 1.000000
22 55 25 1.000000
22 25 99 1.000000
22 99 25 1.000000
22 55 99 1.000000
22 99 55 1.000000
23 22 100 1.000000
23 100 22 1.000000
23 22 24 1.000000
23 24 22 1.000000
23 24 100 1.000000
23 100 24 1.000000
24 25 90 1.000000
24 90 25 1.000000
24 23 25 1.000000
24 25 23 1.000000
24 23 90 1.000000
24 90 23 1.000000
25 22 24 1.000000
25 24 22 1.000000
25 22 56 1.000000
25 56 22 1.000000
25 22 91 1.000000
25 91 22 1.000000
25 24 56 1.000000
25 56 24 1.000000
25 24 91 1.000000
25 91 24 1.000000
25 56 91 1.000000
25 91 56 1.000000
26 28 94 1.000000
26 94 28 1.000000
27 29 33 1.000000
27 33 29 1.000000
28 26 30 1.000000
28 30 26 1.000000
29 27 97 1.000000
29 97 27 1.000000
30 28 32 1.000000
30 32 28 1.000000
31 33 36 1.000000
31 36 33 1.000000
32 30 35 1.000000
32 35 30 1.000000
33 27 31 1.000000
33 31 27 1.000000
34 13 35 1.000000
34 35 13 1.000000
35 32 34 1.000000
35 34 32 1.000000
36 31 37 1.000000
36 37 31 1.000000
37 12 36 1.000000
37 36 12 1.000000
38 40 98 1.000000
38 98 40 1.000000
39 41 45 1.000000
39 45 41 1.000000
40 38 42 1.000000
40 42 38 1.000000
41 39 101 1.000000
41 101 39 1.000000
42 40 44 1.000000
42 44 40 1.000000
43 45 48 1.000000
43 48 45 1.000000
44 42 47 1.000000
44 47 42 1.000000
45 39 43 1.000000
45 43 39 1.000000
46 17 47 1.000000
46 47 17 1.000000
47 44 46 1.000000
47 46 44 1.000000
48 43 49 1.000000
48 49 43 1.000000
49 16 48 1.000000
49 48 16 1.000000
50 19 51 1.000000
50 51 19 1.000000
51 50 52 1.000000
51 52 50 1.000000
52 51 53 1.000000
52 53 51 1.000000
53 52 54 1.000000
53 54 52 1.000000
54 53 55 1.000000
54 55 53 1.000000
55 22 54 1.000000
55 54 22 1.000000
56 25 57 1.000000
56 57 25 1.000000
57 56 58 1.000000
57 58 56 1.000000
58 57 59 1.000000
58 59 57 1.000000
59 58 60 1.000000
59 60 58 1.000000
60 59 61 1.000000
60 61 59 1.000000
61 20 60 1.000000
61 60 20 1.000000
62 3 63 1.000000
62 63 3 1.000000
63 62 64 1.000000
63 64 62 1.000000
64 63 65 1.000000
64 65 63 1.000000
65 64 66 1.000000
65 66 64 1.000000
66 65 67 1.000000
66 67 65 1.000000
67 0 66 1.000000
67 66 0 1.000000
68 1 69 1.000000
68 69 1 1.000000
69 68 70 1.000000
69 70 68 1.000000
70 69 71 1.000000
70 71 69 1.000000
71 70 72 1.000000
71 72 70 1.000000
72 71 73 1.000000
72 73 71 1.000000
73 14 72 1.000000
73 72 14 1.000000
74 17 75 1.000000
74 75 17 1.000000
75 74 76 1.000000
75 76 74 1.000000
76 75 77 1.000000
76 77 75 1.000000
77 76 78 1.000000
77 78 76 1.000000
78 77 79 1.000000
78 79 77 1.000000
79 12 78 1.000000
79 78 12 1.000000
80 13 81 1.000000
80 81 13 1.000000
81 80 82 1.000000
81 82 80 1.000000
82 81 83 1.000000
82 83 81 1.000000
83 82 84 1.000000
83 84 82 1.000000
84 83 85 1.000000
84 85 83 1.000000
85 2 84 1.000000
85 84 2 1.000000
94 26 95 1.000000
94 95 26 1.000000
95 18 94 1.000000
95 94 18 1.000000
96 19 97 1.000000
96 97 19 1.000000
97 29 96 1.000000
97 96 29 1.000000
98 38 99 1.000000
98 99 38 1.000000
99 22 98 1.000000
99 98 22 1.000000
100 23 101 1.000000
100 101 23 1.000000
101 41 100 1.000000
101 100 41 1.000000
102 92 103 1.000000
102 103 92 1.000000
103 102 104 1.000000
103 104 102 1.000000
104 103 105 1.000000
104 105 103 1.000000
105 104 106 1.000000
105 106 104 1.000000
106 105 107 1.000000
106 107 105 1.000000
107 18 106 1.000000
107 106 18 1.000000
108 21 109 1.000000
108 109 21 1.000000
109 108 110 1.000000
109 110 108 1.000000
110 109 111 1.000000
110 111 109 1.000000
111 110 112 1.000000
111 112 110 1.000000
112 111 113 1.000000
112 113 111 1.000000
113 93 112 1.000000
113 112 93 1.000000
114 5 115 1.000000
114 115 5 1.000000
115 114 116 1.000000
115 116 114 1.000000
116 115 117 1.000000
116 117 115 1.000000
117 116 118 1.000000
117 118 116 1.000000
118 117 119 1.000000
118 119 117 1.000000
119 0 118 1.000000
119 118 0 1.000000
120 1 121 1.000000
120 121 1 1.000000
121 120 122 1.000000
121 122 120 1.000000
122 121 123 1.000000
122 123 121 1.000000
123 122 124 1.000000
123 124 122 1.000000
124 123 125 1.000000
124 125 123 1.000000
125 4 124 1.000000
125 124 4 1.000000
127 126 128 1.000000
127 128 126 1.000000
128 127 129 1.000000
128 129 127 1.000000
129 128 130 1.000000
129 130 128 1.000000
130 129 131 1.000000
130 131 129 1.000000
131 14 130 1.000000
131 130 14 1.000000
132 15 133 1.000000
132 133 15 1.000000
133 132 134 1.000000
133 134 132 1.000000
134 133 135 1.000000
134 135 133 1.000000
135 134 136 1.000000
135 136 134 1.000000
136 135 137 1.000000
136 137 135 1.000000
;
param D:=0.5;
param t_hat_ear:=
0 146 2.0
0 37 3.0
0 12 4.0
0 1 5.0
0 68 6.0
0 69 7.0
0 70 8.0
0 71 9.0
0 72 10.0
0 73 11.0
0 14 12.0
0 15 13.0
0 132 14.0
0 133 15.0
0 134 16.0
0 135 17.0
0 136 18.0
0 137 19.0
0 6 20.0
1 7 1.0
1 126 2.0
1 127 3.0
1 128 4.0
1 129 5.0
1 130 6.0
1 131 7.0
1 14 8.0
1 17 9.0
1 74 10.0
1 75 11.0
1 76 12.0
1 77 13.0
1 78 14.0
1 79 15.0
1 12 16.0
1 13 17.0
1 34 18.0
1 35 19.0
1 141 20.0
2 145 0.0
2 92 1.0
2 102 2.0
2 103 3.0
2 104 4.0
2 105 5.0
2 106 6.0
2 107 7.0
2 18 8.0
2 19 9.0
2 96 10.0
2 97 11.0
2 29 12.0
2 27 13.0
2 33 14.0
2 31 15.0
2 36 16.0
2 141 17.0
3 146 4.0
3 37 5.0
3 12 6.0
3 1 7.0
3 68 8.0
3 69 9.0
3 70 10.0
3 71 11.0
3 72 12.0
3 73 13.0
3 14 14.0
3 17 15.0
3 46 16.0
3 47 17.0
3 142 18.0
4 147 2.0
4 46 3.0
4 47 4.0
4 44 5.0
4 42 6.0
4 40 7.0
4 38 8.0
4 98 9.0
4 99 10.0
4 22 11.0
4 25 12.0
4 91 13.0
4 138 14.0
5 144 0.0
5 88 1.0
5 20 2.0
5 19 3.0
5 96 4.0
5 97 5.0
5 29 6.0
5 27 7.0
5 33 8.0
5 31 9.0
5 36 10.0
5 37 11.0
5 12 12.0
5 13 13.0
5 80 14.0
5 81 15.0
5 82 16.0
5 83 17.0
5 84 18.0
5 85 19.0
5 2 20.0
5 10 21.0
6 144 2.0
6 88 3.0
6 20 4.0
6 19 5.0
6 96 6.0
6 97 7.0
6 29 8.0
6 27 9.0
6 33 10.0
6 31 11.0
6 36 12.0
6 37 13.0
6 12 14.0
6 1 15.0
6 120 16.0
6 121 17.0
6 122 18.0
6 123 19.0
6 124 20.0
6 125 21.0
6 4 22.0
6 8 23.0
7 9 6.0
7 5 7.0
7 114 8.0
7 115 9.0
7 116 10.0
7 117 11.0
7 118 12.0
7 119 13.0
7 0 14.0
7 13 15.0
7 34 16.0
7 35 17.0
7 32 18.0
7 30 19.0
7 28 20.0
7 26 21.0
7 94 22.0
7 95 23.0
7 18 24.0
7 21 25.0
7 89 26.0
7 139 27.0
8 145 5.0
8 92 6.0
8 102 7.0
8 103 8.0
8 104 9.0
8 105 10.0
8 106 11.0
8 107 12.0
8 18 13.0
8 19 14.0
8 96 15.0
8 97 16.0
8 29 17.0
8 27 18.0
8 33 19.0
8 31 20.0
8 36 21.0
8 141 22.0
9 146 0.0
9 37 1.0
9 12 2.0
9 13 3.0
9 80 4.0
9 81 5.0
9 82 6.0
9 83 7.0
9 84 8.0
9 85 9.0
9 2 10.0
9 10 11.0
10 11 8.0
10 3 9.0
10 62 10.0
10 63 11.0
10 64 12.0
10 65 13.0
10 66 14.0
10 67 15.0
10 0 16.0
10 1 17.0
10 120 18.0
10 121 19.0
10 122 20.0
10 123 21.0
10 124 22.0
10 125 23.0
10 4 24.0
10 8 25.0
11 11 4.0
11 3 5.0
11 62 6.0
11 63 7.0
11 64 8.0
11 65 9.0
11 66 10.0
11 67 11.0
11 0 12.0
11 1 13.0
11 68 14.0
11 69 15.0
11 70 16.0
11 71 17.0
11 72 18.0
11 73 19.0
11 14 20.0
11 17 21.0
11 46 22.0
11 47 23.0
11 142 24.0
12 146 29.0
12 37 30.0
12 12 31.0
12 1 32.0
12 68 33.0
12 69 34.0
12 70 35.0
12 71 36.0
12 72 37.0
12 73 38.0
12 14 39.0
12 15 40.0
12 132 41.0
12 133 42.0
12 134 43.0
12 135 44.0
12 136 45.0
12 137 46.0
12 6 47.0
13 146 8.0
13 34 9.0
13 35 10.0
13 32 11.0
13 30 12.0
13 28 13.0
13 26 14.0
13 94 15.0
13 95 16.0
13 18 17.0
13 21 18.0
13 108 19.0
13 109 20.0
13 110 21.0
13 111 22.0
13 112 23.0
13 113 24.0
13 93 25.0
13 140 26.0
14 143 0.0
14 90 1.0
14 24 2.0
14 23 3.0
14 100 4.0
14 101 5.0
14 41 6.0
14 39 7.0
14 45 8.0
14 43 9.0
14 48 10.0
14 142 11.0
15 147 0.0
15 49 1.0
15 16 2.0
15 17 3.0
15 74 4.0
15 75 5.0
15 76 6.0
15 77 7.0
15 78 8.0
15 79 9.0
15 12 10.0
15 1 11.0
15 120 12.0
15 121 13.0
15 122 14.0
15 123 15.0
15 124 16.0
15 125 17.0
15 4 18.0
15 8 19.0
16 11 0.0
16 3 1.0
16 62 2.0
16 63 3.0
16 64 4.0
16 65 5.0
16 66 6.0
16 67 7.0
16 0 8.0
16 1 9.0
16 120 10.0
16 121 11.0
16 122 12.0
16 123 13.0
16 124 14.0
16 125 15.0
16 4 16.0
16 8 17.0
17 146 6.0
17 34 7.0
17 35 8.0
17 32 9.0
17 30 10.0
17 28 11.0
17 26 12.0
17 94 13.0
17 95 14.0
17 18 15.0
17 21 16.0
17 89 17.0
17 139 18.0
18 144 8.0
18 88 9.0
18 20 10.0
18 19 11.0
18 96 12.0
18 97 13.0
18 29 14.0
18 27 15.0
18 33 16.0
18 31 17.0
18 36 18.0
18 37 19.0
18 12 20.0
18 1 21.0
18 120 22.0
18 121 23.0
18 122 24.0
18 123 25.0
18 124 26.0
18 125 27.0
18 4 28.0
18 8 29.0
19 147 8.0
19 49 9.0
19 16 10.0
19 17 11.0
19 74 12.0
19 75 13.0
19 76 14.0
19 77 15.0
19 78 16.0
19 79 17.0
19 12 18.0
19 1 19.0
19 120 20.0
19 121 21.0
19 122 22.0
19 123 23.0
19 124 24.0
19 125 25.0
19 4 26.0
19 8 27.0
20 144 19.0
20 88 20.0
20 20 21.0
20 21 22.0
20 108 23.0
20 109 24.0
20 110 25.0
20 111 26.0
20 112 27.0
20 113 28.0
20 93 29.0
20 140 30.0
21 145 14.0
21 92 15.0
21 102 16.0
21 103 17.0
21 104 18.0
21 105 19.0
21 106 20.0
21 107 21.0
21 18 22.0
21 19 23.0
21 50 24.0
21 51 25.0
21 52 26.0
21 53 27.0
21 54 28.0
21 55 29.0
21 22 30.0
21 23 31.0
21 100 32.0
21 101 33.0
21 41 34.0
21 39 35.0
21 45 36.0
21 43 37.0
21 48 38.0
21 142 39.0
22 9 14.0
22 5 15.0
22 114 16.0
22 115 17.0
22 116 18.0
22 117 19.0
22 118 20.0
22 119 21.0
22 0 22.0
22 1 23.0
22 68 24.0
22 69 25.0
22 70 26.0
22 71 27.0
22 72 28.0
22 73 29.0
22 14 30.0
22 15 31.0
22 132 32.0
22 133 33.0
22 134 34.0
22 135 35.0
22 136 36.0
22 137 37.0
22 6 38.0
23 145 11.0
23 92 12.0
23 102 13.0
23 103 14.0
23 104 15.0
23 105 16.0
23 106 17.0
23 107 18.0
23 18 19.0
23 21 20.0
23 89 21.0
23 139 22.0
24 143 14.0
24 90 15.0
24 24 16.0
24 25 17.0
24 56 18.0
24 57 19.0
24 58 20.0
24 59 21.0
24 60 22.0
24 61 23.0
24 20 24.0
24 19 25.0
24 96 26.0
24 97 27.0
24 29 28.0
24 27 29.0
24 33 30.0
24 31 31.0
24 36 32.0
24 141 33.0
25 9 18.0
25 5 19.0
25 114 20.0
25 115 21.0
25 116 22.0
25 117 23.0
25 118 24.0
25 119 25.0
25 0 26.0
25 1 27.0
25 68 28.0
25 69 29.0
25 70 30.0
25 71 31.0
25 72 32.0
25 73 33.0
25 14 34.0
25 15 35.0
25 132 36.0
25 133 37.0
25 134 38.0
25 135 39.0
25 136 40.0
25 137 41.0
25 6 42.0
26 144 13.0
26 88 14.0
26 20 15.0
26 19 16.0
26 50 17.0
26 51 18.0
26 52 19.0
26 53 20.0
26 54 21.0
26 55 22.0
26 22 23.0
26 25 24.0
26 91 25.0
26 138 26.0
27 145 28.0
27 92 29.0
27 102 30.0
27 103 31.0
27 104 32.0
27 105 33.0
27 106 34.0
27 107 35.0
27 18 36.0
27 19 37.0
27 50 38.0
27 51 39.0
27 52 40.0
27 53 41.0
27 54 42.0
27 55 43.0
27 22 44.0
27 25 45.0
27 91 46.0
27 138 47.0
28 147 19.0
28 46 20.0
28 47 21.0
28 44 22.0
28 42 23.0
28 40 24.0
28 38 25.0
28 98 26.0
28 99 27.0
28 22 28.0
28 25 29.0
28 56 30.0
28 57 31.0
28 58 32.0
28 59 33.0
28 60 34.0
28 61 35.0
28 20 36.0
28 21 37.0
28 89 38.0
28 139 39.0
29 7 11.0
29 126 12.0
29 127 13.0
29 128 14.0
29 129 15.0
29 130 16.0
29 131 17.0
29 14 18.0
29 17 19.0
29 74 20.0
29 75 21.0
29 76 22.0
29 77 23.0
29 78 24.0
29 79 25.0
29 12 26.0
29 13 27.0
29 80 28.0
29 81 29.0
29 82 30.0
29 83 31.0
29 84 32.0
29 85 33.0
29 2 34.0
29 10 35.0
30 9 10.0
30 5 11.0
30 114 12.0
30 115 13.0
30 116 14.0
30 117 15.0
30 118 16.0
30 119 17.0
30 0 18.0
30 13 19.0
30 80 20.0
30 81 21.0
30 82 22.0
30 83 23.0
30 84 24.0
30 85 25.0
30 2 26.0
30 10 27.0
31 146 26.0
31 37 27.0
31 12 28.0
31 1 29.0
31 120 30.0
31 121 31.0
31 122 32.0
31 123 33.0
31 124 34.0
31 125 35.0
31 4 36.0
31 8 37.0
32 9 16.0
32 5 17.0
32 114 18.0
32 115 19.0
32 116 20.0
32 117 21.0
32 118 22.0
32 119 23.0
32 0 24.0
32 13 25.0
32 34 26.0
32 35 27.0
32 32 28.0
32 30 29.0
32 28 30.0
32 26 31.0
32 94 32.0
32 95 33.0
32 18 34.0
32 21 35.0
32 89 36.0
32 139 37.0
33 145 18.0
33 92 19.0
33 102 20.0
33 103 21.0
33 104 22.0
33 105 23.0
33 106 24.0
33 107 25.0
33 18 26.0
33 19 27.0
33 50 28.0
33 51 29.0
33 52 30.0
33 53 31.0
33 54 32.0
33 55 33.0
33 22 34.0
33 25 35.0
33 91 36.0
33 138 37.0
34 146 19.0
34 34 20.0
34 35 21.0
34 32 22.0
34 30 23.0
34 28 24.0
34 26 25.0
34 94 26.0
34 95 27.0
34 18 28.0
34 19 29.0
34 50 30.0
34 51 31.0
34 52 32.0
34 53 33.0
34 54 34.0
34 55 35.0
34 22 36.0
34 25 37.0
34 91 38.0
34 138 39.0
35 11 22.0
35 3 23.0
35 62 24.0
35 63 25.0
35 64 26.0
35 65 27.0
35 66 28.0
35 67 29.0
35 0 30.0
35 13 31.0
35 34 32.0
35 35 33.0
35 32 34.0
35 30 35.0
35 28 36.0
35 26 37.0
35 94 38.0
35 95 39.0
35 18 40.0
35 21 41.0
35 89 42.0
35 139 43.0
36 11 12.0
36 3 13.0
36 62 14.0
36 63 15.0
36 64 16.0
36 65 17.0
36 66 18.0
36 67 19.0
36 0 20.0
36 13 21.0
36 34 22.0
36 35 23.0
36 32 24.0
36 30 25.0
36 28 26.0
36 26 27.0
36 94 28.0
36 95 29.0
36 18 30.0
36 21 31.0
36 89 32.0
36 139 33.0
37 143 18.0
37 90 19.0
37 24 20.0
37 23 21.0
37 100 22.0
37 101 23.0
37 41 24.0
37 39 25.0
37 45 26.0
37 43 27.0
37 48 28.0
37 142 29.0
38 143 16.0
38 90 17.0
38 24 18.0
38 25 19.0
38 56 20.0
38 57 21.0
38 58 22.0
38 59 23.0
38 60 24.0
38 61 25.0
38 20 26.0
38 21 27.0
38 108 28.0
38 109 29.0
38 110 30.0
38 111 31.0
38 112 32.0
38 113 33.0
38 93 34.0
38 140 35.0
39 147 14.0
39 49 15.0
39 16 16.0
39 17 17.0
39 74 18.0
39 75 19.0
39 76 20.0
39 77 21.0
39 78 22.0
39 79 23.0
39 12 24.0
39 1 25.0
39 120 26.0
39 121 27.0
39 122 28.0
39 123 29.0
39 124 30.0
39 125 31.0
39 4 32.0
39 8 33.0
40 144 26.0
40 88 27.0
40 20 28.0
40 21 29.0
40 108 30.0
40 109 31.0
40 110 32.0
40 111 33.0
40 112 34.0
40 113 35.0
40 93 36.0
40 140 37.0
41 143 20.0
41 90 21.0
41 24 22.0
41 23 23.0
41 100 24.0
41 101 25.0
41 41 26.0
41 39 27.0
41 45 28.0
41 43 29.0
41 48 30.0
41 142 31.0
42 144 28.0
42 88 29.0
42 20 30.0
42 19 31.0
42 96 32.0
42 97 33.0
42 29 34.0
42 27 35.0
42 33 36.0
42 31 37.0
42 36 38.0
42 37 39.0
42 12 40.0
42 13 41.0
42 80 42.0
42 81 43.0
42 82 44.0
42 83 45.0
42 84 46.0
42 85 47.0
42 2 48.0
42 10 49.0
43 145 35.0
43 92 36.0
43 102 37.0
43 103 38.0
43 104 39.0
43 105 40.0
43 106 41.0
43 107 42.0
43 18 43.0
43 19 44.0
43 50 45.0
43 51 46.0
43 52 47.0
43 53 48.0
43 54 49.0
43 55 50.0
43 22 51.0
43 23 52.0
43 100 53.0
43 101 54.0
43 41 55.0
43 39 56.0
43 45 57.0
43 43 58.0
43 48 59.0
43 142 60.0
44 145 24.0
44 92 25.0
44 102 26.0
44 103 27.0
44 104 28.0
44 105 29.0
44 106 30.0
44 107 31.0
44 18 32.0
44 19 33.0
44 50 34.0
44 51 35.0
44 52 36.0
44 53 37.0
44 54 38.0
44 55 39.0
44 22 40.0
44 23 41.0
44 100 42.0
44 101 43.0
44 41 44.0
44 39 45.0
44 45 46.0
44 43 47.0
44 48 48.0
44 142 49.0
45 147 21.0
45 49 22.0
45 16 23.0
45 15 24.0
45 132 25.0
45 133 26.0
45 134 27.0
45 135 28.0
45 136 29.0
45 137 30.0
45 6 31.0
46 147 23.0
46 49 24.0
46 16 25.0
46 17 26.0
46 74 27.0
46 75 28.0
46 76 29.0
46 77 30.0
46 78 31.0
46 79 32.0
46 12 33.0
46 13 34.0
46 34 35.0
46 35 36.0
46 141 37.0
47 11 25.0
47 3 26.0
47 62 27.0
47 63 28.0
47 64 29.0
47 65 30.0
47 66 31.0
47 67 32.0
47 0 33.0
47 1 34.0
47 68 35.0
47 69 36.0
47 70 37.0
47 71 38.0
47 72 39.0
47 73 40.0
47 14 41.0
47 17 42.0
47 46 43.0
47 47 44.0
47 142 45.0
48 147 29.0
48 46 30.0
48 47 31.0
48 44 32.0
48 42 33.0
48 40 34.0
48 38 35.0
48 98 36.0
48 99 37.0
48 22 38.0
48 25 39.0
48 56 40.0
48 57 41.0
48 58 42.0
48 59 43.0
48 60 44.0
48 61 45.0
48 20 46.0
48 21 47.0
48 89 48.0
48 139 49.0
49 144 38.0
49 88 39.0
49 20 40.0
49 19 41.0
49 96 42.0
49 97 43.0
49 29 44.0
49 27 45.0
49 33 46.0
49 31 47.0
49 36 48.0
49 37 49.0
49 12 50.0
49 13 51.0
49 80 52.0
49 81 53.0
49 82 54.0
49 83 55.0
49 84 56.0
49 85 57.0
49 2 58.0
49 10 59.0
50 146 42.0
50 37 43.0
50 12 44.0
50 1 45.0
50 120 46.0
50 121 47.0
50 122 48.0
50 123 49.0
50 124 50.0
50 125 51.0
50 4 52.0
50 8 53.0
52 7 20.0
52 126 21.0
52 127 22.0
52 128 23.0
52 129 24.0
52 130 25.0
52 131 26.0
52 14 27.0
52 17 28.0
52 74 29.0
52 75 30.0
52 76 31.0
52 77 32.0
52 78 33.0
52 79 34.0
52 12 35.0
52 13 36.0
52 80 37.0
52 81 38.0
52 82 39.0
52 83 40.0
52 84 41.0
52 85 42.0
52 2 43.0
52 10 44.0
53 11 27.0
53 3 28.0
53 62 29.0
53 63 30.0
53 64 31.0
53 65 32.0
53 66 33.0
53 67 34.0
53 0 35.0
53 1 36.0
53 68 37.0
53 69 38.0
53 70 39.0
53 71 40.0
53 72 41.0
53 73 42.0
53 14 43.0
53 15 44.0
53 132 45.0
53 133 46.0
53 134 47.0
53 135 48.0
53 136 49.0
53 137 50.0
53 6 51.0
54 143 28.0
54 90 29.0
54 24 30.0
54 25 31.0
54 56 32.0
54 57 33.0
54 58 34.0
54 59 35.0
54 60 36.0
54 61 37.0
54 20 38.0
54 21 39.0
54 89 40.0
54 139 41.0
56 147 27.0
56 49 28.0
56 16 29.0
56 17 30.0
56 74 31.0
56 75 32.0
56 76 33.0
56 77 34.0
56 78 35.0
56 79 36.0
56 12 37.0
56 13 38.0
56 80 39.0
56 81 40.0
56 82 41.0
56 83 42.0
56 84 43.0
56 85 44.0
56 2 45.0
56 10 46.0
57 7 29.0
57 126 30.0
57 127 31.0
57 128 32.0
57 129 33.0
57 130 34.0
57 131 35.0
57 14 36.0
57 17 37.0
57 46 38.0
57 47 39.0
57 44 40.0
57 42 41.0
57 40 42.0
57 38 43.0
57 98 44.0
57 99 45.0
57 22 46.0
57 25 47.0
57 91 48.0
57 138 49.0
58 146 39.0
58 34 40.0
58 35 41.0
58 32 42.0
58 30 43.0
58 28 44.0
58 26 45.0
58 94 46.0
58 95 47.0
58 18 48.0
58 21 49.0
58 89 50.0
58 139 51.0
59 7 25.0
59 126 26.0
59 127 27.0
59 128 28.0
59 129 29.0
59 130 30.0
59 131 31.0
59 14 32.0
59 17 33.0
59 46 34.0
59 47 35.0
59 142 36.0
60 143 33.0
60 90 34.0
60 24 35.0
60 23 36.0
60 100 37.0
60 101 38.0
60 41 39.0
60 39 40.0
60 45 41.0
60 43 42.0
60 48 43.0
60 49 44.0
60 16 45.0
60 15 46.0
60 132 47.0
60 133 48.0
60 134 49.0
60 135 50.0
60 136 51.0
60 137 52.0
60 6 53.0
61 11 36.0
61 3 37.0
61 62 38.0
61 63 39.0
61 64 40.0
61 65 41.0
61 66 42.0
61 67 43.0
61 0 44.0
61 13 45.0
61 34 46.0
61 35 47.0
61 141 48.0
62 147 46.0
62 49 47.0
62 16 48.0
62 17 49.0
62 74 50.0
62 75 51.0
62 76 52.0
62 77 53.0
62 78 54.0
62 79 55.0
62 12 56.0
62 13 57.0
62 80 58.0
62 81 59.0
62 82 60.0
62 83 61.0
62 84 62.0
62 85 63.0
62 2 64.0
62 10 65.0
63 11 30.0
63 3 31.0
63 62 32.0
63 63 33.0
63 64 34.0
63 65 35.0
63 66 36.0
63 67 37.0
63 0 38.0
63 1 39.0
63 120 40.0
63 121 41.0
63 122 42.0
63 123 43.0
63 124 44.0
63 125 45.0
63 4 46.0
63 8 47.0
64 9 40.0
64 5 41.0
64 114 42.0
64 115 43.0
64 116 44.0
64 117 45.0
64 118 46.0
64 119 47.0
64 0 48.0
64 13 49.0
64 80 50.0
64 81 51.0
64 82 52.0
64 83 53.0
64 84 54.0
64 85 55.0
64 2 56.0
64 10 57.0
66 7 39.0
66 126 40.0
66 127 41.0
66 128 42.0
66 129 43.0
66 130 44.0
66 131 45.0
66 14 46.0
66 17 47.0
66 74 48.0
66 75 49.0
66 76 50.0
66 77 51.0
66 78 52.0
66 79 53.0
66 12 54.0
66 13 55.0
66 80 56.0
66 81 57.0
66 82 58.0
66 83 59.0
66 84 60.0
66 85 61.0
66 2 62.0
66 10 63.0
67 146 46.0
67 37 47.0
67 12 48.0
67 1 49.0
67 68 50.0
67 69 51.0
67 70 52.0
67 71 53.0
67 72 54.0
67 73 55.0
67 14 56.0
67 15 57.0
67 132 58.0
67 133 59.0
67 134 60.0
67 135 61.0
67 136 62.0
67 137 63.0
67 6 64.0
68 144 32.0
68 88 33.0
68 20 34.0
68 19 35.0
68 50 36.0
68 51 37.0
68 52 38.0
68 53 39.0
68 54 40.0
68 55 41.0
68 22 42.0
68 23 43.0
68 100 44.0
68 101 45.0
68 41 46.0
68 39 47.0
68 45 48.0
68 43 49.0
68 48 50.0
68 142 51.0
69 146 44.0
69 37 45.0
69 12 46.0
69 1 47.0
69 120 48.0
69 121 49.0
69 122 50.0
69 123 51.0
69 124 52.0
69 125 53.0
69 4 54.0
69 8 55.0
70 9 38.0
70 5 39.0
70 114 40.0
70 115 41.0
70 116 42.0
70 117 43.0
70 118 44.0
70 119 45.0
70 0 46.0
70 13 47.0
70 80 48.0
70 81 49.0
70 82 50.0
70 83 51.0
70 84 52.0
70 85 53.0
70 2 54.0
70 10 55.0
71 147 32.0
71 49 33.0
71 16 34.0
71 17 35.0
71 74 36.0
71 75 37.0
71 76 38.0
71 77 39.0
71 78 40.0
71 79 41.0
71 12 42.0
71 13 43.0
71 80 44.0
71 81 45.0
71 82 46.0
71 83 47.0
71 84 48.0
71 85 49.0
71 2 50.0
71 10 51.0
72 147 39.0
72 46 40.0
72 47 41.0
72 44 42.0
72 42 43.0
72 40 44.0
72 38 45.0
72 98 46.0
72 99 47.0
72 22 48.0
72 25 49.0
72 56 50.0
72 57 51.0
72 58 52.0
72 59 53.0
72 60 54.0
72 61 55.0
72 20 56.0
72 21 57.0
72 89 58.0
72 139 59.0
74 146 49.0
74 34 50.0
74 35 51.0
74 32 52.0
74 30 53.0
74 28 54.0
74 26 55.0
74 94 56.0
74 95 57.0
74 18 58.0
74 21 59.0
74 108 60.0
74 109 61.0
74 110 62.0
74 111 63.0
74 112 64.0
74 113 65.0
74 93 66.0
74 140 67.0
75 147 48.0
75 49 49.0
75 16 50.0
75 17 51.0
75 74 52.0
75 75 53.0
75 76 54.0
75 77 55.0
75 78 56.0
75 79 57.0
75 12 58.0
75 13 59.0
75 34 60.0
75 35 61.0
75 141 62.0
77 11 34.0
77 3 35.0
77 62 36.0
77 63 37.0
77 64 38.0
77 65 39.0
77 66 40.0
77 67 41.0
77 0 42.0
77 1 43.0
77 120 44.0
77 121 45.0
77 122 46.0
77 123 47.0
77 124 48.0
77 125 49.0
77 4 50.0
77 8 51.0
78 7 47.0
78 126 48.0
78 127 49.0
78 128 50.0
78 129 51.0
78 130 52.0
78 131 53.0
78 14 54.0
78 17 55.0
78 46 56.0
78 47 57.0
78 142 58.0
80 143 48.0
80 90 49.0
80 24 50.0
80 25 51.0
80 56 52.0
80 57 53.0
80 58 54.0
80 59 55.0
80 60 56.0
80 61 57.0
80 20 58.0
80 19 59.0
80 96 60.0
80 97 61.0
80 29 62.0
80 27 63.0
80 33 64.0
80 31 65.0
80 36 66.0
80 141 67.0
81 145 44.0
81 92 45.0
81 102 46.0
81 103 47.0
81 104 48.0
81 105 49.0
81 106 50.0
81 107 51.0
81 18 52.0
81 21 53.0
81 89 54.0
81 139 55.0
82 144 40.0
82 88 41.0
82 20 42.0
82 21 43.0
82 108 44.0
82 109 45.0
82 110 46.0
82 111 47.0
82 112 48.0
82 113 49.0
82 93 50.0
82 140 51.0
84 144 46.0
84 88 47.0
84 20 48.0
84 19 49.0
84 50 50.0
84 51 51.0
84 52 52.0
84 53 53.0
84 54 54.0
84 55 55.0
84 22 56.0
84 25 57.0
84 91 58.0
84 138 59.0
85 11 44.0
85 3 45.0
85 62 46.0
85 63 47.0
85 64 48.0
85 65 49.0
85 66 50.0
85 67 51.0
85 0 52.0
85 13 53.0
85 34 54.0
85 35 55.0
85 141 56.0
88 143 40.0
88 90 41.0
88 24 42.0
88 25 43.0
88 56 44.0
88 57 45.0
88 58 46.0
88 59 47.0
88 60 48.0
88 61 49.0
88 20 50.0
88 21 51.0
88 89 52.0
88 139 53.0
89 11 49.0
89 3 50.0
89 62 51.0
89 63 52.0
89 64 53.0
89 65 54.0
89 66 55.0
89 67 56.0
89 0 57.0
89 1 58.0
89 120 59.0
89 121 60.0
89 122 61.0
89 123 62.0
89 124 63.0
89 125 64.0
89 4 65.0
89 8 66.0
92 7 45.0
92 126 46.0
92 127 47.0
92 128 48.0
92 129 49.0
92 130 50.0
92 131 51.0
92 14 52.0
92 17 53.0
92 46 54.0
92 47 55.0
92 142 56.0
93 11 46.0
93 3 47.0
93 62 48.0
93 63 49.0
93 64 50.0
93 65 51.0
93 66 52.0
93 67 53.0
93 0 54.0
93 1 55.0
93 68 56.0
93 69 57.0
93 70 58.0
93 71 59.0
93 72 60.0
93 73 61.0
93 14 62.0
93 15 63.0
93 132 64.0
93 133 65.0
93 134 66.0
93 135 67.0
93 136 68.0
93 137 69.0
93 6 70.0
95 147 44.0
95 46 45.0
95 47 46.0
95 44 47.0
95 42 48.0
95 40 49.0
95 38 50.0
95 98 51.0
95 99 52.0
95 22 53.0
95 25 54.0
95 56 55.0
95 57 56.0
95 58 57.0
95 59 58.0
95 60 59.0
95 61 60.0
95 20 61.0
95 21 62.0
95 89 63.0
95 139 64.0
96 11 42.0
96 3 43.0
96 62 44.0
96 63 45.0
96 64 46.0
96 65 47.0
96 66 48.0
96 67 49.0
96 0 50.0
96 1 51.0
96 68 52.0
96 69 53.0
96 70 54.0
96 71 55.0
96 72 56.0
96 73 57.0
96 14 58.0
96 17 59.0
96 46 60.0
96 47 61.0
96 142 62.0
97 146 6
97 37 7.0
97 12 8.0
97 1 9.0
97 68 10.0
97 69 11.0
97 70 12.0
97 71 13.0
97 72 14.0
97 73 15.0
97 14 16.0
97 15 17.0
97 132 18.0
97 133 19.0
97 134 20.0
97 135 21.0
97 136 22.0
97 137 23.0
97 6 24.0
;
param t_hat_lat:=
0 146 3.0
0 37 4.0
0 12 5.0
0 1 6.0
0 68 7.0
0 69 8.0
0 70 9.0
0 71 10.0
0 72 11.0
0 73 12.0
0 14 13.0
0 15 14.0
0 132 15.0
0 133 16.0
0 134 17.0
0 135 18.0
0 136 19.0
0 137 20.0
0 6 21.0
1 7 2.0
1 126 3.0
1 127 4.0
1 128 5.0
1 129 6.0
1 130 7.0
1 131 8.0
1 14 9.0
1 17 10.0
1 74 11.0
1 75 12.0
1 76 13.0
1 77 14.0
1 78 15.0
1 79 16.0
1 12 17.0
1 13 18.0
1 34 19.0
1 35 20.0
1 141 21.0
2 145 1.0
2 92 2.0
2 102 3.0
2 103 4.0
2 104 5.0
2 105 6.0
2 106 7.0
2 107 8.0
2 18 9.0
2 19 10.0
2 96 11.0
2 97 12.0
2 29 13.0
2 27 14.0
2 33 15.0
2 31 16.0
2 36 17.0
2 141 18.0
3 146 5.0
3 37 6.0
3 12 7.0
3 1 8.0
3 68 9.0
3 69 10.0
3 70 11.0
3 71 12.0
3 72 13.0
3 73 14.0
3 14 15.0
3 17 16.0
3 46 17.0
3 47 18.0
3 142 19.0
4 147 3.0
4 46 4.0
4 47 5.0
4 44 6.0
4 42 7.0
4 40 8.0
4 38 9.0
4 98 10.0
4 99 11.0
4 22 12.0
4 25 13.0
4 91 14.0
4 138 15.0
5 144 1.0
5 88 2.0
5 20 3.0
5 19 4.0
5 96 5.0
5 97 6.0
5 29 7.0
5 27 8.0
5 33 9.0
5 31 10.0
5 36 11.0
5 37 12.0
5 12 13.0
5 13 14.0
5 80 15.0
5 81 16.0
5 82 17.0
5 83 18.0
5 84 19.0
5 85 20.0
5 2 21.0
5 10 22.0
6 144 3.0
6 88 4.0
6 20 5.0
6 19 6.0
6 96 7.0
6 97 8.0
6 29 9.0
6 27 10.0
6 33 11.0
6 31 12.0
6 36 13.0
6 37 14.0
6 12 15.0
6 1 16.0
6 120 17.0
6 121 18.0
6 122 19.0
6 123 20.0
6 124 21.0
6 125 22.0
6 4 23.0
6 8 24.0
7 9 7.0
7 5 8.0
7 114 9.0
7 115 10.0
7 116 11.0
7 117 12.0
7 118 13.0
7 119 14.0
7 0 15.0
7 13 16.0
7 34 17.0
7 35 18.0
7 32 19.0
7 30 20.0
7 28 21.0
7 26 22.0
7 94 23.0
7 95 24.0
7 18 25.0
7 21 26.0
7 89 27.0
7 139 28.0
8 145 6.0
8 92 7.0
8 102 8.0
8 103 9.0
8 104 10.0
8 105 11.0
8 106 12.0
8 107 13.0
8 18 14.0
8 19 15.0
8 96 16.0
8 97 17.0
8 29 18.0
8 27 19.0
8 33 20.0
8 31 21.0
8 36 22.0
8 141 23.0
9 146 1.0
9 37 2.0
9 12 3.0
9 13 4.0
9 80 5.0
9 81 6.0
9 82 7.0
9 83 8.0
9 84 9.0
9 85 10.0
9 2 11.0
9 10 12.0
10 11 9.0
10 3 10.0
10 62 11.0
10 63 12.0
10 64 13.0
10 65 14.0
10 66 15.0
10 67 16.0
10 0 17.0
10 1 18.0
10 120 19.0
10 121 20.0
10 122 21.0
10 123 22.0
10 124 23.0
10 125 24.0
10 4 25.0
10 8 26.0
11 11 5.0
11 3 6.0
11 62 7.0
11 63 8.0
11 64 9.0
11 65 10.0
11 66 11.0
11 67 12.0
11 0 13.0
11 1 14.0
11 68 15.0
11 69 16.0
11 70 17.0
11 71 18.0
11 72 19.0
11 73 20.0
11 14 21.0
11 17 22.0
11 46 23.0
11 47 24.0
11 142 25.0
12 146 30.0
12 37 31.0
12 12 32.0
12 1 33.0
12 68 34.0
12 69 35.0
12 70 36.0
12 71 37.0
12 72 38.0
12 73 39.0
12 14 40.0
12 15 41.0
12 132 42.0
12 133 43.0
12 134 44.0
12 135 45.0
12 136 46.0
12 137 47.0
12 6 48.0
13 146 9.0
13 34 10.0
13 35 11.0
13 32 12.0
13 30 13.0
13 28 14.0
13 26 15.0
13 94 16.0
13 95 17.0
13 18 18.0
13 21 19.0
13 108 20.0
13 109 21.0
13 110 22.0
13 111 23.0
13 112 24.0
13 113 25.0
13 93 26.0
13 140 27.0
14 143 1.0
14 90 2.0
14 24 3.0
14 23 4.0
14 100 5.0
14 101 6.0
14 41 7.0
14 39 8.0
14 45 9.0
14 43 10.0
14 48 11.0
14 142 12.0
15 147 1.0
15 49 2.0
15 16 3.0
15 17 4.0
15 74 5.0
15 75 6.0
15 76 7.0
15 77 8.0
15 78 9.0
15 79 10.0
15 12 11.0
15 1 12.0
15 120 13.0
15 121 14.0
15 122 15.0
15 123 16.0
15 124 17.0
15 125 18.0
15 4 19.0
15 8 20.0
16 11 1.0
16 3 2.0
16 62 3.0
16 63 4.0
16 64 5.0
16 65 6.0
16 66 7.0
16 67 8.0
16 0 9.0
16 1 10.0
16 120 11.0
16 121 12.0
16 122 13.0
16 123 14.0
16 124 15.0
16 125 16.0
16 4 17.0
16 8 18.0
17 146 7.0
17 34 8.0
17 35 9.0
17 32 10.0
17 30 11.0
17 28 12.0
17 26 13.0
17 94 14.0
17 95 15.0
17 18 16.0
17 21 17.0
17 89 18.0
17 139 19.0
18 144 9.0
18 88 10.0
18 20 11.0
18 19 12.0
18 96 13.0
18 97 14.0
18 29 15.0
18 27 16.0
18 33 17.0
18 31 18.0
18 36 19.0
18 37 20.0
18 12 21.0
18 1 22.0
18 120 23.0
18 121 24.0
18 122 25.0
18 123 26.0
18 124 27.0
18 125 28.0
18 4 29.0
18 8 30.0
19 147 9.0
19 49 10.0
19 16 11.0
19 17 12.0
19 74 13.0
19 75 14.0
19 76 15.0
19 77 16.0
19 78 17.0
19 79 18.0
19 12 19.0
19 1 20.0
19 120 21.0
19 121 22.0
19 122 23.0
19 123 24.0
19 124 25.0
19 125 26.0
19 4 27.0
19 8 28.0
20 144 20.0
20 88 21.0
20 20 22.0
20 21 23.0
20 108 24.0
20 109 25.0
20 110 26.0
20 111 27.0
20 112 28.0
20 113 29.0
20 93 30.0
20 140 31.0
21 145 15.0
21 92 16.0
21 102 17.0
21 103 18.0
21 104 19.0
21 105 20.0
21 106 21.0
21 107 22.0
21 18 23.0
21 19 24.0
21 50 25.0
21 51 26.0
21 52 27.0
21 53 28.0
21 54 29.0
21 55 30.0
21 22 31.0
21 23 32.0
21 100 33.0
21 101 34.0
21 41 35.0
21 39 36.0
21 45 37.0
21 43 38.0
21 48 39.0
21 142 40.0
22 9 15.0
22 5 16.0
22 114 17.0
22 115 18.0
22 116 19.0
22 117 20.0
22 118 21.0
22 119 22.0
22 0 23.0
22 1 24.0
22 68 25.0
22 69 26.0
22 70 27.0
22 71 28.0
22 72 29.0
22 73 30.0
22 14 31.0
22 15 32.0
22 132 33.0
22 133 34.0
22 134 35.0
22 135 36.0
22 136 37.0
22 137 38.0
22 6 39.0
23 145 12.0
23 92 13.0
23 102 14.0
23 103 15.0
23 104 16.0
23 105 17.0
23 106 18.0
23 107 19.0
23 18 20.0
23 21 21.0
23 89 22.0
23 139 23.0
24 143 15.0
24 90 16.0
24 24 17.0
24 25 18.0
24 56 19.0
24 57 20.0
24 58 21.0
24 59 22.0
24 60 23.0
24 61 24.0
24 20 25.0
24 19 26.0
24 96 27.0
24 97 28.0
24 29 29.0
24 27 30.0
24 33 31.0
24 31 32.0
24 36 33.0
24 141 34.0
25 9 19.0
25 5 20.0
25 114 21.0
25 115 22.0
25 116 23.0
25 117 24.0
25 118 25.0
25 119 26.0
25 0 27.0
25 1 28.0
25 68 29.0
25 69 30.0
25 70 31.0
25 71 32.0
25 72 33.0
25 73 34.0
25 14 35.0
25 15 36.0
25 132 37.0
25 133 38.0
25 134 39.0
25 135 40.0
25 136 41.0
25 137 42.0
25 6 43.0
26 144 14.0
26 88 15.0
26 20 16.0
26 19 17.0
26 50 18.0
26 51 19.0
26 52 20.0
26 53 21.0
26 54 22.0
26 55 23.0
26 22 24.0
26 25 25.0
26 91 26.0
26 138 27.0
27 145 29.0
27 92 30.0
27 102 31.0
27 103 32.0
27 104 33.0
27 105 34.0
27 106 35.0
27 107 36.0
27 18 37.0
27 19 38.0
27 50 39.0
27 51 40.0
27 52 41.0
27 53 42.0
27 54 43.0
27 55 44.0
27 22 45.0
27 25 46.0
27 91 47.0
27 138 48.0
28 147 20.0
28 46 21.0
28 47 22.0
28 44 23.0
28 42 24.0
28 40 25.0
28 38 26.0
28 98 27.0
28 99 28.0
28 22 29.0
28 25 30.0
28 56 31.0
28 57 32.0
28 58 33.0
28 59 34.0
28 60 35.0
28 61 36.0
28 20 37.0
28 21 38.0
28 89 39.0
28 139 40.0
29 7 12.0
29 126 13.0
29 127 14.0
29 128 15.0
29 129 16.0
29 130 17.0
29 131 18.0
29 14 19.0
29 17 20.0
29 74 21.0
29 75 22.0
29 76 23.0
29 77 24.0
29 78 25.0
29 79 26.0
29 12 27.0
29 13 28.0
29 80 29.0
29 81 30.0
29 82 31.0
29 83 32.0
29 84 33.0
29 85 34.0
29 2 35.0
29 10 36.0
30 9 11.0
30 5 12.0
30 114 13.0
30 115 14.0
30 116 15.0
30 117 16.0
30 118 17.0
30 119 18.0
30 0 19.0
30 13 20.0
30 80 21.0
30 81 22.0
30 82 23.0
30 83 24.0
30 84 25.0
30 85 26.0
30 2 27.0
30 10 28.0
31 146 27.0
31 37 28.0
31 12 29.0
31 1 30.0
31 120 31.0
31 121 32.0
31 122 33.0
31 123 34.0
31 124 35.0
31 125 36.0
31 4 37.0
31 8 38.0
32 9 17.0
32 5 18.0
32 114 19.0
32 115 20.0
32 116 21.0
32 117 22.0
32 118 23.0
32 119 24.0
32 0 25.0
32 13 26.0
32 34 27.0
32 35 28.0
32 32 29.0
32 30 30.0
32 28 31.0
32 26 32.0
32 94 33.0
32 95 34.0
32 18 35.0
32 21 36.0
32 89 37.0
32 139 38.0
33 145 19.0
33 92 20.0
33 102 21.0
33 103 22.0
33 104 23.0
33 105 24.0
33 106 25.0
33 107 26.0
33 18 27.0
33 19 28.0
33 50 29.0
33 51 30.0
33 52 31.0
33 53 32.0
33 54 33.0
33 55 34.0
33 22 35.0
33 25 36.0
33 91 37.0
33 138 38.0
34 146 20.0
34 34 21.0
34 35 22.0
34 32 23.0
34 30 24.0
34 28 25.0
34 26 26.0
34 94 27.0
34 95 28.0
34 18 29.0
34 19 30.0
34 50 31.0
34 51 32.0
34 52 33.0
34 53 34.0
34 54 35.0
34 55 36.0
34 22 37.0
34 25 38.0
34 91 39.0
34 138 40.0
35 11 23.0
35 3 24.0
35 62 25.0
35 63 26.0
35 64 27.0
35 65 28.0
35 66 29.0
35 67 30.0
35 0 31.0
35 13 32.0
35 34 33.0
35 35 34.0
35 32 35.0
35 30 36.0
35 28 37.0
35 26 38.0
35 94 39.0
35 95 40.0
35 18 41.0
35 21 42.0
35 89 43.0
35 139 44.0
36 11 13.0
36 3 14.0
36 62 15.0
36 63 16.0
36 64 17.0
36 65 18.0
36 66 19.0
36 67 20.0
36 0 21.0
36 13 22.0
36 34 23.0
36 35 24.0
36 32 25.0
36 30 26.0
36 28 27.0
36 26 28.0
36 94 29.0
36 95 30.0
36 18 31.0
36 21 32.0
36 89 33.0
36 139 34.0
37 143 19.0
37 90 20.0
37 24 21.0
37 23 22.0
37 100 23.0
37 101 24.0
37 41 25.0
37 39 26.0
37 45 27.0
37 43 28.0
37 48 29.0
37 142 30.0
38 143 17.0
38 90 18.0
38 24 19.0
38 25 20.0
38 56 21.0
38 57 22.0
38 58 23.0
38 59 24.0
38 60 25.0
38 61 26.0
38 20 27.0
38 21 28.0
38 108 29.0
38 109 30.0
38 110 31.0
38 111 32.0
38 112 33.0
38 113 34.0
38 93 35.0
38 140 36.0
39 147 15.0
39 49 16.0
39 16 17.0
39 17 18.0
39 74 19.0
39 75 20.0
39 76 21.0
39 77 22.0
39 78 23.0
39 79 24.0
39 12 25.0
39 1 26.0
39 120 27.0
39 121 28.0
39 122 29.0
39 123 30.0
39 124 31.0
39 125 32.0
39 4 33.0
39 8 34.0
40 144 27.0
40 88 28.0
40 20 29.0
40 21 30.0
40 108 31.0
40 109 32.0
40 110 33.0
40 111 34.0
40 112 35.0
40 113 36.0
40 93 37.0
40 140 38.0
41 143 21.0
41 90 22.0
41 24 23.0
41 23 24.0
41 100 25.0
41 101 26.0
41 41 27.0
41 39 28.0
41 45 29.0
41 43 30.0
41 48 31.0
41 142 32.0
42 144 29.0
42 88 30.0
42 20 31.0
42 19 32.0
42 96 33.0
42 97 34.0
42 29 35.0
42 27 36.0
42 33 37.0
42 31 38.0
42 36 39.0
42 37 40.0
42 12 41.0
42 13 42.0
42 80 43.0
42 81 44.0
42 82 45.0
42 83 46.0
42 84 47.0
42 85 48.0
42 2 49.0
42 10 50.0
43 145 36.0
43 92 37.0
43 102 38.0
43 103 39.0
43 104 40.0
43 105 41.0
43 106 42.0
43 107 43.0
43 18 44.0
43 19 45.0
43 50 46.0
43 51 47.0
43 52 48.0
43 53 49.0
43 54 50.0
43 55 51.0
43 22 52.0
43 23 53.0
43 100 54.0
43 101 55.0
43 41 56.0
43 39 57.0
43 45 58.0
43 43 59.0
43 48 60.0
43 142 61.0
44 145 25.0
44 92 26.0
44 102 27.0
44 103 28.0
44 104 29.0
44 105 30.0
44 106 31.0
44 107 32.0
44 18 33.0
44 19 34.0
44 50 35.0
44 51 36.0
44 52 37.0
44 53 38.0
44 54 39.0
44 55 40.0
44 22 41.0
44 23 42.0
44 100 43.0
44 101 44.0
44 41 45.0
44 39 46.0
44 45 47.0
44 43 48.0
44 48 49.0
44 142 50.0
45 147 22.0
45 49 23.0
45 16 24.0
45 15 25.0
45 132 26.0
45 133 27.0
45 134 28.0
45 135 29.0
45 136 30.0
45 137 31.0
45 6 32.0
46 147 24.0
46 49 25.0
46 16 26.0
46 17 27.0
46 74 28.0
46 75 29.0
46 76 30.0
46 77 31.0
46 78 32.0
46 79 33.0
46 12 34.0
46 13 35.0
46 34 36.0
46 35 37.0
46 141 38.0
47 11 26.0
47 3 27.0
47 62 28.0
47 63 29.0
47 64 30.0
47 65 31.0
47 66 32.0
47 67 33.0
47 0 34.0
47 1 35.0
47 68 36.0
47 69 37.0
47 70 38.0
47 71 39.0
47 72 40.0
47 73 41.0
47 14 42.0
47 17 43.0
47 46 44.0
47 47 45.0
47 142 46.0
48 147 30.0
48 46 31.0
48 47 32.0
48 44 33.0
48 42 34.0
48 40 35.0
48 38 36.0
48 98 37.0
48 99 38.0
48 22 39.0
48 25 40.0
48 56 41.0
48 57 42.0
48 58 43.0
48 59 44.0
48 60 45.0
48 61 46.0
48 20 47.0
48 21 48.0
48 89 49.0
48 139 50.0
49 144 39.0
49 88 40.0
49 20 41.0
49 19 42.0
49 96 43.0
49 97 44.0
49 29 45.0
49 27 46.0
49 33 47.0
49 31 48.0
49 36 49.0
49 37 50.0
49 12 51.0
49 13 52.0
49 80 53.0
49 81 54.0
49 82 55.0
49 83 56.0
49 84 57.0
49 85 58.0
49 2 59.0
49 10 60.0
50 146 43.0
50 37 44.0
50 12 45.0
50 1 46.0
50 120 47.0
50 121 48.0
50 122 49.0
50 123 50.0
50 124 51.0
50 125 52.0
50 4 53.0
50 8 54.0
52 7 21.0
52 126 22.0
52 127 23.0
52 128 24.0
52 129 25.0
52 130 26.0
52 131 27.0
52 14 28.0
52 17 29.0
52 74 30.0
52 75 31.0
52 76 32.0
52 77 33.0
52 78 34.0
52 79 35.0
52 12 36.0
52 13 37.0
52 80 38.0
52 81 39.0
52 82 40.0
52 83 41.0
52 84 42.0
52 85 43.0
52 2 44.0
52 10 45.0
53 11 28.0
53 3 29.0
53 62 30.0
53 63 31.0
53 64 32.0
53 65 33.0
53 66 34.0
53 67 35.0
53 0 36.0
53 1 37.0
53 68 38.0
53 69 39.0
53 70 40.0
53 71 41.0
53 72 42.0
53 73 43.0
53 14 44.0
53 15 45.0
53 132 46.0
53 133 47.0
53 134 48.0
53 135 49.0
53 136 50.0
53 137 51.0
53 6 52.0
54 143 29.0
54 90 30.0
54 24 31.0
54 25 32.0
54 56 33.0
54 57 34.0
54 58 35.0
54 59 36.0
54 60 37.0
54 61 38.0
54 20 39.0
54 21 40.0
54 89 41.0
54 139 42.0
56 147 28.0
56 49 29.0
56 16 30.0
56 17 31.0
56 74 32.0
56 75 33.0
56 76 34.0
56 77 35.0
56 78 36.0
56 79 37.0
56 12 38.0
56 13 39.0
56 80 40.0
56 81 41.0
56 82 42.0
56 83 43.0
56 84 44.0
56 85 45.0
56 2 46.0
56 10 47.0
57 7 30.0
57 126 31.0
57 127 32.0
57 128 33.0
57 129 34.0
57 130 35.0
57 131 36.0
57 14 37.0
57 17 38.0
57 46 39.0
57 47 40.0
57 44 41.0
57 42 42.0
57 40 43.0
57 38 44.0
57 98 45.0
57 99 46.0
57 22 47.0
57 25 48.0
57 91 49.0
57 138 50.0
58 146 40.0
58 34 41.0
58 35 42.0
58 32 43.0
58 30 44.0
58 28 45.0
58 26 46.0
58 94 47.0
58 95 48.0
58 18 49.0
58 21 50.0
58 89 51.0
58 139 52.0
59 7 26.0
59 126 27.0
59 127 28.0
59 128 29.0
59 129 30.0
59 130 31.0
59 131 32.0
59 14 33.0
59 17 34.0
59 46 35.0
59 47 36.0
59 142 37.0
60 143 34.0
60 90 35.0
60 24 36.0
60 23 37.0
60 100 38.0
60 101 39.0
60 41 40.0
60 39 41.0
60 45 42.0
60 43 43.0
60 48 44.0
60 49 45.0
60 16 46.0
60 15 47.0
60 132 48.0
60 133 49.0
60 134 50.0
60 135 51.0
60 136 52.0
60 137 53.0
60 6 54.0
61 11 37.0
61 3 38.0
61 62 39.0
61 63 40.0
61 64 41.0
61 65 42.0
61 66 43.0
61 67 44.0
61 0 45.0
61 13 46.0
61 34 47.0
61 35 48.0
61 141 49.0
62 147 47.0
62 49 48.0
62 16 49.0
62 17 50.0
62 74 51.0
62 75 52.0
62 76 53.0
62 77 54.0
62 78 55.0
62 79 56.0
62 12 57.0
62 13 58.0
62 80 59.0
62 81 60.0
62 82 61.0
62 83 62.0
62 84 63.0
62 85 64.0
62 2 65.0
62 10 66.0
63 11 31.0
63 3 32.0
63 62 33.0
63 63 34.0
63 64 35.0
63 65 36.0
63 66 37.0
63 67 38.0
63 0 39.0
63 1 40.0
63 120 41.0
63 121 42.0
63 122 43.0
63 123 44.0
63 124 45.0
63 125 46.0
63 4 47.0
63 8 48.0
64 9 41.0
64 5 42.0
64 114 43.0
64 115 44.0
64 116 45.0
64 117 46.0
64 118 47.0
64 119 48.0
64 0 49.0
64 13 50.0
64 80 51.0
64 81 52.0
64 82 53.0
64 83 54.0
64 84 55.0
64 85 56.0
64 2 57.0
64 10 58.0
66 7 40.0
66 126 41.0
66 127 42.0
66 128 43.0
66 129 44.0
66 130 45.0
66 131 46.0
66 14 47.0
66 17 48.0
66 74 49.0
66 75 50.0
66 76 51.0
66 77 52.0
66 78 53.0
66 79 54.0
66 12 55.0
66 13 56.0
66 80 57.0
66 81 58.0
66 82 59.0
66 83 60.0
66 84 61.0
66 85 62.0
66 2 63.0
66 10 64.0
67 146 47.0
67 37 48.0
67 12 49.0
67 1 50.0
67 68 51.0
67 69 52.0
67 70 53.0
67 71 54.0
67 72 55.0
67 73 56.0
67 14 57.0
67 15 58.0
67 132 59.0
67 133 60.0
67 134 61.0
67 135 62.0
67 136 63.0
67 137 64.0
67 6 65.0
68 144 33.0
68 88 34.0
68 20 35.0
68 19 36.0
68 50 37.0
68 51 38.0
68 52 39.0
68 53 40.0
68 54 41.0
68 55 42.0
68 22 43.0
68 23 44.0
68 100 45.0
68 101 46.0
68 41 47.0
68 39 48.0
68 45 49.0
68 43 50.0
68 48 51.0
68 142 52.0
69 146 45.0
69 37 46.0
69 12 47.0
69 1 48.0
69 120 49.0
69 121 50.0
69 122 51.0
69 123 52.0
69 124 53.0
69 125 54.0
69 4 55.0
69 8 56.0
70 9 39.0
70 5 40.0
70 114 41.0
70 115 42.0
70 116 43.0
70 117 44.0
70 118 45.0
70 119 46.0
70 0 47.0
70 13 48.0
70 80 49.0
70 81 50.0
70 82 51.0
70 83 52.0
70 84 53.0
70 85 54.0
70 2 55.0
70 10 56.0
71 147 33.0
71 49 34.0
71 16 35.0
71 17 36.0
71 74 37.0
71 75 38.0
71 76 39.0
71 77 40.0
71 78 41.0
71 79 42.0
71 12 43.0
71 13 44.0
71 80 45.0
71 81 46.0
71 82 47.0
71 83 48.0
71 84 49.0
71 85 50.0
71 2 51.0
71 10 52.0
72 147 40.0
72 46 41.0
72 47 42.0
72 44 43.0
72 42 44.0
72 40 45.0
72 38 46.0
72 98 47.0
72 99 48.0
72 22 49.0
72 25 50.0
72 56 51.0
72 57 52.0
72 58 53.0
72 59 54.0
72 60 55.0
72 61 56.0
72 20 57.0
72 21 58.0
72 89 59.0
72 139 60.0
74 146 50.0
74 34 51.0
74 35 52.0
74 32 53.0
74 30 54.0
74 28 55.0
74 26 56.0
74 94 57.0
74 95 58.0
74 18 59.0
74 21 60.0
74 108 61.0
74 109 62.0
74 110 63.0
74 111 64.0
74 112 65.0
74 113 66.0
74 93 67.0
74 140 68.0
75 147 49.0
75 49 50.0
75 16 51.0
75 17 52.0
75 74 53.0
75 75 54.0
75 76 55.0
75 77 56.0
75 78 57.0
75 79 58.0
75 12 59.0
75 13 60.0
75 34 61.0
75 35 62.0
75 141 63.0
77 11 35.0
77 3 36.0
77 62 37.0
77 63 38.0
77 64 39.0
77 65 40.0
77 66 41.0
77 67 42.0
77 0 43.0
77 1 44.0
77 120 45.0
77 121 46.0
77 122 47.0
77 123 48.0
77 124 49.0
77 125 50.0
77 4 51.0
77 8 52.0
78 7 48.0
78 126 49.0
78 127 50.0
78 128 51.0
78 129 52.0
78 130 53.0
78 131 54.0
78 14 55.0
78 17 56.0
78 46 57.0
78 47 58.0
78 142 59.0
80 143 49.0
80 90 50.0
80 24 51.0
80 25 52.0
80 56 53.0
80 57 54.0
80 58 55.0
80 59 56.0
80 60 57.0
80 61 58.0
80 20 59.0
80 19 60.0
80 96 61.0
80 97 62.0
80 29 63.0
80 27 64.0
80 33 65.0
80 31 66.0
80 36 67.0
80 141 68.0
81 145 45.0
81 92 46.0
81 102 47.0
81 103 48.0
81 104 49.0
81 105 50.0
81 106 51.0
81 107 52.0
81 18 53.0
81 21 54.0
81 89 55.0
81 139 56.0
82 144 41.0
82 88 42.0
82 20 43.0
82 21 44.0
82 108 45.0
82 109 46.0
82 110 47.0
82 111 48.0
82 112 49.0
82 113 50.0
82 93 51.0
82 140 52.0
84 144 47.0
84 88 48.0
84 20 49.0
84 19 50.0
84 50 51.0
84 51 52.0
84 52 53.0
84 53 54.0
84 54 55.0
84 55 56.0
84 22 57.0
84 25 58.0
84 91 59.0
84 138 60.0
85 11 45.0
85 3 46.0
85 62 47.0
85 63 48.0
85 64 49.0
85 65 50.0
85 66 51.0
85 67 52.0
85 0 53.0
85 13 54.0
85 34 55.0
85 35 56.0
85 141 57.0
88 143 41.0
88 90 42.0
88 24 43.0
88 25 44.0
88 56 45.0
88 57 46.0
88 58 47.0
88 59 48.0
88 60 49.0
88 61 50.0
88 20 51.0
88 21 52.0
88 89 53.0
88 139 54.0
89 11 50.0
89 3 51.0
89 62 52.0
89 63 53.0
89 64 54.0
89 65 55.0
89 66 56.0
89 67 57.0
89 0 58.0
89 1 59.0
89 120 60.0
89 121 61.0
89 122 62.0
89 123 63.0
89 124 64.0
89 125 65.0
89 4 66.0
89 8 67.0
92 7 46.0
92 126 47.0
92 127 48.0
92 128 49.0
92 129 50.0
92 130 51.0
92 131 52.0
92 14 53.0
92 17 54.0
92 46 55.0
92 47 56.0
92 142 57.0
93 11 47.0
93 3 48.0
93 62 49.0
93 63 50.0
93 64 51.0
93 65 52.0
93 66 53.0
93 67 54.0
93 0 55.0
93 1 56.0
93 68 57.0
93 69 58.0
93 70 59.0
93 71 60.0
93 72 61.0
93 73 62.0
93 14 63.0
93 15 64.0
93 132 65.0
93 133 66.0
93 134 67.0
93 135 68.0
93 136 69.0
93 137 70.0
93 6 71.0
95 147 45.0
95 46 46.0
95 47 47.0
95 44 48.0
95 42 49.0
95 40 50.0
95 38 51.0
95 98 52.0
95 99 53.0
95 22 54.0
95 25 55.0
95 56 56.0
95 57 57.0
95 58 58.0
95 59 59.0
95 60 60.0
95 61 61.0
95 20 62.0
95 21 63.0
95 89 64.0
95 139 65.0
96 11 43.0
96 3 44.0
96 62 45.0
96 63 46.0
96 64 47.0
96 65 48.0
96 66 49.0
96 67 50.0
96 0 51.0
96 1 52.0
96 68 53.0
96 69 54.0
96 70 55.0
96 71 56.0
96 72 57.0
96 73 58.0
96 14 59.0
96 17 60.0
96 46 61.0
96 47 62.0
96 142 63.0
97 146 7
97 37 8.0
97 12 9.0
97 1 10.0
97 68 11.0
97 69 12.0
97 70 13.0
97 71 14.0
97 72 15.0
97 73 16.0
97 14 17.0
97 15 18.0
97 132 19.0
97 133 20.0
97 134 21.0
97 135 22.0
97 136 23.0
97 137 24.0
97 6 25.0
;
set fixedFlights :=
0 12 1
0 14 15
0 37 12
0 1 68
0 68 69
0 69 70
0 70 71
0 71 72
0 72 73
0 73 14
0 15 132
0 132 133
0 133 134
0 134 135
0 135 136
0 136 137
0 137 6
0 146 37
1 12 13
1 14 17
1 13 34
1 34 35
1 17 74
1 74 75
1 75 76
1 76 77
1 77 78
1 78 79
1 79 12
1 7 126
1 126 127
1 127 128
1 128 129
1 129 130
1 130 131
1 131 14
1 35 141
2 18 19
2 29 27
2 27 33
2 33 31
2 31 36
2 19 96
2 96 97
2 97 29
2 92 102
2 102 103
2 103 104
2 104 105
2 105 106
2 106 107
2 107 18
2 145 92
2 36 141
3 12 1
3 14 17
3 37 12
3 17 46
3 46 47
3 1 68
3 68 69
3 69 70
3 70 71
3 71 72
3 72 73
3 73 14
3 47 142
3 146 37
4 22 25
4 46 47
4 47 44
4 44 42
4 42 40
4 40 38
4 38 98
4 98 99
4 99 22
4 25 91
4 91 138
4 147 46
5 2 10
5 12 13
5 20 19
5 29 27
5 27 33
5 33 31
5 31 36
5 36 37
5 37 12
5 13 80
5 80 81
5 81 82
5 82 83
5 83 84
5 84 85
5 85 2
5 19 96
5 96 97
5 97 29
5 88 20
5 144 88
6 4 8
6 12 1
6 20 19
6 29 27
6 27 33
6 33 31
6 31 36
6 36 37
6 37 12
6 19 96
6 96 97
6 97 29
6 88 20
6 1 120
6 120 121
6 121 122
6 122 123
6 123 124
6 124 125
6 125 4
6 144 88
7 9 5
7 0 13
7 18 21
7 13 34
7 34 35
7 35 32
7 32 30
7 30 28
7 28 26
7 26 94
7 94 95
7 95 18
7 21 89
7 5 114
7 114 115
7 115 116
7 116 117
7 117 118
7 118 119
7 119 0
7 89 139
8 18 19
8 29 27
8 27 33
8 33 31
8 31 36
8 19 96
8 96 97
8 97 29
8 92 102
8 102 103
8 103 104
8 104 105
8 105 106
8 106 107
8 107 18
8 145 92
8 36 141
9 2 10
9 12 13
9 37 12
9 13 80
9 80 81
9 81 82
9 82 83
9 83 84
9 84 85
9 85 2
9 146 37
10 0 1
10 11 3
10 4 8
10 3 62
10 62 63
10 63 64
10 64 65
10 65 66
10 66 67
10 67 0
10 1 120
10 120 121
10 121 122
10 122 123
10 123 124
10 124 125
10 125 4
11 0 1
11 11 3
11 14 17
11 17 46
11 46 47
11 3 62
11 62 63
11 63 64
11 64 65
11 65 66
11 66 67
11 67 0
11 1 68
11 68 69
11 69 70
11 70 71
11 71 72
11 72 73
11 73 14
11 47 142
12 12 1
12 14 15
12 37 12
12 1 68
12 68 69
12 69 70
12 70 71
12 71 72
12 72 73
12 73 14
12 15 132
12 132 133
12 133 134
12 134 135
12 135 136
12 136 137
12 137 6
12 146 37
13 18 21
13 34 35
13 35 32
13 32 30
13 30 28
13 28 26
13 26 94
13 94 95
13 95 18
13 21 108
13 108 109
13 109 110
13 110 111
13 111 112
13 112 113
13 113 93
13 93 140
13 146 34
14 24 23
14 41 39
14 39 45
14 45 43
14 43 48
14 23 100
14 100 101
14 101 41
14 90 24
14 143 90
14 48 142
15 4 8
15 12 1
15 16 17
15 49 16
15 17 74
15 74 75
15 75 76
15 76 77
15 77 78
15 78 79
15 79 12
15 1 120
15 120 121
15 121 122
15 122 123
15 123 124
15 124 125
15 125 4
15 147 49
16 0 1
16 11 3
16 4 8
16 3 62
16 62 63
16 63 64
16 64 65
16 65 66
16 66 67
16 67 0
16 1 120
16 120 121
16 121 122
16 122 123
16 123 124
16 124 125
16 125 4
17 18 21
17 34 35
17 35 32
17 32 30
17 30 28
17 28 26
17 26 94
17 94 95
17 95 18
17 21 89
17 89 139
17 146 34
18 4 8
18 12 1
18 20 19
18 29 27
18 27 33
18 33 31
18 31 36
18 36 37
18 37 12
18 19 96
18 96 97
18 97 29
18 88 20
18 1 120
18 120 121
18 121 122
18 122 123
18 123 124
18 124 125
18 125 4
18 144 88
19 4 8
19 12 1
19 16 17
19 49 16
19 17 74
19 74 75
19 75 76
19 76 77
19 77 78
19 78 79
19 79 12
19 1 120
19 120 121
19 121 122
19 122 123
19 123 124
19 124 125
19 125 4
19 147 49
20 20 21
20 21 108
20 108 109
20 109 110
20 110 111
20 111 112
20 112 113
20 113 93
20 88 20
20 144 88
20 93 140
21 18 19
21 22 23
21 41 39
21 39 45
21 45 43
21 43 48
21 19 50
21 50 51
21 51 52
21 52 53
21 53 54
21 54 55
21 55 22
21 23 100
21 100 101
21 101 41
21 92 102
21 102 103
21 103 104
21 104 105
21 105 106
21 106 107
21 107 18
21 145 92
21 48 142
22 0 1
22 9 5
22 14 15
22 1 68
22 68 69
22 69 70
22 70 71
22 71 72
22 72 73
22 73 14
22 5 114
22 114 115
22 115 116
22 116 117
22 117 118
22 118 119
22 119 0
22 15 132
22 132 133
22 133 134
22 134 135
22 135 136
22 136 137
22 137 6
23 18 21
23 92 102
23 102 103
23 103 104
23 104 105
23 105 106
23 106 107
23 107 18
23 21 89
23 145 92
23 89 139
24 20 19
24 24 25
24 29 27
24 27 33
24 33 31
24 31 36
24 25 56
24 56 57
24 57 58
24 58 59
24 59 60
24 60 61
24 61 20
24 19 96
24 96 97
24 97 29
24 90 24
24 143 90
24 36 141
25 0 1
25 9 5
25 14 15
25 1 68
25 68 69
25 69 70
25 70 71
25 71 72
25 72 73
25 73 14
25 5 114
25 114 115
25 115 116
25 116 117
25 117 118
25 118 119
25 119 0
25 15 132
25 132 133
25 133 134
25 134 135
25 135 136
25 136 137
25 137 6
26 20 19
26 22 25
26 19 50
26 50 51
26 51 52
26 52 53
26 53 54
26 54 55
26 55 22
26 88 20
26 25 91
26 144 88
26 91 138
27 18 19
27 22 25
27 19 50
27 50 51
27 51 52
27 52 53
27 53 54
27 54 55
27 55 22
27 92 102
27 102 103
27 103 104
27 104 105
27 105 106
27 106 107
27 107 18
27 25 91
27 145 92
27 91 138
28 20 21
28 22 25
28 46 47
28 47 44
28 44 42
28 42 40
28 40 38
28 25 56
28 56 57
28 57 58
28 58 59
28 59 60
28 60 61
28 61 20
28 38 98
28 98 99
28 99 22
28 21 89
28 89 139
28 147 46
29 2 10
29 12 13
29 14 17
29 17 74
29 74 75
29 75 76
29 76 77
29 77 78
29 78 79
29 79 12
29 13 80
29 80 81
29 81 82
29 82 83
29 83 84
29 84 85
29 85 2
29 7 126
29 126 127
29 127 128
29 128 129
29 129 130
29 130 131
29 131 14
30 2 10
30 9 5
30 0 13
30 13 80
30 80 81
30 81 82
30 82 83
30 83 84
30 84 85
30 85 2
30 5 114
30 114 115
30 115 116
30 116 117
30 117 118
30 118 119
30 119 0
31 4 8
31 12 1
31 37 12
31 1 120
31 120 121
31 121 122
31 122 123
31 123 124
31 124 125
31 125 4
31 146 37
32 9 5
32 0 13
32 18 21
32 13 34
32 34 35
32 35 32
32 32 30
32 30 28
32 28 26
32 26 94
32 94 95
32 95 18
32 21 89
32 5 114
32 114 115
32 115 116
32 116 117
32 117 118
32 118 119
32 119 0
32 89 139
33 18 19
33 22 25
33 19 50
33 50 51
33 51 52
33 52 53
33 53 54
33 54 55
33 55 22
33 92 102
33 102 103
33 103 104
33 104 105
33 105 106
33 106 107
33 107 18
33 25 91
33 145 92
33 91 138
34 18 19
34 22 25
34 34 35
34 35 32
34 32 30
34 30 28
34 28 26
34 19 50
34 50 51
34 51 52
34 52 53
34 53 54
34 54 55
34 55 22
34 26 94
34 94 95
34 95 18
34 25 91
34 91 138
34 146 34
35 11 3
35 0 13
35 18 21
35 13 34
35 34 35
35 35 32
35 32 30
35 30 28
35 28 26
35 3 62
35 62 63
35 63 64
35 64 65
35 65 66
35 66 67
35 67 0
35 26 94
35 94 95
35 95 18
35 21 89
35 89 139
36 11 3
36 0 13
36 18 21
36 13 34
36 34 35
36 35 32
36 32 30
36 30 28
36 28 26
36 3 62
36 62 63
36 63 64
36 64 65
36 65 66
36 66 67
36 67 0
36 26 94
36 94 95
36 95 18
36 21 89
36 89 139
37 24 23
37 41 39
37 39 45
37 45 43
37 43 48
37 23 100
37 100 101
37 101 41
37 90 24
37 143 90
37 48 142
38 20 21
38 24 25
38 25 56
38 56 57
38 57 58
38 58 59
38 59 60
38 60 61
38 61 20
38 21 108
38 108 109
38 109 110
38 110 111
38 111 112
38 112 113
38 113 93
38 90 24
38 143 90
38 93 140
39 4 8
39 12 1
39 16 17
39 49 16
39 17 74
39 74 75
39 75 76
39 76 77
39 77 78
39 78 79
39 79 12
39 1 120
39 120 121
39 121 122
39 122 123
39 123 124
39 124 125
39 125 4
39 147 49
40 20 21
40 21 108
40 108 109
40 109 110
40 110 111
40 111 112
40 112 113
40 113 93
40 88 20
40 144 88
40 93 140
41 24 23
41 41 39
41 39 45
41 45 43
41 43 48
41 23 100
41 100 101
41 101 41
41 90 24
41 143 90
41 48 142
42 2 10
42 12 13
42 20 19
42 29 27
42 27 33
42 33 31
42 31 36
42 36 37
42 37 12
42 13 80
42 80 81
42 81 82
42 82 83
42 83 84
42 84 85
42 85 2
42 19 96
42 96 97
42 97 29
42 88 20
42 144 88
43 18 19
43 22 23
43 41 39
43 39 45
43 45 43
43 43 48
43 19 50
43 50 51
43 51 52
43 52 53
43 53 54
43 54 55
43 55 22
43 23 100
43 100 101
43 101 41
43 92 102
43 102 103
43 103 104
43 104 105
43 105 106
43 106 107
43 107 18
43 145 92
43 48 142
44 18 19
44 22 23
44 41 39
44 39 45
44 45 43
44 43 48
44 19 50
44 50 51
44 51 52
44 52 53
44 53 54
44 54 55
44 55 22
44 23 100
44 100 101
44 101 41
44 92 102
44 102 103
44 103 104
44 104 105
44 105 106
44 106 107
44 107 18
44 145 92
44 48 142
45 16 15
45 49 16
45 15 132
45 132 133
45 133 134
45 134 135
45 135 136
45 136 137
45 137 6
45 147 49
46 12 13
46 16 17
46 13 34
46 34 35
46 49 16
46 17 74
46 74 75
46 75 76
46 76 77
46 77 78
46 78 79
46 79 12
46 35 141
46 147 49
47 0 1
47 11 3
47 14 17
47 17 46
47 46 47
47 3 62
47 62 63
47 63 64
47 64 65
47 65 66
47 66 67
47 67 0
47 1 68
47 68 69
47 69 70
47 70 71
47 71 72
47 72 73
47 73 14
47 47 142
48 20 21
48 22 25
48 46 47
48 47 44
48 44 42
48 42 40
48 40 38
48 25 56
48 56 57
48 57 58
48 58 59
48 59 60
48 60 61
48 61 20
48 38 98
48 98 99
48 99 22
48 21 89
48 89 139
48 147 46
49 2 10
49 12 13
49 20 19
49 29 27
49 27 33
49 33 31
49 31 36
49 36 37
49 37 12
49 13 80
49 80 81
49 81 82
49 82 83
49 83 84
49 84 85
49 85 2
49 19 96
49 96 97
49 97 29
49 88 20
49 144 88
50 4 8
50 12 1
50 37 12
50 1 120
50 120 121
50 121 122
50 122 123
50 123 124
50 124 125
50 125 4
50 146 37
52 2 10
52 12 13
52 14 17
52 17 74
52 74 75
52 75 76
52 76 77
52 77 78
52 78 79
52 79 12
52 13 80
52 80 81
52 81 82
52 82 83
52 83 84
52 84 85
52 85 2
52 7 126
52 126 127
52 127 128
52 128 129
52 129 130
52 130 131
52 131 14
53 0 1
53 11 3
53 14 15
53 3 62
53 62 63
53 63 64
53 64 65
53 65 66
53 66 67
53 67 0
53 1 68
53 68 69
53 69 70
53 70 71
53 71 72
53 72 73
53 73 14
53 15 132
53 132 133
53 133 134
53 134 135
53 135 136
53 136 137
53 137 6
54 20 21
54 24 25
54 25 56
54 56 57
54 57 58
54 58 59
54 59 60
54 60 61
54 61 20
54 21 89
54 90 24
54 143 90
54 89 139
56 2 10
56 12 13
56 16 17
56 49 16
56 17 74
56 74 75
56 75 76
56 76 77
56 77 78
56 78 79
56 79 12
56 13 80
56 80 81
56 81 82
56 82 83
56 83 84
56 84 85
56 85 2
56 147 49
57 14 17
57 22 25
57 17 46
57 46 47
57 47 44
57 44 42
57 42 40
57 40 38
57 38 98
57 98 99
57 99 22
57 25 91
57 7 126
57 126 127
57 127 128
57 128 129
57 129 130
57 130 131
57 131 14
57 91 138
58 18 21
58 34 35
58 35 32
58 32 30
58 30 28
58 28 26
58 26 94
58 94 95
58 95 18
58 21 89
58 89 139
58 146 34
59 14 17
59 17 46
59 46 47
59 7 126
59 126 127
59 127 128
59 128 129
59 129 130
59 130 131
59 131 14
59 47 142
60 16 15
60 24 23
60 41 39
60 39 45
60 45 43
60 43 48
60 48 49
60 49 16
60 23 100
60 100 101
60 101 41
60 90 24
60 15 132
60 132 133
60 133 134
60 134 135
60 135 136
60 136 137
60 137 6
60 143 90
61 11 3
61 0 13
61 13 34
61 34 35
61 3 62
61 62 63
61 63 64
61 64 65
61 65 66
61 66 67
61 67 0
61 35 141
62 2 10
62 12 13
62 16 17
62 49 16
62 17 74
62 74 75
62 75 76
62 76 77
62 77 78
62 78 79
62 79 12
62 13 80
62 80 81
62 81 82
62 82 83
62 83 84
62 84 85
62 85 2
62 147 49
63 0 1
63 11 3
63 4 8
63 3 62
63 62 63
63 63 64
63 64 65
63 65 66
63 66 67
63 67 0
63 1 120
63 120 121
63 121 122
63 122 123
63 123 124
63 124 125
63 125 4
64 2 10
64 9 5
64 0 13
64 13 80
64 80 81
64 81 82
64 82 83
64 83 84
64 84 85
64 85 2
64 5 114
64 114 115
64 115 116
64 116 117
64 117 118
64 118 119
64 119 0
66 2 10
66 12 13
66 14 17
66 17 74
66 74 75
66 75 76
66 76 77
66 77 78
66 78 79
66 79 12
66 13 80
66 80 81
66 81 82
66 82 83
66 83 84
66 84 85
66 85 2
66 7 126
66 126 127
66 127 128
66 128 129
66 129 130
66 130 131
66 131 14
67 12 1
67 14 15
67 37 12
67 1 68
67 68 69
67 69 70
67 70 71
67 71 72
67 72 73
67 73 14
67 15 132
67 132 133
67 133 134
67 134 135
67 135 136
67 136 137
67 137 6
67 146 37
68 20 19
68 22 23
68 41 39
68 39 45
68 45 43
68 43 48
68 19 50
68 50 51
68 51 52
68 52 53
68 53 54
68 54 55
68 55 22
68 23 100
68 100 101
68 101 41
68 88 20
68 144 88
68 48 142
69 4 8
69 12 1
69 37 12
69 1 120
69 120 121
69 121 122
69 122 123
69 123 124
69 124 125
69 125 4
69 146 37
70 2 10
70 9 5
70 0 13
70 13 80
70 80 81
70 81 82
70 82 83
70 83 84
70 84 85
70 85 2
70 5 114
70 114 115
70 115 116
70 116 117
70 117 118
70 118 119
70 119 0
71 2 10
71 12 13
71 16 17
71 49 16
71 17 74
71 74 75
71 75 76
71 76 77
71 77 78
71 78 79
71 79 12
71 13 80
71 80 81
71 81 82
71 82 83
71 83 84
71 84 85
71 85 2
71 147 49
72 20 21
72 22 25
72 46 47
72 47 44
72 44 42
72 42 40
72 40 38
72 25 56
72 56 57
72 57 58
72 58 59
72 59 60
72 60 61
72 61 20
72 38 98
72 98 99
72 99 22
72 21 89
72 89 139
72 147 46
74 18 21
74 34 35
74 35 32
74 32 30
74 30 28
74 28 26
74 26 94
74 94 95
74 95 18
74 21 108
74 108 109
74 109 110
74 110 111
74 111 112
74 112 113
74 113 93
74 93 140
74 146 34
75 12 13
75 16 17
75 13 34
75 34 35
75 49 16
75 17 74
75 74 75
75 75 76
75 76 77
75 77 78
75 78 79
75 79 12
75 35 141
75 147 49
77 0 1
77 11 3
77 4 8
77 3 62
77 62 63
77 63 64
77 64 65
77 65 66
77 66 67
77 67 0
77 1 120
77 120 121
77 121 122
77 122 123
77 123 124
77 124 125
77 125 4
78 14 17
78 17 46
78 46 47
78 7 126
78 126 127
78 127 128
78 128 129
78 129 130
78 130 131
78 131 14
78 47 142
80 20 19
80 24 25
80 29 27
80 27 33
80 33 31
80 31 36
80 25 56
80 56 57
80 57 58
80 58 59
80 59 60
80 60 61
80 61 20
80 19 96
80 96 97
80 97 29
80 90 24
80 143 90
80 36 141
81 18 21
81 92 102
81 102 103
81 103 104
81 104 105
81 105 106
81 106 107
81 107 18
81 21 89
81 145 92
81 89 139
82 20 21
82 21 108
82 108 109
82 109 110
82 110 111
82 111 112
82 112 113
82 113 93
82 88 20
82 144 88
82 93 140
84 20 19
84 22 25
84 19 50
84 50 51
84 51 52
84 52 53
84 53 54
84 54 55
84 55 22
84 88 20
84 25 91
84 144 88
84 91 138
85 11 3
85 0 13
85 13 34
85 34 35
85 3 62
85 62 63
85 63 64
85 64 65
85 65 66
85 66 67
85 67 0
85 35 141
88 20 21
88 24 25
88 25 56
88 56 57
88 57 58
88 58 59
88 59 60
88 60 61
88 61 20
88 21 89
88 90 24
88 143 90
88 89 139
89 0 1
89 11 3
89 4 8
89 3 62
89 62 63
89 63 64
89 64 65
89 65 66
89 66 67
89 67 0
89 1 120
89 120 121
89 121 122
89 122 123
89 123 124
89 124 125
89 125 4
92 14 17
92 17 46
92 46 47
92 7 126
92 126 127
92 127 128
92 128 129
92 129 130
92 130 131
92 131 14
92 47 142
93 0 1
93 11 3
93 14 15
93 3 62
93 62 63
93 63 64
93 64 65
93 65 66
93 66 67
93 67 0
93 1 68
93 68 69
93 69 70
93 70 71
93 71 72
93 72 73
93 73 14
93 15 132
93 132 133
93 133 134
93 134 135
93 135 136
93 136 137
93 137 6
95 20 21
95 22 25
95 46 47
95 47 44
95 44 42
95 42 40
95 40 38
95 25 56
95 56 57
95 57 58
95 58 59
95 59 60
95 60 61
95 61 20
95 38 98
95 98 99
95 99 22
95 21 89
95 89 139
95 147 46
96 0 1
96 11 3
96 14 17
96 17 46
96 46 47
96 3 62
96 62 63
96 63 64
96 64 65
96 65 66
96 66 67
96 67 0
96 1 68
96 68 69
96 69 70
96 70 71
96 71 72
96 72 73
96 73 14
96 47 142
97 12 1
97 14 15
97 37 12
97 1 68
97 68 69
97 69 70
97 70 71
97 71 72
97 72 73
97 73 14
97 15 132
97 132 133
97 133 134
97 134 135
97 135 136
97 136 137
97 137 6
97 146 37
;
;
set inFlight:=
0
1
2
3
4
5
6
8
9
11
14
15
16
;
param tini := 5.916138581056086;
