param nn:= 148;
set F:=
0
1
2
3
4
5
6
7
8
9
10
11
12
13
14
15
16
17
18
19
20
21
22
23
24
25
26
27
28
29
30
31
32
33
34
35
36
37
38
39
40
41
42
43
44
45
46
47
48
49
50
52
53
54
55
56
57
58
59
60
61
62
63
64
65
66
67
68
69
70
71
72
73
74
75
77
78
81
83
84
88
89
90
92
93
99
100
;
set AP:=
100
;
param: E: d:=
0 1 2.500000
2 10 1.500000
11 3 1.500000
4 8 1.500000
9 5 1.500000
12 13 2.500000
0 13 2.500000
12 1 2.500000
14 15 2.500000
16 17 2.500000
14 17 2.500000
16 15 2.500000
18 19 2.500000
20 21 2.500000
18 21 2.500000
20 19 2.500000
22 23 2.500000
24 25 2.500000
22 25 2.500000
24 23 2.500000
13 34 2.500000
34 35 2.500000
35 32 2.500000
32 30 2.500000
30 28 2.500000
28 26 2.500000
29 27 2.500000
27 33 2.500000
33 31 2.500000
31 36 2.500000
36 37 2.500000
37 12 2.500000
17 46 2.500000
46 47 2.500000
47 44 2.500000
44 42 2.500000
42 40 2.500000
40 38 2.500000
41 39 2.500000
39 45 2.500000
45 43 2.500000
43 48 2.500000
48 49 2.500000
49 16 2.500000
19 50 2.500000
50 51 2.500000
51 52 2.500000
52 53 2.500000
53 54 2.500000
54 55 2.500000
55 22 2.500000
25 56 2.500000
56 57 2.500000
57 58 2.500000
58 59 2.500000
59 60 2.500000
60 61 2.500000
61 20 2.500000
3 62 2.500000
62 63 2.500000
63 64 2.500000
64 65 2.500000
65 66 2.500000
66 67 2.500000
67 0 2.500000
1 68 2.500000
68 69 2.500000
69 70 2.500000
70 71 2.500000
71 72 2.500000
72 73 2.500000
73 14 2.500000
17 74 2.500000
74 75 2.500000
75 76 2.500000
76 77 2.500000
77 78 2.500000
78 79 2.500000
79 12 2.500000
13 80 2.500000
80 81 2.500000
81 82 2.500000
82 83 2.500000
83 84 2.500000
84 85 2.500000
85 2 2.500000
26 94 2.500000
94 95 2.500000
95 18 2.500000
19 96 2.500000
96 97 2.500000
97 29 2.500000
38 98 2.500000
98 99 2.500000
99 22 2.500000
23 100 2.500000
100 101 2.500000
101 41 2.500000
92 102 2.500000
102 103 2.500000
103 104 2.500000
104 105 2.500000
105 106 2.500000
106 107 2.500000
107 18 2.500000
21 108 2.500000
108 109 2.500000
109 110 2.500000
110 111 2.500000
111 112 2.500000
112 113 2.500000
113 93 2.500000
21 89 2.500000
88 20 2.500000
25 91 2.500000
90 24 2.500000
5 114 2.500000
114 115 2.500000
115 116 2.500000
116 117 2.500000
117 118 2.500000
118 119 2.500000
119 0 2.500000
1 120 2.500000
120 121 2.500000
121 122 2.500000
122 123 2.500000
123 124 2.500000
124 125 2.500000
125 4 2.500000
7 126 1.500000
126 127 2.500000
127 128 2.500000
128 129 2.500000
129 130 2.500000
130 131 2.500000
131 14 2.500000
15 132 2.500000
132 133 2.500000
133 134 2.500000
134 135 2.500000
135 136 2.500000
136 137 2.500000
137 6 1.500000
87 6 1.500000
7 86 1.500000
144 88 1.500000
143 90 1.500000
145 92 1.500000
93 140 1.500000
89 139 1.500000
91 138 1.500000
48 142 1.500000
47 142 1.500000
36 141 1.500000
35 141 1.500000
146 37 1.500000
146 34 1.500000
147 46 1.500000
147 49 1.500000
;
param s:=
0 146
1 11
2 9
3 147
4 145
5 143
6 145
7 11
8 9
9 11
10 147
11 11
12 146
13 143
14 146
15 9
16 143
17 147
18 9
19 146
20 145
21 146
22 11
23 144
24 11
25 9
26 9
27 11
28 9
29 145
30 11
31 9
32 147
33 145
34 143
35 145
36 9
37 146
38 147
39 146
40 7
41 11
42 146
43 146
44 145
45 146
46 7
47 11
48 7
49 147
50 146
52 7
53 7
54 144
55 143
56 147
57 147
58 147
59 143
60 9
61 9
62 145
63 145
64 7
65 9
66 9
67 147
68 145
69 147
70 147
71 146
72 11
73 144
74 143
75 145
77 147
78 144
81 143
83 143
84 144
88 144
89 143
90 143
92 147
93 145
99 144
100 146
;
param e:=
0 140
1 142
2 142
3 6
4 139
5 6
6 141
7 8
8 139
9 6
10 141
11 139
12 138
13 140
14 139
15 142
16 139
17 6
18 10
19 8
20 142
21 140
22 6
23 138
24 6
25 10
26 10
27 141
28 139
29 141
30 6
31 139
32 139
33 138
34 139
35 138
36 141
37 139
38 139
39 138
40 8
41 142
42 8
43 6
44 139
45 138
46 10
47 141
48 8
49 10
50 10
52 138
53 138
54 8
55 139
56 6
57 138
58 8
59 6
60 141
61 142
62 138
63 142
64 141
65 142
66 141
67 139
68 141
69 141
70 8
71 140
72 141
73 138
74 139
75 142
77 10
78 138
81 6
83 6
84 8
88 10
89 6
90 139
92 138
93 139
99 10
100 10
;
param v_min:=2.375
;
param v_max:=2.625
;
param :conflictsNodes: angle:=
0 1 13 1.000000
0 13 1 1.000000
0 1 67 1.000000
0 67 1 1.000000
0 1 119 1.000000
0 119 1 1.000000
0 13 67 1.000000
0 67 13 1.000000
0 13 119 1.000000
0 119 13 1.000000
0 67 119 1.000000
0 119 67 1.000000
1 0 68 1.000000
1 68 0 1.000000
1 0 120 1.000000
1 120 0 1.000000
1 0 12 1.000000
1 12 0 1.000000
1 68 120 1.000000
1 120 68 1.000000
1 12 68 1.000000
1 68 12 1.000000
1 12 120 1.000000
1 120 12 1.000000
12 13 37 1.000000
12 37 13 1.000000
12 13 79 1.000000
12 79 13 1.000000
12 1 13 1.000000
12 13 1 1.000000
12 1 37 1.000000
12 37 1 1.000000
12 1 79 1.000000
12 79 1 1.000000
12 37 79 1.000000
12 79 37 1.000000
13 0 12 1.000000
13 12 0 1.000000
13 0 34 1.000000
13 34 0 1.000000
13 0 80 1.000000
13 80 0 1.000000
13 12 34 1.000000
13 34 12 1.000000
13 12 80 1.000000
13 80 12 1.000000
13 34 80 1.000000
13 80 34 1.000000
14 15 17 1.000000
14 17 15 1.000000
14 15 73 1.000000
14 73 15 1.000000
14 15 131 1.000000
14 131 15 1.000000
14 17 73 1.000000
14 73 17 1.000000
14 17 131 1.000000
14 131 17 1.000000
14 73 131 1.000000
14 131 73 1.000000
15 14 132 1.000000
15 132 14 1.000000
15 14 16 1.000000
15 16 14 1.000000
15 16 132 1.000000
15 132 16 1.000000
16 17 49 1.000000
16 49 17 1.000000
16 15 17 1.000000
16 17 15 1.000000
16 15 49 1.000000
16 49 15 1.000000
17 14 16 1.000000
17 16 14 1.000000
17 14 46 1.000000
17 46 14 1.000000
17 14 74 1.000000
17 74 14 1.000000
17 16 46 1.000000
17 46 16 1.000000
17 16 74 1.000000
17 74 16 1.000000
17 46 74 1.000000
17 74 46 1.000000
18 19 21 1.000000
18 21 19 1.000000
18 19 95 1.000000
18 95 19 1.000000
18 19 107 1.000000
18 107 19 1.000000
18 21 95 1.000000
18 95 21 1.000000
18 21 107 1.000000
18 107 21 1.000000
18 95 107 1.000000
18 107 95 1.000000
19 18 50 1.000000
19 50 18 1.000000
19 18 96 1.000000
19 96 18 1.000000
19 18 20 1.000000
19 20 18 1.000000
19 50 96 1.000000
19 96 50 1.000000
19 20 50 1.000000
19 50 20 1.000000
19 20 96 1.000000
19 96 20 1.000000
20 21 61 1.000000
20 61 21 1.000000
20 21 88 1.000000
20 88 21 1.000000
20 19 21 1.000000
20 21 19 1.000000
20 19 61 1.000000
20 61 19 1.000000
20 19 88 1.000000
20 88 19 1.000000
20 61 88 1.000000
20 88 61 1.000000
21 18 20 1.000000
21 20 18 1.000000
21 18 108 1.000000
21 108 18 1.000000
21 18 89 1.000000
21 89 18 1.000000
21 20 108 1.000000
21 108 20 1.000000
21 20 89 1.000000
21 89 20 1.000000
21 89 108 1.000000
21 108 89 1.000000
22 23 25 1.000000
22 25 23 1.000000
22 23 55 1.000000
22 55 23 1.000000
22 23 99 1.000000
22 99 23 1.000000
22 25 55 1.000000
22 55 25 1.000000
22 25 99 1.000000
22 99 25 1.000000
22 55 99 1.000000
22 99 55 1.000000
23 22 100 1.000000
23 100 22 1.000000
23 22 24 1.000000
23 24 22 1.000000
23 24 100 1.000000
23 100 24 1.000000
24 25 90 1.000000
24 90 25 1.000000
24 23 25 1.000000
24 25 23 1.000000
24 23 90 1.000000
24 90 23 1.000000
25 22 24 1.000000
25 24 22 1.000000
25 22 56 1.000000
25 56 22 1.000000
25 22 91 1.000000
25 91 22 1.000000
25 24 56 1.000000
25 56 24 1.000000
25 24 91 1.000000
25 91 24 1.000000
25 56 91 1.000000
25 91 56 1.000000
26 28 94 1.000000
26 94 28 1.000000
27 29 33 1.000000
27 33 29 1.000000
28 26 30 1.000000
28 30 26 1.000000
29 27 97 1.000000
29 97 27 1.000000
30 28 32 1.000000
30 32 28 1.000000
31 33 36 1.000000
31 36 33 1.000000
32 30 35 1.000000
32 35 30 1.000000
33 27 31 1.000000
33 31 27 1.000000
34 13 35 1.000000
34 35 13 1.000000
35 32 34 1.000000
35 34 32 1.000000
36 31 37 1.000000
36 37 31 1.000000
37 12 36 1.000000
37 36 12 1.000000
38 40 98 1.000000
38 98 40 1.000000
39 41 45 1.000000
39 45 41 1.000000
40 38 42 1.000000
40 42 38 1.000000
41 39 101 1.000000
41 101 39 1.000000
42 40 44 1.000000
42 44 40 1.000000
43 45 48 1.000000
43 48 45 1.000000
44 42 47 1.000000
44 47 42 1.000000
45 39 43 1.000000
45 43 39 1.000000
46 17 47 1.000000
46 47 17 1.000000
47 44 46 1.000000
47 46 44 1.000000
48 43 49 1.000000
48 49 43 1.000000
49 16 48 1.000000
49 48 16 1.000000
50 19 51 1.000000
50 51 19 1.000000
51 50 52 1.000000
51 52 50 1.000000
52 51 53 1.000000
52 53 51 1.000000
53 52 54 1.000000
53 54 52 1.000000
54 53 55 1.000000
54 55 53 1.000000
55 22 54 1.000000
55 54 22 1.000000
56 25 57 1.000000
56 57 25 1.000000
57 56 58 1.000000
57 58 56 1.000000
58 57 59 1.000000
58 59 57 1.000000
59 58 60 1.000000
59 60 58 1.000000
60 59 61 1.000000
60 61 59 1.000000
61 20 60 1.000000
61 60 20 1.000000
62 3 63 1.000000
62 63 3 1.000000
63 62 64 1.000000
63 64 62 1.000000
64 63 65 1.000000
64 65 63 1.000000
65 64 66 1.000000
65 66 64 1.000000
66 65 67 1.000000
66 67 65 1.000000
67 0 66 1.000000
67 66 0 1.000000
68 1 69 1.000000
68 69 1 1.000000
69 68 70 1.000000
69 70 68 1.000000
70 69 71 1.000000
70 71 69 1.000000
71 70 72 1.000000
71 72 70 1.000000
72 71 73 1.000000
72 73 71 1.000000
73 14 72 1.000000
73 72 14 1.000000
74 17 75 1.000000
74 75 17 1.000000
75 74 76 1.000000
75 76 74 1.000000
76 75 77 1.000000
76 77 75 1.000000
77 76 78 1.000000
77 78 76 1.000000
78 77 79 1.000000
78 79 77 1.000000
79 12 78 1.000000
79 78 12 1.000000
80 13 81 1.000000
80 81 13 1.000000
81 80 82 1.000000
81 82 80 1.000000
82 81 83 1.000000
82 83 81 1.000000
83 82 84 1.000000
83 84 82 1.000000
84 83 85 1.000000
84 85 83 1.000000
85 2 84 1.000000
85 84 2 1.000000
94 26 95 1.000000
94 95 26 1.000000
95 18 94 1.000000
95 94 18 1.000000
96 19 97 1.000000
96 97 19 1.000000
97 29 96 1.000000
97 96 29 1.000000
98 38 99 1.000000
98 99 38 1.000000
99 22 98 1.000000
99 98 22 1.000000
100 23 101 1.000000
100 101 23 1.000000
101 41 100 1.000000
101 100 41 1.000000
102 92 103 1.000000
102 103 92 1.000000
103 102 104 1.000000
103 104 102 1.000000
104 103 105 1.000000
104 105 103 1.000000
105 104 106 1.000000
105 106 104 1.000000
106 105 107 1.000000
106 107 105 1.000000
107 18 106 1.000000
107 106 18 1.000000
108 21 109 1.000000
108 109 21 1.000000
109 108 110 1.000000
109 110 108 1.000000
110 109 111 1.000000
110 111 109 1.000000
111 110 112 1.000000
111 112 110 1.000000
112 111 113 1.000000
112 113 111 1.000000
113 93 112 1.000000
113 112 93 1.000000
114 5 115 1.000000
114 115 5 1.000000
115 114 116 1.000000
115 116 114 1.000000
116 115 117 1.000000
116 117 115 1.000000
117 116 118 1.000000
117 118 116 1.000000
118 117 119 1.000000
118 119 117 1.000000
119 0 118 1.000000
119 118 0 1.000000
120 1 121 1.000000
120 121 1 1.000000
121 120 122 1.000000
121 122 120 1.000000
122 121 123 1.000000
122 123 121 1.000000
123 122 124 1.000000
123 124 122 1.000000
124 123 125 1.000000
124 125 123 1.000000
125 4 124 1.000000
125 124 4 1.000000
127 126 128 1.000000
127 128 126 1.000000
128 127 129 1.000000
128 129 127 1.000000
129 128 130 1.000000
129 130 128 1.000000
130 129 131 1.000000
130 131 129 1.000000
131 14 130 1.000000
131 130 14 1.000000
132 15 133 1.000000
132 133 15 1.000000
133 132 134 1.000000
133 134 132 1.000000
134 133 135 1.000000
134 135 133 1.000000
135 134 136 1.000000
135 136 134 1.000000
136 135 137 1.000000
136 137 135 1.000000
;
param D:=0.5;
param t_hat_ear:=
0 146 5.0
0 34 6.0
0 35 7.0
0 32 8.0
0 30 9.0
0 28 10.0
0 26 11.0
0 94 12.0
0 95 13.0
0 18 14.0
0 21 15.0
0 108 16.0
0 109 17.0
0 110 18.0
0 111 19.0
0 112 20.0
0 113 21.0
0 93 22.0
0 140 23.0
1 11 0.0
1 3 1.0
1 62 2.0
1 63 3.0
1 64 4.0
1 65 5.0
1 66 6.0
1 67 7.0
1 0 8.0
1 1 9.0
1 68 10.0
1 69 11.0
1 70 12.0
1 71 13.0
1 72 14.0
1 73 15.0
1 14 16.0
1 17 17.0
1 46 18.0
1 47 19.0
1 142 20.0
2 9 4.0
2 5 5.0
2 114 6.0
2 115 7.0
2 116 8.0
2 117 9.0
2 118 10.0
2 119 11.0
2 0 12.0
2 1 13.0
2 68 14.0
2 69 15.0
2 70 16.0
2 71 17.0
2 72 18.0
2 73 19.0
2 14 20.0
2 17 21.0
2 46 22.0
2 47 23.0
2 142 24.0
3 147 3.0
3 49 4.0
3 16 5.0
3 15 6.0
3 132 7.0
3 133 8.0
3 134 9.0
3 135 10.0
3 136 11.0
3 137 12.0
3 6 13.0
4 145 8.0
4 92 9.0
4 102 10.0
4 103 11.0
4 104 12.0
4 105 13.0
4 106 14.0
4 107 15.0
4 18 16.0
4 21 17.0
4 89 18.0
4 139 19.0
5 143 2.0
5 90 3.0
5 24 4.0
5 23 5.0
5 100 6.0
5 101 7.0
5 41 8.0
5 39 9.0
5 45 10.0
5 43 11.0
5 48 12.0
5 49 13.0
5 16 14.0
5 15 15.0
5 132 16.0
5 133 17.0
5 134 18.0
5 135 19.0
5 136 20.0
5 137 21.0
5 6 22.0
6 145 0.0
6 92 1.0
6 102 2.0
6 103 3.0
6 104 4.0
6 105 5.0
6 106 6.0
6 107 7.0
6 18 8.0
6 19 9.0
6 96 10.0
6 97 11.0
6 29 12.0
6 27 13.0
6 33 14.0
6 31 15.0
6 36 16.0
6 141 17.0
7 11 10.0
7 3 11.0
7 62 12.0
7 63 13.0
7 64 14.0
7 65 15.0
7 66 16.0
7 67 17.0
7 0 18.0
7 1 19.0
7 120 20.0
7 121 21.0
7 122 22.0
7 123 23.0
7 124 24.0
7 125 25.0
7 4 26.0
7 8 27.0
8 9 12.0
8 5 13.0
8 114 14.0
8 115 15.0
8 116 16.0
8 117 17.0
8 118 18.0
8 119 19.0
8 0 20.0
8 13 21.0
8 34 22.0
8 35 23.0
8 32 24.0
8 30 25.0
8 28 26.0
8 26 27.0
8 94 28.0
8 95 29.0
8 18 30.0
8 21 31.0
8 89 32.0
8 139 33.0
9 11 18.0
9 3 19.0
9 62 20.0
9 63 21.0
9 64 22.0
9 65 23.0
9 66 24.0
9 67 25.0
9 0 26.0
9 1 27.0
9 68 28.0
9 69 29.0
9 70 30.0
9 71 31.0
9 72 32.0
9 73 33.0
9 14 34.0
9 15 35.0
9 132 36.0
9 133 37.0
9 134 38.0
9 135 39.0
9 136 40.0
9 137 41.0
9 6 42.0
10 147 8.0
10 49 9.0
10 16 10.0
10 17 11.0
10 74 12.0
10 75 13.0
10 76 14.0
10 77 15.0
10 78 16.0
10 79 17.0
10 12 18.0
10 13 19.0
10 34 20.0
10 35 21.0
10 141 22.0
11 11 6.0
11 3 7.0
11 62 8.0
11 63 9.0
11 64 10.0
11 65 11.0
11 66 12.0
11 67 13.0
11 0 14.0
11 13 15.0
11 34 16.0
11 35 17.0
11 32 18.0
11 30 19.0
11 28 20.0
11 26 21.0
11 94 22.0
11 95 23.0
11 18 24.0
11 21 25.0
11 89 26.0
11 139 27.0
12 146 1.0
12 34 2.0
12 35 3.0
12 32 4.0
12 30 5.0
12 28 6.0
12 26 7.0
12 94 8.0
12 95 9.0
12 18 10.0
12 19 11.0
12 50 12.0
12 51 13.0
12 52 14.0
12 53 15.0
12 54 16.0
12 55 17.0
12 22 18.0
12 25 19.0
12 91 20.0
12 138 21.0
13 143 0.0
13 90 1.0
13 24 2.0
13 25 3.0
13 56 4.0
13 57 5.0
13 58 6.0
13 59 7.0
13 60 8.0
13 61 9.0
13 20 10.0
13 21 11.0
13 108 12.0
13 109 13.0
13 110 14.0
13 111 15.0
13 112 16.0
13 113 17.0
13 93 18.0
13 140 19.0
14 146 3.0
14 34 4.0
14 35 5.0
14 32 6.0
14 30 7.0
14 28 8.0
14 26 9.0
14 94 10.0
14 95 11.0
14 18 12.0
14 21 13.0
14 89 14.0
14 139 15.0
15 9 8.0
15 5 9.0
15 114 10.0
15 115 11.0
15 116 12.0
15 117 13.0
15 118 14.0
15 119 15.0
15 0 16.0
15 1 17.0
15 68 18.0
15 69 19.0
15 70 20.0
15 71 21.0
15 72 22.0
15 73 23.0
15 14 24.0
15 17 25.0
15 46 26.0
15 47 27.0
15 142 28.0
16 143 8.0
16 90 9.0
16 24 10.0
16 25 11.0
16 56 12.0
16 57 13.0
16 58 14.0
16 59 15.0
16 60 16.0
16 61 17.0
16 20 18.0
16 21 19.0
16 89 20.0
16 139 21.0
17 147 0.0
17 49 1.0
17 16 2.0
17 15 3.0
17 132 4.0
17 133 5.0
17 134 6.0
17 135 7.0
17 136 8.0
17 137 9.0
17 6 10.0
18 9 2.0
18 5 3.0
18 114 4.0
18 115 5.0
18 116 6.0
18 117 7.0
18 118 8.0
18 119 9.0
18 0 10.0
18 13 11.0
18 80 12.0
18 81 13.0
18 82 14.0
18 83 15.0
18 84 16.0
18 85 17.0
18 2 18.0
18 10 19.0
19 146 8.0
19 37 9.0
19 12 10.0
19 1 11.0
19 120 12.0
19 121 13.0
19 122 14.0
19 123 15.0
19 124 16.0
19 125 17.0
19 4 18.0
19 8 19.0
20 145 14.0
20 92 15.0
20 102 16.0
20 103 17.0
20 104 18.0
20 105 19.0
20 106 20.0
20 107 21.0
20 18 22.0
20 19 23.0
20 50 24.0
20 51 25.0
20 52 26.0
20 53 27.0
20 54 28.0
20 55 29.0
20 22 30.0
20 23 31.0
20 100 32.0
20 101 33.0
20 41 34.0
20 39 35.0
20 45 36.0
20 43 37.0
20 48 38.0
20 142 39.0
21 146 17.0
21 34 18.0
21 35 19.0
21 32 20.0
21 30 21.0
21 28 22.0
21 26 23.0
21 94 24.0
21 95 25.0
21 18 26.0
21 21 27.0
21 108 28.0
21 109 29.0
21 110 30.0
21 111 31.0
21 112 32.0
21 113 33.0
21 93 34.0
21 140 35.0
22 11 14.0
22 3 15.0
22 62 16.0
22 63 17.0
22 64 18.0
22 65 19.0
22 66 20.0
22 67 21.0
22 0 22.0
22 1 23.0
22 68 24.0
22 69 25.0
22 70 26.0
22 71 27.0
22 72 28.0
22 73 29.0
22 14 30.0
22 15 31.0
22 132 32.0
22 133 33.0
22 134 34.0
22 135 35.0
22 136 36.0
22 137 37.0
22 6 38.0
23 144 12.0
23 88 13.0
23 20 14.0
23 19 15.0
23 50 16.0
23 51 17.0
23 52 18.0
23 53 19.0
23 54 20.0
23 55 21.0
23 22 22.0
23 25 23.0
23 91 24.0
23 138 25.0
24 11 36.0
24 3 37.0
24 62 38.0
24 63 39.0
24 64 40.0
24 65 41.0
24 66 42.0
24 67 43.0
24 0 44.0
24 1 45.0
24 68 46.0
24 69 47.0
24 70 48.0
24 71 49.0
24 72 50.0
24 73 51.0
24 14 52.0
24 15 53.0
24 132 54.0
24 133 55.0
24 134 56.0
24 135 57.0
24 136 58.0
24 137 59.0
24 6 60.0
25 9 16.0
25 5 17.0
25 114 18.0
25 115 19.0
25 116 20.0
25 117 21.0
25 118 22.0
25 119 23.0
25 0 24.0
25 13 25.0
25 80 26.0
25 81 27.0
25 82 28.0
25 83 29.0
25 84 30.0
25 85 31.0
25 2 32.0
25 10 33.0
26 9 23.0
26 5 24.0
26 114 25.0
26 115 26.0
26 116 27.0
26 117 28.0
26 118 29.0
26 119 30.0
26 0 31.0
26 13 32.0
26 80 33.0
26 81 34.0
26 82 35.0
26 83 36.0
26 84 37.0
26 85 38.0
26 2 39.0
26 10 40.0
27 11 38.0
27 3 39.0
27 62 40.0
27 63 41.0
27 64 42.0
27 65 43.0
27 66 44.0
27 67 45.0
27 0 46.0
27 13 47.0
27 34 48.0
27 35 49.0
27 141 50.0
28 9 27.0
28 5 28.0
28 114 29.0
28 115 30.0
28 116 31.0
28 117 32.0
28 118 33.0
28 119 34.0
28 0 35.0
28 13 36.0
28 34 37.0
28 35 38.0
28 32 39.0
28 30 40.0
28 28 41.0
28 26 42.0
28 94 43.0
28 95 44.0
28 18 45.0
28 21 46.0
28 89 47.0
28 139 48.0
29 145 12.0
29 92 13.0
29 102 14.0
29 103 15.0
29 104 16.0
29 105 17.0
29 106 18.0
29 107 19.0
29 18 20.0
29 19 21.0
29 96 22.0
29 97 23.0
29 29 24.0
29 27 25.0
29 33 26.0
29 31 27.0
29 36 28.0
29 141 29.0
30 11 25.0
30 3 26.0
30 62 27.0
30 63 28.0
30 64 29.0
30 65 30.0
30 66 31.0
30 67 32.0
30 0 33.0
30 1 34.0
30 68 35.0
30 69 36.0
30 70 37.0
30 71 38.0
30 72 39.0
30 73 40.0
30 14 41.0
30 15 42.0
30 132 43.0
30 133 44.0
30 134 45.0
30 135 46.0
30 136 47.0
30 137 48.0
30 6 49.0
31 9 29.0
31 5 30.0
31 114 31.0
31 115 32.0
31 116 33.0
31 117 34.0
31 118 35.0
31 119 36.0
31 0 37.0
31 13 38.0
31 34 39.0
31 35 40.0
31 32 41.0
31 30 42.0
31 28 43.0
31 26 44.0
31 94 45.0
31 95 46.0
31 18 47.0
31 21 48.0
31 89 49.0
31 139 50.0
32 147 11.0
32 46 12.0
32 47 13.0
32 44 14.0
32 42 15.0
32 40 16.0
32 38 17.0
32 98 18.0
32 99 19.0
32 22 20.0
32 25 21.0
32 56 22.0
32 57 23.0
32 58 24.0
32 59 25.0
32 60 26.0
32 61 27.0
32 20 28.0
32 21 29.0
32 89 30.0
32 139 31.0
33 145 10.0
33 92 11.0
33 102 12.0
33 103 13.0
33 104 14.0
33 105 15.0
33 106 16.0
33 107 17.0
33 18 18.0
33 19 19.0
33 50 20.0
33 51 21.0
33 52 22.0
33 53 23.0
33 54 24.0
33 55 25.0
33 22 26.0
33 25 27.0
33 91 28.0
33 138 29.0
34 143 10.0
34 90 11.0
34 24 12.0
34 25 13.0
34 56 14.0
34 57 15.0
34 58 16.0
34 59 17.0
34 60 18.0
34 61 19.0
34 20 20.0
34 21 21.0
34 89 22.0
34 139 23.0
35 145 20.0
35 92 21.0
35 102 22.0
35 103 23.0
35 104 24.0
35 105 25.0
35 106 26.0
35 107 27.0
35 18 28.0
35 19 29.0
35 50 30.0
35 51 31.0
35 52 32.0
35 53 33.0
35 54 34.0
35 55 35.0
35 22 36.0
35 25 37.0
35 91 38.0
35 138 39.0
36 9 20.0
36 5 21.0
36 114 22.0
36 115 23.0
36 116 24.0
36 117 25.0
36 118 26.0
36 119 27.0
36 0 28.0
36 13 29.0
36 34 30.0
36 35 31.0
36 141 32.0
37 146 25.0
37 34 26.0
37 35 27.0
37 32 28.0
37 30 29.0
37 28 30.0
37 26 31.0
37 94 32.0
37 95 33.0
37 18 34.0
37 21 35.0
37 89 36.0
37 139 37.0
38 147 15.0
38 46 16.0
38 47 17.0
38 44 18.0
38 42 19.0
38 40 20.0
38 38 21.0
38 98 22.0
38 99 23.0
38 22 24.0
38 25 25.0
38 56 26.0
38 57 27.0
38 58 28.0
38 59 29.0
38 60 30.0
38 61 31.0
38 20 32.0
38 21 33.0
38 89 34.0
38 139 35.0
39 146 23.0
39 34 24.0
39 35 25.0
39 32 26.0
39 30 27.0
39 28 28.0
39 26 29.0
39 94 30.0
39 95 31.0
39 18 32.0
39 19 33.0
39 50 34.0
39 51 35.0
39 52 36.0
39 53 37.0
39 54 38.0
39 55 39.0
39 22 40.0
39 25 41.0
39 91 42.0
39 138 43.0
40 7 36.0
40 126 37.0
40 127 38.0
40 128 39.0
40 129 40.0
40 130 41.0
40 131 42.0
40 14 43.0
40 17 44.0
40 74 45.0
40 75 46.0
40 76 47.0
40 77 48.0
40 78 49.0
40 79 50.0
40 12 51.0
40 1 52.0
40 120 53.0
40 121 54.0
40 122 55.0
40 123 56.0
40 124 57.0
40 125 58.0
40 4 59.0
40 8 60.0
41 11 34.0
41 3 35.0
41 62 36.0
41 63 37.0
41 64 38.0
41 65 39.0
41 66 40.0
41 67 41.0
41 0 42.0
41 1 43.0
41 68 44.0
41 69 45.0
41 70 46.0
41 71 47.0
41 72 48.0
41 73 49.0
41 14 50.0
41 17 51.0
41 46 52.0
41 47 53.0
41 142 54.0
42 146 27.0
42 37 28.0
42 12 29.0
42 1 30.0
42 120 31.0
42 121 32.0
42 122 33.0
42 123 34.0
42 124 35.0
42 125 36.0
42 4 37.0
42 8 38.0
43 146 29.0
43 37 30.0
43 12 31.0
43 1 32.0
43 68 33.0
43 69 34.0
43 70 35.0
43 71 36.0
43 72 37.0
43 73 38.0
43 14 39.0
43 15 40.0
43 132 41.0
43 133 42.0
43 134 43.0
43 135 44.0
43 136 45.0
43 137 46.0
43 6 47.0
44 145 28.0
44 92 29.0
44 102 30.0
44 103 31.0
44 104 32.0
44 105 33.0
44 106 34.0
44 107 35.0
44 18 36.0
44 21 37.0
44 89 38.0
44 139 39.0
45 146 33.0
45 34 34.0
45 35 35.0
45 32 36.0
45 30 37.0
45 28 38.0
45 26 39.0
45 94 40.0
45 95 41.0
45 18 42.0
45 19 43.0
45 50 44.0
45 51 45.0
45 52 46.0
45 53 47.0
45 54 48.0
45 55 49.0
45 22 50.0
45 25 51.0
45 91 52.0
45 138 53.0
46 7 29.0
46 126 30.0
46 127 31.0
46 128 32.0
46 129 33.0
46 130 34.0
46 131 35.0
46 14 36.0
46 17 37.0
46 74 38.0
46 75 39.0
46 76 40.0
46 77 41.0
46 78 42.0
46 79 43.0
46 12 44.0
46 13 45.0
46 80 46.0
46 81 47.0
46 82 48.0
46 83 49.0
46 84 50.0
46 85 51.0
46 2 52.0
46 10 53.0
47 11 31.0
47 3 32.0
47 62 33.0
47 63 34.0
47 64 35.0
47 65 36.0
47 66 37.0
47 67 38.0
47 0 39.0
47 13 40.0
47 34 41.0
47 35 42.0
47 141 43.0
48 7 38.0
48 126 39.0
48 127 40.0
48 128 41.0
48 129 42.0
48 130 43.0
48 131 44.0
48 14 45.0
48 17 46.0
48 74 47.0
48 75 48.0
48 76 49.0
48 77 50.0
48 78 51.0
48 79 52.0
48 12 53.0
48 1 54.0
48 120 55.0
48 121 56.0
48 122 57.0
48 123 58.0
48 124 59.0
48 125 60.0
48 4 61.0
48 8 62.0
49 147 32.0
49 49 33.0
49 16 34.0
49 17 35.0
49 74 36.0
49 75 37.0
49 76 38.0
49 77 39.0
49 78 40.0
49 79 41.0
49 12 42.0
49 13 43.0
49 80 44.0
49 81 45.0
49 82 46.0
49 83 47.0
49 84 48.0
49 85 49.0
49 2 50.0
49 10 51.0
50 146 20.0
50 37 21.0
50 12 22.0
50 13 23.0
50 80 24.0
50 81 25.0
50 82 26.0
50 83 27.0
50 84 28.0
50 85 29.0
50 2 30.0
50 10 31.0
52 7 25.0
52 126 26.0
52 127 27.0
52 128 28.0
52 129 29.0
52 130 30.0
52 131 31.0
52 14 32.0
52 17 33.0
52 46 34.0
52 47 35.0
52 44 36.0
52 42 37.0
52 40 38.0
52 38 39.0
52 98 40.0
52 99 41.0
52 22 42.0
52 25 43.0
52 91 44.0
52 138 45.0
53 7 21.0
53 126 22.0
53 127 23.0
53 128 24.0
53 129 25.0
53 130 26.0
53 131 27.0
53 14 28.0
53 17 29.0
53 46 30.0
53 47 31.0
53 44 32.0
53 42 33.0
53 40 34.0
53 38 35.0
53 98 36.0
53 99 37.0
53 22 38.0
53 25 39.0
53 91 40.0
53 138 41.0
54 144 28.0
54 88 29.0
54 20 30.0
54 19 31.0
54 96 32.0
54 97 33.0
54 29 34.0
54 27 35.0
54 33 36.0
54 31 37.0
54 36 38.0
54 37 39.0
54 12 40.0
54 1 41.0
54 120 42.0
54 121 43.0
54 122 44.0
54 123 45.0
54 124 46.0
54 125 47.0
54 4 48.0
54 8 49.0
55 143 28.0
55 90 29.0
55 24 30.0
55 25 31.0
55 56 32.0
55 57 33.0
55 58 34.0
55 59 35.0
55 60 36.0
55 61 37.0
55 20 38.0
55 21 39.0
55 89 40.0
55 139 41.0
56 147 20.0
56 49 21.0
56 16 22.0
56 15 23.0
56 132 24.0
56 133 25.0
56 134 26.0
56 135 27.0
56 136 28.0
56 137 29.0
56 6 30.0
57 147 23.0
57 46 24.0
57 47 25.0
57 44 26.0
57 42 27.0
57 40 28.0
57 38 29.0
57 98 30.0
57 99 31.0
57 22 32.0
57 25 33.0
57 91 34.0
57 138 35.0
58 147 28.0
58 49 29.0
58 16 30.0
58 17 31.0
58 74 32.0
58 75 33.0
58 76 34.0
58 77 35.0
58 78 36.0
58 79 37.0
58 12 38.0
58 1 39.0
58 120 40.0
58 121 41.0
58 122 42.0
58 123 43.0
58 124 44.0
58 125 45.0
58 4 46.0
58 8 47.0
59 143 20.0
59 90 21.0
59 24 22.0
59 23 23.0
59 100 24.0
59 101 25.0
59 41 26.0
59 39 27.0
59 45 28.0
59 43 29.0
59 48 30.0
59 49 31.0
59 16 32.0
59 15 33.0
59 132 34.0
59 133 35.0
59 134 36.0
59 135 37.0
59 136 38.0
59 137 39.0
59 6 40.0
60 9 45.0
60 5 46.0
60 114 47.0
60 115 48.0
60 116 49.0
60 117 50.0
60 118 51.0
60 119 52.0
60 0 53.0
60 13 54.0
60 34 55.0
60 35 56.0
60 141 57.0
61 9 41.0
61 5 42.0
61 114 43.0
61 115 44.0
61 116 45.0
61 117 46.0
61 118 47.0
61 119 48.0
61 0 49.0
61 1 50.0
61 68 51.0
61 69 52.0
61 70 53.0
61 71 54.0
61 72 55.0
61 73 56.0
61 14 57.0
61 17 58.0
61 46 59.0
61 47 60.0
61 142 61.0
62 145 45.0
62 92 46.0
62 102 47.0
62 103 48.0
62 104 49.0
62 105 50.0
62 106 51.0
62 107 52.0
62 18 53.0
62 19 54.0
62 50 55.0
62 51 56.0
62 52 57.0
62 53 58.0
62 54 59.0
62 55 60.0
62 22 61.0
62 25 62.0
62 91 63.0
62 138 64.0
63 145 47.0
63 92 48.0
63 102 49.0
63 103 50.0
63 104 51.0
63 105 52.0
63 106 53.0
63 107 54.0
63 18 55.0
63 19 56.0
63 50 57.0
63 51 58.0
63 52 59.0
63 53 60.0
63 54 61.0
63 55 62.0
63 22 63.0
63 23 64.0
63 100 65.0
63 101 66.0
63 41 67.0
63 39 68.0
63 45 69.0
63 43 70.0
63 48 71.0
63 142 72.0
64 7 48.0
64 126 49.0
64 127 50.0
64 128 51.0
64 129 52.0
64 130 53.0
64 131 54.0
64 14 55.0
64 17 56.0
64 74 57.0
64 75 58.0
64 76 59.0
64 77 60.0
64 78 61.0
64 79 62.0
64 12 63.0
64 13 64.0
64 34 65.0
64 35 66.0
64 141 67.0
65 9 47.0
65 5 48.0
65 114 49.0
65 115 50.0
65 116 51.0
65 117 52.0
65 118 53.0
65 119 54.0
65 0 55.0
65 1 56.0
65 68 57.0
65 69 58.0
65 70 59.0
65 71 60.0
65 72 61.0
65 73 62.0
65 14 63.0
65 17 64.0
65 46 65.0
65 47 66.0
65 142 67.0
66 9 49.0
66 5 50.0
66 114 51.0
66 115 52.0
66 116 53.0
66 117 54.0
66 118 55.0
66 119 56.0
66 0 57.0
66 13 58.0
66 34 59.0
66 35 60.0
66 141 61.0
67 147 49.0
67 46 50.0
67 47 51.0
67 44 52.0
67 42 53.0
67 40 54.0
67 38 55.0
67 98 56.0
67 99 57.0
67 22 58.0
67 25 59.0
67 56 60.0
67 57 61.0
67 58 62.0
67 59 63.0
67 60 64.0
67 61 65.0
67 20 66.0
67 21 67.0
67 89 68.0
67 139 69.0
68 145 30.0
68 92 31.0
68 102 32.0
68 103 33.0
68 104 34.0
68 105 35.0
68 106 36.0
68 107 37.0
68 18 38.0
68 19 39.0
68 96 40.0
68 97 41.0
68 29 42.0
68 27 43.0
68 33 44.0
68 31 45.0
68 36 46.0
68 141 47.0
69 147 45.0
69 49 46.0
69 16 47.0
69 17 48.0
69 74 49.0
69 75 50.0
69 76 51.0
69 77 52.0
69 78 53.0
69 79 54.0
69 12 55.0
69 13 56.0
69 34 57.0
69 35 58.0
69 141 59.0
70 147 36.0
70 49 37.0
70 16 38.0
70 17 39.0
70 74 40.0
70 75 41.0
70 76 42.0
70 77 43.0
70 78 44.0
70 79 45.0
70 12 46.0
70 1 47.0
70 120 48.0
70 121 49.0
70 122 50.0
70 123 51.0
70 124 52.0
70 125 53.0
70 4 54.0
70 8 55.0
71 146 31.0
71 34 32.0
71 35 33.0
71 32 34.0
71 30 35.0
71 28 36.0
71 26 37.0
71 94 38.0
71 95 39.0
71 18 40.0
71 21 41.0
71 108 42.0
71 109 43.0
71 110 44.0
71 111 45.0
71 112 46.0
71 113 47.0
71 93 48.0
71 140 49.0
72 11 43.0
72 3 44.0
72 62 45.0
72 63 46.0
72 64 47.0
72 65 48.0
72 66 49.0
72 67 50.0
72 0 51.0
72 13 52.0
72 34 53.0
72 35 54.0
72 141 55.0
73 144 34.0
73 88 35.0
73 20 36.0
73 19 37.0
73 50 38.0
73 51 39.0
73 52 40.0
73 53 41.0
73 54 42.0
73 55 43.0
73 22 44.0
73 25 45.0
73 91 46.0
73 138 47.0
74 143 32.0
74 90 33.0
74 24 34.0
74 25 35.0
74 56 36.0
74 57 37.0
74 58 38.0
74 59 39.0
74 60 40.0
74 61 41.0
74 20 42.0
74 21 43.0
74 89 44.0
74 139 45.0
75 145 49.0
75 92 50.0
75 102 51.0
75 103 52.0
75 104 53.0
75 105 54.0
75 106 55.0
75 107 56.0
75 18 57.0
75 19 58.0
75 50 59.0
75 51 60.0
75 52 61.0
75 53 62.0
75 54 63.0
75 55 64.0
75 22 65.0
75 23 66.0
75 100 67.0
75 101 68.0
75 41 69.0
75 39 70.0
75 45 71.0
75 43 72.0
75 48 73.0
75 142 74.0
77 147 38.0
77 49 39.0
77 16 40.0
77 17 41.0
77 74 42.0
77 75 43.0
77 76 44.0
77 77 45.0
77 78 46.0
77 79 47.0
77 12 48.0
77 13 49.0
77 80 50.0
77 81 51.0
77 82 52.0
77 83 53.0
77 84 54.0
77 85 55.0
77 2 56.0
77 10 57.0
78 144 38.0
78 88 39.0
78 20 40.0
78 19 41.0
78 50 42.0
78 51 43.0
78 52 44.0
78 53 45.0
78 54 46.0
78 55 47.0
78 22 48.0
78 25 49.0
78 91 50.0
78 138 51.0
81 143 42.0
81 90 43.0
81 24 44.0
81 23 45.0
81 100 46.0
81 101 47.0
81 41 48.0
81 39 49.0
81 45 50.0
81 43 51.0
81 48 52.0
81 49 53.0
81 16 54.0
81 15 55.0
81 132 56.0
81 133 57.0
81 134 58.0
81 135 59.0
81 136 60.0
81 137 61.0
81 6 62.0
83 143 49.0
83 90 50.0
83 24 51.0
83 23 52.0
83 100 53.0
83 101 54.0
83 41 55.0
83 39 56.0
83 45 57.0
83 43 58.0
83 48 59.0
83 49 60.0
83 16 61.0
83 15 62.0
83 132 63.0
83 133 64.0
83 134 65.0
83 135 66.0
83 136 67.0
83 137 68.0
83 6 69.0
84 144 45.0
84 88 46.0
84 20 47.0
84 19 48.0
84 96 49.0
84 97 50.0
84 29 51.0
84 27 52.0
84 33 53.0
84 31 54.0
84 36 55.0
84 37 56.0
84 12 57.0
84 1 58.0
84 120 59.0
84 121 60.0
84 122 61.0
84 123 62.0
84 124 63.0
84 125 64.0
84 4 65.0
84 8 66.0
88 144 47.0
88 88 48.0
88 20 49.0
88 19 50.0
88 96 51.0
88 97 52.0
88 29 53.0
88 27 54.0
88 33 55.0
88 31 56.0
88 36 57.0
88 37 58.0
88 12 59.0
88 13 60.0
88 80 61.0
88 81 62.0
88 82 63.0
88 83 64.0
88 84 65.0
88 85 66.0
88 2 67.0
88 10 68.0
89 143 46.0
89 90 47.0
89 24 48.0
89 23 49.0
89 100 50.0
89 101 51.0
89 41 52.0
89 39 53.0
89 45 54.0
89 43 55.0
89 48 56.0
89 49 57.0
89 16 58.0
89 15 59.0
89 132 60.0
89 133 61.0
89 134 62.0
89 135 63.0
89 136 64.0
89 137 65.0
89 6 66.0
90 143 44.0
90 90 45.0
90 24 46.0
90 25 47.0
90 56 48.0
90 57 49.0
90 58 50.0
90 59 51.0
90 60 52.0
90 61 53.0
90 20 54.0
90 21 55.0
90 89 56.0
90 139 57.0
92 147 43.0
92 46 44.0
92 47 45.0
92 44 46.0
92 42 47.0
92 40 48.0
92 38 49.0
92 98 50.0
92 99 51.0
92 22 52.0
92 25 53.0
92 91 54.0
92 138 55.0
93 145 41.0
93 92 42.0
93 102 43.0
93 103 44.0
93 104 45.0
93 105 46.0
93 106 47.0
93 107 48.0
93 18 49.0
93 21 50.0
93 89 51.0
93 139 52.0
99 144 49.0
99 88 50.0
99 20 51.0
99 19 52.0
99 96 53.0
99 97 54.0
99 29 55.0
99 27 56.0
99 33 57.0
99 31 58.0
99 36 59.0
99 37 60.0
99 12 61.0
99 13 62.0
99 80 63.0
99 81 64.0
99 82 65.0
99 83 66.0
99 84 67.0
99 85 68.0
99 2 69.0
99 10 70.0
100 146 3
100 37 4.0
100 12 5.0
100 13 6.0
100 80 7.0
100 81 8.0
100 82 9.0
100 83 10.0
100 84 11.0
100 85 12.0
100 2 13.0
100 10 14.0
;
param t_hat_lat:=
0 146 6.0
0 34 7.0
0 35 8.0
0 32 9.0
0 30 10.0
0 28 11.0
0 26 12.0
0 94 13.0
0 95 14.0
0 18 15.0
0 21 16.0
0 108 17.0
0 109 18.0
0 110 19.0
0 111 20.0
0 112 21.0
0 113 22.0
0 93 23.0
0 140 24.0
1 11 1.0
1 3 2.0
1 62 3.0
1 63 4.0
1 64 5.0
1 65 6.0
1 66 7.0
1 67 8.0
1 0 9.0
1 1 10.0
1 68 11.0
1 69 12.0
1 70 13.0
1 71 14.0
1 72 15.0
1 73 16.0
1 14 17.0
1 17 18.0
1 46 19.0
1 47 20.0
1 142 21.0
2 9 5.0
2 5 6.0
2 114 7.0
2 115 8.0
2 116 9.0
2 117 10.0
2 118 11.0
2 119 12.0
2 0 13.0
2 1 14.0
2 68 15.0
2 69 16.0
2 70 17.0
2 71 18.0
2 72 19.0
2 73 20.0
2 14 21.0
2 17 22.0
2 46 23.0
2 47 24.0
2 142 25.0
3 147 4.0
3 49 5.0
3 16 6.0
3 15 7.0
3 132 8.0
3 133 9.0
3 134 10.0
3 135 11.0
3 136 12.0
3 137 13.0
3 6 14.0
4 145 9.0
4 92 10.0
4 102 11.0
4 103 12.0
4 104 13.0
4 105 14.0
4 106 15.0
4 107 16.0
4 18 17.0
4 21 18.0
4 89 19.0
4 139 20.0
5 143 3.0
5 90 4.0
5 24 5.0
5 23 6.0
5 100 7.0
5 101 8.0
5 41 9.0
5 39 10.0
5 45 11.0
5 43 12.0
5 48 13.0
5 49 14.0
5 16 15.0
5 15 16.0
5 132 17.0
5 133 18.0
5 134 19.0
5 135 20.0
5 136 21.0
5 137 22.0
5 6 23.0
6 145 1.0
6 92 2.0
6 102 3.0
6 103 4.0
6 104 5.0
6 105 6.0
6 106 7.0
6 107 8.0
6 18 9.0
6 19 10.0
6 96 11.0
6 97 12.0
6 29 13.0
6 27 14.0
6 33 15.0
6 31 16.0
6 36 17.0
6 141 18.0
7 11 11.0
7 3 12.0
7 62 13.0
7 63 14.0
7 64 15.0
7 65 16.0
7 66 17.0
7 67 18.0
7 0 19.0
7 1 20.0
7 120 21.0
7 121 22.0
7 122 23.0
7 123 24.0
7 124 25.0
7 125 26.0
7 4 27.0
7 8 28.0
8 9 13.0
8 5 14.0
8 114 15.0
8 115 16.0
8 116 17.0
8 117 18.0
8 118 19.0
8 119 20.0
8 0 21.0
8 13 22.0
8 34 23.0
8 35 24.0
8 32 25.0
8 30 26.0
8 28 27.0
8 26 28.0
8 94 29.0
8 95 30.0
8 18 31.0
8 21 32.0
8 89 33.0
8 139 34.0
9 11 19.0
9 3 20.0
9 62 21.0
9 63 22.0
9 64 23.0
9 65 24.0
9 66 25.0
9 67 26.0
9 0 27.0
9 1 28.0
9 68 29.0
9 69 30.0
9 70 31.0
9 71 32.0
9 72 33.0
9 73 34.0
9 14 35.0
9 15 36.0
9 132 37.0
9 133 38.0
9 134 39.0
9 135 40.0
9 136 41.0
9 137 42.0
9 6 43.0
10 147 9.0
10 49 10.0
10 16 11.0
10 17 12.0
10 74 13.0
10 75 14.0
10 76 15.0
10 77 16.0
10 78 17.0
10 79 18.0
10 12 19.0
10 13 20.0
10 34 21.0
10 35 22.0
10 141 23.0
11 11 7.0
11 3 8.0
11 62 9.0
11 63 10.0
11 64 11.0
11 65 12.0
11 66 13.0
11 67 14.0
11 0 15.0
11 13 16.0
11 34 17.0
11 35 18.0
11 32 19.0
11 30 20.0
11 28 21.0
11 26 22.0
11 94 23.0
11 95 24.0
11 18 25.0
11 21 26.0
11 89 27.0
11 139 28.0
12 146 2.0
12 34 3.0
12 35 4.0
12 32 5.0
12 30 6.0
12 28 7.0
12 26 8.0
12 94 9.0
12 95 10.0
12 18 11.0
12 19 12.0
12 50 13.0
12 51 14.0
12 52 15.0
12 53 16.0
12 54 17.0
12 55 18.0
12 22 19.0
12 25 20.0
12 91 21.0
12 138 22.0
13 143 1.0
13 90 2.0
13 24 3.0
13 25 4.0
13 56 5.0
13 57 6.0
13 58 7.0
13 59 8.0
13 60 9.0
13 61 10.0
13 20 11.0
13 21 12.0
13 108 13.0
13 109 14.0
13 110 15.0
13 111 16.0
13 112 17.0
13 113 18.0
13 93 19.0
13 140 20.0
14 146 4.0
14 34 5.0
14 35 6.0
14 32 7.0
14 30 8.0
14 28 9.0
14 26 10.0
14 94 11.0
14 95 12.0
14 18 13.0
14 21 14.0
14 89 15.0
14 139 16.0
15 9 9.0
15 5 10.0
15 114 11.0
15 115 12.0
15 116 13.0
15 117 14.0
15 118 15.0
15 119 16.0
15 0 17.0
15 1 18.0
15 68 19.0
15 69 20.0
15 70 21.0
15 71 22.0
15 72 23.0
15 73 24.0
15 14 25.0
15 17 26.0
15 46 27.0
15 47 28.0
15 142 29.0
16 143 9.0
16 90 10.0
16 24 11.0
16 25 12.0
16 56 13.0
16 57 14.0
16 58 15.0
16 59 16.0
16 60 17.0
16 61 18.0
16 20 19.0
16 21 20.0
16 89 21.0
16 139 22.0
17 147 1.0
17 49 2.0
17 16 3.0
17 15 4.0
17 132 5.0
17 133 6.0
17 134 7.0
17 135 8.0
17 136 9.0
17 137 10.0
17 6 11.0
18 9 3.0
18 5 4.0
18 114 5.0
18 115 6.0
18 116 7.0
18 117 8.0
18 118 9.0
18 119 10.0
18 0 11.0
18 13 12.0
18 80 13.0
18 81 14.0
18 82 15.0
18 83 16.0
18 84 17.0
18 85 18.0
18 2 19.0
18 10 20.0
19 146 9.0
19 37 10.0
19 12 11.0
19 1 12.0
19 120 13.0
19 121 14.0
19 122 15.0
19 123 16.0
19 124 17.0
19 125 18.0
19 4 19.0
19 8 20.0
20 145 15.0
20 92 16.0
20 102 17.0
20 103 18.0
20 104 19.0
20 105 20.0
20 106 21.0
20 107 22.0
20 18 23.0
20 19 24.0
20 50 25.0
20 51 26.0
20 52 27.0
20 53 28.0
20 54 29.0
20 55 30.0
20 22 31.0
20 23 32.0
20 100 33.0
20 101 34.0
20 41 35.0
20 39 36.0
20 45 37.0
20 43 38.0
20 48 39.0
20 142 40.0
21 146 18.0
21 34 19.0
21 35 20.0
21 32 21.0
21 30 22.0
21 28 23.0
21 26 24.0
21 94 25.0
21 95 26.0
21 18 27.0
21 21 28.0
21 108 29.0
21 109 30.0
21 110 31.0
21 111 32.0
21 112 33.0
21 113 34.0
21 93 35.0
21 140 36.0
22 11 15.0
22 3 16.0
22 62 17.0
22 63 18.0
22 64 19.0
22 65 20.0
22 66 21.0
22 67 22.0
22 0 23.0
22 1 24.0
22 68 25.0
22 69 26.0
22 70 27.0
22 71 28.0
22 72 29.0
22 73 30.0
22 14 31.0
22 15 32.0
22 132 33.0
22 133 34.0
22 134 35.0
22 135 36.0
22 136 37.0
22 137 38.0
22 6 39.0
23 144 13.0
23 88 14.0
23 20 15.0
23 19 16.0
23 50 17.0
23 51 18.0
23 52 19.0
23 53 20.0
23 54 21.0
23 55 22.0
23 22 23.0
23 25 24.0
23 91 25.0
23 138 26.0
24 11 37.0
24 3 38.0
24 62 39.0
24 63 40.0
24 64 41.0
24 65 42.0
24 66 43.0
24 67 44.0
24 0 45.0
24 1 46.0
24 68 47.0
24 69 48.0
24 70 49.0
24 71 50.0
24 72 51.0
24 73 52.0
24 14 53.0
24 15 54.0
24 132 55.0
24 133 56.0
24 134 57.0
24 135 58.0
24 136 59.0
24 137 60.0
24 6 61.0
25 9 17.0
25 5 18.0
25 114 19.0
25 115 20.0
25 116 21.0
25 117 22.0
25 118 23.0
25 119 24.0
25 0 25.0
25 13 26.0
25 80 27.0
25 81 28.0
25 82 29.0
25 83 30.0
25 84 31.0
25 85 32.0
25 2 33.0
25 10 34.0
26 9 24.0
26 5 25.0
26 114 26.0
26 115 27.0
26 116 28.0
26 117 29.0
26 118 30.0
26 119 31.0
26 0 32.0
26 13 33.0
26 80 34.0
26 81 35.0
26 82 36.0
26 83 37.0
26 84 38.0
26 85 39.0
26 2 40.0
26 10 41.0
27 11 39.0
27 3 40.0
27 62 41.0
27 63 42.0
27 64 43.0
27 65 44.0
27 66 45.0
27 67 46.0
27 0 47.0
27 13 48.0
27 34 49.0
27 35 50.0
27 141 51.0
28 9 28.0
28 5 29.0
28 114 30.0
28 115 31.0
28 116 32.0
28 117 33.0
28 118 34.0
28 119 35.0
28 0 36.0
28 13 37.0
28 34 38.0
28 35 39.0
28 32 40.0
28 30 41.0
28 28 42.0
28 26 43.0
28 94 44.0
28 95 45.0
28 18 46.0
28 21 47.0
28 89 48.0
28 139 49.0
29 145 13.0
29 92 14.0
29 102 15.0
29 103 16.0
29 104 17.0
29 105 18.0
29 106 19.0
29 107 20.0
29 18 21.0
29 19 22.0
29 96 23.0
29 97 24.0
29 29 25.0
29 27 26.0
29 33 27.0
29 31 28.0
29 36 29.0
29 141 30.0
30 11 26.0
30 3 27.0
30 62 28.0
30 63 29.0
30 64 30.0
30 65 31.0
30 66 32.0
30 67 33.0
30 0 34.0
30 1 35.0
30 68 36.0
30 69 37.0
30 70 38.0
30 71 39.0
30 72 40.0
30 73 41.0
30 14 42.0
30 15 43.0
30 132 44.0
30 133 45.0
30 134 46.0
30 135 47.0
30 136 48.0
30 137 49.0
30 6 50.0
31 9 30.0
31 5 31.0
31 114 32.0
31 115 33.0
31 116 34.0
31 117 35.0
31 118 36.0
31 119 37.0
31 0 38.0
31 13 39.0
31 34 40.0
31 35 41.0
31 32 42.0
31 30 43.0
31 28 44.0
31 26 45.0
31 94 46.0
31 95 47.0
31 18 48.0
31 21 49.0
31 89 50.0
31 139 51.0
32 147 12.0
32 46 13.0
32 47 14.0
32 44 15.0
32 42 16.0
32 40 17.0
32 38 18.0
32 98 19.0
32 99 20.0
32 22 21.0
32 25 22.0
32 56 23.0
32 57 24.0
32 58 25.0
32 59 26.0
32 60 27.0
32 61 28.0
32 20 29.0
32 21 30.0
32 89 31.0
32 139 32.0
33 145 11.0
33 92 12.0
33 102 13.0
33 103 14.0
33 104 15.0
33 105 16.0
33 106 17.0
33 107 18.0
33 18 19.0
33 19 20.0
33 50 21.0
33 51 22.0
33 52 23.0
33 53 24.0
33 54 25.0
33 55 26.0
33 22 27.0
33 25 28.0
33 91 29.0
33 138 30.0
34 143 11.0
34 90 12.0
34 24 13.0
34 25 14.0
34 56 15.0
34 57 16.0
34 58 17.0
34 59 18.0
34 60 19.0
34 61 20.0
34 20 21.0
34 21 22.0
34 89 23.0
34 139 24.0
35 145 21.0
35 92 22.0
35 102 23.0
35 103 24.0
35 104 25.0
35 105 26.0
35 106 27.0
35 107 28.0
35 18 29.0
35 19 30.0
35 50 31.0
35 51 32.0
35 52 33.0
35 53 34.0
35 54 35.0
35 55 36.0
35 22 37.0
35 25 38.0
35 91 39.0
35 138 40.0
36 9 21.0
36 5 22.0
36 114 23.0
36 115 24.0
36 116 25.0
36 117 26.0
36 118 27.0
36 119 28.0
36 0 29.0
36 13 30.0
36 34 31.0
36 35 32.0
36 141 33.0
37 146 26.0
37 34 27.0
37 35 28.0
37 32 29.0
37 30 30.0
37 28 31.0
37 26 32.0
37 94 33.0
37 95 34.0
37 18 35.0
37 21 36.0
37 89 37.0
37 139 38.0
38 147 16.0
38 46 17.0
38 47 18.0
38 44 19.0
38 42 20.0
38 40 21.0
38 38 22.0
38 98 23.0
38 99 24.0
38 22 25.0
38 25 26.0
38 56 27.0
38 57 28.0
38 58 29.0
38 59 30.0
38 60 31.0
38 61 32.0
38 20 33.0
38 21 34.0
38 89 35.0
38 139 36.0
39 146 24.0
39 34 25.0
39 35 26.0
39 32 27.0
39 30 28.0
39 28 29.0
39 26 30.0
39 94 31.0
39 95 32.0
39 18 33.0
39 19 34.0
39 50 35.0
39 51 36.0
39 52 37.0
39 53 38.0
39 54 39.0
39 55 40.0
39 22 41.0
39 25 42.0
39 91 43.0
39 138 44.0
40 7 37.0
40 126 38.0
40 127 39.0
40 128 40.0
40 129 41.0
40 130 42.0
40 131 43.0
40 14 44.0
40 17 45.0
40 74 46.0
40 75 47.0
40 76 48.0
40 77 49.0
40 78 50.0
40 79 51.0
40 12 52.0
40 1 53.0
40 120 54.0
40 121 55.0
40 122 56.0
40 123 57.0
40 124 58.0
40 125 59.0
40 4 60.0
40 8 61.0
41 11 35.0
41 3 36.0
41 62 37.0
41 63 38.0
41 64 39.0
41 65 40.0
41 66 41.0
41 67 42.0
41 0 43.0
41 1 44.0
41 68 45.0
41 69 46.0
41 70 47.0
41 71 48.0
41 72 49.0
41 73 50.0
41 14 51.0
41 17 52.0
41 46 53.0
41 47 54.0
41 142 55.0
42 146 28.0
42 37 29.0
42 12 30.0
42 1 31.0
42 120 32.0
42 121 33.0
42 122 34.0
42 123 35.0
42 124 36.0
42 125 37.0
42 4 38.0
42 8 39.0
43 146 30.0
43 37 31.0
43 12 32.0
43 1 33.0
43 68 34.0
43 69 35.0
43 70 36.0
43 71 37.0
43 72 38.0
43 73 39.0
43 14 40.0
43 15 41.0
43 132 42.0
43 133 43.0
43 134 44.0
43 135 45.0
43 136 46.0
43 137 47.0
43 6 48.0
44 145 29.0
44 92 30.0
44 102 31.0
44 103 32.0
44 104 33.0
44 105 34.0
44 106 35.0
44 107 36.0
44 18 37.0
44 21 38.0
44 89 39.0
44 139 40.0
45 146 34.0
45 34 35.0
45 35 36.0
45 32 37.0
45 30 38.0
45 28 39.0
45 26 40.0
45 94 41.0
45 95 42.0
45 18 43.0
45 19 44.0
45 50 45.0
45 51 46.0
45 52 47.0
45 53 48.0
45 54 49.0
45 55 50.0
45 22 51.0
45 25 52.0
45 91 53.0
45 138 54.0
46 7 30.0
46 126 31.0
46 127 32.0
46 128 33.0
46 129 34.0
46 130 35.0
46 131 36.0
46 14 37.0
46 17 38.0
46 74 39.0
46 75 40.0
46 76 41.0
46 77 42.0
46 78 43.0
46 79 44.0
46 12 45.0
46 13 46.0
46 80 47.0
46 81 48.0
46 82 49.0
46 83 50.0
46 84 51.0
46 85 52.0
46 2 53.0
46 10 54.0
47 11 32.0
47 3 33.0
47 62 34.0
47 63 35.0
47 64 36.0
47 65 37.0
47 66 38.0
47 67 39.0
47 0 40.0
47 13 41.0
47 34 42.0
47 35 43.0
47 141 44.0
48 7 39.0
48 126 40.0
48 127 41.0
48 128 42.0
48 129 43.0
48 130 44.0
48 131 45.0
48 14 46.0
48 17 47.0
48 74 48.0
48 75 49.0
48 76 50.0
48 77 51.0
48 78 52.0
48 79 53.0
48 12 54.0
48 1 55.0
48 120 56.0
48 121 57.0
48 122 58.0
48 123 59.0
48 124 60.0
48 125 61.0
48 4 62.0
48 8 63.0
49 147 33.0
49 49 34.0
49 16 35.0
49 17 36.0
49 74 37.0
49 75 38.0
49 76 39.0
49 77 40.0
49 78 41.0
49 79 42.0
49 12 43.0
49 13 44.0
49 80 45.0
49 81 46.0
49 82 47.0
49 83 48.0
49 84 49.0
49 85 50.0
49 2 51.0
49 10 52.0
50 146 21.0
50 37 22.0
50 12 23.0
50 13 24.0
50 80 25.0
50 81 26.0
50 82 27.0
50 83 28.0
50 84 29.0
50 85 30.0
50 2 31.0
50 10 32.0
52 7 26.0
52 126 27.0
52 127 28.0
52 128 29.0
52 129 30.0
52 130 31.0
52 131 32.0
52 14 33.0
52 17 34.0
52 46 35.0
52 47 36.0
52 44 37.0
52 42 38.0
52 40 39.0
52 38 40.0
52 98 41.0
52 99 42.0
52 22 43.0
52 25 44.0
52 91 45.0
52 138 46.0
53 7 22.0
53 126 23.0
53 127 24.0
53 128 25.0
53 129 26.0
53 130 27.0
53 131 28.0
53 14 29.0
53 17 30.0
53 46 31.0
53 47 32.0
53 44 33.0
53 42 34.0
53 40 35.0
53 38 36.0
53 98 37.0
53 99 38.0
53 22 39.0
53 25 40.0
53 91 41.0
53 138 42.0
54 144 29.0
54 88 30.0
54 20 31.0
54 19 32.0
54 96 33.0
54 97 34.0
54 29 35.0
54 27 36.0
54 33 37.0
54 31 38.0
54 36 39.0
54 37 40.0
54 12 41.0
54 1 42.0
54 120 43.0
54 121 44.0
54 122 45.0
54 123 46.0
54 124 47.0
54 125 48.0
54 4 49.0
54 8 50.0
55 143 29.0
55 90 30.0
55 24 31.0
55 25 32.0
55 56 33.0
55 57 34.0
55 58 35.0
55 59 36.0
55 60 37.0
55 61 38.0
55 20 39.0
55 21 40.0
55 89 41.0
55 139 42.0
56 147 21.0
56 49 22.0
56 16 23.0
56 15 24.0
56 132 25.0
56 133 26.0
56 134 27.0
56 135 28.0
56 136 29.0
56 137 30.0
56 6 31.0
57 147 24.0
57 46 25.0
57 47 26.0
57 44 27.0
57 42 28.0
57 40 29.0
57 38 30.0
57 98 31.0
57 99 32.0
57 22 33.0
57 25 34.0
57 91 35.0
57 138 36.0
58 147 29.0
58 49 30.0
58 16 31.0
58 17 32.0
58 74 33.0
58 75 34.0
58 76 35.0
58 77 36.0
58 78 37.0
58 79 38.0
58 12 39.0
58 1 40.0
58 120 41.0
58 121 42.0
58 122 43.0
58 123 44.0
58 124 45.0
58 125 46.0
58 4 47.0
58 8 48.0
59 143 21.0
59 90 22.0
59 24 23.0
59 23 24.0
59 100 25.0
59 101 26.0
59 41 27.0
59 39 28.0
59 45 29.0
59 43 30.0
59 48 31.0
59 49 32.0
59 16 33.0
59 15 34.0
59 132 35.0
59 133 36.0
59 134 37.0
59 135 38.0
59 136 39.0
59 137 40.0
59 6 41.0
60 9 46.0
60 5 47.0
60 114 48.0
60 115 49.0
60 116 50.0
60 117 51.0
60 118 52.0
60 119 53.0
60 0 54.0
60 13 55.0
60 34 56.0
60 35 57.0
60 141 58.0
61 9 42.0
61 5 43.0
61 114 44.0
61 115 45.0
61 116 46.0
61 117 47.0
61 118 48.0
61 119 49.0
61 0 50.0
61 1 51.0
61 68 52.0
61 69 53.0
61 70 54.0
61 71 55.0
61 72 56.0
61 73 57.0
61 14 58.0
61 17 59.0
61 46 60.0
61 47 61.0
61 142 62.0
62 145 46.0
62 92 47.0
62 102 48.0
62 103 49.0
62 104 50.0
62 105 51.0
62 106 52.0
62 107 53.0
62 18 54.0
62 19 55.0
62 50 56.0
62 51 57.0
62 52 58.0
62 53 59.0
62 54 60.0
62 55 61.0
62 22 62.0
62 25 63.0
62 91 64.0
62 138 65.0
63 145 48.0
63 92 49.0
63 102 50.0
63 103 51.0
63 104 52.0
63 105 53.0
63 106 54.0
63 107 55.0
63 18 56.0
63 19 57.0
63 50 58.0
63 51 59.0
63 52 60.0
63 53 61.0
63 54 62.0
63 55 63.0
63 22 64.0
63 23 65.0
63 100 66.0
63 101 67.0
63 41 68.0
63 39 69.0
63 45 70.0
63 43 71.0
63 48 72.0
63 142 73.0
64 7 49.0
64 126 50.0
64 127 51.0
64 128 52.0
64 129 53.0
64 130 54.0
64 131 55.0
64 14 56.0
64 17 57.0
64 74 58.0
64 75 59.0
64 76 60.0
64 77 61.0
64 78 62.0
64 79 63.0
64 12 64.0
64 13 65.0
64 34 66.0
64 35 67.0
64 141 68.0
65 9 48.0
65 5 49.0
65 114 50.0
65 115 51.0
65 116 52.0
65 117 53.0
65 118 54.0
65 119 55.0
65 0 56.0
65 1 57.0
65 68 58.0
65 69 59.0
65 70 60.0
65 71 61.0
65 72 62.0
65 73 63.0
65 14 64.0
65 17 65.0
65 46 66.0
65 47 67.0
65 142 68.0
66 9 50.0
66 5 51.0
66 114 52.0
66 115 53.0
66 116 54.0
66 117 55.0
66 118 56.0
66 119 57.0
66 0 58.0
66 13 59.0
66 34 60.0
66 35 61.0
66 141 62.0
67 147 50.0
67 46 51.0
67 47 52.0
67 44 53.0
67 42 54.0
67 40 55.0
67 38 56.0
67 98 57.0
67 99 58.0
67 22 59.0
67 25 60.0
67 56 61.0
67 57 62.0
67 58 63.0
67 59 64.0
67 60 65.0
67 61 66.0
67 20 67.0
67 21 68.0
67 89 69.0
67 139 70.0
68 145 31.0
68 92 32.0
68 102 33.0
68 103 34.0
68 104 35.0
68 105 36.0
68 106 37.0
68 107 38.0
68 18 39.0
68 19 40.0
68 96 41.0
68 97 42.0
68 29 43.0
68 27 44.0
68 33 45.0
68 31 46.0
68 36 47.0
68 141 48.0
69 147 46.0
69 49 47.0
69 16 48.0
69 17 49.0
69 74 50.0
69 75 51.0
69 76 52.0
69 77 53.0
69 78 54.0
69 79 55.0
69 12 56.0
69 13 57.0
69 34 58.0
69 35 59.0
69 141 60.0
70 147 37.0
70 49 38.0
70 16 39.0
70 17 40.0
70 74 41.0
70 75 42.0
70 76 43.0
70 77 44.0
70 78 45.0
70 79 46.0
70 12 47.0
70 1 48.0
70 120 49.0
70 121 50.0
70 122 51.0
70 123 52.0
70 124 53.0
70 125 54.0
70 4 55.0
70 8 56.0
71 146 32.0
71 34 33.0
71 35 34.0
71 32 35.0
71 30 36.0
71 28 37.0
71 26 38.0
71 94 39.0
71 95 40.0
71 18 41.0
71 21 42.0
71 108 43.0
71 109 44.0
71 110 45.0
71 111 46.0
71 112 47.0
71 113 48.0
71 93 49.0
71 140 50.0
72 11 44.0
72 3 45.0
72 62 46.0
72 63 47.0
72 64 48.0
72 65 49.0
72 66 50.0
72 67 51.0
72 0 52.0
72 13 53.0
72 34 54.0
72 35 55.0
72 141 56.0
73 144 35.0
73 88 36.0
73 20 37.0
73 19 38.0
73 50 39.0
73 51 40.0
73 52 41.0
73 53 42.0
73 54 43.0
73 55 44.0
73 22 45.0
73 25 46.0
73 91 47.0
73 138 48.0
74 143 33.0
74 90 34.0
74 24 35.0
74 25 36.0
74 56 37.0
74 57 38.0
74 58 39.0
74 59 40.0
74 60 41.0
74 61 42.0
74 20 43.0
74 21 44.0
74 89 45.0
74 139 46.0
75 145 50.0
75 92 51.0
75 102 52.0
75 103 53.0
75 104 54.0
75 105 55.0
75 106 56.0
75 107 57.0
75 18 58.0
75 19 59.0
75 50 60.0
75 51 61.0
75 52 62.0
75 53 63.0
75 54 64.0
75 55 65.0
75 22 66.0
75 23 67.0
75 100 68.0
75 101 69.0
75 41 70.0
75 39 71.0
75 45 72.0
75 43 73.0
75 48 74.0
75 142 75.0
77 147 39.0
77 49 40.0
77 16 41.0
77 17 42.0
77 74 43.0
77 75 44.0
77 76 45.0
77 77 46.0
77 78 47.0
77 79 48.0
77 12 49.0
77 13 50.0
77 80 51.0
77 81 52.0
77 82 53.0
77 83 54.0
77 84 55.0
77 85 56.0
77 2 57.0
77 10 58.0
78 144 39.0
78 88 40.0
78 20 41.0
78 19 42.0
78 50 43.0
78 51 44.0
78 52 45.0
78 53 46.0
78 54 47.0
78 55 48.0
78 22 49.0
78 25 50.0
78 91 51.0
78 138 52.0
81 143 43.0
81 90 44.0
81 24 45.0
81 23 46.0
81 100 47.0
81 101 48.0
81 41 49.0
81 39 50.0
81 45 51.0
81 43 52.0
81 48 53.0
81 49 54.0
81 16 55.0
81 15 56.0
81 132 57.0
81 133 58.0
81 134 59.0
81 135 60.0
81 136 61.0
81 137 62.0
81 6 63.0
83 143 50.0
83 90 51.0
83 24 52.0
83 23 53.0
83 100 54.0
83 101 55.0
83 41 56.0
83 39 57.0
83 45 58.0
83 43 59.0
83 48 60.0
83 49 61.0
83 16 62.0
83 15 63.0
83 132 64.0
83 133 65.0
83 134 66.0
83 135 67.0
83 136 68.0
83 137 69.0
83 6 70.0
84 144 46.0
84 88 47.0
84 20 48.0
84 19 49.0
84 96 50.0
84 97 51.0
84 29 52.0
84 27 53.0
84 33 54.0
84 31 55.0
84 36 56.0
84 37 57.0
84 12 58.0
84 1 59.0
84 120 60.0
84 121 61.0
84 122 62.0
84 123 63.0
84 124 64.0
84 125 65.0
84 4 66.0
84 8 67.0
88 144 48.0
88 88 49.0
88 20 50.0
88 19 51.0
88 96 52.0
88 97 53.0
88 29 54.0
88 27 55.0
88 33 56.0
88 31 57.0
88 36 58.0
88 37 59.0
88 12 60.0
88 13 61.0
88 80 62.0
88 81 63.0
88 82 64.0
88 83 65.0
88 84 66.0
88 85 67.0
88 2 68.0
88 10 69.0
89 143 47.0
89 90 48.0
89 24 49.0
89 23 50.0
89 100 51.0
89 101 52.0
89 41 53.0
89 39 54.0
89 45 55.0
89 43 56.0
89 48 57.0
89 49 58.0
89 16 59.0
89 15 60.0
89 132 61.0
89 133 62.0
89 134 63.0
89 135 64.0
89 136 65.0
89 137 66.0
89 6 67.0
90 143 45.0
90 90 46.0
90 24 47.0
90 25 48.0
90 56 49.0
90 57 50.0
90 58 51.0
90 59 52.0
90 60 53.0
90 61 54.0
90 20 55.0
90 21 56.0
90 89 57.0
90 139 58.0
92 147 44.0
92 46 45.0
92 47 46.0
92 44 47.0
92 42 48.0
92 40 49.0
92 38 50.0
92 98 51.0
92 99 52.0
92 22 53.0
92 25 54.0
92 91 55.0
92 138 56.0
93 145 42.0
93 92 43.0
93 102 44.0
93 103 45.0
93 104 46.0
93 105 47.0
93 106 48.0
93 107 49.0
93 18 50.0
93 21 51.0
93 89 52.0
93 139 53.0
99 144 50.0
99 88 51.0
99 20 52.0
99 19 53.0
99 96 54.0
99 97 55.0
99 29 56.0
99 27 57.0
99 33 58.0
99 31 59.0
99 36 60.0
99 37 61.0
99 12 62.0
99 13 63.0
99 80 64.0
99 81 65.0
99 82 66.0
99 83 67.0
99 84 68.0
99 85 69.0
99 2 70.0
99 10 71.0
100 146 4
100 37 5.0
100 12 6.0
100 13 7.0
100 80 8.0
100 81 9.0
100 82 10.0
100 83 11.0
100 84 12.0
100 85 13.0
100 2 14.0
100 10 15.0
;
set fixedFlights :=
0 18 21
0 34 35
0 35 32
0 32 30
0 30 28
0 28 26
0 26 94
0 94 95
0 95 18
0 21 108
0 108 109
0 109 110
0 110 111
0 111 112
0 112 113
0 113 93
0 93 140
0 146 34
1 0 1
1 11 3
1 14 17
1 17 46
1 46 47
1 3 62
1 62 63
1 63 64
1 64 65
1 65 66
1 66 67
1 67 0
1 1 68
1 68 69
1 69 70
1 70 71
1 71 72
1 72 73
1 73 14
1 47 142
2 0 1
2 9 5
2 14 17
2 17 46
2 46 47
2 1 68
2 68 69
2 69 70
2 70 71
2 71 72
2 72 73
2 73 14
2 5 114
2 114 115
2 115 116
2 116 117
2 117 118
2 118 119
2 119 0
2 47 142
3 16 15
3 49 16
3 15 132
3 132 133
3 133 134
3 134 135
3 135 136
3 136 137
3 137 6
3 147 49
4 18 21
4 92 102
4 102 103
4 103 104
4 104 105
4 105 106
4 106 107
4 107 18
4 21 89
4 145 92
4 89 139
5 16 15
5 24 23
5 41 39
5 39 45
5 45 43
5 43 48
5 48 49
5 49 16
5 23 100
5 100 101
5 101 41
5 90 24
5 15 132
5 132 133
5 133 134
5 134 135
5 135 136
5 136 137
5 137 6
5 143 90
6 12 13
6 16 17
6 18 19
6 22 23
6 13 34
6 34 35
6 41 39
6 39 45
6 45 43
6 43 48
6 48 49
6 49 16
6 19 50
6 50 51
6 51 52
6 52 53
6 53 54
6 54 55
6 55 22
6 17 74
6 74 75
6 75 76
6 76 77
6 77 78
6 78 79
6 79 12
6 23 100
6 100 101
6 101 41
6 92 102
6 102 103
6 103 104
6 104 105
6 105 106
6 106 107
6 107 18
6 145 92
6 35 141
7 0 1
7 11 3
7 4 8
7 3 62
7 62 63
7 63 64
7 64 65
7 65 66
7 66 67
7 67 0
7 1 120
7 120 121
7 121 122
7 122 123
7 123 124
7 124 125
7 125 4
8 9 5
8 0 13
8 18 21
8 13 34
8 34 35
8 35 32
8 32 30
8 30 28
8 28 26
8 26 94
8 94 95
8 95 18
8 21 89
8 5 114
8 114 115
8 115 116
8 116 117
8 117 118
8 118 119
8 119 0
8 89 139
9 0 1
9 11 3
9 14 15
9 3 62
9 62 63
9 63 64
9 64 65
9 65 66
9 66 67
9 67 0
9 1 68
9 68 69
9 69 70
9 70 71
9 71 72
9 72 73
9 73 14
9 15 132
9 132 133
9 133 134
9 134 135
9 135 136
9 136 137
9 137 6
10 12 13
10 16 17
10 13 34
10 34 35
10 49 16
10 17 74
10 74 75
10 75 76
10 76 77
10 77 78
10 78 79
10 79 12
10 35 141
10 147 49
11 11 3
11 0 13
11 18 21
11 13 34
11 34 35
11 35 32
11 32 30
11 30 28
11 28 26
11 3 62
11 62 63
11 63 64
11 64 65
11 65 66
11 66 67
11 67 0
11 26 94
11 94 95
11 95 18
11 21 89
11 89 139
12 18 19
12 22 25
12 34 35
12 35 32
12 32 30
12 30 28
12 28 26
12 19 50
12 50 51
12 51 52
12 52 53
12 53 54
12 54 55
12 55 22
12 26 94
12 94 95
12 95 18
12 25 91
12 91 138
12 146 34
13 20 21
13 24 25
13 25 56
13 56 57
13 57 58
13 58 59
13 59 60
13 60 61
13 61 20
13 21 108
13 108 109
13 109 110
13 110 111
13 111 112
13 112 113
13 113 93
13 90 24
13 143 90
13 93 140
14 18 21
14 34 35
14 35 32
14 32 30
14 30 28
14 28 26
14 26 94
14 94 95
14 95 18
14 21 89
14 89 139
14 146 34
15 0 1
15 9 5
15 14 17
15 17 46
15 46 47
15 1 68
15 68 69
15 69 70
15 70 71
15 71 72
15 72 73
15 73 14
15 5 114
15 114 115
15 115 116
15 116 117
15 117 118
15 118 119
15 119 0
15 47 142
16 20 21
16 24 25
16 25 56
16 56 57
16 57 58
16 58 59
16 59 60
16 60 61
16 61 20
16 21 89
16 90 24
16 143 90
16 89 139
17 16 15
17 49 16
17 15 132
17 132 133
17 133 134
17 134 135
17 135 136
17 136 137
17 137 6
17 147 49
18 2 10
18 9 5
18 0 13
18 13 80
18 80 81
18 81 82
18 82 83
18 83 84
18 84 85
18 85 2
18 5 114
18 114 115
18 115 116
18 116 117
18 117 118
18 118 119
18 119 0
19 4 8
19 12 1
19 37 12
19 1 120
19 120 121
19 121 122
19 122 123
19 123 124
19 124 125
19 125 4
19 146 37
20 18 19
20 22 23
20 41 39
20 39 45
20 45 43
20 43 48
20 19 50
20 50 51
20 51 52
20 52 53
20 53 54
20 54 55
20 55 22
20 23 100
20 100 101
20 101 41
20 92 102
20 102 103
20 103 104
20 104 105
20 105 106
20 106 107
20 107 18
20 145 92
20 48 142
21 18 21
21 34 35
21 35 32
21 32 30
21 30 28
21 28 26
21 26 94
21 94 95
21 95 18
21 21 108
21 108 109
21 109 110
21 110 111
21 111 112
21 112 113
21 113 93
21 93 140
21 146 34
22 0 1
22 11 3
22 14 15
22 3 62
22 62 63
22 63 64
22 64 65
22 65 66
22 66 67
22 67 0
22 1 68
22 68 69
22 69 70
22 70 71
22 71 72
22 72 73
22 73 14
22 15 132
22 132 133
22 133 134
22 134 135
22 135 136
22 136 137
22 137 6
23 20 19
23 22 25
23 19 50
23 50 51
23 51 52
23 52 53
23 53 54
23 54 55
23 55 22
23 88 20
23 25 91
23 144 88
23 91 138
24 0 1
24 11 3
24 14 15
24 3 62
24 62 63
24 63 64
24 64 65
24 65 66
24 66 67
24 67 0
24 1 68
24 68 69
24 69 70
24 70 71
24 71 72
24 72 73
24 73 14
24 15 132
24 132 133
24 133 134
24 134 135
24 135 136
24 136 137
24 137 6
25 2 10
25 9 5
25 0 13
25 13 80
25 80 81
25 81 82
25 82 83
25 83 84
25 84 85
25 85 2
25 5 114
25 114 115
25 115 116
25 116 117
25 117 118
25 118 119
25 119 0
26 2 10
26 9 5
26 0 13
26 13 80
26 80 81
26 81 82
26 82 83
26 83 84
26 84 85
26 85 2
26 5 114
26 114 115
26 115 116
26 116 117
26 117 118
26 118 119
26 119 0
27 11 3
27 0 13
27 13 34
27 34 35
27 3 62
27 62 63
27 63 64
27 64 65
27 65 66
27 66 67
27 67 0
27 35 141
28 9 5
28 0 13
28 18 21
28 13 34
28 34 35
28 35 32
28 32 30
28 30 28
28 28 26
28 26 94
28 94 95
28 95 18
28 21 89
28 5 114
28 114 115
28 115 116
28 116 117
28 117 118
28 118 119
28 119 0
28 89 139
29 18 19
29 29 27
29 27 33
29 33 31
29 31 36
29 19 96
29 96 97
29 97 29
29 92 102
29 102 103
29 103 104
29 104 105
29 105 106
29 106 107
29 107 18
29 145 92
29 36 141
30 0 1
30 11 3
30 14 15
30 3 62
30 62 63
30 63 64
30 64 65
30 65 66
30 66 67
30 67 0
30 1 68
30 68 69
30 69 70
30 70 71
30 71 72
30 72 73
30 73 14
30 15 132
30 132 133
30 133 134
30 134 135
30 135 136
30 136 137
30 137 6
31 9 5
31 0 13
31 18 21
31 13 34
31 34 35
31 35 32
31 32 30
31 30 28
31 28 26
31 26 94
31 94 95
31 95 18
31 21 89
31 5 114
31 114 115
31 115 116
31 116 117
31 117 118
31 118 119
31 119 0
31 89 139
32 20 21
32 22 25
32 46 47
32 47 44
32 44 42
32 42 40
32 40 38
32 25 56
32 56 57
32 57 58
32 58 59
32 59 60
32 60 61
32 61 20
32 38 98
32 98 99
32 99 22
32 21 89
32 89 139
32 147 46
33 18 19
33 22 25
33 19 50
33 50 51
33 51 52
33 52 53
33 53 54
33 54 55
33 55 22
33 92 102
33 102 103
33 103 104
33 104 105
33 105 106
33 106 107
33 107 18
33 25 91
33 145 92
33 91 138
34 20 21
34 24 25
34 25 56
34 56 57
34 57 58
34 58 59
34 59 60
34 60 61
34 61 20
34 21 89
34 90 24
34 143 90
34 89 139
35 18 19
35 22 25
35 19 50
35 50 51
35 51 52
35 52 53
35 53 54
35 54 55
35 55 22
35 92 102
35 102 103
35 103 104
35 104 105
35 105 106
35 106 107
35 107 18
35 25 91
35 145 92
35 91 138
36 9 5
36 0 13
36 13 34
36 34 35
36 5 114
36 114 115
36 115 116
36 116 117
36 117 118
36 118 119
36 119 0
36 35 141
37 18 21
37 34 35
37 35 32
37 32 30
37 30 28
37 28 26
37 26 94
37 94 95
37 95 18
37 21 89
37 89 139
37 146 34
38 20 21
38 22 25
38 46 47
38 47 44
38 44 42
38 42 40
38 40 38
38 25 56
38 56 57
38 57 58
38 58 59
38 59 60
38 60 61
38 61 20
38 38 98
38 98 99
38 99 22
38 21 89
38 89 139
38 147 46
39 18 19
39 22 25
39 34 35
39 35 32
39 32 30
39 30 28
39 28 26
39 19 50
39 50 51
39 51 52
39 52 53
39 53 54
39 54 55
39 55 22
39 26 94
39 94 95
39 95 18
39 25 91
39 91 138
39 146 34
40 4 8
40 12 1
40 14 17
40 17 74
40 74 75
40 75 76
40 76 77
40 77 78
40 78 79
40 79 12
40 1 120
40 120 121
40 121 122
40 122 123
40 123 124
40 124 125
40 125 4
40 7 126
40 126 127
40 127 128
40 128 129
40 129 130
40 130 131
40 131 14
41 0 1
41 11 3
41 14 17
41 17 46
41 46 47
41 3 62
41 62 63
41 63 64
41 64 65
41 65 66
41 66 67
41 67 0
41 1 68
41 68 69
41 69 70
41 70 71
41 71 72
41 72 73
41 73 14
41 47 142
42 4 8
42 12 1
42 37 12
42 1 120
42 120 121
42 121 122
42 122 123
42 123 124
42 124 125
42 125 4
42 146 37
43 12 1
43 14 15
43 37 12
43 1 68
43 68 69
43 69 70
43 70 71
43 71 72
43 72 73
43 73 14
43 15 132
43 132 133
43 133 134
43 134 135
43 135 136
43 136 137
43 137 6
43 146 37
44 18 21
44 92 102
44 102 103
44 103 104
44 104 105
44 105 106
44 106 107
44 107 18
44 21 89
44 145 92
44 89 139
45 18 19
45 22 25
45 34 35
45 35 32
45 32 30
45 30 28
45 28 26
45 19 50
45 50 51
45 51 52
45 52 53
45 53 54
45 54 55
45 55 22
45 26 94
45 94 95
45 95 18
45 25 91
45 91 138
45 146 34
46 2 10
46 12 13
46 14 17
46 17 74
46 74 75
46 75 76
46 76 77
46 77 78
46 78 79
46 79 12
46 13 80
46 80 81
46 81 82
46 82 83
46 83 84
46 84 85
46 85 2
46 7 126
46 126 127
46 127 128
46 128 129
46 129 130
46 130 131
46 131 14
47 11 3
47 0 13
47 13 34
47 34 35
47 3 62
47 62 63
47 63 64
47 64 65
47 65 66
47 66 67
47 67 0
47 35 141
48 4 8
48 12 1
48 14 17
48 17 74
48 74 75
48 75 76
48 76 77
48 77 78
48 78 79
48 79 12
48 1 120
48 120 121
48 121 122
48 122 123
48 123 124
48 124 125
48 125 4
48 7 126
48 126 127
48 127 128
48 128 129
48 129 130
48 130 131
48 131 14
49 2 10
49 12 13
49 16 17
49 49 16
49 17 74
49 74 75
49 75 76
49 76 77
49 77 78
49 78 79
49 79 12
49 13 80
49 80 81
49 81 82
49 82 83
49 83 84
49 84 85
49 85 2
49 147 49
50 2 10
50 12 13
50 37 12
50 13 80
50 80 81
50 81 82
50 82 83
50 83 84
50 84 85
50 85 2
50 146 37
52 14 17
52 22 25
52 17 46
52 46 47
52 47 44
52 44 42
52 42 40
52 40 38
52 38 98
52 98 99
52 99 22
52 25 91
52 7 126
52 126 127
52 127 128
52 128 129
52 129 130
52 130 131
52 131 14
52 91 138
53 14 17
53 22 25
53 17 46
53 46 47
53 47 44
53 44 42
53 42 40
53 40 38
53 38 98
53 98 99
53 99 22
53 25 91
53 7 126
53 126 127
53 127 128
53 128 129
53 129 130
53 130 131
53 131 14
53 91 138
54 4 8
54 12 1
54 20 19
54 29 27
54 27 33
54 33 31
54 31 36
54 36 37
54 37 12
54 19 96
54 96 97
54 97 29
54 88 20
54 1 120
54 120 121
54 121 122
54 122 123
54 123 124
54 124 125
54 125 4
54 144 88
55 20 21
55 24 25
55 25 56
55 56 57
55 57 58
55 58 59
55 59 60
55 60 61
55 61 20
55 21 89
55 90 24
55 143 90
55 89 139
56 16 15
56 49 16
56 15 132
56 132 133
56 133 134
56 134 135
56 135 136
56 136 137
56 137 6
56 147 49
57 22 25
57 46 47
57 47 44
57 44 42
57 42 40
57 40 38
57 38 98
57 98 99
57 99 22
57 25 91
57 91 138
57 147 46
58 4 8
58 12 1
58 16 17
58 49 16
58 17 74
58 74 75
58 75 76
58 76 77
58 77 78
58 78 79
58 79 12
58 1 120
58 120 121
58 121 122
58 122 123
58 123 124
58 124 125
58 125 4
58 147 49
59 16 15
59 24 23
59 41 39
59 39 45
59 45 43
59 43 48
59 48 49
59 49 16
59 23 100
59 100 101
59 101 41
59 90 24
59 15 132
59 132 133
59 133 134
59 134 135
59 135 136
59 136 137
59 137 6
59 143 90
60 9 5
60 0 13
60 13 34
60 34 35
60 5 114
60 114 115
60 115 116
60 116 117
60 117 118
60 118 119
60 119 0
60 35 141
61 0 1
61 9 5
61 14 17
61 17 46
61 46 47
61 1 68
61 68 69
61 69 70
61 70 71
61 71 72
61 72 73
61 73 14
61 5 114
61 114 115
61 115 116
61 116 117
61 117 118
61 118 119
61 119 0
61 47 142
62 18 19
62 22 25
62 19 50
62 50 51
62 51 52
62 52 53
62 53 54
62 54 55
62 55 22
62 92 102
62 102 103
62 103 104
62 104 105
62 105 106
62 106 107
62 107 18
62 25 91
62 145 92
62 91 138
63 18 19
63 22 23
63 41 39
63 39 45
63 45 43
63 43 48
63 19 50
63 50 51
63 51 52
63 52 53
63 53 54
63 54 55
63 55 22
63 23 100
63 100 101
63 101 41
63 92 102
63 102 103
63 103 104
63 104 105
63 105 106
63 106 107
63 107 18
63 145 92
63 48 142
64 12 13
64 14 17
64 13 34
64 34 35
64 17 74
64 74 75
64 75 76
64 76 77
64 77 78
64 78 79
64 79 12
64 7 126
64 126 127
64 127 128
64 128 129
64 129 130
64 130 131
64 131 14
64 35 141
65 0 1
65 9 5
65 14 17
65 17 46
65 46 47
65 1 68
65 68 69
65 69 70
65 70 71
65 71 72
65 72 73
65 73 14
65 5 114
65 114 115
65 115 116
65 116 117
65 117 118
65 118 119
65 119 0
65 47 142
66 9 5
66 0 13
66 13 34
66 34 35
66 5 114
66 114 115
66 115 116
66 116 117
66 117 118
66 118 119
66 119 0
66 35 141
67 20 21
67 22 25
67 46 47
67 47 44
67 44 42
67 42 40
67 40 38
67 25 56
67 56 57
67 57 58
67 58 59
67 59 60
67 60 61
67 61 20
67 38 98
67 98 99
67 99 22
67 21 89
67 89 139
67 147 46
68 18 19
68 29 27
68 27 33
68 33 31
68 31 36
68 19 96
68 96 97
68 97 29
68 92 102
68 102 103
68 103 104
68 104 105
68 105 106
68 106 107
68 107 18
68 145 92
68 36 141
69 12 13
69 16 17
69 13 34
69 34 35
69 49 16
69 17 74
69 74 75
69 75 76
69 76 77
69 77 78
69 78 79
69 79 12
69 35 141
69 147 49
70 4 8
70 12 1
70 16 17
70 49 16
70 17 74
70 74 75
70 75 76
70 76 77
70 77 78
70 78 79
70 79 12
70 1 120
70 120 121
70 121 122
70 122 123
70 123 124
70 124 125
70 125 4
70 147 49
71 18 21
71 34 35
71 35 32
71 32 30
71 30 28
71 28 26
71 26 94
71 94 95
71 95 18
71 21 108
71 108 109
71 109 110
71 110 111
71 111 112
71 112 113
71 113 93
71 93 140
71 146 34
72 11 3
72 0 13
72 13 34
72 34 35
72 3 62
72 62 63
72 63 64
72 64 65
72 65 66
72 66 67
72 67 0
72 35 141
73 20 19
73 22 25
73 19 50
73 50 51
73 51 52
73 52 53
73 53 54
73 54 55
73 55 22
73 88 20
73 25 91
73 144 88
73 91 138
74 20 21
74 24 25
74 25 56
74 56 57
74 57 58
74 58 59
74 59 60
74 60 61
74 61 20
74 21 89
74 90 24
74 143 90
74 89 139
75 18 19
75 22 23
75 41 39
75 39 45
75 45 43
75 43 48
75 19 50
75 50 51
75 51 52
75 52 53
75 53 54
75 54 55
75 55 22
75 23 100
75 100 101
75 101 41
75 92 102
75 102 103
75 103 104
75 104 105
75 105 106
75 106 107
75 107 18
75 145 92
75 48 142
77 2 10
77 12 13
77 16 17
77 49 16
77 17 74
77 74 75
77 75 76
77 76 77
77 77 78
77 78 79
77 79 12
77 13 80
77 80 81
77 81 82
77 82 83
77 83 84
77 84 85
77 85 2
77 147 49
78 20 19
78 22 25
78 19 50
78 50 51
78 51 52
78 52 53
78 53 54
78 54 55
78 55 22
78 88 20
78 25 91
78 144 88
78 91 138
81 16 15
81 24 23
81 41 39
81 39 45
81 45 43
81 43 48
81 48 49
81 49 16
81 23 100
81 100 101
81 101 41
81 90 24
81 15 132
81 132 133
81 133 134
81 134 135
81 135 136
81 136 137
81 137 6
81 143 90
83 16 15
83 24 23
83 41 39
83 39 45
83 45 43
83 43 48
83 48 49
83 49 16
83 23 100
83 100 101
83 101 41
83 90 24
83 15 132
83 132 133
83 133 134
83 134 135
83 135 136
83 136 137
83 137 6
83 143 90
84 4 8
84 12 1
84 20 19
84 29 27
84 27 33
84 33 31
84 31 36
84 36 37
84 37 12
84 19 96
84 96 97
84 97 29
84 88 20
84 1 120
84 120 121
84 121 122
84 122 123
84 123 124
84 124 125
84 125 4
84 144 88
88 2 10
88 12 13
88 20 19
88 29 27
88 27 33
88 33 31
88 31 36
88 36 37
88 37 12
88 13 80
88 80 81
88 81 82
88 82 83
88 83 84
88 84 85
88 85 2
88 19 96
88 96 97
88 97 29
88 88 20
88 144 88
89 16 15
89 24 23
89 41 39
89 39 45
89 45 43
89 43 48
89 48 49
89 49 16
89 23 100
89 100 101
89 101 41
89 90 24
89 15 132
89 132 133
89 133 134
89 134 135
89 135 136
89 136 137
89 137 6
89 143 90
90 20 21
90 24 25
90 25 56
90 56 57
90 57 58
90 58 59
90 59 60
90 60 61
90 61 20
90 21 89
90 90 24
90 143 90
90 89 139
92 22 25
92 46 47
92 47 44
92 44 42
92 42 40
92 40 38
92 38 98
92 98 99
92 99 22
92 25 91
92 91 138
92 147 46
93 18 21
93 92 102
93 102 103
93 103 104
93 104 105
93 105 106
93 106 107
93 107 18
93 21 89
93 145 92
93 89 139
99 2 10
99 12 13
99 20 19
99 29 27
99 27 33
99 33 31
99 31 36
99 36 37
99 37 12
99 13 80
99 80 81
99 81 82
99 82 83
99 83 84
99 84 85
99 85 2
99 19 96
99 96 97
99 97 29
99 88 20
99 144 88
100 2 10
100 12 13
100 37 12
100 13 80
100 80 81
100 81 82
100 82 83
100 83 84
100 84 85
100 85 2
100 146 37
;
;
set inFlight:=
1
5
6
12
13
17
18
;
param tini := 2.547489987933216;
