param nn:= 148;
set F:=
0
1
2
3
4
5
6
7
8
9
11
12
13
14
15
16
17
18
19
20
21
22
23
24
25
26
27
28
29
30
31
32
33
34
35
36
37
38
39
40
41
42
43
44
45
46
47
49
50
51
52
53
54
55
56
57
58
59
60
61
62
63
64
65
66
67
68
69
70
71
72
73
74
75
76
77
79
82
85
87
88
89
91
97
99
100
;
set AP:=
100
;
param: E: d:=
0 1 2.500000
2 10 1.500000
11 3 1.500000
4 8 1.500000
9 5 1.500000
12 13 2.500000
0 13 2.500000
12 1 2.500000
14 15 2.500000
16 17 2.500000
14 17 2.500000
16 15 2.500000
18 19 2.500000
20 21 2.500000
18 21 2.500000
20 19 2.500000
22 23 2.500000
24 25 2.500000
22 25 2.500000
24 23 2.500000
13 34 2.500000
34 35 2.500000
35 32 2.500000
32 30 2.500000
30 28 2.500000
28 26 2.500000
29 27 2.500000
27 33 2.500000
33 31 2.500000
31 36 2.500000
36 37 2.500000
37 12 2.500000
17 46 2.500000
46 47 2.500000
47 44 2.500000
44 42 2.500000
42 40 2.500000
40 38 2.500000
41 39 2.500000
39 45 2.500000
45 43 2.500000
43 48 2.500000
48 49 2.500000
49 16 2.500000
19 50 2.500000
50 51 2.500000
51 52 2.500000
52 53 2.500000
53 54 2.500000
54 55 2.500000
55 22 2.500000
25 56 2.500000
56 57 2.500000
57 58 2.500000
58 59 2.500000
59 60 2.500000
60 61 2.500000
61 20 2.500000
3 62 2.500000
62 63 2.500000
63 64 2.500000
64 65 2.500000
65 66 2.500000
66 67 2.500000
67 0 2.500000
1 68 2.500000
68 69 2.500000
69 70 2.500000
70 71 2.500000
71 72 2.500000
72 73 2.500000
73 14 2.500000
17 74 2.500000
74 75 2.500000
75 76 2.500000
76 77 2.500000
77 78 2.500000
78 79 2.500000
79 12 2.500000
13 80 2.500000
80 81 2.500000
81 82 2.500000
82 83 2.500000
83 84 2.500000
84 85 2.500000
85 2 2.500000
26 94 2.500000
94 95 2.500000
95 18 2.500000
19 96 2.500000
96 97 2.500000
97 29 2.500000
38 98 2.500000
98 99 2.500000
99 22 2.500000
23 100 2.500000
100 101 2.500000
101 41 2.500000
92 102 2.500000
102 103 2.500000
103 104 2.500000
104 105 2.500000
105 106 2.500000
106 107 2.500000
107 18 2.500000
21 108 2.500000
108 109 2.500000
109 110 2.500000
110 111 2.500000
111 112 2.500000
112 113 2.500000
113 93 2.500000
21 89 2.500000
88 20 2.500000
25 91 2.500000
90 24 2.500000
5 114 2.500000
114 115 2.500000
115 116 2.500000
116 117 2.500000
117 118 2.500000
118 119 2.500000
119 0 2.500000
1 120 2.500000
120 121 2.500000
121 122 2.500000
122 123 2.500000
123 124 2.500000
124 125 2.500000
125 4 2.500000
7 126 1.500000
126 127 2.500000
127 128 2.500000
128 129 2.500000
129 130 2.500000
130 131 2.500000
131 14 2.500000
15 132 2.500000
132 133 2.500000
133 134 2.500000
134 135 2.500000
135 136 2.500000
136 137 2.500000
137 6 1.500000
87 6 1.500000
7 86 1.500000
144 88 1.500000
143 90 1.500000
145 92 1.500000
93 140 1.500000
89 139 1.500000
91 138 1.500000
48 142 1.500000
47 142 1.500000
36 141 1.500000
35 141 1.500000
146 37 1.500000
146 34 1.500000
147 46 1.500000
147 49 1.500000
;
param s:=
0 143
1 7
2 144
3 7
4 7
5 147
6 147
7 143
8 7
9 7
11 147
12 11
13 147
14 144
15 143
16 145
17 144
18 144
19 9
20 7
21 144
22 143
23 9
24 146
25 145
26 144
27 143
28 147
29 7
30 146
31 144
32 146
33 146
34 9
35 145
36 146
37 145
38 145
39 143
40 9
41 145
42 147
43 7
44 144
45 7
46 145
47 9
49 145
50 146
51 143
52 144
53 9
54 144
55 147
56 9
57 146
58 11
59 143
60 9
61 145
62 146
63 7
64 9
65 146
66 143
67 145
68 11
69 9
70 9
71 147
72 144
73 147
74 145
75 145
76 144
77 9
79 7
82 11
85 143
87 143
88 143
89 7
91 145
97 145
99 146
100 143
;
param e:=
0 140
1 142
2 10
3 141
4 8
5 10
6 6
7 6
8 8
9 141
11 8
12 141
13 6
14 138
15 140
16 141
17 10
18 142
19 6
20 142
21 141
22 6
23 142
24 10
25 141
26 142
27 141
28 8
29 141
30 138
31 140
32 10
33 142
34 142
35 138
36 6
37 141
38 138
39 141
40 141
41 139
42 139
43 141
44 142
45 138
46 138
47 6
49 141
50 139
51 139
52 140
53 10
54 138
55 138
56 142
57 140
58 142
59 6
60 141
61 142
62 140
63 138
64 141
65 138
66 6
67 139
68 8
69 139
70 10
71 141
72 8
73 8
74 142
75 141
76 10
77 139
79 142
82 142
85 139
87 140
88 142
89 10
91 139
97 141
99 142
100 6
;
param v_min:=2.375
;
param v_max:=2.625
;
param :conflictsNodes: angle:=
0 1 13 1.000000
0 13 1 1.000000
0 1 67 1.000000
0 67 1 1.000000
0 1 119 1.000000
0 119 1 1.000000
0 13 67 1.000000
0 67 13 1.000000
0 13 119 1.000000
0 119 13 1.000000
0 67 119 1.000000
0 119 67 1.000000
1 0 68 1.000000
1 68 0 1.000000
1 0 120 1.000000
1 120 0 1.000000
1 0 12 1.000000
1 12 0 1.000000
1 68 120 1.000000
1 120 68 1.000000
1 12 68 1.000000
1 68 12 1.000000
1 12 120 1.000000
1 120 12 1.000000
12 13 37 1.000000
12 37 13 1.000000
12 13 79 1.000000
12 79 13 1.000000
12 1 13 1.000000
12 13 1 1.000000
12 1 37 1.000000
12 37 1 1.000000
12 1 79 1.000000
12 79 1 1.000000
12 37 79 1.000000
12 79 37 1.000000
13 0 12 1.000000
13 12 0 1.000000
13 0 34 1.000000
13 34 0 1.000000
13 0 80 1.000000
13 80 0 1.000000
13 12 34 1.000000
13 34 12 1.000000
13 12 80 1.000000
13 80 12 1.000000
13 34 80 1.000000
13 80 34 1.000000
14 15 17 1.000000
14 17 15 1.000000
14 15 73 1.000000
14 73 15 1.000000
14 15 131 1.000000
14 131 15 1.000000
14 17 73 1.000000
14 73 17 1.000000
14 17 131 1.000000
14 131 17 1.000000
14 73 131 1.000000
14 131 73 1.000000
15 14 132 1.000000
15 132 14 1.000000
15 14 16 1.000000
15 16 14 1.000000
15 16 132 1.000000
15 132 16 1.000000
16 17 49 1.000000
16 49 17 1.000000
16 15 17 1.000000
16 17 15 1.000000
16 15 49 1.000000
16 49 15 1.000000
17 14 16 1.000000
17 16 14 1.000000
17 14 46 1.000000
17 46 14 1.000000
17 14 74 1.000000
17 74 14 1.000000
17 16 46 1.000000
17 46 16 1.000000
17 16 74 1.000000
17 74 16 1.000000
17 46 74 1.000000
17 74 46 1.000000
18 19 21 1.000000
18 21 19 1.000000
18 19 95 1.000000
18 95 19 1.000000
18 19 107 1.000000
18 107 19 1.000000
18 21 95 1.000000
18 95 21 1.000000
18 21 107 1.000000
18 107 21 1.000000
18 95 107 1.000000
18 107 95 1.000000
19 18 50 1.000000
19 50 18 1.000000
19 18 96 1.000000
19 96 18 1.000000
19 18 20 1.000000
19 20 18 1.000000
19 50 96 1.000000
19 96 50 1.000000
19 20 50 1.000000
19 50 20 1.000000
19 20 96 1.000000
19 96 20 1.000000
20 21 61 1.000000
20 61 21 1.000000
20 21 88 1.000000
20 88 21 1.000000
20 19 21 1.000000
20 21 19 1.000000
20 19 61 1.000000
20 61 19 1.000000
20 19 88 1.000000
20 88 19 1.000000
20 61 88 1.000000
20 88 61 1.000000
21 18 20 1.000000
21 20 18 1.000000
21 18 108 1.000000
21 108 18 1.000000
21 18 89 1.000000
21 89 18 1.000000
21 20 108 1.000000
21 108 20 1.000000
21 20 89 1.000000
21 89 20 1.000000
21 89 108 1.000000
21 108 89 1.000000
22 23 25 1.000000
22 25 23 1.000000
22 23 55 1.000000
22 55 23 1.000000
22 23 99 1.000000
22 99 23 1.000000
22 25 55 1.000000
22 55 25 1.000000
22 25 99 1.000000
22 99 25 1.000000
22 55 99 1.000000
22 99 55 1.000000
23 22 100 1.000000
23 100 22 1.000000
23 22 24 1.000000
23 24 22 1.000000
23 24 100 1.000000
23 100 24 1.000000
24 25 90 1.000000
24 90 25 1.000000
24 23 25 1.000000
24 25 23 1.000000
24 23 90 1.000000
24 90 23 1.000000
25 22 24 1.000000
25 24 22 1.000000
25 22 56 1.000000
25 56 22 1.000000
25 22 91 1.000000
25 91 22 1.000000
25 24 56 1.000000
25 56 24 1.000000
25 24 91 1.000000
25 91 24 1.000000
25 56 91 1.000000
25 91 56 1.000000
26 28 94 1.000000
26 94 28 1.000000
27 29 33 1.000000
27 33 29 1.000000
28 26 30 1.000000
28 30 26 1.000000
29 27 97 1.000000
29 97 27 1.000000
30 28 32 1.000000
30 32 28 1.000000
31 33 36 1.000000
31 36 33 1.000000
32 30 35 1.000000
32 35 30 1.000000
33 27 31 1.000000
33 31 27 1.000000
34 13 35 1.000000
34 35 13 1.000000
35 32 34 1.000000
35 34 32 1.000000
36 31 37 1.000000
36 37 31 1.000000
37 12 36 1.000000
37 36 12 1.000000
38 40 98 1.000000
38 98 40 1.000000
39 41 45 1.000000
39 45 41 1.000000
40 38 42 1.000000
40 42 38 1.000000
41 39 101 1.000000
41 101 39 1.000000
42 40 44 1.000000
42 44 40 1.000000
43 45 48 1.000000
43 48 45 1.000000
44 42 47 1.000000
44 47 42 1.000000
45 39 43 1.000000
45 43 39 1.000000
46 17 47 1.000000
46 47 17 1.000000
47 44 46 1.000000
47 46 44 1.000000
48 43 49 1.000000
48 49 43 1.000000
49 16 48 1.000000
49 48 16 1.000000
50 19 51 1.000000
50 51 19 1.000000
51 50 52 1.000000
51 52 50 1.000000
52 51 53 1.000000
52 53 51 1.000000
53 52 54 1.000000
53 54 52 1.000000
54 53 55 1.000000
54 55 53 1.000000
55 22 54 1.000000
55 54 22 1.000000
56 25 57 1.000000
56 57 25 1.000000
57 56 58 1.000000
57 58 56 1.000000
58 57 59 1.000000
58 59 57 1.000000
59 58 60 1.000000
59 60 58 1.000000
60 59 61 1.000000
60 61 59 1.000000
61 20 60 1.000000
61 60 20 1.000000
62 3 63 1.000000
62 63 3 1.000000
63 62 64 1.000000
63 64 62 1.000000
64 63 65 1.000000
64 65 63 1.000000
65 64 66 1.000000
65 66 64 1.000000
66 65 67 1.000000
66 67 65 1.000000
67 0 66 1.000000
67 66 0 1.000000
68 1 69 1.000000
68 69 1 1.000000
69 68 70 1.000000
69 70 68 1.000000
70 69 71 1.000000
70 71 69 1.000000
71 70 72 1.000000
71 72 70 1.000000
72 71 73 1.000000
72 73 71 1.000000
73 14 72 1.000000
73 72 14 1.000000
74 17 75 1.000000
74 75 17 1.000000
75 74 76 1.000000
75 76 74 1.000000
76 75 77 1.000000
76 77 75 1.000000
77 76 78 1.000000
77 78 76 1.000000
78 77 79 1.000000
78 79 77 1.000000
79 12 78 1.000000
79 78 12 1.000000
80 13 81 1.000000
80 81 13 1.000000
81 80 82 1.000000
81 82 80 1.000000
82 81 83 1.000000
82 83 81 1.000000
83 82 84 1.000000
83 84 82 1.000000
84 83 85 1.000000
84 85 83 1.000000
85 2 84 1.000000
85 84 2 1.000000
94 26 95 1.000000
94 95 26 1.000000
95 18 94 1.000000
95 94 18 1.000000
96 19 97 1.000000
96 97 19 1.000000
97 29 96 1.000000
97 96 29 1.000000
98 38 99 1.000000
98 99 38 1.000000
99 22 98 1.000000
99 98 22 1.000000
100 23 101 1.000000
100 101 23 1.000000
101 41 100 1.000000
101 100 41 1.000000
102 92 103 1.000000
102 103 92 1.000000
103 102 104 1.000000
103 104 102 1.000000
104 103 105 1.000000
104 105 103 1.000000
105 104 106 1.000000
105 106 104 1.000000
106 105 107 1.000000
106 107 105 1.000000
107 18 106 1.000000
107 106 18 1.000000
108 21 109 1.000000
108 109 21 1.000000
109 108 110 1.000000
109 110 108 1.000000
110 109 111 1.000000
110 111 109 1.000000
111 110 112 1.000000
111 112 110 1.000000
112 111 113 1.000000
112 113 111 1.000000
113 93 112 1.000000
113 112 93 1.000000
114 5 115 1.000000
114 115 5 1.000000
115 114 116 1.000000
115 116 114 1.000000
116 115 117 1.000000
116 117 115 1.000000
117 116 118 1.000000
117 118 116 1.000000
118 117 119 1.000000
118 119 117 1.000000
119 0 118 1.000000
119 118 0 1.000000
120 1 121 1.000000
120 121 1 1.000000
121 120 122 1.000000
121 122 120 1.000000
122 121 123 1.000000
122 123 121 1.000000
123 122 124 1.000000
123 124 122 1.000000
124 123 125 1.000000
124 125 123 1.000000
125 4 124 1.000000
125 124 4 1.000000
127 126 128 1.000000
127 128 126 1.000000
128 127 129 1.000000
128 129 127 1.000000
129 128 130 1.000000
129 130 128 1.000000
130 129 131 1.000000
130 131 129 1.000000
131 14 130 1.000000
131 130 14 1.000000
132 15 133 1.000000
132 133 15 1.000000
133 132 134 1.000000
133 134 132 1.000000
134 133 135 1.000000
134 135 133 1.000000
135 134 136 1.000000
135 136 134 1.000000
136 135 137 1.000000
136 137 135 1.000000
;
param D:=0.5;
param t_hat_ear:=
0 143 2.0
0 90 3.0
0 24 4.0
0 25 5.0
0 56 6.0
0 57 7.0
0 58 8.0
0 59 9.0
0 60 10.0
0 61 11.0
0 20 12.0
0 21 13.0
0 108 14.0
0 109 15.0
0 110 16.0
0 111 17.0
0 112 18.0
0 113 19.0
0 93 20.0
0 140 21.0
1 7 5.0
1 126 6.0
1 127 7.0
1 128 8.0
1 129 9.0
1 130 10.0
1 131 11.0
1 14 12.0
1 17 13.0
1 46 14.0
1 47 15.0
1 142 16.0
2 144 0.0
2 88 1.0
2 20 2.0
2 19 3.0
2 96 4.0
2 97 5.0
2 29 6.0
2 27 7.0
2 33 8.0
2 31 9.0
2 36 10.0
2 37 11.0
2 12 12.0
2 13 13.0
2 80 14.0
2 81 15.0
2 82 16.0
2 83 17.0
2 84 18.0
2 85 19.0
2 2 20.0
2 10 21.0
3 7 1.0
3 126 2.0
3 127 3.0
3 128 4.0
3 129 5.0
3 130 6.0
3 131 7.0
3 14 8.0
3 17 9.0
3 74 10.0
3 75 11.0
3 76 12.0
3 77 13.0
3 78 14.0
3 79 15.0
3 12 16.0
3 13 17.0
3 34 18.0
3 35 19.0
3 141 20.0
4 7 7.0
4 126 8.0
4 127 9.0
4 128 10.0
4 129 11.0
4 130 12.0
4 131 13.0
4 14 14.0
4 17 15.0
4 74 16.0
4 75 17.0
4 76 18.0
4 77 19.0
4 78 20.0
4 79 21.0
4 12 22.0
4 1 23.0
4 120 24.0
4 121 25.0
4 122 26.0
4 123 27.0
4 124 28.0
4 125 29.0
4 4 30.0
4 8 31.0
5 147 4.0
5 49 5.0
5 16 6.0
5 17 7.0
5 74 8.0
5 75 9.0
5 76 10.0
5 77 11.0
5 78 12.0
5 79 13.0
5 12 14.0
5 13 15.0
5 80 16.0
5 81 17.0
5 82 18.0
5 83 19.0
5 84 20.0
5 85 21.0
5 2 22.0
5 10 23.0
6 147 2.0
6 49 3.0
6 16 4.0
6 15 5.0
6 132 6.0
6 133 7.0
6 134 8.0
6 135 9.0
6 136 10.0
6 137 11.0
6 6 12.0
7 143 9.0
7 90 10.0
7 24 11.0
7 23 12.0
7 100 13.0
7 101 14.0
7 41 15.0
7 39 16.0
7 45 17.0
7 43 18.0
7 48 19.0
7 49 20.0
7 16 21.0
7 15 22.0
7 132 23.0
7 133 24.0
7 134 25.0
7 135 26.0
7 136 27.0
7 137 28.0
7 6 29.0
8 7 3.0
8 126 4.0
8 127 5.0
8 128 6.0
8 129 7.0
8 130 8.0
8 131 9.0
8 14 10.0
8 17 11.0
8 74 12.0
8 75 13.0
8 76 14.0
8 77 15.0
8 78 16.0
8 79 17.0
8 12 18.0
8 1 19.0
8 120 20.0
8 121 21.0
8 122 22.0
8 123 23.0
8 124 24.0
8 125 25.0
8 4 26.0
8 8 27.0
9 7 9.0
9 126 10.0
9 127 11.0
9 128 12.0
9 129 13.0
9 130 14.0
9 131 15.0
9 14 16.0
9 17 17.0
9 74 18.0
9 75 19.0
9 76 20.0
9 77 21.0
9 78 22.0
9 79 23.0
9 12 24.0
9 13 25.0
9 34 26.0
9 35 27.0
9 141 28.0
11 147 0.0
11 49 1.0
11 16 2.0
11 17 3.0
11 74 4.0
11 75 5.0
11 76 6.0
11 77 7.0
11 78 8.0
11 79 9.0
11 12 10.0
11 1 11.0
11 120 12.0
11 121 13.0
11 122 14.0
11 123 15.0
11 124 16.0
11 125 17.0
11 4 18.0
11 8 19.0
12 11 2.0
12 3 3.0
12 62 4.0
12 63 5.0
12 64 6.0
12 65 7.0
12 66 8.0
12 67 9.0
12 0 10.0
12 13 11.0
12 34 12.0
12 35 13.0
12 141 14.0
13 147 9.0
13 49 10.0
13 16 11.0
13 15 12.0
13 132 13.0
13 133 14.0
13 134 15.0
13 135 16.0
13 136 17.0
13 137 18.0
13 6 19.0
14 144 2.0
14 88 3.0
14 20 4.0
14 19 5.0
14 50 6.0
14 51 7.0
14 52 8.0
14 53 9.0
14 54 10.0
14 55 11.0
14 22 12.0
14 25 13.0
14 91 14.0
14 138 15.0
15 143 7.0
15 90 8.0
15 24 9.0
15 25 10.0
15 56 11.0
15 57 12.0
15 58 13.0
15 59 14.0
15 60 15.0
15 61 16.0
15 20 17.0
15 21 18.0
15 108 19.0
15 109 20.0
15 110 21.0
15 111 22.0
15 112 23.0
15 113 24.0
15 93 25.0
15 140 26.0
16 145 0.0
16 92 1.0
16 102 2.0
16 103 3.0
16 104 4.0
16 105 5.0
16 106 6.0
16 107 7.0
16 18 8.0
16 19 9.0
16 96 10.0
16 97 11.0
16 29 12.0
16 27 13.0
16 33 14.0
16 31 15.0
16 36 16.0
16 141 17.0
17 144 8.0
17 88 9.0
17 20 10.0
17 19 11.0
17 96 12.0
17 97 13.0
17 29 14.0
17 27 15.0
17 33 16.0
17 31 17.0
17 36 18.0
17 37 19.0
17 12 20.0
17 13 21.0
17 80 22.0
17 81 23.0
17 82 24.0
17 83 25.0
17 84 26.0
17 85 27.0
17 2 28.0
17 10 29.0
18 144 4.0
18 88 5.0
18 20 6.0
18 19 7.0
18 50 8.0
18 51 9.0
18 52 10.0
18 53 11.0
18 54 12.0
18 55 13.0
18 22 14.0
18 23 15.0
18 100 16.0
18 101 17.0
18 41 18.0
18 39 19.0
18 45 20.0
18 43 21.0
18 48 22.0
18 142 23.0
19 9 7.0
19 5 8.0
19 114 9.0
19 115 10.0
19 116 11.0
19 117 12.0
19 118 13.0
19 119 14.0
19 0 15.0
19 1 16.0
19 68 17.0
19 69 18.0
19 70 19.0
19 71 20.0
19 72 21.0
19 73 22.0
19 14 23.0
19 15 24.0
19 132 25.0
19 133 26.0
19 134 27.0
19 135 28.0
19 136 29.0
19 137 30.0
19 6 31.0
20 7 18.0
20 126 19.0
20 127 20.0
20 128 21.0
20 129 22.0
20 130 23.0
20 131 24.0
20 14 25.0
20 17 26.0
20 46 27.0
20 47 28.0
20 142 29.0
21 144 12.0
21 88 13.0
21 20 14.0
21 19 15.0
21 96 16.0
21 97 17.0
21 29 18.0
21 27 19.0
21 33 20.0
21 31 21.0
21 36 22.0
21 141 23.0
22 143 14.0
22 90 15.0
22 24 16.0
22 23 17.0
22 100 18.0
22 101 19.0
22 41 20.0
22 39 21.0
22 45 22.0
22 43 23.0
22 48 24.0
22 49 25.0
22 16 26.0
22 15 27.0
22 132 28.0
22 133 29.0
22 134 30.0
22 135 31.0
22 136 32.0
22 137 33.0
22 6 34.0
23 9 12.0
23 5 13.0
23 114 14.0
23 115 15.0
23 116 16.0
23 117 17.0
23 118 18.0
23 119 19.0
23 0 20.0
23 1 21.0
23 68 22.0
23 69 23.0
23 70 24.0
23 71 25.0
23 72 26.0
23 73 27.0
23 14 28.0
23 17 29.0
23 46 30.0
23 47 31.0
23 142 32.0
24 146 35.0
24 37 36.0
24 12 37.0
24 13 38.0
24 80 39.0
24 81 40.0
24 82 41.0
24 83 42.0
24 84 43.0
24 85 44.0
24 2 45.0
24 10 46.0
25 145 18.0
25 92 19.0
25 102 20.0
25 103 21.0
25 104 22.0
25 105 23.0
25 106 24.0
25 107 25.0
25 18 26.0
25 19 27.0
25 96 28.0
25 97 29.0
25 29 30.0
25 27 31.0
25 33 32.0
25 31 33.0
25 36 34.0
25 141 35.0
26 144 28.0
26 88 29.0
26 20 30.0
26 19 31.0
26 50 32.0
26 51 33.0
26 52 34.0
26 53 35.0
26 54 36.0
26 55 37.0
26 22 38.0
26 23 39.0
26 100 40.0
26 101 41.0
26 41 42.0
26 39 43.0
26 45 44.0
26 43 45.0
26 48 46.0
26 142 47.0
27 143 18.0
27 90 19.0
27 24 20.0
27 25 21.0
27 56 22.0
27 57 23.0
27 58 24.0
27 59 25.0
27 60 26.0
27 61 27.0
27 20 28.0
27 19 29.0
27 96 30.0
27 97 31.0
27 29 32.0
27 27 33.0
27 33 34.0
27 31 35.0
27 36 36.0
27 141 37.0
28 147 17.0
28 49 18.0
28 16 19.0
28 17 20.0
28 74 21.0
28 75 22.0
28 76 23.0
28 77 24.0
28 78 25.0
28 79 26.0
28 12 27.0
28 1 28.0
28 120 29.0
28 121 30.0
28 122 31.0
28 123 32.0
28 124 33.0
28 125 34.0
28 4 35.0
28 8 36.0
29 7 14.0
29 126 15.0
29 127 16.0
29 128 17.0
29 129 18.0
29 130 19.0
29 131 20.0
29 14 21.0
29 17 22.0
29 74 23.0
29 75 24.0
29 76 25.0
29 77 26.0
29 78 27.0
29 79 28.0
29 12 29.0
29 13 30.0
29 34 31.0
29 35 32.0
29 141 33.0
30 146 15.0
30 34 16.0
30 35 17.0
30 32 18.0
30 30 19.0
30 28 20.0
30 26 21.0
30 94 22.0
30 95 23.0
30 18 24.0
30 19 25.0
30 50 26.0
30 51 27.0
30 52 28.0
30 53 29.0
30 54 30.0
30 55 31.0
30 22 32.0
30 25 33.0
30 91 34.0
30 138 35.0
31 144 18.0
31 88 19.0
31 20 20.0
31 21 21.0
31 108 22.0
31 109 23.0
31 110 24.0
31 111 25.0
31 112 26.0
31 113 27.0
31 93 28.0
31 140 29.0
32 146 31.0
32 37 32.0
32 12 33.0
32 13 34.0
32 80 35.0
32 81 36.0
32 82 37.0
32 83 38.0
32 84 39.0
32 85 40.0
32 2 41.0
32 10 42.0
33 146 38.0
33 37 39.0
33 12 40.0
33 1 41.0
33 68 42.0
33 69 43.0
33 70 44.0
33 71 45.0
33 72 46.0
33 73 47.0
33 14 48.0
33 17 49.0
33 46 50.0
33 47 51.0
33 142 52.0
34 9 16.0
34 5 17.0
34 114 18.0
34 115 19.0
34 116 20.0
34 117 21.0
34 118 22.0
34 119 23.0
34 0 24.0
34 1 25.0
34 68 26.0
34 69 27.0
34 70 28.0
34 71 29.0
34 72 30.0
34 73 31.0
34 14 32.0
34 17 33.0
34 46 34.0
34 47 35.0
34 142 36.0
35 145 10.0
35 92 11.0
35 102 12.0
35 103 13.0
35 104 14.0
35 105 15.0
35 106 16.0
35 107 17.0
35 18 18.0
35 19 19.0
35 50 20.0
35 51 21.0
35 52 22.0
35 53 23.0
35 54 24.0
35 55 25.0
35 22 26.0
35 25 27.0
35 91 28.0
35 138 29.0
36 146 29.0
36 37 30.0
36 12 31.0
36 1 32.0
36 68 33.0
36 69 34.0
36 70 35.0
36 71 36.0
36 72 37.0
36 73 38.0
36 14 39.0
36 15 40.0
36 132 41.0
36 133 42.0
36 134 43.0
36 135 44.0
36 136 45.0
36 137 46.0
36 6 47.0
37 145 14.0
37 92 15.0
37 102 16.0
37 103 17.0
37 104 18.0
37 105 19.0
37 106 20.0
37 107 21.0
37 18 22.0
37 19 23.0
37 96 24.0
37 97 25.0
37 29 26.0
37 27 27.0
37 33 28.0
37 31 29.0
37 36 30.0
37 141 31.0
38 145 12.0
38 92 13.0
38 102 14.0
38 103 15.0
38 104 16.0
38 105 17.0
38 106 18.0
38 107 19.0
38 18 20.0
38 19 21.0
38 50 22.0
38 51 23.0
38 52 24.0
38 53 25.0
38 54 26.0
38 55 27.0
38 22 28.0
38 25 29.0
38 91 30.0
38 138 31.0
39 143 22.0
39 90 23.0
39 24 24.0
39 25 25.0
39 56 26.0
39 57 27.0
39 58 28.0
39 59 29.0
39 60 30.0
39 61 31.0
39 20 32.0
39 19 33.0
39 96 34.0
39 97 35.0
39 29 36.0
39 27 37.0
39 33 38.0
39 31 39.0
39 36 40.0
39 141 41.0
40 9 27.0
40 5 28.0
40 114 29.0
40 115 30.0
40 116 31.0
40 117 32.0
40 118 33.0
40 119 34.0
40 0 35.0
40 13 36.0
40 34 37.0
40 35 38.0
40 141 39.0
41 145 25.0
41 92 26.0
41 102 27.0
41 103 28.0
41 104 29.0
41 105 30.0
41 106 31.0
41 107 32.0
41 18 33.0
41 21 34.0
41 89 35.0
41 139 36.0
42 147 21.0
42 46 22.0
42 47 23.0
42 44 24.0
42 42 25.0
42 40 26.0
42 38 27.0
42 98 28.0
42 99 29.0
42 22 30.0
42 25 31.0
42 56 32.0
42 57 33.0
42 58 34.0
42 59 35.0
42 60 36.0
42 61 37.0
42 20 38.0
42 21 39.0
42 89 40.0
42 139 41.0
43 7 27.0
43 126 28.0
43 127 29.0
43 128 30.0
43 129 31.0
43 130 32.0
43 131 33.0
43 14 34.0
43 17 35.0
43 74 36.0
43 75 37.0
43 76 38.0
43 77 39.0
43 78 40.0
43 79 41.0
43 12 42.0
43 13 43.0
43 34 44.0
43 35 45.0
43 141 46.0
44 144 39.0
44 88 40.0
44 20 41.0
44 19 42.0
44 50 43.0
44 51 44.0
44 52 45.0
44 53 46.0
44 54 47.0
44 55 48.0
44 22 49.0
44 23 50.0
44 100 51.0
44 101 52.0
44 41 53.0
44 39 54.0
44 45 55.0
44 43 56.0
44 48 57.0
44 142 58.0
45 7 23.0
45 126 24.0
45 127 25.0
45 128 26.0
45 129 27.0
45 130 28.0
45 131 29.0
45 14 30.0
45 17 31.0
45 46 32.0
45 47 33.0
45 44 34.0
45 42 35.0
45 40 36.0
45 38 37.0
45 98 38.0
45 99 39.0
45 22 40.0
45 25 41.0
45 91 42.0
45 138 43.0
46 145 29.0
46 92 30.0
46 102 31.0
46 103 32.0
46 104 33.0
46 105 34.0
46 106 35.0
46 107 36.0
46 18 37.0
46 19 38.0
46 50 39.0
46 51 40.0
46 52 41.0
46 53 42.0
46 54 43.0
46 55 44.0
46 22 45.0
46 25 46.0
46 91 47.0
46 138 48.0
47 9 21.0
47 5 22.0
47 114 23.0
47 115 24.0
47 116 25.0
47 117 26.0
47 118 27.0
47 119 28.0
47 0 29.0
47 1 30.0
47 68 31.0
47 69 32.0
47 70 33.0
47 71 34.0
47 72 35.0
47 73 36.0
47 14 37.0
47 15 38.0
47 132 39.0
47 133 40.0
47 134 41.0
47 135 42.0
47 136 43.0
47 137 44.0
47 6 45.0
49 145 27.0
49 92 28.0
49 102 29.0
49 103 30.0
49 104 31.0
49 105 32.0
49 106 33.0
49 107 34.0
49 18 35.0
49 19 36.0
49 96 37.0
49 97 38.0
49 29 39.0
49 27 40.0
49 33 41.0
49 31 42.0
49 36 43.0
49 141 44.0
50 146 20.0
50 34 21.0
50 35 22.0
50 32 23.0
50 30 24.0
50 28 25.0
50 26 26.0
50 94 27.0
50 95 28.0
50 18 29.0
50 21 30.0
50 89 31.0
50 139 32.0
51 143 36.0
51 90 37.0
51 24 38.0
51 25 39.0
51 56 40.0
51 57 41.0
51 58 42.0
51 59 43.0
51 60 44.0
51 61 45.0
51 20 46.0
51 21 47.0
51 89 48.0
51 139 49.0
52 144 24.0
52 88 25.0
52 20 26.0
52 21 27.0
52 108 28.0
52 109 29.0
52 110 30.0
52 111 31.0
52 112 32.0
52 113 33.0
52 93 34.0
52 140 35.0
53 9 23.0
53 5 24.0
53 114 25.0
53 115 26.0
53 116 27.0
53 117 28.0
53 118 29.0
53 119 30.0
53 0 31.0
53 13 32.0
53 80 33.0
53 81 34.0
53 82 35.0
53 83 36.0
53 84 37.0
53 85 38.0
53 2 39.0
53 10 40.0
54 144 47.0
54 88 48.0
54 20 49.0
54 19 50.0
54 50 51.0
54 51 52.0
54 52 53.0
54 53 54.0
54 54 55.0
54 55 56.0
54 22 57.0
54 25 58.0
54 91 59.0
54 138 60.0
55 147 38.0
55 46 39.0
55 47 40.0
55 44 41.0
55 42 42.0
55 40 43.0
55 38 44.0
55 98 45.0
55 99 46.0
55 22 47.0
55 25 48.0
55 91 49.0
55 138 50.0
56 9 25.0
56 5 26.0
56 114 27.0
56 115 28.0
56 116 29.0
56 117 30.0
56 118 31.0
56 119 32.0
56 0 33.0
56 1 34.0
56 68 35.0
56 69 36.0
56 70 37.0
56 71 38.0
56 72 39.0
56 73 40.0
56 14 41.0
56 17 42.0
56 46 43.0
56 47 44.0
56 142 45.0
57 146 22.0
57 34 23.0
57 35 24.0
57 32 25.0
57 30 26.0
57 28 27.0
57 26 28.0
57 94 29.0
57 95 30.0
57 18 31.0
57 21 32.0
57 108 33.0
57 109 34.0
57 110 35.0
57 111 36.0
57 112 37.0
57 113 38.0
57 93 39.0
57 140 40.0
58 11 29.0
58 3 30.0
58 62 31.0
58 63 32.0
58 64 33.0
58 65 34.0
58 66 35.0
58 67 36.0
58 0 37.0
58 1 38.0
58 68 39.0
58 69 40.0
58 70 41.0
58 71 42.0
58 72 43.0
58 73 44.0
58 14 45.0
58 17 46.0
58 46 47.0
58 47 48.0
58 142 49.0
59 143 20.0
59 90 21.0
59 24 22.0
59 23 23.0
59 100 24.0
59 101 25.0
59 41 26.0
59 39 27.0
59 45 28.0
59 43 29.0
59 48 30.0
59 49 31.0
59 16 32.0
59 15 33.0
59 132 34.0
59 133 35.0
59 134 36.0
59 135 37.0
59 136 38.0
59 137 39.0
59 6 40.0
60 9 37.0
60 5 38.0
60 114 39.0
60 115 40.0
60 116 41.0
60 117 42.0
60 118 43.0
60 119 44.0
60 0 45.0
60 13 46.0
60 34 47.0
60 35 48.0
60 141 49.0
61 145 39.0
61 92 40.0
61 102 41.0
61 103 42.0
61 104 43.0
61 105 44.0
61 106 45.0
61 107 46.0
61 18 47.0
61 19 48.0
61 50 49.0
61 51 50.0
61 52 51.0
61 53 52.0
61 54 53.0
61 55 54.0
61 22 55.0
61 23 56.0
61 100 57.0
61 101 58.0
61 41 59.0
61 39 60.0
61 45 61.0
61 43 62.0
61 48 63.0
61 142 64.0
62 146 33.0
62 34 34.0
62 35 35.0
62 32 36.0
62 30 37.0
62 28 38.0
62 26 39.0
62 94 40.0
62 95 41.0
62 18 42.0
62 21 43.0
62 108 44.0
62 109 45.0
62 110 46.0
62 111 47.0
62 112 48.0
62 113 49.0
62 93 50.0
62 140 51.0
63 7 36.0
63 126 37.0
63 127 38.0
63 128 39.0
63 129 40.0
63 130 41.0
63 131 42.0
63 14 43.0
63 17 44.0
63 46 45.0
63 47 46.0
63 44 47.0
63 42 48.0
63 40 49.0
63 38 50.0
63 98 51.0
63 99 52.0
63 22 53.0
63 25 54.0
63 91 55.0
63 138 56.0
64 9 44.0
64 5 45.0
64 114 46.0
64 115 47.0
64 116 48.0
64 117 49.0
64 118 50.0
64 119 51.0
64 0 52.0
64 13 53.0
64 34 54.0
64 35 55.0
64 141 56.0
65 146 49.0
65 34 50.0
65 35 51.0
65 32 52.0
65 30 53.0
65 28 54.0
65 26 55.0
65 94 56.0
65 95 57.0
65 18 58.0
65 19 59.0
65 50 60.0
65 51 61.0
65 52 62.0
65 53 63.0
65 54 64.0
65 55 65.0
65 22 66.0
65 25 67.0
65 91 68.0
65 138 69.0
66 143 30.0
66 90 31.0
66 24 32.0
66 23 33.0
66 100 34.0
66 101 35.0
66 41 36.0
66 39 37.0
66 45 38.0
66 43 39.0
66 48 40.0
66 49 41.0
66 16 42.0
66 15 43.0
66 132 44.0
66 133 45.0
66 134 46.0
66 135 47.0
66 136 48.0
66 137 49.0
66 6 50.0
67 145 32.0
67 92 33.0
67 102 34.0
67 103 35.0
67 104 36.0
67 105 37.0
67 106 38.0
67 107 39.0
67 18 40.0
67 21 41.0
67 89 42.0
67 139 43.0
68 11 34.0
68 3 35.0
68 62 36.0
68 63 37.0
68 64 38.0
68 65 39.0
68 66 40.0
68 67 41.0
68 0 42.0
68 1 43.0
68 120 44.0
68 121 45.0
68 122 46.0
68 123 47.0
68 124 48.0
68 125 49.0
68 4 50.0
68 8 51.0
69 9 32.0
69 5 33.0
69 114 34.0
69 115 35.0
69 116 36.0
69 117 37.0
69 118 38.0
69 119 39.0
69 0 40.0
69 13 41.0
69 34 42.0
69 35 43.0
69 32 44.0
69 30 45.0
69 28 46.0
69 26 47.0
69 94 48.0
69 95 49.0
69 18 50.0
69 21 51.0
69 89 52.0
69 139 53.0
70 9 39.0
70 5 40.0
70 114 41.0
70 115 42.0
70 116 43.0
70 117 44.0
70 118 45.0
70 119 46.0
70 0 47.0
70 13 48.0
70 80 49.0
70 81 50.0
70 82 51.0
70 83 52.0
70 84 53.0
70 85 54.0
70 2 55.0
70 10 56.0
71 147 48.0
71 49 49.0
71 16 50.0
71 17 51.0
71 74 52.0
71 75 53.0
71 76 54.0
71 77 55.0
71 78 56.0
71 79 57.0
71 12 58.0
71 13 59.0
71 34 60.0
71 35 61.0
71 141 62.0
72 144 41.0
72 88 42.0
72 20 43.0
72 19 44.0
72 96 45.0
72 97 46.0
72 29 47.0
72 27 48.0
72 33 49.0
72 31 50.0
72 36 51.0
72 37 52.0
72 12 53.0
72 1 54.0
72 120 55.0
72 121 56.0
72 122 57.0
72 123 58.0
72 124 59.0
72 125 60.0
72 4 61.0
72 8 62.0
73 147 34.0
73 49 35.0
73 16 36.0
73 17 37.0
73 74 38.0
73 75 39.0
73 76 40.0
73 77 41.0
73 78 42.0
73 79 43.0
73 12 44.0
73 1 45.0
73 120 46.0
73 121 47.0
73 122 48.0
73 123 49.0
73 124 50.0
73 125 51.0
73 4 52.0
73 8 53.0
74 145 46.0
74 92 47.0
74 102 48.0
74 103 49.0
74 104 50.0
74 105 51.0
74 106 52.0
74 107 53.0
74 18 54.0
74 19 55.0
74 50 56.0
74 51 57.0
74 52 58.0
74 53 59.0
74 54 60.0
74 55 61.0
74 22 62.0
74 23 63.0
74 100 64.0
74 101 65.0
74 41 66.0
74 39 67.0
74 45 68.0
74 43 69.0
74 48 70.0
74 142 71.0
75 145 37.0
75 92 38.0
75 102 39.0
75 103 40.0
75 104 41.0
75 105 42.0
75 106 43.0
75 107 44.0
75 18 45.0
75 19 46.0
75 96 47.0
75 97 48.0
75 29 49.0
75 27 50.0
75 33 51.0
75 31 52.0
75 36 53.0
75 141 54.0
76 144 49.0
76 88 50.0
76 20 51.0
76 19 52.0
76 96 53.0
76 97 54.0
76 29 55.0
76 27 56.0
76 33 57.0
76 31 58.0
76 36 59.0
76 37 60.0
76 12 61.0
76 13 62.0
76 80 63.0
76 81 64.0
76 82 65.0
76 83 66.0
76 84 67.0
76 85 68.0
76 2 69.0
76 10 70.0
77 9 47.0
77 5 48.0
77 114 49.0
77 115 50.0
77 116 51.0
77 117 52.0
77 118 53.0
77 119 54.0
77 0 55.0
77 13 56.0
77 34 57.0
77 35 58.0
77 32 59.0
77 30 60.0
77 28 61.0
77 26 62.0
77 94 63.0
77 95 64.0
77 18 65.0
77 21 66.0
77 89 67.0
77 139 68.0
79 7 45.0
79 126 46.0
79 127 47.0
79 128 48.0
79 129 49.0
79 130 50.0
79 131 51.0
79 14 52.0
79 17 53.0
79 46 54.0
79 47 55.0
79 142 56.0
82 11 49.0
82 3 50.0
82 62 51.0
82 63 52.0
82 64 53.0
82 65 54.0
82 66 55.0
82 67 56.0
82 0 57.0
82 1 58.0
82 68 59.0
82 69 60.0
82 70 61.0
82 71 62.0
82 72 63.0
82 73 64.0
82 14 65.0
82 17 66.0
82 46 67.0
82 47 68.0
82 142 69.0
85 143 47.0
85 90 48.0
85 24 49.0
85 25 50.0
85 56 51.0
85 57 52.0
85 58 53.0
85 59 54.0
85 60 55.0
85 61 56.0
85 20 57.0
85 21 58.0
85 89 59.0
85 139 60.0
87 143 49.0
87 90 50.0
87 24 51.0
87 25 52.0
87 56 53.0
87 57 54.0
87 58 55.0
87 59 56.0
87 60 57.0
87 61 58.0
87 20 59.0
87 21 60.0
87 108 61.0
87 109 62.0
87 110 63.0
87 111 64.0
87 112 65.0
87 113 66.0
87 93 67.0
87 140 68.0
88 143 43.0
88 90 44.0
88 24 45.0
88 23 46.0
88 100 47.0
88 101 48.0
88 41 49.0
88 39 50.0
88 45 51.0
88 43 52.0
88 48 53.0
88 142 54.0
89 7 48.0
89 126 49.0
89 127 50.0
89 128 51.0
89 129 52.0
89 130 53.0
89 131 54.0
89 14 55.0
89 17 56.0
89 74 57.0
89 75 58.0
89 76 59.0
89 77 60.0
89 78 61.0
89 79 62.0
89 12 63.0
89 13 64.0
89 80 65.0
89 81 66.0
89 82 67.0
89 83 68.0
89 84 69.0
89 85 70.0
89 2 71.0
89 10 72.0
91 145 44.0
91 92 45.0
91 102 46.0
91 103 47.0
91 104 48.0
91 105 49.0
91 106 50.0
91 107 51.0
91 18 52.0
91 21 53.0
91 89 54.0
91 139 55.0
97 145 48.0
97 92 49.0
97 102 50.0
97 103 51.0
97 104 52.0
97 105 53.0
97 106 54.0
97 107 55.0
97 18 56.0
97 19 57.0
97 96 58.0
97 97 59.0
97 29 60.0
97 27 61.0
97 33 62.0
97 31 63.0
97 36 64.0
97 141 65.0
99 146 47.0
99 37 48.0
99 12 49.0
99 1 50.0
99 68 51.0
99 69 52.0
99 70 53.0
99 71 54.0
99 72 55.0
99 73 56.0
99 14 57.0
99 17 58.0
99 46 59.0
99 47 60.0
99 142 61.0
100 143 13
100 90 14.0
100 24 15.0
100 23 16.0
100 100 17.0
100 101 18.0
100 41 19.0
100 39 20.0
100 45 21.0
100 43 22.0
100 48 23.0
100 49 24.0
100 16 25.0
100 15 26.0
100 132 27.0
100 133 28.0
100 134 29.0
100 135 30.0
100 136 31.0
100 137 32.0
100 6 33.0
;
param t_hat_lat:=
0 143 3.0
0 90 4.0
0 24 5.0
0 25 6.0
0 56 7.0
0 57 8.0
0 58 9.0
0 59 10.0
0 60 11.0
0 61 12.0
0 20 13.0
0 21 14.0
0 108 15.0
0 109 16.0
0 110 17.0
0 111 18.0
0 112 19.0
0 113 20.0
0 93 21.0
0 140 22.0
1 7 6.0
1 126 7.0
1 127 8.0
1 128 9.0
1 129 10.0
1 130 11.0
1 131 12.0
1 14 13.0
1 17 14.0
1 46 15.0
1 47 16.0
1 142 17.0
2 144 1.0
2 88 2.0
2 20 3.0
2 19 4.0
2 96 5.0
2 97 6.0
2 29 7.0
2 27 8.0
2 33 9.0
2 31 10.0
2 36 11.0
2 37 12.0
2 12 13.0
2 13 14.0
2 80 15.0
2 81 16.0
2 82 17.0
2 83 18.0
2 84 19.0
2 85 20.0
2 2 21.0
2 10 22.0
3 7 2.0
3 126 3.0
3 127 4.0
3 128 5.0
3 129 6.0
3 130 7.0
3 131 8.0
3 14 9.0
3 17 10.0
3 74 11.0
3 75 12.0
3 76 13.0
3 77 14.0
3 78 15.0
3 79 16.0
3 12 17.0
3 13 18.0
3 34 19.0
3 35 20.0
3 141 21.0
4 7 8.0
4 126 9.0
4 127 10.0
4 128 11.0
4 129 12.0
4 130 13.0
4 131 14.0
4 14 15.0
4 17 16.0
4 74 17.0
4 75 18.0
4 76 19.0
4 77 20.0
4 78 21.0
4 79 22.0
4 12 23.0
4 1 24.0
4 120 25.0
4 121 26.0
4 122 27.0
4 123 28.0
4 124 29.0
4 125 30.0
4 4 31.0
4 8 32.0
5 147 5.0
5 49 6.0
5 16 7.0
5 17 8.0
5 74 9.0
5 75 10.0
5 76 11.0
5 77 12.0
5 78 13.0
5 79 14.0
5 12 15.0
5 13 16.0
5 80 17.0
5 81 18.0
5 82 19.0
5 83 20.0
5 84 21.0
5 85 22.0
5 2 23.0
5 10 24.0
6 147 3.0
6 49 4.0
6 16 5.0
6 15 6.0
6 132 7.0
6 133 8.0
6 134 9.0
6 135 10.0
6 136 11.0
6 137 12.0
6 6 13.0
7 143 10.0
7 90 11.0
7 24 12.0
7 23 13.0
7 100 14.0
7 101 15.0
7 41 16.0
7 39 17.0
7 45 18.0
7 43 19.0
7 48 20.0
7 49 21.0
7 16 22.0
7 15 23.0
7 132 24.0
7 133 25.0
7 134 26.0
7 135 27.0
7 136 28.0
7 137 29.0
7 6 30.0
8 7 4.0
8 126 5.0
8 127 6.0
8 128 7.0
8 129 8.0
8 130 9.0
8 131 10.0
8 14 11.0
8 17 12.0
8 74 13.0
8 75 14.0
8 76 15.0
8 77 16.0
8 78 17.0
8 79 18.0
8 12 19.0
8 1 20.0
8 120 21.0
8 121 22.0
8 122 23.0
8 123 24.0
8 124 25.0
8 125 26.0
8 4 27.0
8 8 28.0
9 7 10.0
9 126 11.0
9 127 12.0
9 128 13.0
9 129 14.0
9 130 15.0
9 131 16.0
9 14 17.0
9 17 18.0
9 74 19.0
9 75 20.0
9 76 21.0
9 77 22.0
9 78 23.0
9 79 24.0
9 12 25.0
9 13 26.0
9 34 27.0
9 35 28.0
9 141 29.0
11 147 1.0
11 49 2.0
11 16 3.0
11 17 4.0
11 74 5.0
11 75 6.0
11 76 7.0
11 77 8.0
11 78 9.0
11 79 10.0
11 12 11.0
11 1 12.0
11 120 13.0
11 121 14.0
11 122 15.0
11 123 16.0
11 124 17.0
11 125 18.0
11 4 19.0
11 8 20.0
12 11 3.0
12 3 4.0
12 62 5.0
12 63 6.0
12 64 7.0
12 65 8.0
12 66 9.0
12 67 10.0
12 0 11.0
12 13 12.0
12 34 13.0
12 35 14.0
12 141 15.0
13 147 10.0
13 49 11.0
13 16 12.0
13 15 13.0
13 132 14.0
13 133 15.0
13 134 16.0
13 135 17.0
13 136 18.0
13 137 19.0
13 6 20.0
14 144 3.0
14 88 4.0
14 20 5.0
14 19 6.0
14 50 7.0
14 51 8.0
14 52 9.0
14 53 10.0
14 54 11.0
14 55 12.0
14 22 13.0
14 25 14.0
14 91 15.0
14 138 16.0
15 143 8.0
15 90 9.0
15 24 10.0
15 25 11.0
15 56 12.0
15 57 13.0
15 58 14.0
15 59 15.0
15 60 16.0
15 61 17.0
15 20 18.0
15 21 19.0
15 108 20.0
15 109 21.0
15 110 22.0
15 111 23.0
15 112 24.0
15 113 25.0
15 93 26.0
15 140 27.0
16 145 1.0
16 92 2.0
16 102 3.0
16 103 4.0
16 104 5.0
16 105 6.0
16 106 7.0
16 107 8.0
16 18 9.0
16 19 10.0
16 96 11.0
16 97 12.0
16 29 13.0
16 27 14.0
16 33 15.0
16 31 16.0
16 36 17.0
16 141 18.0
17 144 9.0
17 88 10.0
17 20 11.0
17 19 12.0
17 96 13.0
17 97 14.0
17 29 15.0
17 27 16.0
17 33 17.0
17 31 18.0
17 36 19.0
17 37 20.0
17 12 21.0
17 13 22.0
17 80 23.0
17 81 24.0
17 82 25.0
17 83 26.0
17 84 27.0
17 85 28.0
17 2 29.0
17 10 30.0
18 144 5.0
18 88 6.0
18 20 7.0
18 19 8.0
18 50 9.0
18 51 10.0
18 52 11.0
18 53 12.0
18 54 13.0
18 55 14.0
18 22 15.0
18 23 16.0
18 100 17.0
18 101 18.0
18 41 19.0
18 39 20.0
18 45 21.0
18 43 22.0
18 48 23.0
18 142 24.0
19 9 8.0
19 5 9.0
19 114 10.0
19 115 11.0
19 116 12.0
19 117 13.0
19 118 14.0
19 119 15.0
19 0 16.0
19 1 17.0
19 68 18.0
19 69 19.0
19 70 20.0
19 71 21.0
19 72 22.0
19 73 23.0
19 14 24.0
19 15 25.0
19 132 26.0
19 133 27.0
19 134 28.0
19 135 29.0
19 136 30.0
19 137 31.0
19 6 32.0
20 7 19.0
20 126 20.0
20 127 21.0
20 128 22.0
20 129 23.0
20 130 24.0
20 131 25.0
20 14 26.0
20 17 27.0
20 46 28.0
20 47 29.0
20 142 30.0
21 144 13.0
21 88 14.0
21 20 15.0
21 19 16.0
21 96 17.0
21 97 18.0
21 29 19.0
21 27 20.0
21 33 21.0
21 31 22.0
21 36 23.0
21 141 24.0
22 143 15.0
22 90 16.0
22 24 17.0
22 23 18.0
22 100 19.0
22 101 20.0
22 41 21.0
22 39 22.0
22 45 23.0
22 43 24.0
22 48 25.0
22 49 26.0
22 16 27.0
22 15 28.0
22 132 29.0
22 133 30.0
22 134 31.0
22 135 32.0
22 136 33.0
22 137 34.0
22 6 35.0
23 9 13.0
23 5 14.0
23 114 15.0
23 115 16.0
23 116 17.0
23 117 18.0
23 118 19.0
23 119 20.0
23 0 21.0
23 1 22.0
23 68 23.0
23 69 24.0
23 70 25.0
23 71 26.0
23 72 27.0
23 73 28.0
23 14 29.0
23 17 30.0
23 46 31.0
23 47 32.0
23 142 33.0
24 146 36.0
24 37 37.0
24 12 38.0
24 13 39.0
24 80 40.0
24 81 41.0
24 82 42.0
24 83 43.0
24 84 44.0
24 85 45.0
24 2 46.0
24 10 47.0
25 145 19.0
25 92 20.0
25 102 21.0
25 103 22.0
25 104 23.0
25 105 24.0
25 106 25.0
25 107 26.0
25 18 27.0
25 19 28.0
25 96 29.0
25 97 30.0
25 29 31.0
25 27 32.0
25 33 33.0
25 31 34.0
25 36 35.0
25 141 36.0
26 144 29.0
26 88 30.0
26 20 31.0
26 19 32.0
26 50 33.0
26 51 34.0
26 52 35.0
26 53 36.0
26 54 37.0
26 55 38.0
26 22 39.0
26 23 40.0
26 100 41.0
26 101 42.0
26 41 43.0
26 39 44.0
26 45 45.0
26 43 46.0
26 48 47.0
26 142 48.0
27 143 19.0
27 90 20.0
27 24 21.0
27 25 22.0
27 56 23.0
27 57 24.0
27 58 25.0
27 59 26.0
27 60 27.0
27 61 28.0
27 20 29.0
27 19 30.0
27 96 31.0
27 97 32.0
27 29 33.0
27 27 34.0
27 33 35.0
27 31 36.0
27 36 37.0
27 141 38.0
28 147 18.0
28 49 19.0
28 16 20.0
28 17 21.0
28 74 22.0
28 75 23.0
28 76 24.0
28 77 25.0
28 78 26.0
28 79 27.0
28 12 28.0
28 1 29.0
28 120 30.0
28 121 31.0
28 122 32.0
28 123 33.0
28 124 34.0
28 125 35.0
28 4 36.0
28 8 37.0
29 7 15.0
29 126 16.0
29 127 17.0
29 128 18.0
29 129 19.0
29 130 20.0
29 131 21.0
29 14 22.0
29 17 23.0
29 74 24.0
29 75 25.0
29 76 26.0
29 77 27.0
29 78 28.0
29 79 29.0
29 12 30.0
29 13 31.0
29 34 32.0
29 35 33.0
29 141 34.0
30 146 16.0
30 34 17.0
30 35 18.0
30 32 19.0
30 30 20.0
30 28 21.0
30 26 22.0
30 94 23.0
30 95 24.0
30 18 25.0
30 19 26.0
30 50 27.0
30 51 28.0
30 52 29.0
30 53 30.0
30 54 31.0
30 55 32.0
30 22 33.0
30 25 34.0
30 91 35.0
30 138 36.0
31 144 19.0
31 88 20.0
31 20 21.0
31 21 22.0
31 108 23.0
31 109 24.0
31 110 25.0
31 111 26.0
31 112 27.0
31 113 28.0
31 93 29.0
31 140 30.0
32 146 32.0
32 37 33.0
32 12 34.0
32 13 35.0
32 80 36.0
32 81 37.0
32 82 38.0
32 83 39.0
32 84 40.0
32 85 41.0
32 2 42.0
32 10 43.0
33 146 39.0
33 37 40.0
33 12 41.0
33 1 42.0
33 68 43.0
33 69 44.0
33 70 45.0
33 71 46.0
33 72 47.0
33 73 48.0
33 14 49.0
33 17 50.0
33 46 51.0
33 47 52.0
33 142 53.0
34 9 17.0
34 5 18.0
34 114 19.0
34 115 20.0
34 116 21.0
34 117 22.0
34 118 23.0
34 119 24.0
34 0 25.0
34 1 26.0
34 68 27.0
34 69 28.0
34 70 29.0
34 71 30.0
34 72 31.0
34 73 32.0
34 14 33.0
34 17 34.0
34 46 35.0
34 47 36.0
34 142 37.0
35 145 11.0
35 92 12.0
35 102 13.0
35 103 14.0
35 104 15.0
35 105 16.0
35 106 17.0
35 107 18.0
35 18 19.0
35 19 20.0
35 50 21.0
35 51 22.0
35 52 23.0
35 53 24.0
35 54 25.0
35 55 26.0
35 22 27.0
35 25 28.0
35 91 29.0
35 138 30.0
36 146 30.0
36 37 31.0
36 12 32.0
36 1 33.0
36 68 34.0
36 69 35.0
36 70 36.0
36 71 37.0
36 72 38.0
36 73 39.0
36 14 40.0
36 15 41.0
36 132 42.0
36 133 43.0
36 134 44.0
36 135 45.0
36 136 46.0
36 137 47.0
36 6 48.0
37 145 15.0
37 92 16.0
37 102 17.0
37 103 18.0
37 104 19.0
37 105 20.0
37 106 21.0
37 107 22.0
37 18 23.0
37 19 24.0
37 96 25.0
37 97 26.0
37 29 27.0
37 27 28.0
37 33 29.0
37 31 30.0
37 36 31.0
37 141 32.0
38 145 13.0
38 92 14.0
38 102 15.0
38 103 16.0
38 104 17.0
38 105 18.0
38 106 19.0
38 107 20.0
38 18 21.0
38 19 22.0
38 50 23.0
38 51 24.0
38 52 25.0
38 53 26.0
38 54 27.0
38 55 28.0
38 22 29.0
38 25 30.0
38 91 31.0
38 138 32.0
39 143 23.0
39 90 24.0
39 24 25.0
39 25 26.0
39 56 27.0
39 57 28.0
39 58 29.0
39 59 30.0
39 60 31.0
39 61 32.0
39 20 33.0
39 19 34.0
39 96 35.0
39 97 36.0
39 29 37.0
39 27 38.0
39 33 39.0
39 31 40.0
39 36 41.0
39 141 42.0
40 9 28.0
40 5 29.0
40 114 30.0
40 115 31.0
40 116 32.0
40 117 33.0
40 118 34.0
40 119 35.0
40 0 36.0
40 13 37.0
40 34 38.0
40 35 39.0
40 141 40.0
41 145 26.0
41 92 27.0
41 102 28.0
41 103 29.0
41 104 30.0
41 105 31.0
41 106 32.0
41 107 33.0
41 18 34.0
41 21 35.0
41 89 36.0
41 139 37.0
42 147 22.0
42 46 23.0
42 47 24.0
42 44 25.0
42 42 26.0
42 40 27.0
42 38 28.0
42 98 29.0
42 99 30.0
42 22 31.0
42 25 32.0
42 56 33.0
42 57 34.0
42 58 35.0
42 59 36.0
42 60 37.0
42 61 38.0
42 20 39.0
42 21 40.0
42 89 41.0
42 139 42.0
43 7 28.0
43 126 29.0
43 127 30.0
43 128 31.0
43 129 32.0
43 130 33.0
43 131 34.0
43 14 35.0
43 17 36.0
43 74 37.0
43 75 38.0
43 76 39.0
43 77 40.0
43 78 41.0
43 79 42.0
43 12 43.0
43 13 44.0
43 34 45.0
43 35 46.0
43 141 47.0
44 144 40.0
44 88 41.0
44 20 42.0
44 19 43.0
44 50 44.0
44 51 45.0
44 52 46.0
44 53 47.0
44 54 48.0
44 55 49.0
44 22 50.0
44 23 51.0
44 100 52.0
44 101 53.0
44 41 54.0
44 39 55.0
44 45 56.0
44 43 57.0
44 48 58.0
44 142 59.0
45 7 24.0
45 126 25.0
45 127 26.0
45 128 27.0
45 129 28.0
45 130 29.0
45 131 30.0
45 14 31.0
45 17 32.0
45 46 33.0
45 47 34.0
45 44 35.0
45 42 36.0
45 40 37.0
45 38 38.0
45 98 39.0
45 99 40.0
45 22 41.0
45 25 42.0
45 91 43.0
45 138 44.0
46 145 30.0
46 92 31.0
46 102 32.0
46 103 33.0
46 104 34.0
46 105 35.0
46 106 36.0
46 107 37.0
46 18 38.0
46 19 39.0
46 50 40.0
46 51 41.0
46 52 42.0
46 53 43.0
46 54 44.0
46 55 45.0
46 22 46.0
46 25 47.0
46 91 48.0
46 138 49.0
47 9 22.0
47 5 23.0
47 114 24.0
47 115 25.0
47 116 26.0
47 117 27.0
47 118 28.0
47 119 29.0
47 0 30.0
47 1 31.0
47 68 32.0
47 69 33.0
47 70 34.0
47 71 35.0
47 72 36.0
47 73 37.0
47 14 38.0
47 15 39.0
47 132 40.0
47 133 41.0
47 134 42.0
47 135 43.0
47 136 44.0
47 137 45.0
47 6 46.0
49 145 28.0
49 92 29.0
49 102 30.0
49 103 31.0
49 104 32.0
49 105 33.0
49 106 34.0
49 107 35.0
49 18 36.0
49 19 37.0
49 96 38.0
49 97 39.0
49 29 40.0
49 27 41.0
49 33 42.0
49 31 43.0
49 36 44.0
49 141 45.0
50 146 21.0
50 34 22.0
50 35 23.0
50 32 24.0
50 30 25.0
50 28 26.0
50 26 27.0
50 94 28.0
50 95 29.0
50 18 30.0
50 21 31.0
50 89 32.0
50 139 33.0
51 143 37.0
51 90 38.0
51 24 39.0
51 25 40.0
51 56 41.0
51 57 42.0
51 58 43.0
51 59 44.0
51 60 45.0
51 61 46.0
51 20 47.0
51 21 48.0
51 89 49.0
51 139 50.0
52 144 25.0
52 88 26.0
52 20 27.0
52 21 28.0
52 108 29.0
52 109 30.0
52 110 31.0
52 111 32.0
52 112 33.0
52 113 34.0
52 93 35.0
52 140 36.0
53 9 24.0
53 5 25.0
53 114 26.0
53 115 27.0
53 116 28.0
53 117 29.0
53 118 30.0
53 119 31.0
53 0 32.0
53 13 33.0
53 80 34.0
53 81 35.0
53 82 36.0
53 83 37.0
53 84 38.0
53 85 39.0
53 2 40.0
53 10 41.0
54 144 48.0
54 88 49.0
54 20 50.0
54 19 51.0
54 50 52.0
54 51 53.0
54 52 54.0
54 53 55.0
54 54 56.0
54 55 57.0
54 22 58.0
54 25 59.0
54 91 60.0
54 138 61.0
55 147 39.0
55 46 40.0
55 47 41.0
55 44 42.0
55 42 43.0
55 40 44.0
55 38 45.0
55 98 46.0
55 99 47.0
55 22 48.0
55 25 49.0
55 91 50.0
55 138 51.0
56 9 26.0
56 5 27.0
56 114 28.0
56 115 29.0
56 116 30.0
56 117 31.0
56 118 32.0
56 119 33.0
56 0 34.0
56 1 35.0
56 68 36.0
56 69 37.0
56 70 38.0
56 71 39.0
56 72 40.0
56 73 41.0
56 14 42.0
56 17 43.0
56 46 44.0
56 47 45.0
56 142 46.0
57 146 23.0
57 34 24.0
57 35 25.0
57 32 26.0
57 30 27.0
57 28 28.0
57 26 29.0
57 94 30.0
57 95 31.0
57 18 32.0
57 21 33.0
57 108 34.0
57 109 35.0
57 110 36.0
57 111 37.0
57 112 38.0
57 113 39.0
57 93 40.0
57 140 41.0
58 11 30.0
58 3 31.0
58 62 32.0
58 63 33.0
58 64 34.0
58 65 35.0
58 66 36.0
58 67 37.0
58 0 38.0
58 1 39.0
58 68 40.0
58 69 41.0
58 70 42.0
58 71 43.0
58 72 44.0
58 73 45.0
58 14 46.0
58 17 47.0
58 46 48.0
58 47 49.0
58 142 50.0
59 143 21.0
59 90 22.0
59 24 23.0
59 23 24.0
59 100 25.0
59 101 26.0
59 41 27.0
59 39 28.0
59 45 29.0
59 43 30.0
59 48 31.0
59 49 32.0
59 16 33.0
59 15 34.0
59 132 35.0
59 133 36.0
59 134 37.0
59 135 38.0
59 136 39.0
59 137 40.0
59 6 41.0
60 9 38.0
60 5 39.0
60 114 40.0
60 115 41.0
60 116 42.0
60 117 43.0
60 118 44.0
60 119 45.0
60 0 46.0
60 13 47.0
60 34 48.0
60 35 49.0
60 141 50.0
61 145 40.0
61 92 41.0
61 102 42.0
61 103 43.0
61 104 44.0
61 105 45.0
61 106 46.0
61 107 47.0
61 18 48.0
61 19 49.0
61 50 50.0
61 51 51.0
61 52 52.0
61 53 53.0
61 54 54.0
61 55 55.0
61 22 56.0
61 23 57.0
61 100 58.0
61 101 59.0
61 41 60.0
61 39 61.0
61 45 62.0
61 43 63.0
61 48 64.0
61 142 65.0
62 146 34.0
62 34 35.0
62 35 36.0
62 32 37.0
62 30 38.0
62 28 39.0
62 26 40.0
62 94 41.0
62 95 42.0
62 18 43.0
62 21 44.0
62 108 45.0
62 109 46.0
62 110 47.0
62 111 48.0
62 112 49.0
62 113 50.0
62 93 51.0
62 140 52.0
63 7 37.0
63 126 38.0
63 127 39.0
63 128 40.0
63 129 41.0
63 130 42.0
63 131 43.0
63 14 44.0
63 17 45.0
63 46 46.0
63 47 47.0
63 44 48.0
63 42 49.0
63 40 50.0
63 38 51.0
63 98 52.0
63 99 53.0
63 22 54.0
63 25 55.0
63 91 56.0
63 138 57.0
64 9 45.0
64 5 46.0
64 114 47.0
64 115 48.0
64 116 49.0
64 117 50.0
64 118 51.0
64 119 52.0
64 0 53.0
64 13 54.0
64 34 55.0
64 35 56.0
64 141 57.0
65 146 50.0
65 34 51.0
65 35 52.0
65 32 53.0
65 30 54.0
65 28 55.0
65 26 56.0
65 94 57.0
65 95 58.0
65 18 59.0
65 19 60.0
65 50 61.0
65 51 62.0
65 52 63.0
65 53 64.0
65 54 65.0
65 55 66.0
65 22 67.0
65 25 68.0
65 91 69.0
65 138 70.0
66 143 31.0
66 90 32.0
66 24 33.0
66 23 34.0
66 100 35.0
66 101 36.0
66 41 37.0
66 39 38.0
66 45 39.0
66 43 40.0
66 48 41.0
66 49 42.0
66 16 43.0
66 15 44.0
66 132 45.0
66 133 46.0
66 134 47.0
66 135 48.0
66 136 49.0
66 137 50.0
66 6 51.0
67 145 33.0
67 92 34.0
67 102 35.0
67 103 36.0
67 104 37.0
67 105 38.0
67 106 39.0
67 107 40.0
67 18 41.0
67 21 42.0
67 89 43.0
67 139 44.0
68 11 35.0
68 3 36.0
68 62 37.0
68 63 38.0
68 64 39.0
68 65 40.0
68 66 41.0
68 67 42.0
68 0 43.0
68 1 44.0
68 120 45.0
68 121 46.0
68 122 47.0
68 123 48.0
68 124 49.0
68 125 50.0
68 4 51.0
68 8 52.0
69 9 33.0
69 5 34.0
69 114 35.0
69 115 36.0
69 116 37.0
69 117 38.0
69 118 39.0
69 119 40.0
69 0 41.0
69 13 42.0
69 34 43.0
69 35 44.0
69 32 45.0
69 30 46.0
69 28 47.0
69 26 48.0
69 94 49.0
69 95 50.0
69 18 51.0
69 21 52.0
69 89 53.0
69 139 54.0
70 9 40.0
70 5 41.0
70 114 42.0
70 115 43.0
70 116 44.0
70 117 45.0
70 118 46.0
70 119 47.0
70 0 48.0
70 13 49.0
70 80 50.0
70 81 51.0
70 82 52.0
70 83 53.0
70 84 54.0
70 85 55.0
70 2 56.0
70 10 57.0
71 147 49.0
71 49 50.0
71 16 51.0
71 17 52.0
71 74 53.0
71 75 54.0
71 76 55.0
71 77 56.0
71 78 57.0
71 79 58.0
71 12 59.0
71 13 60.0
71 34 61.0
71 35 62.0
71 141 63.0
72 144 42.0
72 88 43.0
72 20 44.0
72 19 45.0
72 96 46.0
72 97 47.0
72 29 48.0
72 27 49.0
72 33 50.0
72 31 51.0
72 36 52.0
72 37 53.0
72 12 54.0
72 1 55.0
72 120 56.0
72 121 57.0
72 122 58.0
72 123 59.0
72 124 60.0
72 125 61.0
72 4 62.0
72 8 63.0
73 147 35.0
73 49 36.0
73 16 37.0
73 17 38.0
73 74 39.0
73 75 40.0
73 76 41.0
73 77 42.0
73 78 43.0
73 79 44.0
73 12 45.0
73 1 46.0
73 120 47.0
73 121 48.0
73 122 49.0
73 123 50.0
73 124 51.0
73 125 52.0
73 4 53.0
73 8 54.0
74 145 47.0
74 92 48.0
74 102 49.0
74 103 50.0
74 104 51.0
74 105 52.0
74 106 53.0
74 107 54.0
74 18 55.0
74 19 56.0
74 50 57.0
74 51 58.0
74 52 59.0
74 53 60.0
74 54 61.0
74 55 62.0
74 22 63.0
74 23 64.0
74 100 65.0
74 101 66.0
74 41 67.0
74 39 68.0
74 45 69.0
74 43 70.0
74 48 71.0
74 142 72.0
75 145 38.0
75 92 39.0
75 102 40.0
75 103 41.0
75 104 42.0
75 105 43.0
75 106 44.0
75 107 45.0
75 18 46.0
75 19 47.0
75 96 48.0
75 97 49.0
75 29 50.0
75 27 51.0
75 33 52.0
75 31 53.0
75 36 54.0
75 141 55.0
76 144 50.0
76 88 51.0
76 20 52.0
76 19 53.0
76 96 54.0
76 97 55.0
76 29 56.0
76 27 57.0
76 33 58.0
76 31 59.0
76 36 60.0
76 37 61.0
76 12 62.0
76 13 63.0
76 80 64.0
76 81 65.0
76 82 66.0
76 83 67.0
76 84 68.0
76 85 69.0
76 2 70.0
76 10 71.0
77 9 48.0
77 5 49.0
77 114 50.0
77 115 51.0
77 116 52.0
77 117 53.0
77 118 54.0
77 119 55.0
77 0 56.0
77 13 57.0
77 34 58.0
77 35 59.0
77 32 60.0
77 30 61.0
77 28 62.0
77 26 63.0
77 94 64.0
77 95 65.0
77 18 66.0
77 21 67.0
77 89 68.0
77 139 69.0
79 7 46.0
79 126 47.0
79 127 48.0
79 128 49.0
79 129 50.0
79 130 51.0
79 131 52.0
79 14 53.0
79 17 54.0
79 46 55.0
79 47 56.0
79 142 57.0
82 11 50.0
82 3 51.0
82 62 52.0
82 63 53.0
82 64 54.0
82 65 55.0
82 66 56.0
82 67 57.0
82 0 58.0
82 1 59.0
82 68 60.0
82 69 61.0
82 70 62.0
82 71 63.0
82 72 64.0
82 73 65.0
82 14 66.0
82 17 67.0
82 46 68.0
82 47 69.0
82 142 70.0
85 143 48.0
85 90 49.0
85 24 50.0
85 25 51.0
85 56 52.0
85 57 53.0
85 58 54.0
85 59 55.0
85 60 56.0
85 61 57.0
85 20 58.0
85 21 59.0
85 89 60.0
85 139 61.0
87 143 50.0
87 90 51.0
87 24 52.0
87 25 53.0
87 56 54.0
87 57 55.0
87 58 56.0
87 59 57.0
87 60 58.0
87 61 59.0
87 20 60.0
87 21 61.0
87 108 62.0
87 109 63.0
87 110 64.0
87 111 65.0
87 112 66.0
87 113 67.0
87 93 68.0
87 140 69.0
88 143 44.0
88 90 45.0
88 24 46.0
88 23 47.0
88 100 48.0
88 101 49.0
88 41 50.0
88 39 51.0
88 45 52.0
88 43 53.0
88 48 54.0
88 142 55.0
89 7 49.0
89 126 50.0
89 127 51.0
89 128 52.0
89 129 53.0
89 130 54.0
89 131 55.0
89 14 56.0
89 17 57.0
89 74 58.0
89 75 59.0
89 76 60.0
89 77 61.0
89 78 62.0
89 79 63.0
89 12 64.0
89 13 65.0
89 80 66.0
89 81 67.0
89 82 68.0
89 83 69.0
89 84 70.0
89 85 71.0
89 2 72.0
89 10 73.0
91 145 45.0
91 92 46.0
91 102 47.0
91 103 48.0
91 104 49.0
91 105 50.0
91 106 51.0
91 107 52.0
91 18 53.0
91 21 54.0
91 89 55.0
91 139 56.0
97 145 49.0
97 92 50.0
97 102 51.0
97 103 52.0
97 104 53.0
97 105 54.0
97 106 55.0
97 107 56.0
97 18 57.0
97 19 58.0
97 96 59.0
97 97 60.0
97 29 61.0
97 27 62.0
97 33 63.0
97 31 64.0
97 36 65.0
97 141 66.0
99 146 48.0
99 37 49.0
99 12 50.0
99 1 51.0
99 68 52.0
99 69 53.0
99 70 54.0
99 71 55.0
99 72 56.0
99 73 57.0
99 14 58.0
99 17 59.0
99 46 60.0
99 47 61.0
99 142 62.0
100 143 14
100 90 15.0
100 24 16.0
100 23 17.0
100 100 18.0
100 101 19.0
100 41 20.0
100 39 21.0
100 45 22.0
100 43 23.0
100 48 24.0
100 49 25.0
100 16 26.0
100 15 27.0
100 132 28.0
100 133 29.0
100 134 30.0
100 135 31.0
100 136 32.0
100 137 33.0
100 6 34.0
;
set fixedFlights :=
19 0 1
23 0 1
34 0 1
47 0 1
56 0 1
58 0 1
68 0 1
82 0 1
2 2 10
5 2 10
17 2 10
24 2 10
32 2 10
53 2 10
70 2 10
76 2 10
89 2 10
12 11 3
58 11 3
68 11 3
82 11 3
4 4 8
8 4 8
11 4 8
28 4 8
68 4 8
72 4 8
73 4 8
19 9 5
23 9 5
34 9 5
40 9 5
47 9 5
53 9 5
56 9 5
60 9 5
64 9 5
69 9 5
70 9 5
77 9 5
2 12 13
3 12 13
5 12 13
9 12 13
17 12 13
24 12 13
29 12 13
32 12 13
43 12 13
71 12 13
76 12 13
89 12 13
12 0 13
40 0 13
53 0 13
60 0 13
64 0 13
69 0 13
70 0 13
77 0 13
4 12 1
8 12 1
11 12 1
28 12 1
33 12 1
36 12 1
72 12 1
73 12 1
99 12 1
19 14 15
36 14 15
47 14 15
5 16 17
11 16 17
28 16 17
71 16 17
73 16 17
1 14 17
3 14 17
4 14 17
8 14 17
9 14 17
20 14 17
23 14 17
29 14 17
33 14 17
34 14 17
43 14 17
45 14 17
56 14 17
58 14 17
63 14 17
79 14 17
82 14 17
89 14 17
99 14 17
6 16 15
7 16 15
13 16 15
59 16 15
66 16 15
100 16 15
16 18 19
25 18 19
30 18 19
35 18 19
37 18 19
38 18 19
46 18 19
49 18 19
61 18 19
65 18 19
74 18 19
75 18 19
97 18 19
0 20 21
15 20 21
31 20 21
42 20 21
51 20 21
52 20 21
85 20 21
87 20 21
41 18 21
50 18 21
57 18 21
62 18 21
67 18 21
69 18 21
77 18 21
91 18 21
2 20 19
14 20 19
17 20 19
21 20 19
26 20 19
27 20 19
39 20 19
44 20 19
54 20 19
72 20 19
76 20 19
26 22 23
44 22 23
61 22 23
74 22 23
0 24 25
15 24 25
27 24 25
39 24 25
51 24 25
85 24 25
87 24 25
14 22 25
30 22 25
35 22 25
38 22 25
42 22 25
45 22 25
46 22 25
54 22 25
55 22 25
63 22 25
65 22 25
7 24 23
59 24 23
66 24 23
88 24 23
100 24 23
3 13 34
9 13 34
12 13 34
29 13 34
40 13 34
43 13 34
60 13 34
64 13 34
69 13 34
71 13 34
77 13 34
3 34 35
9 34 35
12 34 35
29 34 35
30 34 35
40 34 35
43 34 35
50 34 35
57 34 35
60 34 35
62 34 35
64 34 35
65 34 35
69 34 35
71 34 35
77 34 35
30 35 32
50 35 32
57 35 32
62 35 32
65 35 32
69 35 32
77 35 32
30 32 30
50 32 30
57 32 30
62 32 30
65 32 30
69 32 30
77 32 30
30 30 28
50 30 28
57 30 28
62 30 28
65 30 28
69 30 28
77 30 28
30 28 26
50 28 26
57 28 26
62 28 26
65 28 26
69 28 26
77 28 26
2 29 27
16 29 27
17 29 27
21 29 27
25 29 27
27 29 27
37 29 27
39 29 27
49 29 27
72 29 27
75 29 27
76 29 27
97 29 27
2 27 33
16 27 33
17 27 33
21 27 33
25 27 33
27 27 33
37 27 33
39 27 33
49 27 33
72 27 33
75 27 33
76 27 33
97 27 33
2 33 31
16 33 31
17 33 31
21 33 31
25 33 31
27 33 31
37 33 31
39 33 31
49 33 31
72 33 31
75 33 31
76 33 31
97 33 31
2 31 36
16 31 36
17 31 36
21 31 36
25 31 36
27 31 36
37 31 36
39 31 36
49 31 36
72 31 36
75 31 36
76 31 36
97 31 36
2 36 37
17 36 37
72 36 37
76 36 37
2 37 12
17 37 12
24 37 12
32 37 12
33 37 12
36 37 12
72 37 12
76 37 12
99 37 12
1 17 46
20 17 46
23 17 46
33 17 46
34 17 46
45 17 46
56 17 46
58 17 46
63 17 46
79 17 46
82 17 46
99 17 46
1 46 47
20 46 47
23 46 47
33 46 47
34 46 47
42 46 47
45 46 47
55 46 47
56 46 47
58 46 47
63 46 47
79 46 47
82 46 47
99 46 47
42 47 44
45 47 44
55 47 44
63 47 44
42 44 42
45 44 42
55 44 42
63 44 42
42 42 40
45 42 40
55 42 40
63 42 40
42 40 38
45 40 38
55 40 38
63 40 38
7 41 39
26 41 39
44 41 39
59 41 39
61 41 39
66 41 39
74 41 39
88 41 39
100 41 39
7 39 45
26 39 45
44 39 45
59 39 45
61 39 45
66 39 45
74 39 45
88 39 45
100 39 45
7 45 43
26 45 43
44 45 43
59 45 43
61 45 43
66 45 43
74 45 43
88 45 43
100 45 43
7 43 48
26 43 48
44 43 48
59 43 48
61 43 48
66 43 48
74 43 48
88 43 48
100 43 48
7 48 49
59 48 49
66 48 49
100 48 49
5 49 16
6 49 16
7 49 16
11 49 16
13 49 16
28 49 16
59 49 16
66 49 16
71 49 16
73 49 16
100 49 16
14 19 50
26 19 50
30 19 50
35 19 50
38 19 50
44 19 50
46 19 50
54 19 50
61 19 50
65 19 50
74 19 50
14 50 51
26 50 51
30 50 51
35 50 51
38 50 51
44 50 51
46 50 51
54 50 51
61 50 51
65 50 51
74 50 51
14 51 52
26 51 52
30 51 52
35 51 52
38 51 52
44 51 52
46 51 52
54 51 52
61 51 52
65 51 52
74 51 52
14 52 53
26 52 53
30 52 53
35 52 53
38 52 53
44 52 53
46 52 53
54 52 53
61 52 53
65 52 53
74 52 53
14 53 54
26 53 54
30 53 54
35 53 54
38 53 54
44 53 54
46 53 54
54 53 54
61 53 54
65 53 54
74 53 54
14 54 55
26 54 55
30 54 55
35 54 55
38 54 55
44 54 55
46 54 55
54 54 55
61 54 55
65 54 55
74 54 55
14 55 22
26 55 22
30 55 22
35 55 22
38 55 22
44 55 22
46 55 22
54 55 22
61 55 22
65 55 22
74 55 22
0 25 56
15 25 56
27 25 56
39 25 56
42 25 56
51 25 56
85 25 56
87 25 56
0 56 57
15 56 57
27 56 57
39 56 57
42 56 57
51 56 57
85 56 57
87 56 57
0 57 58
15 57 58
27 57 58
39 57 58
42 57 58
51 57 58
85 57 58
87 57 58
0 58 59
15 58 59
27 58 59
39 58 59
42 58 59
51 58 59
85 58 59
87 58 59
0 59 60
15 59 60
27 59 60
39 59 60
42 59 60
51 59 60
85 59 60
87 59 60
0 60 61
15 60 61
27 60 61
39 60 61
42 60 61
51 60 61
85 60 61
87 60 61
0 61 20
15 61 20
27 61 20
39 61 20
42 61 20
51 61 20
85 61 20
87 61 20
12 3 62
58 3 62
68 3 62
82 3 62
12 62 63
58 62 63
68 62 63
82 62 63
12 63 64
58 63 64
68 63 64
82 63 64
12 64 65
58 64 65
68 64 65
82 64 65
12 65 66
58 65 66
68 65 66
82 65 66
12 66 67
58 66 67
68 66 67
82 66 67
12 67 0
58 67 0
68 67 0
82 67 0
19 1 68
23 1 68
33 1 68
34 1 68
36 1 68
47 1 68
56 1 68
58 1 68
82 1 68
99 1 68
19 68 69
23 68 69
33 68 69
34 68 69
36 68 69
47 68 69
56 68 69
58 68 69
82 68 69
99 68 69
19 69 70
23 69 70
33 69 70
34 69 70
36 69 70
47 69 70
56 69 70
58 69 70
82 69 70
99 69 70
19 70 71
23 70 71
33 70 71
34 70 71
36 70 71
47 70 71
56 70 71
58 70 71
82 70 71
99 70 71
19 71 72
23 71 72
33 71 72
34 71 72
36 71 72
47 71 72
56 71 72
58 71 72
82 71 72
99 71 72
19 72 73
23 72 73
33 72 73
34 72 73
36 72 73
47 72 73
56 72 73
58 72 73
82 72 73
99 72 73
19 73 14
23 73 14
33 73 14
34 73 14
36 73 14
47 73 14
56 73 14
58 73 14
82 73 14
99 73 14
3 17 74
4 17 74
5 17 74
8 17 74
9 17 74
11 17 74
28 17 74
29 17 74
43 17 74
71 17 74
73 17 74
89 17 74
3 74 75
4 74 75
5 74 75
8 74 75
9 74 75
11 74 75
28 74 75
29 74 75
43 74 75
71 74 75
73 74 75
89 74 75
3 75 76
4 75 76
5 75 76
8 75 76
9 75 76
11 75 76
28 75 76
29 75 76
43 75 76
71 75 76
73 75 76
89 75 76
3 76 77
4 76 77
5 76 77
8 76 77
9 76 77
11 76 77
28 76 77
29 76 77
43 76 77
71 76 77
73 76 77
89 76 77
3 77 78
4 77 78
5 77 78
8 77 78
9 77 78
11 77 78
28 77 78
29 77 78
43 77 78
71 77 78
73 77 78
89 77 78
3 78 79
4 78 79
5 78 79
8 78 79
9 78 79
11 78 79
28 78 79
29 78 79
43 78 79
71 78 79
73 78 79
89 78 79
3 79 12
4 79 12
5 79 12
8 79 12
9 79 12
11 79 12
28 79 12
29 79 12
43 79 12
71 79 12
73 79 12
89 79 12
2 13 80
5 13 80
17 13 80
24 13 80
32 13 80
53 13 80
70 13 80
76 13 80
89 13 80
2 80 81
5 80 81
17 80 81
24 80 81
32 80 81
53 80 81
70 80 81
76 80 81
89 80 81
2 81 82
5 81 82
17 81 82
24 81 82
32 81 82
53 81 82
70 81 82
76 81 82
89 81 82
2 82 83
5 82 83
17 82 83
24 82 83
32 82 83
53 82 83
70 82 83
76 82 83
89 82 83
2 83 84
5 83 84
17 83 84
24 83 84
32 83 84
53 83 84
70 83 84
76 83 84
89 83 84
2 84 85
5 84 85
17 84 85
24 84 85
32 84 85
53 84 85
70 84 85
76 84 85
89 84 85
2 85 2
5 85 2
17 85 2
24 85 2
32 85 2
53 85 2
70 85 2
76 85 2
89 85 2
30 26 94
50 26 94
57 26 94
62 26 94
65 26 94
69 26 94
77 26 94
30 94 95
50 94 95
57 94 95
62 94 95
65 94 95
69 94 95
77 94 95
30 95 18
50 95 18
57 95 18
62 95 18
65 95 18
69 95 18
77 95 18
2 19 96
16 19 96
17 19 96
21 19 96
25 19 96
27 19 96
37 19 96
39 19 96
49 19 96
72 19 96
75 19 96
76 19 96
97 19 96
2 96 97
16 96 97
17 96 97
21 96 97
25 96 97
27 96 97
37 96 97
39 96 97
49 96 97
72 96 97
75 96 97
76 96 97
97 96 97
2 97 29
16 97 29
17 97 29
21 97 29
25 97 29
27 97 29
37 97 29
39 97 29
49 97 29
72 97 29
75 97 29
76 97 29
97 97 29
42 38 98
45 38 98
55 38 98
63 38 98
42 98 99
45 98 99
55 98 99
63 98 99
42 99 22
45 99 22
55 99 22
63 99 22
7 23 100
26 23 100
44 23 100
59 23 100
61 23 100
66 23 100
74 23 100
88 23 100
100 23 100
7 100 101
26 100 101
44 100 101
59 100 101
61 100 101
66 100 101
74 100 101
88 100 101
100 100 101
7 101 41
26 101 41
44 101 41
59 101 41
61 101 41
66 101 41
74 101 41
88 101 41
100 101 41
16 92 102
25 92 102
35 92 102
37 92 102
38 92 102
41 92 102
46 92 102
49 92 102
61 92 102
67 92 102
74 92 102
75 92 102
91 92 102
97 92 102
16 102 103
25 102 103
35 102 103
37 102 103
38 102 103
41 102 103
46 102 103
49 102 103
61 102 103
67 102 103
74 102 103
75 102 103
91 102 103
97 102 103
16 103 104
25 103 104
35 103 104
37 103 104
38 103 104
41 103 104
46 103 104
49 103 104
61 103 104
67 103 104
74 103 104
75 103 104
91 103 104
97 103 104
16 104 105
25 104 105
35 104 105
37 104 105
38 104 105
41 104 105
46 104 105
49 104 105
61 104 105
67 104 105
74 104 105
75 104 105
91 104 105
97 104 105
16 105 106
25 105 106
35 105 106
37 105 106
38 105 106
41 105 106
46 105 106
49 105 106
61 105 106
67 105 106
74 105 106
75 105 106
91 105 106
97 105 106
16 106 107
25 106 107
35 106 107
37 106 107
38 106 107
41 106 107
46 106 107
49 106 107
61 106 107
67 106 107
74 106 107
75 106 107
91 106 107
97 106 107
16 107 18
25 107 18
35 107 18
37 107 18
38 107 18
41 107 18
46 107 18
49 107 18
61 107 18
67 107 18
74 107 18
75 107 18
91 107 18
97 107 18
0 21 108
15 21 108
31 21 108
52 21 108
57 21 108
62 21 108
87 21 108
0 108 109
15 108 109
31 108 109
52 108 109
57 108 109
62 108 109
87 108 109
0 109 110
15 109 110
31 109 110
52 109 110
57 109 110
62 109 110
87 109 110
0 110 111
15 110 111
31 110 111
52 110 111
57 110 111
62 110 111
87 110 111
0 111 112
15 111 112
31 111 112
52 111 112
57 111 112
62 111 112
87 111 112
0 112 113
15 112 113
31 112 113
52 112 113
57 112 113
62 112 113
87 112 113
0 113 93
15 113 93
31 113 93
52 113 93
57 113 93
62 113 93
87 113 93
41 21 89
42 21 89
50 21 89
51 21 89
67 21 89
69 21 89
77 21 89
85 21 89
91 21 89
2 88 20
14 88 20
17 88 20
21 88 20
26 88 20
31 88 20
44 88 20
52 88 20
54 88 20
72 88 20
76 88 20
14 25 91
30 25 91
35 25 91
38 25 91
45 25 91
46 25 91
54 25 91
55 25 91
63 25 91
65 25 91
0 90 24
7 90 24
15 90 24
27 90 24
39 90 24
51 90 24
59 90 24
66 90 24
85 90 24
87 90 24
88 90 24
100 90 24
19 5 114
23 5 114
34 5 114
40 5 114
47 5 114
53 5 114
56 5 114
60 5 114
64 5 114
69 5 114
70 5 114
77 5 114
19 114 115
23 114 115
34 114 115
40 114 115
47 114 115
53 114 115
56 114 115
60 114 115
64 114 115
69 114 115
70 114 115
77 114 115
19 115 116
23 115 116
34 115 116
40 115 116
47 115 116
53 115 116
56 115 116
60 115 116
64 115 116
69 115 116
70 115 116
77 115 116
19 116 117
23 116 117
34 116 117
40 116 117
47 116 117
53 116 117
56 116 117
60 116 117
64 116 117
69 116 117
70 116 117
77 116 117
19 117 118
23 117 118
34 117 118
40 117 118
47 117 118
53 117 118
56 117 118
60 117 118
64 117 118
69 117 118
70 117 118
77 117 118
19 118 119
23 118 119
34 118 119
40 118 119
47 118 119
53 118 119
56 118 119
60 118 119
64 118 119
69 118 119
70 118 119
77 118 119
19 119 0
23 119 0
34 119 0
40 119 0
47 119 0
53 119 0
56 119 0
60 119 0
64 119 0
69 119 0
70 119 0
77 119 0
4 1 120
8 1 120
11 1 120
28 1 120
68 1 120
72 1 120
73 1 120
4 120 121
8 120 121
11 120 121
28 120 121
68 120 121
72 120 121
73 120 121
4 121 122
8 121 122
11 121 122
28 121 122
68 121 122
72 121 122
73 121 122
4 122 123
8 122 123
11 122 123
28 122 123
68 122 123
72 122 123
73 122 123
4 123 124
8 123 124
11 123 124
28 123 124
68 123 124
72 123 124
73 123 124
4 124 125
8 124 125
11 124 125
28 124 125
68 124 125
72 124 125
73 124 125
4 125 4
8 125 4
11 125 4
28 125 4
68 125 4
72 125 4
73 125 4
1 7 126
3 7 126
4 7 126
8 7 126
9 7 126
20 7 126
29 7 126
43 7 126
45 7 126
63 7 126
79 7 126
89 7 126
1 126 127
3 126 127
4 126 127
8 126 127
9 126 127
20 126 127
29 126 127
43 126 127
45 126 127
63 126 127
79 126 127
89 126 127
1 127 128
3 127 128
4 127 128
8 127 128
9 127 128
20 127 128
29 127 128
43 127 128
45 127 128
63 127 128
79 127 128
89 127 128
1 128 129
3 128 129
4 128 129
8 128 129
9 128 129
20 128 129
29 128 129
43 128 129
45 128 129
63 128 129
79 128 129
89 128 129
1 129 130
3 129 130
4 129 130
8 129 130
9 129 130
20 129 130
29 129 130
43 129 130
45 129 130
63 129 130
79 129 130
89 129 130
1 130 131
3 130 131
4 130 131
8 130 131
9 130 131
20 130 131
29 130 131
43 130 131
45 130 131
63 130 131
79 130 131
89 130 131
1 131 14
3 131 14
4 131 14
8 131 14
9 131 14
20 131 14
29 131 14
43 131 14
45 131 14
63 131 14
79 131 14
89 131 14
6 15 132
7 15 132
13 15 132
19 15 132
36 15 132
47 15 132
59 15 132
66 15 132
100 15 132
6 132 133
7 132 133
13 132 133
19 132 133
36 132 133
47 132 133
59 132 133
66 132 133
100 132 133
6 133 134
7 133 134
13 133 134
19 133 134
36 133 134
47 133 134
59 133 134
66 133 134
100 133 134
6 134 135
7 134 135
13 134 135
19 134 135
36 134 135
47 134 135
59 134 135
66 134 135
100 134 135
6 135 136
7 135 136
13 135 136
19 135 136
36 135 136
47 135 136
59 135 136
66 135 136
100 135 136
6 136 137
7 136 137
13 136 137
19 136 137
36 136 137
47 136 137
59 136 137
66 136 137
100 136 137
6 137 6
7 137 6
13 137 6
19 137 6
36 137 6
47 137 6
59 137 6
66 137 6
100 137 6
2 144 88
14 144 88
17 144 88
21 144 88
26 144 88
31 144 88
44 144 88
52 144 88
54 144 88
72 144 88
76 144 88
0 143 90
7 143 90
15 143 90
27 143 90
39 143 90
51 143 90
59 143 90
66 143 90
85 143 90
87 143 90
88 143 90
100 143 90
16 145 92
25 145 92
35 145 92
37 145 92
38 145 92
41 145 92
46 145 92
49 145 92
61 145 92
67 145 92
74 145 92
75 145 92
91 145 92
97 145 92
0 93 140
15 93 140
31 93 140
52 93 140
57 93 140
62 93 140
87 93 140
41 89 139
42 89 139
50 89 139
51 89 139
67 89 139
69 89 139
77 89 139
85 89 139
91 89 139
14 91 138
30 91 138
35 91 138
38 91 138
45 91 138
46 91 138
54 91 138
55 91 138
63 91 138
65 91 138
26 48 142
44 48 142
61 48 142
74 48 142
88 48 142
1 47 142
20 47 142
23 47 142
33 47 142
34 47 142
56 47 142
58 47 142
79 47 142
82 47 142
99 47 142
16 36 141
21 36 141
25 36 141
27 36 141
37 36 141
39 36 141
49 36 141
75 36 141
97 36 141
3 35 141
9 35 141
12 35 141
29 35 141
40 35 141
43 35 141
60 35 141
64 35 141
71 35 141
24 146 37
32 146 37
33 146 37
36 146 37
99 146 37
30 146 34
50 146 34
57 146 34
62 146 34
65 146 34
42 147 46
55 147 46
5 147 49
6 147 49
11 147 49
13 147 49
28 147 49
71 147 49
73 147 49
;
;
set inFlight:=
0
1
2
3
4
5
6
7
8
9
11
12
13
14
15
16
17
18
19
21
23
35
38
;
set passedFreeF:=
18 144 88
18 88 20
18 20 19
18 19 50
18 50 51
18 51 52
18 52 53
18 53 54
18 54 55
18 55 22
18 22 23
18 23 100
18 100 101
18 101 41
18 41 39
18 39 45
18 45 43
18 43 48
18 48 142
22 143 90
22 90 24
22 24 23
22 23 100
22 100 101
22 101 41
22 41 39
22 39 45
22 45 43
22 43 48
22 48 49
22 49 16
22 16 15
22 15 132
22 132 133
22 133 134
22 134 135
22 135 136
22 136 137
22 137 6
;
param tini := 12.2487719869086;
