param nn:= 148;
set F:=
0
1
2
3
4
5
6
7
8
9
10
11
12
13
14
15
16
17
18
19
20
21
22
23
24
25
26
27
28
29
30
31
32
33
34
35
36
37
38
39
40
41
42
43
44
45
46
47
48
49
50
51
52
53
54
55
56
57
58
59
60
61
62
63
64
65
67
68
70
71
72
73
74
75
76
77
79
80
82
83
84
86
90
93
96
99
100
;
set AP:=
100
;
param: E: d:=
0 1 2.500000
2 10 1.500000
11 3 1.500000
4 8 1.500000
9 5 1.500000
12 13 2.500000
0 13 2.500000
12 1 2.500000
14 15 2.500000
16 17 2.500000
14 17 2.500000
16 15 2.500000
18 19 2.500000
20 21 2.500000
18 21 2.500000
20 19 2.500000
22 23 2.500000
24 25 2.500000
22 25 2.500000
24 23 2.500000
13 34 2.500000
34 35 2.500000
35 32 2.500000
32 30 2.500000
30 28 2.500000
28 26 2.500000
29 27 2.500000
27 33 2.500000
33 31 2.500000
31 36 2.500000
36 37 2.500000
37 12 2.500000
17 46 2.500000
46 47 2.500000
47 44 2.500000
44 42 2.500000
42 40 2.500000
40 38 2.500000
41 39 2.500000
39 45 2.500000
45 43 2.500000
43 48 2.500000
48 49 2.500000
49 16 2.500000
19 50 2.500000
50 51 2.500000
51 52 2.500000
52 53 2.500000
53 54 2.500000
54 55 2.500000
55 22 2.500000
25 56 2.500000
56 57 2.500000
57 58 2.500000
58 59 2.500000
59 60 2.500000
60 61 2.500000
61 20 2.500000
3 62 2.500000
62 63 2.500000
63 64 2.500000
64 65 2.500000
65 66 2.500000
66 67 2.500000
67 0 2.500000
1 68 2.500000
68 69 2.500000
69 70 2.500000
70 71 2.500000
71 72 2.500000
72 73 2.500000
73 14 2.500000
17 74 2.500000
74 75 2.500000
75 76 2.500000
76 77 2.500000
77 78 2.500000
78 79 2.500000
79 12 2.500000
13 80 2.500000
80 81 2.500000
81 82 2.500000
82 83 2.500000
83 84 2.500000
84 85 2.500000
85 2 2.500000
26 94 2.500000
94 95 2.500000
95 18 2.500000
19 96 2.500000
96 97 2.500000
97 29 2.500000
38 98 2.500000
98 99 2.500000
99 22 2.500000
23 100 2.500000
100 101 2.500000
101 41 2.500000
92 102 2.500000
102 103 2.500000
103 104 2.500000
104 105 2.500000
105 106 2.500000
106 107 2.500000
107 18 2.500000
21 108 2.500000
108 109 2.500000
109 110 2.500000
110 111 2.500000
111 112 2.500000
112 113 2.500000
113 93 2.500000
21 89 2.500000
88 20 2.500000
25 91 2.500000
90 24 2.500000
5 114 2.500000
114 115 2.500000
115 116 2.500000
116 117 2.500000
117 118 2.500000
118 119 2.500000
119 0 2.500000
1 120 2.500000
120 121 2.500000
121 122 2.500000
122 123 2.500000
123 124 2.500000
124 125 2.500000
125 4 2.500000
7 126 1.500000
126 127 2.500000
127 128 2.500000
128 129 2.500000
129 130 2.500000
130 131 2.500000
131 14 2.500000
15 132 2.500000
132 133 2.500000
133 134 2.500000
134 135 2.500000
135 136 2.500000
136 137 2.500000
137 6 1.500000
87 6 1.500000
7 86 1.500000
144 88 1.500000
143 90 1.500000
145 92 1.500000
93 140 1.500000
89 139 1.500000
91 138 1.500000
48 142 1.500000
47 142 1.500000
36 141 1.500000
35 141 1.500000
146 37 1.500000
146 34 1.500000
147 46 1.500000
147 49 1.500000
;
param s:=
0 144
1 143
2 9
3 9
4 145
5 11
6 7
7 147
8 146
9 144
10 146
11 9
12 7
13 145
14 11
15 145
16 147
17 146
18 143
19 145
20 144
21 145
22 11
23 143
24 9
25 7
26 9
27 9
28 144
29 9
30 11
31 11
32 144
33 145
34 147
35 146
36 7
37 146
38 9
39 147
40 145
41 9
42 9
43 145
44 11
45 7
46 11
47 147
48 11
49 147
50 7
51 11
52 9
53 144
54 145
55 145
56 143
57 11
58 146
59 146
60 11
61 146
62 11
63 144
64 147
65 144
67 143
68 7
70 144
71 7
72 144
73 144
74 145
75 11
76 9
77 145
79 145
80 146
82 143
83 147
84 145
86 7
90 145
93 143
96 147
99 147
100 144
;
param e:=
0 142
1 139
2 142
3 141
4 142
5 8
6 138
7 139
8 6
9 142
10 138
11 141
12 10
13 139
14 6
15 139
16 141
17 139
18 6
19 142
20 10
21 139
22 139
23 141
24 6
25 10
26 139
27 141
28 141
29 6
30 142
31 142
32 8
33 141
34 141
35 140
36 142
37 10
38 141
39 10
40 142
41 6
42 10
43 142
44 139
45 142
46 6
47 141
48 142
49 141
50 141
51 6
52 141
53 140
54 141
55 141
56 141
57 8
58 8
59 138
60 139
61 140
62 6
63 140
64 139
65 142
67 139
68 8
70 138
71 8
72 140
73 141
74 142
75 8
76 139
77 139
79 142
80 8
82 139
83 138
84 139
86 141
90 141
93 139
96 6
99 138
100 138
;
param v_min:=2.375
;
param v_max:=2.625
;
param :conflictsNodes: angle:=
0 1 13 1.000000
0 13 1 1.000000
0 1 67 1.000000
0 67 1 1.000000
0 1 119 1.000000
0 119 1 1.000000
0 13 67 1.000000
0 67 13 1.000000
0 13 119 1.000000
0 119 13 1.000000
0 67 119 1.000000
0 119 67 1.000000
1 0 68 1.000000
1 68 0 1.000000
1 0 120 1.000000
1 120 0 1.000000
1 0 12 1.000000
1 12 0 1.000000
1 68 120 1.000000
1 120 68 1.000000
1 12 68 1.000000
1 68 12 1.000000
1 12 120 1.000000
1 120 12 1.000000
12 13 37 1.000000
12 37 13 1.000000
12 13 79 1.000000
12 79 13 1.000000
12 1 13 1.000000
12 13 1 1.000000
12 1 37 1.000000
12 37 1 1.000000
12 1 79 1.000000
12 79 1 1.000000
12 37 79 1.000000
12 79 37 1.000000
13 0 12 1.000000
13 12 0 1.000000
13 0 34 1.000000
13 34 0 1.000000
13 0 80 1.000000
13 80 0 1.000000
13 12 34 1.000000
13 34 12 1.000000
13 12 80 1.000000
13 80 12 1.000000
13 34 80 1.000000
13 80 34 1.000000
14 15 17 1.000000
14 17 15 1.000000
14 15 73 1.000000
14 73 15 1.000000
14 15 131 1.000000
14 131 15 1.000000
14 17 73 1.000000
14 73 17 1.000000
14 17 131 1.000000
14 131 17 1.000000
14 73 131 1.000000
14 131 73 1.000000
15 14 132 1.000000
15 132 14 1.000000
15 14 16 1.000000
15 16 14 1.000000
15 16 132 1.000000
15 132 16 1.000000
16 17 49 1.000000
16 49 17 1.000000
16 15 17 1.000000
16 17 15 1.000000
16 15 49 1.000000
16 49 15 1.000000
17 14 16 1.000000
17 16 14 1.000000
17 14 46 1.000000
17 46 14 1.000000
17 14 74 1.000000
17 74 14 1.000000
17 16 46 1.000000
17 46 16 1.000000
17 16 74 1.000000
17 74 16 1.000000
17 46 74 1.000000
17 74 46 1.000000
18 19 21 1.000000
18 21 19 1.000000
18 19 95 1.000000
18 95 19 1.000000
18 19 107 1.000000
18 107 19 1.000000
18 21 95 1.000000
18 95 21 1.000000
18 21 107 1.000000
18 107 21 1.000000
18 95 107 1.000000
18 107 95 1.000000
19 18 50 1.000000
19 50 18 1.000000
19 18 96 1.000000
19 96 18 1.000000
19 18 20 1.000000
19 20 18 1.000000
19 50 96 1.000000
19 96 50 1.000000
19 20 50 1.000000
19 50 20 1.000000
19 20 96 1.000000
19 96 20 1.000000
20 21 61 1.000000
20 61 21 1.000000
20 21 88 1.000000
20 88 21 1.000000
20 19 21 1.000000
20 21 19 1.000000
20 19 61 1.000000
20 61 19 1.000000
20 19 88 1.000000
20 88 19 1.000000
20 61 88 1.000000
20 88 61 1.000000
21 18 20 1.000000
21 20 18 1.000000
21 18 108 1.000000
21 108 18 1.000000
21 18 89 1.000000
21 89 18 1.000000
21 20 108 1.000000
21 108 20 1.000000
21 20 89 1.000000
21 89 20 1.000000
21 89 108 1.000000
21 108 89 1.000000
22 23 25 1.000000
22 25 23 1.000000
22 23 55 1.000000
22 55 23 1.000000
22 23 99 1.000000
22 99 23 1.000000
22 25 55 1.000000
22 55 25 1.000000
22 25 99 1.000000
22 99 25 1.000000
22 55 99 1.000000
22 99 55 1.000000
23 22 100 1.000000
23 100 22 1.000000
23 22 24 1.000000
23 24 22 1.000000
23 24 100 1.000000
23 100 24 1.000000
24 25 90 1.000000
24 90 25 1.000000
24 23 25 1.000000
24 25 23 1.000000
24 23 90 1.000000
24 90 23 1.000000
25 22 24 1.000000
25 24 22 1.000000
25 22 56 1.000000
25 56 22 1.000000
25 22 91 1.000000
25 91 22 1.000000
25 24 56 1.000000
25 56 24 1.000000
25 24 91 1.000000
25 91 24 1.000000
25 56 91 1.000000
25 91 56 1.000000
26 28 94 1.000000
26 94 28 1.000000
27 29 33 1.000000
27 33 29 1.000000
28 26 30 1.000000
28 30 26 1.000000
29 27 97 1.000000
29 97 27 1.000000
30 28 32 1.000000
30 32 28 1.000000
31 33 36 1.000000
31 36 33 1.000000
32 30 35 1.000000
32 35 30 1.000000
33 27 31 1.000000
33 31 27 1.000000
34 13 35 1.000000
34 35 13 1.000000
35 32 34 1.000000
35 34 32 1.000000
36 31 37 1.000000
36 37 31 1.000000
37 12 36 1.000000
37 36 12 1.000000
38 40 98 1.000000
38 98 40 1.000000
39 41 45 1.000000
39 45 41 1.000000
40 38 42 1.000000
40 42 38 1.000000
41 39 101 1.000000
41 101 39 1.000000
42 40 44 1.000000
42 44 40 1.000000
43 45 48 1.000000
43 48 45 1.000000
44 42 47 1.000000
44 47 42 1.000000
45 39 43 1.000000
45 43 39 1.000000
46 17 47 1.000000
46 47 17 1.000000
47 44 46 1.000000
47 46 44 1.000000
48 43 49 1.000000
48 49 43 1.000000
49 16 48 1.000000
49 48 16 1.000000
50 19 51 1.000000
50 51 19 1.000000
51 50 52 1.000000
51 52 50 1.000000
52 51 53 1.000000
52 53 51 1.000000
53 52 54 1.000000
53 54 52 1.000000
54 53 55 1.000000
54 55 53 1.000000
55 22 54 1.000000
55 54 22 1.000000
56 25 57 1.000000
56 57 25 1.000000
57 56 58 1.000000
57 58 56 1.000000
58 57 59 1.000000
58 59 57 1.000000
59 58 60 1.000000
59 60 58 1.000000
60 59 61 1.000000
60 61 59 1.000000
61 20 60 1.000000
61 60 20 1.000000
62 3 63 1.000000
62 63 3 1.000000
63 62 64 1.000000
63 64 62 1.000000
64 63 65 1.000000
64 65 63 1.000000
65 64 66 1.000000
65 66 64 1.000000
66 65 67 1.000000
66 67 65 1.000000
67 0 66 1.000000
67 66 0 1.000000
68 1 69 1.000000
68 69 1 1.000000
69 68 70 1.000000
69 70 68 1.000000
70 69 71 1.000000
70 71 69 1.000000
71 70 72 1.000000
71 72 70 1.000000
72 71 73 1.000000
72 73 71 1.000000
73 14 72 1.000000
73 72 14 1.000000
74 17 75 1.000000
74 75 17 1.000000
75 74 76 1.000000
75 76 74 1.000000
76 75 77 1.000000
76 77 75 1.000000
77 76 78 1.000000
77 78 76 1.000000
78 77 79 1.000000
78 79 77 1.000000
79 12 78 1.000000
79 78 12 1.000000
80 13 81 1.000000
80 81 13 1.000000
81 80 82 1.000000
81 82 80 1.000000
82 81 83 1.000000
82 83 81 1.000000
83 82 84 1.000000
83 84 82 1.000000
84 83 85 1.000000
84 85 83 1.000000
85 2 84 1.000000
85 84 2 1.000000
94 26 95 1.000000
94 95 26 1.000000
95 18 94 1.000000
95 94 18 1.000000
96 19 97 1.000000
96 97 19 1.000000
97 29 96 1.000000
97 96 29 1.000000
98 38 99 1.000000
98 99 38 1.000000
99 22 98 1.000000
99 98 22 1.000000
100 23 101 1.000000
100 101 23 1.000000
101 41 100 1.000000
101 100 41 1.000000
102 92 103 1.000000
102 103 92 1.000000
103 102 104 1.000000
103 104 102 1.000000
104 103 105 1.000000
104 105 103 1.000000
105 104 106 1.000000
105 106 104 1.000000
106 105 107 1.000000
106 107 105 1.000000
107 18 106 1.000000
107 106 18 1.000000
108 21 109 1.000000
108 109 21 1.000000
109 108 110 1.000000
109 110 108 1.000000
110 109 111 1.000000
110 111 109 1.000000
111 110 112 1.000000
111 112 110 1.000000
112 111 113 1.000000
112 113 111 1.000000
113 93 112 1.000000
113 112 93 1.000000
114 5 115 1.000000
114 115 5 1.000000
115 114 116 1.000000
115 116 114 1.000000
116 115 117 1.000000
116 117 115 1.000000
117 116 118 1.000000
117 118 116 1.000000
118 117 119 1.000000
118 119 117 1.000000
119 0 118 1.000000
119 118 0 1.000000
120 1 121 1.000000
120 121 1 1.000000
121 120 122 1.000000
121 122 120 1.000000
122 121 123 1.000000
122 123 121 1.000000
123 122 124 1.000000
123 124 122 1.000000
124 123 125 1.000000
124 125 123 1.000000
125 4 124 1.000000
125 124 4 1.000000
127 126 128 1.000000
127 128 126 1.000000
128 127 129 1.000000
128 129 127 1.000000
129 128 130 1.000000
129 130 128 1.000000
130 129 131 1.000000
130 131 129 1.000000
131 14 130 1.000000
131 130 14 1.000000
132 15 133 1.000000
132 133 15 1.000000
133 132 134 1.000000
133 134 132 1.000000
134 133 135 1.000000
134 135 133 1.000000
135 134 136 1.000000
135 136 134 1.000000
136 135 137 1.000000
136 137 135 1.000000
;
param D:=0.5;
param t_hat_ear:=
0 144 0.0
0 88 1.0
0 20 2.0
0 19 3.0
0 50 4.0
0 51 5.0
0 52 6.0
0 53 7.0
0 54 8.0
0 55 9.0
0 22 10.0
0 23 11.0
0 100 12.0
0 101 13.0
0 41 14.0
0 39 15.0
0 45 16.0
0 43 17.0
0 48 18.0
0 142 19.0
1 143 4.0
1 90 5.0
1 24 6.0
1 25 7.0
1 56 8.0
1 57 9.0
1 58 10.0
1 59 11.0
1 60 12.0
1 61 13.0
1 20 14.0
1 21 15.0
1 89 16.0
1 139 17.0
2 9 2.0
2 5 3.0
2 114 4.0
2 115 5.0
2 116 6.0
2 117 7.0
2 118 8.0
2 119 9.0
2 0 10.0
2 1 11.0
2 68 12.0
2 69 13.0
2 70 14.0
2 71 15.0
2 72 16.0
2 73 17.0
2 14 18.0
2 17 19.0
2 46 20.0
2 47 21.0
2 142 22.0
3 9 8.0
3 5 9.0
3 114 10.0
3 115 11.0
3 116 12.0
3 117 13.0
3 118 14.0
3 119 15.0
3 0 16.0
3 13 17.0
3 34 18.0
3 35 19.0
3 141 20.0
4 145 6.0
4 92 7.0
4 102 8.0
4 103 9.0
4 104 10.0
4 105 11.0
4 106 12.0
4 107 13.0
4 18 14.0
4 19 15.0
4 50 16.0
4 51 17.0
4 52 18.0
4 53 19.0
4 54 20.0
4 55 21.0
4 22 22.0
4 23 23.0
4 100 24.0
4 101 25.0
4 41 26.0
4 39 27.0
4 45 28.0
4 43 29.0
4 48 30.0
4 142 31.0
5 11 6.0
5 3 7.0
5 62 8.0
5 63 9.0
5 64 10.0
5 65 11.0
5 66 12.0
5 67 13.0
5 0 14.0
5 1 15.0
5 120 16.0
5 121 17.0
5 122 18.0
5 123 19.0
5 124 20.0
5 125 21.0
5 4 22.0
5 8 23.0
6 7 7.0
6 126 8.0
6 127 9.0
6 128 10.0
6 129 11.0
6 130 12.0
6 131 13.0
6 14 14.0
6 17 15.0
6 46 16.0
6 47 17.0
6 44 18.0
6 42 19.0
6 40 20.0
6 38 21.0
6 98 22.0
6 99 23.0
6 22 24.0
6 25 25.0
6 91 26.0
6 138 27.0
7 147 6.0
7 46 7.0
7 47 8.0
7 44 9.0
7 42 10.0
7 40 11.0
7 38 12.0
7 98 13.0
7 99 14.0
7 22 15.0
7 25 16.0
7 56 17.0
7 57 18.0
7 58 19.0
7 59 20.0
7 60 21.0
7 61 22.0
7 20 23.0
7 21 24.0
7 89 25.0
7 139 26.0
8 146 2.0
8 37 3.0
8 12 4.0
8 1 5.0
8 68 6.0
8 69 7.0
8 70 8.0
8 71 9.0
8 72 10.0
8 73 11.0
8 14 12.0
8 15 13.0
8 132 14.0
8 133 15.0
8 134 16.0
8 135 17.0
8 136 18.0
8 137 19.0
8 6 20.0
9 144 8.0
9 88 9.0
9 20 10.0
9 19 11.0
9 50 12.0
9 51 13.0
9 52 14.0
9 53 15.0
9 54 16.0
9 55 17.0
9 22 18.0
9 23 19.0
9 100 20.0
9 101 21.0
9 41 22.0
9 39 23.0
9 45 24.0
9 43 25.0
9 48 26.0
9 142 27.0
10 146 9.0
10 34 10.0
10 35 11.0
10 32 12.0
10 30 13.0
10 28 14.0
10 26 15.0
10 94 16.0
10 95 17.0
10 18 18.0
10 19 19.0
10 50 20.0
10 51 21.0
10 52 22.0
10 53 23.0
10 54 24.0
10 55 25.0
10 22 26.0
10 25 27.0
10 91 28.0
10 138 29.0
11 9 4.0
11 5 5.0
11 114 6.0
11 115 7.0
11 116 8.0
11 117 9.0
11 118 10.0
11 119 11.0
11 0 12.0
11 13 13.0
11 34 14.0
11 35 15.0
11 141 16.0
12 7 3.0
12 126 4.0
12 127 5.0
12 128 6.0
12 129 7.0
12 130 8.0
12 131 9.0
12 14 10.0
12 17 11.0
12 74 12.0
12 75 13.0
12 76 14.0
12 77 15.0
12 78 16.0
12 79 17.0
12 12 18.0
12 13 19.0
12 80 20.0
12 81 21.0
12 82 22.0
12 83 23.0
12 84 24.0
12 85 25.0
12 2 26.0
12 10 27.0
13 145 0.0
13 92 1.0
13 102 2.0
13 103 3.0
13 104 4.0
13 105 5.0
13 106 6.0
13 107 7.0
13 18 8.0
13 21 9.0
13 89 10.0
13 139 11.0
14 11 0.0
14 3 1.0
14 62 2.0
14 63 3.0
14 64 4.0
14 65 5.0
14 66 6.0
14 67 7.0
14 0 8.0
14 1 9.0
14 68 10.0
14 69 11.0
14 70 12.0
14 71 13.0
14 72 14.0
14 73 15.0
14 14 16.0
14 15 17.0
14 132 18.0
14 133 19.0
14 134 20.0
14 135 21.0
14 136 22.0
14 137 23.0
14 6 24.0
15 145 2.0
15 92 3.0
15 102 4.0
15 103 5.0
15 104 6.0
15 105 7.0
15 106 8.0
15 107 9.0
15 18 10.0
15 21 11.0
15 89 12.0
15 139 13.0
16 147 4.0
16 49 5.0
16 16 6.0
16 17 7.0
16 74 8.0
16 75 9.0
16 76 10.0
16 77 11.0
16 78 12.0
16 79 13.0
16 12 14.0
16 13 15.0
16 34 16.0
16 35 17.0
16 141 18.0
17 146 7.0
17 34 8.0
17 35 9.0
17 32 10.0
17 30 11.0
17 28 12.0
17 26 13.0
17 94 14.0
17 95 15.0
17 18 16.0
17 21 17.0
17 89 18.0
17 139 19.0
18 143 2.0
18 90 3.0
18 24 4.0
18 23 5.0
18 100 6.0
18 101 7.0
18 41 8.0
18 39 9.0
18 45 10.0
18 43 11.0
18 48 12.0
18 49 13.0
18 16 14.0
18 15 15.0
18 132 16.0
18 133 17.0
18 134 18.0
18 135 19.0
18 136 20.0
18 137 21.0
18 6 22.0
19 145 4.0
19 92 5.0
19 102 6.0
19 103 7.0
19 104 8.0
19 105 9.0
19 106 10.0
19 107 11.0
19 18 12.0
19 19 13.0
19 50 14.0
19 51 15.0
19 52 16.0
19 53 17.0
19 54 18.0
19 55 19.0
19 22 20.0
19 23 21.0
19 100 22.0
19 101 23.0
19 41 24.0
19 39 25.0
19 45 26.0
19 43 27.0
19 48 28.0
19 142 29.0
20 144 18.0
20 88 19.0
20 20 20.0
20 19 21.0
20 96 22.0
20 97 23.0
20 29 24.0
20 27 25.0
20 33 26.0
20 31 27.0
20 36 28.0
20 37 29.0
20 12 30.0
20 13 31.0
20 80 32.0
20 81 33.0
20 82 34.0
20 83 35.0
20 84 36.0
20 85 37.0
20 2 38.0
20 10 39.0
21 145 17.0
21 92 18.0
21 102 19.0
21 103 20.0
21 104 21.0
21 105 22.0
21 106 23.0
21 107 24.0
21 18 25.0
21 21 26.0
21 89 27.0
21 139 28.0
22 11 14.0
22 3 15.0
22 62 16.0
22 63 17.0
22 64 18.0
22 65 19.0
22 66 20.0
22 67 21.0
22 0 22.0
22 13 23.0
22 34 24.0
22 35 25.0
22 32 26.0
22 30 27.0
22 28 28.0
22 26 29.0
22 94 30.0
22 95 31.0
22 18 32.0
22 21 33.0
22 89 34.0
22 139 35.0
23 143 18.0
23 90 19.0
23 24 20.0
23 25 21.0
23 56 22.0
23 57 23.0
23 58 24.0
23 59 25.0
23 60 26.0
23 61 27.0
23 20 28.0
23 19 29.0
23 96 30.0
23 97 31.0
23 29 32.0
23 27 33.0
23 33 34.0
23 31 35.0
23 36 36.0
23 141 37.0
24 9 10.0
24 5 11.0
24 114 12.0
24 115 13.0
24 116 14.0
24 117 15.0
24 118 16.0
24 119 17.0
24 0 18.0
24 1 19.0
24 68 20.0
24 69 21.0
24 70 22.0
24 71 23.0
24 72 24.0
24 73 25.0
24 14 26.0
24 15 27.0
24 132 28.0
24 133 29.0
24 134 30.0
24 135 31.0
24 136 32.0
24 137 33.0
24 6 34.0
25 7 17.0
25 126 18.0
25 127 19.0
25 128 20.0
25 129 21.0
25 130 22.0
25 131 23.0
25 14 24.0
25 17 25.0
25 74 26.0
25 75 27.0
25 76 28.0
25 77 29.0
25 78 30.0
25 79 31.0
25 12 32.0
25 13 33.0
25 80 34.0
25 81 35.0
25 82 36.0
25 83 37.0
25 84 38.0
25 85 39.0
25 2 40.0
25 10 41.0
26 9 18.0
26 5 19.0
26 114 20.0
26 115 21.0
26 116 22.0
26 117 23.0
26 118 24.0
26 119 25.0
26 0 26.0
26 13 27.0
26 34 28.0
26 35 29.0
26 32 30.0
26 30 31.0
26 28 32.0
26 26 33.0
26 94 34.0
26 95 35.0
26 18 36.0
26 21 37.0
26 89 38.0
26 139 39.0
27 9 27.0
27 5 28.0
27 114 29.0
27 115 30.0
27 116 31.0
27 117 32.0
27 118 33.0
27 119 34.0
27 0 35.0
27 13 36.0
27 34 37.0
27 35 38.0
27 141 39.0
28 144 14.0
28 88 15.0
28 20 16.0
28 19 17.0
28 96 18.0
28 97 19.0
28 29 20.0
28 27 21.0
28 33 22.0
28 31 23.0
28 36 24.0
28 141 25.0
29 9 12.0
29 5 13.0
29 114 14.0
29 115 15.0
29 116 16.0
29 117 17.0
29 118 18.0
29 119 19.0
29 0 20.0
29 1 21.0
29 68 22.0
29 69 23.0
29 70 24.0
29 71 25.0
29 72 26.0
29 73 27.0
29 14 28.0
29 15 29.0
29 132 30.0
29 133 31.0
29 134 32.0
29 135 33.0
29 136 34.0
29 137 35.0
29 6 36.0
30 11 21.0
30 3 22.0
30 62 23.0
30 63 24.0
30 64 25.0
30 65 26.0
30 66 27.0
30 67 28.0
30 0 29.0
30 1 30.0
30 68 31.0
30 69 32.0
30 70 33.0
30 71 34.0
30 72 35.0
30 73 36.0
30 14 37.0
30 17 38.0
30 46 39.0
30 47 40.0
30 142 41.0
31 11 16.0
31 3 17.0
31 62 18.0
31 63 19.0
31 64 20.0
31 65 21.0
31 66 22.0
31 67 23.0
31 0 24.0
31 1 25.0
31 68 26.0
31 69 27.0
31 70 28.0
31 71 29.0
31 72 30.0
31 73 31.0
31 14 32.0
31 17 33.0
31 46 34.0
31 47 35.0
31 142 36.0
32 144 23.0
32 88 24.0
32 20 25.0
32 19 26.0
32 96 27.0
32 97 28.0
32 29 29.0
32 27 30.0
32 33 31.0
32 31 32.0
32 36 33.0
32 37 34.0
32 12 35.0
32 1 36.0
32 120 37.0
32 121 38.0
32 122 39.0
32 123 40.0
32 124 41.0
32 125 42.0
32 4 43.0
32 8 44.0
33 145 14.0
33 92 15.0
33 102 16.0
33 103 17.0
33 104 18.0
33 105 19.0
33 106 20.0
33 107 21.0
33 18 22.0
33 19 23.0
33 96 24.0
33 97 25.0
33 29 26.0
33 27 27.0
33 33 28.0
33 31 29.0
33 36 30.0
33 141 31.0
34 147 14.0
34 49 15.0
34 16 16.0
34 17 17.0
34 74 18.0
34 75 19.0
34 76 20.0
34 77 21.0
34 78 22.0
34 79 23.0
34 12 24.0
34 13 25.0
34 34 26.0
34 35 27.0
34 141 28.0
35 146 11.0
35 34 12.0
35 35 13.0
35 32 14.0
35 30 15.0
35 28 16.0
35 26 17.0
35 94 18.0
35 95 19.0
35 18 20.0
35 21 21.0
35 108 22.0
35 109 23.0
35 110 24.0
35 111 25.0
35 112 26.0
35 113 27.0
35 93 28.0
35 140 29.0
36 7 14.0
36 126 15.0
36 127 16.0
36 128 17.0
36 129 18.0
36 130 19.0
36 131 20.0
36 14 21.0
36 17 22.0
36 46 23.0
36 47 24.0
36 142 25.0
37 146 26.0
37 37 27.0
37 12 28.0
37 13 29.0
37 80 30.0
37 81 31.0
37 82 32.0
37 83 33.0
37 84 34.0
37 85 35.0
37 2 36.0
37 10 37.0
38 9 29.0
38 5 30.0
38 114 31.0
38 115 32.0
38 116 33.0
38 117 34.0
38 118 35.0
38 119 36.0
38 0 37.0
38 13 38.0
38 34 39.0
38 35 40.0
38 141 41.0
39 147 10.0
39 49 11.0
39 16 12.0
39 17 13.0
39 74 14.0
39 75 15.0
39 76 16.0
39 77 17.0
39 78 18.0
39 79 19.0
39 12 20.0
39 13 21.0
39 80 22.0
39 81 23.0
39 82 24.0
39 83 25.0
39 84 26.0
39 85 27.0
39 2 28.0
39 10 29.0
40 145 37.0
40 92 38.0
40 102 39.0
40 103 40.0
40 104 41.0
40 105 42.0
40 106 43.0
40 107 44.0
40 18 45.0
40 19 46.0
40 50 47.0
40 51 48.0
40 52 49.0
40 53 50.0
40 54 51.0
40 55 52.0
40 22 53.0
40 23 54.0
40 100 55.0
40 101 56.0
40 41 57.0
40 39 58.0
40 45 59.0
40 43 60.0
40 48 61.0
40 142 62.0
41 9 39.0
41 5 40.0
41 114 41.0
41 115 42.0
41 116 43.0
41 117 44.0
41 118 45.0
41 119 46.0
41 0 47.0
41 1 48.0
41 68 49.0
41 69 50.0
41 70 51.0
41 71 52.0
41 72 53.0
41 73 54.0
41 14 55.0
41 15 56.0
41 132 57.0
41 133 58.0
41 134 59.0
41 135 60.0
41 136 61.0
41 137 62.0
41 6 63.0
42 9 31.0
42 5 32.0
42 114 33.0
42 115 34.0
42 116 35.0
42 117 36.0
42 118 37.0
42 119 38.0
42 0 39.0
42 13 40.0
42 80 41.0
42 81 42.0
42 82 43.0
42 83 44.0
42 84 45.0
42 85 46.0
42 2 47.0
42 10 48.0
43 145 22.0
43 92 23.0
43 102 24.0
43 103 25.0
43 104 26.0
43 105 27.0
43 106 28.0
43 107 29.0
43 18 30.0
43 19 31.0
43 50 32.0
43 51 33.0
43 52 34.0
43 53 35.0
43 54 36.0
43 55 37.0
43 22 38.0
43 23 39.0
43 100 40.0
43 101 41.0
43 41 42.0
43 39 43.0
43 45 44.0
43 43 45.0
43 48 46.0
43 142 47.0
44 11 45.0
44 3 46.0
44 62 47.0
44 63 48.0
44 64 49.0
44 65 50.0
44 66 51.0
44 67 52.0
44 0 53.0
44 13 54.0
44 34 55.0
44 35 56.0
44 32 57.0
44 30 58.0
44 28 59.0
44 26 60.0
44 94 61.0
44 95 62.0
44 18 63.0
44 21 64.0
44 89 65.0
44 139 66.0
45 7 23.0
45 126 24.0
45 127 25.0
45 128 26.0
45 129 27.0
45 130 28.0
45 131 29.0
45 14 30.0
45 17 31.0
45 46 32.0
45 47 33.0
45 142 34.0
46 11 33.0
46 3 34.0
46 62 35.0
46 63 36.0
46 64 37.0
46 65 38.0
46 66 39.0
46 67 40.0
46 0 41.0
46 1 42.0
46 68 43.0
46 69 44.0
46 70 45.0
46 71 46.0
46 72 47.0
46 73 48.0
46 14 49.0
46 15 50.0
46 132 51.0
46 133 52.0
46 134 53.0
46 135 54.0
46 136 55.0
46 137 56.0
46 6 57.0
47 147 39.0
47 49 40.0
47 16 41.0
47 17 42.0
47 74 43.0
47 75 44.0
47 76 45.0
47 77 46.0
47 78 47.0
47 79 48.0
47 12 49.0
47 13 50.0
47 34 51.0
47 35 52.0
47 141 53.0
48 11 35.0
48 3 36.0
48 62 37.0
48 63 38.0
48 64 39.0
48 65 40.0
48 66 41.0
48 67 42.0
48 0 43.0
48 1 44.0
48 68 45.0
48 69 46.0
48 70 47.0
48 71 48.0
48 72 49.0
48 73 50.0
48 14 51.0
48 17 52.0
48 46 53.0
48 47 54.0
48 142 55.0
49 147 37.0
49 49 38.0
49 16 39.0
49 17 40.0
49 74 41.0
49 75 42.0
49 76 43.0
49 77 44.0
49 78 45.0
49 79 46.0
49 12 47.0
49 13 48.0
49 34 49.0
49 35 50.0
49 141 51.0
50 7 28.0
50 126 29.0
50 127 30.0
50 128 31.0
50 129 32.0
50 130 33.0
50 131 34.0
50 14 35.0
50 17 36.0
50 74 37.0
50 75 38.0
50 76 39.0
50 77 40.0
50 78 41.0
50 79 42.0
50 12 43.0
50 13 44.0
50 34 45.0
50 35 46.0
50 141 47.0
51 11 23.0
51 3 24.0
51 62 25.0
51 63 26.0
51 64 27.0
51 65 28.0
51 66 29.0
51 67 30.0
51 0 31.0
51 1 32.0
51 68 33.0
51 69 34.0
51 70 35.0
51 71 36.0
51 72 37.0
51 73 38.0
51 14 39.0
51 15 40.0
51 132 41.0
51 133 42.0
51 134 43.0
51 135 44.0
51 136 45.0
51 137 46.0
51 6 47.0
52 9 37.0
52 5 38.0
52 114 39.0
52 115 40.0
52 116 41.0
52 117 42.0
52 118 43.0
52 119 44.0
52 0 45.0
52 13 46.0
52 34 47.0
52 35 48.0
52 141 49.0
53 144 28.0
53 88 29.0
53 20 30.0
53 21 31.0
53 108 32.0
53 109 33.0
53 110 34.0
53 111 35.0
53 112 36.0
53 113 37.0
53 93 38.0
53 140 39.0
54 145 39.0
54 92 40.0
54 102 41.0
54 103 42.0
54 104 43.0
54 105 44.0
54 106 45.0
54 107 46.0
54 18 47.0
54 19 48.0
54 96 49.0
54 97 50.0
54 29 51.0
54 27 52.0
54 33 53.0
54 31 54.0
54 36 55.0
54 141 56.0
55 145 26.0
55 92 27.0
55 102 28.0
55 103 29.0
55 104 30.0
55 105 31.0
55 106 32.0
55 107 33.0
55 18 34.0
55 19 35.0
55 96 36.0
55 97 37.0
55 29 38.0
55 27 39.0
55 33 40.0
55 31 41.0
55 36 42.0
55 141 43.0
56 143 26.0
56 90 27.0
56 24 28.0
56 25 29.0
56 56 30.0
56 57 31.0
56 58 32.0
56 59 33.0
56 60 34.0
56 61 35.0
56 20 36.0
56 19 37.0
56 96 38.0
56 97 39.0
56 29 40.0
56 27 41.0
56 33 42.0
56 31 43.0
56 36 44.0
56 141 45.0
57 11 25.0
57 3 26.0
57 62 27.0
57 63 28.0
57 64 29.0
57 65 30.0
57 66 31.0
57 67 32.0
57 0 33.0
57 1 34.0
57 120 35.0
57 121 36.0
57 122 37.0
57 123 38.0
57 124 39.0
57 125 40.0
57 4 41.0
57 8 42.0
58 146 20.0
58 37 21.0
58 12 22.0
58 1 23.0
58 120 24.0
58 121 25.0
58 122 26.0
58 123 27.0
58 124 28.0
58 125 29.0
58 4 30.0
58 8 31.0
59 146 29.0
59 34 30.0
59 35 31.0
59 32 32.0
59 30 33.0
59 28 34.0
59 26 35.0
59 94 36.0
59 95 37.0
59 18 38.0
59 19 39.0
59 50 40.0
59 51 41.0
59 52 42.0
59 53 43.0
59 54 44.0
59 55 45.0
59 22 46.0
59 25 47.0
59 91 48.0
59 138 49.0
60 11 47.0
60 3 48.0
60 62 49.0
60 63 50.0
60 64 51.0
60 65 52.0
60 66 53.0
60 67 54.0
60 0 55.0
60 13 56.0
60 34 57.0
60 35 58.0
60 32 59.0
60 30 60.0
60 28 61.0
60 26 62.0
60 94 63.0
60 95 64.0
60 18 65.0
60 21 66.0
60 89 67.0
60 139 68.0
61 146 40.0
61 34 41.0
61 35 42.0
61 32 43.0
61 30 44.0
61 28 45.0
61 26 46.0
61 94 47.0
61 95 48.0
61 18 49.0
61 21 50.0
61 108 51.0
61 109 52.0
61 110 53.0
61 111 54.0
61 112 55.0
61 113 56.0
61 93 57.0
61 140 58.0
62 11 41.0
62 3 42.0
62 62 43.0
62 63 44.0
62 64 45.0
62 65 46.0
62 66 47.0
62 67 48.0
62 0 49.0
62 1 50.0
62 68 51.0
62 69 52.0
62 70 53.0
62 71 54.0
62 72 55.0
62 73 56.0
62 14 57.0
62 15 58.0
62 132 59.0
62 133 60.0
62 134 61.0
62 135 62.0
62 136 63.0
62 137 64.0
62 6 65.0
63 144 32.0
63 88 33.0
63 20 34.0
63 21 35.0
63 108 36.0
63 109 37.0
63 110 38.0
63 111 39.0
63 112 40.0
63 113 41.0
63 93 42.0
63 140 43.0
64 147 35.0
64 46 36.0
64 47 37.0
64 44 38.0
64 42 39.0
64 40 40.0
64 38 41.0
64 98 42.0
64 99 43.0
64 22 44.0
64 25 45.0
64 56 46.0
64 57 47.0
64 58 48.0
64 59 49.0
64 60 50.0
64 61 51.0
64 20 52.0
64 21 53.0
64 89 54.0
64 139 55.0
65 144 39.0
65 88 40.0
65 20 41.0
65 19 42.0
65 50 43.0
65 51 44.0
65 52 45.0
65 53 46.0
65 54 47.0
65 55 48.0
65 22 49.0
65 23 50.0
65 100 51.0
65 101 52.0
65 41 53.0
65 39 54.0
65 45 55.0
65 43 56.0
65 48 57.0
65 142 58.0
67 143 36.0
67 90 37.0
67 24 38.0
67 25 39.0
67 56 40.0
67 57 41.0
67 58 42.0
67 59 43.0
67 60 44.0
67 61 45.0
67 20 46.0
67 21 47.0
67 89 48.0
67 139 49.0
68 7 39.0
68 126 40.0
68 127 41.0
68 128 42.0
68 129 43.0
68 130 44.0
68 131 45.0
68 14 46.0
68 17 47.0
68 74 48.0
68 75 49.0
68 76 50.0
68 77 51.0
68 78 52.0
68 79 53.0
68 12 54.0
68 1 55.0
68 120 56.0
68 121 57.0
68 122 58.0
68 123 59.0
68 124 60.0
68 125 61.0
68 4 62.0
68 8 63.0
70 144 30.0
70 88 31.0
70 20 32.0
70 19 33.0
70 50 34.0
70 51 35.0
70 52 36.0
70 53 37.0
70 54 38.0
70 55 39.0
70 22 40.0
70 25 41.0
70 91 42.0
70 138 43.0
71 7 37.0
71 126 38.0
71 127 39.0
71 128 40.0
71 129 41.0
71 130 42.0
71 131 43.0
71 14 44.0
71 17 45.0
71 74 46.0
71 75 47.0
71 76 48.0
71 77 49.0
71 78 50.0
71 79 51.0
71 12 52.0
71 1 53.0
71 120 54.0
71 121 55.0
71 122 56.0
71 123 57.0
71 124 58.0
71 125 59.0
71 4 60.0
71 8 61.0
72 144 36.0
72 88 37.0
72 20 38.0
72 21 39.0
72 108 40.0
72 109 41.0
72 110 42.0
72 111 43.0
72 112 44.0
72 113 45.0
72 93 46.0
72 140 47.0
73 144 47.0
73 88 48.0
73 20 49.0
73 19 50.0
73 96 51.0
73 97 52.0
73 29 53.0
73 27 54.0
73 33 55.0
73 31 56.0
73 36 57.0
73 141 58.0
74 145 35.0
74 92 36.0
74 102 37.0
74 103 38.0
74 104 39.0
74 105 40.0
74 106 41.0
74 107 42.0
74 18 43.0
74 19 44.0
74 50 45.0
74 51 46.0
74 52 47.0
74 53 48.0
74 54 49.0
74 55 50.0
74 22 51.0
74 23 52.0
74 100 53.0
74 101 54.0
74 41 55.0
74 39 56.0
74 45 57.0
74 43 58.0
74 48 59.0
74 142 60.0
75 11 49.0
75 3 50.0
75 62 51.0
75 63 52.0
75 64 53.0
75 65 54.0
75 66 55.0
75 67 56.0
75 0 57.0
75 1 58.0
75 120 59.0
75 121 60.0
75 122 61.0
75 123 62.0
75 124 63.0
75 125 64.0
75 4 65.0
75 8 66.0
76 9 43.0
76 5 44.0
76 114 45.0
76 115 46.0
76 116 47.0
76 117 48.0
76 118 49.0
76 119 50.0
76 0 51.0
76 13 52.0
76 34 53.0
76 35 54.0
76 32 55.0
76 30 56.0
76 28 57.0
76 26 58.0
76 94 59.0
76 95 60.0
76 18 61.0
76 21 62.0
76 89 63.0
76 139 64.0
77 145 33.0
77 92 34.0
77 102 35.0
77 103 36.0
77 104 37.0
77 105 38.0
77 106 39.0
77 107 40.0
77 18 41.0
77 21 42.0
77 89 43.0
77 139 44.0
79 145 43.0
79 92 44.0
79 102 45.0
79 103 46.0
79 104 47.0
79 105 48.0
79 106 49.0
79 107 50.0
79 18 51.0
79 19 52.0
79 50 53.0
79 51 54.0
79 52 55.0
79 53 56.0
79 54 57.0
79 55 58.0
79 22 59.0
79 23 60.0
79 100 61.0
79 101 62.0
79 41 63.0
79 39 64.0
79 45 65.0
79 43 66.0
79 48 67.0
79 142 68.0
80 146 43.0
80 37 44.0
80 12 45.0
80 1 46.0
80 120 47.0
80 121 48.0
80 122 49.0
80 123 50.0
80 124 51.0
80 125 52.0
80 4 53.0
80 8 54.0
82 143 47.0
82 90 48.0
82 24 49.0
82 25 50.0
82 56 51.0
82 57 52.0
82 58 53.0
82 59 54.0
82 60 55.0
82 61 56.0
82 20 57.0
82 21 58.0
82 89 59.0
82 139 60.0
83 147 48.0
83 46 49.0
83 47 50.0
83 44 51.0
83 42 52.0
83 40 53.0
83 38 54.0
83 98 55.0
83 99 56.0
83 22 57.0
83 25 58.0
83 91 59.0
83 138 60.0
84 145 47.0
84 92 48.0
84 102 49.0
84 103 50.0
84 104 51.0
84 105 52.0
84 106 53.0
84 107 54.0
84 18 55.0
84 21 56.0
84 89 57.0
84 139 58.0
86 7 46.0
86 126 47.0
86 127 48.0
86 128 49.0
86 129 50.0
86 130 51.0
86 131 52.0
86 14 53.0
86 17 54.0
86 74 55.0
86 75 56.0
86 76 57.0
86 77 58.0
86 78 59.0
86 79 60.0
86 12 61.0
86 13 62.0
86 34 63.0
86 35 64.0
86 141 65.0
90 145 45.0
90 92 46.0
90 102 47.0
90 103 48.0
90 104 49.0
90 105 50.0
90 106 51.0
90 107 52.0
90 18 53.0
90 19 54.0
90 96 55.0
90 97 56.0
90 29 57.0
90 27 58.0
90 33 59.0
90 31 60.0
90 36 61.0
90 141 62.0
93 143 49.0
93 90 50.0
93 24 51.0
93 25 52.0
93 56 53.0
93 57 54.0
93 58 55.0
93 59 56.0
93 60 57.0
93 61 58.0
93 20 59.0
93 21 60.0
93 89 61.0
93 139 62.0
96 147 41.0
96 49 42.0
96 16 43.0
96 15 44.0
96 132 45.0
96 133 46.0
96 134 47.0
96 135 48.0
96 136 49.0
96 137 50.0
96 6 51.0
99 147 46.0
99 46 47.0
99 47 48.0
99 44 49.0
99 42 50.0
99 40 51.0
99 38 52.0
99 98 53.0
99 99 54.0
99 22 55.0
99 25 56.0
99 91 57.0
99 138 58.0
100 144 3
100 88 4.0
100 20 5.0
100 19 6.0
100 50 7.0
100 51 8.0
100 52 9.0
100 53 10.0
100 54 11.0
100 55 12.0
100 22 13.0
100 25 14.0
100 91 15.0
100 138 16.0
;
param t_hat_lat:=
0 144 1.0
0 88 2.0
0 20 3.0
0 19 4.0
0 50 5.0
0 51 6.0
0 52 7.0
0 53 8.0
0 54 9.0
0 55 10.0
0 22 11.0
0 23 12.0
0 100 13.0
0 101 14.0
0 41 15.0
0 39 16.0
0 45 17.0
0 43 18.0
0 48 19.0
0 142 20.0
1 143 5.0
1 90 6.0
1 24 7.0
1 25 8.0
1 56 9.0
1 57 10.0
1 58 11.0
1 59 12.0
1 60 13.0
1 61 14.0
1 20 15.0
1 21 16.0
1 89 17.0
1 139 18.0
2 9 3.0
2 5 4.0
2 114 5.0
2 115 6.0
2 116 7.0
2 117 8.0
2 118 9.0
2 119 10.0
2 0 11.0
2 1 12.0
2 68 13.0
2 69 14.0
2 70 15.0
2 71 16.0
2 72 17.0
2 73 18.0
2 14 19.0
2 17 20.0
2 46 21.0
2 47 22.0
2 142 23.0
3 9 9.0
3 5 10.0
3 114 11.0
3 115 12.0
3 116 13.0
3 117 14.0
3 118 15.0
3 119 16.0
3 0 17.0
3 13 18.0
3 34 19.0
3 35 20.0
3 141 21.0
4 145 7.0
4 92 8.0
4 102 9.0
4 103 10.0
4 104 11.0
4 105 12.0
4 106 13.0
4 107 14.0
4 18 15.0
4 19 16.0
4 50 17.0
4 51 18.0
4 52 19.0
4 53 20.0
4 54 21.0
4 55 22.0
4 22 23.0
4 23 24.0
4 100 25.0
4 101 26.0
4 41 27.0
4 39 28.0
4 45 29.0
4 43 30.0
4 48 31.0
4 142 32.0
5 11 7.0
5 3 8.0
5 62 9.0
5 63 10.0
5 64 11.0
5 65 12.0
5 66 13.0
5 67 14.0
5 0 15.0
5 1 16.0
5 120 17.0
5 121 18.0
5 122 19.0
5 123 20.0
5 124 21.0
5 125 22.0
5 4 23.0
5 8 24.0
6 7 8.0
6 126 9.0
6 127 10.0
6 128 11.0
6 129 12.0
6 130 13.0
6 131 14.0
6 14 15.0
6 17 16.0
6 46 17.0
6 47 18.0
6 44 19.0
6 42 20.0
6 40 21.0
6 38 22.0
6 98 23.0
6 99 24.0
6 22 25.0
6 25 26.0
6 91 27.0
6 138 28.0
7 147 7.0
7 46 8.0
7 47 9.0
7 44 10.0
7 42 11.0
7 40 12.0
7 38 13.0
7 98 14.0
7 99 15.0
7 22 16.0
7 25 17.0
7 56 18.0
7 57 19.0
7 58 20.0
7 59 21.0
7 60 22.0
7 61 23.0
7 20 24.0
7 21 25.0
7 89 26.0
7 139 27.0
8 146 3.0
8 37 4.0
8 12 5.0
8 1 6.0
8 68 7.0
8 69 8.0
8 70 9.0
8 71 10.0
8 72 11.0
8 73 12.0
8 14 13.0
8 15 14.0
8 132 15.0
8 133 16.0
8 134 17.0
8 135 18.0
8 136 19.0
8 137 20.0
8 6 21.0
9 144 9.0
9 88 10.0
9 20 11.0
9 19 12.0
9 50 13.0
9 51 14.0
9 52 15.0
9 53 16.0
9 54 17.0
9 55 18.0
9 22 19.0
9 23 20.0
9 100 21.0
9 101 22.0
9 41 23.0
9 39 24.0
9 45 25.0
9 43 26.0
9 48 27.0
9 142 28.0
10 146 10.0
10 34 11.0
10 35 12.0
10 32 13.0
10 30 14.0
10 28 15.0
10 26 16.0
10 94 17.0
10 95 18.0
10 18 19.0
10 19 20.0
10 50 21.0
10 51 22.0
10 52 23.0
10 53 24.0
10 54 25.0
10 55 26.0
10 22 27.0
10 25 28.0
10 91 29.0
10 138 30.0
11 9 5.0
11 5 6.0
11 114 7.0
11 115 8.0
11 116 9.0
11 117 10.0
11 118 11.0
11 119 12.0
11 0 13.0
11 13 14.0
11 34 15.0
11 35 16.0
11 141 17.0
12 7 4.0
12 126 5.0
12 127 6.0
12 128 7.0
12 129 8.0
12 130 9.0
12 131 10.0
12 14 11.0
12 17 12.0
12 74 13.0
12 75 14.0
12 76 15.0
12 77 16.0
12 78 17.0
12 79 18.0
12 12 19.0
12 13 20.0
12 80 21.0
12 81 22.0
12 82 23.0
12 83 24.0
12 84 25.0
12 85 26.0
12 2 27.0
12 10 28.0
13 145 1.0
13 92 2.0
13 102 3.0
13 103 4.0
13 104 5.0
13 105 6.0
13 106 7.0
13 107 8.0
13 18 9.0
13 21 10.0
13 89 11.0
13 139 12.0
14 11 1.0
14 3 2.0
14 62 3.0
14 63 4.0
14 64 5.0
14 65 6.0
14 66 7.0
14 67 8.0
14 0 9.0
14 1 10.0
14 68 11.0
14 69 12.0
14 70 13.0
14 71 14.0
14 72 15.0
14 73 16.0
14 14 17.0
14 15 18.0
14 132 19.0
14 133 20.0
14 134 21.0
14 135 22.0
14 136 23.0
14 137 24.0
14 6 25.0
15 145 3.0
15 92 4.0
15 102 5.0
15 103 6.0
15 104 7.0
15 105 8.0
15 106 9.0
15 107 10.0
15 18 11.0
15 21 12.0
15 89 13.0
15 139 14.0
16 147 5.0
16 49 6.0
16 16 7.0
16 17 8.0
16 74 9.0
16 75 10.0
16 76 11.0
16 77 12.0
16 78 13.0
16 79 14.0
16 12 15.0
16 13 16.0
16 34 17.0
16 35 18.0
16 141 19.0
17 146 8.0
17 34 9.0
17 35 10.0
17 32 11.0
17 30 12.0
17 28 13.0
17 26 14.0
17 94 15.0
17 95 16.0
17 18 17.0
17 21 18.0
17 89 19.0
17 139 20.0
18 143 3.0
18 90 4.0
18 24 5.0
18 23 6.0
18 100 7.0
18 101 8.0
18 41 9.0
18 39 10.0
18 45 11.0
18 43 12.0
18 48 13.0
18 49 14.0
18 16 15.0
18 15 16.0
18 132 17.0
18 133 18.0
18 134 19.0
18 135 20.0
18 136 21.0
18 137 22.0
18 6 23.0
19 145 5.0
19 92 6.0
19 102 7.0
19 103 8.0
19 104 9.0
19 105 10.0
19 106 11.0
19 107 12.0
19 18 13.0
19 19 14.0
19 50 15.0
19 51 16.0
19 52 17.0
19 53 18.0
19 54 19.0
19 55 20.0
19 22 21.0
19 23 22.0
19 100 23.0
19 101 24.0
19 41 25.0
19 39 26.0
19 45 27.0
19 43 28.0
19 48 29.0
19 142 30.0
20 144 19.0
20 88 20.0
20 20 21.0
20 19 22.0
20 96 23.0
20 97 24.0
20 29 25.0
20 27 26.0
20 33 27.0
20 31 28.0
20 36 29.0
20 37 30.0
20 12 31.0
20 13 32.0
20 80 33.0
20 81 34.0
20 82 35.0
20 83 36.0
20 84 37.0
20 85 38.0
20 2 39.0
20 10 40.0
21 145 18.0
21 92 19.0
21 102 20.0
21 103 21.0
21 104 22.0
21 105 23.0
21 106 24.0
21 107 25.0
21 18 26.0
21 21 27.0
21 89 28.0
21 139 29.0
22 11 15.0
22 3 16.0
22 62 17.0
22 63 18.0
22 64 19.0
22 65 20.0
22 66 21.0
22 67 22.0
22 0 23.0
22 13 24.0
22 34 25.0
22 35 26.0
22 32 27.0
22 30 28.0
22 28 29.0
22 26 30.0
22 94 31.0
22 95 32.0
22 18 33.0
22 21 34.0
22 89 35.0
22 139 36.0
23 143 19.0
23 90 20.0
23 24 21.0
23 25 22.0
23 56 23.0
23 57 24.0
23 58 25.0
23 59 26.0
23 60 27.0
23 61 28.0
23 20 29.0
23 19 30.0
23 96 31.0
23 97 32.0
23 29 33.0
23 27 34.0
23 33 35.0
23 31 36.0
23 36 37.0
23 141 38.0
24 9 11.0
24 5 12.0
24 114 13.0
24 115 14.0
24 116 15.0
24 117 16.0
24 118 17.0
24 119 18.0
24 0 19.0
24 1 20.0
24 68 21.0
24 69 22.0
24 70 23.0
24 71 24.0
24 72 25.0
24 73 26.0
24 14 27.0
24 15 28.0
24 132 29.0
24 133 30.0
24 134 31.0
24 135 32.0
24 136 33.0
24 137 34.0
24 6 35.0
25 7 18.0
25 126 19.0
25 127 20.0
25 128 21.0
25 129 22.0
25 130 23.0
25 131 24.0
25 14 25.0
25 17 26.0
25 74 27.0
25 75 28.0
25 76 29.0
25 77 30.0
25 78 31.0
25 79 32.0
25 12 33.0
25 13 34.0
25 80 35.0
25 81 36.0
25 82 37.0
25 83 38.0
25 84 39.0
25 85 40.0
25 2 41.0
25 10 42.0
26 9 19.0
26 5 20.0
26 114 21.0
26 115 22.0
26 116 23.0
26 117 24.0
26 118 25.0
26 119 26.0
26 0 27.0
26 13 28.0
26 34 29.0
26 35 30.0
26 32 31.0
26 30 32.0
26 28 33.0
26 26 34.0
26 94 35.0
26 95 36.0
26 18 37.0
26 21 38.0
26 89 39.0
26 139 40.0
27 9 28.0
27 5 29.0
27 114 30.0
27 115 31.0
27 116 32.0
27 117 33.0
27 118 34.0
27 119 35.0
27 0 36.0
27 13 37.0
27 34 38.0
27 35 39.0
27 141 40.0
28 144 15.0
28 88 16.0
28 20 17.0
28 19 18.0
28 96 19.0
28 97 20.0
28 29 21.0
28 27 22.0
28 33 23.0
28 31 24.0
28 36 25.0
28 141 26.0
29 9 13.0
29 5 14.0
29 114 15.0
29 115 16.0
29 116 17.0
29 117 18.0
29 118 19.0
29 119 20.0
29 0 21.0
29 1 22.0
29 68 23.0
29 69 24.0
29 70 25.0
29 71 26.0
29 72 27.0
29 73 28.0
29 14 29.0
29 15 30.0
29 132 31.0
29 133 32.0
29 134 33.0
29 135 34.0
29 136 35.0
29 137 36.0
29 6 37.0
30 11 22.0
30 3 23.0
30 62 24.0
30 63 25.0
30 64 26.0
30 65 27.0
30 66 28.0
30 67 29.0
30 0 30.0
30 1 31.0
30 68 32.0
30 69 33.0
30 70 34.0
30 71 35.0
30 72 36.0
30 73 37.0
30 14 38.0
30 17 39.0
30 46 40.0
30 47 41.0
30 142 42.0
31 11 17.0
31 3 18.0
31 62 19.0
31 63 20.0
31 64 21.0
31 65 22.0
31 66 23.0
31 67 24.0
31 0 25.0
31 1 26.0
31 68 27.0
31 69 28.0
31 70 29.0
31 71 30.0
31 72 31.0
31 73 32.0
31 14 33.0
31 17 34.0
31 46 35.0
31 47 36.0
31 142 37.0
32 144 24.0
32 88 25.0
32 20 26.0
32 19 27.0
32 96 28.0
32 97 29.0
32 29 30.0
32 27 31.0
32 33 32.0
32 31 33.0
32 36 34.0
32 37 35.0
32 12 36.0
32 1 37.0
32 120 38.0
32 121 39.0
32 122 40.0
32 123 41.0
32 124 42.0
32 125 43.0
32 4 44.0
32 8 45.0
33 145 15.0
33 92 16.0
33 102 17.0
33 103 18.0
33 104 19.0
33 105 20.0
33 106 21.0
33 107 22.0
33 18 23.0
33 19 24.0
33 96 25.0
33 97 26.0
33 29 27.0
33 27 28.0
33 33 29.0
33 31 30.0
33 36 31.0
33 141 32.0
34 147 15.0
34 49 16.0
34 16 17.0
34 17 18.0
34 74 19.0
34 75 20.0
34 76 21.0
34 77 22.0
34 78 23.0
34 79 24.0
34 12 25.0
34 13 26.0
34 34 27.0
34 35 28.0
34 141 29.0
35 146 12.0
35 34 13.0
35 35 14.0
35 32 15.0
35 30 16.0
35 28 17.0
35 26 18.0
35 94 19.0
35 95 20.0
35 18 21.0
35 21 22.0
35 108 23.0
35 109 24.0
35 110 25.0
35 111 26.0
35 112 27.0
35 113 28.0
35 93 29.0
35 140 30.0
36 7 15.0
36 126 16.0
36 127 17.0
36 128 18.0
36 129 19.0
36 130 20.0
36 131 21.0
36 14 22.0
36 17 23.0
36 46 24.0
36 47 25.0
36 142 26.0
37 146 27.0
37 37 28.0
37 12 29.0
37 13 30.0
37 80 31.0
37 81 32.0
37 82 33.0
37 83 34.0
37 84 35.0
37 85 36.0
37 2 37.0
37 10 38.0
38 9 30.0
38 5 31.0
38 114 32.0
38 115 33.0
38 116 34.0
38 117 35.0
38 118 36.0
38 119 37.0
38 0 38.0
38 13 39.0
38 34 40.0
38 35 41.0
38 141 42.0
39 147 11.0
39 49 12.0
39 16 13.0
39 17 14.0
39 74 15.0
39 75 16.0
39 76 17.0
39 77 18.0
39 78 19.0
39 79 20.0
39 12 21.0
39 13 22.0
39 80 23.0
39 81 24.0
39 82 25.0
39 83 26.0
39 84 27.0
39 85 28.0
39 2 29.0
39 10 30.0
40 145 38.0
40 92 39.0
40 102 40.0
40 103 41.0
40 104 42.0
40 105 43.0
40 106 44.0
40 107 45.0
40 18 46.0
40 19 47.0
40 50 48.0
40 51 49.0
40 52 50.0
40 53 51.0
40 54 52.0
40 55 53.0
40 22 54.0
40 23 55.0
40 100 56.0
40 101 57.0
40 41 58.0
40 39 59.0
40 45 60.0
40 43 61.0
40 48 62.0
40 142 63.0
41 9 40.0
41 5 41.0
41 114 42.0
41 115 43.0
41 116 44.0
41 117 45.0
41 118 46.0
41 119 47.0
41 0 48.0
41 1 49.0
41 68 50.0
41 69 51.0
41 70 52.0
41 71 53.0
41 72 54.0
41 73 55.0
41 14 56.0
41 15 57.0
41 132 58.0
41 133 59.0
41 134 60.0
41 135 61.0
41 136 62.0
41 137 63.0
41 6 64.0
42 9 32.0
42 5 33.0
42 114 34.0
42 115 35.0
42 116 36.0
42 117 37.0
42 118 38.0
42 119 39.0
42 0 40.0
42 13 41.0
42 80 42.0
42 81 43.0
42 82 44.0
42 83 45.0
42 84 46.0
42 85 47.0
42 2 48.0
42 10 49.0
43 145 23.0
43 92 24.0
43 102 25.0
43 103 26.0
43 104 27.0
43 105 28.0
43 106 29.0
43 107 30.0
43 18 31.0
43 19 32.0
43 50 33.0
43 51 34.0
43 52 35.0
43 53 36.0
43 54 37.0
43 55 38.0
43 22 39.0
43 23 40.0
43 100 41.0
43 101 42.0
43 41 43.0
43 39 44.0
43 45 45.0
43 43 46.0
43 48 47.0
43 142 48.0
44 11 46.0
44 3 47.0
44 62 48.0
44 63 49.0
44 64 50.0
44 65 51.0
44 66 52.0
44 67 53.0
44 0 54.0
44 13 55.0
44 34 56.0
44 35 57.0
44 32 58.0
44 30 59.0
44 28 60.0
44 26 61.0
44 94 62.0
44 95 63.0
44 18 64.0
44 21 65.0
44 89 66.0
44 139 67.0
45 7 24.0
45 126 25.0
45 127 26.0
45 128 27.0
45 129 28.0
45 130 29.0
45 131 30.0
45 14 31.0
45 17 32.0
45 46 33.0
45 47 34.0
45 142 35.0
46 11 34.0
46 3 35.0
46 62 36.0
46 63 37.0
46 64 38.0
46 65 39.0
46 66 40.0
46 67 41.0
46 0 42.0
46 1 43.0
46 68 44.0
46 69 45.0
46 70 46.0
46 71 47.0
46 72 48.0
46 73 49.0
46 14 50.0
46 15 51.0
46 132 52.0
46 133 53.0
46 134 54.0
46 135 55.0
46 136 56.0
46 137 57.0
46 6 58.0
47 147 40.0
47 49 41.0
47 16 42.0
47 17 43.0
47 74 44.0
47 75 45.0
47 76 46.0
47 77 47.0
47 78 48.0
47 79 49.0
47 12 50.0
47 13 51.0
47 34 52.0
47 35 53.0
47 141 54.0
48 11 36.0
48 3 37.0
48 62 38.0
48 63 39.0
48 64 40.0
48 65 41.0
48 66 42.0
48 67 43.0
48 0 44.0
48 1 45.0
48 68 46.0
48 69 47.0
48 70 48.0
48 71 49.0
48 72 50.0
48 73 51.0
48 14 52.0
48 17 53.0
48 46 54.0
48 47 55.0
48 142 56.0
49 147 38.0
49 49 39.0
49 16 40.0
49 17 41.0
49 74 42.0
49 75 43.0
49 76 44.0
49 77 45.0
49 78 46.0
49 79 47.0
49 12 48.0
49 13 49.0
49 34 50.0
49 35 51.0
49 141 52.0
50 7 29.0
50 126 30.0
50 127 31.0
50 128 32.0
50 129 33.0
50 130 34.0
50 131 35.0
50 14 36.0
50 17 37.0
50 74 38.0
50 75 39.0
50 76 40.0
50 77 41.0
50 78 42.0
50 79 43.0
50 12 44.0
50 13 45.0
50 34 46.0
50 35 47.0
50 141 48.0
51 11 24.0
51 3 25.0
51 62 26.0
51 63 27.0
51 64 28.0
51 65 29.0
51 66 30.0
51 67 31.0
51 0 32.0
51 1 33.0
51 68 34.0
51 69 35.0
51 70 36.0
51 71 37.0
51 72 38.0
51 73 39.0
51 14 40.0
51 15 41.0
51 132 42.0
51 133 43.0
51 134 44.0
51 135 45.0
51 136 46.0
51 137 47.0
51 6 48.0
52 9 38.0
52 5 39.0
52 114 40.0
52 115 41.0
52 116 42.0
52 117 43.0
52 118 44.0
52 119 45.0
52 0 46.0
52 13 47.0
52 34 48.0
52 35 49.0
52 141 50.0
53 144 29.0
53 88 30.0
53 20 31.0
53 21 32.0
53 108 33.0
53 109 34.0
53 110 35.0
53 111 36.0
53 112 37.0
53 113 38.0
53 93 39.0
53 140 40.0
54 145 40.0
54 92 41.0
54 102 42.0
54 103 43.0
54 104 44.0
54 105 45.0
54 106 46.0
54 107 47.0
54 18 48.0
54 19 49.0
54 96 50.0
54 97 51.0
54 29 52.0
54 27 53.0
54 33 54.0
54 31 55.0
54 36 56.0
54 141 57.0
55 145 27.0
55 92 28.0
55 102 29.0
55 103 30.0
55 104 31.0
55 105 32.0
55 106 33.0
55 107 34.0
55 18 35.0
55 19 36.0
55 96 37.0
55 97 38.0
55 29 39.0
55 27 40.0
55 33 41.0
55 31 42.0
55 36 43.0
55 141 44.0
56 143 27.0
56 90 28.0
56 24 29.0
56 25 30.0
56 56 31.0
56 57 32.0
56 58 33.0
56 59 34.0
56 60 35.0
56 61 36.0
56 20 37.0
56 19 38.0
56 96 39.0
56 97 40.0
56 29 41.0
56 27 42.0
56 33 43.0
56 31 44.0
56 36 45.0
56 141 46.0
57 11 26.0
57 3 27.0
57 62 28.0
57 63 29.0
57 64 30.0
57 65 31.0
57 66 32.0
57 67 33.0
57 0 34.0
57 1 35.0
57 120 36.0
57 121 37.0
57 122 38.0
57 123 39.0
57 124 40.0
57 125 41.0
57 4 42.0
57 8 43.0
58 146 21.0
58 37 22.0
58 12 23.0
58 1 24.0
58 120 25.0
58 121 26.0
58 122 27.0
58 123 28.0
58 124 29.0
58 125 30.0
58 4 31.0
58 8 32.0
59 146 30.0
59 34 31.0
59 35 32.0
59 32 33.0
59 30 34.0
59 28 35.0
59 26 36.0
59 94 37.0
59 95 38.0
59 18 39.0
59 19 40.0
59 50 41.0
59 51 42.0
59 52 43.0
59 53 44.0
59 54 45.0
59 55 46.0
59 22 47.0
59 25 48.0
59 91 49.0
59 138 50.0
60 11 48.0
60 3 49.0
60 62 50.0
60 63 51.0
60 64 52.0
60 65 53.0
60 66 54.0
60 67 55.0
60 0 56.0
60 13 57.0
60 34 58.0
60 35 59.0
60 32 60.0
60 30 61.0
60 28 62.0
60 26 63.0
60 94 64.0
60 95 65.0
60 18 66.0
60 21 67.0
60 89 68.0
60 139 69.0
61 146 41.0
61 34 42.0
61 35 43.0
61 32 44.0
61 30 45.0
61 28 46.0
61 26 47.0
61 94 48.0
61 95 49.0
61 18 50.0
61 21 51.0
61 108 52.0
61 109 53.0
61 110 54.0
61 111 55.0
61 112 56.0
61 113 57.0
61 93 58.0
61 140 59.0
62 11 42.0
62 3 43.0
62 62 44.0
62 63 45.0
62 64 46.0
62 65 47.0
62 66 48.0
62 67 49.0
62 0 50.0
62 1 51.0
62 68 52.0
62 69 53.0
62 70 54.0
62 71 55.0
62 72 56.0
62 73 57.0
62 14 58.0
62 15 59.0
62 132 60.0
62 133 61.0
62 134 62.0
62 135 63.0
62 136 64.0
62 137 65.0
62 6 66.0
63 144 33.0
63 88 34.0
63 20 35.0
63 21 36.0
63 108 37.0
63 109 38.0
63 110 39.0
63 111 40.0
63 112 41.0
63 113 42.0
63 93 43.0
63 140 44.0
64 147 36.0
64 46 37.0
64 47 38.0
64 44 39.0
64 42 40.0
64 40 41.0
64 38 42.0
64 98 43.0
64 99 44.0
64 22 45.0
64 25 46.0
64 56 47.0
64 57 48.0
64 58 49.0
64 59 50.0
64 60 51.0
64 61 52.0
64 20 53.0
64 21 54.0
64 89 55.0
64 139 56.0
65 144 40.0
65 88 41.0
65 20 42.0
65 19 43.0
65 50 44.0
65 51 45.0
65 52 46.0
65 53 47.0
65 54 48.0
65 55 49.0
65 22 50.0
65 23 51.0
65 100 52.0
65 101 53.0
65 41 54.0
65 39 55.0
65 45 56.0
65 43 57.0
65 48 58.0
65 142 59.0
67 143 37.0
67 90 38.0
67 24 39.0
67 25 40.0
67 56 41.0
67 57 42.0
67 58 43.0
67 59 44.0
67 60 45.0
67 61 46.0
67 20 47.0
67 21 48.0
67 89 49.0
67 139 50.0
68 7 40.0
68 126 41.0
68 127 42.0
68 128 43.0
68 129 44.0
68 130 45.0
68 131 46.0
68 14 47.0
68 17 48.0
68 74 49.0
68 75 50.0
68 76 51.0
68 77 52.0
68 78 53.0
68 79 54.0
68 12 55.0
68 1 56.0
68 120 57.0
68 121 58.0
68 122 59.0
68 123 60.0
68 124 61.0
68 125 62.0
68 4 63.0
68 8 64.0
70 144 31.0
70 88 32.0
70 20 33.0
70 19 34.0
70 50 35.0
70 51 36.0
70 52 37.0
70 53 38.0
70 54 39.0
70 55 40.0
70 22 41.0
70 25 42.0
70 91 43.0
70 138 44.0
71 7 38.0
71 126 39.0
71 127 40.0
71 128 41.0
71 129 42.0
71 130 43.0
71 131 44.0
71 14 45.0
71 17 46.0
71 74 47.0
71 75 48.0
71 76 49.0
71 77 50.0
71 78 51.0
71 79 52.0
71 12 53.0
71 1 54.0
71 120 55.0
71 121 56.0
71 122 57.0
71 123 58.0
71 124 59.0
71 125 60.0
71 4 61.0
71 8 62.0
72 144 37.0
72 88 38.0
72 20 39.0
72 21 40.0
72 108 41.0
72 109 42.0
72 110 43.0
72 111 44.0
72 112 45.0
72 113 46.0
72 93 47.0
72 140 48.0
73 144 48.0
73 88 49.0
73 20 50.0
73 19 51.0
73 96 52.0
73 97 53.0
73 29 54.0
73 27 55.0
73 33 56.0
73 31 57.0
73 36 58.0
73 141 59.0
74 145 36.0
74 92 37.0
74 102 38.0
74 103 39.0
74 104 40.0
74 105 41.0
74 106 42.0
74 107 43.0
74 18 44.0
74 19 45.0
74 50 46.0
74 51 47.0
74 52 48.0
74 53 49.0
74 54 50.0
74 55 51.0
74 22 52.0
74 23 53.0
74 100 54.0
74 101 55.0
74 41 56.0
74 39 57.0
74 45 58.0
74 43 59.0
74 48 60.0
74 142 61.0
75 11 50.0
75 3 51.0
75 62 52.0
75 63 53.0
75 64 54.0
75 65 55.0
75 66 56.0
75 67 57.0
75 0 58.0
75 1 59.0
75 120 60.0
75 121 61.0
75 122 62.0
75 123 63.0
75 124 64.0
75 125 65.0
75 4 66.0
75 8 67.0
76 9 44.0
76 5 45.0
76 114 46.0
76 115 47.0
76 116 48.0
76 117 49.0
76 118 50.0
76 119 51.0
76 0 52.0
76 13 53.0
76 34 54.0
76 35 55.0
76 32 56.0
76 30 57.0
76 28 58.0
76 26 59.0
76 94 60.0
76 95 61.0
76 18 62.0
76 21 63.0
76 89 64.0
76 139 65.0
77 145 34.0
77 92 35.0
77 102 36.0
77 103 37.0
77 104 38.0
77 105 39.0
77 106 40.0
77 107 41.0
77 18 42.0
77 21 43.0
77 89 44.0
77 139 45.0
79 145 44.0
79 92 45.0
79 102 46.0
79 103 47.0
79 104 48.0
79 105 49.0
79 106 50.0
79 107 51.0
79 18 52.0
79 19 53.0
79 50 54.0
79 51 55.0
79 52 56.0
79 53 57.0
79 54 58.0
79 55 59.0
79 22 60.0
79 23 61.0
79 100 62.0
79 101 63.0
79 41 64.0
79 39 65.0
79 45 66.0
79 43 67.0
79 48 68.0
79 142 69.0
80 146 44.0
80 37 45.0
80 12 46.0
80 1 47.0
80 120 48.0
80 121 49.0
80 122 50.0
80 123 51.0
80 124 52.0
80 125 53.0
80 4 54.0
80 8 55.0
82 143 48.0
82 90 49.0
82 24 50.0
82 25 51.0
82 56 52.0
82 57 53.0
82 58 54.0
82 59 55.0
82 60 56.0
82 61 57.0
82 20 58.0
82 21 59.0
82 89 60.0
82 139 61.0
83 147 49.0
83 46 50.0
83 47 51.0
83 44 52.0
83 42 53.0
83 40 54.0
83 38 55.0
83 98 56.0
83 99 57.0
83 22 58.0
83 25 59.0
83 91 60.0
83 138 61.0
84 145 48.0
84 92 49.0
84 102 50.0
84 103 51.0
84 104 52.0
84 105 53.0
84 106 54.0
84 107 55.0
84 18 56.0
84 21 57.0
84 89 58.0
84 139 59.0
86 7 47.0
86 126 48.0
86 127 49.0
86 128 50.0
86 129 51.0
86 130 52.0
86 131 53.0
86 14 54.0
86 17 55.0
86 74 56.0
86 75 57.0
86 76 58.0
86 77 59.0
86 78 60.0
86 79 61.0
86 12 62.0
86 13 63.0
86 34 64.0
86 35 65.0
86 141 66.0
90 145 46.0
90 92 47.0
90 102 48.0
90 103 49.0
90 104 50.0
90 105 51.0
90 106 52.0
90 107 53.0
90 18 54.0
90 19 55.0
90 96 56.0
90 97 57.0
90 29 58.0
90 27 59.0
90 33 60.0
90 31 61.0
90 36 62.0
90 141 63.0
93 143 50.0
93 90 51.0
93 24 52.0
93 25 53.0
93 56 54.0
93 57 55.0
93 58 56.0
93 59 57.0
93 60 58.0
93 61 59.0
93 20 60.0
93 21 61.0
93 89 62.0
93 139 63.0
96 147 42.0
96 49 43.0
96 16 44.0
96 15 45.0
96 132 46.0
96 133 47.0
96 134 48.0
96 135 49.0
96 136 50.0
96 137 51.0
96 6 52.0
99 147 47.0
99 46 48.0
99 47 49.0
99 44 50.0
99 42 51.0
99 40 52.0
99 38 53.0
99 98 54.0
99 99 55.0
99 22 56.0
99 25 57.0
99 91 58.0
99 138 59.0
100 144 4
100 88 5.0
100 20 6.0
100 19 7.0
100 50 8.0
100 51 9.0
100 52 10.0
100 53 11.0
100 54 12.0
100 55 13.0
100 22 14.0
100 25 15.0
100 91 16.0
100 138 17.0
;
set fixedFlights :=
0 20 19
0 22 23
0 41 39
0 39 45
0 45 43
0 43 48
0 19 50
0 50 51
0 51 52
0 52 53
0 53 54
0 54 55
0 55 22
0 23 100
0 100 101
0 101 41
0 88 20
0 144 88
0 48 142
1 20 21
1 24 25
1 25 56
1 56 57
1 57 58
1 58 59
1 59 60
1 60 61
1 61 20
1 21 89
1 90 24
1 143 90
1 89 139
2 0 1
2 9 5
2 14 17
2 17 46
2 46 47
2 1 68
2 68 69
2 69 70
2 70 71
2 71 72
2 72 73
2 73 14
2 5 114
2 114 115
2 115 116
2 116 117
2 117 118
2 118 119
2 119 0
2 47 142
3 9 5
3 0 13
3 13 34
3 34 35
3 5 114
3 114 115
3 115 116
3 116 117
3 117 118
3 118 119
3 119 0
3 35 141
4 18 19
4 22 23
4 41 39
4 39 45
4 45 43
4 43 48
4 19 50
4 50 51
4 51 52
4 52 53
4 53 54
4 54 55
4 55 22
4 23 100
4 100 101
4 101 41
4 92 102
4 102 103
4 103 104
4 104 105
4 105 106
4 106 107
4 107 18
4 145 92
4 48 142
5 0 1
5 11 3
5 4 8
5 3 62
5 62 63
5 63 64
5 64 65
5 65 66
5 66 67
5 67 0
5 1 120
5 120 121
5 121 122
5 122 123
5 123 124
5 124 125
5 125 4
6 14 17
6 22 25
6 17 46
6 46 47
6 47 44
6 44 42
6 42 40
6 40 38
6 38 98
6 98 99
6 99 22
6 25 91
6 7 126
6 126 127
6 127 128
6 128 129
6 129 130
6 130 131
6 131 14
6 91 138
7 20 21
7 22 25
7 46 47
7 47 44
7 44 42
7 42 40
7 40 38
7 25 56
7 56 57
7 57 58
7 58 59
7 59 60
7 60 61
7 61 20
7 38 98
7 98 99
7 99 22
7 21 89
7 89 139
7 147 46
8 12 1
8 14 15
8 37 12
8 1 68
8 68 69
8 69 70
8 70 71
8 71 72
8 72 73
8 73 14
8 15 132
8 132 133
8 133 134
8 134 135
8 135 136
8 136 137
8 137 6
8 146 37
9 20 19
9 22 23
9 41 39
9 39 45
9 45 43
9 43 48
9 19 50
9 50 51
9 51 52
9 52 53
9 53 54
9 54 55
9 55 22
9 23 100
9 100 101
9 101 41
9 88 20
9 144 88
9 48 142
10 18 19
10 22 25
10 34 35
10 35 32
10 32 30
10 30 28
10 28 26
10 19 50
10 50 51
10 51 52
10 52 53
10 53 54
10 54 55
10 55 22
10 26 94
10 94 95
10 95 18
10 25 91
10 91 138
10 146 34
11 9 5
11 0 13
11 13 34
11 34 35
11 5 114
11 114 115
11 115 116
11 116 117
11 117 118
11 118 119
11 119 0
11 35 141
12 2 10
12 12 13
12 14 17
12 17 74
12 74 75
12 75 76
12 76 77
12 77 78
12 78 79
12 79 12
12 13 80
12 80 81
12 81 82
12 82 83
12 83 84
12 84 85
12 85 2
12 7 126
12 126 127
12 127 128
12 128 129
12 129 130
12 130 131
12 131 14
13 18 21
13 92 102
13 102 103
13 103 104
13 104 105
13 105 106
13 106 107
13 107 18
13 21 89
13 145 92
13 89 139
14 0 1
14 11 3
14 14 15
14 3 62
14 62 63
14 63 64
14 64 65
14 65 66
14 66 67
14 67 0
14 1 68
14 68 69
14 69 70
14 70 71
14 71 72
14 72 73
14 73 14
14 15 132
14 132 133
14 133 134
14 134 135
14 135 136
14 136 137
14 137 6
15 18 21
15 92 102
15 102 103
15 103 104
15 104 105
15 105 106
15 106 107
15 107 18
15 21 89
15 145 92
15 89 139
16 12 13
16 16 17
16 13 34
16 34 35
16 49 16
16 17 74
16 74 75
16 75 76
16 76 77
16 77 78
16 78 79
16 79 12
16 35 141
16 147 49
17 18 21
17 34 35
17 35 32
17 32 30
17 30 28
17 28 26
17 26 94
17 94 95
17 95 18
17 21 89
17 89 139
17 146 34
18 16 15
18 24 23
18 41 39
18 39 45
18 45 43
18 43 48
18 48 49
18 49 16
18 23 100
18 100 101
18 101 41
18 90 24
18 15 132
18 132 133
18 133 134
18 134 135
18 135 136
18 136 137
18 137 6
18 143 90
19 18 19
19 22 23
19 41 39
19 39 45
19 45 43
19 43 48
19 19 50
19 50 51
19 51 52
19 52 53
19 53 54
19 54 55
19 55 22
19 23 100
19 100 101
19 101 41
19 92 102
19 102 103
19 103 104
19 104 105
19 105 106
19 106 107
19 107 18
19 145 92
19 48 142
20 2 10
20 12 13
20 20 19
20 29 27
20 27 33
20 33 31
20 31 36
20 36 37
20 37 12
20 13 80
20 80 81
20 81 82
20 82 83
20 83 84
20 84 85
20 85 2
20 19 96
20 96 97
20 97 29
20 88 20
20 144 88
21 18 21
21 92 102
21 102 103
21 103 104
21 104 105
21 105 106
21 106 107
21 107 18
21 21 89
21 145 92
21 89 139
22 11 3
22 0 13
22 18 21
22 13 34
22 34 35
22 35 32
22 32 30
22 30 28
22 28 26
22 3 62
22 62 63
22 63 64
22 64 65
22 65 66
22 66 67
22 67 0
22 26 94
22 94 95
22 95 18
22 21 89
22 89 139
23 20 19
23 24 25
23 29 27
23 27 33
23 33 31
23 31 36
23 25 56
23 56 57
23 57 58
23 58 59
23 59 60
23 60 61
23 61 20
23 19 96
23 96 97
23 97 29
23 90 24
23 143 90
23 36 141
24 0 1
24 9 5
24 14 15
24 1 68
24 68 69
24 69 70
24 70 71
24 71 72
24 72 73
24 73 14
24 5 114
24 114 115
24 115 116
24 116 117
24 117 118
24 118 119
24 119 0
24 15 132
24 132 133
24 133 134
24 134 135
24 135 136
24 136 137
24 137 6
25 2 10
25 12 13
25 14 17
25 17 74
25 74 75
25 75 76
25 76 77
25 77 78
25 78 79
25 79 12
25 13 80
25 80 81
25 81 82
25 82 83
25 83 84
25 84 85
25 85 2
25 7 126
25 126 127
25 127 128
25 128 129
25 129 130
25 130 131
25 131 14
26 9 5
26 0 13
26 18 21
26 13 34
26 34 35
26 35 32
26 32 30
26 30 28
26 28 26
26 26 94
26 94 95
26 95 18
26 21 89
26 5 114
26 114 115
26 115 116
26 116 117
26 117 118
26 118 119
26 119 0
26 89 139
27 9 5
27 0 13
27 13 34
27 34 35
27 5 114
27 114 115
27 115 116
27 116 117
27 117 118
27 118 119
27 119 0
27 35 141
28 20 19
28 29 27
28 27 33
28 33 31
28 31 36
28 19 96
28 96 97
28 97 29
28 88 20
28 144 88
28 36 141
29 0 1
29 9 5
29 14 15
29 1 68
29 68 69
29 69 70
29 70 71
29 71 72
29 72 73
29 73 14
29 5 114
29 114 115
29 115 116
29 116 117
29 117 118
29 118 119
29 119 0
29 15 132
29 132 133
29 133 134
29 134 135
29 135 136
29 136 137
29 137 6
30 0 1
30 11 3
30 14 17
30 17 46
30 46 47
30 3 62
30 62 63
30 63 64
30 64 65
30 65 66
30 66 67
30 67 0
30 1 68
30 68 69
30 69 70
30 70 71
30 71 72
30 72 73
30 73 14
30 47 142
31 0 1
31 11 3
31 14 17
31 17 46
31 46 47
31 3 62
31 62 63
31 63 64
31 64 65
31 65 66
31 66 67
31 67 0
31 1 68
31 68 69
31 69 70
31 70 71
31 71 72
31 72 73
31 73 14
31 47 142
32 4 8
32 12 1
32 20 19
32 29 27
32 27 33
32 33 31
32 31 36
32 36 37
32 37 12
32 19 96
32 96 97
32 97 29
32 88 20
32 1 120
32 120 121
32 121 122
32 122 123
32 123 124
32 124 125
32 125 4
32 144 88
33 18 19
33 29 27
33 27 33
33 33 31
33 31 36
33 19 96
33 96 97
33 97 29
33 92 102
33 102 103
33 103 104
33 104 105
33 105 106
33 106 107
33 107 18
33 145 92
33 36 141
34 12 13
34 16 17
34 13 34
34 34 35
34 49 16
34 17 74
34 74 75
34 75 76
34 76 77
34 77 78
34 78 79
34 79 12
34 35 141
34 147 49
35 18 21
35 34 35
35 35 32
35 32 30
35 30 28
35 28 26
35 26 94
35 94 95
35 95 18
35 21 108
35 108 109
35 109 110
35 110 111
35 111 112
35 112 113
35 113 93
35 93 140
35 146 34
36 14 17
36 17 46
36 46 47
36 7 126
36 126 127
36 127 128
36 128 129
36 129 130
36 130 131
36 131 14
36 47 142
37 2 10
37 12 13
37 37 12
37 13 80
37 80 81
37 81 82
37 82 83
37 83 84
37 84 85
37 85 2
37 146 37
38 9 5
38 0 13
38 13 34
38 34 35
38 5 114
38 114 115
38 115 116
38 116 117
38 117 118
38 118 119
38 119 0
38 35 141
39 2 10
39 12 13
39 16 17
39 49 16
39 17 74
39 74 75
39 75 76
39 76 77
39 77 78
39 78 79
39 79 12
39 13 80
39 80 81
39 81 82
39 82 83
39 83 84
39 84 85
39 85 2
39 147 49
40 18 19
40 22 23
40 41 39
40 39 45
40 45 43
40 43 48
40 19 50
40 50 51
40 51 52
40 52 53
40 53 54
40 54 55
40 55 22
40 23 100
40 100 101
40 101 41
40 92 102
40 102 103
40 103 104
40 104 105
40 105 106
40 106 107
40 107 18
40 145 92
40 48 142
41 0 1
41 9 5
41 14 15
41 1 68
41 68 69
41 69 70
41 70 71
41 71 72
41 72 73
41 73 14
41 5 114
41 114 115
41 115 116
41 116 117
41 117 118
41 118 119
41 119 0
41 15 132
41 132 133
41 133 134
41 134 135
41 135 136
41 136 137
41 137 6
42 2 10
42 9 5
42 0 13
42 13 80
42 80 81
42 81 82
42 82 83
42 83 84
42 84 85
42 85 2
42 5 114
42 114 115
42 115 116
42 116 117
42 117 118
42 118 119
42 119 0
43 18 19
43 22 23
43 41 39
43 39 45
43 45 43
43 43 48
43 19 50
43 50 51
43 51 52
43 52 53
43 53 54
43 54 55
43 55 22
43 23 100
43 100 101
43 101 41
43 92 102
43 102 103
43 103 104
43 104 105
43 105 106
43 106 107
43 107 18
43 145 92
43 48 142
44 11 3
44 0 13
44 18 21
44 13 34
44 34 35
44 35 32
44 32 30
44 30 28
44 28 26
44 3 62
44 62 63
44 63 64
44 64 65
44 65 66
44 66 67
44 67 0
44 26 94
44 94 95
44 95 18
44 21 89
44 89 139
45 14 17
45 17 46
45 46 47
45 7 126
45 126 127
45 127 128
45 128 129
45 129 130
45 130 131
45 131 14
45 47 142
46 0 1
46 11 3
46 14 15
46 3 62
46 62 63
46 63 64
46 64 65
46 65 66
46 66 67
46 67 0
46 1 68
46 68 69
46 69 70
46 70 71
46 71 72
46 72 73
46 73 14
46 15 132
46 132 133
46 133 134
46 134 135
46 135 136
46 136 137
46 137 6
47 12 13
47 16 17
47 13 34
47 34 35
47 49 16
47 17 74
47 74 75
47 75 76
47 76 77
47 77 78
47 78 79
47 79 12
47 35 141
47 147 49
48 0 1
48 11 3
48 14 17
48 17 46
48 46 47
48 3 62
48 62 63
48 63 64
48 64 65
48 65 66
48 66 67
48 67 0
48 1 68
48 68 69
48 69 70
48 70 71
48 71 72
48 72 73
48 73 14
48 47 142
49 12 13
49 16 17
49 13 34
49 34 35
49 49 16
49 17 74
49 74 75
49 75 76
49 76 77
49 77 78
49 78 79
49 79 12
49 35 141
49 147 49
50 12 13
50 14 17
50 13 34
50 34 35
50 17 74
50 74 75
50 75 76
50 76 77
50 77 78
50 78 79
50 79 12
50 7 126
50 126 127
50 127 128
50 128 129
50 129 130
50 130 131
50 131 14
50 35 141
51 0 1
51 11 3
51 14 15
51 3 62
51 62 63
51 63 64
51 64 65
51 65 66
51 66 67
51 67 0
51 1 68
51 68 69
51 69 70
51 70 71
51 71 72
51 72 73
51 73 14
51 15 132
51 132 133
51 133 134
51 134 135
51 135 136
51 136 137
51 137 6
52 9 5
52 0 13
52 13 34
52 34 35
52 5 114
52 114 115
52 115 116
52 116 117
52 117 118
52 118 119
52 119 0
52 35 141
53 20 21
53 21 108
53 108 109
53 109 110
53 110 111
53 111 112
53 112 113
53 113 93
53 88 20
53 144 88
53 93 140
54 18 19
54 29 27
54 27 33
54 33 31
54 31 36
54 19 96
54 96 97
54 97 29
54 92 102
54 102 103
54 103 104
54 104 105
54 105 106
54 106 107
54 107 18
54 145 92
54 36 141
55 18 19
55 29 27
55 27 33
55 33 31
55 31 36
55 19 96
55 96 97
55 97 29
55 92 102
55 102 103
55 103 104
55 104 105
55 105 106
55 106 107
55 107 18
55 145 92
55 36 141
56 20 19
56 24 25
56 29 27
56 27 33
56 33 31
56 31 36
56 25 56
56 56 57
56 57 58
56 58 59
56 59 60
56 60 61
56 61 20
56 19 96
56 96 97
56 97 29
56 90 24
56 143 90
56 36 141
57 0 1
57 11 3
57 4 8
57 3 62
57 62 63
57 63 64
57 64 65
57 65 66
57 66 67
57 67 0
57 1 120
57 120 121
57 121 122
57 122 123
57 123 124
57 124 125
57 125 4
58 4 8
58 12 1
58 37 12
58 1 120
58 120 121
58 121 122
58 122 123
58 123 124
58 124 125
58 125 4
58 146 37
59 18 19
59 22 25
59 34 35
59 35 32
59 32 30
59 30 28
59 28 26
59 19 50
59 50 51
59 51 52
59 52 53
59 53 54
59 54 55
59 55 22
59 26 94
59 94 95
59 95 18
59 25 91
59 91 138
59 146 34
60 11 3
60 0 13
60 18 21
60 13 34
60 34 35
60 35 32
60 32 30
60 30 28
60 28 26
60 3 62
60 62 63
60 63 64
60 64 65
60 65 66
60 66 67
60 67 0
60 26 94
60 94 95
60 95 18
60 21 89
60 89 139
61 18 21
61 34 35
61 35 32
61 32 30
61 30 28
61 28 26
61 26 94
61 94 95
61 95 18
61 21 108
61 108 109
61 109 110
61 110 111
61 111 112
61 112 113
61 113 93
61 93 140
61 146 34
62 0 1
62 11 3
62 14 15
62 3 62
62 62 63
62 63 64
62 64 65
62 65 66
62 66 67
62 67 0
62 1 68
62 68 69
62 69 70
62 70 71
62 71 72
62 72 73
62 73 14
62 15 132
62 132 133
62 133 134
62 134 135
62 135 136
62 136 137
62 137 6
63 20 21
63 21 108
63 108 109
63 109 110
63 110 111
63 111 112
63 112 113
63 113 93
63 88 20
63 144 88
63 93 140
64 20 21
64 22 25
64 46 47
64 47 44
64 44 42
64 42 40
64 40 38
64 25 56
64 56 57
64 57 58
64 58 59
64 59 60
64 60 61
64 61 20
64 38 98
64 98 99
64 99 22
64 21 89
64 89 139
64 147 46
65 20 19
65 22 23
65 41 39
65 39 45
65 45 43
65 43 48
65 19 50
65 50 51
65 51 52
65 52 53
65 53 54
65 54 55
65 55 22
65 23 100
65 100 101
65 101 41
65 88 20
65 144 88
65 48 142
67 20 21
67 24 25
67 25 56
67 56 57
67 57 58
67 58 59
67 59 60
67 60 61
67 61 20
67 21 89
67 90 24
67 143 90
67 89 139
68 4 8
68 12 1
68 14 17
68 17 74
68 74 75
68 75 76
68 76 77
68 77 78
68 78 79
68 79 12
68 1 120
68 120 121
68 121 122
68 122 123
68 123 124
68 124 125
68 125 4
68 7 126
68 126 127
68 127 128
68 128 129
68 129 130
68 130 131
68 131 14
70 20 19
70 22 25
70 19 50
70 50 51
70 51 52
70 52 53
70 53 54
70 54 55
70 55 22
70 88 20
70 25 91
70 144 88
70 91 138
71 4 8
71 12 1
71 14 17
71 17 74
71 74 75
71 75 76
71 76 77
71 77 78
71 78 79
71 79 12
71 1 120
71 120 121
71 121 122
71 122 123
71 123 124
71 124 125
71 125 4
71 7 126
71 126 127
71 127 128
71 128 129
71 129 130
71 130 131
71 131 14
72 20 21
72 21 108
72 108 109
72 109 110
72 110 111
72 111 112
72 112 113
72 113 93
72 88 20
72 144 88
72 93 140
73 20 19
73 29 27
73 27 33
73 33 31
73 31 36
73 19 96
73 96 97
73 97 29
73 88 20
73 144 88
73 36 141
74 18 19
74 22 23
74 41 39
74 39 45
74 45 43
74 43 48
74 19 50
74 50 51
74 51 52
74 52 53
74 53 54
74 54 55
74 55 22
74 23 100
74 100 101
74 101 41
74 92 102
74 102 103
74 103 104
74 104 105
74 105 106
74 106 107
74 107 18
74 145 92
74 48 142
75 0 1
75 11 3
75 4 8
75 3 62
75 62 63
75 63 64
75 64 65
75 65 66
75 66 67
75 67 0
75 1 120
75 120 121
75 121 122
75 122 123
75 123 124
75 124 125
75 125 4
76 9 5
76 0 13
76 18 21
76 13 34
76 34 35
76 35 32
76 32 30
76 30 28
76 28 26
76 26 94
76 94 95
76 95 18
76 21 89
76 5 114
76 114 115
76 115 116
76 116 117
76 117 118
76 118 119
76 119 0
76 89 139
77 18 21
77 92 102
77 102 103
77 103 104
77 104 105
77 105 106
77 106 107
77 107 18
77 21 89
77 145 92
77 89 139
79 18 19
79 22 23
79 41 39
79 39 45
79 45 43
79 43 48
79 19 50
79 50 51
79 51 52
79 52 53
79 53 54
79 54 55
79 55 22
79 23 100
79 100 101
79 101 41
79 92 102
79 102 103
79 103 104
79 104 105
79 105 106
79 106 107
79 107 18
79 145 92
79 48 142
80 4 8
80 12 1
80 37 12
80 1 120
80 120 121
80 121 122
80 122 123
80 123 124
80 124 125
80 125 4
80 146 37
82 20 21
82 24 25
82 25 56
82 56 57
82 57 58
82 58 59
82 59 60
82 60 61
82 61 20
82 21 89
82 90 24
82 143 90
82 89 139
83 22 25
83 46 47
83 47 44
83 44 42
83 42 40
83 40 38
83 38 98
83 98 99
83 99 22
83 25 91
83 91 138
83 147 46
84 18 21
84 92 102
84 102 103
84 103 104
84 104 105
84 105 106
84 106 107
84 107 18
84 21 89
84 145 92
84 89 139
86 12 13
86 14 17
86 13 34
86 34 35
86 17 74
86 74 75
86 75 76
86 76 77
86 77 78
86 78 79
86 79 12
86 7 126
86 126 127
86 127 128
86 128 129
86 129 130
86 130 131
86 131 14
86 35 141
90 18 19
90 29 27
90 27 33
90 33 31
90 31 36
90 19 96
90 96 97
90 97 29
90 92 102
90 102 103
90 103 104
90 104 105
90 105 106
90 106 107
90 107 18
90 145 92
90 36 141
93 20 21
93 24 25
93 25 56
93 56 57
93 57 58
93 58 59
93 59 60
93 60 61
93 61 20
93 21 89
93 90 24
93 143 90
93 89 139
96 16 15
96 49 16
96 15 132
96 132 133
96 133 134
96 134 135
96 135 136
96 136 137
96 137 6
96 147 49
99 22 25
99 46 47
99 47 44
99 44 42
99 42 40
99 40 38
99 38 98
99 98 99
99 99 22
99 25 91
99 91 138
99 147 46
100 20 19
100 22 25
100 19 50
100 50 51
100 51 52
100 52 53
100 53 54
100 54 55
100 55 22
100 88 20
100 25 91
100 144 88
100 91 138
;
;
set inFlight:=
0
2
8
13
14
15
18
;
param tini := 2.384169573650047;
