param nn:= 148;
set F:=
0
1
2
3
4
5
6
7
8
9
10
11
12
13
14
15
16
17
18
19
20
21
22
23
24
25
26
27
28
29
30
31
32
33
34
35
36
37
38
39
40
41
42
43
44
45
46
47
48
49
50
51
52
53
54
55
56
57
58
59
60
61
63
65
66
68
69
70
72
74
75
76
77
78
79
80
81
83
86
87
88
90
91
92
95
96
97
;
set AP:=
97
;
param: E: d:=
0 1 2.500000
2 10 1.500000
11 3 1.500000
4 8 1.500000
9 5 1.500000
12 13 2.500000
0 13 2.500000
12 1 2.500000
14 15 2.500000
16 17 2.500000
14 17 2.500000
16 15 2.500000
18 19 2.500000
20 21 2.500000
18 21 2.500000
20 19 2.500000
22 23 2.500000
24 25 2.500000
22 25 2.500000
24 23 2.500000
13 34 2.500000
34 35 2.500000
35 32 2.500000
32 30 2.500000
30 28 2.500000
28 26 2.500000
29 27 2.500000
27 33 2.500000
33 31 2.500000
31 36 2.500000
36 37 2.500000
37 12 2.500000
17 46 2.500000
46 47 2.500000
47 44 2.500000
44 42 2.500000
42 40 2.500000
40 38 2.500000
41 39 2.500000
39 45 2.500000
45 43 2.500000
43 48 2.500000
48 49 2.500000
49 16 2.500000
19 50 2.500000
50 51 2.500000
51 52 2.500000
52 53 2.500000
53 54 2.500000
54 55 2.500000
55 22 2.500000
25 56 2.500000
56 57 2.500000
57 58 2.500000
58 59 2.500000
59 60 2.500000
60 61 2.500000
61 20 2.500000
3 62 2.500000
62 63 2.500000
63 64 2.500000
64 65 2.500000
65 66 2.500000
66 67 2.500000
67 0 2.500000
1 68 2.500000
68 69 2.500000
69 70 2.500000
70 71 2.500000
71 72 2.500000
72 73 2.500000
73 14 2.500000
17 74 2.500000
74 75 2.500000
75 76 2.500000
76 77 2.500000
77 78 2.500000
78 79 2.500000
79 12 2.500000
13 80 2.500000
80 81 2.500000
81 82 2.500000
82 83 2.500000
83 84 2.500000
84 85 2.500000
85 2 2.500000
26 94 2.500000
94 95 2.500000
95 18 2.500000
19 96 2.500000
96 97 2.500000
97 29 2.500000
38 98 2.500000
98 99 2.500000
99 22 2.500000
23 100 2.500000
100 101 2.500000
101 41 2.500000
92 102 2.500000
102 103 2.500000
103 104 2.500000
104 105 2.500000
105 106 2.500000
106 107 2.500000
107 18 2.500000
21 108 2.500000
108 109 2.500000
109 110 2.500000
110 111 2.500000
111 112 2.500000
112 113 2.500000
113 93 2.500000
21 89 2.500000
88 20 2.500000
25 91 2.500000
90 24 2.500000
5 114 2.500000
114 115 2.500000
115 116 2.500000
116 117 2.500000
117 118 2.500000
118 119 2.500000
119 0 2.500000
1 120 2.500000
120 121 2.500000
121 122 2.500000
122 123 2.500000
123 124 2.500000
124 125 2.500000
125 4 2.500000
7 126 1.500000
126 127 2.500000
127 128 2.500000
128 129 2.500000
129 130 2.500000
130 131 2.500000
131 14 2.500000
15 132 2.500000
132 133 2.500000
133 134 2.500000
134 135 2.500000
135 136 2.500000
136 137 2.500000
137 6 1.500000
87 6 1.500000
7 86 1.500000
144 88 1.500000
143 90 1.500000
145 92 1.500000
93 140 1.500000
89 139 1.500000
91 138 1.500000
48 142 1.500000
47 142 1.500000
36 141 1.500000
35 141 1.500000
146 37 1.500000
146 34 1.500000
147 46 1.500000
147 49 1.500000
;
param s:=
0 147
1 11
2 147
3 9
4 143
5 11
6 145
7 145
8 146
9 145
10 147
11 145
12 144
13 145
14 147
15 11
16 144
17 147
18 146
19 145
20 9
21 146
22 146
23 147
24 144
25 11
26 9
27 145
28 11
29 145
30 145
31 145
32 11
33 11
34 7
35 147
36 147
37 145
38 146
39 143
40 146
41 9
42 11
43 145
44 7
45 9
46 143
47 143
48 146
49 9
50 9
51 7
52 143
53 145
54 143
55 144
56 147
57 143
58 144
59 11
60 11
61 143
63 145
65 7
66 143
68 9
69 144
70 146
72 11
74 143
75 9
76 143
77 7
78 11
79 11
80 145
81 147
83 146
86 145
87 144
88 11
90 146
91 146
92 147
95 144
96 9
97 147
;
param e:=
0 139
1 8
2 138
3 6
4 140
5 6
6 142
7 139
8 10
9 142
10 6
11 141
12 8
13 142
14 141
15 8
16 141
17 8
18 142
19 141
20 142
21 10
22 140
23 138
24 138
25 142
26 6
27 139
28 8
29 142
30 139
31 142
32 142
33 139
34 10
35 141
36 141
37 139
38 139
39 142
40 142
41 6
42 141
43 138
44 10
45 6
46 142
47 141
48 10
49 141
50 139
51 141
52 6
53 141
54 6
55 138
56 10
57 142
58 140
59 142
60 142
61 140
63 138
65 8
66 139
68 141
69 10
70 139
72 142
74 142
75 139
76 6
77 138
78 6
79 8
80 138
81 6
83 8
86 142
87 141
88 142
90 142
91 10
92 139
95 8
96 142
97 10
;
param v_min:=2.375
;
param v_max:=2.625
;
param :conflictsNodes: angle:=
0 1 13 1.000000
0 13 1 1.000000
0 1 67 1.000000
0 67 1 1.000000
0 1 119 1.000000
0 119 1 1.000000
0 13 67 1.000000
0 67 13 1.000000
0 13 119 1.000000
0 119 13 1.000000
0 67 119 1.000000
0 119 67 1.000000
1 0 68 1.000000
1 68 0 1.000000
1 0 120 1.000000
1 120 0 1.000000
1 0 12 1.000000
1 12 0 1.000000
1 68 120 1.000000
1 120 68 1.000000
1 12 68 1.000000
1 68 12 1.000000
1 12 120 1.000000
1 120 12 1.000000
12 13 37 1.000000
12 37 13 1.000000
12 13 79 1.000000
12 79 13 1.000000
12 1 13 1.000000
12 13 1 1.000000
12 1 37 1.000000
12 37 1 1.000000
12 1 79 1.000000
12 79 1 1.000000
12 37 79 1.000000
12 79 37 1.000000
13 0 12 1.000000
13 12 0 1.000000
13 0 34 1.000000
13 34 0 1.000000
13 0 80 1.000000
13 80 0 1.000000
13 12 34 1.000000
13 34 12 1.000000
13 12 80 1.000000
13 80 12 1.000000
13 34 80 1.000000
13 80 34 1.000000
14 15 17 1.000000
14 17 15 1.000000
14 15 73 1.000000
14 73 15 1.000000
14 15 131 1.000000
14 131 15 1.000000
14 17 73 1.000000
14 73 17 1.000000
14 17 131 1.000000
14 131 17 1.000000
14 73 131 1.000000
14 131 73 1.000000
15 14 132 1.000000
15 132 14 1.000000
15 14 16 1.000000
15 16 14 1.000000
15 16 132 1.000000
15 132 16 1.000000
16 17 49 1.000000
16 49 17 1.000000
16 15 17 1.000000
16 17 15 1.000000
16 15 49 1.000000
16 49 15 1.000000
17 14 16 1.000000
17 16 14 1.000000
17 14 46 1.000000
17 46 14 1.000000
17 14 74 1.000000
17 74 14 1.000000
17 16 46 1.000000
17 46 16 1.000000
17 16 74 1.000000
17 74 16 1.000000
17 46 74 1.000000
17 74 46 1.000000
18 19 21 1.000000
18 21 19 1.000000
18 19 95 1.000000
18 95 19 1.000000
18 19 107 1.000000
18 107 19 1.000000
18 21 95 1.000000
18 95 21 1.000000
18 21 107 1.000000
18 107 21 1.000000
18 95 107 1.000000
18 107 95 1.000000
19 18 50 1.000000
19 50 18 1.000000
19 18 96 1.000000
19 96 18 1.000000
19 18 20 1.000000
19 20 18 1.000000
19 50 96 1.000000
19 96 50 1.000000
19 20 50 1.000000
19 50 20 1.000000
19 20 96 1.000000
19 96 20 1.000000
20 21 61 1.000000
20 61 21 1.000000
20 21 88 1.000000
20 88 21 1.000000
20 19 21 1.000000
20 21 19 1.000000
20 19 61 1.000000
20 61 19 1.000000
20 19 88 1.000000
20 88 19 1.000000
20 61 88 1.000000
20 88 61 1.000000
21 18 20 1.000000
21 20 18 1.000000
21 18 108 1.000000
21 108 18 1.000000
21 18 89 1.000000
21 89 18 1.000000
21 20 108 1.000000
21 108 20 1.000000
21 20 89 1.000000
21 89 20 1.000000
21 89 108 1.000000
21 108 89 1.000000
22 23 25 1.000000
22 25 23 1.000000
22 23 55 1.000000
22 55 23 1.000000
22 23 99 1.000000
22 99 23 1.000000
22 25 55 1.000000
22 55 25 1.000000
22 25 99 1.000000
22 99 25 1.000000
22 55 99 1.000000
22 99 55 1.000000
23 22 100 1.000000
23 100 22 1.000000
23 22 24 1.000000
23 24 22 1.000000
23 24 100 1.000000
23 100 24 1.000000
24 25 90 1.000000
24 90 25 1.000000
24 23 25 1.000000
24 25 23 1.000000
24 23 90 1.000000
24 90 23 1.000000
25 22 24 1.000000
25 24 22 1.000000
25 22 56 1.000000
25 56 22 1.000000
25 22 91 1.000000
25 91 22 1.000000
25 24 56 1.000000
25 56 24 1.000000
25 24 91 1.000000
25 91 24 1.000000
25 56 91 1.000000
25 91 56 1.000000
26 28 94 1.000000
26 94 28 1.000000
27 29 33 1.000000
27 33 29 1.000000
28 26 30 1.000000
28 30 26 1.000000
29 27 97 1.000000
29 97 27 1.000000
30 28 32 1.000000
30 32 28 1.000000
31 33 36 1.000000
31 36 33 1.000000
32 30 35 1.000000
32 35 30 1.000000
33 27 31 1.000000
33 31 27 1.000000
34 13 35 1.000000
34 35 13 1.000000
35 32 34 1.000000
35 34 32 1.000000
36 31 37 1.000000
36 37 31 1.000000
37 12 36 1.000000
37 36 12 1.000000
38 40 98 1.000000
38 98 40 1.000000
39 41 45 1.000000
39 45 41 1.000000
40 38 42 1.000000
40 42 38 1.000000
41 39 101 1.000000
41 101 39 1.000000
42 40 44 1.000000
42 44 40 1.000000
43 45 48 1.000000
43 48 45 1.000000
44 42 47 1.000000
44 47 42 1.000000
45 39 43 1.000000
45 43 39 1.000000
46 17 47 1.000000
46 47 17 1.000000
47 44 46 1.000000
47 46 44 1.000000
48 43 49 1.000000
48 49 43 1.000000
49 16 48 1.000000
49 48 16 1.000000
50 19 51 1.000000
50 51 19 1.000000
51 50 52 1.000000
51 52 50 1.000000
52 51 53 1.000000
52 53 51 1.000000
53 52 54 1.000000
53 54 52 1.000000
54 53 55 1.000000
54 55 53 1.000000
55 22 54 1.000000
55 54 22 1.000000
56 25 57 1.000000
56 57 25 1.000000
57 56 58 1.000000
57 58 56 1.000000
58 57 59 1.000000
58 59 57 1.000000
59 58 60 1.000000
59 60 58 1.000000
60 59 61 1.000000
60 61 59 1.000000
61 20 60 1.000000
61 60 20 1.000000
62 3 63 1.000000
62 63 3 1.000000
63 62 64 1.000000
63 64 62 1.000000
64 63 65 1.000000
64 65 63 1.000000
65 64 66 1.000000
65 66 64 1.000000
66 65 67 1.000000
66 67 65 1.000000
67 0 66 1.000000
67 66 0 1.000000
68 1 69 1.000000
68 69 1 1.000000
69 68 70 1.000000
69 70 68 1.000000
70 69 71 1.000000
70 71 69 1.000000
71 70 72 1.000000
71 72 70 1.000000
72 71 73 1.000000
72 73 71 1.000000
73 14 72 1.000000
73 72 14 1.000000
74 17 75 1.000000
74 75 17 1.000000
75 74 76 1.000000
75 76 74 1.000000
76 75 77 1.000000
76 77 75 1.000000
77 76 78 1.000000
77 78 76 1.000000
78 77 79 1.000000
78 79 77 1.000000
79 12 78 1.000000
79 78 12 1.000000
80 13 81 1.000000
80 81 13 1.000000
81 80 82 1.000000
81 82 80 1.000000
82 81 83 1.000000
82 83 81 1.000000
83 82 84 1.000000
83 84 82 1.000000
84 83 85 1.000000
84 85 83 1.000000
85 2 84 1.000000
85 84 2 1.000000
94 26 95 1.000000
94 95 26 1.000000
95 18 94 1.000000
95 94 18 1.000000
96 19 97 1.000000
96 97 19 1.000000
97 29 96 1.000000
97 96 29 1.000000
98 38 99 1.000000
98 99 38 1.000000
99 22 98 1.000000
99 98 22 1.000000
100 23 101 1.000000
100 101 23 1.000000
101 41 100 1.000000
101 100 41 1.000000
102 92 103 1.000000
102 103 92 1.000000
103 102 104 1.000000
103 104 102 1.000000
104 103 105 1.000000
104 105 103 1.000000
105 104 106 1.000000
105 106 104 1.000000
106 105 107 1.000000
106 107 105 1.000000
107 18 106 1.000000
107 106 18 1.000000
108 21 109 1.000000
108 109 21 1.000000
109 108 110 1.000000
109 110 108 1.000000
110 109 111 1.000000
110 111 109 1.000000
111 110 112 1.000000
111 112 110 1.000000
112 111 113 1.000000
112 113 111 1.000000
113 93 112 1.000000
113 112 93 1.000000
114 5 115 1.000000
114 115 5 1.000000
115 114 116 1.000000
115 116 114 1.000000
116 115 117 1.000000
116 117 115 1.000000
117 116 118 1.000000
117 118 116 1.000000
118 117 119 1.000000
118 119 117 1.000000
119 0 118 1.000000
119 118 0 1.000000
120 1 121 1.000000
120 121 1 1.000000
121 120 122 1.000000
121 122 120 1.000000
122 121 123 1.000000
122 123 121 1.000000
123 122 124 1.000000
123 124 122 1.000000
124 123 125 1.000000
124 125 123 1.000000
125 4 124 1.000000
125 124 4 1.000000
127 126 128 1.000000
127 128 126 1.000000
128 127 129 1.000000
128 129 127 1.000000
129 128 130 1.000000
129 130 128 1.000000
130 129 131 1.000000
130 131 129 1.000000
131 14 130 1.000000
131 130 14 1.000000
132 15 133 1.000000
132 133 15 1.000000
133 132 134 1.000000
133 134 132 1.000000
134 133 135 1.000000
134 135 133 1.000000
135 134 136 1.000000
135 136 134 1.000000
136 135 137 1.000000
136 137 135 1.000000
;
param D:=0.5;
param t_hat_ear:=
0 147 4.0
0 46 5.0
0 47 6.0
0 44 7.0
0 42 8.0
0 40 9.0
0 38 10.0
0 98 11.0
0 99 12.0
0 22 13.0
0 25 14.0
0 56 15.0
0 57 16.0
0 58 17.0
0 59 18.0
0 60 19.0
0 61 20.0
0 20 21.0
0 21 22.0
0 89 23.0
0 139 24.0
1 11 4.0
1 3 5.0
1 62 6.0
1 63 7.0
1 64 8.0
1 65 9.0
1 66 10.0
1 67 11.0
1 0 12.0
1 1 13.0
1 120 14.0
1 121 15.0
1 122 16.0
1 123 17.0
1 124 18.0
1 125 19.0
1 4 20.0
1 8 21.0
2 147 6.0
2 46 7.0
2 47 8.0
2 44 9.0
2 42 10.0
2 40 11.0
2 38 12.0
2 98 13.0
2 99 14.0
2 22 15.0
2 25 16.0
2 91 17.0
2 138 18.0
3 9 6.0
3 5 7.0
3 114 8.0
3 115 9.0
3 116 10.0
3 117 11.0
3 118 12.0
3 119 13.0
3 0 14.0
3 1 15.0
3 68 16.0
3 69 17.0
3 70 18.0
3 71 19.0
3 72 20.0
3 73 21.0
3 14 22.0
3 15 23.0
3 132 24.0
3 133 25.0
3 134 26.0
3 135 27.0
3 136 28.0
3 137 29.0
3 6 30.0
4 143 8.0
4 90 9.0
4 24 10.0
4 25 11.0
4 56 12.0
4 57 13.0
4 58 14.0
4 59 15.0
4 60 16.0
4 61 17.0
4 20 18.0
4 21 19.0
4 108 20.0
4 109 21.0
4 110 22.0
4 111 23.0
4 112 24.0
4 113 25.0
4 93 26.0
4 140 27.0
5 11 2.0
5 3 3.0
5 62 4.0
5 63 5.0
5 64 6.0
5 65 7.0
5 66 8.0
5 67 9.0
5 0 10.0
5 1 11.0
5 68 12.0
5 69 13.0
5 70 14.0
5 71 15.0
5 72 16.0
5 73 17.0
5 14 18.0
5 15 19.0
5 132 20.0
5 133 21.0
5 134 22.0
5 135 23.0
5 136 24.0
5 137 25.0
5 6 26.0
6 145 4.0
6 92 5.0
6 102 6.0
6 103 7.0
6 104 8.0
6 105 9.0
6 106 10.0
6 107 11.0
6 18 12.0
6 19 13.0
6 50 14.0
6 51 15.0
6 52 16.0
6 53 17.0
6 54 18.0
6 55 19.0
6 22 20.0
6 23 21.0
6 100 22.0
6 101 23.0
6 41 24.0
6 39 25.0
6 45 26.0
6 43 27.0
6 48 28.0
6 142 29.0
7 145 8.0
7 92 9.0
7 102 10.0
7 103 11.0
7 104 12.0
7 105 13.0
7 106 14.0
7 107 15.0
7 18 16.0
7 21 17.0
7 89 18.0
7 139 19.0
8 146 0.0
8 37 1.0
8 12 2.0
8 13 3.0
8 80 4.0
8 81 5.0
8 82 6.0
8 83 7.0
8 84 8.0
8 85 9.0
8 2 10.0
8 10 11.0
9 145 6.0
9 92 7.0
9 102 8.0
9 103 9.0
9 104 10.0
9 105 11.0
9 106 12.0
9 107 13.0
9 18 14.0
9 19 15.0
9 50 16.0
9 51 17.0
9 52 18.0
9 53 19.0
9 54 20.0
9 55 21.0
9 22 22.0
9 23 23.0
9 100 24.0
9 101 25.0
9 41 26.0
9 39 27.0
9 45 28.0
9 43 29.0
9 48 30.0
9 142 31.0
10 147 2.0
10 49 3.0
10 16 4.0
10 15 5.0
10 132 6.0
10 133 7.0
10 134 8.0
10 135 9.0
10 136 10.0
10 137 11.0
10 6 12.0
11 145 10.0
11 92 11.0
11 102 12.0
11 103 13.0
11 104 14.0
11 105 15.0
11 106 16.0
11 107 17.0
11 18 18.0
11 19 19.0
11 96 20.0
11 97 21.0
11 29 22.0
11 27 23.0
11 33 24.0
11 31 25.0
11 36 26.0
11 141 27.0
12 144 4.0
12 88 5.0
12 20 6.0
12 19 7.0
12 96 8.0
12 97 9.0
12 29 10.0
12 27 11.0
12 33 12.0
12 31 13.0
12 36 14.0
12 37 15.0
12 12 16.0
12 1 17.0
12 120 18.0
12 121 19.0
12 122 20.0
12 123 21.0
12 124 22.0
12 125 23.0
12 4 24.0
12 8 25.0
13 145 2.0
13 92 3.0
13 102 4.0
13 103 5.0
13 104 6.0
13 105 7.0
13 106 8.0
13 107 9.0
13 18 10.0
13 19 11.0
13 50 12.0
13 51 13.0
13 52 14.0
13 53 15.0
13 54 16.0
13 55 17.0
13 22 18.0
13 23 19.0
13 100 20.0
13 101 21.0
13 41 22.0
13 39 23.0
13 45 24.0
13 43 25.0
13 48 26.0
13 142 27.0
14 147 0.0
14 49 1.0
14 16 2.0
14 17 3.0
14 74 4.0
14 75 5.0
14 76 6.0
14 77 7.0
14 78 8.0
14 79 9.0
14 12 10.0
14 13 11.0
14 34 12.0
14 35 13.0
14 141 14.0
15 11 0.0
15 3 1.0
15 62 2.0
15 63 3.0
15 64 4.0
15 65 5.0
15 66 6.0
15 67 7.0
15 0 8.0
15 1 9.0
15 120 10.0
15 121 11.0
15 122 12.0
15 123 13.0
15 124 14.0
15 125 15.0
15 4 16.0
15 8 17.0
16 144 0.0
16 88 1.0
16 20 2.0
16 19 3.0
16 96 4.0
16 97 5.0
16 29 6.0
16 27 7.0
16 33 8.0
16 31 9.0
16 36 10.0
16 141 11.0
17 147 8.0
17 49 9.0
17 16 10.0
17 17 11.0
17 74 12.0
17 75 13.0
17 76 14.0
17 77 15.0
17 78 16.0
17 79 17.0
17 12 18.0
17 1 19.0
17 120 20.0
17 121 21.0
17 122 22.0
17 123 23.0
17 124 24.0
17 125 25.0
17 4 26.0
17 8 27.0
18 146 2.0
18 37 3.0
18 12 4.0
18 1 5.0
18 68 6.0
18 69 7.0
18 70 8.0
18 71 9.0
18 72 10.0
18 73 11.0
18 14 12.0
18 17 13.0
18 46 14.0
18 47 15.0
18 142 16.0
19 145 0.0
19 92 1.0
19 102 2.0
19 103 3.0
19 104 4.0
19 105 5.0
19 106 6.0
19 107 7.0
19 18 8.0
19 19 9.0
19 96 10.0
19 97 11.0
19 29 12.0
19 27 13.0
19 33 14.0
19 31 15.0
19 36 16.0
19 141 17.0
20 9 15.0
20 5 16.0
20 114 17.0
20 115 18.0
20 116 19.0
20 117 20.0
20 118 21.0
20 119 22.0
20 0 23.0
20 1 24.0
20 68 25.0
20 69 26.0
20 70 27.0
20 71 28.0
20 72 29.0
20 73 30.0
20 14 31.0
20 17 32.0
20 46 33.0
20 47 34.0
20 142 35.0
21 146 10.0
21 37 11.0
21 12 12.0
21 13 13.0
21 80 14.0
21 81 15.0
21 82 16.0
21 83 17.0
21 84 18.0
21 85 19.0
21 2 20.0
21 10 21.0
22 146 14.0
22 34 15.0
22 35 16.0
22 32 17.0
22 30 18.0
22 28 19.0
22 26 20.0
22 94 21.0
22 95 22.0
22 18 23.0
22 21 24.0
22 108 25.0
22 109 26.0
22 110 27.0
22 111 28.0
22 112 29.0
22 113 30.0
22 93 31.0
22 140 32.0
23 147 17.0
23 46 18.0
23 47 19.0
23 44 20.0
23 42 21.0
23 40 22.0
23 38 23.0
23 98 24.0
23 99 25.0
23 22 26.0
23 25 27.0
23 91 28.0
23 138 29.0
24 144 14.0
24 88 15.0
24 20 16.0
24 19 17.0
24 50 18.0
24 51 19.0
24 52 20.0
24 53 21.0
24 54 22.0
24 55 23.0
24 22 24.0
24 25 25.0
24 91 26.0
24 138 27.0
25 11 13.0
25 3 14.0
25 62 15.0
25 63 16.0
25 64 17.0
25 65 18.0
25 66 19.0
25 67 20.0
25 0 21.0
25 1 22.0
25 68 23.0
25 69 24.0
25 70 25.0
25 71 26.0
25 72 27.0
25 73 28.0
25 14 29.0
25 17 30.0
25 46 31.0
25 47 32.0
25 142 33.0
26 9 27.0
26 5 28.0
26 114 29.0
26 115 30.0
26 116 31.0
26 117 32.0
26 118 33.0
26 119 34.0
26 0 35.0
26 1 36.0
26 68 37.0
26 69 38.0
26 70 39.0
26 71 40.0
26 72 41.0
26 73 42.0
26 14 43.0
26 15 44.0
26 132 45.0
26 133 46.0
26 134 47.0
26 135 48.0
26 136 49.0
26 137 50.0
26 6 51.0
27 145 29.0
27 92 30.0
27 102 31.0
27 103 32.0
27 104 33.0
27 105 34.0
27 106 35.0
27 107 36.0
27 18 37.0
27 21 38.0
27 89 39.0
27 139 40.0
28 11 17.0
28 3 18.0
28 62 19.0
28 63 20.0
28 64 21.0
28 65 22.0
28 66 23.0
28 67 24.0
28 0 25.0
28 1 26.0
28 120 27.0
28 121 28.0
28 122 29.0
28 123 30.0
28 124 31.0
28 125 32.0
28 4 33.0
28 8 34.0
29 145 23.0
29 92 24.0
29 102 25.0
29 103 26.0
29 104 27.0
29 105 28.0
29 106 29.0
29 107 30.0
29 18 31.0
29 19 32.0
29 50 33.0
29 51 34.0
29 52 35.0
29 53 36.0
29 54 37.0
29 55 38.0
29 22 39.0
29 23 40.0
29 100 41.0
29 101 42.0
29 41 43.0
29 39 44.0
29 45 45.0
29 43 46.0
29 48 47.0
29 142 48.0
30 145 19.0
30 92 20.0
30 102 21.0
30 103 22.0
30 104 23.0
30 105 24.0
30 106 25.0
30 107 26.0
30 18 27.0
30 21 28.0
30 89 29.0
30 139 30.0
31 145 12.0
31 92 13.0
31 102 14.0
31 103 15.0
31 104 16.0
31 105 17.0
31 106 18.0
31 107 19.0
31 18 20.0
31 19 21.0
31 50 22.0
31 51 23.0
31 52 24.0
31 53 25.0
31 54 26.0
31 55 27.0
31 22 28.0
31 23 29.0
31 100 30.0
31 101 31.0
31 41 32.0
31 39 33.0
31 45 34.0
31 43 35.0
31 48 36.0
31 142 37.0
32 11 19.0
32 3 20.0
32 62 21.0
32 63 22.0
32 64 23.0
32 65 24.0
32 66 25.0
32 67 26.0
32 0 27.0
32 1 28.0
32 68 29.0
32 69 30.0
32 70 31.0
32 71 32.0
32 72 33.0
32 73 34.0
32 14 35.0
32 17 36.0
32 46 37.0
32 47 38.0
32 142 39.0
33 11 11.0
33 3 12.0
33 62 13.0
33 63 14.0
33 64 15.0
33 65 16.0
33 66 17.0
33 67 18.0
33 0 19.0
33 13 20.0
33 34 21.0
33 35 22.0
33 32 23.0
33 30 24.0
33 28 25.0
33 26 26.0
33 94 27.0
33 95 28.0
33 18 29.0
33 21 30.0
33 89 31.0
33 139 32.0
34 7 17.0
34 126 18.0
34 127 19.0
34 128 20.0
34 129 21.0
34 130 22.0
34 131 23.0
34 14 24.0
34 17 25.0
34 74 26.0
34 75 27.0
34 76 28.0
34 77 29.0
34 78 30.0
34 79 31.0
34 12 32.0
34 13 33.0
34 80 34.0
34 81 35.0
34 82 36.0
34 83 37.0
34 84 38.0
34 85 39.0
34 2 40.0
34 10 41.0
35 147 15.0
35 49 16.0
35 16 17.0
35 17 18.0
35 74 19.0
35 75 20.0
35 76 21.0
35 77 22.0
35 78 23.0
35 79 24.0
35 12 25.0
35 13 26.0
35 34 27.0
35 35 28.0
35 141 29.0
36 147 19.0
36 49 20.0
36 16 21.0
36 17 22.0
36 74 23.0
36 75 24.0
36 76 25.0
36 77 26.0
36 78 27.0
36 79 28.0
36 12 29.0
36 13 30.0
36 34 31.0
36 35 32.0
36 141 33.0
37 145 17.0
37 92 18.0
37 102 19.0
37 103 20.0
37 104 21.0
37 105 22.0
37 106 23.0
37 107 24.0
37 18 25.0
37 21 26.0
37 89 27.0
37 139 28.0
38 146 24.0
38 34 25.0
38 35 26.0
38 32 27.0
38 30 28.0
38 28 29.0
38 26 30.0
38 94 31.0
38 95 32.0
38 18 33.0
38 21 34.0
38 89 35.0
38 139 36.0
39 143 14.0
39 90 15.0
39 24 16.0
39 23 17.0
39 100 18.0
39 101 19.0
39 41 20.0
39 39 21.0
39 45 22.0
39 43 23.0
39 48 24.0
39 142 25.0
40 146 37.0
40 37 38.0
40 12 39.0
40 1 40.0
40 68 41.0
40 69 42.0
40 70 43.0
40 71 44.0
40 72 45.0
40 73 46.0
40 14 47.0
40 17 48.0
40 46 49.0
40 47 50.0
40 142 51.0
41 9 21.0
41 5 22.0
41 114 23.0
41 115 24.0
41 116 25.0
41 117 26.0
41 118 27.0
41 119 28.0
41 0 29.0
41 1 30.0
41 68 31.0
41 69 32.0
41 70 33.0
41 71 34.0
41 72 35.0
41 73 36.0
41 14 37.0
41 15 38.0
41 132 39.0
41 133 40.0
41 134 41.0
41 135 42.0
41 136 43.0
41 137 44.0
41 6 45.0
42 11 37.0
42 3 38.0
42 62 39.0
42 63 40.0
42 64 41.0
42 65 42.0
42 66 43.0
42 67 44.0
42 0 45.0
42 13 46.0
42 34 47.0
42 35 48.0
42 141 49.0
43 145 31.0
43 92 32.0
43 102 33.0
43 103 34.0
43 104 35.0
43 105 36.0
43 106 37.0
43 107 38.0
43 18 39.0
43 19 40.0
43 50 41.0
43 51 42.0
43 52 43.0
43 53 44.0
43 54 45.0
43 55 46.0
43 22 47.0
43 25 48.0
43 91 49.0
43 138 50.0
44 7 26.0
44 126 27.0
44 127 28.0
44 128 29.0
44 129 30.0
44 130 31.0
44 131 32.0
44 14 33.0
44 17 34.0
44 74 35.0
44 75 36.0
44 76 37.0
44 77 38.0
44 78 39.0
44 79 40.0
44 12 41.0
44 13 42.0
44 80 43.0
44 81 44.0
44 82 45.0
44 83 46.0
44 84 47.0
44 85 48.0
44 2 49.0
44 10 50.0
45 9 23.0
45 5 24.0
45 114 25.0
45 115 26.0
45 116 27.0
45 117 28.0
45 118 29.0
45 119 30.0
45 0 31.0
45 1 32.0
45 68 33.0
45 69 34.0
45 70 35.0
45 71 36.0
45 72 37.0
45 73 38.0
45 14 39.0
45 15 40.0
45 132 41.0
45 133 42.0
45 134 43.0
45 135 44.0
45 136 45.0
45 137 46.0
45 6 47.0
46 143 31.0
46 90 32.0
46 24 33.0
46 23 34.0
46 100 35.0
46 101 36.0
46 41 37.0
46 39 38.0
46 45 39.0
46 43 40.0
46 48 41.0
46 142 42.0
47 143 27.0
47 90 28.0
47 24 29.0
47 25 30.0
47 56 31.0
47 57 32.0
47 58 33.0
47 59 34.0
47 60 35.0
47 61 36.0
47 20 37.0
47 19 38.0
47 96 39.0
47 97 40.0
47 29 41.0
47 27 42.0
47 33 43.0
47 31 44.0
47 36 45.0
47 141 46.0
48 146 20.0
48 37 21.0
48 12 22.0
48 13 23.0
48 80 24.0
48 81 25.0
48 82 26.0
48 83 27.0
48 84 28.0
48 85 29.0
48 2 30.0
48 10 31.0
49 9 29.0
49 5 30.0
49 114 31.0
49 115 32.0
49 116 33.0
49 117 34.0
49 118 35.0
49 119 36.0
49 0 37.0
49 13 38.0
49 34 39.0
49 35 40.0
49 141 41.0
50 9 35.0
50 5 36.0
50 114 37.0
50 115 38.0
50 116 39.0
50 117 40.0
50 118 41.0
50 119 42.0
50 0 43.0
50 13 44.0
50 34 45.0
50 35 46.0
50 32 47.0
50 30 48.0
50 28 49.0
50 26 50.0
50 94 51.0
50 95 52.0
50 18 53.0
50 21 54.0
50 89 55.0
50 139 56.0
51 7 38.0
51 126 39.0
51 127 40.0
51 128 41.0
51 129 42.0
51 130 43.0
51 131 44.0
51 14 45.0
51 17 46.0
51 74 47.0
51 75 48.0
51 76 49.0
51 77 50.0
51 78 51.0
51 79 52.0
51 12 53.0
51 13 54.0
51 34 55.0
51 35 56.0
51 141 57.0
52 143 22.0
52 90 23.0
52 24 24.0
52 23 25.0
52 100 26.0
52 101 27.0
52 41 28.0
52 39 29.0
52 45 30.0
52 43 31.0
52 48 32.0
52 49 33.0
52 16 34.0
52 15 35.0
52 132 36.0
52 133 37.0
52 134 38.0
52 135 39.0
52 136 40.0
52 137 41.0
52 6 42.0
53 145 27.0
53 92 28.0
53 102 29.0
53 103 30.0
53 104 31.0
53 105 32.0
53 106 33.0
53 107 34.0
53 18 35.0
53 19 36.0
53 96 37.0
53 97 38.0
53 29 39.0
53 27 40.0
53 33 41.0
53 31 42.0
53 36 43.0
53 141 44.0
54 143 29.0
54 90 30.0
54 24 31.0
54 23 32.0
54 100 33.0
54 101 34.0
54 41 35.0
54 39 36.0
54 45 37.0
54 43 38.0
54 48 39.0
54 49 40.0
54 16 41.0
54 15 42.0
54 132 43.0
54 133 44.0
54 134 45.0
54 135 46.0
54 136 47.0
54 137 48.0
54 6 49.0
55 144 22.0
55 88 23.0
55 20 24.0
55 19 25.0
55 50 26.0
55 51 27.0
55 52 28.0
55 53 29.0
55 54 30.0
55 55 31.0
55 22 32.0
55 25 33.0
55 91 34.0
55 138 35.0
56 147 24.0
56 49 25.0
56 16 26.0
56 17 27.0
56 74 28.0
56 75 29.0
56 76 30.0
56 77 31.0
56 78 32.0
56 79 33.0
56 12 34.0
56 13 35.0
56 80 36.0
56 81 37.0
56 82 38.0
56 83 39.0
56 84 40.0
56 85 41.0
56 2 42.0
56 10 43.0
57 143 46.0
57 90 47.0
57 24 48.0
57 23 49.0
57 100 50.0
57 101 51.0
57 41 52.0
57 39 53.0
57 45 54.0
57 43 55.0
57 48 56.0
57 142 57.0
58 144 29.0
58 88 30.0
58 20 31.0
58 21 32.0
58 108 33.0
58 109 34.0
58 110 35.0
58 111 36.0
58 112 37.0
58 113 38.0
58 93 39.0
58 140 40.0
59 11 25.0
59 3 26.0
59 62 27.0
59 63 28.0
59 64 29.0
59 65 30.0
59 66 31.0
59 67 32.0
59 0 33.0
59 1 34.0
59 68 35.0
59 69 36.0
59 70 37.0
59 71 38.0
59 72 39.0
59 73 40.0
59 14 41.0
59 17 42.0
59 46 43.0
59 47 44.0
59 142 45.0
60 11 33.0
60 3 34.0
60 62 35.0
60 63 36.0
60 64 37.0
60 65 38.0
60 66 39.0
60 67 40.0
60 0 41.0
60 1 42.0
60 68 43.0
60 69 44.0
60 70 45.0
60 71 46.0
60 72 47.0
60 73 48.0
60 14 49.0
60 17 50.0
60 46 51.0
60 47 52.0
60 142 53.0
61 143 37.0
61 90 38.0
61 24 39.0
61 25 40.0
61 56 41.0
61 57 42.0
61 58 43.0
61 59 44.0
61 60 45.0
61 61 46.0
61 20 47.0
61 21 48.0
61 108 49.0
61 109 50.0
61 110 51.0
61 111 52.0
61 112 53.0
61 113 54.0
61 93 55.0
61 140 56.0
63 145 35.0
63 92 36.0
63 102 37.0
63 103 38.0
63 104 39.0
63 105 40.0
63 106 41.0
63 107 42.0
63 18 43.0
63 19 44.0
63 50 45.0
63 51 46.0
63 52 47.0
63 53 48.0
63 54 49.0
63 55 50.0
63 22 51.0
63 25 52.0
63 91 53.0
63 138 54.0
65 7 46.0
65 126 47.0
65 127 48.0
65 128 49.0
65 129 50.0
65 130 51.0
65 131 52.0
65 14 53.0
65 17 54.0
65 74 55.0
65 75 56.0
65 76 57.0
65 77 58.0
65 78 59.0
65 79 60.0
65 12 61.0
65 1 62.0
65 120 63.0
65 121 64.0
65 122 65.0
65 123 66.0
65 124 67.0
65 125 68.0
65 4 69.0
65 8 70.0
66 143 35.0
66 90 36.0
66 24 37.0
66 25 38.0
66 56 39.0
66 57 40.0
66 58 41.0
66 59 42.0
66 60 43.0
66 61 44.0
66 20 45.0
66 21 46.0
66 89 47.0
66 139 48.0
68 9 41.0
68 5 42.0
68 114 43.0
68 115 44.0
68 116 45.0
68 117 46.0
68 118 47.0
68 119 48.0
68 0 49.0
68 13 50.0
68 34 51.0
68 35 52.0
68 141 53.0
69 144 39.0
69 88 40.0
69 20 41.0
69 19 42.0
69 96 43.0
69 97 44.0
69 29 45.0
69 27 46.0
69 33 47.0
69 31 48.0
69 36 49.0
69 37 50.0
69 12 51.0
69 13 52.0
69 80 53.0
69 81 54.0
69 82 55.0
69 83 56.0
69 84 57.0
69 85 58.0
69 2 59.0
69 10 60.0
70 146 32.0
70 34 33.0
70 35 34.0
70 32 35.0
70 30 36.0
70 28 37.0
70 26 38.0
70 94 39.0
70 95 40.0
70 18 41.0
70 21 42.0
70 89 43.0
70 139 44.0
72 11 39.0
72 3 40.0
72 62 41.0
72 63 42.0
72 64 43.0
72 65 44.0
72 66 45.0
72 67 46.0
72 0 47.0
72 1 48.0
72 68 49.0
72 69 50.0
72 70 51.0
72 71 52.0
72 72 53.0
72 73 54.0
72 14 55.0
72 17 56.0
72 46 57.0
72 47 58.0
72 142 59.0
74 143 44.0
74 90 45.0
74 24 46.0
74 23 47.0
74 100 48.0
74 101 49.0
74 41 50.0
74 39 51.0
74 45 52.0
74 43 53.0
74 48 54.0
74 142 55.0
75 9 31.0
75 5 32.0
75 114 33.0
75 115 34.0
75 116 35.0
75 117 36.0
75 118 37.0
75 119 38.0
75 0 39.0
75 13 40.0
75 34 41.0
75 35 42.0
75 32 43.0
75 30 44.0
75 28 45.0
75 26 46.0
75 94 47.0
75 95 48.0
75 18 49.0
75 21 50.0
75 89 51.0
75 139 52.0
76 143 39.0
76 90 40.0
76 24 41.0
76 23 42.0
76 100 43.0
76 101 44.0
76 41 45.0
76 39 46.0
76 45 47.0
76 43 48.0
76 48 49.0
76 49 50.0
76 16 51.0
76 15 52.0
76 132 53.0
76 133 54.0
76 134 55.0
76 135 56.0
76 136 57.0
76 137 58.0
76 6 59.0
77 7 44.0
77 126 45.0
77 127 46.0
77 128 47.0
77 129 48.0
77 130 49.0
77 131 50.0
77 14 51.0
77 17 52.0
77 46 53.0
77 47 54.0
77 44 55.0
77 42 56.0
77 40 57.0
77 38 58.0
77 98 59.0
77 99 60.0
77 22 61.0
77 25 62.0
77 91 63.0
77 138 64.0
78 11 45.0
78 3 46.0
78 62 47.0
78 63 48.0
78 64 49.0
78 65 50.0
78 66 51.0
78 67 52.0
78 0 53.0
78 1 54.0
78 68 55.0
78 69 56.0
78 70 57.0
78 71 58.0
78 72 59.0
78 73 60.0
78 14 61.0
78 15 62.0
78 132 63.0
78 133 64.0
78 134 65.0
78 135 66.0
78 136 67.0
78 137 68.0
78 6 69.0
79 11 47.0
79 3 48.0
79 62 49.0
79 63 50.0
79 64 51.0
79 65 52.0
79 66 53.0
79 67 54.0
79 0 55.0
79 1 56.0
79 120 57.0
79 121 58.0
79 122 59.0
79 123 60.0
79 124 61.0
79 125 62.0
79 4 63.0
79 8 64.0
80 145 49.0
80 92 50.0
80 102 51.0
80 103 52.0
80 104 53.0
80 105 54.0
80 106 55.0
80 107 56.0
80 18 57.0
80 19 58.0
80 50 59.0
80 51 60.0
80 52 61.0
80 53 62.0
80 54 63.0
80 55 64.0
80 22 65.0
80 25 66.0
80 91 67.0
80 138 68.0
81 147 43.0
81 49 44.0
81 16 45.0
81 15 46.0
81 132 47.0
81 133 48.0
81 134 49.0
81 135 50.0
81 136 51.0
81 137 52.0
81 6 53.0
83 146 41.0
83 37 42.0
83 12 43.0
83 1 44.0
83 120 45.0
83 121 46.0
83 122 47.0
83 123 48.0
83 124 49.0
83 125 50.0
83 4 51.0
83 8 52.0
86 145 47.0
86 92 48.0
86 102 49.0
86 103 50.0
86 104 51.0
86 105 52.0
86 106 53.0
86 107 54.0
86 18 55.0
86 19 56.0
86 50 57.0
86 51 58.0
86 52 59.0
86 53 60.0
86 54 61.0
86 55 62.0
86 22 63.0
86 23 64.0
86 100 65.0
86 101 66.0
86 41 67.0
86 39 68.0
86 45 69.0
86 43 70.0
86 48 71.0
86 142 72.0
87 144 49.0
87 88 50.0
87 20 51.0
87 19 52.0
87 96 53.0
87 97 54.0
87 29 55.0
87 27 56.0
87 33 57.0
87 31 58.0
87 36 59.0
87 141 60.0
88 11 49.0
88 3 50.0
88 62 51.0
88 63 52.0
88 64 53.0
88 65 54.0
88 66 55.0
88 67 56.0
88 0 57.0
88 1 58.0
88 68 59.0
88 69 60.0
88 70 61.0
88 71 62.0
88 72 63.0
88 73 64.0
88 14 65.0
88 17 66.0
88 46 67.0
88 47 68.0
88 142 69.0
90 146 47.0
90 37 48.0
90 12 49.0
90 1 50.0
90 68 51.0
90 69 52.0
90 70 53.0
90 71 54.0
90 72 55.0
90 73 56.0
90 14 57.0
90 17 58.0
90 46 59.0
90 47 60.0
90 142 61.0
91 146 45.0
91 37 46.0
91 12 47.0
91 13 48.0
91 80 49.0
91 81 50.0
91 82 51.0
91 83 52.0
91 84 53.0
91 85 54.0
91 2 55.0
91 10 56.0
92 147 40.0
92 46 41.0
92 47 42.0
92 44 43.0
92 42 44.0
92 40 45.0
92 38 46.0
92 98 47.0
92 99 48.0
92 22 49.0
92 25 50.0
92 56 51.0
92 57 52.0
92 58 53.0
92 59 54.0
92 60 55.0
92 61 56.0
92 20 57.0
92 21 58.0
92 89 59.0
92 139 60.0
95 144 47.0
95 88 48.0
95 20 49.0
95 19 50.0
95 96 51.0
95 97 52.0
95 29 53.0
95 27 54.0
95 33 55.0
95 31 56.0
95 36 57.0
95 37 58.0
95 12 59.0
95 1 60.0
95 120 61.0
95 121 62.0
95 122 63.0
95 123 64.0
95 124 65.0
95 125 66.0
95 4 67.0
95 8 68.0
96 9 43.0
96 5 44.0
96 114 45.0
96 115 46.0
96 116 47.0
96 117 48.0
96 118 49.0
96 119 50.0
96 0 51.0
96 1 52.0
96 68 53.0
96 69 54.0
96 70 55.0
96 71 56.0
96 72 57.0
96 73 58.0
96 14 59.0
96 17 60.0
96 46 61.0
96 47 62.0
96 142 63.0
97 147 8
97 49 9.0
97 16 10.0
97 17 11.0
97 74 12.0
97 75 13.0
97 76 14.0
97 77 15.0
97 78 16.0
97 79 17.0
97 12 18.0
97 13 19.0
97 80 20.0
97 81 21.0
97 82 22.0
97 83 23.0
97 84 24.0
97 85 25.0
97 2 26.0
97 10 27.0
;
param t_hat_lat:=
0 147 5.0
0 46 6.0
0 47 7.0
0 44 8.0
0 42 9.0
0 40 10.0
0 38 11.0
0 98 12.0
0 99 13.0
0 22 14.0
0 25 15.0
0 56 16.0
0 57 17.0
0 58 18.0
0 59 19.0
0 60 20.0
0 61 21.0
0 20 22.0
0 21 23.0
0 89 24.0
0 139 25.0
1 11 5.0
1 3 6.0
1 62 7.0
1 63 8.0
1 64 9.0
1 65 10.0
1 66 11.0
1 67 12.0
1 0 13.0
1 1 14.0
1 120 15.0
1 121 16.0
1 122 17.0
1 123 18.0
1 124 19.0
1 125 20.0
1 4 21.0
1 8 22.0
2 147 7.0
2 46 8.0
2 47 9.0
2 44 10.0
2 42 11.0
2 40 12.0
2 38 13.0
2 98 14.0
2 99 15.0
2 22 16.0
2 25 17.0
2 91 18.0
2 138 19.0
3 9 7.0
3 5 8.0
3 114 9.0
3 115 10.0
3 116 11.0
3 117 12.0
3 118 13.0
3 119 14.0
3 0 15.0
3 1 16.0
3 68 17.0
3 69 18.0
3 70 19.0
3 71 20.0
3 72 21.0
3 73 22.0
3 14 23.0
3 15 24.0
3 132 25.0
3 133 26.0
3 134 27.0
3 135 28.0
3 136 29.0
3 137 30.0
3 6 31.0
4 143 9.0
4 90 10.0
4 24 11.0
4 25 12.0
4 56 13.0
4 57 14.0
4 58 15.0
4 59 16.0
4 60 17.0
4 61 18.0
4 20 19.0
4 21 20.0
4 108 21.0
4 109 22.0
4 110 23.0
4 111 24.0
4 112 25.0
4 113 26.0
4 93 27.0
4 140 28.0
5 11 3.0
5 3 4.0
5 62 5.0
5 63 6.0
5 64 7.0
5 65 8.0
5 66 9.0
5 67 10.0
5 0 11.0
5 1 12.0
5 68 13.0
5 69 14.0
5 70 15.0
5 71 16.0
5 72 17.0
5 73 18.0
5 14 19.0
5 15 20.0
5 132 21.0
5 133 22.0
5 134 23.0
5 135 24.0
5 136 25.0
5 137 26.0
5 6 27.0
6 145 5.0
6 92 6.0
6 102 7.0
6 103 8.0
6 104 9.0
6 105 10.0
6 106 11.0
6 107 12.0
6 18 13.0
6 19 14.0
6 50 15.0
6 51 16.0
6 52 17.0
6 53 18.0
6 54 19.0
6 55 20.0
6 22 21.0
6 23 22.0
6 100 23.0
6 101 24.0
6 41 25.0
6 39 26.0
6 45 27.0
6 43 28.0
6 48 29.0
6 142 30.0
7 145 9.0
7 92 10.0
7 102 11.0
7 103 12.0
7 104 13.0
7 105 14.0
7 106 15.0
7 107 16.0
7 18 17.0
7 21 18.0
7 89 19.0
7 139 20.0
8 146 1.0
8 37 2.0
8 12 3.0
8 13 4.0
8 80 5.0
8 81 6.0
8 82 7.0
8 83 8.0
8 84 9.0
8 85 10.0
8 2 11.0
8 10 12.0
9 145 7.0
9 92 8.0
9 102 9.0
9 103 10.0
9 104 11.0
9 105 12.0
9 106 13.0
9 107 14.0
9 18 15.0
9 19 16.0
9 50 17.0
9 51 18.0
9 52 19.0
9 53 20.0
9 54 21.0
9 55 22.0
9 22 23.0
9 23 24.0
9 100 25.0
9 101 26.0
9 41 27.0
9 39 28.0
9 45 29.0
9 43 30.0
9 48 31.0
9 142 32.0
10 147 3.0
10 49 4.0
10 16 5.0
10 15 6.0
10 132 7.0
10 133 8.0
10 134 9.0
10 135 10.0
10 136 11.0
10 137 12.0
10 6 13.0
11 145 11.0
11 92 12.0
11 102 13.0
11 103 14.0
11 104 15.0
11 105 16.0
11 106 17.0
11 107 18.0
11 18 19.0
11 19 20.0
11 96 21.0
11 97 22.0
11 29 23.0
11 27 24.0
11 33 25.0
11 31 26.0
11 36 27.0
11 141 28.0
12 144 5.0
12 88 6.0
12 20 7.0
12 19 8.0
12 96 9.0
12 97 10.0
12 29 11.0
12 27 12.0
12 33 13.0
12 31 14.0
12 36 15.0
12 37 16.0
12 12 17.0
12 1 18.0
12 120 19.0
12 121 20.0
12 122 21.0
12 123 22.0
12 124 23.0
12 125 24.0
12 4 25.0
12 8 26.0
13 145 3.0
13 92 4.0
13 102 5.0
13 103 6.0
13 104 7.0
13 105 8.0
13 106 9.0
13 107 10.0
13 18 11.0
13 19 12.0
13 50 13.0
13 51 14.0
13 52 15.0
13 53 16.0
13 54 17.0
13 55 18.0
13 22 19.0
13 23 20.0
13 100 21.0
13 101 22.0
13 41 23.0
13 39 24.0
13 45 25.0
13 43 26.0
13 48 27.0
13 142 28.0
14 147 1.0
14 49 2.0
14 16 3.0
14 17 4.0
14 74 5.0
14 75 6.0
14 76 7.0
14 77 8.0
14 78 9.0
14 79 10.0
14 12 11.0
14 13 12.0
14 34 13.0
14 35 14.0
14 141 15.0
15 11 1.0
15 3 2.0
15 62 3.0
15 63 4.0
15 64 5.0
15 65 6.0
15 66 7.0
15 67 8.0
15 0 9.0
15 1 10.0
15 120 11.0
15 121 12.0
15 122 13.0
15 123 14.0
15 124 15.0
15 125 16.0
15 4 17.0
15 8 18.0
16 144 1.0
16 88 2.0
16 20 3.0
16 19 4.0
16 96 5.0
16 97 6.0
16 29 7.0
16 27 8.0
16 33 9.0
16 31 10.0
16 36 11.0
16 141 12.0
17 147 9.0
17 49 10.0
17 16 11.0
17 17 12.0
17 74 13.0
17 75 14.0
17 76 15.0
17 77 16.0
17 78 17.0
17 79 18.0
17 12 19.0
17 1 20.0
17 120 21.0
17 121 22.0
17 122 23.0
17 123 24.0
17 124 25.0
17 125 26.0
17 4 27.0
17 8 28.0
18 146 3.0
18 37 4.0
18 12 5.0
18 1 6.0
18 68 7.0
18 69 8.0
18 70 9.0
18 71 10.0
18 72 11.0
18 73 12.0
18 14 13.0
18 17 14.0
18 46 15.0
18 47 16.0
18 142 17.0
19 145 1.0
19 92 2.0
19 102 3.0
19 103 4.0
19 104 5.0
19 105 6.0
19 106 7.0
19 107 8.0
19 18 9.0
19 19 10.0
19 96 11.0
19 97 12.0
19 29 13.0
19 27 14.0
19 33 15.0
19 31 16.0
19 36 17.0
19 141 18.0
20 9 16.0
20 5 17.0
20 114 18.0
20 115 19.0
20 116 20.0
20 117 21.0
20 118 22.0
20 119 23.0
20 0 24.0
20 1 25.0
20 68 26.0
20 69 27.0
20 70 28.0
20 71 29.0
20 72 30.0
20 73 31.0
20 14 32.0
20 17 33.0
20 46 34.0
20 47 35.0
20 142 36.0
21 146 11.0
21 37 12.0
21 12 13.0
21 13 14.0
21 80 15.0
21 81 16.0
21 82 17.0
21 83 18.0
21 84 19.0
21 85 20.0
21 2 21.0
21 10 22.0
22 146 15.0
22 34 16.0
22 35 17.0
22 32 18.0
22 30 19.0
22 28 20.0
22 26 21.0
22 94 22.0
22 95 23.0
22 18 24.0
22 21 25.0
22 108 26.0
22 109 27.0
22 110 28.0
22 111 29.0
22 112 30.0
22 113 31.0
22 93 32.0
22 140 33.0
23 147 18.0
23 46 19.0
23 47 20.0
23 44 21.0
23 42 22.0
23 40 23.0
23 38 24.0
23 98 25.0
23 99 26.0
23 22 27.0
23 25 28.0
23 91 29.0
23 138 30.0
24 144 15.0
24 88 16.0
24 20 17.0
24 19 18.0
24 50 19.0
24 51 20.0
24 52 21.0
24 53 22.0
24 54 23.0
24 55 24.0
24 22 25.0
24 25 26.0
24 91 27.0
24 138 28.0
25 11 14.0
25 3 15.0
25 62 16.0
25 63 17.0
25 64 18.0
25 65 19.0
25 66 20.0
25 67 21.0
25 0 22.0
25 1 23.0
25 68 24.0
25 69 25.0
25 70 26.0
25 71 27.0
25 72 28.0
25 73 29.0
25 14 30.0
25 17 31.0
25 46 32.0
25 47 33.0
25 142 34.0
26 9 28.0
26 5 29.0
26 114 30.0
26 115 31.0
26 116 32.0
26 117 33.0
26 118 34.0
26 119 35.0
26 0 36.0
26 1 37.0
26 68 38.0
26 69 39.0
26 70 40.0
26 71 41.0
26 72 42.0
26 73 43.0
26 14 44.0
26 15 45.0
26 132 46.0
26 133 47.0
26 134 48.0
26 135 49.0
26 136 50.0
26 137 51.0
26 6 52.0
27 145 30.0
27 92 31.0
27 102 32.0
27 103 33.0
27 104 34.0
27 105 35.0
27 106 36.0
27 107 37.0
27 18 38.0
27 21 39.0
27 89 40.0
27 139 41.0
28 11 18.0
28 3 19.0
28 62 20.0
28 63 21.0
28 64 22.0
28 65 23.0
28 66 24.0
28 67 25.0
28 0 26.0
28 1 27.0
28 120 28.0
28 121 29.0
28 122 30.0
28 123 31.0
28 124 32.0
28 125 33.0
28 4 34.0
28 8 35.0
29 145 24.0
29 92 25.0
29 102 26.0
29 103 27.0
29 104 28.0
29 105 29.0
29 106 30.0
29 107 31.0
29 18 32.0
29 19 33.0
29 50 34.0
29 51 35.0
29 52 36.0
29 53 37.0
29 54 38.0
29 55 39.0
29 22 40.0
29 23 41.0
29 100 42.0
29 101 43.0
29 41 44.0
29 39 45.0
29 45 46.0
29 43 47.0
29 48 48.0
29 142 49.0
30 145 20.0
30 92 21.0
30 102 22.0
30 103 23.0
30 104 24.0
30 105 25.0
30 106 26.0
30 107 27.0
30 18 28.0
30 21 29.0
30 89 30.0
30 139 31.0
31 145 13.0
31 92 14.0
31 102 15.0
31 103 16.0
31 104 17.0
31 105 18.0
31 106 19.0
31 107 20.0
31 18 21.0
31 19 22.0
31 50 23.0
31 51 24.0
31 52 25.0
31 53 26.0
31 54 27.0
31 55 28.0
31 22 29.0
31 23 30.0
31 100 31.0
31 101 32.0
31 41 33.0
31 39 34.0
31 45 35.0
31 43 36.0
31 48 37.0
31 142 38.0
32 11 20.0
32 3 21.0
32 62 22.0
32 63 23.0
32 64 24.0
32 65 25.0
32 66 26.0
32 67 27.0
32 0 28.0
32 1 29.0
32 68 30.0
32 69 31.0
32 70 32.0
32 71 33.0
32 72 34.0
32 73 35.0
32 14 36.0
32 17 37.0
32 46 38.0
32 47 39.0
32 142 40.0
33 11 12.0
33 3 13.0
33 62 14.0
33 63 15.0
33 64 16.0
33 65 17.0
33 66 18.0
33 67 19.0
33 0 20.0
33 13 21.0
33 34 22.0
33 35 23.0
33 32 24.0
33 30 25.0
33 28 26.0
33 26 27.0
33 94 28.0
33 95 29.0
33 18 30.0
33 21 31.0
33 89 32.0
33 139 33.0
34 7 18.0
34 126 19.0
34 127 20.0
34 128 21.0
34 129 22.0
34 130 23.0
34 131 24.0
34 14 25.0
34 17 26.0
34 74 27.0
34 75 28.0
34 76 29.0
34 77 30.0
34 78 31.0
34 79 32.0
34 12 33.0
34 13 34.0
34 80 35.0
34 81 36.0
34 82 37.0
34 83 38.0
34 84 39.0
34 85 40.0
34 2 41.0
34 10 42.0
35 147 16.0
35 49 17.0
35 16 18.0
35 17 19.0
35 74 20.0
35 75 21.0
35 76 22.0
35 77 23.0
35 78 24.0
35 79 25.0
35 12 26.0
35 13 27.0
35 34 28.0
35 35 29.0
35 141 30.0
36 147 20.0
36 49 21.0
36 16 22.0
36 17 23.0
36 74 24.0
36 75 25.0
36 76 26.0
36 77 27.0
36 78 28.0
36 79 29.0
36 12 30.0
36 13 31.0
36 34 32.0
36 35 33.0
36 141 34.0
37 145 18.0
37 92 19.0
37 102 20.0
37 103 21.0
37 104 22.0
37 105 23.0
37 106 24.0
37 107 25.0
37 18 26.0
37 21 27.0
37 89 28.0
37 139 29.0
38 146 25.0
38 34 26.0
38 35 27.0
38 32 28.0
38 30 29.0
38 28 30.0
38 26 31.0
38 94 32.0
38 95 33.0
38 18 34.0
38 21 35.0
38 89 36.0
38 139 37.0
39 143 15.0
39 90 16.0
39 24 17.0
39 23 18.0
39 100 19.0
39 101 20.0
39 41 21.0
39 39 22.0
39 45 23.0
39 43 24.0
39 48 25.0
39 142 26.0
40 146 38.0
40 37 39.0
40 12 40.0
40 1 41.0
40 68 42.0
40 69 43.0
40 70 44.0
40 71 45.0
40 72 46.0
40 73 47.0
40 14 48.0
40 17 49.0
40 46 50.0
40 47 51.0
40 142 52.0
41 9 22.0
41 5 23.0
41 114 24.0
41 115 25.0
41 116 26.0
41 117 27.0
41 118 28.0
41 119 29.0
41 0 30.0
41 1 31.0
41 68 32.0
41 69 33.0
41 70 34.0
41 71 35.0
41 72 36.0
41 73 37.0
41 14 38.0
41 15 39.0
41 132 40.0
41 133 41.0
41 134 42.0
41 135 43.0
41 136 44.0
41 137 45.0
41 6 46.0
42 11 38.0
42 3 39.0
42 62 40.0
42 63 41.0
42 64 42.0
42 65 43.0
42 66 44.0
42 67 45.0
42 0 46.0
42 13 47.0
42 34 48.0
42 35 49.0
42 141 50.0
43 145 32.0
43 92 33.0
43 102 34.0
43 103 35.0
43 104 36.0
43 105 37.0
43 106 38.0
43 107 39.0
43 18 40.0
43 19 41.0
43 50 42.0
43 51 43.0
43 52 44.0
43 53 45.0
43 54 46.0
43 55 47.0
43 22 48.0
43 25 49.0
43 91 50.0
43 138 51.0
44 7 27.0
44 126 28.0
44 127 29.0
44 128 30.0
44 129 31.0
44 130 32.0
44 131 33.0
44 14 34.0
44 17 35.0
44 74 36.0
44 75 37.0
44 76 38.0
44 77 39.0
44 78 40.0
44 79 41.0
44 12 42.0
44 13 43.0
44 80 44.0
44 81 45.0
44 82 46.0
44 83 47.0
44 84 48.0
44 85 49.0
44 2 50.0
44 10 51.0
45 9 24.0
45 5 25.0
45 114 26.0
45 115 27.0
45 116 28.0
45 117 29.0
45 118 30.0
45 119 31.0
45 0 32.0
45 1 33.0
45 68 34.0
45 69 35.0
45 70 36.0
45 71 37.0
45 72 38.0
45 73 39.0
45 14 40.0
45 15 41.0
45 132 42.0
45 133 43.0
45 134 44.0
45 135 45.0
45 136 46.0
45 137 47.0
45 6 48.0
46 143 32.0
46 90 33.0
46 24 34.0
46 23 35.0
46 100 36.0
46 101 37.0
46 41 38.0
46 39 39.0
46 45 40.0
46 43 41.0
46 48 42.0
46 142 43.0
47 143 28.0
47 90 29.0
47 24 30.0
47 25 31.0
47 56 32.0
47 57 33.0
47 58 34.0
47 59 35.0
47 60 36.0
47 61 37.0
47 20 38.0
47 19 39.0
47 96 40.0
47 97 41.0
47 29 42.0
47 27 43.0
47 33 44.0
47 31 45.0
47 36 46.0
47 141 47.0
48 146 21.0
48 37 22.0
48 12 23.0
48 13 24.0
48 80 25.0
48 81 26.0
48 82 27.0
48 83 28.0
48 84 29.0
48 85 30.0
48 2 31.0
48 10 32.0
49 9 30.0
49 5 31.0
49 114 32.0
49 115 33.0
49 116 34.0
49 117 35.0
49 118 36.0
49 119 37.0
49 0 38.0
49 13 39.0
49 34 40.0
49 35 41.0
49 141 42.0
50 9 36.0
50 5 37.0
50 114 38.0
50 115 39.0
50 116 40.0
50 117 41.0
50 118 42.0
50 119 43.0
50 0 44.0
50 13 45.0
50 34 46.0
50 35 47.0
50 32 48.0
50 30 49.0
50 28 50.0
50 26 51.0
50 94 52.0
50 95 53.0
50 18 54.0
50 21 55.0
50 89 56.0
50 139 57.0
51 7 39.0
51 126 40.0
51 127 41.0
51 128 42.0
51 129 43.0
51 130 44.0
51 131 45.0
51 14 46.0
51 17 47.0
51 74 48.0
51 75 49.0
51 76 50.0
51 77 51.0
51 78 52.0
51 79 53.0
51 12 54.0
51 13 55.0
51 34 56.0
51 35 57.0
51 141 58.0
52 143 23.0
52 90 24.0
52 24 25.0
52 23 26.0
52 100 27.0
52 101 28.0
52 41 29.0
52 39 30.0
52 45 31.0
52 43 32.0
52 48 33.0
52 49 34.0
52 16 35.0
52 15 36.0
52 132 37.0
52 133 38.0
52 134 39.0
52 135 40.0
52 136 41.0
52 137 42.0
52 6 43.0
53 145 28.0
53 92 29.0
53 102 30.0
53 103 31.0
53 104 32.0
53 105 33.0
53 106 34.0
53 107 35.0
53 18 36.0
53 19 37.0
53 96 38.0
53 97 39.0
53 29 40.0
53 27 41.0
53 33 42.0
53 31 43.0
53 36 44.0
53 141 45.0
54 143 30.0
54 90 31.0
54 24 32.0
54 23 33.0
54 100 34.0
54 101 35.0
54 41 36.0
54 39 37.0
54 45 38.0
54 43 39.0
54 48 40.0
54 49 41.0
54 16 42.0
54 15 43.0
54 132 44.0
54 133 45.0
54 134 46.0
54 135 47.0
54 136 48.0
54 137 49.0
54 6 50.0
55 144 23.0
55 88 24.0
55 20 25.0
55 19 26.0
55 50 27.0
55 51 28.0
55 52 29.0
55 53 30.0
55 54 31.0
55 55 32.0
55 22 33.0
55 25 34.0
55 91 35.0
55 138 36.0
56 147 25.0
56 49 26.0
56 16 27.0
56 17 28.0
56 74 29.0
56 75 30.0
56 76 31.0
56 77 32.0
56 78 33.0
56 79 34.0
56 12 35.0
56 13 36.0
56 80 37.0
56 81 38.0
56 82 39.0
56 83 40.0
56 84 41.0
56 85 42.0
56 2 43.0
56 10 44.0
57 143 47.0
57 90 48.0
57 24 49.0
57 23 50.0
57 100 51.0
57 101 52.0
57 41 53.0
57 39 54.0
57 45 55.0
57 43 56.0
57 48 57.0
57 142 58.0
58 144 30.0
58 88 31.0
58 20 32.0
58 21 33.0
58 108 34.0
58 109 35.0
58 110 36.0
58 111 37.0
58 112 38.0
58 113 39.0
58 93 40.0
58 140 41.0
59 11 26.0
59 3 27.0
59 62 28.0
59 63 29.0
59 64 30.0
59 65 31.0
59 66 32.0
59 67 33.0
59 0 34.0
59 1 35.0
59 68 36.0
59 69 37.0
59 70 38.0
59 71 39.0
59 72 40.0
59 73 41.0
59 14 42.0
59 17 43.0
59 46 44.0
59 47 45.0
59 142 46.0
60 11 34.0
60 3 35.0
60 62 36.0
60 63 37.0
60 64 38.0
60 65 39.0
60 66 40.0
60 67 41.0
60 0 42.0
60 1 43.0
60 68 44.0
60 69 45.0
60 70 46.0
60 71 47.0
60 72 48.0
60 73 49.0
60 14 50.0
60 17 51.0
60 46 52.0
60 47 53.0
60 142 54.0
61 143 38.0
61 90 39.0
61 24 40.0
61 25 41.0
61 56 42.0
61 57 43.0
61 58 44.0
61 59 45.0
61 60 46.0
61 61 47.0
61 20 48.0
61 21 49.0
61 108 50.0
61 109 51.0
61 110 52.0
61 111 53.0
61 112 54.0
61 113 55.0
61 93 56.0
61 140 57.0
63 145 36.0
63 92 37.0
63 102 38.0
63 103 39.0
63 104 40.0
63 105 41.0
63 106 42.0
63 107 43.0
63 18 44.0
63 19 45.0
63 50 46.0
63 51 47.0
63 52 48.0
63 53 49.0
63 54 50.0
63 55 51.0
63 22 52.0
63 25 53.0
63 91 54.0
63 138 55.0
65 7 47.0
65 126 48.0
65 127 49.0
65 128 50.0
65 129 51.0
65 130 52.0
65 131 53.0
65 14 54.0
65 17 55.0
65 74 56.0
65 75 57.0
65 76 58.0
65 77 59.0
65 78 60.0
65 79 61.0
65 12 62.0
65 1 63.0
65 120 64.0
65 121 65.0
65 122 66.0
65 123 67.0
65 124 68.0
65 125 69.0
65 4 70.0
65 8 71.0
66 143 36.0
66 90 37.0
66 24 38.0
66 25 39.0
66 56 40.0
66 57 41.0
66 58 42.0
66 59 43.0
66 60 44.0
66 61 45.0
66 20 46.0
66 21 47.0
66 89 48.0
66 139 49.0
68 9 42.0
68 5 43.0
68 114 44.0
68 115 45.0
68 116 46.0
68 117 47.0
68 118 48.0
68 119 49.0
68 0 50.0
68 13 51.0
68 34 52.0
68 35 53.0
68 141 54.0
69 144 40.0
69 88 41.0
69 20 42.0
69 19 43.0
69 96 44.0
69 97 45.0
69 29 46.0
69 27 47.0
69 33 48.0
69 31 49.0
69 36 50.0
69 37 51.0
69 12 52.0
69 13 53.0
69 80 54.0
69 81 55.0
69 82 56.0
69 83 57.0
69 84 58.0
69 85 59.0
69 2 60.0
69 10 61.0
70 146 33.0
70 34 34.0
70 35 35.0
70 32 36.0
70 30 37.0
70 28 38.0
70 26 39.0
70 94 40.0
70 95 41.0
70 18 42.0
70 21 43.0
70 89 44.0
70 139 45.0
72 11 40.0
72 3 41.0
72 62 42.0
72 63 43.0
72 64 44.0
72 65 45.0
72 66 46.0
72 67 47.0
72 0 48.0
72 1 49.0
72 68 50.0
72 69 51.0
72 70 52.0
72 71 53.0
72 72 54.0
72 73 55.0
72 14 56.0
72 17 57.0
72 46 58.0
72 47 59.0
72 142 60.0
74 143 45.0
74 90 46.0
74 24 47.0
74 23 48.0
74 100 49.0
74 101 50.0
74 41 51.0
74 39 52.0
74 45 53.0
74 43 54.0
74 48 55.0
74 142 56.0
75 9 32.0
75 5 33.0
75 114 34.0
75 115 35.0
75 116 36.0
75 117 37.0
75 118 38.0
75 119 39.0
75 0 40.0
75 13 41.0
75 34 42.0
75 35 43.0
75 32 44.0
75 30 45.0
75 28 46.0
75 26 47.0
75 94 48.0
75 95 49.0
75 18 50.0
75 21 51.0
75 89 52.0
75 139 53.0
76 143 40.0
76 90 41.0
76 24 42.0
76 23 43.0
76 100 44.0
76 101 45.0
76 41 46.0
76 39 47.0
76 45 48.0
76 43 49.0
76 48 50.0
76 49 51.0
76 16 52.0
76 15 53.0
76 132 54.0
76 133 55.0
76 134 56.0
76 135 57.0
76 136 58.0
76 137 59.0
76 6 60.0
77 7 45.0
77 126 46.0
77 127 47.0
77 128 48.0
77 129 49.0
77 130 50.0
77 131 51.0
77 14 52.0
77 17 53.0
77 46 54.0
77 47 55.0
77 44 56.0
77 42 57.0
77 40 58.0
77 38 59.0
77 98 60.0
77 99 61.0
77 22 62.0
77 25 63.0
77 91 64.0
77 138 65.0
78 11 46.0
78 3 47.0
78 62 48.0
78 63 49.0
78 64 50.0
78 65 51.0
78 66 52.0
78 67 53.0
78 0 54.0
78 1 55.0
78 68 56.0
78 69 57.0
78 70 58.0
78 71 59.0
78 72 60.0
78 73 61.0
78 14 62.0
78 15 63.0
78 132 64.0
78 133 65.0
78 134 66.0
78 135 67.0
78 136 68.0
78 137 69.0
78 6 70.0
79 11 48.0
79 3 49.0
79 62 50.0
79 63 51.0
79 64 52.0
79 65 53.0
79 66 54.0
79 67 55.0
79 0 56.0
79 1 57.0
79 120 58.0
79 121 59.0
79 122 60.0
79 123 61.0
79 124 62.0
79 125 63.0
79 4 64.0
79 8 65.0
80 145 50.0
80 92 51.0
80 102 52.0
80 103 53.0
80 104 54.0
80 105 55.0
80 106 56.0
80 107 57.0
80 18 58.0
80 19 59.0
80 50 60.0
80 51 61.0
80 52 62.0
80 53 63.0
80 54 64.0
80 55 65.0
80 22 66.0
80 25 67.0
80 91 68.0
80 138 69.0
81 147 44.0
81 49 45.0
81 16 46.0
81 15 47.0
81 132 48.0
81 133 49.0
81 134 50.0
81 135 51.0
81 136 52.0
81 137 53.0
81 6 54.0
83 146 42.0
83 37 43.0
83 12 44.0
83 1 45.0
83 120 46.0
83 121 47.0
83 122 48.0
83 123 49.0
83 124 50.0
83 125 51.0
83 4 52.0
83 8 53.0
86 145 48.0
86 92 49.0
86 102 50.0
86 103 51.0
86 104 52.0
86 105 53.0
86 106 54.0
86 107 55.0
86 18 56.0
86 19 57.0
86 50 58.0
86 51 59.0
86 52 60.0
86 53 61.0
86 54 62.0
86 55 63.0
86 22 64.0
86 23 65.0
86 100 66.0
86 101 67.0
86 41 68.0
86 39 69.0
86 45 70.0
86 43 71.0
86 48 72.0
86 142 73.0
87 144 50.0
87 88 51.0
87 20 52.0
87 19 53.0
87 96 54.0
87 97 55.0
87 29 56.0
87 27 57.0
87 33 58.0
87 31 59.0
87 36 60.0
87 141 61.0
88 11 50.0
88 3 51.0
88 62 52.0
88 63 53.0
88 64 54.0
88 65 55.0
88 66 56.0
88 67 57.0
88 0 58.0
88 1 59.0
88 68 60.0
88 69 61.0
88 70 62.0
88 71 63.0
88 72 64.0
88 73 65.0
88 14 66.0
88 17 67.0
88 46 68.0
88 47 69.0
88 142 70.0
90 146 48.0
90 37 49.0
90 12 50.0
90 1 51.0
90 68 52.0
90 69 53.0
90 70 54.0
90 71 55.0
90 72 56.0
90 73 57.0
90 14 58.0
90 17 59.0
90 46 60.0
90 47 61.0
90 142 62.0
91 146 46.0
91 37 47.0
91 12 48.0
91 13 49.0
91 80 50.0
91 81 51.0
91 82 52.0
91 83 53.0
91 84 54.0
91 85 55.0
91 2 56.0
91 10 57.0
92 147 41.0
92 46 42.0
92 47 43.0
92 44 44.0
92 42 45.0
92 40 46.0
92 38 47.0
92 98 48.0
92 99 49.0
92 22 50.0
92 25 51.0
92 56 52.0
92 57 53.0
92 58 54.0
92 59 55.0
92 60 56.0
92 61 57.0
92 20 58.0
92 21 59.0
92 89 60.0
92 139 61.0
95 144 48.0
95 88 49.0
95 20 50.0
95 19 51.0
95 96 52.0
95 97 53.0
95 29 54.0
95 27 55.0
95 33 56.0
95 31 57.0
95 36 58.0
95 37 59.0
95 12 60.0
95 1 61.0
95 120 62.0
95 121 63.0
95 122 64.0
95 123 65.0
95 124 66.0
95 125 67.0
95 4 68.0
95 8 69.0
96 9 44.0
96 5 45.0
96 114 46.0
96 115 47.0
96 116 48.0
96 117 49.0
96 118 50.0
96 119 51.0
96 0 52.0
96 1 53.0
96 68 54.0
96 69 55.0
96 70 56.0
96 71 57.0
96 72 58.0
96 73 59.0
96 14 60.0
96 17 61.0
96 46 62.0
96 47 63.0
96 142 64.0
97 147 9
97 49 10.0
97 16 11.0
97 17 12.0
97 74 13.0
97 75 14.0
97 76 15.0
97 77 16.0
97 78 17.0
97 79 18.0
97 12 19.0
97 13 20.0
97 80 21.0
97 81 22.0
97 82 23.0
97 83 24.0
97 84 25.0
97 85 26.0
97 2 27.0
97 10 28.0
;
set fixedFlights :=
0 20 21
0 22 25
0 46 47
0 47 44
0 44 42
0 42 40
0 40 38
0 25 56
0 56 57
0 57 58
0 58 59
0 59 60
0 60 61
0 61 20
0 38 98
0 98 99
0 99 22
0 21 89
0 89 139
0 147 46
1 0 1
1 11 3
1 4 8
1 3 62
1 62 63
1 63 64
1 64 65
1 65 66
1 66 67
1 67 0
1 1 120
1 120 121
1 121 122
1 122 123
1 123 124
1 124 125
1 125 4
2 22 25
2 46 47
2 47 44
2 44 42
2 42 40
2 40 38
2 38 98
2 98 99
2 99 22
2 25 91
2 91 138
2 147 46
3 0 1
3 9 5
3 14 15
3 1 68
3 68 69
3 69 70
3 70 71
3 71 72
3 72 73
3 73 14
3 5 114
3 114 115
3 115 116
3 116 117
3 117 118
3 118 119
3 119 0
3 15 132
3 132 133
3 133 134
3 134 135
3 135 136
3 136 137
3 137 6
4 20 21
4 24 25
4 25 56
4 56 57
4 57 58
4 58 59
4 59 60
4 60 61
4 61 20
4 21 108
4 108 109
4 109 110
4 110 111
4 111 112
4 112 113
4 113 93
4 90 24
4 143 90
4 93 140
5 0 1
5 11 3
5 14 15
5 3 62
5 62 63
5 63 64
5 64 65
5 65 66
5 66 67
5 67 0
5 1 68
5 68 69
5 69 70
5 70 71
5 71 72
5 72 73
5 73 14
5 15 132
5 132 133
5 133 134
5 134 135
5 135 136
5 136 137
5 137 6
6 18 19
6 22 23
6 41 39
6 39 45
6 45 43
6 43 48
6 19 50
6 50 51
6 51 52
6 52 53
6 53 54
6 54 55
6 55 22
6 23 100
6 100 101
6 101 41
6 92 102
6 102 103
6 103 104
6 104 105
6 105 106
6 106 107
6 107 18
6 145 92
6 48 142
7 18 21
7 92 102
7 102 103
7 103 104
7 104 105
7 105 106
7 106 107
7 107 18
7 21 89
7 145 92
7 89 139
8 2 10
8 12 13
8 37 12
8 13 80
8 80 81
8 81 82
8 82 83
8 83 84
8 84 85
8 85 2
8 146 37
9 18 19
9 22 23
9 41 39
9 39 45
9 45 43
9 43 48
9 19 50
9 50 51
9 51 52
9 52 53
9 53 54
9 54 55
9 55 22
9 23 100
9 100 101
9 101 41
9 92 102
9 102 103
9 103 104
9 104 105
9 105 106
9 106 107
9 107 18
9 145 92
9 48 142
10 16 15
10 49 16
10 15 132
10 132 133
10 133 134
10 134 135
10 135 136
10 136 137
10 137 6
10 147 49
11 18 19
11 29 27
11 27 33
11 33 31
11 31 36
11 19 96
11 96 97
11 97 29
11 92 102
11 102 103
11 103 104
11 104 105
11 105 106
11 106 107
11 107 18
11 145 92
11 36 141
12 4 8
12 12 1
12 20 19
12 29 27
12 27 33
12 33 31
12 31 36
12 36 37
12 37 12
12 19 96
12 96 97
12 97 29
12 88 20
12 1 120
12 120 121
12 121 122
12 122 123
12 123 124
12 124 125
12 125 4
12 144 88
13 18 19
13 22 23
13 41 39
13 39 45
13 45 43
13 43 48
13 19 50
13 50 51
13 51 52
13 52 53
13 53 54
13 54 55
13 55 22
13 23 100
13 100 101
13 101 41
13 92 102
13 102 103
13 103 104
13 104 105
13 105 106
13 106 107
13 107 18
13 145 92
13 48 142
14 12 13
14 16 17
14 13 34
14 34 35
14 49 16
14 17 74
14 74 75
14 75 76
14 76 77
14 77 78
14 78 79
14 79 12
14 35 141
14 147 49
15 0 1
15 11 3
15 4 8
15 3 62
15 62 63
15 63 64
15 64 65
15 65 66
15 66 67
15 67 0
15 1 120
15 120 121
15 121 122
15 122 123
15 123 124
15 124 125
15 125 4
16 20 19
16 29 27
16 27 33
16 33 31
16 31 36
16 19 96
16 96 97
16 97 29
16 88 20
16 144 88
16 36 141
17 4 8
17 12 1
17 16 17
17 49 16
17 17 74
17 74 75
17 75 76
17 76 77
17 77 78
17 78 79
17 79 12
17 1 120
17 120 121
17 121 122
17 122 123
17 123 124
17 124 125
17 125 4
17 147 49
18 12 1
18 14 17
18 37 12
18 17 46
18 46 47
18 1 68
18 68 69
18 69 70
18 70 71
18 71 72
18 72 73
18 73 14
18 47 142
18 146 37
19 18 19
19 29 27
19 27 33
19 33 31
19 31 36
19 19 96
19 96 97
19 97 29
19 92 102
19 102 103
19 103 104
19 104 105
19 105 106
19 106 107
19 107 18
19 145 92
19 36 141
20 0 1
20 9 5
20 14 17
20 17 46
20 46 47
20 1 68
20 68 69
20 69 70
20 70 71
20 71 72
20 72 73
20 73 14
20 5 114
20 114 115
20 115 116
20 116 117
20 117 118
20 118 119
20 119 0
20 47 142
21 2 10
21 12 13
21 37 12
21 13 80
21 80 81
21 81 82
21 82 83
21 83 84
21 84 85
21 85 2
21 146 37
22 18 21
22 34 35
22 35 32
22 32 30
22 30 28
22 28 26
22 26 94
22 94 95
22 95 18
22 21 108
22 108 109
22 109 110
22 110 111
22 111 112
22 112 113
22 113 93
22 93 140
22 146 34
23 22 25
23 46 47
23 47 44
23 44 42
23 42 40
23 40 38
23 38 98
23 98 99
23 99 22
23 25 91
23 91 138
23 147 46
24 20 19
24 22 25
24 19 50
24 50 51
24 51 52
24 52 53
24 53 54
24 54 55
24 55 22
24 88 20
24 25 91
24 144 88
24 91 138
25 0 1
25 11 3
25 14 17
25 17 46
25 46 47
25 3 62
25 62 63
25 63 64
25 64 65
25 65 66
25 66 67
25 67 0
25 1 68
25 68 69
25 69 70
25 70 71
25 71 72
25 72 73
25 73 14
25 47 142
26 0 1
26 9 5
26 14 15
26 1 68
26 68 69
26 69 70
26 70 71
26 71 72
26 72 73
26 73 14
26 5 114
26 114 115
26 115 116
26 116 117
26 117 118
26 118 119
26 119 0
26 15 132
26 132 133
26 133 134
26 134 135
26 135 136
26 136 137
26 137 6
27 18 21
27 92 102
27 102 103
27 103 104
27 104 105
27 105 106
27 106 107
27 107 18
27 21 89
27 145 92
27 89 139
28 0 1
28 11 3
28 4 8
28 3 62
28 62 63
28 63 64
28 64 65
28 65 66
28 66 67
28 67 0
28 1 120
28 120 121
28 121 122
28 122 123
28 123 124
28 124 125
28 125 4
29 18 19
29 22 23
29 41 39
29 39 45
29 45 43
29 43 48
29 19 50
29 50 51
29 51 52
29 52 53
29 53 54
29 54 55
29 55 22
29 23 100
29 100 101
29 101 41
29 92 102
29 102 103
29 103 104
29 104 105
29 105 106
29 106 107
29 107 18
29 145 92
29 48 142
30 18 21
30 92 102
30 102 103
30 103 104
30 104 105
30 105 106
30 106 107
30 107 18
30 21 89
30 145 92
30 89 139
31 18 19
31 22 23
31 41 39
31 39 45
31 45 43
31 43 48
31 19 50
31 50 51
31 51 52
31 52 53
31 53 54
31 54 55
31 55 22
31 23 100
31 100 101
31 101 41
31 92 102
31 102 103
31 103 104
31 104 105
31 105 106
31 106 107
31 107 18
31 145 92
31 48 142
32 0 1
32 11 3
32 14 17
32 17 46
32 46 47
32 3 62
32 62 63
32 63 64
32 64 65
32 65 66
32 66 67
32 67 0
32 1 68
32 68 69
32 69 70
32 70 71
32 71 72
32 72 73
32 73 14
32 47 142
34 2 10
34 12 13
34 14 17
34 17 74
34 74 75
34 75 76
34 76 77
34 77 78
34 78 79
34 79 12
34 13 80
34 80 81
34 81 82
34 82 83
34 83 84
34 84 85
34 85 2
34 7 126
34 126 127
34 127 128
34 128 129
34 129 130
34 130 131
34 131 14
35 12 13
35 16 17
35 13 34
35 34 35
35 49 16
35 17 74
35 74 75
35 75 76
35 76 77
35 77 78
35 78 79
35 79 12
35 35 141
35 147 49
36 12 13
36 16 17
36 13 34
36 34 35
36 49 16
36 17 74
36 74 75
36 75 76
36 76 77
36 77 78
36 78 79
36 79 12
36 35 141
36 147 49
37 18 21
37 92 102
37 102 103
37 103 104
37 104 105
37 105 106
37 106 107
37 107 18
37 21 89
37 145 92
37 89 139
38 18 21
38 34 35
38 35 32
38 32 30
38 30 28
38 28 26
38 26 94
38 94 95
38 95 18
38 21 89
38 89 139
38 146 34
39 24 23
39 41 39
39 39 45
39 45 43
39 43 48
39 23 100
39 100 101
39 101 41
39 90 24
39 143 90
39 48 142
40 12 1
40 14 17
40 37 12
40 17 46
40 46 47
40 1 68
40 68 69
40 69 70
40 70 71
40 71 72
40 72 73
40 73 14
40 47 142
40 146 37
41 0 1
41 9 5
41 14 15
41 1 68
41 68 69
41 69 70
41 70 71
41 71 72
41 72 73
41 73 14
41 5 114
41 114 115
41 115 116
41 116 117
41 117 118
41 118 119
41 119 0
41 15 132
41 132 133
41 133 134
41 134 135
41 135 136
41 136 137
41 137 6
42 11 3
42 0 13
42 13 34
42 34 35
42 3 62
42 62 63
42 63 64
42 64 65
42 65 66
42 66 67
42 67 0
42 35 141
43 18 19
43 22 25
43 19 50
43 50 51
43 51 52
43 52 53
43 53 54
43 54 55
43 55 22
43 92 102
43 102 103
43 103 104
43 104 105
43 105 106
43 106 107
43 107 18
43 25 91
43 145 92
43 91 138
44 2 10
44 12 13
44 14 17
44 17 74
44 74 75
44 75 76
44 76 77
44 77 78
44 78 79
44 79 12
44 13 80
44 80 81
44 81 82
44 82 83
44 83 84
44 84 85
44 85 2
44 7 126
44 126 127
44 127 128
44 128 129
44 129 130
44 130 131
44 131 14
45 0 1
45 9 5
45 14 15
45 1 68
45 68 69
45 69 70
45 70 71
45 71 72
45 72 73
45 73 14
45 5 114
45 114 115
45 115 116
45 116 117
45 117 118
45 118 119
45 119 0
45 15 132
45 132 133
45 133 134
45 134 135
45 135 136
45 136 137
45 137 6
46 24 23
46 41 39
46 39 45
46 45 43
46 43 48
46 23 100
46 100 101
46 101 41
46 90 24
46 143 90
46 48 142
47 20 19
47 24 25
47 29 27
47 27 33
47 33 31
47 31 36
47 25 56
47 56 57
47 57 58
47 58 59
47 59 60
47 60 61
47 61 20
47 19 96
47 96 97
47 97 29
47 90 24
47 143 90
47 36 141
48 2 10
48 12 13
48 37 12
48 13 80
48 80 81
48 81 82
48 82 83
48 83 84
48 84 85
48 85 2
48 146 37
49 9 5
49 0 13
49 13 34
49 34 35
49 5 114
49 114 115
49 115 116
49 116 117
49 117 118
49 118 119
49 119 0
49 35 141
50 9 5
50 0 13
50 18 21
50 13 34
50 34 35
50 35 32
50 32 30
50 30 28
50 28 26
50 26 94
50 94 95
50 95 18
50 21 89
50 5 114
50 114 115
50 115 116
50 116 117
50 117 118
50 118 119
50 119 0
50 89 139
51 12 13
51 14 17
51 13 34
51 34 35
51 17 74
51 74 75
51 75 76
51 76 77
51 77 78
51 78 79
51 79 12
51 7 126
51 126 127
51 127 128
51 128 129
51 129 130
51 130 131
51 131 14
51 35 141
52 16 15
52 24 23
52 41 39
52 39 45
52 45 43
52 43 48
52 48 49
52 49 16
52 23 100
52 100 101
52 101 41
52 90 24
52 15 132
52 132 133
52 133 134
52 134 135
52 135 136
52 136 137
52 137 6
52 143 90
53 18 19
53 29 27
53 27 33
53 33 31
53 31 36
53 19 96
53 96 97
53 97 29
53 92 102
53 102 103
53 103 104
53 104 105
53 105 106
53 106 107
53 107 18
53 145 92
53 36 141
54 16 15
54 24 23
54 41 39
54 39 45
54 45 43
54 43 48
54 48 49
54 49 16
54 23 100
54 100 101
54 101 41
54 90 24
54 15 132
54 132 133
54 133 134
54 134 135
54 135 136
54 136 137
54 137 6
54 143 90
55 20 19
55 22 25
55 19 50
55 50 51
55 51 52
55 52 53
55 53 54
55 54 55
55 55 22
55 88 20
55 25 91
55 144 88
55 91 138
56 2 10
56 12 13
56 16 17
56 49 16
56 17 74
56 74 75
56 75 76
56 76 77
56 77 78
56 78 79
56 79 12
56 13 80
56 80 81
56 81 82
56 82 83
56 83 84
56 84 85
56 85 2
56 147 49
57 24 23
57 41 39
57 39 45
57 45 43
57 43 48
57 23 100
57 100 101
57 101 41
57 90 24
57 143 90
57 48 142
58 20 21
58 21 108
58 108 109
58 109 110
58 110 111
58 111 112
58 112 113
58 113 93
58 88 20
58 144 88
58 93 140
59 0 1
59 11 3
59 14 17
59 17 46
59 46 47
59 3 62
59 62 63
59 63 64
59 64 65
59 65 66
59 66 67
59 67 0
59 1 68
59 68 69
59 69 70
59 70 71
59 71 72
59 72 73
59 73 14
59 47 142
60 0 1
60 11 3
60 14 17
60 17 46
60 46 47
60 3 62
60 62 63
60 63 64
60 64 65
60 65 66
60 66 67
60 67 0
60 1 68
60 68 69
60 69 70
60 70 71
60 71 72
60 72 73
60 73 14
60 47 142
61 20 21
61 24 25
61 25 56
61 56 57
61 57 58
61 58 59
61 59 60
61 60 61
61 61 20
61 21 108
61 108 109
61 109 110
61 110 111
61 111 112
61 112 113
61 113 93
61 90 24
61 143 90
61 93 140
63 18 19
63 22 25
63 19 50
63 50 51
63 51 52
63 52 53
63 53 54
63 54 55
63 55 22
63 92 102
63 102 103
63 103 104
63 104 105
63 105 106
63 106 107
63 107 18
63 25 91
63 145 92
63 91 138
65 4 8
65 12 1
65 14 17
65 20 19
65 22 25
65 29 27
65 27 33
65 33 31
65 31 36
65 36 37
65 37 12
65 17 46
65 46 47
65 47 44
65 44 42
65 42 40
65 40 38
65 25 56
65 56 57
65 57 58
65 58 59
65 59 60
65 60 61
65 61 20
65 19 96
65 96 97
65 97 29
65 38 98
65 98 99
65 99 22
65 1 120
65 120 121
65 121 122
65 122 123
65 123 124
65 124 125
65 125 4
65 7 126
65 126 127
65 127 128
65 128 129
65 129 130
65 130 131
65 131 14
66 20 21
66 24 25
66 25 56
66 56 57
66 57 58
66 58 59
66 59 60
66 60 61
66 61 20
66 21 89
66 90 24
66 143 90
66 89 139
68 9 5
68 0 13
68 13 34
68 34 35
68 5 114
68 114 115
68 115 116
68 116 117
68 117 118
68 118 119
68 119 0
68 35 141
69 2 10
69 12 13
69 20 19
69 29 27
69 27 33
69 33 31
69 31 36
69 36 37
69 37 12
69 13 80
69 80 81
69 81 82
69 82 83
69 83 84
69 84 85
69 85 2
69 19 96
69 96 97
69 97 29
69 88 20
69 144 88
70 18 21
70 34 35
70 35 32
70 32 30
70 30 28
70 28 26
70 26 94
70 94 95
70 95 18
70 21 89
70 89 139
70 146 34
72 0 1
72 11 3
72 14 17
72 17 46
72 46 47
72 3 62
72 62 63
72 63 64
72 64 65
72 65 66
72 66 67
72 67 0
72 1 68
72 68 69
72 69 70
72 70 71
72 71 72
72 72 73
72 73 14
72 47 142
74 24 23
74 41 39
74 39 45
74 45 43
74 43 48
74 23 100
74 100 101
74 101 41
74 90 24
74 143 90
74 48 142
75 9 5
75 0 13
75 18 21
75 13 34
75 34 35
75 35 32
75 32 30
75 30 28
75 28 26
75 26 94
75 94 95
75 95 18
75 21 89
75 5 114
75 114 115
75 115 116
75 116 117
75 117 118
75 118 119
75 119 0
75 89 139
76 16 15
76 24 23
76 41 39
76 39 45
76 45 43
76 43 48
76 48 49
76 49 16
76 23 100
76 100 101
76 101 41
76 90 24
76 15 132
76 132 133
76 133 134
76 134 135
76 135 136
76 136 137
76 137 6
76 143 90
77 14 17
77 22 25
77 17 46
77 46 47
77 47 44
77 44 42
77 42 40
77 40 38
77 38 98
77 98 99
77 99 22
77 25 91
77 7 126
77 126 127
77 127 128
77 128 129
77 129 130
77 130 131
77 131 14
77 91 138
78 0 1
78 11 3
78 14 15
78 3 62
78 62 63
78 63 64
78 64 65
78 65 66
78 66 67
78 67 0
78 1 68
78 68 69
78 69 70
78 70 71
78 71 72
78 72 73
78 73 14
78 15 132
78 132 133
78 133 134
78 134 135
78 135 136
78 136 137
78 137 6
79 0 1
79 11 3
79 4 8
79 3 62
79 62 63
79 63 64
79 64 65
79 65 66
79 66 67
79 67 0
79 1 120
79 120 121
79 121 122
79 122 123
79 123 124
79 124 125
79 125 4
80 18 19
80 22 25
80 19 50
80 50 51
80 51 52
80 52 53
80 53 54
80 54 55
80 55 22
80 92 102
80 102 103
80 103 104
80 104 105
80 105 106
80 106 107
80 107 18
80 25 91
80 145 92
80 91 138
81 16 15
81 49 16
81 15 132
81 132 133
81 133 134
81 134 135
81 135 136
81 136 137
81 137 6
81 147 49
83 4 8
83 12 1
83 37 12
83 1 120
83 120 121
83 121 122
83 122 123
83 123 124
83 124 125
83 125 4
83 146 37
86 18 19
86 22 23
86 41 39
86 39 45
86 45 43
86 43 48
86 19 50
86 50 51
86 51 52
86 52 53
86 53 54
86 54 55
86 55 22
86 23 100
86 100 101
86 101 41
86 92 102
86 102 103
86 103 104
86 104 105
86 105 106
86 106 107
86 107 18
86 145 92
86 48 142
87 20 19
87 29 27
87 27 33
87 33 31
87 31 36
87 19 96
87 96 97
87 97 29
87 88 20
87 144 88
87 36 141
88 0 1
88 11 3
88 14 17
88 17 46
88 46 47
88 3 62
88 62 63
88 63 64
88 64 65
88 65 66
88 66 67
88 67 0
88 1 68
88 68 69
88 69 70
88 70 71
88 71 72
88 72 73
88 73 14
88 47 142
90 12 1
90 14 17
90 37 12
90 17 46
90 46 47
90 1 68
90 68 69
90 69 70
90 70 71
90 71 72
90 72 73
90 73 14
90 47 142
90 146 37
91 2 10
91 12 13
91 37 12
91 13 80
91 80 81
91 81 82
91 82 83
91 83 84
91 84 85
91 85 2
91 146 37
92 20 21
92 22 25
92 46 47
92 47 44
92 44 42
92 42 40
92 40 38
92 25 56
92 56 57
92 57 58
92 58 59
92 59 60
92 60 61
92 61 20
92 38 98
92 98 99
92 99 22
92 21 89
92 89 139
92 147 46
95 4 8
95 12 1
95 20 19
95 29 27
95 27 33
95 33 31
95 31 36
95 36 37
95 37 12
95 19 96
95 96 97
95 97 29
95 88 20
95 1 120
95 120 121
95 121 122
95 122 123
95 123 124
95 124 125
95 125 4
95 144 88
96 0 1
96 9 5
96 14 17
96 17 46
96 46 47
96 1 68
96 68 69
96 69 70
96 70 71
96 71 72
96 72 73
96 73 14
96 5 114
96 114 115
96 115 116
96 116 117
96 117 118
96 118 119
96 119 0
96 47 142
97 2 10
97 12 13
97 16 17
97 49 16
97 17 74
97 74 75
97 75 76
97 76 77
97 77 78
97 78 79
97 79 12
97 13 80
97 80 81
97 81 82
97 82 83
97 83 84
97 84 85
97 85 2
97 147 49
;
;
set inFlight:=
0
1
2
3
5
6
8
9
10
12
13
14
15
16
18
19
;
set passedFreeF:=
33 11 3
33 3 62
33 62 63
33 63 64
33 64 65
33 65 66
33 66 67
33 67 0
33 0 13
33 13 34
33 34 35
33 35 32
33 32 30
33 30 28
33 28 26
33 26 94
33 94 95
33 95 18
33 18 21
33 21 89
33 89 139
;
param tini := 7.762145632662085;
