param nn:= 148;
set F:=
0
1
2
3
4
5
6
7
8
9
10
11
12
13
14
15
16
17
18
19
20
21
22
23
24
25
26
27
28
29
30
31
32
33
34
35
36
37
38
39
40
41
42
43
44
45
46
47
48
49
50
51
52
53
54
55
56
57
58
59
60
61
62
63
64
65
66
67
68
70
71
72
73
74
75
76
77
78
79
86
87
88
90
92
93
97
98
99
100
;
set AP:=
100
;
param: E: d:=
0 1 2.500000
2 10 1.500000
11 3 1.500000
4 8 1.500000
9 5 1.500000
12 13 2.500000
0 13 2.500000
12 1 2.500000
14 15 2.500000
16 17 2.500000
14 17 2.500000
16 15 2.500000
18 19 2.500000
20 21 2.500000
18 21 2.500000
20 19 2.500000
22 23 2.500000
24 25 2.500000
22 25 2.500000
24 23 2.500000
13 34 2.500000
34 35 2.500000
35 32 2.500000
32 30 2.500000
30 28 2.500000
28 26 2.500000
29 27 2.500000
27 33 2.500000
33 31 2.500000
31 36 2.500000
36 37 2.500000
37 12 2.500000
17 46 2.500000
46 47 2.500000
47 44 2.500000
44 42 2.500000
42 40 2.500000
40 38 2.500000
41 39 2.500000
39 45 2.500000
45 43 2.500000
43 48 2.500000
48 49 2.500000
49 16 2.500000
19 50 2.500000
50 51 2.500000
51 52 2.500000
52 53 2.500000
53 54 2.500000
54 55 2.500000
55 22 2.500000
25 56 2.500000
56 57 2.500000
57 58 2.500000
58 59 2.500000
59 60 2.500000
60 61 2.500000
61 20 2.500000
3 62 2.500000
62 63 2.500000
63 64 2.500000
64 65 2.500000
65 66 2.500000
66 67 2.500000
67 0 2.500000
1 68 2.500000
68 69 2.500000
69 70 2.500000
70 71 2.500000
71 72 2.500000
72 73 2.500000
73 14 2.500000
17 74 2.500000
74 75 2.500000
75 76 2.500000
76 77 2.500000
77 78 2.500000
78 79 2.500000
79 12 2.500000
13 80 2.500000
80 81 2.500000
81 82 2.500000
82 83 2.500000
83 84 2.500000
84 85 2.500000
85 2 2.500000
26 94 2.500000
94 95 2.500000
95 18 2.500000
19 96 2.500000
96 97 2.500000
97 29 2.500000
38 98 2.500000
98 99 2.500000
99 22 2.500000
23 100 2.500000
100 101 2.500000
101 41 2.500000
92 102 2.500000
102 103 2.500000
103 104 2.500000
104 105 2.500000
105 106 2.500000
106 107 2.500000
107 18 2.500000
21 108 2.500000
108 109 2.500000
109 110 2.500000
110 111 2.500000
111 112 2.500000
112 113 2.500000
113 93 2.500000
21 89 2.500000
88 20 2.500000
25 91 2.500000
90 24 2.500000
5 114 2.500000
114 115 2.500000
115 116 2.500000
116 117 2.500000
117 118 2.500000
118 119 2.500000
119 0 2.500000
1 120 2.500000
120 121 2.500000
121 122 2.500000
122 123 2.500000
123 124 2.500000
124 125 2.500000
125 4 2.500000
7 126 1.500000
126 127 2.500000
127 128 2.500000
128 129 2.500000
129 130 2.500000
130 131 2.500000
131 14 2.500000
15 132 2.500000
132 133 2.500000
133 134 2.500000
134 135 2.500000
135 136 2.500000
136 137 2.500000
137 6 1.500000
87 6 1.500000
7 86 1.500000
144 88 1.500000
143 90 1.500000
145 92 1.500000
93 140 1.500000
89 139 1.500000
91 138 1.500000
48 142 1.500000
47 142 1.500000
36 141 1.500000
35 141 1.500000
146 37 1.500000
146 34 1.500000
147 46 1.500000
147 49 1.500000
;
param s:=
0 11
1 144
2 7
3 144
4 147
5 145
6 9
7 147
8 11
9 144
10 145
11 9
12 146
13 147
14 143
15 145
16 146
17 147
18 143
19 144
20 146
21 143
22 145
23 143
24 9
25 144
26 146
27 11
28 145
29 11
30 11
31 145
32 145
33 143
34 147
35 9
36 9
37 11
38 9
39 143
40 143
41 9
42 145
43 144
44 9
45 147
46 9
47 9
48 147
49 147
50 144
51 7
52 146
53 9
54 147
55 143
56 7
57 145
58 143
59 144
60 147
61 143
62 11
63 11
64 7
65 11
66 147
67 11
68 143
70 144
71 9
72 11
73 144
74 143
75 7
76 9
77 143
78 145
79 7
86 147
87 146
88 146
90 7
92 7
93 146
97 143
98 7
99 147
100 11
;
param e:=
0 6
1 140
2 138
3 8
4 8
5 138
6 6
7 139
8 139
9 141
10 142
11 139
12 6
13 138
14 142
15 141
16 140
17 8
18 142
19 140
20 139
21 142
22 141
23 6
24 10
25 10
26 138
27 139
28 142
29 8
30 139
31 139
32 142
33 140
34 141
35 10
36 142
37 6
38 141
39 139
40 141
41 142
42 141
43 10
44 10
45 6
46 141
47 139
48 6
49 10
50 138
51 8
52 139
53 10
54 10
55 142
56 8
57 139
58 141
59 141
60 139
61 141
62 139
63 139
64 138
65 142
66 138
67 6
68 140
70 141
71 6
72 142
73 8
74 142
75 10
76 139
77 142
78 141
79 10
86 6
87 8
88 138
90 8
92 142
93 139
97 140
98 138
99 8
100 139
;
param v_min:=2.375
;
param v_max:=2.625
;
param :conflictsNodes: angle:=
0 1 13 1.000000
0 13 1 1.000000
0 1 67 1.000000
0 67 1 1.000000
0 1 119 1.000000
0 119 1 1.000000
0 13 67 1.000000
0 67 13 1.000000
0 13 119 1.000000
0 119 13 1.000000
0 67 119 1.000000
0 119 67 1.000000
1 0 68 1.000000
1 68 0 1.000000
1 0 120 1.000000
1 120 0 1.000000
1 0 12 1.000000
1 12 0 1.000000
1 68 120 1.000000
1 120 68 1.000000
1 12 68 1.000000
1 68 12 1.000000
1 12 120 1.000000
1 120 12 1.000000
12 13 37 1.000000
12 37 13 1.000000
12 13 79 1.000000
12 79 13 1.000000
12 1 13 1.000000
12 13 1 1.000000
12 1 37 1.000000
12 37 1 1.000000
12 1 79 1.000000
12 79 1 1.000000
12 37 79 1.000000
12 79 37 1.000000
13 0 12 1.000000
13 12 0 1.000000
13 0 34 1.000000
13 34 0 1.000000
13 0 80 1.000000
13 80 0 1.000000
13 12 34 1.000000
13 34 12 1.000000
13 12 80 1.000000
13 80 12 1.000000
13 34 80 1.000000
13 80 34 1.000000
14 15 17 1.000000
14 17 15 1.000000
14 15 73 1.000000
14 73 15 1.000000
14 15 131 1.000000
14 131 15 1.000000
14 17 73 1.000000
14 73 17 1.000000
14 17 131 1.000000
14 131 17 1.000000
14 73 131 1.000000
14 131 73 1.000000
15 14 132 1.000000
15 132 14 1.000000
15 14 16 1.000000
15 16 14 1.000000
15 16 132 1.000000
15 132 16 1.000000
16 17 49 1.000000
16 49 17 1.000000
16 15 17 1.000000
16 17 15 1.000000
16 15 49 1.000000
16 49 15 1.000000
17 14 16 1.000000
17 16 14 1.000000
17 14 46 1.000000
17 46 14 1.000000
17 14 74 1.000000
17 74 14 1.000000
17 16 46 1.000000
17 46 16 1.000000
17 16 74 1.000000
17 74 16 1.000000
17 46 74 1.000000
17 74 46 1.000000
18 19 21 1.000000
18 21 19 1.000000
18 19 95 1.000000
18 95 19 1.000000
18 19 107 1.000000
18 107 19 1.000000
18 21 95 1.000000
18 95 21 1.000000
18 21 107 1.000000
18 107 21 1.000000
18 95 107 1.000000
18 107 95 1.000000
19 18 50 1.000000
19 50 18 1.000000
19 18 96 1.000000
19 96 18 1.000000
19 18 20 1.000000
19 20 18 1.000000
19 50 96 1.000000
19 96 50 1.000000
19 20 50 1.000000
19 50 20 1.000000
19 20 96 1.000000
19 96 20 1.000000
20 21 61 1.000000
20 61 21 1.000000
20 21 88 1.000000
20 88 21 1.000000
20 19 21 1.000000
20 21 19 1.000000
20 19 61 1.000000
20 61 19 1.000000
20 19 88 1.000000
20 88 19 1.000000
20 61 88 1.000000
20 88 61 1.000000
21 18 20 1.000000
21 20 18 1.000000
21 18 108 1.000000
21 108 18 1.000000
21 18 89 1.000000
21 89 18 1.000000
21 20 108 1.000000
21 108 20 1.000000
21 20 89 1.000000
21 89 20 1.000000
21 89 108 1.000000
21 108 89 1.000000
22 23 25 1.000000
22 25 23 1.000000
22 23 55 1.000000
22 55 23 1.000000
22 23 99 1.000000
22 99 23 1.000000
22 25 55 1.000000
22 55 25 1.000000
22 25 99 1.000000
22 99 25 1.000000
22 55 99 1.000000
22 99 55 1.000000
23 22 100 1.000000
23 100 22 1.000000
23 22 24 1.000000
23 24 22 1.000000
23 24 100 1.000000
23 100 24 1.000000
24 25 90 1.000000
24 90 25 1.000000
24 23 25 1.000000
24 25 23 1.000000
24 23 90 1.000000
24 90 23 1.000000
25 22 24 1.000000
25 24 22 1.000000
25 22 56 1.000000
25 56 22 1.000000
25 22 91 1.000000
25 91 22 1.000000
25 24 56 1.000000
25 56 24 1.000000
25 24 91 1.000000
25 91 24 1.000000
25 56 91 1.000000
25 91 56 1.000000
26 28 94 1.000000
26 94 28 1.000000
27 29 33 1.000000
27 33 29 1.000000
28 26 30 1.000000
28 30 26 1.000000
29 27 97 1.000000
29 97 27 1.000000
30 28 32 1.000000
30 32 28 1.000000
31 33 36 1.000000
31 36 33 1.000000
32 30 35 1.000000
32 35 30 1.000000
33 27 31 1.000000
33 31 27 1.000000
34 13 35 1.000000
34 35 13 1.000000
35 32 34 1.000000
35 34 32 1.000000
36 31 37 1.000000
36 37 31 1.000000
37 12 36 1.000000
37 36 12 1.000000
38 40 98 1.000000
38 98 40 1.000000
39 41 45 1.000000
39 45 41 1.000000
40 38 42 1.000000
40 42 38 1.000000
41 39 101 1.000000
41 101 39 1.000000
42 40 44 1.000000
42 44 40 1.000000
43 45 48 1.000000
43 48 45 1.000000
44 42 47 1.000000
44 47 42 1.000000
45 39 43 1.000000
45 43 39 1.000000
46 17 47 1.000000
46 47 17 1.000000
47 44 46 1.000000
47 46 44 1.000000
48 43 49 1.000000
48 49 43 1.000000
49 16 48 1.000000
49 48 16 1.000000
50 19 51 1.000000
50 51 19 1.000000
51 50 52 1.000000
51 52 50 1.000000
52 51 53 1.000000
52 53 51 1.000000
53 52 54 1.000000
53 54 52 1.000000
54 53 55 1.000000
54 55 53 1.000000
55 22 54 1.000000
55 54 22 1.000000
56 25 57 1.000000
56 57 25 1.000000
57 56 58 1.000000
57 58 56 1.000000
58 57 59 1.000000
58 59 57 1.000000
59 58 60 1.000000
59 60 58 1.000000
60 59 61 1.000000
60 61 59 1.000000
61 20 60 1.000000
61 60 20 1.000000
62 3 63 1.000000
62 63 3 1.000000
63 62 64 1.000000
63 64 62 1.000000
64 63 65 1.000000
64 65 63 1.000000
65 64 66 1.000000
65 66 64 1.000000
66 65 67 1.000000
66 67 65 1.000000
67 0 66 1.000000
67 66 0 1.000000
68 1 69 1.000000
68 69 1 1.000000
69 68 70 1.000000
69 70 68 1.000000
70 69 71 1.000000
70 71 69 1.000000
71 70 72 1.000000
71 72 70 1.000000
72 71 73 1.000000
72 73 71 1.000000
73 14 72 1.000000
73 72 14 1.000000
74 17 75 1.000000
74 75 17 1.000000
75 74 76 1.000000
75 76 74 1.000000
76 75 77 1.000000
76 77 75 1.000000
77 76 78 1.000000
77 78 76 1.000000
78 77 79 1.000000
78 79 77 1.000000
79 12 78 1.000000
79 78 12 1.000000
80 13 81 1.000000
80 81 13 1.000000
81 80 82 1.000000
81 82 80 1.000000
82 81 83 1.000000
82 83 81 1.000000
83 82 84 1.000000
83 84 82 1.000000
84 83 85 1.000000
84 85 83 1.000000
85 2 84 1.000000
85 84 2 1.000000
94 26 95 1.000000
94 95 26 1.000000
95 18 94 1.000000
95 94 18 1.000000
96 19 97 1.000000
96 97 19 1.000000
97 29 96 1.000000
97 96 29 1.000000
98 38 99 1.000000
98 99 38 1.000000
99 22 98 1.000000
99 98 22 1.000000
100 23 101 1.000000
100 101 23 1.000000
101 41 100 1.000000
101 100 41 1.000000
102 92 103 1.000000
102 103 92 1.000000
103 102 104 1.000000
103 104 102 1.000000
104 103 105 1.000000
104 105 103 1.000000
105 104 106 1.000000
105 106 104 1.000000
106 105 107 1.000000
106 107 105 1.000000
107 18 106 1.000000
107 106 18 1.000000
108 21 109 1.000000
108 109 21 1.000000
109 108 110 1.000000
109 110 108 1.000000
110 109 111 1.000000
110 111 109 1.000000
111 110 112 1.000000
111 112 110 1.000000
112 111 113 1.000000
112 113 111 1.000000
113 93 112 1.000000
113 112 93 1.000000
114 5 115 1.000000
114 115 5 1.000000
115 114 116 1.000000
115 116 114 1.000000
116 115 117 1.000000
116 117 115 1.000000
117 116 118 1.000000
117 118 116 1.000000
118 117 119 1.000000
118 119 117 1.000000
119 0 118 1.000000
119 118 0 1.000000
120 1 121 1.000000
120 121 1 1.000000
121 120 122 1.000000
121 122 120 1.000000
122 121 123 1.000000
122 123 121 1.000000
123 122 124 1.000000
123 124 122 1.000000
124 123 125 1.000000
124 125 123 1.000000
125 4 124 1.000000
125 124 4 1.000000
127 126 128 1.000000
127 128 126 1.000000
128 127 129 1.000000
128 129 127 1.000000
129 128 130 1.000000
129 130 128 1.000000
130 129 131 1.000000
130 131 129 1.000000
131 14 130 1.000000
131 130 14 1.000000
132 15 133 1.000000
132 133 15 1.000000
133 132 134 1.000000
133 134 132 1.000000
134 133 135 1.000000
134 135 133 1.000000
135 134 136 1.000000
135 136 134 1.000000
136 135 137 1.000000
136 137 135 1.000000
;
param D:=0.5;
param t_hat_ear:=
0 11 0.0
0 3 1.0
0 62 2.0
0 63 3.0
0 64 4.0
0 65 5.0
0 66 6.0
0 67 7.0
0 0 8.0
0 1 9.0
0 68 10.0
0 69 11.0
0 70 12.0
0 71 13.0
0 72 14.0
0 73 15.0
0 14 16.0
0 15 17.0
0 132 18.0
0 133 19.0
0 134 20.0
0 135 21.0
0 136 22.0
0 137 23.0
0 6 24.0
1 144 0.0
1 88 1.0
1 20 2.0
1 21 3.0
1 108 4.0
1 109 5.0
1 110 6.0
1 111 7.0
1 112 8.0
1 113 9.0
1 93 10.0
1 140 11.0
2 7 5.0
2 126 6.0
2 127 7.0
2 128 8.0
2 129 9.0
2 130 10.0
2 131 11.0
2 14 12.0
2 17 13.0
2 46 14.0
2 47 15.0
2 44 16.0
2 42 17.0
2 40 18.0
2 38 19.0
2 98 20.0
2 99 21.0
2 22 22.0
2 25 23.0
2 91 24.0
2 138 25.0
3 144 2.0
3 88 3.0
3 20 4.0
3 19 5.0
3 96 6.0
3 97 7.0
3 29 8.0
3 27 9.0
3 33 10.0
3 31 11.0
3 36 12.0
3 37 13.0
3 12 14.0
3 1 15.0
3 120 16.0
3 121 17.0
3 122 18.0
3 123 19.0
3 124 20.0
3 125 21.0
3 4 22.0
3 8 23.0
4 147 2.0
4 49 3.0
4 16 4.0
4 17 5.0
4 74 6.0
4 75 7.0
4 76 8.0
4 77 9.0
4 78 10.0
4 79 11.0
4 12 12.0
4 1 13.0
4 120 14.0
4 121 15.0
4 122 16.0
4 123 17.0
4 124 18.0
4 125 19.0
4 4 20.0
4 8 21.0
5 145 2.0
5 92 3.0
5 102 4.0
5 103 5.0
5 104 6.0
5 105 7.0
5 106 8.0
5 107 9.0
5 18 10.0
5 19 11.0
5 50 12.0
5 51 13.0
5 52 14.0
5 53 15.0
5 54 16.0
5 55 17.0
5 22 18.0
5 25 19.0
5 91 20.0
5 138 21.0
6 9 2.0
6 5 3.0
6 114 4.0
6 115 5.0
6 116 6.0
6 117 7.0
6 118 8.0
6 119 9.0
6 0 10.0
6 1 11.0
6 68 12.0
6 69 13.0
6 70 14.0
6 71 15.0
6 72 16.0
6 73 17.0
6 14 18.0
6 15 19.0
6 132 20.0
6 133 21.0
6 134 22.0
6 135 23.0
6 136 24.0
6 137 25.0
6 6 26.0
7 147 0.0
7 46 1.0
7 47 2.0
7 44 3.0
7 42 4.0
7 40 5.0
7 38 6.0
7 98 7.0
7 99 8.0
7 22 9.0
7 25 10.0
7 56 11.0
7 57 12.0
7 58 13.0
7 59 14.0
7 60 15.0
7 61 16.0
7 20 17.0
7 21 18.0
7 89 19.0
7 139 20.0
8 11 4.0
8 3 5.0
8 62 6.0
8 63 7.0
8 64 8.0
8 65 9.0
8 66 10.0
8 67 11.0
8 0 12.0
8 13 13.0
8 34 14.0
8 35 15.0
8 32 16.0
8 30 17.0
8 28 18.0
8 26 19.0
8 94 20.0
8 95 21.0
8 18 22.0
8 21 23.0
8 89 24.0
8 139 25.0
9 144 4.0
9 88 5.0
9 20 6.0
9 19 7.0
9 96 8.0
9 97 9.0
9 29 10.0
9 27 11.0
9 33 12.0
9 31 13.0
9 36 14.0
9 141 15.0
10 145 4.0
10 92 5.0
10 102 6.0
10 103 7.0
10 104 8.0
10 105 9.0
10 106 10.0
10 107 11.0
10 18 12.0
10 19 13.0
10 50 14.0
10 51 15.0
10 52 16.0
10 53 17.0
10 54 18.0
10 55 19.0
10 22 20.0
10 23 21.0
10 100 22.0
10 101 23.0
10 41 24.0
10 39 25.0
10 45 26.0
10 43 27.0
10 48 28.0
10 142 29.0
11 9 6.0
11 5 7.0
11 114 8.0
11 115 9.0
11 116 10.0
11 117 11.0
11 118 12.0
11 119 13.0
11 0 14.0
11 13 15.0
11 34 16.0
11 35 17.0
11 32 18.0
11 30 19.0
11 28 20.0
11 26 21.0
11 94 22.0
11 95 23.0
11 18 24.0
11 21 25.0
11 89 26.0
11 139 27.0
12 146 4.0
12 37 5.0
12 12 6.0
12 1 7.0
12 68 8.0
12 69 9.0
12 70 10.0
12 71 11.0
12 72 12.0
12 73 13.0
12 14 14.0
12 15 15.0
12 132 16.0
12 133 17.0
12 134 18.0
12 135 19.0
12 136 20.0
12 137 21.0
12 6 22.0
13 147 4.0
13 46 5.0
13 47 6.0
13 44 7.0
13 42 8.0
13 40 9.0
13 38 10.0
13 98 11.0
13 99 12.0
13 22 13.0
13 25 14.0
13 91 15.0
13 138 16.0
14 143 0.0
14 90 1.0
14 24 2.0
14 23 3.0
14 100 4.0
14 101 5.0
14 41 6.0
14 39 7.0
14 45 8.0
14 43 9.0
14 48 10.0
14 142 11.0
15 145 0.0
15 92 1.0
15 102 2.0
15 103 3.0
15 104 4.0
15 105 5.0
15 106 6.0
15 107 7.0
15 18 8.0
15 19 9.0
15 96 10.0
15 97 11.0
15 29 12.0
15 27 13.0
15 33 14.0
15 31 15.0
15 36 16.0
15 141 17.0
16 146 6.0
16 34 7.0
16 35 8.0
16 32 9.0
16 30 10.0
16 28 11.0
16 26 12.0
16 94 13.0
16 95 14.0
16 18 15.0
16 21 16.0
16 108 17.0
16 109 18.0
16 110 19.0
16 111 20.0
16 112 21.0
16 113 22.0
16 93 23.0
16 140 24.0
17 147 6.0
17 49 7.0
17 16 8.0
17 17 9.0
17 74 10.0
17 75 11.0
17 76 12.0
17 77 13.0
17 78 14.0
17 79 15.0
17 12 16.0
17 1 17.0
17 120 18.0
17 121 19.0
17 122 20.0
17 123 21.0
17 124 22.0
17 125 23.0
17 4 24.0
17 8 25.0
18 143 2.0
18 90 3.0
18 24 4.0
18 23 5.0
18 100 6.0
18 101 7.0
18 41 8.0
18 39 9.0
18 45 10.0
18 43 11.0
18 48 12.0
18 142 13.0
19 144 6.0
19 88 7.0
19 20 8.0
19 21 9.0
19 108 10.0
19 109 11.0
19 110 12.0
19 111 13.0
19 112 14.0
19 113 15.0
19 93 16.0
19 140 17.0
20 146 25.0
20 34 26.0
20 35 27.0
20 32 28.0
20 30 29.0
20 28 30.0
20 26 31.0
20 94 32.0
20 95 33.0
20 18 34.0
20 21 35.0
20 89 36.0
20 139 37.0
21 143 13.0
21 90 14.0
21 24 15.0
21 23 16.0
21 100 17.0
21 101 18.0
21 41 19.0
21 39 20.0
21 45 21.0
21 43 22.0
21 48 23.0
21 142 24.0
22 145 28.0
22 92 29.0
22 102 30.0
22 103 31.0
22 104 32.0
22 105 33.0
22 106 34.0
22 107 35.0
22 18 36.0
22 19 37.0
22 96 38.0
22 97 39.0
22 29 40.0
22 27 41.0
22 33 42.0
22 31 43.0
22 36 44.0
22 141 45.0
23 143 11.0
23 90 12.0
23 24 13.0
23 23 14.0
23 100 15.0
23 101 16.0
23 41 17.0
23 39 18.0
23 45 19.0
23 43 20.0
23 48 21.0
23 49 22.0
23 16 23.0
23 15 24.0
23 132 25.0
23 133 26.0
23 134 27.0
23 135 28.0
23 136 29.0
23 137 30.0
23 6 31.0
24 9 27.0
24 5 28.0
24 114 29.0
24 115 30.0
24 116 31.0
24 117 32.0
24 118 33.0
24 119 34.0
24 0 35.0
24 13 36.0
24 80 37.0
24 81 38.0
24 82 39.0
24 83 40.0
24 84 41.0
24 85 42.0
24 2 43.0
24 10 44.0
25 144 12.0
25 88 13.0
25 20 14.0
25 19 15.0
25 96 16.0
25 97 17.0
25 29 18.0
25 27 19.0
25 33 20.0
25 31 21.0
25 36 22.0
25 37 23.0
25 12 24.0
25 13 25.0
25 80 26.0
25 81 27.0
25 82 28.0
25 83 29.0
25 84 30.0
25 85 31.0
25 2 32.0
25 10 33.0
26 146 19.0
26 34 20.0
26 35 21.0
26 32 22.0
26 30 23.0
26 28 24.0
26 26 25.0
26 94 26.0
26 95 27.0
26 18 28.0
26 19 29.0
26 50 30.0
26 51 31.0
26 52 32.0
26 53 33.0
26 54 34.0
26 55 35.0
26 22 36.0
26 25 37.0
26 91 38.0
26 138 39.0
27 11 25.0
27 3 26.0
27 62 27.0
27 63 28.0
27 64 29.0
27 65 30.0
27 66 31.0
27 67 32.0
27 0 33.0
27 13 34.0
27 34 35.0
27 35 36.0
27 32 37.0
27 30 38.0
27 28 39.0
27 26 40.0
27 94 41.0
27 95 42.0
27 18 43.0
27 21 44.0
27 89 45.0
27 139 46.0
28 145 10.0
28 92 11.0
28 102 12.0
28 103 13.0
28 104 14.0
28 105 15.0
28 106 16.0
28 107 17.0
28 18 18.0
28 19 19.0
28 50 20.0
28 51 21.0
28 52 22.0
28 53 23.0
28 54 24.0
28 55 25.0
28 22 26.0
28 23 27.0
28 100 28.0
28 101 29.0
28 41 30.0
28 39 31.0
28 45 32.0
28 43 33.0
28 48 34.0
28 142 35.0
29 11 21.0
29 3 22.0
29 62 23.0
29 63 24.0
29 64 25.0
29 65 26.0
29 66 27.0
29 67 28.0
29 0 29.0
29 1 30.0
29 120 31.0
29 121 32.0
29 122 33.0
29 123 34.0
29 124 35.0
29 125 36.0
29 4 37.0
29 8 38.0
30 11 12.0
30 3 13.0
30 62 14.0
30 63 15.0
30 64 16.0
30 65 17.0
30 66 18.0
30 67 19.0
30 0 20.0
30 13 21.0
30 34 22.0
30 35 23.0
30 32 24.0
30 30 25.0
30 28 26.0
30 26 27.0
30 94 28.0
30 95 29.0
30 18 30.0
30 21 31.0
30 89 32.0
30 139 33.0
31 145 12.0
31 92 13.0
31 102 14.0
31 103 15.0
31 104 16.0
31 105 17.0
31 106 18.0
31 107 19.0
31 18 20.0
31 21 21.0
31 89 22.0
31 139 23.0
32 145 18.0
32 92 19.0
32 102 20.0
32 103 21.0
32 104 22.0
32 105 23.0
32 106 24.0
32 107 25.0
32 18 26.0
32 19 27.0
32 50 28.0
32 51 29.0
32 52 30.0
32 53 31.0
32 54 32.0
32 55 33.0
32 22 34.0
32 23 35.0
32 100 36.0
32 101 37.0
32 41 38.0
32 39 39.0
32 45 40.0
32 43 41.0
32 48 42.0
32 142 43.0
33 143 18.0
33 90 19.0
33 24 20.0
33 25 21.0
33 56 22.0
33 57 23.0
33 58 24.0
33 59 25.0
33 60 26.0
33 61 27.0
33 20 28.0
33 21 29.0
33 108 30.0
33 109 31.0
33 110 32.0
33 111 33.0
33 112 34.0
33 113 35.0
33 93 36.0
33 140 37.0
34 147 19.0
34 49 20.0
34 16 21.0
34 17 22.0
34 74 23.0
34 75 24.0
34 76 25.0
34 77 26.0
34 78 27.0
34 79 28.0
34 12 29.0
34 13 30.0
34 34 31.0
34 35 32.0
34 141 33.0
35 9 10.0
35 5 11.0
35 114 12.0
35 115 13.0
35 116 14.0
35 117 15.0
35 118 16.0
35 119 17.0
35 0 18.0
35 13 19.0
35 80 20.0
35 81 21.0
35 82 22.0
35 83 23.0
35 84 24.0
35 85 25.0
35 2 26.0
35 10 27.0
36 9 17.0
36 5 18.0
36 114 19.0
36 115 20.0
36 116 21.0
36 117 22.0
36 118 23.0
36 119 24.0
36 0 25.0
36 1 26.0
36 68 27.0
36 69 28.0
36 70 29.0
36 71 30.0
36 72 31.0
36 73 32.0
36 14 33.0
36 17 34.0
36 46 35.0
36 47 36.0
36 142 37.0
37 11 14.0
37 3 15.0
37 62 16.0
37 63 17.0
37 64 18.0
37 65 19.0
37 66 20.0
37 67 21.0
37 0 22.0
37 1 23.0
37 68 24.0
37 69 25.0
37 70 26.0
37 71 27.0
37 72 28.0
37 73 29.0
37 14 30.0
37 15 31.0
37 132 32.0
37 133 33.0
37 134 34.0
37 135 35.0
37 136 36.0
37 137 37.0
37 6 38.0
38 9 19.0
38 5 20.0
38 114 21.0
38 115 22.0
38 116 23.0
38 117 24.0
38 118 25.0
38 119 26.0
38 0 27.0
38 13 28.0
38 34 29.0
38 35 30.0
38 141 31.0
39 143 26.0
39 90 27.0
39 24 28.0
39 25 29.0
39 56 30.0
39 57 31.0
39 58 32.0
39 59 33.0
39 60 34.0
39 61 35.0
39 20 36.0
39 21 37.0
39 89 38.0
39 139 39.0
40 143 28.0
40 90 29.0
40 24 30.0
40 25 31.0
40 56 32.0
40 57 33.0
40 58 34.0
40 59 35.0
40 60 36.0
40 61 37.0
40 20 38.0
40 19 39.0
40 96 40.0
40 97 41.0
40 29 42.0
40 27 43.0
40 33 44.0
40 31 45.0
40 36 46.0
40 141 47.0
41 9 29.0
41 5 30.0
41 114 31.0
41 115 32.0
41 116 33.0
41 117 34.0
41 118 35.0
41 119 36.0
41 0 37.0
41 1 38.0
41 68 39.0
41 69 40.0
41 70 41.0
41 71 42.0
41 72 43.0
41 73 44.0
41 14 45.0
41 17 46.0
41 46 47.0
41 47 48.0
41 142 49.0
42 145 39.0
42 92 40.0
42 102 41.0
42 103 42.0
42 104 43.0
42 105 44.0
42 106 45.0
42 107 46.0
42 18 47.0
42 19 48.0
42 96 49.0
42 97 50.0
42 29 51.0
42 27 52.0
42 33 53.0
42 31 54.0
42 36 55.0
42 141 56.0
43 144 29.0
43 88 30.0
43 20 31.0
43 19 32.0
43 96 33.0
43 97 34.0
43 29 35.0
43 27 36.0
43 33 37.0
43 31 38.0
43 36 39.0
43 37 40.0
43 12 41.0
43 13 42.0
43 80 43.0
43 81 44.0
43 82 45.0
43 83 46.0
43 84 47.0
43 85 48.0
43 2 49.0
43 10 50.0
44 9 35.0
44 5 36.0
44 114 37.0
44 115 38.0
44 116 39.0
44 117 40.0
44 118 41.0
44 119 42.0
44 0 43.0
44 13 44.0
44 80 45.0
44 81 46.0
44 82 47.0
44 83 48.0
44 84 49.0
44 85 50.0
44 2 51.0
44 10 52.0
45 147 23.0
45 49 24.0
45 16 25.0
45 15 26.0
45 132 27.0
45 133 28.0
45 134 29.0
45 135 30.0
45 136 31.0
45 137 32.0
45 6 33.0
46 9 39.0
46 5 40.0
46 114 41.0
46 115 42.0
46 116 43.0
46 117 44.0
46 118 45.0
46 119 46.0
46 0 47.0
46 13 48.0
46 34 49.0
46 35 50.0
46 141 51.0
47 9 23.0
47 5 24.0
47 114 25.0
47 115 26.0
47 116 27.0
47 117 28.0
47 118 29.0
47 119 30.0
47 0 31.0
47 13 32.0
47 34 33.0
47 35 34.0
47 32 35.0
47 30 36.0
47 28 37.0
47 26 38.0
47 94 39.0
47 95 40.0
47 18 41.0
47 21 42.0
47 89 43.0
47 139 44.0
48 147 25.0
48 49 26.0
48 16 27.0
48 15 28.0
48 132 29.0
48 133 30.0
48 134 31.0
48 135 32.0
48 136 33.0
48 137 34.0
48 6 35.0
49 147 29.0
49 49 30.0
49 16 31.0
49 17 32.0
49 74 33.0
49 75 34.0
49 76 35.0
49 77 36.0
49 78 37.0
49 79 38.0
49 12 39.0
49 13 40.0
49 80 41.0
49 81 42.0
49 82 43.0
49 83 44.0
49 84 45.0
49 85 46.0
49 2 47.0
49 10 48.0
50 144 22.0
50 88 23.0
50 20 24.0
50 19 25.0
50 50 26.0
50 51 27.0
50 52 28.0
50 53 29.0
50 54 30.0
50 55 31.0
50 22 32.0
50 25 33.0
50 91 34.0
50 138 35.0
51 7 28.0
51 126 29.0
51 127 30.0
51 128 31.0
51 129 32.0
51 130 33.0
51 131 34.0
51 14 35.0
51 17 36.0
51 74 37.0
51 75 38.0
51 76 39.0
51 77 40.0
51 78 41.0
51 79 42.0
51 12 43.0
51 1 44.0
51 120 45.0
51 121 46.0
51 122 47.0
51 123 48.0
51 124 49.0
51 125 50.0
51 4 51.0
51 8 52.0
52 146 23.0
52 34 24.0
52 35 25.0
52 32 26.0
52 30 27.0
52 28 28.0
52 26 29.0
52 94 30.0
52 95 31.0
52 18 32.0
52 21 33.0
52 89 34.0
52 139 35.0
53 9 37.0
53 5 38.0
53 114 39.0
53 115 40.0
53 116 41.0
53 117 42.0
53 118 43.0
53 119 44.0
53 0 45.0
53 13 46.0
53 80 47.0
53 81 48.0
53 82 49.0
53 83 50.0
53 84 51.0
53 85 52.0
53 2 53.0
53 10 54.0
54 147 27.0
54 49 28.0
54 16 29.0
54 17 30.0
54 74 31.0
54 75 32.0
54 76 33.0
54 77 34.0
54 78 35.0
54 79 36.0
54 12 37.0
54 13 38.0
54 80 39.0
54 81 40.0
54 82 41.0
54 83 42.0
54 84 43.0
54 85 44.0
54 2 45.0
54 10 46.0
55 143 20.0
55 90 21.0
55 24 22.0
55 23 23.0
55 100 24.0
55 101 25.0
55 41 26.0
55 39 27.0
55 45 28.0
55 43 29.0
55 48 30.0
55 142 31.0
56 7 20.0
56 126 21.0
56 127 22.0
56 128 23.0
56 129 24.0
56 130 25.0
56 131 26.0
56 14 27.0
56 17 28.0
56 74 29.0
56 75 30.0
56 76 31.0
56 77 32.0
56 78 33.0
56 79 34.0
56 12 35.0
56 1 36.0
56 120 37.0
56 121 38.0
56 122 39.0
56 123 40.0
56 124 41.0
56 125 42.0
56 4 43.0
56 8 44.0
57 145 30.0
57 92 31.0
57 102 32.0
57 103 33.0
57 104 34.0
57 105 35.0
57 106 36.0
57 107 37.0
57 18 38.0
57 21 39.0
57 89 40.0
57 139 41.0
58 143 23.0
58 90 24.0
58 24 25.0
58 25 26.0
58 56 27.0
58 57 28.0
58 58 29.0
58 59 30.0
58 60 31.0
58 61 32.0
58 20 33.0
58 19 34.0
58 96 35.0
58 97 36.0
58 29 37.0
58 27 38.0
58 33 39.0
58 31 40.0
58 36 41.0
58 141 42.0
59 144 38.0
59 88 39.0
59 20 40.0
59 19 41.0
59 96 42.0
59 97 43.0
59 29 44.0
59 27 45.0
59 33 46.0
59 31 47.0
59 36 48.0
59 141 49.0
60 147 36.0
60 46 37.0
60 47 38.0
60 44 39.0
60 42 40.0
60 40 41.0
60 38 42.0
60 98 43.0
60 99 44.0
60 22 45.0
60 25 46.0
60 56 47.0
60 57 48.0
60 58 49.0
60 59 50.0
60 60 51.0
60 61 52.0
60 20 53.0
60 21 54.0
60 89 55.0
60 139 56.0
61 143 39.0
61 90 40.0
61 24 41.0
61 25 42.0
61 56 43.0
61 57 44.0
61 58 45.0
61 59 46.0
61 60 47.0
61 61 48.0
61 20 49.0
61 19 50.0
61 96 51.0
61 97 52.0
61 29 53.0
61 27 54.0
61 33 55.0
61 31 56.0
61 36 57.0
61 141 58.0
62 11 49.0
62 3 50.0
62 62 51.0
62 63 52.0
62 64 53.0
62 65 54.0
62 66 55.0
62 67 56.0
62 0 57.0
62 13 58.0
62 34 59.0
62 35 60.0
62 32 61.0
62 30 62.0
62 28 63.0
62 26 64.0
62 94 65.0
62 95 66.0
62 18 67.0
62 21 68.0
62 89 69.0
62 139 70.0
63 11 47.0
63 3 48.0
63 62 49.0
63 63 50.0
63 64 51.0
63 65 52.0
63 66 53.0
63 67 54.0
63 0 55.0
63 13 56.0
63 34 57.0
63 35 58.0
63 32 59.0
63 30 60.0
63 28 61.0
63 26 62.0
63 94 63.0
63 95 64.0
63 18 65.0
63 21 66.0
63 89 67.0
63 139 68.0
64 7 32.0
64 126 33.0
64 127 34.0
64 128 35.0
64 129 36.0
64 130 37.0
64 131 38.0
64 14 39.0
64 17 40.0
64 46 41.0
64 47 42.0
64 44 43.0
64 42 44.0
64 40 45.0
64 38 46.0
64 98 47.0
64 99 48.0
64 22 49.0
64 25 50.0
64 91 51.0
64 138 52.0
65 11 41.0
65 3 42.0
65 62 43.0
65 63 44.0
65 64 45.0
65 65 46.0
65 66 47.0
65 67 48.0
65 0 49.0
65 1 50.0
65 68 51.0
65 69 52.0
65 70 53.0
65 71 54.0
65 72 55.0
65 73 56.0
65 14 57.0
65 17 58.0
65 46 59.0
65 47 60.0
65 142 61.0
66 147 38.0
66 46 39.0
66 47 40.0
66 44 41.0
66 42 42.0
66 40 43.0
66 38 44.0
66 98 45.0
66 99 46.0
66 22 47.0
66 25 48.0
66 91 49.0
66 138 50.0
67 11 31.0
67 3 32.0
67 62 33.0
67 63 34.0
67 64 35.0
67 65 36.0
67 66 37.0
67 67 38.0
67 0 39.0
67 1 40.0
67 68 41.0
67 69 42.0
67 70 43.0
67 71 44.0
67 72 45.0
67 73 46.0
67 14 47.0
67 15 48.0
67 132 49.0
67 133 50.0
67 134 51.0
67 135 52.0
67 136 53.0
67 137 54.0
67 6 55.0
68 143 37.0
68 90 38.0
68 24 39.0
68 25 40.0
68 56 41.0
68 57 42.0
68 58 43.0
68 59 44.0
68 60 45.0
68 61 46.0
68 20 47.0
68 21 48.0
68 108 49.0
68 109 50.0
68 110 51.0
68 111 52.0
68 112 53.0
68 113 54.0
68 93 55.0
68 140 56.0
70 144 49.0
70 88 50.0
70 20 51.0
70 19 52.0
70 96 53.0
70 97 54.0
70 29 55.0
70 27 56.0
70 33 57.0
70 31 58.0
70 36 59.0
70 141 60.0
71 9 33.0
71 5 34.0
71 114 35.0
71 115 36.0
71 116 37.0
71 117 38.0
71 118 39.0
71 119 40.0
71 0 41.0
71 1 42.0
71 68 43.0
71 69 44.0
71 70 45.0
71 71 46.0
71 72 47.0
71 73 48.0
71 14 49.0
71 15 50.0
71 132 51.0
71 133 52.0
71 134 53.0
71 135 54.0
71 136 55.0
71 137 56.0
71 6 57.0
72 11 43.0
72 3 44.0
72 62 45.0
72 63 46.0
72 64 47.0
72 65 48.0
72 66 49.0
72 67 50.0
72 0 51.0
72 1 52.0
72 68 53.0
72 69 54.0
72 70 55.0
72 71 56.0
72 72 57.0
72 73 58.0
72 14 59.0
72 17 60.0
72 46 61.0
72 47 62.0
72 142 63.0
73 144 41.0
73 88 42.0
73 20 43.0
73 19 44.0
73 96 45.0
73 97 46.0
73 29 47.0
73 27 48.0
73 33 49.0
73 31 50.0
73 36 51.0
73 37 52.0
73 12 53.0
73 1 54.0
73 120 55.0
73 121 56.0
73 122 57.0
73 123 58.0
73 124 59.0
73 125 60.0
73 4 61.0
73 8 62.0
74 143 34.0
74 90 35.0
74 24 36.0
74 23 37.0
74 100 38.0
74 101 39.0
74 41 40.0
74 39 41.0
74 45 42.0
74 43 43.0
74 48 44.0
74 142 45.0
75 7 34.0
75 126 35.0
75 127 36.0
75 128 37.0
75 129 38.0
75 130 39.0
75 131 40.0
75 14 41.0
75 17 42.0
75 74 43.0
75 75 44.0
75 76 45.0
75 77 46.0
75 78 47.0
75 79 48.0
75 12 49.0
75 13 50.0
75 80 51.0
75 81 52.0
75 82 53.0
75 83 54.0
75 84 55.0
75 85 56.0
75 2 57.0
75 10 58.0
76 9 45.0
76 5 46.0
76 114 47.0
76 115 48.0
76 116 49.0
76 117 50.0
76 118 51.0
76 119 52.0
76 0 53.0
76 13 54.0
76 34 55.0
76 35 56.0
76 32 57.0
76 30 58.0
76 28 59.0
76 26 60.0
76 94 61.0
76 95 62.0
76 18 63.0
76 21 64.0
76 89 65.0
76 139 66.0
77 143 30.0
77 90 31.0
77 24 32.0
77 23 33.0
77 100 34.0
77 101 35.0
77 41 36.0
77 39 37.0
77 45 38.0
77 43 39.0
77 48 40.0
77 142 41.0
78 145 37.0
78 92 38.0
78 102 39.0
78 103 40.0
78 104 41.0
78 105 42.0
78 106 43.0
78 107 44.0
78 18 45.0
78 19 46.0
78 96 47.0
78 97 48.0
78 29 49.0
78 27 50.0
78 33 51.0
78 31 52.0
78 36 53.0
78 141 54.0
79 7 36.0
79 126 37.0
79 127 38.0
79 128 39.0
79 129 40.0
79 130 41.0
79 131 42.0
79 14 43.0
79 17 44.0
79 74 45.0
79 75 46.0
79 76 47.0
79 77 48.0
79 78 49.0
79 79 50.0
79 12 51.0
79 13 52.0
79 80 53.0
79 81 54.0
79 82 55.0
79 83 56.0
79 84 57.0
79 85 58.0
79 2 59.0
79 10 60.0
86 147 40.0
86 49 41.0
86 16 42.0
86 15 43.0
86 132 44.0
86 133 45.0
86 134 46.0
86 135 47.0
86 136 48.0
86 137 49.0
86 6 50.0
87 146 43.0
87 37 44.0
87 12 45.0
87 1 46.0
87 120 47.0
87 121 48.0
87 122 49.0
87 123 50.0
87 124 51.0
87 125 52.0
87 4 53.0
87 8 54.0
88 146 46.0
88 34 47.0
88 35 48.0
88 32 49.0
88 30 50.0
88 28 51.0
88 26 52.0
88 94 53.0
88 95 54.0
88 18 55.0
88 19 56.0
88 50 57.0
88 51 58.0
88 52 59.0
88 53 60.0
88 54 61.0
88 55 62.0
88 22 63.0
88 25 64.0
88 91 65.0
88 138 66.0
90 7 46.0
90 126 47.0
90 127 48.0
90 128 49.0
90 129 50.0
90 130 51.0
90 131 52.0
90 14 53.0
90 17 54.0
90 74 55.0
90 75 56.0
90 76 57.0
90 77 58.0
90 78 59.0
90 79 60.0
90 12 61.0
90 1 62.0
90 120 63.0
90 121 64.0
90 122 65.0
90 123 66.0
90 124 67.0
90 125 68.0
90 4 69.0
90 8 70.0
92 7 44.0
92 126 45.0
92 127 46.0
92 128 47.0
92 129 48.0
92 130 49.0
92 131 50.0
92 14 51.0
92 17 52.0
92 46 53.0
92 47 54.0
92 142 55.0
93 146 40.0
93 34 41.0
93 35 42.0
93 32 43.0
93 30 44.0
93 28 45.0
93 26 46.0
93 94 47.0
93 95 48.0
93 18 49.0
93 21 50.0
93 89 51.0
93 139 52.0
97 143 49.0
97 90 50.0
97 24 51.0
97 25 52.0
97 56 53.0
97 57 54.0
97 58 55.0
97 59 56.0
97 60 57.0
97 61 58.0
97 20 59.0
97 21 60.0
97 108 61.0
97 109 62.0
97 110 63.0
97 111 64.0
97 112 65.0
97 113 66.0
97 93 67.0
97 140 68.0
98 7 48.0
98 126 49.0
98 127 50.0
98 128 51.0
98 129 52.0
98 130 53.0
98 131 54.0
98 14 55.0
98 17 56.0
98 46 57.0
98 47 58.0
98 44 59.0
98 42 60.0
98 40 61.0
98 38 62.0
98 98 63.0
98 99 64.0
98 22 65.0
98 25 66.0
98 91 67.0
98 138 68.0
99 147 47.0
99 49 48.0
99 16 49.0
99 17 50.0
99 74 51.0
99 75 52.0
99 76 53.0
99 77 54.0
99 78 55.0
99 79 56.0
99 12 57.0
99 1 58.0
99 120 59.0
99 121 60.0
99 122 61.0
99 123 62.0
99 124 63.0
99 125 64.0
99 4 65.0
99 8 66.0
100 11 12
100 3 13.0
100 62 14.0
100 63 15.0
100 64 16.0
100 65 17.0
100 66 18.0
100 67 19.0
100 0 20.0
100 13 21.0
100 34 22.0
100 35 23.0
100 32 24.0
100 30 25.0
100 28 26.0
100 26 27.0
100 94 28.0
100 95 29.0
100 18 30.0
100 21 31.0
100 89 32.0
100 139 33.0
;
param t_hat_lat:=
0 11 1.0
0 3 2.0
0 62 3.0
0 63 4.0
0 64 5.0
0 65 6.0
0 66 7.0
0 67 8.0
0 0 9.0
0 1 10.0
0 68 11.0
0 69 12.0
0 70 13.0
0 71 14.0
0 72 15.0
0 73 16.0
0 14 17.0
0 15 18.0
0 132 19.0
0 133 20.0
0 134 21.0
0 135 22.0
0 136 23.0
0 137 24.0
0 6 25.0
1 144 1.0
1 88 2.0
1 20 3.0
1 21 4.0
1 108 5.0
1 109 6.0
1 110 7.0
1 111 8.0
1 112 9.0
1 113 10.0
1 93 11.0
1 140 12.0
2 7 6.0
2 126 7.0
2 127 8.0
2 128 9.0
2 129 10.0
2 130 11.0
2 131 12.0
2 14 13.0
2 17 14.0
2 46 15.0
2 47 16.0
2 44 17.0
2 42 18.0
2 40 19.0
2 38 20.0
2 98 21.0
2 99 22.0
2 22 23.0
2 25 24.0
2 91 25.0
2 138 26.0
3 144 3.0
3 88 4.0
3 20 5.0
3 19 6.0
3 96 7.0
3 97 8.0
3 29 9.0
3 27 10.0
3 33 11.0
3 31 12.0
3 36 13.0
3 37 14.0
3 12 15.0
3 1 16.0
3 120 17.0
3 121 18.0
3 122 19.0
3 123 20.0
3 124 21.0
3 125 22.0
3 4 23.0
3 8 24.0
4 147 3.0
4 49 4.0
4 16 5.0
4 17 6.0
4 74 7.0
4 75 8.0
4 76 9.0
4 77 10.0
4 78 11.0
4 79 12.0
4 12 13.0
4 1 14.0
4 120 15.0
4 121 16.0
4 122 17.0
4 123 18.0
4 124 19.0
4 125 20.0
4 4 21.0
4 8 22.0
5 145 3.0
5 92 4.0
5 102 5.0
5 103 6.0
5 104 7.0
5 105 8.0
5 106 9.0
5 107 10.0
5 18 11.0
5 19 12.0
5 50 13.0
5 51 14.0
5 52 15.0
5 53 16.0
5 54 17.0
5 55 18.0
5 22 19.0
5 25 20.0
5 91 21.0
5 138 22.0
6 9 3.0
6 5 4.0
6 114 5.0
6 115 6.0
6 116 7.0
6 117 8.0
6 118 9.0
6 119 10.0
6 0 11.0
6 1 12.0
6 68 13.0
6 69 14.0
6 70 15.0
6 71 16.0
6 72 17.0
6 73 18.0
6 14 19.0
6 15 20.0
6 132 21.0
6 133 22.0
6 134 23.0
6 135 24.0
6 136 25.0
6 137 26.0
6 6 27.0
7 147 1.0
7 46 2.0
7 47 3.0
7 44 4.0
7 42 5.0
7 40 6.0
7 38 7.0
7 98 8.0
7 99 9.0
7 22 10.0
7 25 11.0
7 56 12.0
7 57 13.0
7 58 14.0
7 59 15.0
7 60 16.0
7 61 17.0
7 20 18.0
7 21 19.0
7 89 20.0
7 139 21.0
8 11 5.0
8 3 6.0
8 62 7.0
8 63 8.0
8 64 9.0
8 65 10.0
8 66 11.0
8 67 12.0
8 0 13.0
8 13 14.0
8 34 15.0
8 35 16.0
8 32 17.0
8 30 18.0
8 28 19.0
8 26 20.0
8 94 21.0
8 95 22.0
8 18 23.0
8 21 24.0
8 89 25.0
8 139 26.0
9 144 5.0
9 88 6.0
9 20 7.0
9 19 8.0
9 96 9.0
9 97 10.0
9 29 11.0
9 27 12.0
9 33 13.0
9 31 14.0
9 36 15.0
9 141 16.0
10 145 5.0
10 92 6.0
10 102 7.0
10 103 8.0
10 104 9.0
10 105 10.0
10 106 11.0
10 107 12.0
10 18 13.0
10 19 14.0
10 50 15.0
10 51 16.0
10 52 17.0
10 53 18.0
10 54 19.0
10 55 20.0
10 22 21.0
10 23 22.0
10 100 23.0
10 101 24.0
10 41 25.0
10 39 26.0
10 45 27.0
10 43 28.0
10 48 29.0
10 142 30.0
11 9 7.0
11 5 8.0
11 114 9.0
11 115 10.0
11 116 11.0
11 117 12.0
11 118 13.0
11 119 14.0
11 0 15.0
11 13 16.0
11 34 17.0
11 35 18.0
11 32 19.0
11 30 20.0
11 28 21.0
11 26 22.0
11 94 23.0
11 95 24.0
11 18 25.0
11 21 26.0
11 89 27.0
11 139 28.0
12 146 5.0
12 37 6.0
12 12 7.0
12 1 8.0
12 68 9.0
12 69 10.0
12 70 11.0
12 71 12.0
12 72 13.0
12 73 14.0
12 14 15.0
12 15 16.0
12 132 17.0
12 133 18.0
12 134 19.0
12 135 20.0
12 136 21.0
12 137 22.0
12 6 23.0
13 147 5.0
13 46 6.0
13 47 7.0
13 44 8.0
13 42 9.0
13 40 10.0
13 38 11.0
13 98 12.0
13 99 13.0
13 22 14.0
13 25 15.0
13 91 16.0
13 138 17.0
14 143 1.0
14 90 2.0
14 24 3.0
14 23 4.0
14 100 5.0
14 101 6.0
14 41 7.0
14 39 8.0
14 45 9.0
14 43 10.0
14 48 11.0
14 142 12.0
15 145 1.0
15 92 2.0
15 102 3.0
15 103 4.0
15 104 5.0
15 105 6.0
15 106 7.0
15 107 8.0
15 18 9.0
15 19 10.0
15 96 11.0
15 97 12.0
15 29 13.0
15 27 14.0
15 33 15.0
15 31 16.0
15 36 17.0
15 141 18.0
16 146 7.0
16 34 8.0
16 35 9.0
16 32 10.0
16 30 11.0
16 28 12.0
16 26 13.0
16 94 14.0
16 95 15.0
16 18 16.0
16 21 17.0
16 108 18.0
16 109 19.0
16 110 20.0
16 111 21.0
16 112 22.0
16 113 23.0
16 93 24.0
16 140 25.0
17 147 7.0
17 49 8.0
17 16 9.0
17 17 10.0
17 74 11.0
17 75 12.0
17 76 13.0
17 77 14.0
17 78 15.0
17 79 16.0
17 12 17.0
17 1 18.0
17 120 19.0
17 121 20.0
17 122 21.0
17 123 22.0
17 124 23.0
17 125 24.0
17 4 25.0
17 8 26.0
18 143 3.0
18 90 4.0
18 24 5.0
18 23 6.0
18 100 7.0
18 101 8.0
18 41 9.0
18 39 10.0
18 45 11.0
18 43 12.0
18 48 13.0
18 142 14.0
19 144 7.0
19 88 8.0
19 20 9.0
19 21 10.0
19 108 11.0
19 109 12.0
19 110 13.0
19 111 14.0
19 112 15.0
19 113 16.0
19 93 17.0
19 140 18.0
20 146 26.0
20 34 27.0
20 35 28.0
20 32 29.0
20 30 30.0
20 28 31.0
20 26 32.0
20 94 33.0
20 95 34.0
20 18 35.0
20 21 36.0
20 89 37.0
20 139 38.0
21 143 14.0
21 90 15.0
21 24 16.0
21 23 17.0
21 100 18.0
21 101 19.0
21 41 20.0
21 39 21.0
21 45 22.0
21 43 23.0
21 48 24.0
21 142 25.0
22 145 29.0
22 92 30.0
22 102 31.0
22 103 32.0
22 104 33.0
22 105 34.0
22 106 35.0
22 107 36.0
22 18 37.0
22 19 38.0
22 96 39.0
22 97 40.0
22 29 41.0
22 27 42.0
22 33 43.0
22 31 44.0
22 36 45.0
22 141 46.0
23 143 12.0
23 90 13.0
23 24 14.0
23 23 15.0
23 100 16.0
23 101 17.0
23 41 18.0
23 39 19.0
23 45 20.0
23 43 21.0
23 48 22.0
23 49 23.0
23 16 24.0
23 15 25.0
23 132 26.0
23 133 27.0
23 134 28.0
23 135 29.0
23 136 30.0
23 137 31.0
23 6 32.0
24 9 28.0
24 5 29.0
24 114 30.0
24 115 31.0
24 116 32.0
24 117 33.0
24 118 34.0
24 119 35.0
24 0 36.0
24 13 37.0
24 80 38.0
24 81 39.0
24 82 40.0
24 83 41.0
24 84 42.0
24 85 43.0
24 2 44.0
24 10 45.0
25 144 13.0
25 88 14.0
25 20 15.0
25 19 16.0
25 96 17.0
25 97 18.0
25 29 19.0
25 27 20.0
25 33 21.0
25 31 22.0
25 36 23.0
25 37 24.0
25 12 25.0
25 13 26.0
25 80 27.0
25 81 28.0
25 82 29.0
25 83 30.0
25 84 31.0
25 85 32.0
25 2 33.0
25 10 34.0
26 146 20.0
26 34 21.0
26 35 22.0
26 32 23.0
26 30 24.0
26 28 25.0
26 26 26.0
26 94 27.0
26 95 28.0
26 18 29.0
26 19 30.0
26 50 31.0
26 51 32.0
26 52 33.0
26 53 34.0
26 54 35.0
26 55 36.0
26 22 37.0
26 25 38.0
26 91 39.0
26 138 40.0
27 11 26.0
27 3 27.0
27 62 28.0
27 63 29.0
27 64 30.0
27 65 31.0
27 66 32.0
27 67 33.0
27 0 34.0
27 13 35.0
27 34 36.0
27 35 37.0
27 32 38.0
27 30 39.0
27 28 40.0
27 26 41.0
27 94 42.0
27 95 43.0
27 18 44.0
27 21 45.0
27 89 46.0
27 139 47.0
28 145 11.0
28 92 12.0
28 102 13.0
28 103 14.0
28 104 15.0
28 105 16.0
28 106 17.0
28 107 18.0
28 18 19.0
28 19 20.0
28 50 21.0
28 51 22.0
28 52 23.0
28 53 24.0
28 54 25.0
28 55 26.0
28 22 27.0
28 23 28.0
28 100 29.0
28 101 30.0
28 41 31.0
28 39 32.0
28 45 33.0
28 43 34.0
28 48 35.0
28 142 36.0
29 11 22.0
29 3 23.0
29 62 24.0
29 63 25.0
29 64 26.0
29 65 27.0
29 66 28.0
29 67 29.0
29 0 30.0
29 1 31.0
29 120 32.0
29 121 33.0
29 122 34.0
29 123 35.0
29 124 36.0
29 125 37.0
29 4 38.0
29 8 39.0
30 11 13.0
30 3 14.0
30 62 15.0
30 63 16.0
30 64 17.0
30 65 18.0
30 66 19.0
30 67 20.0
30 0 21.0
30 13 22.0
30 34 23.0
30 35 24.0
30 32 25.0
30 30 26.0
30 28 27.0
30 26 28.0
30 94 29.0
30 95 30.0
30 18 31.0
30 21 32.0
30 89 33.0
30 139 34.0
31 145 13.0
31 92 14.0
31 102 15.0
31 103 16.0
31 104 17.0
31 105 18.0
31 106 19.0
31 107 20.0
31 18 21.0
31 21 22.0
31 89 23.0
31 139 24.0
32 145 19.0
32 92 20.0
32 102 21.0
32 103 22.0
32 104 23.0
32 105 24.0
32 106 25.0
32 107 26.0
32 18 27.0
32 19 28.0
32 50 29.0
32 51 30.0
32 52 31.0
32 53 32.0
32 54 33.0
32 55 34.0
32 22 35.0
32 23 36.0
32 100 37.0
32 101 38.0
32 41 39.0
32 39 40.0
32 45 41.0
32 43 42.0
32 48 43.0
32 142 44.0
33 143 19.0
33 90 20.0
33 24 21.0
33 25 22.0
33 56 23.0
33 57 24.0
33 58 25.0
33 59 26.0
33 60 27.0
33 61 28.0
33 20 29.0
33 21 30.0
33 108 31.0
33 109 32.0
33 110 33.0
33 111 34.0
33 112 35.0
33 113 36.0
33 93 37.0
33 140 38.0
34 147 20.0
34 49 21.0
34 16 22.0
34 17 23.0
34 74 24.0
34 75 25.0
34 76 26.0
34 77 27.0
34 78 28.0
34 79 29.0
34 12 30.0
34 13 31.0
34 34 32.0
34 35 33.0
34 141 34.0
35 9 11.0
35 5 12.0
35 114 13.0
35 115 14.0
35 116 15.0
35 117 16.0
35 118 17.0
35 119 18.0
35 0 19.0
35 13 20.0
35 80 21.0
35 81 22.0
35 82 23.0
35 83 24.0
35 84 25.0
35 85 26.0
35 2 27.0
35 10 28.0
36 9 18.0
36 5 19.0
36 114 20.0
36 115 21.0
36 116 22.0
36 117 23.0
36 118 24.0
36 119 25.0
36 0 26.0
36 1 27.0
36 68 28.0
36 69 29.0
36 70 30.0
36 71 31.0
36 72 32.0
36 73 33.0
36 14 34.0
36 17 35.0
36 46 36.0
36 47 37.0
36 142 38.0
37 11 15.0
37 3 16.0
37 62 17.0
37 63 18.0
37 64 19.0
37 65 20.0
37 66 21.0
37 67 22.0
37 0 23.0
37 1 24.0
37 68 25.0
37 69 26.0
37 70 27.0
37 71 28.0
37 72 29.0
37 73 30.0
37 14 31.0
37 15 32.0
37 132 33.0
37 133 34.0
37 134 35.0
37 135 36.0
37 136 37.0
37 137 38.0
37 6 39.0
38 9 20.0
38 5 21.0
38 114 22.0
38 115 23.0
38 116 24.0
38 117 25.0
38 118 26.0
38 119 27.0
38 0 28.0
38 13 29.0
38 34 30.0
38 35 31.0
38 141 32.0
39 143 27.0
39 90 28.0
39 24 29.0
39 25 30.0
39 56 31.0
39 57 32.0
39 58 33.0
39 59 34.0
39 60 35.0
39 61 36.0
39 20 37.0
39 21 38.0
39 89 39.0
39 139 40.0
40 143 29.0
40 90 30.0
40 24 31.0
40 25 32.0
40 56 33.0
40 57 34.0
40 58 35.0
40 59 36.0
40 60 37.0
40 61 38.0
40 20 39.0
40 19 40.0
40 96 41.0
40 97 42.0
40 29 43.0
40 27 44.0
40 33 45.0
40 31 46.0
40 36 47.0
40 141 48.0
41 9 30.0
41 5 31.0
41 114 32.0
41 115 33.0
41 116 34.0
41 117 35.0
41 118 36.0
41 119 37.0
41 0 38.0
41 1 39.0
41 68 40.0
41 69 41.0
41 70 42.0
41 71 43.0
41 72 44.0
41 73 45.0
41 14 46.0
41 17 47.0
41 46 48.0
41 47 49.0
41 142 50.0
42 145 40.0
42 92 41.0
42 102 42.0
42 103 43.0
42 104 44.0
42 105 45.0
42 106 46.0
42 107 47.0
42 18 48.0
42 19 49.0
42 96 50.0
42 97 51.0
42 29 52.0
42 27 53.0
42 33 54.0
42 31 55.0
42 36 56.0
42 141 57.0
43 144 30.0
43 88 31.0
43 20 32.0
43 19 33.0
43 96 34.0
43 97 35.0
43 29 36.0
43 27 37.0
43 33 38.0
43 31 39.0
43 36 40.0
43 37 41.0
43 12 42.0
43 13 43.0
43 80 44.0
43 81 45.0
43 82 46.0
43 83 47.0
43 84 48.0
43 85 49.0
43 2 50.0
43 10 51.0
44 9 36.0
44 5 37.0
44 114 38.0
44 115 39.0
44 116 40.0
44 117 41.0
44 118 42.0
44 119 43.0
44 0 44.0
44 13 45.0
44 80 46.0
44 81 47.0
44 82 48.0
44 83 49.0
44 84 50.0
44 85 51.0
44 2 52.0
44 10 53.0
45 147 24.0
45 49 25.0
45 16 26.0
45 15 27.0
45 132 28.0
45 133 29.0
45 134 30.0
45 135 31.0
45 136 32.0
45 137 33.0
45 6 34.0
46 9 40.0
46 5 41.0
46 114 42.0
46 115 43.0
46 116 44.0
46 117 45.0
46 118 46.0
46 119 47.0
46 0 48.0
46 13 49.0
46 34 50.0
46 35 51.0
46 141 52.0
47 9 24.0
47 5 25.0
47 114 26.0
47 115 27.0
47 116 28.0
47 117 29.0
47 118 30.0
47 119 31.0
47 0 32.0
47 13 33.0
47 34 34.0
47 35 35.0
47 32 36.0
47 30 37.0
47 28 38.0
47 26 39.0
47 94 40.0
47 95 41.0
47 18 42.0
47 21 43.0
47 89 44.0
47 139 45.0
48 147 26.0
48 49 27.0
48 16 28.0
48 15 29.0
48 132 30.0
48 133 31.0
48 134 32.0
48 135 33.0
48 136 34.0
48 137 35.0
48 6 36.0
49 147 30.0
49 49 31.0
49 16 32.0
49 17 33.0
49 74 34.0
49 75 35.0
49 76 36.0
49 77 37.0
49 78 38.0
49 79 39.0
49 12 40.0
49 13 41.0
49 80 42.0
49 81 43.0
49 82 44.0
49 83 45.0
49 84 46.0
49 85 47.0
49 2 48.0
49 10 49.0
50 144 23.0
50 88 24.0
50 20 25.0
50 19 26.0
50 50 27.0
50 51 28.0
50 52 29.0
50 53 30.0
50 54 31.0
50 55 32.0
50 22 33.0
50 25 34.0
50 91 35.0
50 138 36.0
51 7 29.0
51 126 30.0
51 127 31.0
51 128 32.0
51 129 33.0
51 130 34.0
51 131 35.0
51 14 36.0
51 17 37.0
51 74 38.0
51 75 39.0
51 76 40.0
51 77 41.0
51 78 42.0
51 79 43.0
51 12 44.0
51 1 45.0
51 120 46.0
51 121 47.0
51 122 48.0
51 123 49.0
51 124 50.0
51 125 51.0
51 4 52.0
51 8 53.0
52 146 24.0
52 34 25.0
52 35 26.0
52 32 27.0
52 30 28.0
52 28 29.0
52 26 30.0
52 94 31.0
52 95 32.0
52 18 33.0
52 21 34.0
52 89 35.0
52 139 36.0
53 9 38.0
53 5 39.0
53 114 40.0
53 115 41.0
53 116 42.0
53 117 43.0
53 118 44.0
53 119 45.0
53 0 46.0
53 13 47.0
53 80 48.0
53 81 49.0
53 82 50.0
53 83 51.0
53 84 52.0
53 85 53.0
53 2 54.0
53 10 55.0
54 147 28.0
54 49 29.0
54 16 30.0
54 17 31.0
54 74 32.0
54 75 33.0
54 76 34.0
54 77 35.0
54 78 36.0
54 79 37.0
54 12 38.0
54 13 39.0
54 80 40.0
54 81 41.0
54 82 42.0
54 83 43.0
54 84 44.0
54 85 45.0
54 2 46.0
54 10 47.0
55 143 21.0
55 90 22.0
55 24 23.0
55 23 24.0
55 100 25.0
55 101 26.0
55 41 27.0
55 39 28.0
55 45 29.0
55 43 30.0
55 48 31.0
55 142 32.0
56 7 21.0
56 126 22.0
56 127 23.0
56 128 24.0
56 129 25.0
56 130 26.0
56 131 27.0
56 14 28.0
56 17 29.0
56 74 30.0
56 75 31.0
56 76 32.0
56 77 33.0
56 78 34.0
56 79 35.0
56 12 36.0
56 1 37.0
56 120 38.0
56 121 39.0
56 122 40.0
56 123 41.0
56 124 42.0
56 125 43.0
56 4 44.0
56 8 45.0
57 145 31.0
57 92 32.0
57 102 33.0
57 103 34.0
57 104 35.0
57 105 36.0
57 106 37.0
57 107 38.0
57 18 39.0
57 21 40.0
57 89 41.0
57 139 42.0
58 143 24.0
58 90 25.0
58 24 26.0
58 25 27.0
58 56 28.0
58 57 29.0
58 58 30.0
58 59 31.0
58 60 32.0
58 61 33.0
58 20 34.0
58 19 35.0
58 96 36.0
58 97 37.0
58 29 38.0
58 27 39.0
58 33 40.0
58 31 41.0
58 36 42.0
58 141 43.0
59 144 39.0
59 88 40.0
59 20 41.0
59 19 42.0
59 96 43.0
59 97 44.0
59 29 45.0
59 27 46.0
59 33 47.0
59 31 48.0
59 36 49.0
59 141 50.0
60 147 37.0
60 46 38.0
60 47 39.0
60 44 40.0
60 42 41.0
60 40 42.0
60 38 43.0
60 98 44.0
60 99 45.0
60 22 46.0
60 25 47.0
60 56 48.0
60 57 49.0
60 58 50.0
60 59 51.0
60 60 52.0
60 61 53.0
60 20 54.0
60 21 55.0
60 89 56.0
60 139 57.0
61 143 40.0
61 90 41.0
61 24 42.0
61 25 43.0
61 56 44.0
61 57 45.0
61 58 46.0
61 59 47.0
61 60 48.0
61 61 49.0
61 20 50.0
61 19 51.0
61 96 52.0
61 97 53.0
61 29 54.0
61 27 55.0
61 33 56.0
61 31 57.0
61 36 58.0
61 141 59.0
62 11 50.0
62 3 51.0
62 62 52.0
62 63 53.0
62 64 54.0
62 65 55.0
62 66 56.0
62 67 57.0
62 0 58.0
62 13 59.0
62 34 60.0
62 35 61.0
62 32 62.0
62 30 63.0
62 28 64.0
62 26 65.0
62 94 66.0
62 95 67.0
62 18 68.0
62 21 69.0
62 89 70.0
62 139 71.0
63 11 48.0
63 3 49.0
63 62 50.0
63 63 51.0
63 64 52.0
63 65 53.0
63 66 54.0
63 67 55.0
63 0 56.0
63 13 57.0
63 34 58.0
63 35 59.0
63 32 60.0
63 30 61.0
63 28 62.0
63 26 63.0
63 94 64.0
63 95 65.0
63 18 66.0
63 21 67.0
63 89 68.0
63 139 69.0
64 7 33.0
64 126 34.0
64 127 35.0
64 128 36.0
64 129 37.0
64 130 38.0
64 131 39.0
64 14 40.0
64 17 41.0
64 46 42.0
64 47 43.0
64 44 44.0
64 42 45.0
64 40 46.0
64 38 47.0
64 98 48.0
64 99 49.0
64 22 50.0
64 25 51.0
64 91 52.0
64 138 53.0
65 11 42.0
65 3 43.0
65 62 44.0
65 63 45.0
65 64 46.0
65 65 47.0
65 66 48.0
65 67 49.0
65 0 50.0
65 1 51.0
65 68 52.0
65 69 53.0
65 70 54.0
65 71 55.0
65 72 56.0
65 73 57.0
65 14 58.0
65 17 59.0
65 46 60.0
65 47 61.0
65 142 62.0
66 147 39.0
66 46 40.0
66 47 41.0
66 44 42.0
66 42 43.0
66 40 44.0
66 38 45.0
66 98 46.0
66 99 47.0
66 22 48.0
66 25 49.0
66 91 50.0
66 138 51.0
67 11 32.0
67 3 33.0
67 62 34.0
67 63 35.0
67 64 36.0
67 65 37.0
67 66 38.0
67 67 39.0
67 0 40.0
67 1 41.0
67 68 42.0
67 69 43.0
67 70 44.0
67 71 45.0
67 72 46.0
67 73 47.0
67 14 48.0
67 15 49.0
67 132 50.0
67 133 51.0
67 134 52.0
67 135 53.0
67 136 54.0
67 137 55.0
67 6 56.0
68 143 38.0
68 90 39.0
68 24 40.0
68 25 41.0
68 56 42.0
68 57 43.0
68 58 44.0
68 59 45.0
68 60 46.0
68 61 47.0
68 20 48.0
68 21 49.0
68 108 50.0
68 109 51.0
68 110 52.0
68 111 53.0
68 112 54.0
68 113 55.0
68 93 56.0
68 140 57.0
70 144 50.0
70 88 51.0
70 20 52.0
70 19 53.0
70 96 54.0
70 97 55.0
70 29 56.0
70 27 57.0
70 33 58.0
70 31 59.0
70 36 60.0
70 141 61.0
71 9 34.0
71 5 35.0
71 114 36.0
71 115 37.0
71 116 38.0
71 117 39.0
71 118 40.0
71 119 41.0
71 0 42.0
71 1 43.0
71 68 44.0
71 69 45.0
71 70 46.0
71 71 47.0
71 72 48.0
71 73 49.0
71 14 50.0
71 15 51.0
71 132 52.0
71 133 53.0
71 134 54.0
71 135 55.0
71 136 56.0
71 137 57.0
71 6 58.0
72 11 44.0
72 3 45.0
72 62 46.0
72 63 47.0
72 64 48.0
72 65 49.0
72 66 50.0
72 67 51.0
72 0 52.0
72 1 53.0
72 68 54.0
72 69 55.0
72 70 56.0
72 71 57.0
72 72 58.0
72 73 59.0
72 14 60.0
72 17 61.0
72 46 62.0
72 47 63.0
72 142 64.0
73 144 42.0
73 88 43.0
73 20 44.0
73 19 45.0
73 96 46.0
73 97 47.0
73 29 48.0
73 27 49.0
73 33 50.0
73 31 51.0
73 36 52.0
73 37 53.0
73 12 54.0
73 1 55.0
73 120 56.0
73 121 57.0
73 122 58.0
73 123 59.0
73 124 60.0
73 125 61.0
73 4 62.0
73 8 63.0
74 143 35.0
74 90 36.0
74 24 37.0
74 23 38.0
74 100 39.0
74 101 40.0
74 41 41.0
74 39 42.0
74 45 43.0
74 43 44.0
74 48 45.0
74 142 46.0
75 7 35.0
75 126 36.0
75 127 37.0
75 128 38.0
75 129 39.0
75 130 40.0
75 131 41.0
75 14 42.0
75 17 43.0
75 74 44.0
75 75 45.0
75 76 46.0
75 77 47.0
75 78 48.0
75 79 49.0
75 12 50.0
75 13 51.0
75 80 52.0
75 81 53.0
75 82 54.0
75 83 55.0
75 84 56.0
75 85 57.0
75 2 58.0
75 10 59.0
76 9 46.0
76 5 47.0
76 114 48.0
76 115 49.0
76 116 50.0
76 117 51.0
76 118 52.0
76 119 53.0
76 0 54.0
76 13 55.0
76 34 56.0
76 35 57.0
76 32 58.0
76 30 59.0
76 28 60.0
76 26 61.0
76 94 62.0
76 95 63.0
76 18 64.0
76 21 65.0
76 89 66.0
76 139 67.0
77 143 31.0
77 90 32.0
77 24 33.0
77 23 34.0
77 100 35.0
77 101 36.0
77 41 37.0
77 39 38.0
77 45 39.0
77 43 40.0
77 48 41.0
77 142 42.0
78 145 38.0
78 92 39.0
78 102 40.0
78 103 41.0
78 104 42.0
78 105 43.0
78 106 44.0
78 107 45.0
78 18 46.0
78 19 47.0
78 96 48.0
78 97 49.0
78 29 50.0
78 27 51.0
78 33 52.0
78 31 53.0
78 36 54.0
78 141 55.0
79 7 37.0
79 126 38.0
79 127 39.0
79 128 40.0
79 129 41.0
79 130 42.0
79 131 43.0
79 14 44.0
79 17 45.0
79 74 46.0
79 75 47.0
79 76 48.0
79 77 49.0
79 78 50.0
79 79 51.0
79 12 52.0
79 13 53.0
79 80 54.0
79 81 55.0
79 82 56.0
79 83 57.0
79 84 58.0
79 85 59.0
79 2 60.0
79 10 61.0
86 147 41.0
86 49 42.0
86 16 43.0
86 15 44.0
86 132 45.0
86 133 46.0
86 134 47.0
86 135 48.0
86 136 49.0
86 137 50.0
86 6 51.0
87 146 44.0
87 37 45.0
87 12 46.0
87 1 47.0
87 120 48.0
87 121 49.0
87 122 50.0
87 123 51.0
87 124 52.0
87 125 53.0
87 4 54.0
87 8 55.0
88 146 47.0
88 34 48.0
88 35 49.0
88 32 50.0
88 30 51.0
88 28 52.0
88 26 53.0
88 94 54.0
88 95 55.0
88 18 56.0
88 19 57.0
88 50 58.0
88 51 59.0
88 52 60.0
88 53 61.0
88 54 62.0
88 55 63.0
88 22 64.0
88 25 65.0
88 91 66.0
88 138 67.0
90 7 47.0
90 126 48.0
90 127 49.0
90 128 50.0
90 129 51.0
90 130 52.0
90 131 53.0
90 14 54.0
90 17 55.0
90 74 56.0
90 75 57.0
90 76 58.0
90 77 59.0
90 78 60.0
90 79 61.0
90 12 62.0
90 1 63.0
90 120 64.0
90 121 65.0
90 122 66.0
90 123 67.0
90 124 68.0
90 125 69.0
90 4 70.0
90 8 71.0
92 7 45.0
92 126 46.0
92 127 47.0
92 128 48.0
92 129 49.0
92 130 50.0
92 131 51.0
92 14 52.0
92 17 53.0
92 46 54.0
92 47 55.0
92 142 56.0
93 146 41.0
93 34 42.0
93 35 43.0
93 32 44.0
93 30 45.0
93 28 46.0
93 26 47.0
93 94 48.0
93 95 49.0
93 18 50.0
93 21 51.0
93 89 52.0
93 139 53.0
97 143 50.0
97 90 51.0
97 24 52.0
97 25 53.0
97 56 54.0
97 57 55.0
97 58 56.0
97 59 57.0
97 60 58.0
97 61 59.0
97 20 60.0
97 21 61.0
97 108 62.0
97 109 63.0
97 110 64.0
97 111 65.0
97 112 66.0
97 113 67.0
97 93 68.0
97 140 69.0
98 7 49.0
98 126 50.0
98 127 51.0
98 128 52.0
98 129 53.0
98 130 54.0
98 131 55.0
98 14 56.0
98 17 57.0
98 46 58.0
98 47 59.0
98 44 60.0
98 42 61.0
98 40 62.0
98 38 63.0
98 98 64.0
98 99 65.0
98 22 66.0
98 25 67.0
98 91 68.0
98 138 69.0
99 147 48.0
99 49 49.0
99 16 50.0
99 17 51.0
99 74 52.0
99 75 53.0
99 76 54.0
99 77 55.0
99 78 56.0
99 79 57.0
99 12 58.0
99 1 59.0
99 120 60.0
99 121 61.0
99 122 62.0
99 123 63.0
99 124 64.0
99 125 65.0
99 4 66.0
99 8 67.0
100 11 13
100 3 14.0
100 62 15.0
100 63 16.0
100 64 17.0
100 65 18.0
100 66 19.0
100 67 20.0
100 0 21.0
100 13 22.0
100 34 23.0
100 35 24.0
100 32 25.0
100 30 26.0
100 28 27.0
100 26 28.0
100 94 29.0
100 95 30.0
100 18 31.0
100 21 32.0
100 89 33.0
100 139 34.0
;
set fixedFlights :=
0 0 1
0 11 3
0 14 15
0 3 62
0 62 63
0 63 64
0 64 65
0 65 66
0 66 67
0 67 0
0 1 68
0 68 69
0 69 70
0 70 71
0 71 72
0 72 73
0 73 14
0 15 132
0 132 133
0 133 134
0 134 135
0 135 136
0 136 137
0 137 6
1 20 21
1 21 108
1 108 109
1 109 110
1 110 111
1 111 112
1 112 113
1 113 93
1 88 20
1 144 88
1 93 140
2 14 17
2 22 25
2 17 46
2 46 47
2 47 44
2 44 42
2 42 40
2 40 38
2 38 98
2 98 99
2 99 22
2 25 91
2 7 126
2 126 127
2 127 128
2 128 129
2 129 130
2 130 131
2 131 14
2 91 138
3 4 8
3 12 1
3 20 19
3 29 27
3 27 33
3 33 31
3 31 36
3 36 37
3 37 12
3 19 96
3 96 97
3 97 29
3 88 20
3 1 120
3 120 121
3 121 122
3 122 123
3 123 124
3 124 125
3 125 4
3 144 88
4 4 8
4 12 1
4 16 17
4 49 16
4 17 74
4 74 75
4 75 76
4 76 77
4 77 78
4 78 79
4 79 12
4 1 120
4 120 121
4 121 122
4 122 123
4 123 124
4 124 125
4 125 4
4 147 49
5 18 19
5 22 25
5 19 50
5 50 51
5 51 52
5 52 53
5 53 54
5 54 55
5 55 22
5 92 102
5 102 103
5 103 104
5 104 105
5 105 106
5 106 107
5 107 18
5 25 91
5 145 92
5 91 138
6 0 1
6 9 5
6 14 15
6 1 68
6 68 69
6 69 70
6 70 71
6 71 72
6 72 73
6 73 14
6 5 114
6 114 115
6 115 116
6 116 117
6 117 118
6 118 119
6 119 0
6 15 132
6 132 133
6 133 134
6 134 135
6 135 136
6 136 137
6 137 6
7 20 21
7 22 25
7 46 47
7 47 44
7 44 42
7 42 40
7 40 38
7 25 56
7 56 57
7 57 58
7 58 59
7 59 60
7 60 61
7 61 20
7 38 98
7 98 99
7 99 22
7 21 89
7 89 139
7 147 46
8 11 3
8 0 13
8 18 21
8 13 34
8 34 35
8 35 32
8 32 30
8 30 28
8 28 26
8 3 62
8 62 63
8 63 64
8 64 65
8 65 66
8 66 67
8 67 0
8 26 94
8 94 95
8 95 18
8 21 89
8 89 139
9 20 19
9 29 27
9 27 33
9 33 31
9 31 36
9 19 96
9 96 97
9 97 29
9 88 20
9 144 88
9 36 141
10 18 19
10 22 23
10 41 39
10 39 45
10 45 43
10 43 48
10 19 50
10 50 51
10 51 52
10 52 53
10 53 54
10 54 55
10 55 22
10 23 100
10 100 101
10 101 41
10 92 102
10 102 103
10 103 104
10 104 105
10 105 106
10 106 107
10 107 18
10 145 92
10 48 142
11 9 5
11 0 13
11 18 21
11 13 34
11 34 35
11 35 32
11 32 30
11 30 28
11 28 26
11 26 94
11 94 95
11 95 18
11 21 89
11 5 114
11 114 115
11 115 116
11 116 117
11 117 118
11 118 119
11 119 0
11 89 139
12 12 1
12 14 15
12 37 12
12 1 68
12 68 69
12 69 70
12 70 71
12 71 72
12 72 73
12 73 14
12 15 132
12 132 133
12 133 134
12 134 135
12 135 136
12 136 137
12 137 6
12 146 37
13 22 25
13 46 47
13 47 44
13 44 42
13 42 40
13 40 38
13 38 98
13 98 99
13 99 22
13 25 91
13 91 138
13 147 46
14 24 23
14 41 39
14 39 45
14 45 43
14 43 48
14 23 100
14 100 101
14 101 41
14 90 24
14 143 90
14 48 142
15 18 19
15 29 27
15 27 33
15 33 31
15 31 36
15 19 96
15 96 97
15 97 29
15 92 102
15 102 103
15 103 104
15 104 105
15 105 106
15 106 107
15 107 18
15 145 92
15 36 141
16 18 21
16 34 35
16 35 32
16 32 30
16 30 28
16 28 26
16 26 94
16 94 95
16 95 18
16 21 108
16 108 109
16 109 110
16 110 111
16 111 112
16 112 113
16 113 93
16 93 140
16 146 34
17 4 8
17 12 1
17 16 17
17 49 16
17 17 74
17 74 75
17 75 76
17 76 77
17 77 78
17 78 79
17 79 12
17 1 120
17 120 121
17 121 122
17 122 123
17 123 124
17 124 125
17 125 4
17 147 49
18 24 23
18 41 39
18 39 45
18 45 43
18 43 48
18 23 100
18 100 101
18 101 41
18 90 24
18 143 90
18 48 142
19 20 21
19 21 108
19 108 109
19 109 110
19 110 111
19 111 112
19 112 113
19 113 93
19 88 20
19 144 88
19 93 140
20 18 21
20 34 35
20 35 32
20 32 30
20 30 28
20 28 26
20 26 94
20 94 95
20 95 18
20 21 89
20 89 139
20 146 34
21 24 23
21 41 39
21 39 45
21 45 43
21 43 48
21 23 100
21 100 101
21 101 41
21 90 24
21 143 90
21 48 142
22 18 19
22 29 27
22 27 33
22 33 31
22 31 36
22 19 96
22 96 97
22 97 29
22 92 102
22 102 103
22 103 104
22 104 105
22 105 106
22 106 107
22 107 18
22 145 92
22 36 141
23 16 15
23 24 23
23 41 39
23 39 45
23 45 43
23 43 48
23 48 49
23 49 16
23 23 100
23 100 101
23 101 41
23 90 24
23 15 132
23 132 133
23 133 134
23 134 135
23 135 136
23 136 137
23 137 6
23 143 90
24 2 10
24 9 5
24 0 13
24 13 80
24 80 81
24 81 82
24 82 83
24 83 84
24 84 85
24 85 2
24 5 114
24 114 115
24 115 116
24 116 117
24 117 118
24 118 119
24 119 0
25 2 10
25 12 13
25 20 19
25 29 27
25 27 33
25 33 31
25 31 36
25 36 37
25 37 12
25 13 80
25 80 81
25 81 82
25 82 83
25 83 84
25 84 85
25 85 2
25 19 96
25 96 97
25 97 29
25 88 20
25 144 88
26 18 19
26 22 25
26 34 35
26 35 32
26 32 30
26 30 28
26 28 26
26 19 50
26 50 51
26 51 52
26 52 53
26 53 54
26 54 55
26 55 22
26 26 94
26 94 95
26 95 18
26 25 91
26 91 138
26 146 34
27 11 3
27 0 13
27 18 21
27 13 34
27 34 35
27 35 32
27 32 30
27 30 28
27 28 26
27 3 62
27 62 63
27 63 64
27 64 65
27 65 66
27 66 67
27 67 0
27 26 94
27 94 95
27 95 18
27 21 89
27 89 139
28 18 19
28 22 23
28 41 39
28 39 45
28 45 43
28 43 48
28 19 50
28 50 51
28 51 52
28 52 53
28 53 54
28 54 55
28 55 22
28 23 100
28 100 101
28 101 41
28 92 102
28 102 103
28 103 104
28 104 105
28 105 106
28 106 107
28 107 18
28 145 92
28 48 142
29 0 1
29 11 3
29 4 8
29 3 62
29 62 63
29 63 64
29 64 65
29 65 66
29 66 67
29 67 0
29 1 120
29 120 121
29 121 122
29 122 123
29 123 124
29 124 125
29 125 4
30 11 3
30 0 13
30 18 21
30 13 34
30 34 35
30 35 32
30 32 30
30 30 28
30 28 26
30 3 62
30 62 63
30 63 64
30 64 65
30 65 66
30 66 67
30 67 0
30 26 94
30 94 95
30 95 18
30 21 89
30 89 139
31 18 21
31 92 102
31 102 103
31 103 104
31 104 105
31 105 106
31 106 107
31 107 18
31 21 89
31 145 92
31 89 139
32 18 19
32 22 23
32 41 39
32 39 45
32 45 43
32 43 48
32 19 50
32 50 51
32 51 52
32 52 53
32 53 54
32 54 55
32 55 22
32 23 100
32 100 101
32 101 41
32 92 102
32 102 103
32 103 104
32 104 105
32 105 106
32 106 107
32 107 18
32 145 92
32 48 142
33 20 21
33 24 25
33 25 56
33 56 57
33 57 58
33 58 59
33 59 60
33 60 61
33 61 20
33 21 108
33 108 109
33 109 110
33 110 111
33 111 112
33 112 113
33 113 93
33 90 24
33 143 90
33 93 140
34 12 13
34 16 17
34 13 34
34 34 35
34 49 16
34 17 74
34 74 75
34 75 76
34 76 77
34 77 78
34 78 79
34 79 12
34 35 141
34 147 49
35 2 10
35 9 5
35 0 13
35 13 80
35 80 81
35 81 82
35 82 83
35 83 84
35 84 85
35 85 2
35 5 114
35 114 115
35 115 116
35 116 117
35 117 118
35 118 119
35 119 0
36 0 1
36 9 5
36 14 17
36 17 46
36 46 47
36 1 68
36 68 69
36 69 70
36 70 71
36 71 72
36 72 73
36 73 14
36 5 114
36 114 115
36 115 116
36 116 117
36 117 118
36 118 119
36 119 0
36 47 142
37 0 1
37 11 3
37 14 15
37 3 62
37 62 63
37 63 64
37 64 65
37 65 66
37 66 67
37 67 0
37 1 68
37 68 69
37 69 70
37 70 71
37 71 72
37 72 73
37 73 14
37 15 132
37 132 133
37 133 134
37 134 135
37 135 136
37 136 137
37 137 6
38 9 5
38 0 13
38 13 34
38 34 35
38 5 114
38 114 115
38 115 116
38 116 117
38 117 118
38 118 119
38 119 0
38 35 141
39 20 21
39 24 25
39 25 56
39 56 57
39 57 58
39 58 59
39 59 60
39 60 61
39 61 20
39 21 89
39 90 24
39 143 90
39 89 139
40 20 19
40 24 25
40 29 27
40 27 33
40 33 31
40 31 36
40 25 56
40 56 57
40 57 58
40 58 59
40 59 60
40 60 61
40 61 20
40 19 96
40 96 97
40 97 29
40 90 24
40 143 90
40 36 141
41 0 1
41 9 5
41 14 17
41 17 46
41 46 47
41 1 68
41 68 69
41 69 70
41 70 71
41 71 72
41 72 73
41 73 14
41 5 114
41 114 115
41 115 116
41 116 117
41 117 118
41 118 119
41 119 0
41 47 142
42 18 19
42 29 27
42 27 33
42 33 31
42 31 36
42 19 96
42 96 97
42 97 29
42 92 102
42 102 103
42 103 104
42 104 105
42 105 106
42 106 107
42 107 18
42 145 92
42 36 141
43 2 10
43 12 13
43 20 19
43 29 27
43 27 33
43 33 31
43 31 36
43 36 37
43 37 12
43 13 80
43 80 81
43 81 82
43 82 83
43 83 84
43 84 85
43 85 2
43 19 96
43 96 97
43 97 29
43 88 20
43 144 88
44 2 10
44 9 5
44 0 13
44 13 80
44 80 81
44 81 82
44 82 83
44 83 84
44 84 85
44 85 2
44 5 114
44 114 115
44 115 116
44 116 117
44 117 118
44 118 119
44 119 0
45 16 15
45 49 16
45 15 132
45 132 133
45 133 134
45 134 135
45 135 136
45 136 137
45 137 6
45 147 49
46 9 5
46 0 13
46 13 34
46 34 35
46 5 114
46 114 115
46 115 116
46 116 117
46 117 118
46 118 119
46 119 0
46 35 141
47 9 5
47 0 13
47 18 21
47 13 34
47 34 35
47 35 32
47 32 30
47 30 28
47 28 26
47 26 94
47 94 95
47 95 18
47 21 89
47 5 114
47 114 115
47 115 116
47 116 117
47 117 118
47 118 119
47 119 0
47 89 139
48 16 15
48 49 16
48 15 132
48 132 133
48 133 134
48 134 135
48 135 136
48 136 137
48 137 6
48 147 49
49 2 10
49 12 13
49 16 17
49 49 16
49 17 74
49 74 75
49 75 76
49 76 77
49 77 78
49 78 79
49 79 12
49 13 80
49 80 81
49 81 82
49 82 83
49 83 84
49 84 85
49 85 2
49 147 49
50 20 19
50 22 25
50 19 50
50 50 51
50 51 52
50 52 53
50 53 54
50 54 55
50 55 22
50 88 20
50 25 91
50 144 88
50 91 138
51 4 8
51 12 1
51 14 17
51 17 74
51 74 75
51 75 76
51 76 77
51 77 78
51 78 79
51 79 12
51 1 120
51 120 121
51 121 122
51 122 123
51 123 124
51 124 125
51 125 4
51 7 126
51 126 127
51 127 128
51 128 129
51 129 130
51 130 131
51 131 14
52 18 21
52 34 35
52 35 32
52 32 30
52 30 28
52 28 26
52 26 94
52 94 95
52 95 18
52 21 89
52 89 139
52 146 34
53 2 10
53 9 5
53 0 13
53 13 80
53 80 81
53 81 82
53 82 83
53 83 84
53 84 85
53 85 2
53 5 114
53 114 115
53 115 116
53 116 117
53 117 118
53 118 119
53 119 0
54 2 10
54 12 13
54 16 17
54 49 16
54 17 74
54 74 75
54 75 76
54 76 77
54 77 78
54 78 79
54 79 12
54 13 80
54 80 81
54 81 82
54 82 83
54 83 84
54 84 85
54 85 2
54 147 49
55 24 23
55 41 39
55 39 45
55 45 43
55 43 48
55 23 100
55 100 101
55 101 41
55 90 24
55 143 90
55 48 142
56 4 8
56 12 1
56 14 17
56 17 74
56 74 75
56 75 76
56 76 77
56 77 78
56 78 79
56 79 12
56 1 120
56 120 121
56 121 122
56 122 123
56 123 124
56 124 125
56 125 4
56 7 126
56 126 127
56 127 128
56 128 129
56 129 130
56 130 131
56 131 14
57 18 21
57 92 102
57 102 103
57 103 104
57 104 105
57 105 106
57 106 107
57 107 18
57 21 89
57 145 92
57 89 139
58 20 19
58 24 25
58 29 27
58 27 33
58 33 31
58 31 36
58 25 56
58 56 57
58 57 58
58 58 59
58 59 60
58 60 61
58 61 20
58 19 96
58 96 97
58 97 29
58 90 24
58 143 90
58 36 141
59 20 19
59 29 27
59 27 33
59 33 31
59 31 36
59 19 96
59 96 97
59 97 29
59 88 20
59 144 88
59 36 141
60 20 21
60 22 25
60 46 47
60 47 44
60 44 42
60 42 40
60 40 38
60 25 56
60 56 57
60 57 58
60 58 59
60 59 60
60 60 61
60 61 20
60 38 98
60 98 99
60 99 22
60 21 89
60 89 139
60 147 46
61 20 19
61 24 25
61 29 27
61 27 33
61 33 31
61 31 36
61 25 56
61 56 57
61 57 58
61 58 59
61 59 60
61 60 61
61 61 20
61 19 96
61 96 97
61 97 29
61 90 24
61 143 90
61 36 141
62 11 3
62 0 13
62 18 21
62 13 34
62 34 35
62 35 32
62 32 30
62 30 28
62 28 26
62 3 62
62 62 63
62 63 64
62 64 65
62 65 66
62 66 67
62 67 0
62 26 94
62 94 95
62 95 18
62 21 89
62 89 139
63 11 3
63 0 13
63 18 21
63 13 34
63 34 35
63 35 32
63 32 30
63 30 28
63 28 26
63 3 62
63 62 63
63 63 64
63 64 65
63 65 66
63 66 67
63 67 0
63 26 94
63 94 95
63 95 18
63 21 89
63 89 139
64 14 17
64 22 25
64 17 46
64 46 47
64 47 44
64 44 42
64 42 40
64 40 38
64 38 98
64 98 99
64 99 22
64 25 91
64 7 126
64 126 127
64 127 128
64 128 129
64 129 130
64 130 131
64 131 14
64 91 138
65 0 1
65 11 3
65 14 17
65 17 46
65 46 47
65 3 62
65 62 63
65 63 64
65 64 65
65 65 66
65 66 67
65 67 0
65 1 68
65 68 69
65 69 70
65 70 71
65 71 72
65 72 73
65 73 14
65 47 142
66 22 25
66 46 47
66 47 44
66 44 42
66 42 40
66 40 38
66 38 98
66 98 99
66 99 22
66 25 91
66 91 138
66 147 46
67 0 1
67 11 3
67 14 15
67 3 62
67 62 63
67 63 64
67 64 65
67 65 66
67 66 67
67 67 0
67 1 68
67 68 69
67 69 70
67 70 71
67 71 72
67 72 73
67 73 14
67 15 132
67 132 133
67 133 134
67 134 135
67 135 136
67 136 137
67 137 6
68 20 21
68 24 25
68 25 56
68 56 57
68 57 58
68 58 59
68 59 60
68 60 61
68 61 20
68 21 108
68 108 109
68 109 110
68 110 111
68 111 112
68 112 113
68 113 93
68 90 24
68 143 90
68 93 140
70 20 19
70 29 27
70 27 33
70 33 31
70 31 36
70 19 96
70 96 97
70 97 29
70 88 20
70 144 88
70 36 141
71 0 1
71 9 5
71 14 15
71 1 68
71 68 69
71 69 70
71 70 71
71 71 72
71 72 73
71 73 14
71 5 114
71 114 115
71 115 116
71 116 117
71 117 118
71 118 119
71 119 0
71 15 132
71 132 133
71 133 134
71 134 135
71 135 136
71 136 137
71 137 6
72 0 1
72 11 3
72 14 17
72 17 46
72 46 47
72 3 62
72 62 63
72 63 64
72 64 65
72 65 66
72 66 67
72 67 0
72 1 68
72 68 69
72 69 70
72 70 71
72 71 72
72 72 73
72 73 14
72 47 142
73 4 8
73 12 1
73 20 19
73 29 27
73 27 33
73 33 31
73 31 36
73 36 37
73 37 12
73 19 96
73 96 97
73 97 29
73 88 20
73 1 120
73 120 121
73 121 122
73 122 123
73 123 124
73 124 125
73 125 4
73 144 88
74 24 23
74 41 39
74 39 45
74 45 43
74 43 48
74 23 100
74 100 101
74 101 41
74 90 24
74 143 90
74 48 142
75 2 10
75 12 13
75 14 17
75 17 74
75 74 75
75 75 76
75 76 77
75 77 78
75 78 79
75 79 12
75 13 80
75 80 81
75 81 82
75 82 83
75 83 84
75 84 85
75 85 2
75 7 126
75 126 127
75 127 128
75 128 129
75 129 130
75 130 131
75 131 14
76 9 5
76 0 13
76 18 21
76 13 34
76 34 35
76 35 32
76 32 30
76 30 28
76 28 26
76 26 94
76 94 95
76 95 18
76 21 89
76 5 114
76 114 115
76 115 116
76 116 117
76 117 118
76 118 119
76 119 0
76 89 139
77 24 23
77 41 39
77 39 45
77 45 43
77 43 48
77 23 100
77 100 101
77 101 41
77 90 24
77 143 90
77 48 142
78 18 19
78 29 27
78 27 33
78 33 31
78 31 36
78 19 96
78 96 97
78 97 29
78 92 102
78 102 103
78 103 104
78 104 105
78 105 106
78 106 107
78 107 18
78 145 92
78 36 141
79 2 10
79 12 13
79 14 17
79 17 74
79 74 75
79 75 76
79 76 77
79 77 78
79 78 79
79 79 12
79 13 80
79 80 81
79 81 82
79 82 83
79 83 84
79 84 85
79 85 2
79 7 126
79 126 127
79 127 128
79 128 129
79 129 130
79 130 131
79 131 14
86 16 15
86 49 16
86 15 132
86 132 133
86 133 134
86 134 135
86 135 136
86 136 137
86 137 6
86 147 49
87 4 8
87 12 1
87 37 12
87 1 120
87 120 121
87 121 122
87 122 123
87 123 124
87 124 125
87 125 4
87 146 37
88 18 19
88 22 25
88 34 35
88 35 32
88 32 30
88 30 28
88 28 26
88 19 50
88 50 51
88 51 52
88 52 53
88 53 54
88 54 55
88 55 22
88 26 94
88 94 95
88 95 18
88 25 91
88 91 138
88 146 34
90 4 8
90 12 1
90 14 17
90 17 74
90 74 75
90 75 76
90 76 77
90 77 78
90 78 79
90 79 12
90 1 120
90 120 121
90 121 122
90 122 123
90 123 124
90 124 125
90 125 4
90 7 126
90 126 127
90 127 128
90 128 129
90 129 130
90 130 131
90 131 14
92 14 17
92 17 46
92 46 47
92 7 126
92 126 127
92 127 128
92 128 129
92 129 130
92 130 131
92 131 14
92 47 142
93 18 21
93 34 35
93 35 32
93 32 30
93 30 28
93 28 26
93 26 94
93 94 95
93 95 18
93 21 89
93 89 139
93 146 34
97 20 21
97 24 25
97 25 56
97 56 57
97 57 58
97 58 59
97 59 60
97 60 61
97 61 20
97 21 108
97 108 109
97 109 110
97 110 111
97 111 112
97 112 113
97 113 93
97 90 24
97 143 90
97 93 140
98 14 17
98 22 25
98 17 46
98 46 47
98 47 44
98 44 42
98 42 40
98 40 38
98 38 98
98 98 99
98 99 22
98 25 91
98 7 126
98 126 127
98 127 128
98 128 129
98 129 130
98 130 131
98 131 14
98 91 138
99 4 8
99 12 1
99 16 17
99 49 16
99 17 74
99 74 75
99 75 76
99 76 77
99 77 78
99 78 79
99 79 12
99 1 120
99 120 121
99 121 122
99 122 123
99 123 124
99 124 125
99 125 4
99 147 49
100 11 3
100 0 13
100 18 21
100 13 34
100 34 35
100 35 32
100 32 30
100 30 28
100 28 26
100 3 62
100 62 63
100 63 64
100 64 65
100 65 66
100 66 67
100 67 0
100 26 94
100 94 95
100 95 18
100 21 89
100 89 139
;
;
set inFlight:=
0
1
2
3
4
5
6
7
8
9
10
11
12
13
14
15
16
17
18
19
23
28
35
;
param tini := 11.922357114267559;
