param nn:= 148;
set F:=
0
1
2
3
4
5
6
7
8
9
10
11
12
13
14
15
16
17
18
19
20
21
22
23
24
25
26
27
28
29
30
31
32
33
34
35
36
37
38
39
40
41
42
43
44
45
46
47
48
49
50
51
52
53
54
55
56
57
58
59
60
61
62
65
66
68
69
70
71
72
73
74
75
76
78
79
82
85
86
88
91
93
94
97
99
100
;
set AP:=
100
;
param: E: d:=
0 1 2.500000
2 10 1.500000
11 3 1.500000
4 8 1.500000
9 5 1.500000
12 13 2.500000
0 13 2.500000
12 1 2.500000
14 15 2.500000
16 17 2.500000
14 17 2.500000
16 15 2.500000
18 19 2.500000
20 21 2.500000
18 21 2.500000
20 19 2.500000
22 23 2.500000
24 25 2.500000
22 25 2.500000
24 23 2.500000
13 34 2.500000
34 35 2.500000
35 32 2.500000
32 30 2.500000
30 28 2.500000
28 26 2.500000
29 27 2.500000
27 33 2.500000
33 31 2.500000
31 36 2.500000
36 37 2.500000
37 12 2.500000
17 46 2.500000
46 47 2.500000
47 44 2.500000
44 42 2.500000
42 40 2.500000
40 38 2.500000
41 39 2.500000
39 45 2.500000
45 43 2.500000
43 48 2.500000
48 49 2.500000
49 16 2.500000
19 50 2.500000
50 51 2.500000
51 52 2.500000
52 53 2.500000
53 54 2.500000
54 55 2.500000
55 22 2.500000
25 56 2.500000
56 57 2.500000
57 58 2.500000
58 59 2.500000
59 60 2.500000
60 61 2.500000
61 20 2.500000
3 62 2.500000
62 63 2.500000
63 64 2.500000
64 65 2.500000
65 66 2.500000
66 67 2.500000
67 0 2.500000
1 68 2.500000
68 69 2.500000
69 70 2.500000
70 71 2.500000
71 72 2.500000
72 73 2.500000
73 14 2.500000
17 74 2.500000
74 75 2.500000
75 76 2.500000
76 77 2.500000
77 78 2.500000
78 79 2.500000
79 12 2.500000
13 80 2.500000
80 81 2.500000
81 82 2.500000
82 83 2.500000
83 84 2.500000
84 85 2.500000
85 2 2.500000
26 94 2.500000
94 95 2.500000
95 18 2.500000
19 96 2.500000
96 97 2.500000
97 29 2.500000
38 98 2.500000
98 99 2.500000
99 22 2.500000
23 100 2.500000
100 101 2.500000
101 41 2.500000
92 102 2.500000
102 103 2.500000
103 104 2.500000
104 105 2.500000
105 106 2.500000
106 107 2.500000
107 18 2.500000
21 108 2.500000
108 109 2.500000
109 110 2.500000
110 111 2.500000
111 112 2.500000
112 113 2.500000
113 93 2.500000
21 89 2.500000
88 20 2.500000
25 91 2.500000
90 24 2.500000
5 114 2.500000
114 115 2.500000
115 116 2.500000
116 117 2.500000
117 118 2.500000
118 119 2.500000
119 0 2.500000
1 120 2.500000
120 121 2.500000
121 122 2.500000
122 123 2.500000
123 124 2.500000
124 125 2.500000
125 4 2.500000
7 126 1.500000
126 127 2.500000
127 128 2.500000
128 129 2.500000
129 130 2.500000
130 131 2.500000
131 14 2.500000
15 132 2.500000
132 133 2.500000
133 134 2.500000
134 135 2.500000
135 136 2.500000
136 137 2.500000
137 6 1.500000
87 6 1.500000
7 86 1.500000
144 88 1.500000
143 90 1.500000
145 92 1.500000
93 140 1.500000
89 139 1.500000
91 138 1.500000
48 142 1.500000
47 142 1.500000
36 141 1.500000
35 141 1.500000
146 37 1.500000
146 34 1.500000
147 46 1.500000
147 49 1.500000
;
param s:=
0 147
1 9
2 144
3 11
4 146
5 143
6 145
7 9
8 143
9 144
10 9
11 145
12 144
13 9
14 7
15 144
16 11
17 143
18 7
19 143
20 144
21 11
22 147
23 7
24 146
25 145
26 144
27 147
28 143
29 147
30 146
31 144
32 147
33 11
34 146
35 145
36 7
37 145
38 144
39 143
40 144
41 143
42 145
43 145
44 7
45 146
46 145
47 7
48 145
49 9
50 143
51 7
52 11
53 143
54 147
55 145
56 145
57 143
58 144
59 144
60 7
61 147
62 9
65 143
66 11
68 147
69 147
70 145
71 11
72 11
73 145
74 9
75 146
76 9
78 146
79 143
82 145
85 7
86 147
88 147
91 143
93 147
94 7
97 9
99 11
100 147
;
param e:=
0 141
1 142
2 142
3 6
4 142
5 139
6 142
7 142
8 139
9 141
10 10
11 142
12 8
13 142
14 141
15 141
16 6
17 6
18 138
19 6
20 10
21 142
22 138
23 10
24 140
25 141
26 141
27 139
28 140
29 10
30 140
31 140
32 6
33 139
34 142
35 141
36 10
37 141
38 8
39 139
40 10
41 141
42 141
43 138
44 8
45 8
46 141
47 10
48 141
49 141
50 142
51 10
52 142
53 141
54 141
55 142
56 141
57 142
58 140
59 10
60 138
61 6
62 6
65 6
66 139
68 138
69 6
70 141
71 139
72 139
73 139
74 141
75 139
76 141
78 8
79 141
82 141
85 10
86 138
88 139
91 139
93 6
94 8
97 6
99 6
100 8
;
param v_min:=2.375
;
param v_max:=2.625
;
param :conflictsNodes: angle:=
0 1 13 1.000000
0 13 1 1.000000
0 1 67 1.000000
0 67 1 1.000000
0 1 119 1.000000
0 119 1 1.000000
0 13 67 1.000000
0 67 13 1.000000
0 13 119 1.000000
0 119 13 1.000000
0 67 119 1.000000
0 119 67 1.000000
1 0 68 1.000000
1 68 0 1.000000
1 0 120 1.000000
1 120 0 1.000000
1 0 12 1.000000
1 12 0 1.000000
1 68 120 1.000000
1 120 68 1.000000
1 12 68 1.000000
1 68 12 1.000000
1 12 120 1.000000
1 120 12 1.000000
12 13 37 1.000000
12 37 13 1.000000
12 13 79 1.000000
12 79 13 1.000000
12 1 13 1.000000
12 13 1 1.000000
12 1 37 1.000000
12 37 1 1.000000
12 1 79 1.000000
12 79 1 1.000000
12 37 79 1.000000
12 79 37 1.000000
13 0 12 1.000000
13 12 0 1.000000
13 0 34 1.000000
13 34 0 1.000000
13 0 80 1.000000
13 80 0 1.000000
13 12 34 1.000000
13 34 12 1.000000
13 12 80 1.000000
13 80 12 1.000000
13 34 80 1.000000
13 80 34 1.000000
14 15 17 1.000000
14 17 15 1.000000
14 15 73 1.000000
14 73 15 1.000000
14 15 131 1.000000
14 131 15 1.000000
14 17 73 1.000000
14 73 17 1.000000
14 17 131 1.000000
14 131 17 1.000000
14 73 131 1.000000
14 131 73 1.000000
15 14 132 1.000000
15 132 14 1.000000
15 14 16 1.000000
15 16 14 1.000000
15 16 132 1.000000
15 132 16 1.000000
16 17 49 1.000000
16 49 17 1.000000
16 15 17 1.000000
16 17 15 1.000000
16 15 49 1.000000
16 49 15 1.000000
17 14 16 1.000000
17 16 14 1.000000
17 14 46 1.000000
17 46 14 1.000000
17 14 74 1.000000
17 74 14 1.000000
17 16 46 1.000000
17 46 16 1.000000
17 16 74 1.000000
17 74 16 1.000000
17 46 74 1.000000
17 74 46 1.000000
18 19 21 1.000000
18 21 19 1.000000
18 19 95 1.000000
18 95 19 1.000000
18 19 107 1.000000
18 107 19 1.000000
18 21 95 1.000000
18 95 21 1.000000
18 21 107 1.000000
18 107 21 1.000000
18 95 107 1.000000
18 107 95 1.000000
19 18 50 1.000000
19 50 18 1.000000
19 18 96 1.000000
19 96 18 1.000000
19 18 20 1.000000
19 20 18 1.000000
19 50 96 1.000000
19 96 50 1.000000
19 20 50 1.000000
19 50 20 1.000000
19 20 96 1.000000
19 96 20 1.000000
20 21 61 1.000000
20 61 21 1.000000
20 21 88 1.000000
20 88 21 1.000000
20 19 21 1.000000
20 21 19 1.000000
20 19 61 1.000000
20 61 19 1.000000
20 19 88 1.000000
20 88 19 1.000000
20 61 88 1.000000
20 88 61 1.000000
21 18 20 1.000000
21 20 18 1.000000
21 18 108 1.000000
21 108 18 1.000000
21 18 89 1.000000
21 89 18 1.000000
21 20 108 1.000000
21 108 20 1.000000
21 20 89 1.000000
21 89 20 1.000000
21 89 108 1.000000
21 108 89 1.000000
22 23 25 1.000000
22 25 23 1.000000
22 23 55 1.000000
22 55 23 1.000000
22 23 99 1.000000
22 99 23 1.000000
22 25 55 1.000000
22 55 25 1.000000
22 25 99 1.000000
22 99 25 1.000000
22 55 99 1.000000
22 99 55 1.000000
23 22 100 1.000000
23 100 22 1.000000
23 22 24 1.000000
23 24 22 1.000000
23 24 100 1.000000
23 100 24 1.000000
24 25 90 1.000000
24 90 25 1.000000
24 23 25 1.000000
24 25 23 1.000000
24 23 90 1.000000
24 90 23 1.000000
25 22 24 1.000000
25 24 22 1.000000
25 22 56 1.000000
25 56 22 1.000000
25 22 91 1.000000
25 91 22 1.000000
25 24 56 1.000000
25 56 24 1.000000
25 24 91 1.000000
25 91 24 1.000000
25 56 91 1.000000
25 91 56 1.000000
26 28 94 1.000000
26 94 28 1.000000
27 29 33 1.000000
27 33 29 1.000000
28 26 30 1.000000
28 30 26 1.000000
29 27 97 1.000000
29 97 27 1.000000
30 28 32 1.000000
30 32 28 1.000000
31 33 36 1.000000
31 36 33 1.000000
32 30 35 1.000000
32 35 30 1.000000
33 27 31 1.000000
33 31 27 1.000000
34 13 35 1.000000
34 35 13 1.000000
35 32 34 1.000000
35 34 32 1.000000
36 31 37 1.000000
36 37 31 1.000000
37 12 36 1.000000
37 36 12 1.000000
38 40 98 1.000000
38 98 40 1.000000
39 41 45 1.000000
39 45 41 1.000000
40 38 42 1.000000
40 42 38 1.000000
41 39 101 1.000000
41 101 39 1.000000
42 40 44 1.000000
42 44 40 1.000000
43 45 48 1.000000
43 48 45 1.000000
44 42 47 1.000000
44 47 42 1.000000
45 39 43 1.000000
45 43 39 1.000000
46 17 47 1.000000
46 47 17 1.000000
47 44 46 1.000000
47 46 44 1.000000
48 43 49 1.000000
48 49 43 1.000000
49 16 48 1.000000
49 48 16 1.000000
50 19 51 1.000000
50 51 19 1.000000
51 50 52 1.000000
51 52 50 1.000000
52 51 53 1.000000
52 53 51 1.000000
53 52 54 1.000000
53 54 52 1.000000
54 53 55 1.000000
54 55 53 1.000000
55 22 54 1.000000
55 54 22 1.000000
56 25 57 1.000000
56 57 25 1.000000
57 56 58 1.000000
57 58 56 1.000000
58 57 59 1.000000
58 59 57 1.000000
59 58 60 1.000000
59 60 58 1.000000
60 59 61 1.000000
60 61 59 1.000000
61 20 60 1.000000
61 60 20 1.000000
62 3 63 1.000000
62 63 3 1.000000
63 62 64 1.000000
63 64 62 1.000000
64 63 65 1.000000
64 65 63 1.000000
65 64 66 1.000000
65 66 64 1.000000
66 65 67 1.000000
66 67 65 1.000000
67 0 66 1.000000
67 66 0 1.000000
68 1 69 1.000000
68 69 1 1.000000
69 68 70 1.000000
69 70 68 1.000000
70 69 71 1.000000
70 71 69 1.000000
71 70 72 1.000000
71 72 70 1.000000
72 71 73 1.000000
72 73 71 1.000000
73 14 72 1.000000
73 72 14 1.000000
74 17 75 1.000000
74 75 17 1.000000
75 74 76 1.000000
75 76 74 1.000000
76 75 77 1.000000
76 77 75 1.000000
77 76 78 1.000000
77 78 76 1.000000
78 77 79 1.000000
78 79 77 1.000000
79 12 78 1.000000
79 78 12 1.000000
80 13 81 1.000000
80 81 13 1.000000
81 80 82 1.000000
81 82 80 1.000000
82 81 83 1.000000
82 83 81 1.000000
83 82 84 1.000000
83 84 82 1.000000
84 83 85 1.000000
84 85 83 1.000000
85 2 84 1.000000
85 84 2 1.000000
94 26 95 1.000000
94 95 26 1.000000
95 18 94 1.000000
95 94 18 1.000000
96 19 97 1.000000
96 97 19 1.000000
97 29 96 1.000000
97 96 29 1.000000
98 38 99 1.000000
98 99 38 1.000000
99 22 98 1.000000
99 98 22 1.000000
100 23 101 1.000000
100 101 23 1.000000
101 41 100 1.000000
101 100 41 1.000000
102 92 103 1.000000
102 103 92 1.000000
103 102 104 1.000000
103 104 102 1.000000
104 103 105 1.000000
104 105 103 1.000000
105 104 106 1.000000
105 106 104 1.000000
106 105 107 1.000000
106 107 105 1.000000
107 18 106 1.000000
107 106 18 1.000000
108 21 109 1.000000
108 109 21 1.000000
109 108 110 1.000000
109 110 108 1.000000
110 109 111 1.000000
110 111 109 1.000000
111 110 112 1.000000
111 112 110 1.000000
112 111 113 1.000000
112 113 111 1.000000
113 93 112 1.000000
113 112 93 1.000000
114 5 115 1.000000
114 115 5 1.000000
115 114 116 1.000000
115 116 114 1.000000
116 115 117 1.000000
116 117 115 1.000000
117 116 118 1.000000
117 118 116 1.000000
118 117 119 1.000000
118 119 117 1.000000
119 0 118 1.000000
119 118 0 1.000000
120 1 121 1.000000
120 121 1 1.000000
121 120 122 1.000000
121 122 120 1.000000
122 121 123 1.000000
122 123 121 1.000000
123 122 124 1.000000
123 124 122 1.000000
124 123 125 1.000000
124 125 123 1.000000
125 4 124 1.000000
125 124 4 1.000000
127 126 128 1.000000
127 128 126 1.000000
128 127 129 1.000000
128 129 127 1.000000
129 128 130 1.000000
129 130 128 1.000000
130 129 131 1.000000
130 131 129 1.000000
131 14 130 1.000000
131 130 14 1.000000
132 15 133 1.000000
132 133 15 1.000000
133 132 134 1.000000
133 134 132 1.000000
134 133 135 1.000000
134 135 133 1.000000
135 134 136 1.000000
135 136 134 1.000000
136 135 137 1.000000
136 137 135 1.000000
;
param D:=0.5;
param t_hat_ear:=
0 147 0.0
0 49 1.0
0 16 2.0
0 17 3.0
0 74 4.0
0 75 5.0
0 76 6.0
0 77 7.0
0 78 8.0
0 79 9.0
0 12 10.0
0 13 11.0
0 34 12.0
0 35 13.0
0 141 14.0
1 9 0.0
1 5 1.0
1 114 2.0
1 115 3.0
1 116 4.0
1 117 5.0
1 118 6.0
1 119 7.0
1 0 8.0
1 1 9.0
1 68 10.0
1 69 11.0
1 70 12.0
1 71 13.0
1 72 14.0
1 73 15.0
1 14 16.0
1 17 17.0
1 46 18.0
1 47 19.0
1 142 20.0
2 144 5.0
2 88 6.0
2 20 7.0
2 19 8.0
2 50 9.0
2 51 10.0
2 52 11.0
2 53 12.0
2 54 13.0
2 55 14.0
2 22 15.0
2 23 16.0
2 100 17.0
2 101 18.0
2 41 19.0
2 39 20.0
2 45 21.0
2 43 22.0
2 48 23.0
2 142 24.0
3 11 4.0
3 3 5.0
3 62 6.0
3 63 7.0
3 64 8.0
3 65 9.0
3 66 10.0
3 67 11.0
3 0 12.0
3 1 13.0
3 68 14.0
3 69 15.0
3 70 16.0
3 71 17.0
3 72 18.0
3 73 19.0
3 14 20.0
3 15 21.0
3 132 22.0
3 133 23.0
3 134 24.0
3 135 25.0
3 136 26.0
3 137 27.0
3 6 28.0
4 146 0.0
4 37 1.0
4 12 2.0
4 1 3.0
4 68 4.0
4 69 5.0
4 70 6.0
4 71 7.0
4 72 8.0
4 73 9.0
4 14 10.0
4 17 11.0
4 46 12.0
4 47 13.0
4 142 14.0
5 143 6.0
5 90 7.0
5 24 8.0
5 25 9.0
5 56 10.0
5 57 11.0
5 58 12.0
5 59 13.0
5 60 14.0
5 61 15.0
5 20 16.0
5 21 17.0
5 89 18.0
5 139 19.0
6 145 6.0
6 92 7.0
6 102 8.0
6 103 9.0
6 104 10.0
6 105 11.0
6 106 12.0
6 107 13.0
6 18 14.0
6 19 15.0
6 50 16.0
6 51 17.0
6 52 18.0
6 53 19.0
6 54 20.0
6 55 21.0
6 22 22.0
6 23 23.0
6 100 24.0
6 101 25.0
6 41 26.0
6 39 27.0
6 45 28.0
6 43 29.0
6 48 30.0
6 142 31.0
7 9 8.0
7 5 9.0
7 114 10.0
7 115 11.0
7 116 12.0
7 117 13.0
7 118 14.0
7 119 15.0
7 0 16.0
7 1 17.0
7 68 18.0
7 69 19.0
7 70 20.0
7 71 21.0
7 72 22.0
7 73 23.0
7 14 24.0
7 17 25.0
7 46 26.0
7 47 27.0
7 142 28.0
8 143 4.0
8 90 5.0
8 24 6.0
8 25 7.0
8 56 8.0
8 57 9.0
8 58 10.0
8 59 11.0
8 60 12.0
8 61 13.0
8 20 14.0
8 21 15.0
8 89 16.0
8 139 17.0
9 144 7.0
9 88 8.0
9 20 9.0
9 19 10.0
9 96 11.0
9 97 12.0
9 29 13.0
9 27 14.0
9 33 15.0
9 31 16.0
9 36 17.0
9 141 18.0
10 9 6.0
10 5 7.0
10 114 8.0
10 115 9.0
10 116 10.0
10 117 11.0
10 118 12.0
10 119 13.0
10 0 14.0
10 13 15.0
10 80 16.0
10 81 17.0
10 82 18.0
10 83 19.0
10 84 20.0
10 85 21.0
10 2 22.0
10 10 23.0
11 145 8.0
11 92 9.0
11 102 10.0
11 103 11.0
11 104 12.0
11 105 13.0
11 106 14.0
11 107 15.0
11 18 16.0
11 19 17.0
11 50 18.0
11 51 19.0
11 52 20.0
11 53 21.0
11 54 22.0
11 55 23.0
11 22 24.0
11 23 25.0
11 100 26.0
11 101 27.0
11 41 28.0
11 39 29.0
11 45 30.0
11 43 31.0
11 48 32.0
11 142 33.0
12 144 2.0
12 88 3.0
12 20 4.0
12 19 5.0
12 96 6.0
12 97 7.0
12 29 8.0
12 27 9.0
12 33 10.0
12 31 11.0
12 36 12.0
12 37 13.0
12 12 14.0
12 1 15.0
12 120 16.0
12 121 17.0
12 122 18.0
12 123 19.0
12 124 20.0
12 125 21.0
12 4 22.0
12 8 23.0
13 9 15.0
13 5 16.0
13 114 17.0
13 115 18.0
13 116 19.0
13 117 20.0
13 118 21.0
13 119 22.0
13 0 23.0
13 1 24.0
13 68 25.0
13 69 26.0
13 70 27.0
13 71 28.0
13 72 29.0
13 73 30.0
13 14 31.0
13 17 32.0
13 46 33.0
13 47 34.0
13 142 35.0
14 7 7.0
14 126 8.0
14 127 9.0
14 128 10.0
14 129 11.0
14 130 12.0
14 131 13.0
14 14 14.0
14 17 15.0
14 74 16.0
14 75 17.0
14 76 18.0
14 77 19.0
14 78 20.0
14 79 21.0
14 12 22.0
14 13 23.0
14 34 24.0
14 35 25.0
14 141 26.0
15 144 0.0
15 88 1.0
15 20 2.0
15 19 3.0
15 96 4.0
15 97 5.0
15 29 6.0
15 27 7.0
15 33 8.0
15 31 9.0
15 36 10.0
15 141 11.0
16 11 2.0
16 3 3.0
16 62 4.0
16 63 5.0
16 64 6.0
16 65 7.0
16 66 8.0
16 67 9.0
16 0 10.0
16 1 11.0
16 68 12.0
16 69 13.0
16 70 14.0
16 71 15.0
16 72 16.0
16 73 17.0
16 14 18.0
16 15 19.0
16 132 20.0
16 133 21.0
16 134 22.0
16 135 23.0
16 136 24.0
16 137 25.0
16 6 26.0
17 143 2.0
17 90 3.0
17 24 4.0
17 23 5.0
17 100 6.0
17 101 7.0
17 41 8.0
17 39 9.0
17 45 10.0
17 43 11.0
17 48 12.0
17 49 13.0
17 16 14.0
17 15 15.0
17 132 16.0
17 133 17.0
17 134 18.0
17 135 19.0
17 136 20.0
17 137 21.0
17 6 22.0
18 7 0.0
18 126 1.0
18 127 2.0
18 128 3.0
18 129 4.0
18 130 5.0
18 131 6.0
18 14 7.0
18 17 8.0
18 46 9.0
18 47 10.0
18 44 11.0
18 42 12.0
18 40 13.0
18 38 14.0
18 98 15.0
18 99 16.0
18 22 17.0
18 25 18.0
18 91 19.0
18 138 20.0
19 143 0.0
19 90 1.0
19 24 2.0
19 23 3.0
19 100 4.0
19 101 5.0
19 41 6.0
19 39 7.0
19 45 8.0
19 43 9.0
19 48 10.0
19 49 11.0
19 16 12.0
19 15 13.0
19 132 14.0
19 133 15.0
19 134 16.0
19 135 17.0
19 136 18.0
19 137 19.0
19 6 20.0
20 144 16.0
20 88 17.0
20 20 18.0
20 19 19.0
20 96 20.0
20 97 21.0
20 29 22.0
20 27 23.0
20 33 24.0
20 31 25.0
20 36 26.0
20 37 27.0
20 12 28.0
20 13 29.0
20 80 30.0
20 81 31.0
20 82 32.0
20 83 33.0
20 84 34.0
20 85 35.0
20 2 36.0
20 10 37.0
21 11 19.0
21 3 20.0
21 62 21.0
21 63 22.0
21 64 23.0
21 65 24.0
21 66 25.0
21 67 26.0
21 0 27.0
21 1 28.0
21 68 29.0
21 69 30.0
21 70 31.0
21 71 32.0
21 72 33.0
21 73 34.0
21 14 35.0
21 17 36.0
21 46 37.0
21 47 38.0
21 142 39.0
22 147 19.0
22 46 20.0
22 47 21.0
22 44 22.0
22 42 23.0
22 40 24.0
22 38 25.0
22 98 26.0
22 99 27.0
22 22 28.0
22 25 29.0
22 91 30.0
22 138 31.0
23 7 15.0
23 126 16.0
23 127 17.0
23 128 18.0
23 129 19.0
23 130 20.0
23 131 21.0
23 14 22.0
23 17 23.0
23 74 24.0
23 75 25.0
23 76 26.0
23 77 27.0
23 78 28.0
23 79 29.0
23 12 30.0
23 13 31.0
23 80 32.0
23 81 33.0
23 82 34.0
23 83 35.0
23 84 36.0
23 85 37.0
23 2 38.0
23 10 39.0
24 146 19.0
24 34 20.0
24 35 21.0
24 32 22.0
24 30 23.0
24 28 24.0
24 26 25.0
24 94 26.0
24 95 27.0
24 18 28.0
24 21 29.0
24 108 30.0
24 109 31.0
24 110 32.0
24 111 33.0
24 112 34.0
24 113 35.0
24 93 36.0
24 140 37.0
25 145 12.0
25 92 13.0
25 102 14.0
25 103 15.0
25 104 16.0
25 105 17.0
25 106 18.0
25 107 19.0
25 18 20.0
25 19 21.0
25 96 22.0
25 97 23.0
25 29 24.0
25 27 25.0
25 33 26.0
25 31 27.0
25 36 28.0
25 141 29.0
26 144 10.0
26 88 11.0
26 20 12.0
26 19 13.0
26 96 14.0
26 97 15.0
26 29 16.0
26 27 17.0
26 33 18.0
26 31 19.0
26 36 20.0
26 141 21.0
27 147 27.0
27 46 28.0
27 47 29.0
27 44 30.0
27 42 31.0
27 40 32.0
27 38 33.0
27 98 34.0
27 99 35.0
27 22 36.0
27 25 37.0
27 56 38.0
27 57 39.0
27 58 40.0
27 59 41.0
27 60 42.0
27 61 43.0
27 20 44.0
27 21 45.0
27 89 46.0
27 139 47.0
28 143 22.0
28 90 23.0
28 24 24.0
28 25 25.0
28 56 26.0
28 57 27.0
28 58 28.0
28 59 29.0
28 60 30.0
28 61 31.0
28 20 32.0
28 21 33.0
28 108 34.0
28 109 35.0
28 110 36.0
28 111 37.0
28 112 38.0
28 113 39.0
28 93 40.0
28 140 41.0
29 147 16.0
29 49 17.0
29 16 18.0
29 17 19.0
29 74 20.0
29 75 21.0
29 76 22.0
29 77 23.0
29 78 24.0
29 79 25.0
29 12 26.0
29 13 27.0
29 80 28.0
29 81 29.0
29 82 30.0
29 83 31.0
29 84 32.0
29 85 33.0
29 2 34.0
29 10 35.0
30 146 15.0
30 34 16.0
30 35 17.0
30 32 18.0
30 30 19.0
30 28 20.0
30 26 21.0
30 94 22.0
30 95 23.0
30 18 24.0
30 21 25.0
30 108 26.0
30 109 27.0
30 110 28.0
30 111 29.0
30 112 30.0
30 113 31.0
30 93 32.0
30 140 33.0
31 144 18.0
31 88 19.0
31 20 20.0
31 21 21.0
31 108 22.0
31 109 23.0
31 110 24.0
31 111 25.0
31 112 26.0
31 113 27.0
31 93 28.0
31 140 29.0
32 147 14.0
32 49 15.0
32 16 16.0
32 15 17.0
32 132 18.0
32 133 19.0
32 134 20.0
32 135 21.0
32 136 22.0
32 137 23.0
32 6 24.0
33 11 12.0
33 3 13.0
33 62 14.0
33 63 15.0
33 64 16.0
33 65 17.0
33 66 18.0
33 67 19.0
33 0 20.0
33 13 21.0
33 34 22.0
33 35 23.0
33 32 24.0
33 30 25.0
33 28 26.0
33 26 27.0
33 94 28.0
33 95 29.0
33 18 30.0
33 21 31.0
33 89 32.0
33 139 33.0
34 146 41.0
34 37 42.0
34 12 43.0
34 1 44.0
34 68 45.0
34 69 46.0
34 70 47.0
34 71 48.0
34 72 49.0
34 73 50.0
34 14 51.0
34 17 52.0
34 46 53.0
34 47 54.0
34 142 55.0
35 145 14.0
35 92 15.0
35 102 16.0
35 103 17.0
35 104 18.0
35 105 19.0
35 106 20.0
35 107 21.0
35 18 22.0
35 19 23.0
35 96 24.0
35 97 25.0
35 29 26.0
35 27 27.0
35 33 28.0
35 31 29.0
35 36 30.0
35 141 31.0
36 7 19.0
36 126 20.0
36 127 21.0
36 128 22.0
36 129 23.0
36 130 24.0
36 131 25.0
36 14 26.0
36 17 27.0
36 74 28.0
36 75 29.0
36 76 30.0
36 77 31.0
36 78 32.0
36 79 33.0
36 12 34.0
36 13 35.0
36 80 36.0
36 81 37.0
36 82 38.0
36 83 39.0
36 84 40.0
36 85 41.0
36 2 42.0
36 10 43.0
37 145 18.0
37 92 19.0
37 102 20.0
37 103 21.0
37 104 22.0
37 105 23.0
37 106 24.0
37 107 25.0
37 18 26.0
37 19 27.0
37 96 28.0
37 97 29.0
37 29 30.0
37 27 31.0
37 33 32.0
37 31 33.0
37 36 34.0
37 141 35.0
38 144 26.0
38 88 27.0
38 20 28.0
38 19 29.0
38 96 30.0
38 97 31.0
38 29 32.0
38 27 33.0
38 33 34.0
38 31 35.0
38 36 36.0
38 37 37.0
38 12 38.0
38 1 39.0
38 120 40.0
38 121 41.0
38 122 42.0
38 123 43.0
38 124 44.0
38 125 45.0
38 4 46.0
38 8 47.0
39 143 12.0
39 90 13.0
39 24 14.0
39 25 15.0
39 56 16.0
39 57 17.0
39 58 18.0
39 59 19.0
39 60 20.0
39 61 21.0
39 20 22.0
39 21 23.0
39 89 24.0
39 139 25.0
40 144 49.0
40 88 50.0
40 20 51.0
40 19 52.0
40 96 53.0
40 97 54.0
40 29 55.0
40 27 56.0
40 33 57.0
40 31 58.0
40 36 59.0
40 37 60.0
40 12 61.0
40 13 62.0
40 80 63.0
40 81 64.0
40 82 65.0
40 83 66.0
40 84 67.0
40 85 68.0
40 2 69.0
40 10 70.0
41 143 29.0
41 90 30.0
41 24 31.0
41 25 32.0
41 56 33.0
41 57 34.0
41 58 35.0
41 59 36.0
41 60 37.0
41 61 38.0
41 20 39.0
41 19 40.0
41 96 41.0
41 97 42.0
41 29 43.0
41 27 44.0
41 33 45.0
41 31 46.0
41 36 47.0
41 141 48.0
42 145 29.0
42 92 30.0
42 102 31.0
42 103 32.0
42 104 33.0
42 105 34.0
42 106 35.0
42 107 36.0
42 18 37.0
42 19 38.0
42 96 39.0
42 97 40.0
42 29 41.0
42 27 42.0
42 33 43.0
42 31 44.0
42 36 45.0
42 141 46.0
43 145 35.0
43 92 36.0
43 102 37.0
43 103 38.0
43 104 39.0
43 105 40.0
43 106 41.0
43 107 42.0
43 18 43.0
43 19 44.0
43 50 45.0
43 51 46.0
43 52 47.0
43 53 48.0
43 54 49.0
43 55 50.0
43 22 51.0
43 25 52.0
43 91 53.0
43 138 54.0
44 7 21.0
44 126 22.0
44 127 23.0
44 128 24.0
44 129 25.0
44 130 26.0
44 131 27.0
44 14 28.0
44 17 29.0
44 74 30.0
44 75 31.0
44 76 32.0
44 77 33.0
44 78 34.0
44 79 35.0
44 12 36.0
44 1 37.0
44 120 38.0
44 121 39.0
44 122 40.0
44 123 41.0
44 124 42.0
44 125 43.0
44 4 44.0
44 8 45.0
45 146 30.0
45 37 31.0
45 12 32.0
45 1 33.0
45 120 34.0
45 121 35.0
45 122 36.0
45 123 37.0
45 124 38.0
45 125 39.0
45 4 40.0
45 8 41.0
46 145 37.0
46 92 38.0
46 102 39.0
46 103 40.0
46 104 41.0
46 105 42.0
46 106 43.0
46 107 44.0
46 18 45.0
46 19 46.0
46 96 47.0
46 97 48.0
46 29 49.0
46 27 50.0
46 33 51.0
46 31 52.0
46 36 53.0
46 141 54.0
47 7 38.0
47 126 39.0
47 127 40.0
47 128 41.0
47 129 42.0
47 130 43.0
47 131 44.0
47 14 45.0
47 17 46.0
47 74 47.0
47 75 48.0
47 76 49.0
47 77 50.0
47 78 51.0
47 79 52.0
47 12 53.0
47 13 54.0
47 80 55.0
47 81 56.0
47 82 57.0
47 83 58.0
47 84 59.0
47 85 60.0
47 2 61.0
47 10 62.0
48 145 39.0
48 92 40.0
48 102 41.0
48 103 42.0
48 104 43.0
48 105 44.0
48 106 45.0
48 107 46.0
48 18 47.0
48 19 48.0
48 96 49.0
48 97 50.0
48 29 51.0
48 27 52.0
48 33 53.0
48 31 54.0
48 36 55.0
48 141 56.0
49 9 29.0
49 5 30.0
49 114 31.0
49 115 32.0
49 116 33.0
49 117 34.0
49 118 35.0
49 119 36.0
49 0 37.0
49 13 38.0
49 34 39.0
49 35 40.0
49 141 41.0
50 143 26.0
50 90 27.0
50 24 28.0
50 23 29.0
50 100 30.0
50 101 31.0
50 41 32.0
50 39 33.0
50 45 34.0
50 43 35.0
50 48 36.0
50 142 37.0
51 7 26.0
51 126 27.0
51 127 28.0
51 128 29.0
51 129 30.0
51 130 31.0
51 131 32.0
51 14 33.0
51 17 34.0
51 74 35.0
51 75 36.0
51 76 37.0
51 77 38.0
51 78 39.0
51 79 40.0
51 12 41.0
51 13 42.0
51 80 43.0
51 81 44.0
51 82 45.0
51 83 46.0
51 84 47.0
51 85 48.0
51 2 49.0
51 10 50.0
52 11 21.0
52 3 22.0
52 62 23.0
52 63 24.0
52 64 25.0
52 65 26.0
52 66 27.0
52 67 28.0
52 0 29.0
52 1 30.0
52 68 31.0
52 69 32.0
52 70 33.0
52 71 34.0
52 72 35.0
52 73 36.0
52 14 37.0
52 17 38.0
52 46 39.0
52 47 40.0
52 142 41.0
53 143 20.0
53 90 21.0
53 24 22.0
53 25 23.0
53 56 24.0
53 57 25.0
53 58 26.0
53 59 27.0
53 60 28.0
53 61 29.0
53 20 30.0
53 19 31.0
53 96 32.0
53 97 33.0
53 29 34.0
53 27 35.0
53 33 36.0
53 31 37.0
53 36 38.0
53 141 39.0
54 147 38.0
54 49 39.0
54 16 40.0
54 17 41.0
54 74 42.0
54 75 43.0
54 76 44.0
54 77 45.0
54 78 46.0
54 79 47.0
54 12 48.0
54 13 49.0
54 34 50.0
54 35 51.0
54 141 52.0
55 145 25.0
55 92 26.0
55 102 27.0
55 103 28.0
55 104 29.0
55 105 30.0
55 106 31.0
55 107 32.0
55 18 33.0
55 19 34.0
55 50 35.0
55 51 36.0
55 52 37.0
55 53 38.0
55 54 39.0
55 55 40.0
55 22 41.0
55 23 42.0
55 100 43.0
55 101 44.0
55 41 45.0
55 39 46.0
55 45 47.0
55 43 48.0
55 48 49.0
55 142 50.0
56 145 27.0
56 92 28.0
56 102 29.0
56 103 30.0
56 104 31.0
56 105 32.0
56 106 33.0
56 107 34.0
56 18 35.0
56 19 36.0
56 96 37.0
56 97 38.0
56 29 39.0
56 27 40.0
56 33 41.0
56 31 42.0
56 36 43.0
56 141 44.0
57 143 32.0
57 90 33.0
57 24 34.0
57 23 35.0
57 100 36.0
57 101 37.0
57 41 38.0
57 39 39.0
57 45 40.0
57 43 41.0
57 48 42.0
57 142 43.0
58 144 24.0
58 88 25.0
58 20 26.0
58 21 27.0
58 108 28.0
58 109 29.0
58 110 30.0
58 111 31.0
58 112 32.0
58 113 33.0
58 93 34.0
58 140 35.0
59 144 39.0
59 88 40.0
59 20 41.0
59 19 42.0
59 96 43.0
59 97 44.0
59 29 45.0
59 27 46.0
59 33 47.0
59 31 48.0
59 36 49.0
59 37 50.0
59 12 51.0
59 13 52.0
59 80 53.0
59 81 54.0
59 82 55.0
59 83 56.0
59 84 57.0
59 85 58.0
59 2 59.0
59 10 60.0
60 7 36.0
60 126 37.0
60 127 38.0
60 128 39.0
60 129 40.0
60 130 41.0
60 131 42.0
60 14 43.0
60 17 44.0
60 46 45.0
60 47 46.0
60 44 47.0
60 42 48.0
60 40 49.0
60 38 50.0
60 98 51.0
60 99 52.0
60 22 53.0
60 25 54.0
60 91 55.0
60 138 56.0
61 147 34.0
61 49 35.0
61 16 36.0
61 15 37.0
61 132 38.0
61 133 39.0
61 134 40.0
61 135 41.0
61 136 42.0
61 137 43.0
61 6 44.0
62 9 33.0
62 5 34.0
62 114 35.0
62 115 36.0
62 116 37.0
62 117 38.0
62 118 39.0
62 119 40.0
62 0 41.0
62 1 42.0
62 68 43.0
62 69 44.0
62 70 45.0
62 71 46.0
62 72 47.0
62 73 48.0
62 14 49.0
62 15 50.0
62 132 51.0
62 133 52.0
62 134 53.0
62 135 54.0
62 136 55.0
62 137 56.0
62 6 57.0
65 143 34.0
65 90 35.0
65 24 36.0
65 23 37.0
65 100 38.0
65 101 39.0
65 41 40.0
65 39 41.0
65 45 42.0
65 43 43.0
65 48 44.0
65 49 45.0
65 16 46.0
65 15 47.0
65 132 48.0
65 133 49.0
65 134 50.0
65 135 51.0
65 136 52.0
65 137 53.0
65 6 54.0
66 11 31.0
66 3 32.0
66 62 33.0
66 63 34.0
66 64 35.0
66 65 36.0
66 66 37.0
66 67 38.0
66 0 39.0
66 13 40.0
66 34 41.0
66 35 42.0
66 32 43.0
66 30 44.0
66 28 45.0
66 26 46.0
66 94 47.0
66 95 48.0
66 18 49.0
66 21 50.0
66 89 51.0
66 139 52.0
68 147 30.0
68 46 31.0
68 47 32.0
68 44 33.0
68 42 34.0
68 40 35.0
68 38 36.0
68 98 37.0
68 99 38.0
68 22 39.0
68 25 40.0
68 91 41.0
68 138 42.0
69 147 32.0
69 49 33.0
69 16 34.0
69 15 35.0
69 132 36.0
69 133 37.0
69 134 38.0
69 135 39.0
69 136 40.0
69 137 41.0
69 6 42.0
70 145 49.0
70 92 50.0
70 102 51.0
70 103 52.0
70 104 53.0
70 105 54.0
70 106 55.0
70 107 56.0
70 18 57.0
70 19 58.0
70 96 59.0
70 97 60.0
70 29 61.0
70 27 62.0
70 33 63.0
70 31 64.0
70 36 65.0
70 141 66.0
71 11 47.0
71 3 48.0
71 62 49.0
71 63 50.0
71 64 51.0
71 65 52.0
71 66 53.0
71 67 54.0
71 0 55.0
71 13 56.0
71 34 57.0
71 35 58.0
71 32 59.0
71 30 60.0
71 28 61.0
71 26 62.0
71 94 63.0
71 95 64.0
71 18 65.0
71 21 66.0
71 89 67.0
71 139 68.0
72 11 35.0
72 3 36.0
72 62 37.0
72 63 38.0
72 64 39.0
72 65 40.0
72 66 41.0
72 67 42.0
72 0 43.0
72 13 44.0
72 34 45.0
72 35 46.0
72 32 47.0
72 30 48.0
72 28 49.0
72 26 50.0
72 94 51.0
72 95 52.0
72 18 53.0
72 21 54.0
72 89 55.0
72 139 56.0
73 145 31.0
73 92 32.0
73 102 33.0
73 103 34.0
73 104 35.0
73 105 36.0
73 106 37.0
73 107 38.0
73 18 39.0
73 21 40.0
73 89 41.0
73 139 42.0
74 9 38.0
74 5 39.0
74 114 40.0
74 115 41.0
74 116 42.0
74 117 43.0
74 118 44.0
74 119 45.0
74 0 46.0
74 13 47.0
74 34 48.0
74 35 49.0
74 141 50.0
75 146 32.0
75 34 33.0
75 35 34.0
75 32 35.0
75 30 36.0
75 28 37.0
75 26 38.0
75 94 39.0
75 95 40.0
75 18 41.0
75 21 42.0
75 89 43.0
75 139 44.0
76 9 49.0
76 5 50.0
76 114 51.0
76 115 52.0
76 116 53.0
76 117 54.0
76 118 55.0
76 119 56.0
76 0 57.0
76 13 58.0
76 34 59.0
76 35 60.0
76 141 61.0
78 146 44.0
78 37 45.0
78 12 46.0
78 1 47.0
78 120 48.0
78 121 49.0
78 122 50.0
78 123 51.0
78 124 52.0
78 125 53.0
78 4 54.0
78 8 55.0
79 143 39.0
79 90 40.0
79 24 41.0
79 25 42.0
79 56 43.0
79 57 44.0
79 58 45.0
79 59 46.0
79 60 47.0
79 61 48.0
79 20 49.0
79 19 50.0
79 96 51.0
79 97 52.0
79 29 53.0
79 27 54.0
79 33 55.0
79 31 56.0
79 36 57.0
79 141 58.0
82 145 47.0
82 92 48.0
82 102 49.0
82 103 50.0
82 104 51.0
82 105 52.0
82 106 53.0
82 107 54.0
82 18 55.0
82 19 56.0
82 96 57.0
82 97 58.0
82 29 59.0
82 27 60.0
82 33 61.0
82 31 62.0
82 36 63.0
82 141 64.0
85 7 48.0
85 126 49.0
85 127 50.0
85 128 51.0
85 129 52.0
85 130 53.0
85 131 54.0
85 14 55.0
85 17 56.0
85 74 57.0
85 75 58.0
85 76 59.0
85 77 60.0
85 78 61.0
85 79 62.0
85 12 63.0
85 13 64.0
85 80 65.0
85 81 66.0
85 82 67.0
85 83 68.0
85 84 69.0
85 85 70.0
85 2 71.0
85 10 72.0
86 147 46.0
86 46 47.0
86 47 48.0
86 44 49.0
86 42 50.0
86 40 51.0
86 38 52.0
86 98 53.0
86 99 54.0
86 22 55.0
86 25 56.0
86 91 57.0
86 138 58.0
88 147 40.0
88 46 41.0
88 47 42.0
88 44 43.0
88 42 44.0
88 40 45.0
88 38 46.0
88 98 47.0
88 99 48.0
88 22 49.0
88 25 50.0
88 56 51.0
88 57 52.0
88 58 53.0
88 59 54.0
88 60 55.0
88 61 56.0
88 20 57.0
88 21 58.0
88 89 59.0
88 139 60.0
91 143 45.0
91 90 46.0
91 24 47.0
91 25 48.0
91 56 49.0
91 57 50.0
91 58 51.0
91 59 52.0
91 60 53.0
91 61 54.0
91 20 55.0
91 21 56.0
91 89 57.0
91 139 58.0
93 147 42.0
93 49 43.0
93 16 44.0
93 15 45.0
93 132 46.0
93 133 47.0
93 134 48.0
93 135 49.0
93 136 50.0
93 137 51.0
93 6 52.0
94 7 40.0
94 126 41.0
94 127 42.0
94 128 43.0
94 129 44.0
94 130 45.0
94 131 46.0
94 14 47.0
94 17 48.0
94 74 49.0
94 75 50.0
94 76 51.0
94 77 52.0
94 78 53.0
94 79 54.0
94 12 55.0
94 1 56.0
94 120 57.0
94 121 58.0
94 122 59.0
94 123 60.0
94 124 61.0
94 125 62.0
94 4 63.0
94 8 64.0
97 9 41.0
97 5 42.0
97 114 43.0
97 115 44.0
97 116 45.0
97 117 46.0
97 118 47.0
97 119 48.0
97 0 49.0
97 1 50.0
97 68 51.0
97 69 52.0
97 70 53.0
97 71 54.0
97 72 55.0
97 73 56.0
97 14 57.0
97 15 58.0
97 132 59.0
97 133 60.0
97 134 61.0
97 135 62.0
97 136 63.0
97 137 64.0
97 6 65.0
99 11 43.0
99 3 44.0
99 62 45.0
99 63 46.0
99 64 47.0
99 65 48.0
99 66 49.0
99 67 50.0
99 0 51.0
99 1 52.0
99 68 53.0
99 69 54.0
99 70 55.0
99 71 56.0
99 72 57.0
99 73 58.0
99 14 59.0
99 15 60.0
99 132 61.0
99 133 62.0
99 134 63.0
99 135 64.0
99 136 65.0
99 137 66.0
99 6 67.0
100 147 12
100 49 13.0
100 16 14.0
100 17 15.0
100 74 16.0
100 75 17.0
100 76 18.0
100 77 19.0
100 78 20.0
100 79 21.0
100 12 22.0
100 1 23.0
100 120 24.0
100 121 25.0
100 122 26.0
100 123 27.0
100 124 28.0
100 125 29.0
100 4 30.0
100 8 31.0
;
param t_hat_lat:=
0 147 1.0
0 49 2.0
0 16 3.0
0 17 4.0
0 74 5.0
0 75 6.0
0 76 7.0
0 77 8.0
0 78 9.0
0 79 10.0
0 12 11.0
0 13 12.0
0 34 13.0
0 35 14.0
0 141 15.0
1 9 1.0
1 5 2.0
1 114 3.0
1 115 4.0
1 116 5.0
1 117 6.0
1 118 7.0
1 119 8.0
1 0 9.0
1 1 10.0
1 68 11.0
1 69 12.0
1 70 13.0
1 71 14.0
1 72 15.0
1 73 16.0
1 14 17.0
1 17 18.0
1 46 19.0
1 47 20.0
1 142 21.0
2 144 6.0
2 88 7.0
2 20 8.0
2 19 9.0
2 50 10.0
2 51 11.0
2 52 12.0
2 53 13.0
2 54 14.0
2 55 15.0
2 22 16.0
2 23 17.0
2 100 18.0
2 101 19.0
2 41 20.0
2 39 21.0
2 45 22.0
2 43 23.0
2 48 24.0
2 142 25.0
3 11 5.0
3 3 6.0
3 62 7.0
3 63 8.0
3 64 9.0
3 65 10.0
3 66 11.0
3 67 12.0
3 0 13.0
3 1 14.0
3 68 15.0
3 69 16.0
3 70 17.0
3 71 18.0
3 72 19.0
3 73 20.0
3 14 21.0
3 15 22.0
3 132 23.0
3 133 24.0
3 134 25.0
3 135 26.0
3 136 27.0
3 137 28.0
3 6 29.0
4 146 1.0
4 37 2.0
4 12 3.0
4 1 4.0
4 68 5.0
4 69 6.0
4 70 7.0
4 71 8.0
4 72 9.0
4 73 10.0
4 14 11.0
4 17 12.0
4 46 13.0
4 47 14.0
4 142 15.0
5 143 7.0
5 90 8.0
5 24 9.0
5 25 10.0
5 56 11.0
5 57 12.0
5 58 13.0
5 59 14.0
5 60 15.0
5 61 16.0
5 20 17.0
5 21 18.0
5 89 19.0
5 139 20.0
6 145 7.0
6 92 8.0
6 102 9.0
6 103 10.0
6 104 11.0
6 105 12.0
6 106 13.0
6 107 14.0
6 18 15.0
6 19 16.0
6 50 17.0
6 51 18.0
6 52 19.0
6 53 20.0
6 54 21.0
6 55 22.0
6 22 23.0
6 23 24.0
6 100 25.0
6 101 26.0
6 41 27.0
6 39 28.0
6 45 29.0
6 43 30.0
6 48 31.0
6 142 32.0
7 9 9.0
7 5 10.0
7 114 11.0
7 115 12.0
7 116 13.0
7 117 14.0
7 118 15.0
7 119 16.0
7 0 17.0
7 1 18.0
7 68 19.0
7 69 20.0
7 70 21.0
7 71 22.0
7 72 23.0
7 73 24.0
7 14 25.0
7 17 26.0
7 46 27.0
7 47 28.0
7 142 29.0
8 143 5.0
8 90 6.0
8 24 7.0
8 25 8.0
8 56 9.0
8 57 10.0
8 58 11.0
8 59 12.0
8 60 13.0
8 61 14.0
8 20 15.0
8 21 16.0
8 89 17.0
8 139 18.0
9 144 8.0
9 88 9.0
9 20 10.0
9 19 11.0
9 96 12.0
9 97 13.0
9 29 14.0
9 27 15.0
9 33 16.0
9 31 17.0
9 36 18.0
9 141 19.0
10 9 7.0
10 5 8.0
10 114 9.0
10 115 10.0
10 116 11.0
10 117 12.0
10 118 13.0
10 119 14.0
10 0 15.0
10 13 16.0
10 80 17.0
10 81 18.0
10 82 19.0
10 83 20.0
10 84 21.0
10 85 22.0
10 2 23.0
10 10 24.0
11 145 9.0
11 92 10.0
11 102 11.0
11 103 12.0
11 104 13.0
11 105 14.0
11 106 15.0
11 107 16.0
11 18 17.0
11 19 18.0
11 50 19.0
11 51 20.0
11 52 21.0
11 53 22.0
11 54 23.0
11 55 24.0
11 22 25.0
11 23 26.0
11 100 27.0
11 101 28.0
11 41 29.0
11 39 30.0
11 45 31.0
11 43 32.0
11 48 33.0
11 142 34.0
12 144 3.0
12 88 4.0
12 20 5.0
12 19 6.0
12 96 7.0
12 97 8.0
12 29 9.0
12 27 10.0
12 33 11.0
12 31 12.0
12 36 13.0
12 37 14.0
12 12 15.0
12 1 16.0
12 120 17.0
12 121 18.0
12 122 19.0
12 123 20.0
12 124 21.0
12 125 22.0
12 4 23.0
12 8 24.0
13 9 16.0
13 5 17.0
13 114 18.0
13 115 19.0
13 116 20.0
13 117 21.0
13 118 22.0
13 119 23.0
13 0 24.0
13 1 25.0
13 68 26.0
13 69 27.0
13 70 28.0
13 71 29.0
13 72 30.0
13 73 31.0
13 14 32.0
13 17 33.0
13 46 34.0
13 47 35.0
13 142 36.0
14 7 8.0
14 126 9.0
14 127 10.0
14 128 11.0
14 129 12.0
14 130 13.0
14 131 14.0
14 14 15.0
14 17 16.0
14 74 17.0
14 75 18.0
14 76 19.0
14 77 20.0
14 78 21.0
14 79 22.0
14 12 23.0
14 13 24.0
14 34 25.0
14 35 26.0
14 141 27.0
15 144 1.0
15 88 2.0
15 20 3.0
15 19 4.0
15 96 5.0
15 97 6.0
15 29 7.0
15 27 8.0
15 33 9.0
15 31 10.0
15 36 11.0
15 141 12.0
16 11 3.0
16 3 4.0
16 62 5.0
16 63 6.0
16 64 7.0
16 65 8.0
16 66 9.0
16 67 10.0
16 0 11.0
16 1 12.0
16 68 13.0
16 69 14.0
16 70 15.0
16 71 16.0
16 72 17.0
16 73 18.0
16 14 19.0
16 15 20.0
16 132 21.0
16 133 22.0
16 134 23.0
16 135 24.0
16 136 25.0
16 137 26.0
16 6 27.0
17 143 3.0
17 90 4.0
17 24 5.0
17 23 6.0
17 100 7.0
17 101 8.0
17 41 9.0
17 39 10.0
17 45 11.0
17 43 12.0
17 48 13.0
17 49 14.0
17 16 15.0
17 15 16.0
17 132 17.0
17 133 18.0
17 134 19.0
17 135 20.0
17 136 21.0
17 137 22.0
17 6 23.0
18 7 1.0
18 126 2.0
18 127 3.0
18 128 4.0
18 129 5.0
18 130 6.0
18 131 7.0
18 14 8.0
18 17 9.0
18 46 10.0
18 47 11.0
18 44 12.0
18 42 13.0
18 40 14.0
18 38 15.0
18 98 16.0
18 99 17.0
18 22 18.0
18 25 19.0
18 91 20.0
18 138 21.0
19 143 1.0
19 90 2.0
19 24 3.0
19 23 4.0
19 100 5.0
19 101 6.0
19 41 7.0
19 39 8.0
19 45 9.0
19 43 10.0
19 48 11.0
19 49 12.0
19 16 13.0
19 15 14.0
19 132 15.0
19 133 16.0
19 134 17.0
19 135 18.0
19 136 19.0
19 137 20.0
19 6 21.0
20 144 17.0
20 88 18.0
20 20 19.0
20 19 20.0
20 96 21.0
20 97 22.0
20 29 23.0
20 27 24.0
20 33 25.0
20 31 26.0
20 36 27.0
20 37 28.0
20 12 29.0
20 13 30.0
20 80 31.0
20 81 32.0
20 82 33.0
20 83 34.0
20 84 35.0
20 85 36.0
20 2 37.0
20 10 38.0
21 11 20.0
21 3 21.0
21 62 22.0
21 63 23.0
21 64 24.0
21 65 25.0
21 66 26.0
21 67 27.0
21 0 28.0
21 1 29.0
21 68 30.0
21 69 31.0
21 70 32.0
21 71 33.0
21 72 34.0
21 73 35.0
21 14 36.0
21 17 37.0
21 46 38.0
21 47 39.0
21 142 40.0
22 147 20.0
22 46 21.0
22 47 22.0
22 44 23.0
22 42 24.0
22 40 25.0
22 38 26.0
22 98 27.0
22 99 28.0
22 22 29.0
22 25 30.0
22 91 31.0
22 138 32.0
23 7 16.0
23 126 17.0
23 127 18.0
23 128 19.0
23 129 20.0
23 130 21.0
23 131 22.0
23 14 23.0
23 17 24.0
23 74 25.0
23 75 26.0
23 76 27.0
23 77 28.0
23 78 29.0
23 79 30.0
23 12 31.0
23 13 32.0
23 80 33.0
23 81 34.0
23 82 35.0
23 83 36.0
23 84 37.0
23 85 38.0
23 2 39.0
23 10 40.0
24 146 20.0
24 34 21.0
24 35 22.0
24 32 23.0
24 30 24.0
24 28 25.0
24 26 26.0
24 94 27.0
24 95 28.0
24 18 29.0
24 21 30.0
24 108 31.0
24 109 32.0
24 110 33.0
24 111 34.0
24 112 35.0
24 113 36.0
24 93 37.0
24 140 38.0
25 145 13.0
25 92 14.0
25 102 15.0
25 103 16.0
25 104 17.0
25 105 18.0
25 106 19.0
25 107 20.0
25 18 21.0
25 19 22.0
25 96 23.0
25 97 24.0
25 29 25.0
25 27 26.0
25 33 27.0
25 31 28.0
25 36 29.0
25 141 30.0
26 144 11.0
26 88 12.0
26 20 13.0
26 19 14.0
26 96 15.0
26 97 16.0
26 29 17.0
26 27 18.0
26 33 19.0
26 31 20.0
26 36 21.0
26 141 22.0
27 147 28.0
27 46 29.0
27 47 30.0
27 44 31.0
27 42 32.0
27 40 33.0
27 38 34.0
27 98 35.0
27 99 36.0
27 22 37.0
27 25 38.0
27 56 39.0
27 57 40.0
27 58 41.0
27 59 42.0
27 60 43.0
27 61 44.0
27 20 45.0
27 21 46.0
27 89 47.0
27 139 48.0
28 143 23.0
28 90 24.0
28 24 25.0
28 25 26.0
28 56 27.0
28 57 28.0
28 58 29.0
28 59 30.0
28 60 31.0
28 61 32.0
28 20 33.0
28 21 34.0
28 108 35.0
28 109 36.0
28 110 37.0
28 111 38.0
28 112 39.0
28 113 40.0
28 93 41.0
28 140 42.0
29 147 17.0
29 49 18.0
29 16 19.0
29 17 20.0
29 74 21.0
29 75 22.0
29 76 23.0
29 77 24.0
29 78 25.0
29 79 26.0
29 12 27.0
29 13 28.0
29 80 29.0
29 81 30.0
29 82 31.0
29 83 32.0
29 84 33.0
29 85 34.0
29 2 35.0
29 10 36.0
30 146 16.0
30 34 17.0
30 35 18.0
30 32 19.0
30 30 20.0
30 28 21.0
30 26 22.0
30 94 23.0
30 95 24.0
30 18 25.0
30 21 26.0
30 108 27.0
30 109 28.0
30 110 29.0
30 111 30.0
30 112 31.0
30 113 32.0
30 93 33.0
30 140 34.0
31 144 19.0
31 88 20.0
31 20 21.0
31 21 22.0
31 108 23.0
31 109 24.0
31 110 25.0
31 111 26.0
31 112 27.0
31 113 28.0
31 93 29.0
31 140 30.0
32 147 15.0
32 49 16.0
32 16 17.0
32 15 18.0
32 132 19.0
32 133 20.0
32 134 21.0
32 135 22.0
32 136 23.0
32 137 24.0
32 6 25.0
33 11 13.0
33 3 14.0
33 62 15.0
33 63 16.0
33 64 17.0
33 65 18.0
33 66 19.0
33 67 20.0
33 0 21.0
33 13 22.0
33 34 23.0
33 35 24.0
33 32 25.0
33 30 26.0
33 28 27.0
33 26 28.0
33 94 29.0
33 95 30.0
33 18 31.0
33 21 32.0
33 89 33.0
33 139 34.0
34 146 42.0
34 37 43.0
34 12 44.0
34 1 45.0
34 68 46.0
34 69 47.0
34 70 48.0
34 71 49.0
34 72 50.0
34 73 51.0
34 14 52.0
34 17 53.0
34 46 54.0
34 47 55.0
34 142 56.0
35 145 15.0
35 92 16.0
35 102 17.0
35 103 18.0
35 104 19.0
35 105 20.0
35 106 21.0
35 107 22.0
35 18 23.0
35 19 24.0
35 96 25.0
35 97 26.0
35 29 27.0
35 27 28.0
35 33 29.0
35 31 30.0
35 36 31.0
35 141 32.0
36 7 20.0
36 126 21.0
36 127 22.0
36 128 23.0
36 129 24.0
36 130 25.0
36 131 26.0
36 14 27.0
36 17 28.0
36 74 29.0
36 75 30.0
36 76 31.0
36 77 32.0
36 78 33.0
36 79 34.0
36 12 35.0
36 13 36.0
36 80 37.0
36 81 38.0
36 82 39.0
36 83 40.0
36 84 41.0
36 85 42.0
36 2 43.0
36 10 44.0
37 145 19.0
37 92 20.0
37 102 21.0
37 103 22.0
37 104 23.0
37 105 24.0
37 106 25.0
37 107 26.0
37 18 27.0
37 19 28.0
37 96 29.0
37 97 30.0
37 29 31.0
37 27 32.0
37 33 33.0
37 31 34.0
37 36 35.0
37 141 36.0
38 144 27.0
38 88 28.0
38 20 29.0
38 19 30.0
38 96 31.0
38 97 32.0
38 29 33.0
38 27 34.0
38 33 35.0
38 31 36.0
38 36 37.0
38 37 38.0
38 12 39.0
38 1 40.0
38 120 41.0
38 121 42.0
38 122 43.0
38 123 44.0
38 124 45.0
38 125 46.0
38 4 47.0
38 8 48.0
39 143 13.0
39 90 14.0
39 24 15.0
39 25 16.0
39 56 17.0
39 57 18.0
39 58 19.0
39 59 20.0
39 60 21.0
39 61 22.0
39 20 23.0
39 21 24.0
39 89 25.0
39 139 26.0
40 144 50.0
40 88 51.0
40 20 52.0
40 19 53.0
40 96 54.0
40 97 55.0
40 29 56.0
40 27 57.0
40 33 58.0
40 31 59.0
40 36 60.0
40 37 61.0
40 12 62.0
40 13 63.0
40 80 64.0
40 81 65.0
40 82 66.0
40 83 67.0
40 84 68.0
40 85 69.0
40 2 70.0
40 10 71.0
41 143 30.0
41 90 31.0
41 24 32.0
41 25 33.0
41 56 34.0
41 57 35.0
41 58 36.0
41 59 37.0
41 60 38.0
41 61 39.0
41 20 40.0
41 19 41.0
41 96 42.0
41 97 43.0
41 29 44.0
41 27 45.0
41 33 46.0
41 31 47.0
41 36 48.0
41 141 49.0
42 145 30.0
42 92 31.0
42 102 32.0
42 103 33.0
42 104 34.0
42 105 35.0
42 106 36.0
42 107 37.0
42 18 38.0
42 19 39.0
42 96 40.0
42 97 41.0
42 29 42.0
42 27 43.0
42 33 44.0
42 31 45.0
42 36 46.0
42 141 47.0
43 145 36.0
43 92 37.0
43 102 38.0
43 103 39.0
43 104 40.0
43 105 41.0
43 106 42.0
43 107 43.0
43 18 44.0
43 19 45.0
43 50 46.0
43 51 47.0
43 52 48.0
43 53 49.0
43 54 50.0
43 55 51.0
43 22 52.0
43 25 53.0
43 91 54.0
43 138 55.0
44 7 22.0
44 126 23.0
44 127 24.0
44 128 25.0
44 129 26.0
44 130 27.0
44 131 28.0
44 14 29.0
44 17 30.0
44 74 31.0
44 75 32.0
44 76 33.0
44 77 34.0
44 78 35.0
44 79 36.0
44 12 37.0
44 1 38.0
44 120 39.0
44 121 40.0
44 122 41.0
44 123 42.0
44 124 43.0
44 125 44.0
44 4 45.0
44 8 46.0
45 146 31.0
45 37 32.0
45 12 33.0
45 1 34.0
45 120 35.0
45 121 36.0
45 122 37.0
45 123 38.0
45 124 39.0
45 125 40.0
45 4 41.0
45 8 42.0
46 145 38.0
46 92 39.0
46 102 40.0
46 103 41.0
46 104 42.0
46 105 43.0
46 106 44.0
46 107 45.0
46 18 46.0
46 19 47.0
46 96 48.0
46 97 49.0
46 29 50.0
46 27 51.0
46 33 52.0
46 31 53.0
46 36 54.0
46 141 55.0
47 7 39.0
47 126 40.0
47 127 41.0
47 128 42.0
47 129 43.0
47 130 44.0
47 131 45.0
47 14 46.0
47 17 47.0
47 74 48.0
47 75 49.0
47 76 50.0
47 77 51.0
47 78 52.0
47 79 53.0
47 12 54.0
47 13 55.0
47 80 56.0
47 81 57.0
47 82 58.0
47 83 59.0
47 84 60.0
47 85 61.0
47 2 62.0
47 10 63.0
48 145 40.0
48 92 41.0
48 102 42.0
48 103 43.0
48 104 44.0
48 105 45.0
48 106 46.0
48 107 47.0
48 18 48.0
48 19 49.0
48 96 50.0
48 97 51.0
48 29 52.0
48 27 53.0
48 33 54.0
48 31 55.0
48 36 56.0
48 141 57.0
49 9 30.0
49 5 31.0
49 114 32.0
49 115 33.0
49 116 34.0
49 117 35.0
49 118 36.0
49 119 37.0
49 0 38.0
49 13 39.0
49 34 40.0
49 35 41.0
49 141 42.0
50 143 27.0
50 90 28.0
50 24 29.0
50 23 30.0
50 100 31.0
50 101 32.0
50 41 33.0
50 39 34.0
50 45 35.0
50 43 36.0
50 48 37.0
50 142 38.0
51 7 27.0
51 126 28.0
51 127 29.0
51 128 30.0
51 129 31.0
51 130 32.0
51 131 33.0
51 14 34.0
51 17 35.0
51 74 36.0
51 75 37.0
51 76 38.0
51 77 39.0
51 78 40.0
51 79 41.0
51 12 42.0
51 13 43.0
51 80 44.0
51 81 45.0
51 82 46.0
51 83 47.0
51 84 48.0
51 85 49.0
51 2 50.0
51 10 51.0
52 11 22.0
52 3 23.0
52 62 24.0
52 63 25.0
52 64 26.0
52 65 27.0
52 66 28.0
52 67 29.0
52 0 30.0
52 1 31.0
52 68 32.0
52 69 33.0
52 70 34.0
52 71 35.0
52 72 36.0
52 73 37.0
52 14 38.0
52 17 39.0
52 46 40.0
52 47 41.0
52 142 42.0
53 143 21.0
53 90 22.0
53 24 23.0
53 25 24.0
53 56 25.0
53 57 26.0
53 58 27.0
53 59 28.0
53 60 29.0
53 61 30.0
53 20 31.0
53 19 32.0
53 96 33.0
53 97 34.0
53 29 35.0
53 27 36.0
53 33 37.0
53 31 38.0
53 36 39.0
53 141 40.0
54 147 39.0
54 49 40.0
54 16 41.0
54 17 42.0
54 74 43.0
54 75 44.0
54 76 45.0
54 77 46.0
54 78 47.0
54 79 48.0
54 12 49.0
54 13 50.0
54 34 51.0
54 35 52.0
54 141 53.0
55 145 26.0
55 92 27.0
55 102 28.0
55 103 29.0
55 104 30.0
55 105 31.0
55 106 32.0
55 107 33.0
55 18 34.0
55 19 35.0
55 50 36.0
55 51 37.0
55 52 38.0
55 53 39.0
55 54 40.0
55 55 41.0
55 22 42.0
55 23 43.0
55 100 44.0
55 101 45.0
55 41 46.0
55 39 47.0
55 45 48.0
55 43 49.0
55 48 50.0
55 142 51.0
56 145 28.0
56 92 29.0
56 102 30.0
56 103 31.0
56 104 32.0
56 105 33.0
56 106 34.0
56 107 35.0
56 18 36.0
56 19 37.0
56 96 38.0
56 97 39.0
56 29 40.0
56 27 41.0
56 33 42.0
56 31 43.0
56 36 44.0
56 141 45.0
57 143 33.0
57 90 34.0
57 24 35.0
57 23 36.0
57 100 37.0
57 101 38.0
57 41 39.0
57 39 40.0
57 45 41.0
57 43 42.0
57 48 43.0
57 142 44.0
58 144 25.0
58 88 26.0
58 20 27.0
58 21 28.0
58 108 29.0
58 109 30.0
58 110 31.0
58 111 32.0
58 112 33.0
58 113 34.0
58 93 35.0
58 140 36.0
59 144 40.0
59 88 41.0
59 20 42.0
59 19 43.0
59 96 44.0
59 97 45.0
59 29 46.0
59 27 47.0
59 33 48.0
59 31 49.0
59 36 50.0
59 37 51.0
59 12 52.0
59 13 53.0
59 80 54.0
59 81 55.0
59 82 56.0
59 83 57.0
59 84 58.0
59 85 59.0
59 2 60.0
59 10 61.0
60 7 37.0
60 126 38.0
60 127 39.0
60 128 40.0
60 129 41.0
60 130 42.0
60 131 43.0
60 14 44.0
60 17 45.0
60 46 46.0
60 47 47.0
60 44 48.0
60 42 49.0
60 40 50.0
60 38 51.0
60 98 52.0
60 99 53.0
60 22 54.0
60 25 55.0
60 91 56.0
60 138 57.0
61 147 35.0
61 49 36.0
61 16 37.0
61 15 38.0
61 132 39.0
61 133 40.0
61 134 41.0
61 135 42.0
61 136 43.0
61 137 44.0
61 6 45.0
62 9 34.0
62 5 35.0
62 114 36.0
62 115 37.0
62 116 38.0
62 117 39.0
62 118 40.0
62 119 41.0
62 0 42.0
62 1 43.0
62 68 44.0
62 69 45.0
62 70 46.0
62 71 47.0
62 72 48.0
62 73 49.0
62 14 50.0
62 15 51.0
62 132 52.0
62 133 53.0
62 134 54.0
62 135 55.0
62 136 56.0
62 137 57.0
62 6 58.0
65 143 35.0
65 90 36.0
65 24 37.0
65 23 38.0
65 100 39.0
65 101 40.0
65 41 41.0
65 39 42.0
65 45 43.0
65 43 44.0
65 48 45.0
65 49 46.0
65 16 47.0
65 15 48.0
65 132 49.0
65 133 50.0
65 134 51.0
65 135 52.0
65 136 53.0
65 137 54.0
65 6 55.0
66 11 32.0
66 3 33.0
66 62 34.0
66 63 35.0
66 64 36.0
66 65 37.0
66 66 38.0
66 67 39.0
66 0 40.0
66 13 41.0
66 34 42.0
66 35 43.0
66 32 44.0
66 30 45.0
66 28 46.0
66 26 47.0
66 94 48.0
66 95 49.0
66 18 50.0
66 21 51.0
66 89 52.0
66 139 53.0
68 147 31.0
68 46 32.0
68 47 33.0
68 44 34.0
68 42 35.0
68 40 36.0
68 38 37.0
68 98 38.0
68 99 39.0
68 22 40.0
68 25 41.0
68 91 42.0
68 138 43.0
69 147 33.0
69 49 34.0
69 16 35.0
69 15 36.0
69 132 37.0
69 133 38.0
69 134 39.0
69 135 40.0
69 136 41.0
69 137 42.0
69 6 43.0
70 145 50.0
70 92 51.0
70 102 52.0
70 103 53.0
70 104 54.0
70 105 55.0
70 106 56.0
70 107 57.0
70 18 58.0
70 19 59.0
70 96 60.0
70 97 61.0
70 29 62.0
70 27 63.0
70 33 64.0
70 31 65.0
70 36 66.0
70 141 67.0
71 11 48.0
71 3 49.0
71 62 50.0
71 63 51.0
71 64 52.0
71 65 53.0
71 66 54.0
71 67 55.0
71 0 56.0
71 13 57.0
71 34 58.0
71 35 59.0
71 32 60.0
71 30 61.0
71 28 62.0
71 26 63.0
71 94 64.0
71 95 65.0
71 18 66.0
71 21 67.0
71 89 68.0
71 139 69.0
72 11 36.0
72 3 37.0
72 62 38.0
72 63 39.0
72 64 40.0
72 65 41.0
72 66 42.0
72 67 43.0
72 0 44.0
72 13 45.0
72 34 46.0
72 35 47.0
72 32 48.0
72 30 49.0
72 28 50.0
72 26 51.0
72 94 52.0
72 95 53.0
72 18 54.0
72 21 55.0
72 89 56.0
72 139 57.0
73 145 32.0
73 92 33.0
73 102 34.0
73 103 35.0
73 104 36.0
73 105 37.0
73 106 38.0
73 107 39.0
73 18 40.0
73 21 41.0
73 89 42.0
73 139 43.0
74 9 39.0
74 5 40.0
74 114 41.0
74 115 42.0
74 116 43.0
74 117 44.0
74 118 45.0
74 119 46.0
74 0 47.0
74 13 48.0
74 34 49.0
74 35 50.0
74 141 51.0
75 146 33.0
75 34 34.0
75 35 35.0
75 32 36.0
75 30 37.0
75 28 38.0
75 26 39.0
75 94 40.0
75 95 41.0
75 18 42.0
75 21 43.0
75 89 44.0
75 139 45.0
76 9 50.0
76 5 51.0
76 114 52.0
76 115 53.0
76 116 54.0
76 117 55.0
76 118 56.0
76 119 57.0
76 0 58.0
76 13 59.0
76 34 60.0
76 35 61.0
76 141 62.0
78 146 45.0
78 37 46.0
78 12 47.0
78 1 48.0
78 120 49.0
78 121 50.0
78 122 51.0
78 123 52.0
78 124 53.0
78 125 54.0
78 4 55.0
78 8 56.0
79 143 40.0
79 90 41.0
79 24 42.0
79 25 43.0
79 56 44.0
79 57 45.0
79 58 46.0
79 59 47.0
79 60 48.0
79 61 49.0
79 20 50.0
79 19 51.0
79 96 52.0
79 97 53.0
79 29 54.0
79 27 55.0
79 33 56.0
79 31 57.0
79 36 58.0
79 141 59.0
82 145 48.0
82 92 49.0
82 102 50.0
82 103 51.0
82 104 52.0
82 105 53.0
82 106 54.0
82 107 55.0
82 18 56.0
82 19 57.0
82 96 58.0
82 97 59.0
82 29 60.0
82 27 61.0
82 33 62.0
82 31 63.0
82 36 64.0
82 141 65.0
85 7 49.0
85 126 50.0
85 127 51.0
85 128 52.0
85 129 53.0
85 130 54.0
85 131 55.0
85 14 56.0
85 17 57.0
85 74 58.0
85 75 59.0
85 76 60.0
85 77 61.0
85 78 62.0
85 79 63.0
85 12 64.0
85 13 65.0
85 80 66.0
85 81 67.0
85 82 68.0
85 83 69.0
85 84 70.0
85 85 71.0
85 2 72.0
85 10 73.0
86 147 47.0
86 46 48.0
86 47 49.0
86 44 50.0
86 42 51.0
86 40 52.0
86 38 53.0
86 98 54.0
86 99 55.0
86 22 56.0
86 25 57.0
86 91 58.0
86 138 59.0
88 147 41.0
88 46 42.0
88 47 43.0
88 44 44.0
88 42 45.0
88 40 46.0
88 38 47.0
88 98 48.0
88 99 49.0
88 22 50.0
88 25 51.0
88 56 52.0
88 57 53.0
88 58 54.0
88 59 55.0
88 60 56.0
88 61 57.0
88 20 58.0
88 21 59.0
88 89 60.0
88 139 61.0
91 143 46.0
91 90 47.0
91 24 48.0
91 25 49.0
91 56 50.0
91 57 51.0
91 58 52.0
91 59 53.0
91 60 54.0
91 61 55.0
91 20 56.0
91 21 57.0
91 89 58.0
91 139 59.0
93 147 43.0
93 49 44.0
93 16 45.0
93 15 46.0
93 132 47.0
93 133 48.0
93 134 49.0
93 135 50.0
93 136 51.0
93 137 52.0
93 6 53.0
94 7 41.0
94 126 42.0
94 127 43.0
94 128 44.0
94 129 45.0
94 130 46.0
94 131 47.0
94 14 48.0
94 17 49.0
94 74 50.0
94 75 51.0
94 76 52.0
94 77 53.0
94 78 54.0
94 79 55.0
94 12 56.0
94 1 57.0
94 120 58.0
94 121 59.0
94 122 60.0
94 123 61.0
94 124 62.0
94 125 63.0
94 4 64.0
94 8 65.0
97 9 42.0
97 5 43.0
97 114 44.0
97 115 45.0
97 116 46.0
97 117 47.0
97 118 48.0
97 119 49.0
97 0 50.0
97 1 51.0
97 68 52.0
97 69 53.0
97 70 54.0
97 71 55.0
97 72 56.0
97 73 57.0
97 14 58.0
97 15 59.0
97 132 60.0
97 133 61.0
97 134 62.0
97 135 63.0
97 136 64.0
97 137 65.0
97 6 66.0
99 11 44.0
99 3 45.0
99 62 46.0
99 63 47.0
99 64 48.0
99 65 49.0
99 66 50.0
99 67 51.0
99 0 52.0
99 1 53.0
99 68 54.0
99 69 55.0
99 70 56.0
99 71 57.0
99 72 58.0
99 73 59.0
99 14 60.0
99 15 61.0
99 132 62.0
99 133 63.0
99 134 64.0
99 135 65.0
99 136 66.0
99 137 67.0
99 6 68.0
100 147 13
100 49 14.0
100 16 15.0
100 17 16.0
100 74 17.0
100 75 18.0
100 76 19.0
100 77 20.0
100 78 21.0
100 79 22.0
100 12 23.0
100 1 24.0
100 120 25.0
100 121 26.0
100 122 27.0
100 123 28.0
100 124 29.0
100 125 30.0
100 4 31.0
100 8 32.0
;
set fixedFlights :=
0 12 13
0 16 17
0 13 34
0 34 35
0 49 16
0 17 74
0 74 75
0 75 76
0 76 77
0 77 78
0 78 79
0 79 12
0 35 141
0 147 49
1 0 1
1 9 5
1 14 17
1 17 46
1 46 47
1 1 68
1 68 69
1 69 70
1 70 71
1 71 72
1 72 73
1 73 14
1 5 114
1 114 115
1 115 116
1 116 117
1 117 118
1 118 119
1 119 0
1 47 142
2 20 19
2 22 23
2 41 39
2 39 45
2 45 43
2 43 48
2 19 50
2 50 51
2 51 52
2 52 53
2 53 54
2 54 55
2 55 22
2 23 100
2 100 101
2 101 41
2 88 20
2 144 88
2 48 142
3 0 1
3 11 3
3 14 15
3 3 62
3 62 63
3 63 64
3 64 65
3 65 66
3 66 67
3 67 0
3 1 68
3 68 69
3 69 70
3 70 71
3 71 72
3 72 73
3 73 14
3 15 132
3 132 133
3 133 134
3 134 135
3 135 136
3 136 137
3 137 6
4 12 1
4 14 17
4 37 12
4 17 46
4 46 47
4 1 68
4 68 69
4 69 70
4 70 71
4 71 72
4 72 73
4 73 14
4 47 142
4 146 37
5 20 21
5 24 25
5 25 56
5 56 57
5 57 58
5 58 59
5 59 60
5 60 61
5 61 20
5 21 89
5 90 24
5 143 90
5 89 139
6 18 19
6 22 23
6 41 39
6 39 45
6 45 43
6 43 48
6 19 50
6 50 51
6 51 52
6 52 53
6 53 54
6 54 55
6 55 22
6 23 100
6 100 101
6 101 41
6 92 102
6 102 103
6 103 104
6 104 105
6 105 106
6 106 107
6 107 18
6 145 92
6 48 142
7 0 1
7 9 5
7 14 17
7 17 46
7 46 47
7 1 68
7 68 69
7 69 70
7 70 71
7 71 72
7 72 73
7 73 14
7 5 114
7 114 115
7 115 116
7 116 117
7 117 118
7 118 119
7 119 0
7 47 142
8 20 21
8 24 25
8 25 56
8 56 57
8 57 58
8 58 59
8 59 60
8 60 61
8 61 20
8 21 89
8 90 24
8 143 90
8 89 139
9 20 19
9 29 27
9 27 33
9 33 31
9 31 36
9 19 96
9 96 97
9 97 29
9 88 20
9 144 88
9 36 141
10 2 10
10 9 5
10 0 13
10 13 80
10 80 81
10 81 82
10 82 83
10 83 84
10 84 85
10 85 2
10 5 114
10 114 115
10 115 116
10 116 117
10 117 118
10 118 119
10 119 0
11 18 19
11 22 23
11 41 39
11 39 45
11 45 43
11 43 48
11 19 50
11 50 51
11 51 52
11 52 53
11 53 54
11 54 55
11 55 22
11 23 100
11 100 101
11 101 41
11 92 102
11 102 103
11 103 104
11 104 105
11 105 106
11 106 107
11 107 18
11 145 92
11 48 142
12 4 8
12 12 1
12 20 19
12 29 27
12 27 33
12 33 31
12 31 36
12 36 37
12 37 12
12 19 96
12 96 97
12 97 29
12 88 20
12 1 120
12 120 121
12 121 122
12 122 123
12 123 124
12 124 125
12 125 4
12 144 88
14 12 13
14 14 17
14 13 34
14 34 35
14 17 74
14 74 75
14 75 76
14 76 77
14 77 78
14 78 79
14 79 12
14 7 126
14 126 127
14 127 128
14 128 129
14 129 130
14 130 131
14 131 14
14 35 141
15 20 19
15 29 27
15 27 33
15 33 31
15 31 36
15 19 96
15 96 97
15 97 29
15 88 20
15 144 88
15 36 141
16 0 1
16 11 3
16 14 15
16 3 62
16 62 63
16 63 64
16 64 65
16 65 66
16 66 67
16 67 0
16 1 68
16 68 69
16 69 70
16 70 71
16 71 72
16 72 73
16 73 14
16 15 132
16 132 133
16 133 134
16 134 135
16 135 136
16 136 137
16 137 6
17 16 15
17 24 23
17 41 39
17 39 45
17 45 43
17 43 48
17 48 49
17 49 16
17 23 100
17 100 101
17 101 41
17 90 24
17 15 132
17 132 133
17 133 134
17 134 135
17 135 136
17 136 137
17 137 6
17 143 90
18 14 17
18 22 25
18 17 46
18 46 47
18 47 44
18 44 42
18 42 40
18 40 38
18 38 98
18 98 99
18 99 22
18 25 91
18 7 126
18 126 127
18 127 128
18 128 129
18 129 130
18 130 131
18 131 14
18 91 138
19 16 15
19 24 23
19 41 39
19 39 45
19 45 43
19 43 48
19 48 49
19 49 16
19 23 100
19 100 101
19 101 41
19 90 24
19 15 132
19 132 133
19 133 134
19 134 135
19 135 136
19 136 137
19 137 6
19 143 90
20 2 10
20 12 13
20 20 19
20 29 27
20 27 33
20 33 31
20 31 36
20 36 37
20 37 12
20 13 80
20 80 81
20 81 82
20 82 83
20 83 84
20 84 85
20 85 2
20 19 96
20 96 97
20 97 29
20 88 20
20 144 88
21 0 1
21 11 3
21 14 17
21 17 46
21 46 47
21 3 62
21 62 63
21 63 64
21 64 65
21 65 66
21 66 67
21 67 0
21 1 68
21 68 69
21 69 70
21 70 71
21 71 72
21 72 73
21 73 14
21 47 142
22 22 25
22 46 47
22 47 44
22 44 42
22 42 40
22 40 38
22 38 98
22 98 99
22 99 22
22 25 91
22 91 138
22 147 46
23 2 10
23 12 13
23 14 17
23 17 74
23 74 75
23 75 76
23 76 77
23 77 78
23 78 79
23 79 12
23 13 80
23 80 81
23 81 82
23 82 83
23 83 84
23 84 85
23 85 2
23 7 126
23 126 127
23 127 128
23 128 129
23 129 130
23 130 131
23 131 14
24 18 21
24 34 35
24 35 32
24 32 30
24 30 28
24 28 26
24 26 94
24 94 95
24 95 18
24 21 108
24 108 109
24 109 110
24 110 111
24 111 112
24 112 113
24 113 93
24 93 140
24 146 34
25 18 19
25 29 27
25 27 33
25 33 31
25 31 36
25 19 96
25 96 97
25 97 29
25 92 102
25 102 103
25 103 104
25 104 105
25 105 106
25 106 107
25 107 18
25 145 92
25 36 141
26 20 19
26 29 27
26 27 33
26 33 31
26 31 36
26 19 96
26 96 97
26 97 29
26 88 20
26 144 88
26 36 141
27 20 21
27 22 25
27 46 47
27 47 44
27 44 42
27 42 40
27 40 38
27 25 56
27 56 57
27 57 58
27 58 59
27 59 60
27 60 61
27 61 20
27 38 98
27 98 99
27 99 22
27 21 89
27 89 139
27 147 46
28 20 21
28 24 25
28 25 56
28 56 57
28 57 58
28 58 59
28 59 60
28 60 61
28 61 20
28 21 108
28 108 109
28 109 110
28 110 111
28 111 112
28 112 113
28 113 93
28 90 24
28 143 90
28 93 140
29 2 10
29 12 13
29 16 17
29 49 16
29 17 74
29 74 75
29 75 76
29 76 77
29 77 78
29 78 79
29 79 12
29 13 80
29 80 81
29 81 82
29 82 83
29 83 84
29 84 85
29 85 2
29 147 49
30 18 21
30 34 35
30 35 32
30 32 30
30 30 28
30 28 26
30 26 94
30 94 95
30 95 18
30 21 108
30 108 109
30 109 110
30 110 111
30 111 112
30 112 113
30 113 93
30 93 140
30 146 34
31 20 21
31 21 108
31 108 109
31 109 110
31 110 111
31 111 112
31 112 113
31 113 93
31 88 20
31 144 88
31 93 140
32 16 15
32 49 16
32 15 132
32 132 133
32 133 134
32 134 135
32 135 136
32 136 137
32 137 6
32 147 49
33 11 3
33 0 13
33 18 21
33 13 34
33 34 35
33 35 32
33 32 30
33 30 28
33 28 26
33 3 62
33 62 63
33 63 64
33 64 65
33 65 66
33 66 67
33 67 0
33 26 94
33 94 95
33 95 18
33 21 89
33 89 139
34 12 1
34 14 17
34 37 12
34 17 46
34 46 47
34 1 68
34 68 69
34 69 70
34 70 71
34 71 72
34 72 73
34 73 14
34 47 142
34 146 37
35 18 19
35 29 27
35 27 33
35 33 31
35 31 36
35 19 96
35 96 97
35 97 29
35 92 102
35 102 103
35 103 104
35 104 105
35 105 106
35 106 107
35 107 18
35 145 92
35 36 141
36 2 10
36 12 13
36 14 17
36 17 74
36 74 75
36 75 76
36 76 77
36 77 78
36 78 79
36 79 12
36 13 80
36 80 81
36 81 82
36 82 83
36 83 84
36 84 85
36 85 2
36 7 126
36 126 127
36 127 128
36 128 129
36 129 130
36 130 131
36 131 14
37 18 19
37 29 27
37 27 33
37 33 31
37 31 36
37 19 96
37 96 97
37 97 29
37 92 102
37 102 103
37 103 104
37 104 105
37 105 106
37 106 107
37 107 18
37 145 92
37 36 141
38 4 8
38 12 1
38 20 19
38 29 27
38 27 33
38 33 31
38 31 36
38 36 37
38 37 12
38 19 96
38 96 97
38 97 29
38 88 20
38 1 120
38 120 121
38 121 122
38 122 123
38 123 124
38 124 125
38 125 4
38 144 88
39 20 21
39 24 25
39 25 56
39 56 57
39 57 58
39 58 59
39 59 60
39 60 61
39 61 20
39 21 89
39 90 24
39 143 90
39 89 139
40 2 10
40 12 13
40 20 19
40 29 27
40 27 33
40 33 31
40 31 36
40 36 37
40 37 12
40 13 80
40 80 81
40 81 82
40 82 83
40 83 84
40 84 85
40 85 2
40 19 96
40 96 97
40 97 29
40 88 20
40 144 88
41 20 19
41 24 25
41 29 27
41 27 33
41 33 31
41 31 36
41 25 56
41 56 57
41 57 58
41 58 59
41 59 60
41 60 61
41 61 20
41 19 96
41 96 97
41 97 29
41 90 24
41 143 90
41 36 141
42 18 19
42 29 27
42 27 33
42 33 31
42 31 36
42 19 96
42 96 97
42 97 29
42 92 102
42 102 103
42 103 104
42 104 105
42 105 106
42 106 107
42 107 18
42 145 92
42 36 141
43 18 19
43 22 25
43 19 50
43 50 51
43 51 52
43 52 53
43 53 54
43 54 55
43 55 22
43 92 102
43 102 103
43 103 104
43 104 105
43 105 106
43 106 107
43 107 18
43 25 91
43 145 92
43 91 138
44 4 8
44 12 1
44 14 17
44 17 74
44 74 75
44 75 76
44 76 77
44 77 78
44 78 79
44 79 12
44 1 120
44 120 121
44 121 122
44 122 123
44 123 124
44 124 125
44 125 4
44 7 126
44 126 127
44 127 128
44 128 129
44 129 130
44 130 131
44 131 14
45 4 8
45 12 1
45 37 12
45 1 120
45 120 121
45 121 122
45 122 123
45 123 124
45 124 125
45 125 4
45 146 37
46 18 19
46 29 27
46 27 33
46 33 31
46 31 36
46 19 96
46 96 97
46 97 29
46 92 102
46 102 103
46 103 104
46 104 105
46 105 106
46 106 107
46 107 18
46 145 92
46 36 141
47 2 10
47 12 13
47 14 17
47 17 74
47 74 75
47 75 76
47 76 77
47 77 78
47 78 79
47 79 12
47 13 80
47 80 81
47 81 82
47 82 83
47 83 84
47 84 85
47 85 2
47 7 126
47 126 127
47 127 128
47 128 129
47 129 130
47 130 131
47 131 14
48 18 19
48 29 27
48 27 33
48 33 31
48 31 36
48 19 96
48 96 97
48 97 29
48 92 102
48 102 103
48 103 104
48 104 105
48 105 106
48 106 107
48 107 18
48 145 92
48 36 141
49 9 5
49 0 13
49 13 34
49 34 35
49 5 114
49 114 115
49 115 116
49 116 117
49 117 118
49 118 119
49 119 0
49 35 141
50 24 23
50 41 39
50 39 45
50 45 43
50 43 48
50 23 100
50 100 101
50 101 41
50 90 24
50 143 90
50 48 142
51 2 10
51 12 13
51 14 17
51 17 74
51 74 75
51 75 76
51 76 77
51 77 78
51 78 79
51 79 12
51 13 80
51 80 81
51 81 82
51 82 83
51 83 84
51 84 85
51 85 2
51 7 126
51 126 127
51 127 128
51 128 129
51 129 130
51 130 131
51 131 14
52 0 1
52 11 3
52 14 17
52 17 46
52 46 47
52 3 62
52 62 63
52 63 64
52 64 65
52 65 66
52 66 67
52 67 0
52 1 68
52 68 69
52 69 70
52 70 71
52 71 72
52 72 73
52 73 14
52 47 142
53 20 19
53 24 25
53 29 27
53 27 33
53 33 31
53 31 36
53 25 56
53 56 57
53 57 58
53 58 59
53 59 60
53 60 61
53 61 20
53 19 96
53 96 97
53 97 29
53 90 24
53 143 90
53 36 141
54 12 13
54 16 17
54 13 34
54 34 35
54 49 16
54 17 74
54 74 75
54 75 76
54 76 77
54 77 78
54 78 79
54 79 12
54 35 141
54 147 49
55 18 19
55 22 23
55 41 39
55 39 45
55 45 43
55 43 48
55 19 50
55 50 51
55 51 52
55 52 53
55 53 54
55 54 55
55 55 22
55 23 100
55 100 101
55 101 41
55 92 102
55 102 103
55 103 104
55 104 105
55 105 106
55 106 107
55 107 18
55 145 92
55 48 142
56 18 19
56 29 27
56 27 33
56 33 31
56 31 36
56 19 96
56 96 97
56 97 29
56 92 102
56 102 103
56 103 104
56 104 105
56 105 106
56 106 107
56 107 18
56 145 92
56 36 141
57 24 23
57 41 39
57 39 45
57 45 43
57 43 48
57 23 100
57 100 101
57 101 41
57 90 24
57 143 90
57 48 142
58 20 21
58 21 108
58 108 109
58 109 110
58 110 111
58 111 112
58 112 113
58 113 93
58 88 20
58 144 88
58 93 140
59 2 10
59 12 13
59 20 19
59 29 27
59 27 33
59 33 31
59 31 36
59 36 37
59 37 12
59 13 80
59 80 81
59 81 82
59 82 83
59 83 84
59 84 85
59 85 2
59 19 96
59 96 97
59 97 29
59 88 20
59 144 88
60 14 17
60 22 25
60 17 46
60 46 47
60 47 44
60 44 42
60 42 40
60 40 38
60 38 98
60 98 99
60 99 22
60 25 91
60 7 126
60 126 127
60 127 128
60 128 129
60 129 130
60 130 131
60 131 14
60 91 138
61 16 15
61 49 16
61 15 132
61 132 133
61 133 134
61 134 135
61 135 136
61 136 137
61 137 6
61 147 49
62 0 1
62 9 5
62 14 15
62 1 68
62 68 69
62 69 70
62 70 71
62 71 72
62 72 73
62 73 14
62 5 114
62 114 115
62 115 116
62 116 117
62 117 118
62 118 119
62 119 0
62 15 132
62 132 133
62 133 134
62 134 135
62 135 136
62 136 137
62 137 6
65 16 15
65 24 23
65 41 39
65 39 45
65 45 43
65 43 48
65 48 49
65 49 16
65 23 100
65 100 101
65 101 41
65 90 24
65 15 132
65 132 133
65 133 134
65 134 135
65 135 136
65 136 137
65 137 6
65 143 90
66 11 3
66 0 13
66 18 21
66 13 34
66 34 35
66 35 32
66 32 30
66 30 28
66 28 26
66 3 62
66 62 63
66 63 64
66 64 65
66 65 66
66 66 67
66 67 0
66 26 94
66 94 95
66 95 18
66 21 89
66 89 139
68 22 25
68 46 47
68 47 44
68 44 42
68 42 40
68 40 38
68 38 98
68 98 99
68 99 22
68 25 91
68 91 138
68 147 46
69 16 15
69 49 16
69 15 132
69 132 133
69 133 134
69 134 135
69 135 136
69 136 137
69 137 6
69 147 49
70 18 19
70 29 27
70 27 33
70 33 31
70 31 36
70 19 96
70 96 97
70 97 29
70 92 102
70 102 103
70 103 104
70 104 105
70 105 106
70 106 107
70 107 18
70 145 92
70 36 141
71 11 3
71 0 13
71 18 21
71 13 34
71 34 35
71 35 32
71 32 30
71 30 28
71 28 26
71 3 62
71 62 63
71 63 64
71 64 65
71 65 66
71 66 67
71 67 0
71 26 94
71 94 95
71 95 18
71 21 89
71 89 139
72 11 3
72 0 13
72 18 21
72 13 34
72 34 35
72 35 32
72 32 30
72 30 28
72 28 26
72 3 62
72 62 63
72 63 64
72 64 65
72 65 66
72 66 67
72 67 0
72 26 94
72 94 95
72 95 18
72 21 89
72 89 139
73 18 21
73 92 102
73 102 103
73 103 104
73 104 105
73 105 106
73 106 107
73 107 18
73 21 89
73 145 92
73 89 139
74 9 5
74 0 13
74 13 34
74 34 35
74 5 114
74 114 115
74 115 116
74 116 117
74 117 118
74 118 119
74 119 0
74 35 141
75 18 21
75 34 35
75 35 32
75 32 30
75 30 28
75 28 26
75 26 94
75 94 95
75 95 18
75 21 89
75 89 139
75 146 34
76 9 5
76 0 13
76 13 34
76 34 35
76 5 114
76 114 115
76 115 116
76 116 117
76 117 118
76 118 119
76 119 0
76 35 141
78 4 8
78 12 1
78 37 12
78 1 120
78 120 121
78 121 122
78 122 123
78 123 124
78 124 125
78 125 4
78 146 37
79 20 19
79 24 25
79 29 27
79 27 33
79 33 31
79 31 36
79 25 56
79 56 57
79 57 58
79 58 59
79 59 60
79 60 61
79 61 20
79 19 96
79 96 97
79 97 29
79 90 24
79 143 90
79 36 141
82 18 19
82 29 27
82 27 33
82 33 31
82 31 36
82 19 96
82 96 97
82 97 29
82 92 102
82 102 103
82 103 104
82 104 105
82 105 106
82 106 107
82 107 18
82 145 92
82 36 141
85 2 10
85 12 13
85 14 17
85 17 74
85 74 75
85 75 76
85 76 77
85 77 78
85 78 79
85 79 12
85 13 80
85 80 81
85 81 82
85 82 83
85 83 84
85 84 85
85 85 2
85 7 126
85 126 127
85 127 128
85 128 129
85 129 130
85 130 131
85 131 14
86 22 25
86 46 47
86 47 44
86 44 42
86 42 40
86 40 38
86 38 98
86 98 99
86 99 22
86 25 91
86 91 138
86 147 46
88 20 21
88 22 25
88 46 47
88 47 44
88 44 42
88 42 40
88 40 38
88 25 56
88 56 57
88 57 58
88 58 59
88 59 60
88 60 61
88 61 20
88 38 98
88 98 99
88 99 22
88 21 89
88 89 139
88 147 46
91 20 21
91 24 25
91 25 56
91 56 57
91 57 58
91 58 59
91 59 60
91 60 61
91 61 20
91 21 89
91 90 24
91 143 90
91 89 139
93 16 15
93 49 16
93 15 132
93 132 133
93 133 134
93 134 135
93 135 136
93 136 137
93 137 6
93 147 49
94 4 8
94 12 1
94 14 17
94 17 74
94 74 75
94 75 76
94 76 77
94 77 78
94 78 79
94 79 12
94 1 120
94 120 121
94 121 122
94 122 123
94 123 124
94 124 125
94 125 4
94 7 126
94 126 127
94 127 128
94 128 129
94 129 130
94 130 131
94 131 14
97 0 1
97 9 5
97 14 15
97 1 68
97 68 69
97 69 70
97 70 71
97 71 72
97 72 73
97 73 14
97 5 114
97 114 115
97 115 116
97 116 117
97 117 118
97 118 119
97 119 0
97 15 132
97 132 133
97 133 134
97 134 135
97 135 136
97 136 137
97 137 6
99 0 1
99 11 3
99 14 15
99 3 62
99 62 63
99 63 64
99 64 65
99 65 66
99 66 67
99 67 0
99 1 68
99 68 69
99 69 70
99 70 71
99 71 72
99 72 73
99 73 14
99 15 132
99 132 133
99 133 134
99 134 135
99 135 136
99 136 137
99 137 6
100 4 8
100 12 1
100 16 17
100 49 16
100 17 74
100 74 75
100 75 76
100 76 77
100 77 78
100 78 79
100 79 12
100 1 120
100 120 121
100 121 122
100 122 123
100 123 124
100 124 125
100 125 4
100 147 49
;
;
set inFlight:=
0
1
2
3
4
5
6
7
8
9
10
11
12
14
15
16
17
18
19
26
;
set passedFreeF:=
13 9 5
13 5 114
13 114 115
13 115 116
13 116 117
13 117 118
13 118 119
13 119 0
13 0 1
13 1 68
13 68 69
13 69 70
13 70 71
13 71 72
13 72 73
13 73 14
13 14 17
13 17 46
13 46 47
13 47 142
;
param tini := 11.06674695411988;
