param nn:= 155;
set F:=
0
1
2
3
4
5
6
7
8
9
10
11
12
13
14
15
17
20
21
22
23
24
25
26
27
28
29
30
31
32
33
34
35
36
37
38
39
40
41
42
43
44
45
46
47
48
49
50
51
52
53
54
56
57
58
59
60
61
62
63
64
65
66
67
68
70
71
72
73
74
75
76
77
78
79
80
81
82
83
84
85
86
87
88
89
91
95
96
97
99
100
;
set AP:=
100
;
param: E: d:=
2 3 2.500000
3 4 2.500000
4 5 2.500000
5 6 2.500000
6 7 2.500000
7 0 2.500000
0 8 2.500000
9 10 2.500000
8 9 2.500000
12 11 2.500000
13 12 2.500000
14 13 2.500000
15 14 2.500000
16 15 2.500000
17 16 2.500000
18 17 2.500000
19 18 2.500000
20 19 2.500000
10 21 2.500000
21 22 2.500000
22 23 2.500000
23 24 2.500000
24 25 2.500000
26 20 2.500000
27 26 2.500000
28 27 2.500000
29 28 2.500000
30 29 2.500000
34 35 2.500000
36 31 2.500000
37 36 2.500000
41 40 2.500000
35 41 2.500000
41 42 2.500000
32 38 2.500000
38 43 2.500000
43 44 2.500000
45 37 2.500000
31 32 2.500000
45 44 2.500000
44 46 2.500000
46 47 2.500000
47 48 2.500000
42 48 2.500000
49 50 2.500000
51 52 2.500000
52 45 2.500000
44 51 2.500000
48 49 2.500000
50 47 2.500000
47 53 2.500000
53 40 2.500000
40 34 2.500000
54 143 1.500000
57 55 2.500000
56 58 2.500000
59 57 2.500000
58 60 2.500000
60 141 1.500000
142 59 1.500000
48 61 2.500000
61 62 2.500000
62 63 2.500000
66 65 2.500000
67 66 2.500000
68 67 2.500000
144 68 1.500000
2 1 2.500000
64 51 2.500000
63 54 2.500000
65 49 2.500000
50 64 2.500000
25 33 2.500000
33 69 2.500000
69 71 2.500000
71 73 2.500000
73 75 2.500000
75 77 2.500000
77 31 2.500000
40 80 2.500000
80 38 2.500000
38 36 2.500000
36 78 2.500000
78 76 2.500000
76 74 2.500000
74 72 2.500000
72 70 2.500000
70 39 2.500000
39 30 2.500000
32 79 2.500000
79 34 2.500000
148 95 1.500000
94 147 1.500000
152 100 1.500000
101 151 1.500000
154 98 1.500000
99 153 1.500000
96 149 1.500000
150 97 1.500000
97 35 2.500000
95 32 2.500000
31 94 2.500000
34 96 2.500000
51 101 2.500000
100 52 2.500000
98 50 2.500000
49 99 2.500000
35 81 2.500000
81 82 2.500000
82 83 2.500000
83 84 2.500000
84 85 2.500000
85 86 2.500000
93 92 2.500000
92 91 2.500000
91 90 2.500000
90 89 2.500000
89 88 2.500000
88 87 2.500000
87 41 2.500000
86 139 1.500000
140 93 1.500000
108 145 1.500000
146 107 1.500000
11 56 2.500000
2 11 2.500000
107 18 2.500000
18 8 2.500000
9 19 2.500000
19 108 2.500000
55 106 2.500000
106 1 2.500000
1 121 2.500000
121 122 2.500000
109 2 2.500000
110 109 2.500000
104 102 2.500000
102 114 2.500000
115 102 2.500000
102 103 2.500000
105 104 2.500000
104 134 2.500000
134 133 2.500000
103 105 2.500000
116 115 2.500000
8 117 2.500000
117 118 2.500000
118 119 2.500000
119 120 2.500000
120 116 2.500000
133 132 2.500000
132 131 2.500000
131 130 2.500000
130 129 2.500000
129 128 2.500000
128 9 2.500000
122 123 2.500000
123 124 2.500000
124 125 2.500000
125 126 2.500000
126 127 2.500000
127 103 2.500000
114 113 2.500000
113 112 2.500000
112 111 2.500000
111 110 2.500000
103 135 2.500000
135 137 1.500000
138 136 1.500000
136 105 2.500000
;
param s:=
0 148
1 152
2 154
3 152
4 150
5 148
6 138
7 138
8 152
9 146
10 146
11 148
12 140
13 148
14 150
15 154
17 148
20 140
21 138
22 140
23 138
24 140
25 138
26 152
27 154
28 154
29 150
30 142
31 140
32 146
33 140
34 144
35 144
36 154
37 154
38 142
39 144
40 154
41 142
42 148
43 144
44 154
45 152
46 140
47 146
48 152
49 146
50 140
51 144
52 144
53 148
54 152
56 138
57 154
58 140
59 142
60 152
61 142
62 140
63 140
64 148
65 154
66 140
67 152
68 144
70 138
71 144
72 146
73 148
74 146
75 138
76 154
77 140
78 148
79 150
80 148
81 142
82 142
83 154
84 152
85 142
86 146
87 146
88 144
89 146
91 138
95 146
96 138
97 142
99 138
100 148
;
param e:=
0 153
1 145
2 139
3 153
4 151
5 139
6 145
7 145
8 147
9 137
10 149
11 145
12 153
13 143
14 143
15 147
17 139
20 143
21 145
22 143
23 141
24 151
25 141
26 145
27 149
28 149
29 147
30 137
31 149
32 137
33 149
34 151
35 147
36 149
37 145
38 137
39 153
40 147
41 137
42 145
43 151
44 149
45 147
46 151
47 147
48 143
49 141
50 147
51 139
52 149
53 139
54 153
56 145
57 139
58 147
59 137
60 147
61 137
62 153
63 147
64 139
65 147
66 151
67 153
68 149
70 145
71 149
72 141
73 153
74 151
75 145
76 147
77 143
78 145
79 143
80 151
81 137
82 137
83 147
84 145
85 137
86 147
87 147
88 151
89 137
91 141
95 141
96 145
97 137
99 145
100 151
;
param v_min:=2.375
;
param v_max:=2.625
;
param :conflictsNodes: angle:=
0 7 8 1.000000
0 8 7 1.000000
1 2 121 1.154701
1 121 2 1.154701
1 2 106 1.000000
1 106 2 1.000000
1 106 121 1.000000
1 121 106 1.000000
2 3 11 1.000000
2 11 3 1.000000
2 3 109 1.154701
2 109 3 1.154701
2 1 3 1.000000
2 3 1 1.000000
2 1 11 1.000000
2 11 1 1.000000
2 1 109 1.000000
2 109 1 1.000000
2 11 109 1.000000
2 109 11 1.000000
3 2 4 1.000000
3 4 2 1.000000
4 3 5 1.000000
4 5 3 1.000000
5 4 6 1.000000
5 6 4 1.000000
6 5 7 1.000000
6 7 5 1.000000
7 0 6 1.000000
7 6 0 1.000000
8 0 9 1.000000
8 9 0 1.000000
8 0 117 1.154701
8 117 0 1.154701
8 0 18 1.000000
8 18 0 1.000000
8 9 117 1.000000
8 117 9 1.000000
8 9 18 1.000000
8 18 9 1.000000
8 18 117 1.000000
8 117 18 1.000000
9 8 10 1.000000
9 10 8 1.000000
9 8 19 1.000000
9 19 8 1.000000
9 8 128 1.154701
9 128 8 1.154701
9 10 19 1.000000
9 19 10 1.000000
9 10 128 1.000000
9 128 10 1.000000
9 19 128 1.000000
9 128 19 1.000000
10 9 21 1.000000
10 21 9 1.000000
11 2 12 1.000000
11 12 2 1.000000
11 2 56 1.000000
11 56 2 1.000000
11 12 56 1.000000
11 56 12 1.000000
12 11 13 1.000000
12 13 11 1.000000
13 12 14 1.000000
13 14 12 1.000000
14 13 15 1.000000
14 15 13 1.000000
15 14 16 1.000000
15 16 14 1.000000
16 15 17 1.000000
16 17 15 1.000000
17 16 18 1.000000
17 18 16 1.000000
18 17 19 1.000000
18 19 17 1.000000
18 17 107 1.000000
18 107 17 1.000000
18 8 17 1.000000
18 17 8 1.000000
18 8 19 1.000000
18 19 8 1.000000
18 8 107 1.000000
18 107 8 1.000000
18 19 107 1.000000
18 107 19 1.000000
19 9 18 1.000000
19 18 9 1.000000
19 9 108 1.000000
19 108 9 1.000000
19 9 20 1.000000
19 20 9 1.000000
19 18 108 1.000000
19 108 18 1.000000
19 18 20 1.000000
19 20 18 1.000000
19 20 108 1.000000
19 108 20 1.000000
20 19 26 1.000000
20 26 19 1.000000
21 10 22 1.000000
21 22 10 1.000000
22 21 23 1.000000
22 23 21 1.000000
23 22 24 1.000000
23 24 22 1.000000
24 23 25 1.000000
24 25 23 1.000000
25 24 33 1.000000
25 33 24 1.000000
26 20 27 1.000000
26 27 20 1.000000
27 26 28 1.000000
27 28 26 1.000000
28 27 29 1.000000
28 29 27 1.000000
29 28 30 1.000000
29 30 28 1.000000
30 29 39 1.000000
30 39 29 1.000000
31 36 94 1.000000
31 94 36 1.000000
31 36 77 1.000000
31 77 36 1.000000
31 32 36 1.000000
31 36 32 1.000000
31 32 94 1.000000
31 94 32 1.000000
31 32 77 1.000000
31 77 32 1.000000
31 77 94 1.000000
31 94 77 1.000000
32 31 38 1.000000
32 38 31 1.000000
32 31 79 1.000000
32 79 31 1.000000
32 31 95 1.000000
32 95 31 1.000000
32 38 79 1.000000
32 79 38 1.000000
32 38 95 1.000000
32 95 38 1.000000
32 79 95 1.000000
32 95 79 1.000000
33 25 69 1.000000
33 69 25 1.000000
34 35 96 1.000000
34 96 35 1.000000
34 35 40 1.000000
34 40 35 1.000000
34 35 79 1.000000
34 79 35 1.000000
34 40 96 1.000000
34 96 40 1.000000
34 40 79 1.000000
34 79 40 1.000000
34 79 96 1.000000
34 96 79 1.000000
35 34 41 1.000000
35 41 34 1.000000
35 34 81 1.000000
35 81 34 1.000000
35 34 97 1.000000
35 97 34 1.000000
35 41 81 1.000000
35 81 41 1.000000
35 41 97 1.000000
35 97 41 1.000000
35 81 97 1.189773
35 97 81 1.189773
36 31 78 1.000000
36 78 31 1.000000
36 31 37 1.000000
36 37 31 1.000000
36 31 38 1.000000
36 38 31 1.000000
36 37 78 1.000000
36 78 37 1.000000
36 37 38 1.000000
36 38 37 1.000000
36 38 78 1.000000
36 78 38 1.000000
37 36 45 1.000000
37 45 36 1.000000
38 32 43 1.000000
38 43 32 1.000000
38 32 36 1.000000
38 36 32 1.000000
38 32 80 1.000000
38 80 32 1.000000
38 43 80 1.000000
38 80 43 1.000000
38 36 43 1.000000
38 43 36 1.000000
38 36 80 1.000000
38 80 36 1.000000
39 30 70 1.000000
39 70 30 1.000000
40 41 80 1.000000
40 80 41 1.000000
40 41 53 1.000000
40 53 41 1.000000
40 34 41 1.000000
40 41 34 1.000000
40 34 80 1.000000
40 80 34 1.000000
40 34 53 1.000000
40 53 34 1.000000
40 53 80 1.000000
40 80 53 1.000000
41 35 40 1.000000
41 40 35 1.000000
41 35 42 1.000000
41 42 35 1.000000
41 35 87 1.189773
41 87 35 1.189773
41 40 42 1.000000
41 42 40 1.000000
41 40 87 1.000000
41 87 40 1.000000
41 42 87 1.000000
41 87 42 1.000000
42 41 48 1.000000
42 48 41 1.000000
43 38 44 1.000000
43 44 38 1.000000
44 43 46 1.000000
44 46 43 1.000000
44 43 51 1.000000
44 51 43 1.000000
44 43 45 1.000000
44 45 43 1.000000
44 46 51 1.000000
44 51 46 1.000000
44 45 46 1.000000
44 46 45 1.000000
44 45 51 1.000000
44 51 45 1.000000
45 37 44 1.000000
45 44 37 1.000000
45 37 52 1.000000
45 52 37 1.000000
45 44 52 1.000000
45 52 44 1.000000
46 44 47 1.000000
46 47 44 1.000000
47 46 48 1.000000
47 48 46 1.000000
47 46 53 1.000000
47 53 46 1.000000
47 46 50 1.000000
47 50 46 1.000000
47 48 53 1.000000
47 53 48 1.000000
47 48 50 1.000000
47 50 48 1.000000
47 50 53 1.000000
47 53 50 1.000000
48 42 47 1.000000
48 47 42 1.000000
48 42 49 1.000000
48 49 42 1.000000
48 42 61 1.000000
48 61 42 1.000000
48 47 49 1.000000
48 49 47 1.000000
48 47 61 1.000000
48 61 47 1.000000
48 49 61 1.000000
48 61 49 1.000000
49 48 50 1.000000
49 50 48 1.000000
49 48 99 1.000000
49 99 48 1.000000
49 48 65 1.000000
49 65 48 1.000000
49 50 99 1.000000
49 99 50 1.000000
49 50 65 1.000000
49 65 50 1.000000
49 65 99 1.000000
49 99 65 1.000000
50 49 64 1.000000
50 64 49 1.000000
50 49 98 1.000000
50 98 49 1.000000
50 47 49 1.000000
50 49 47 1.000000
50 47 64 1.000000
50 64 47 1.000000
50 47 98 1.000000
50 98 47 1.000000
50 64 98 1.000000
50 98 64 1.000000
51 44 52 1.000000
51 52 44 1.000000
51 44 101 1.000000
51 101 44 1.000000
51 44 64 1.000000
51 64 44 1.000000
51 52 101 1.000000
51 101 52 1.000000
51 52 64 1.000000
51 64 52 1.000000
51 64 101 1.000000
51 101 64 1.000000
52 51 100 1.000000
52 100 51 1.000000
52 45 51 1.000000
52 51 45 1.000000
52 45 100 1.000000
52 100 45 1.000000
53 40 47 1.000000
53 47 40 1.000000
55 57 106 1.000000
55 106 57 1.000000
56 11 58 1.000000
56 58 11 1.000000
57 55 59 1.000000
57 59 55 1.000000
58 56 60 1.000000
58 60 56 1.000000
61 48 62 1.000000
61 62 48 1.000000
62 61 63 1.000000
62 63 61 1.000000
63 54 62 1.000000
63 62 54 1.000000
64 50 51 1.000000
64 51 50 1.000000
65 49 66 1.000000
65 66 49 1.000000
66 65 67 1.000000
66 67 65 1.000000
67 66 68 1.000000
67 68 66 1.000000
69 33 71 1.000000
69 71 33 1.000000
70 39 72 1.000000
70 72 39 1.000000
71 69 73 1.000000
71 73 69 1.000000
72 70 74 1.000000
72 74 70 1.000000
73 71 75 1.000000
73 75 71 1.000000
74 72 76 1.000000
74 76 72 1.000000
75 73 77 1.000000
75 77 73 1.000000
76 74 78 1.000000
76 78 74 1.000000
77 31 75 1.000000
77 75 31 1.000000
78 36 76 1.000000
78 76 36 1.000000
79 32 34 1.000000
79 34 32 1.000000
80 38 40 1.000000
80 40 38 1.000000
81 35 82 1.000000
81 82 35 1.000000
82 81 83 1.000000
82 83 81 1.000000
83 82 84 1.000000
83 84 82 1.000000
84 83 85 1.000000
84 85 83 1.000000
85 84 86 1.000000
85 86 84 1.000000
87 41 88 1.000000
87 88 41 1.000000
88 87 89 1.000000
88 89 87 1.000000
89 88 90 1.000000
89 90 88 1.000000
90 89 91 1.000000
90 91 89 1.000000
91 90 92 1.000000
91 92 90 1.000000
92 91 93 1.000000
92 93 91 1.000000
102 104 114 1.000000
102 114 104 1.000000
102 104 115 1.000000
102 115 104 1.000000
102 114 115 1.154701
102 115 114 1.154701
102 103 104 1.154701
102 104 103 1.154701
102 103 114 1.000000
102 114 103 1.000000
102 103 115 1.000000
102 115 103 1.000000
103 102 105 1.000000
103 105 102 1.000000
103 102 135 1.000000
103 135 102 1.000000
103 102 127 1.154701
103 127 102 1.154701
103 105 135 1.154701
103 135 105 1.154701
103 105 127 1.000000
103 127 105 1.000000
103 127 135 1.000000
103 135 127 1.000000
104 102 134 1.154701
104 134 102 1.154701
104 102 105 1.000000
104 105 102 1.000000
104 105 134 1.000000
104 134 105 1.000000
105 103 104 1.154701
105 104 103 1.154701
105 103 136 1.000000
105 136 103 1.000000
105 104 136 1.000000
105 136 104 1.000000
106 1 55 1.000000
106 55 1 1.000000
109 2 110 1.000000
109 110 2 1.000000
110 109 111 1.000000
110 111 109 1.000000
111 110 112 1.000000
111 112 110 1.000000
112 111 113 1.000000
112 113 111 1.000000
113 112 114 1.000000
113 114 112 1.000000
114 102 113 1.000000
114 113 102 1.000000
115 102 116 1.000000
115 116 102 1.000000
116 115 120 1.000000
116 120 115 1.000000
117 8 118 1.000000
117 118 8 1.000000
118 117 119 1.000000
118 119 117 1.000000
119 118 120 1.000000
119 120 118 1.000000
120 116 119 1.000000
120 119 116 1.000000
121 1 122 1.000000
121 122 1 1.000000
122 121 123 1.000000
122 123 121 1.000000
123 122 124 1.000000
123 124 122 1.000000
124 123 125 1.000000
124 125 123 1.000000
125 124 126 1.000000
125 126 124 1.000000
126 125 127 1.000000
126 127 125 1.000000
127 103 126 1.000000
127 126 103 1.000000
128 9 129 1.000000
128 129 9 1.000000
129 128 130 1.000000
129 130 128 1.000000
130 129 131 1.000000
130 131 129 1.000000
131 130 132 1.000000
131 132 130 1.000000
132 131 133 1.000000
132 133 131 1.000000
133 132 134 1.000000
133 134 132 1.000000
134 104 133 1.000000
134 133 104 1.000000
;
param D:=0.5;
param t_hat_ear:=
0 148 2.0
0 95 3.0
0 32 4.0
0 38 5.0
0 43 6.0
0 44 7.0
0 46 8.0
0 47 9.0
0 48 10.0
0 49 11.0
0 99 12.0
0 153 13.0
1 152 1.0
1 100 2.0
1 52 3.0
1 45 4.0
1 37 5.0
1 36 6.0
1 78 7.0
1 76 8.0
1 74 9.0
1 72 10.0
1 70 11.0
1 39 12.0
1 30 13.0
1 29 14.0
1 28 15.0
1 27 16.0
1 26 17.0
1 20 18.0
1 19 19.0
1 108 20.0
1 145 21.0
2 154 8.0
2 98 9.0
2 50 10.0
2 47 11.0
2 53 12.0
2 40 13.0
2 34 14.0
2 35 15.0
2 81 16.0
2 82 17.0
2 83 18.0
2 84 19.0
2 85 20.0
2 86 21.0
2 139 22.0
3 152 7.0
3 100 8.0
3 52 9.0
3 45 10.0
3 44 11.0
3 46 12.0
3 47 13.0
3 48 14.0
3 49 15.0
3 99 16.0
3 153 17.0
4 150 5.0
4 97 6.0
4 35 7.0
4 41 8.0
4 40 9.0
4 80 10.0
4 38 11.0
4 43 12.0
4 44 13.0
4 51 14.0
4 101 15.0
4 151 16.0
5 148 8.0
5 95 9.0
5 32 10.0
5 79 11.0
5 34 12.0
5 35 13.0
5 81 14.0
5 82 15.0
5 83 16.0
5 84 17.0
5 85 18.0
5 86 19.0
5 139 20.0
6 138 2.0
6 136 3.0
6 105 4.0
6 104 5.0
6 134 6.0
6 133 7.0
6 132 8.0
6 131 9.0
6 130 10.0
6 129 11.0
6 128 12.0
6 9 13.0
6 19 14.0
6 108 15.0
6 145 16.0
7 138 0.0
7 136 1.0
7 105 2.0
7 104 3.0
7 134 4.0
7 133 5.0
7 132 6.0
7 131 7.0
7 130 8.0
7 129 9.0
7 128 10.0
7 9 11.0
7 19 12.0
7 108 13.0
7 145 14.0
8 152 5.0
8 100 6.0
8 52 7.0
8 45 8.0
8 37 9.0
8 36 10.0
8 31 11.0
8 94 12.0
8 147 13.0
9 146 0.0
9 107 1.0
9 18 2.0
9 8 3.0
9 117 4.0
9 118 5.0
9 119 6.0
9 120 7.0
9 116 8.0
9 115 9.0
9 102 10.0
9 103 11.0
9 135 12.0
9 137 13.0
10 146 2.0
10 107 3.0
10 18 4.0
10 8 5.0
10 9 6.0
10 10 7.0
10 21 8.0
10 22 9.0
10 23 10.0
10 24 11.0
10 25 12.0
10 33 13.0
10 69 14.0
10 71 15.0
10 73 16.0
10 75 17.0
10 77 18.0
10 31 19.0
10 32 20.0
10 79 21.0
10 34 22.0
10 96 23.0
10 149 24.0
11 148 4.0
11 95 5.0
11 32 6.0
11 38 7.0
11 36 8.0
11 78 9.0
11 76 10.0
11 74 11.0
11 72 12.0
11 70 13.0
11 39 14.0
11 30 15.0
11 29 16.0
11 28 17.0
11 27 18.0
11 26 19.0
11 20 20.0
11 19 21.0
11 108 22.0
11 145 23.0
12 140 6.0
12 93 7.0
12 92 8.0
12 91 9.0
12 90 10.0
12 89 11.0
12 88 12.0
12 87 13.0
12 41 14.0
12 42 15.0
12 48 16.0
12 49 17.0
12 99 18.0
12 153 19.0
13 148 0.0
13 95 1.0
13 32 2.0
13 38 3.0
13 43 4.0
13 44 5.0
13 46 6.0
13 47 7.0
13 48 8.0
13 61 9.0
13 62 10.0
13 63 11.0
13 54 12.0
13 143 13.0
14 150 7.0
14 97 8.0
14 35 9.0
14 41 10.0
14 42 11.0
14 48 12.0
14 61 13.0
14 62 14.0
14 63 15.0
14 54 16.0
14 143 17.0
15 154 6.0
15 98 7.0
15 50 8.0
15 64 9.0
15 51 10.0
15 52 11.0
15 45 12.0
15 37 13.0
15 36 14.0
15 31 15.0
15 94 16.0
15 147 17.0
17 148 6.0
17 95 7.0
17 32 8.0
17 79 9.0
17 34 10.0
17 35 11.0
17 81 12.0
17 82 13.0
17 83 14.0
17 84 15.0
17 85 16.0
17 86 17.0
17 139 18.0
20 140 18.0
20 93 19.0
20 92 20.0
20 91 21.0
20 90 22.0
20 89 23.0
20 88 24.0
20 87 25.0
20 41 26.0
20 42 27.0
20 48 28.0
20 61 29.0
20 62 30.0
20 63 31.0
20 54 32.0
20 143 33.0
21 138 12.0
21 136 13.0
21 105 14.0
21 104 15.0
21 134 16.0
21 133 17.0
21 132 18.0
21 131 19.0
21 130 20.0
21 129 21.0
21 128 22.0
21 9 23.0
21 19 24.0
21 108 25.0
21 145 26.0
22 140 14.0
22 93 15.0
22 92 16.0
22 91 17.0
22 90 18.0
22 89 19.0
22 88 20.0
22 87 21.0
22 41 22.0
22 42 23.0
22 48 24.0
22 61 25.0
22 62 26.0
22 63 27.0
22 54 28.0
22 143 29.0
23 138 10.0
23 136 11.0
23 105 12.0
23 104 13.0
23 102 14.0
23 114 15.0
23 113 16.0
23 112 17.0
23 111 18.0
23 110 19.0
23 109 20.0
23 2 21.0
23 11 22.0
23 56 23.0
23 58 24.0
23 60 25.0
23 141 26.0
24 140 12.0
24 93 13.0
24 92 14.0
24 91 15.0
24 90 16.0
24 89 17.0
24 88 18.0
24 87 19.0
24 41 20.0
24 40 21.0
24 80 22.0
24 38 23.0
24 43 24.0
24 44 25.0
24 51 26.0
24 101 27.0
24 151 28.0
25 138 14.0
25 136 15.0
25 105 16.0
25 104 17.0
25 102 18.0
25 114 19.0
25 113 20.0
25 112 21.0
25 111 22.0
25 110 23.0
25 109 24.0
25 2 25.0
25 11 26.0
25 56 27.0
25 58 28.0
25 60 29.0
25 141 30.0
26 152 11.0
26 100 12.0
26 52 13.0
26 45 14.0
26 37 15.0
26 36 16.0
26 78 17.0
26 76 18.0
26 74 19.0
26 72 20.0
26 70 21.0
26 39 22.0
26 30 23.0
26 29 24.0
26 28 25.0
26 27 26.0
26 26 27.0
26 20 28.0
26 19 29.0
26 108 30.0
26 145 31.0
27 154 24.0
27 98 25.0
27 50 26.0
27 47 27.0
27 53 28.0
27 40 29.0
27 34 30.0
27 96 31.0
27 149 32.0
28 154 26.0
28 98 27.0
28 50 28.0
28 47 29.0
28 53 30.0
28 40 31.0
28 34 32.0
28 96 33.0
28 149 34.0
29 150 15.0
29 97 16.0
29 35 17.0
29 41 18.0
29 40 19.0
29 80 20.0
29 38 21.0
29 36 22.0
29 31 23.0
29 94 24.0
29 147 25.0
30 142 10.0
30 59 11.0
30 57 12.0
30 55 13.0
30 106 14.0
30 1 15.0
30 121 16.0
30 122 17.0
30 123 18.0
30 124 19.0
30 125 20.0
30 126 21.0
30 127 22.0
30 103 23.0
30 135 24.0
30 137 25.0
31 140 16.0
31 93 17.0
31 92 18.0
31 91 19.0
31 90 20.0
31 89 21.0
31 88 22.0
31 87 23.0
31 41 24.0
31 40 25.0
31 34 26.0
31 96 27.0
31 149 28.0
32 146 10.0
32 107 11.0
32 18 12.0
32 8 13.0
32 117 14.0
32 118 15.0
32 119 16.0
32 120 17.0
32 116 18.0
32 115 19.0
32 102 20.0
32 103 21.0
32 135 22.0
32 137 23.0
33 140 24.0
33 93 25.0
33 92 26.0
33 91 27.0
33 90 28.0
33 89 29.0
33 88 30.0
33 87 31.0
33 41 32.0
33 40 33.0
33 34 34.0
33 96 35.0
33 149 36.0
34 144 16.0
34 68 17.0
34 67 18.0
34 66 19.0
34 65 20.0
34 49 21.0
34 50 22.0
34 64 23.0
34 51 24.0
34 101 25.0
34 151 26.0
35 144 18.0
35 68 19.0
35 67 20.0
35 66 21.0
35 65 22.0
35 49 23.0
35 50 24.0
35 47 25.0
35 53 26.0
35 40 27.0
35 80 28.0
35 38 29.0
35 36 30.0
35 31 31.0
35 94 32.0
35 147 33.0
36 154 18.0
36 98 19.0
36 50 20.0
36 47 21.0
36 53 22.0
36 40 23.0
36 34 24.0
36 96 25.0
36 149 26.0
37 154 12.0
37 98 13.0
37 50 14.0
37 47 15.0
37 53 16.0
37 40 17.0
37 80 18.0
37 38 19.0
37 36 20.0
37 78 21.0
37 76 22.0
37 74 23.0
37 72 24.0
37 70 25.0
37 39 26.0
37 30 27.0
37 29 28.0
37 28 29.0
37 27 30.0
37 26 31.0
37 20 32.0
37 19 33.0
37 108 34.0
37 145 35.0
38 142 12.0
38 59 13.0
38 57 14.0
38 55 15.0
38 106 16.0
38 1 17.0
38 121 18.0
38 122 19.0
38 123 20.0
38 124 21.0
38 125 22.0
38 126 23.0
38 127 24.0
38 103 25.0
38 135 26.0
38 137 27.0
39 144 14.0
39 68 15.0
39 67 16.0
39 66 17.0
39 65 18.0
39 49 19.0
39 99 20.0
39 153 21.0
40 154 28.0
40 98 29.0
40 50 30.0
40 64 31.0
40 51 32.0
40 52 33.0
40 45 34.0
40 37 35.0
40 36 36.0
40 31 37.0
40 94 38.0
40 147 39.0
41 142 20.0
41 59 21.0
41 57 22.0
41 55 23.0
41 106 24.0
41 1 25.0
41 121 26.0
41 122 27.0
41 123 28.0
41 124 29.0
41 125 30.0
41 126 31.0
41 127 32.0
41 103 33.0
41 135 34.0
41 137 35.0
42 148 22.0
42 95 23.0
42 32 24.0
42 38 25.0
42 36 26.0
42 78 27.0
42 76 28.0
42 74 29.0
42 72 30.0
42 70 31.0
42 39 32.0
42 30 33.0
42 29 34.0
42 28 35.0
42 27 36.0
42 26 37.0
42 20 38.0
42 19 39.0
42 108 40.0
42 145 41.0
43 144 26.0
43 68 27.0
43 67 28.0
43 66 29.0
43 65 30.0
43 49 31.0
43 50 32.0
43 64 33.0
43 51 34.0
43 101 35.0
43 151 36.0
44 154 38.0
44 98 39.0
44 50 40.0
44 47 41.0
44 53 42.0
44 40 43.0
44 34 44.0
44 96 45.0
44 149 46.0
45 152 23.0
45 100 24.0
45 52 25.0
45 45 26.0
45 37 27.0
45 36 28.0
45 31 29.0
45 94 30.0
45 147 31.0
46 140 36.0
46 93 37.0
46 92 38.0
46 91 39.0
46 90 40.0
46 89 41.0
46 88 42.0
46 87 43.0
46 41 44.0
46 40 45.0
46 80 46.0
46 38 47.0
46 43 48.0
46 44 49.0
46 51 50.0
46 101 51.0
46 151 52.0
47 146 26.0
47 107 27.0
47 18 28.0
47 8 29.0
47 9 30.0
47 10 31.0
47 21 32.0
47 22 33.0
47 23 34.0
47 24 35.0
47 25 36.0
47 33 37.0
47 69 38.0
47 71 39.0
47 73 40.0
47 75 41.0
47 77 42.0
47 31 43.0
47 94 44.0
47 147 45.0
48 152 25.0
48 100 26.0
48 52 27.0
48 45 28.0
48 44 29.0
48 46 30.0
48 47 31.0
48 48 32.0
48 61 33.0
48 62 34.0
48 63 35.0
48 54 36.0
48 143 37.0
49 146 28.0
49 107 29.0
49 18 30.0
49 17 31.0
49 16 32.0
49 15 33.0
49 14 34.0
49 13 35.0
49 12 36.0
49 11 37.0
49 56 38.0
49 58 39.0
49 60 40.0
49 141 41.0
50 140 28.0
50 93 29.0
50 92 30.0
50 91 31.0
50 90 32.0
50 89 33.0
50 88 34.0
50 87 35.0
50 41 36.0
50 40 37.0
50 80 38.0
50 38 39.0
50 36 40.0
50 31 41.0
50 94 42.0
50 147 43.0
51 144 38.0
51 68 39.0
51 67 40.0
51 66 41.0
51 65 42.0
51 49 43.0
51 50 44.0
51 47 45.0
51 53 46.0
51 40 47.0
51 34 48.0
51 35 49.0
51 81 50.0
51 82 51.0
51 83 52.0
51 84 53.0
51 85 54.0
51 86 55.0
51 139 56.0
52 144 32.0
52 68 33.0
52 67 34.0
52 66 35.0
52 65 36.0
52 49 37.0
52 50 38.0
52 47 39.0
52 53 40.0
52 40 41.0
52 34 42.0
52 96 43.0
52 149 44.0
53 148 24.0
53 95 25.0
53 32 26.0
53 79 27.0
53 34 28.0
53 35 29.0
53 81 30.0
53 82 31.0
53 83 32.0
53 84 33.0
53 85 34.0
53 86 35.0
53 139 36.0
54 152 27.0
54 100 28.0
54 52 29.0
54 45 30.0
54 44 31.0
54 46 32.0
54 47 33.0
54 48 34.0
54 49 35.0
54 99 36.0
54 153 37.0
56 138 23.0
56 136 24.0
56 105 25.0
56 104 26.0
56 134 27.0
56 133 28.0
56 132 29.0
56 131 30.0
56 130 31.0
56 129 32.0
56 128 33.0
56 9 34.0
56 19 35.0
56 108 36.0
56 145 37.0
57 154 34.0
57 98 35.0
57 50 36.0
57 47 37.0
57 53 38.0
57 40 39.0
57 34 40.0
57 35 41.0
57 81 42.0
57 82 43.0
57 83 44.0
57 84 45.0
57 85 46.0
57 86 47.0
57 139 48.0
58 140 26.0
58 93 27.0
58 92 28.0
58 91 29.0
58 90 30.0
58 89 31.0
58 88 32.0
58 87 33.0
58 41 34.0
58 40 35.0
58 80 36.0
58 38 37.0
58 36 38.0
58 31 39.0
58 94 40.0
58 147 41.0
59 142 22.0
59 59 23.0
59 57 24.0
59 55 25.0
59 106 26.0
59 1 27.0
59 121 28.0
59 122 29.0
59 123 30.0
59 124 31.0
59 125 32.0
59 126 33.0
59 127 34.0
59 103 35.0
59 135 36.0
59 137 37.0
60 152 39.0
60 100 40.0
60 52 41.0
60 45 42.0
60 37 43.0
60 36 44.0
60 31 45.0
60 94 46.0
60 147 47.0
61 142 30.0
61 59 31.0
61 57 32.0
61 55 33.0
61 106 34.0
61 1 35.0
61 121 36.0
61 122 37.0
61 123 38.0
61 124 39.0
61 125 40.0
61 126 41.0
61 127 42.0
61 103 43.0
61 135 44.0
61 137 45.0
62 140 30.0
62 93 31.0
62 92 32.0
62 91 33.0
62 90 34.0
62 89 35.0
62 88 36.0
62 87 37.0
62 41 38.0
62 42 39.0
62 48 40.0
62 49 41.0
62 99 42.0
62 153 43.0
63 140 49.0
63 93 50.0
63 92 51.0
63 91 52.0
63 90 53.0
63 89 54.0
63 88 55.0
63 87 56.0
63 41 57.0
63 40 58.0
63 80 59.0
63 38 60.0
63 36 61.0
63 31 62.0
63 94 63.0
63 147 64.0
64 148 32.0
64 95 33.0
64 32 34.0
64 79 35.0
64 34 36.0
64 35 37.0
64 81 38.0
64 82 39.0
64 83 40.0
64 84 41.0
64 85 42.0
64 86 43.0
64 139 44.0
65 154 49.0
65 98 50.0
65 50 51.0
65 64 52.0
65 51 53.0
65 52 54.0
65 45 55.0
65 37 56.0
65 36 57.0
65 31 58.0
65 94 59.0
65 147 60.0
66 140 45.0
66 93 46.0
66 92 47.0
66 91 48.0
66 90 49.0
66 89 50.0
66 88 51.0
66 87 52.0
66 41 53.0
66 40 54.0
66 80 55.0
66 38 56.0
66 43 57.0
66 44 58.0
66 51 59.0
66 101 60.0
66 151 61.0
67 152 37.0
67 100 38.0
67 52 39.0
67 45 40.0
67 44 41.0
67 46 42.0
67 47 43.0
67 48 44.0
67 49 45.0
67 99 46.0
67 153 47.0
68 144 43.0
68 68 44.0
68 67 45.0
68 66 46.0
68 65 47.0
68 49 48.0
68 50 49.0
68 47 50.0
68 53 51.0
68 40 52.0
68 34 53.0
68 96 54.0
68 149 55.0
70 138 37.0
70 136 38.0
70 105 39.0
70 104 40.0
70 134 41.0
70 133 42.0
70 132 43.0
70 131 44.0
70 130 45.0
70 129 46.0
70 128 47.0
70 9 48.0
70 19 49.0
70 108 50.0
70 145 51.0
71 144 47.0
71 68 48.0
71 67 49.0
71 66 50.0
71 65 51.0
71 49 52.0
71 50 53.0
71 47 54.0
71 53 55.0
71 40 56.0
71 34 57.0
71 96 58.0
71 149 59.0
72 146 30.0
72 107 31.0
72 18 32.0
72 17 33.0
72 16 34.0
72 15 35.0
72 14 36.0
72 13 37.0
72 12 38.0
72 11 39.0
72 56 40.0
72 58 41.0
72 60 42.0
72 141 43.0
73 148 49.0
73 95 50.0
73 32 51.0
73 38 52.0
73 43 53.0
73 44 54.0
73 46 55.0
73 47 56.0
73 48 57.0
73 49 58.0
73 99 59.0
73 153 60.0
74 146 39.0
74 107 40.0
74 18 41.0
74 8 42.0
74 9 43.0
74 10 44.0
74 21 45.0
74 22 46.0
74 23 47.0
74 24 48.0
74 25 49.0
74 33 50.0
74 69 51.0
74 71 52.0
74 73 53.0
74 75 54.0
74 77 55.0
74 31 56.0
74 32 57.0
74 38 58.0
74 43 59.0
74 44 60.0
74 51 61.0
74 101 62.0
74 151 63.0
75 138 30.0
75 136 31.0
75 105 32.0
75 104 33.0
75 134 34.0
75 133 35.0
75 132 36.0
75 131 37.0
75 130 38.0
75 129 39.0
75 128 40.0
75 9 41.0
75 19 42.0
75 108 43.0
75 145 44.0
76 154 40.0
76 98 41.0
76 50 42.0
76 64 43.0
76 51 44.0
76 52 45.0
76 45 46.0
76 37 47.0
76 36 48.0
76 31 49.0
76 94 50.0
76 147 51.0
77 140 39.0
77 93 40.0
77 92 41.0
77 91 42.0
77 90 43.0
77 89 44.0
77 88 45.0
77 87 46.0
77 41 47.0
77 42 48.0
77 48 49.0
77 61 50.0
77 62 51.0
77 63 52.0
77 54 53.0
77 143 54.0
78 148 30.0
78 95 31.0
78 32 32.0
78 38 33.0
78 36 34.0
78 78 35.0
78 76 36.0
78 74 37.0
78 72 38.0
78 70 39.0
78 39 40.0
78 30 41.0
78 29 42.0
78 28 43.0
78 27 44.0
78 26 45.0
78 20 46.0
78 19 47.0
78 108 48.0
78 145 49.0
79 150 37.0
79 97 38.0
79 35 39.0
79 41 40.0
79 42 41.0
79 48 42.0
79 61 43.0
79 62 44.0
79 63 45.0
79 54 46.0
79 143 47.0
80 148 40.0
80 95 41.0
80 32 42.0
80 38 43.0
80 43 44.0
80 44 45.0
80 51 46.0
80 101 47.0
80 151 48.0
81 142 45.0
81 59 46.0
81 57 47.0
81 55 48.0
81 106 49.0
81 1 50.0
81 121 51.0
81 122 52.0
81 123 53.0
81 124 54.0
81 125 55.0
81 126 56.0
81 127 57.0
81 103 58.0
81 135 59.0
81 137 60.0
82 142 41.0
82 59 42.0
82 57 43.0
82 55 44.0
82 106 45.0
82 1 46.0
82 121 47.0
82 122 48.0
82 123 49.0
82 124 50.0
82 125 51.0
82 126 52.0
82 127 53.0
82 103 54.0
82 135 55.0
82 137 56.0
83 154 44.0
83 98 45.0
83 50 46.0
83 64 47.0
83 51 48.0
83 52 49.0
83 45 50.0
83 37 51.0
83 36 52.0
83 31 53.0
83 94 54.0
83 147 55.0
84 152 49.0
84 100 50.0
84 52 51.0
84 45 52.0
84 37 53.0
84 36 54.0
84 78 55.0
84 76 56.0
84 74 57.0
84 72 58.0
84 70 59.0
84 39 60.0
84 30 61.0
84 29 62.0
84 28 63.0
84 27 64.0
84 26 65.0
84 20 66.0
84 19 67.0
84 108 68.0
84 145 69.0
85 142 43.0
85 59 44.0
85 57 45.0
85 55 46.0
85 106 47.0
85 1 48.0
85 121 49.0
85 122 50.0
85 123 51.0
85 124 52.0
85 125 53.0
85 126 54.0
85 127 55.0
85 103 56.0
85 135 57.0
85 137 58.0
86 146 47.0
86 107 48.0
86 18 49.0
86 8 50.0
86 9 51.0
86 10 52.0
86 21 53.0
86 22 54.0
86 23 55.0
86 24 56.0
86 25 57.0
86 33 58.0
86 69 59.0
86 71 60.0
86 73 61.0
86 75 62.0
86 77 63.0
86 31 64.0
86 94 65.0
86 147 66.0
87 146 49.0
87 107 50.0
87 18 51.0
87 8 52.0
87 9 53.0
87 10 54.0
87 21 55.0
87 22 56.0
87 23 57.0
87 24 58.0
87 25 59.0
87 33 60.0
87 69 61.0
87 71 62.0
87 73 63.0
87 75 64.0
87 77 65.0
87 31 66.0
87 94 67.0
87 147 68.0
88 144 49.0
88 68 50.0
88 67 51.0
88 66 52.0
88 65 53.0
88 49 54.0
88 50 55.0
88 64 56.0
88 51 57.0
88 101 58.0
88 151 59.0
89 146 41.0
89 107 42.0
89 18 43.0
89 8 44.0
89 117 45.0
89 118 46.0
89 119 47.0
89 120 48.0
89 116 49.0
89 115 50.0
89 102 51.0
89 103 52.0
89 135 53.0
89 137 54.0
91 138 40.0
91 136 41.0
91 105 42.0
91 104 43.0
91 102 44.0
91 114 45.0
91 113 46.0
91 112 47.0
91 111 48.0
91 110 49.0
91 109 50.0
91 2 51.0
91 11 52.0
91 56 53.0
91 58 54.0
91 60 55.0
91 141 56.0
95 146 45.0
95 107 46.0
95 18 47.0
95 17 48.0
95 16 49.0
95 15 50.0
95 14 51.0
95 13 52.0
95 12 53.0
95 11 54.0
95 56 55.0
95 58 56.0
95 60 57.0
95 141 58.0
96 138 44.0
96 136 45.0
96 105 46.0
96 104 47.0
96 134 48.0
96 133 49.0
96 132 50.0
96 131 51.0
96 130 52.0
96 129 53.0
96 128 54.0
96 9 55.0
96 19 56.0
96 108 57.0
96 145 58.0
97 142 47.0
97 59 48.0
97 57 49.0
97 55 50.0
97 106 51.0
97 1 52.0
97 121 53.0
97 122 54.0
97 123 55.0
97 124 56.0
97 125 57.0
97 126 58.0
97 127 59.0
97 103 60.0
97 135 61.0
97 137 62.0
99 138 46.0
99 136 47.0
99 105 48.0
99 104 49.0
99 134 50.0
99 133 51.0
99 132 52.0
99 131 53.0
99 130 54.0
99 129 55.0
99 128 56.0
99 9 57.0
99 19 58.0
99 108 59.0
99 145 60.0
100 148 14
100 95 15.0
100 32 16.0
100 38 17.0
100 43 18.0
100 44 19.0
100 51 20.0
100 101 21.0
100 151 22.0
;
param t_hat_lat:=
0 148 3.0
0 95 4.0
0 32 5.0
0 38 6.0
0 43 7.0
0 44 8.0
0 46 9.0
0 47 10.0
0 48 11.0
0 49 12.0
0 99 13.0
0 153 14.0
1 152 2.0
1 100 3.0
1 52 4.0
1 45 5.0
1 37 6.0
1 36 7.0
1 78 8.0
1 76 9.0
1 74 10.0
1 72 11.0
1 70 12.0
1 39 13.0
1 30 14.0
1 29 15.0
1 28 16.0
1 27 17.0
1 26 18.0
1 20 19.0
1 19 20.0
1 108 21.0
1 145 22.0
2 154 9.0
2 98 10.0
2 50 11.0
2 47 12.0
2 53 13.0
2 40 14.0
2 34 15.0
2 35 16.0
2 81 17.0
2 82 18.0
2 83 19.0
2 84 20.0
2 85 21.0
2 86 22.0
2 139 23.0
3 152 8.0
3 100 9.0
3 52 10.0
3 45 11.0
3 44 12.0
3 46 13.0
3 47 14.0
3 48 15.0
3 49 16.0
3 99 17.0
3 153 18.0
4 150 6.0
4 97 7.0
4 35 8.0
4 41 9.0
4 40 10.0
4 80 11.0
4 38 12.0
4 43 13.0
4 44 14.0
4 51 15.0
4 101 16.0
4 151 17.0
5 148 9.0
5 95 10.0
5 32 11.0
5 79 12.0
5 34 13.0
5 35 14.0
5 81 15.0
5 82 16.0
5 83 17.0
5 84 18.0
5 85 19.0
5 86 20.0
5 139 21.0
6 138 3.0
6 136 4.0
6 105 5.0
6 104 6.0
6 134 7.0
6 133 8.0
6 132 9.0
6 131 10.0
6 130 11.0
6 129 12.0
6 128 13.0
6 9 14.0
6 19 15.0
6 108 16.0
6 145 17.0
7 138 1.0
7 136 2.0
7 105 3.0
7 104 4.0
7 134 5.0
7 133 6.0
7 132 7.0
7 131 8.0
7 130 9.0
7 129 10.0
7 128 11.0
7 9 12.0
7 19 13.0
7 108 14.0
7 145 15.0
8 152 6.0
8 100 7.0
8 52 8.0
8 45 9.0
8 37 10.0
8 36 11.0
8 31 12.0
8 94 13.0
8 147 14.0
9 146 1.0
9 107 2.0
9 18 3.0
9 8 4.0
9 117 5.0
9 118 6.0
9 119 7.0
9 120 8.0
9 116 9.0
9 115 10.0
9 102 11.0
9 103 12.0
9 135 13.0
9 137 14.0
10 146 3.0
10 107 4.0
10 18 5.0
10 8 6.0
10 9 7.0
10 10 8.0
10 21 9.0
10 22 10.0
10 23 11.0
10 24 12.0
10 25 13.0
10 33 14.0
10 69 15.0
10 71 16.0
10 73 17.0
10 75 18.0
10 77 19.0
10 31 20.0
10 32 21.0
10 79 22.0
10 34 23.0
10 96 24.0
10 149 25.0
11 148 5.0
11 95 6.0
11 32 7.0
11 38 8.0
11 36 9.0
11 78 10.0
11 76 11.0
11 74 12.0
11 72 13.0
11 70 14.0
11 39 15.0
11 30 16.0
11 29 17.0
11 28 18.0
11 27 19.0
11 26 20.0
11 20 21.0
11 19 22.0
11 108 23.0
11 145 24.0
12 140 7.0
12 93 8.0
12 92 9.0
12 91 10.0
12 90 11.0
12 89 12.0
12 88 13.0
12 87 14.0
12 41 15.0
12 42 16.0
12 48 17.0
12 49 18.0
12 99 19.0
12 153 20.0
13 148 1.0
13 95 2.0
13 32 3.0
13 38 4.0
13 43 5.0
13 44 6.0
13 46 7.0
13 47 8.0
13 48 9.0
13 61 10.0
13 62 11.0
13 63 12.0
13 54 13.0
13 143 14.0
14 150 8.0
14 97 9.0
14 35 10.0
14 41 11.0
14 42 12.0
14 48 13.0
14 61 14.0
14 62 15.0
14 63 16.0
14 54 17.0
14 143 18.0
15 154 7.0
15 98 8.0
15 50 9.0
15 64 10.0
15 51 11.0
15 52 12.0
15 45 13.0
15 37 14.0
15 36 15.0
15 31 16.0
15 94 17.0
15 147 18.0
17 148 7.0
17 95 8.0
17 32 9.0
17 79 10.0
17 34 11.0
17 35 12.0
17 81 13.0
17 82 14.0
17 83 15.0
17 84 16.0
17 85 17.0
17 86 18.0
17 139 19.0
20 140 19.0
20 93 20.0
20 92 21.0
20 91 22.0
20 90 23.0
20 89 24.0
20 88 25.0
20 87 26.0
20 41 27.0
20 42 28.0
20 48 29.0
20 61 30.0
20 62 31.0
20 63 32.0
20 54 33.0
20 143 34.0
21 138 13.0
21 136 14.0
21 105 15.0
21 104 16.0
21 134 17.0
21 133 18.0
21 132 19.0
21 131 20.0
21 130 21.0
21 129 22.0
21 128 23.0
21 9 24.0
21 19 25.0
21 108 26.0
21 145 27.0
22 140 15.0
22 93 16.0
22 92 17.0
22 91 18.0
22 90 19.0
22 89 20.0
22 88 21.0
22 87 22.0
22 41 23.0
22 42 24.0
22 48 25.0
22 61 26.0
22 62 27.0
22 63 28.0
22 54 29.0
22 143 30.0
23 138 11.0
23 136 12.0
23 105 13.0
23 104 14.0
23 102 15.0
23 114 16.0
23 113 17.0
23 112 18.0
23 111 19.0
23 110 20.0
23 109 21.0
23 2 22.0
23 11 23.0
23 56 24.0
23 58 25.0
23 60 26.0
23 141 27.0
24 140 13.0
24 93 14.0
24 92 15.0
24 91 16.0
24 90 17.0
24 89 18.0
24 88 19.0
24 87 20.0
24 41 21.0
24 40 22.0
24 80 23.0
24 38 24.0
24 43 25.0
24 44 26.0
24 51 27.0
24 101 28.0
24 151 29.0
25 138 15.0
25 136 16.0
25 105 17.0
25 104 18.0
25 102 19.0
25 114 20.0
25 113 21.0
25 112 22.0
25 111 23.0
25 110 24.0
25 109 25.0
25 2 26.0
25 11 27.0
25 56 28.0
25 58 29.0
25 60 30.0
25 141 31.0
26 152 12.0
26 100 13.0
26 52 14.0
26 45 15.0
26 37 16.0
26 36 17.0
26 78 18.0
26 76 19.0
26 74 20.0
26 72 21.0
26 70 22.0
26 39 23.0
26 30 24.0
26 29 25.0
26 28 26.0
26 27 27.0
26 26 28.0
26 20 29.0
26 19 30.0
26 108 31.0
26 145 32.0
27 154 25.0
27 98 26.0
27 50 27.0
27 47 28.0
27 53 29.0
27 40 30.0
27 34 31.0
27 96 32.0
27 149 33.0
28 154 27.0
28 98 28.0
28 50 29.0
28 47 30.0
28 53 31.0
28 40 32.0
28 34 33.0
28 96 34.0
28 149 35.0
29 150 16.0
29 97 17.0
29 35 18.0
29 41 19.0
29 40 20.0
29 80 21.0
29 38 22.0
29 36 23.0
29 31 24.0
29 94 25.0
29 147 26.0
30 142 11.0
30 59 12.0
30 57 13.0
30 55 14.0
30 106 15.0
30 1 16.0
30 121 17.0
30 122 18.0
30 123 19.0
30 124 20.0
30 125 21.0
30 126 22.0
30 127 23.0
30 103 24.0
30 135 25.0
30 137 26.0
31 140 17.0
31 93 18.0
31 92 19.0
31 91 20.0
31 90 21.0
31 89 22.0
31 88 23.0
31 87 24.0
31 41 25.0
31 40 26.0
31 34 27.0
31 96 28.0
31 149 29.0
32 146 11.0
32 107 12.0
32 18 13.0
32 8 14.0
32 117 15.0
32 118 16.0
32 119 17.0
32 120 18.0
32 116 19.0
32 115 20.0
32 102 21.0
32 103 22.0
32 135 23.0
32 137 24.0
33 140 25.0
33 93 26.0
33 92 27.0
33 91 28.0
33 90 29.0
33 89 30.0
33 88 31.0
33 87 32.0
33 41 33.0
33 40 34.0
33 34 35.0
33 96 36.0
33 149 37.0
34 144 17.0
34 68 18.0
34 67 19.0
34 66 20.0
34 65 21.0
34 49 22.0
34 50 23.0
34 64 24.0
34 51 25.0
34 101 26.0
34 151 27.0
35 144 19.0
35 68 20.0
35 67 21.0
35 66 22.0
35 65 23.0
35 49 24.0
35 50 25.0
35 47 26.0
35 53 27.0
35 40 28.0
35 80 29.0
35 38 30.0
35 36 31.0
35 31 32.0
35 94 33.0
35 147 34.0
36 154 19.0
36 98 20.0
36 50 21.0
36 47 22.0
36 53 23.0
36 40 24.0
36 34 25.0
36 96 26.0
36 149 27.0
37 154 13.0
37 98 14.0
37 50 15.0
37 47 16.0
37 53 17.0
37 40 18.0
37 80 19.0
37 38 20.0
37 36 21.0
37 78 22.0
37 76 23.0
37 74 24.0
37 72 25.0
37 70 26.0
37 39 27.0
37 30 28.0
37 29 29.0
37 28 30.0
37 27 31.0
37 26 32.0
37 20 33.0
37 19 34.0
37 108 35.0
37 145 36.0
38 142 13.0
38 59 14.0
38 57 15.0
38 55 16.0
38 106 17.0
38 1 18.0
38 121 19.0
38 122 20.0
38 123 21.0
38 124 22.0
38 125 23.0
38 126 24.0
38 127 25.0
38 103 26.0
38 135 27.0
38 137 28.0
39 144 15.0
39 68 16.0
39 67 17.0
39 66 18.0
39 65 19.0
39 49 20.0
39 99 21.0
39 153 22.0
40 154 29.0
40 98 30.0
40 50 31.0
40 64 32.0
40 51 33.0
40 52 34.0
40 45 35.0
40 37 36.0
40 36 37.0
40 31 38.0
40 94 39.0
40 147 40.0
41 142 21.0
41 59 22.0
41 57 23.0
41 55 24.0
41 106 25.0
41 1 26.0
41 121 27.0
41 122 28.0
41 123 29.0
41 124 30.0
41 125 31.0
41 126 32.0
41 127 33.0
41 103 34.0
41 135 35.0
41 137 36.0
42 148 23.0
42 95 24.0
42 32 25.0
42 38 26.0
42 36 27.0
42 78 28.0
42 76 29.0
42 74 30.0
42 72 31.0
42 70 32.0
42 39 33.0
42 30 34.0
42 29 35.0
42 28 36.0
42 27 37.0
42 26 38.0
42 20 39.0
42 19 40.0
42 108 41.0
42 145 42.0
43 144 27.0
43 68 28.0
43 67 29.0
43 66 30.0
43 65 31.0
43 49 32.0
43 50 33.0
43 64 34.0
43 51 35.0
43 101 36.0
43 151 37.0
44 154 39.0
44 98 40.0
44 50 41.0
44 47 42.0
44 53 43.0
44 40 44.0
44 34 45.0
44 96 46.0
44 149 47.0
45 152 24.0
45 100 25.0
45 52 26.0
45 45 27.0
45 37 28.0
45 36 29.0
45 31 30.0
45 94 31.0
45 147 32.0
46 140 37.0
46 93 38.0
46 92 39.0
46 91 40.0
46 90 41.0
46 89 42.0
46 88 43.0
46 87 44.0
46 41 45.0
46 40 46.0
46 80 47.0
46 38 48.0
46 43 49.0
46 44 50.0
46 51 51.0
46 101 52.0
46 151 53.0
47 146 27.0
47 107 28.0
47 18 29.0
47 8 30.0
47 9 31.0
47 10 32.0
47 21 33.0
47 22 34.0
47 23 35.0
47 24 36.0
47 25 37.0
47 33 38.0
47 69 39.0
47 71 40.0
47 73 41.0
47 75 42.0
47 77 43.0
47 31 44.0
47 94 45.0
47 147 46.0
48 152 26.0
48 100 27.0
48 52 28.0
48 45 29.0
48 44 30.0
48 46 31.0
48 47 32.0
48 48 33.0
48 61 34.0
48 62 35.0
48 63 36.0
48 54 37.0
48 143 38.0
49 146 29.0
49 107 30.0
49 18 31.0
49 17 32.0
49 16 33.0
49 15 34.0
49 14 35.0
49 13 36.0
49 12 37.0
49 11 38.0
49 56 39.0
49 58 40.0
49 60 41.0
49 141 42.0
50 140 29.0
50 93 30.0
50 92 31.0
50 91 32.0
50 90 33.0
50 89 34.0
50 88 35.0
50 87 36.0
50 41 37.0
50 40 38.0
50 80 39.0
50 38 40.0
50 36 41.0
50 31 42.0
50 94 43.0
50 147 44.0
51 144 39.0
51 68 40.0
51 67 41.0
51 66 42.0
51 65 43.0
51 49 44.0
51 50 45.0
51 47 46.0
51 53 47.0
51 40 48.0
51 34 49.0
51 35 50.0
51 81 51.0
51 82 52.0
51 83 53.0
51 84 54.0
51 85 55.0
51 86 56.0
51 139 57.0
52 144 33.0
52 68 34.0
52 67 35.0
52 66 36.0
52 65 37.0
52 49 38.0
52 50 39.0
52 47 40.0
52 53 41.0
52 40 42.0
52 34 43.0
52 96 44.0
52 149 45.0
53 148 25.0
53 95 26.0
53 32 27.0
53 79 28.0
53 34 29.0
53 35 30.0
53 81 31.0
53 82 32.0
53 83 33.0
53 84 34.0
53 85 35.0
53 86 36.0
53 139 37.0
54 152 28.0
54 100 29.0
54 52 30.0
54 45 31.0
54 44 32.0
54 46 33.0
54 47 34.0
54 48 35.0
54 49 36.0
54 99 37.0
54 153 38.0
56 138 24.0
56 136 25.0
56 105 26.0
56 104 27.0
56 134 28.0
56 133 29.0
56 132 30.0
56 131 31.0
56 130 32.0
56 129 33.0
56 128 34.0
56 9 35.0
56 19 36.0
56 108 37.0
56 145 38.0
57 154 35.0
57 98 36.0
57 50 37.0
57 47 38.0
57 53 39.0
57 40 40.0
57 34 41.0
57 35 42.0
57 81 43.0
57 82 44.0
57 83 45.0
57 84 46.0
57 85 47.0
57 86 48.0
57 139 49.0
58 140 27.0
58 93 28.0
58 92 29.0
58 91 30.0
58 90 31.0
58 89 32.0
58 88 33.0
58 87 34.0
58 41 35.0
58 40 36.0
58 80 37.0
58 38 38.0
58 36 39.0
58 31 40.0
58 94 41.0
58 147 42.0
59 142 23.0
59 59 24.0
59 57 25.0
59 55 26.0
59 106 27.0
59 1 28.0
59 121 29.0
59 122 30.0
59 123 31.0
59 124 32.0
59 125 33.0
59 126 34.0
59 127 35.0
59 103 36.0
59 135 37.0
59 137 38.0
60 152 40.0
60 100 41.0
60 52 42.0
60 45 43.0
60 37 44.0
60 36 45.0
60 31 46.0
60 94 47.0
60 147 48.0
61 142 31.0
61 59 32.0
61 57 33.0
61 55 34.0
61 106 35.0
61 1 36.0
61 121 37.0
61 122 38.0
61 123 39.0
61 124 40.0
61 125 41.0
61 126 42.0
61 127 43.0
61 103 44.0
61 135 45.0
61 137 46.0
62 140 31.0
62 93 32.0
62 92 33.0
62 91 34.0
62 90 35.0
62 89 36.0
62 88 37.0
62 87 38.0
62 41 39.0
62 42 40.0
62 48 41.0
62 49 42.0
62 99 43.0
62 153 44.0
63 140 50.0
63 93 51.0
63 92 52.0
63 91 53.0
63 90 54.0
63 89 55.0
63 88 56.0
63 87 57.0
63 41 58.0
63 40 59.0
63 80 60.0
63 38 61.0
63 36 62.0
63 31 63.0
63 94 64.0
63 147 65.0
64 148 33.0
64 95 34.0
64 32 35.0
64 79 36.0
64 34 37.0
64 35 38.0
64 81 39.0
64 82 40.0
64 83 41.0
64 84 42.0
64 85 43.0
64 86 44.0
64 139 45.0
65 154 50.0
65 98 51.0
65 50 52.0
65 64 53.0
65 51 54.0
65 52 55.0
65 45 56.0
65 37 57.0
65 36 58.0
65 31 59.0
65 94 60.0
65 147 61.0
66 140 46.0
66 93 47.0
66 92 48.0
66 91 49.0
66 90 50.0
66 89 51.0
66 88 52.0
66 87 53.0
66 41 54.0
66 40 55.0
66 80 56.0
66 38 57.0
66 43 58.0
66 44 59.0
66 51 60.0
66 101 61.0
66 151 62.0
67 152 38.0
67 100 39.0
67 52 40.0
67 45 41.0
67 44 42.0
67 46 43.0
67 47 44.0
67 48 45.0
67 49 46.0
67 99 47.0
67 153 48.0
68 144 44.0
68 68 45.0
68 67 46.0
68 66 47.0
68 65 48.0
68 49 49.0
68 50 50.0
68 47 51.0
68 53 52.0
68 40 53.0
68 34 54.0
68 96 55.0
68 149 56.0
70 138 38.0
70 136 39.0
70 105 40.0
70 104 41.0
70 134 42.0
70 133 43.0
70 132 44.0
70 131 45.0
70 130 46.0
70 129 47.0
70 128 48.0
70 9 49.0
70 19 50.0
70 108 51.0
70 145 52.0
71 144 48.0
71 68 49.0
71 67 50.0
71 66 51.0
71 65 52.0
71 49 53.0
71 50 54.0
71 47 55.0
71 53 56.0
71 40 57.0
71 34 58.0
71 96 59.0
71 149 60.0
72 146 31.0
72 107 32.0
72 18 33.0
72 17 34.0
72 16 35.0
72 15 36.0
72 14 37.0
72 13 38.0
72 12 39.0
72 11 40.0
72 56 41.0
72 58 42.0
72 60 43.0
72 141 44.0
73 148 50.0
73 95 51.0
73 32 52.0
73 38 53.0
73 43 54.0
73 44 55.0
73 46 56.0
73 47 57.0
73 48 58.0
73 49 59.0
73 99 60.0
73 153 61.0
74 146 40.0
74 107 41.0
74 18 42.0
74 8 43.0
74 9 44.0
74 10 45.0
74 21 46.0
74 22 47.0
74 23 48.0
74 24 49.0
74 25 50.0
74 33 51.0
74 69 52.0
74 71 53.0
74 73 54.0
74 75 55.0
74 77 56.0
74 31 57.0
74 32 58.0
74 38 59.0
74 43 60.0
74 44 61.0
74 51 62.0
74 101 63.0
74 151 64.0
75 138 31.0
75 136 32.0
75 105 33.0
75 104 34.0
75 134 35.0
75 133 36.0
75 132 37.0
75 131 38.0
75 130 39.0
75 129 40.0
75 128 41.0
75 9 42.0
75 19 43.0
75 108 44.0
75 145 45.0
76 154 41.0
76 98 42.0
76 50 43.0
76 64 44.0
76 51 45.0
76 52 46.0
76 45 47.0
76 37 48.0
76 36 49.0
76 31 50.0
76 94 51.0
76 147 52.0
77 140 40.0
77 93 41.0
77 92 42.0
77 91 43.0
77 90 44.0
77 89 45.0
77 88 46.0
77 87 47.0
77 41 48.0
77 42 49.0
77 48 50.0
77 61 51.0
77 62 52.0
77 63 53.0
77 54 54.0
77 143 55.0
78 148 31.0
78 95 32.0
78 32 33.0
78 38 34.0
78 36 35.0
78 78 36.0
78 76 37.0
78 74 38.0
78 72 39.0
78 70 40.0
78 39 41.0
78 30 42.0
78 29 43.0
78 28 44.0
78 27 45.0
78 26 46.0
78 20 47.0
78 19 48.0
78 108 49.0
78 145 50.0
79 150 38.0
79 97 39.0
79 35 40.0
79 41 41.0
79 42 42.0
79 48 43.0
79 61 44.0
79 62 45.0
79 63 46.0
79 54 47.0
79 143 48.0
80 148 41.0
80 95 42.0
80 32 43.0
80 38 44.0
80 43 45.0
80 44 46.0
80 51 47.0
80 101 48.0
80 151 49.0
81 142 46.0
81 59 47.0
81 57 48.0
81 55 49.0
81 106 50.0
81 1 51.0
81 121 52.0
81 122 53.0
81 123 54.0
81 124 55.0
81 125 56.0
81 126 57.0
81 127 58.0
81 103 59.0
81 135 60.0
81 137 61.0
82 142 42.0
82 59 43.0
82 57 44.0
82 55 45.0
82 106 46.0
82 1 47.0
82 121 48.0
82 122 49.0
82 123 50.0
82 124 51.0
82 125 52.0
82 126 53.0
82 127 54.0
82 103 55.0
82 135 56.0
82 137 57.0
83 154 45.0
83 98 46.0
83 50 47.0
83 64 48.0
83 51 49.0
83 52 50.0
83 45 51.0
83 37 52.0
83 36 53.0
83 31 54.0
83 94 55.0
83 147 56.0
84 152 50.0
84 100 51.0
84 52 52.0
84 45 53.0
84 37 54.0
84 36 55.0
84 78 56.0
84 76 57.0
84 74 58.0
84 72 59.0
84 70 60.0
84 39 61.0
84 30 62.0
84 29 63.0
84 28 64.0
84 27 65.0
84 26 66.0
84 20 67.0
84 19 68.0
84 108 69.0
84 145 70.0
85 142 44.0
85 59 45.0
85 57 46.0
85 55 47.0
85 106 48.0
85 1 49.0
85 121 50.0
85 122 51.0
85 123 52.0
85 124 53.0
85 125 54.0
85 126 55.0
85 127 56.0
85 103 57.0
85 135 58.0
85 137 59.0
86 146 48.0
86 107 49.0
86 18 50.0
86 8 51.0
86 9 52.0
86 10 53.0
86 21 54.0
86 22 55.0
86 23 56.0
86 24 57.0
86 25 58.0
86 33 59.0
86 69 60.0
86 71 61.0
86 73 62.0
86 75 63.0
86 77 64.0
86 31 65.0
86 94 66.0
86 147 67.0
87 146 50.0
87 107 51.0
87 18 52.0
87 8 53.0
87 9 54.0
87 10 55.0
87 21 56.0
87 22 57.0
87 23 58.0
87 24 59.0
87 25 60.0
87 33 61.0
87 69 62.0
87 71 63.0
87 73 64.0
87 75 65.0
87 77 66.0
87 31 67.0
87 94 68.0
87 147 69.0
88 144 50.0
88 68 51.0
88 67 52.0
88 66 53.0
88 65 54.0
88 49 55.0
88 50 56.0
88 64 57.0
88 51 58.0
88 101 59.0
88 151 60.0
89 146 42.0
89 107 43.0
89 18 44.0
89 8 45.0
89 117 46.0
89 118 47.0
89 119 48.0
89 120 49.0
89 116 50.0
89 115 51.0
89 102 52.0
89 103 53.0
89 135 54.0
89 137 55.0
91 138 41.0
91 136 42.0
91 105 43.0
91 104 44.0
91 102 45.0
91 114 46.0
91 113 47.0
91 112 48.0
91 111 49.0
91 110 50.0
91 109 51.0
91 2 52.0
91 11 53.0
91 56 54.0
91 58 55.0
91 60 56.0
91 141 57.0
95 146 46.0
95 107 47.0
95 18 48.0
95 17 49.0
95 16 50.0
95 15 51.0
95 14 52.0
95 13 53.0
95 12 54.0
95 11 55.0
95 56 56.0
95 58 57.0
95 60 58.0
95 141 59.0
96 138 45.0
96 136 46.0
96 105 47.0
96 104 48.0
96 134 49.0
96 133 50.0
96 132 51.0
96 131 52.0
96 130 53.0
96 129 54.0
96 128 55.0
96 9 56.0
96 19 57.0
96 108 58.0
96 145 59.0
97 142 48.0
97 59 49.0
97 57 50.0
97 55 51.0
97 106 52.0
97 1 53.0
97 121 54.0
97 122 55.0
97 123 56.0
97 124 57.0
97 125 58.0
97 126 59.0
97 127 60.0
97 103 61.0
97 135 62.0
97 137 63.0
99 138 47.0
99 136 48.0
99 105 49.0
99 104 50.0
99 134 51.0
99 133 52.0
99 132 53.0
99 131 54.0
99 130 55.0
99 129 56.0
99 128 57.0
99 9 58.0
99 19 59.0
99 108 60.0
99 145 61.0
100 148 15
100 95 16.0
100 32 17.0
100 38 18.0
100 43 19.0
100 44 20.0
100 51 21.0
100 101 22.0
100 151 23.0
;
set fixedFlights :=
10 9 10
47 9 10
74 9 10
86 9 10
87 9 10
10 8 9
47 8 9
74 8 9
86 8 9
87 8 9
49 12 11
72 12 11
95 12 11
49 13 12
72 13 12
95 13 12
49 14 13
72 14 13
95 14 13
49 15 14
72 15 14
95 15 14
49 16 15
72 16 15
95 16 15
49 17 16
72 17 16
95 17 16
49 18 17
72 18 17
95 18 17
1 20 19
11 20 19
26 20 19
37 20 19
42 20 19
78 20 19
84 20 19
10 10 21
47 10 21
74 10 21
86 10 21
87 10 21
10 21 22
47 21 22
74 21 22
86 21 22
87 21 22
10 22 23
47 22 23
74 22 23
86 22 23
87 22 23
10 23 24
47 23 24
74 23 24
86 23 24
87 23 24
10 24 25
47 24 25
74 24 25
86 24 25
87 24 25
1 26 20
11 26 20
26 26 20
37 26 20
42 26 20
78 26 20
84 26 20
1 27 26
11 27 26
26 27 26
37 27 26
42 27 26
78 27 26
84 27 26
1 28 27
11 28 27
26 28 27
37 28 27
42 28 27
78 28 27
84 28 27
1 29 28
11 29 28
26 29 28
37 29 28
42 29 28
78 29 28
84 29 28
1 30 29
11 30 29
26 30 29
37 30 29
42 30 29
78 30 29
84 30 29
2 34 35
5 34 35
17 34 35
51 34 35
53 34 35
57 34 35
64 34 35
73 34 35
8 36 31
15 36 31
29 36 31
35 36 31
40 36 31
45 36 31
50 36 31
58 36 31
60 36 31
63 36 31
65 36 31
76 36 31
83 36 31
1 37 36
8 37 36
15 37 36
26 37 36
37 37 36
40 37 36
45 37 36
60 37 36
65 37 36
76 37 36
83 37 36
84 37 36
4 41 40
29 41 40
31 41 40
33 41 40
50 41 40
58 41 40
63 41 40
4 35 41
14 35 41
29 35 41
73 35 41
79 35 41
12 41 42
14 41 42
20 41 42
22 41 42
24 41 42
46 41 42
62 41 42
66 41 42
73 41 42
77 41 42
79 41 42
0 32 38
11 32 38
13 32 38
42 32 38
74 32 38
78 32 38
80 32 38
100 32 38
0 38 43
4 38 43
13 38 43
74 38 43
80 38 43
100 38 43
0 43 44
4 43 44
13 43 44
74 43 44
80 43 44
100 43 44
1 45 37
8 45 37
15 45 37
26 45 37
37 45 37
40 45 37
45 45 37
60 45 37
65 45 37
76 45 37
83 45 37
84 45 37
10 31 32
74 31 32
3 45 44
48 45 44
54 45 44
67 45 44
0 44 46
3 44 46
13 44 46
48 44 46
54 44 46
67 44 46
0 46 47
3 46 47
13 46 47
48 46 47
54 46 47
67 46 47
0 47 48
3 47 48
13 47 48
48 47 48
54 47 48
67 47 48
12 42 48
14 42 48
20 42 48
22 42 48
24 42 48
46 42 48
62 42 48
66 42 48
73 42 48
77 42 48
79 42 48
24 49 50
34 49 50
35 49 50
43 49 50
46 49 50
51 49 50
52 49 50
66 49 50
68 49 50
71 49 50
88 49 50
15 51 52
37 51 52
40 51 52
65 51 52
76 51 52
83 51 52
1 52 45
3 52 45
8 52 45
15 52 45
26 52 45
37 52 45
40 52 45
45 52 45
48 52 45
54 52 45
60 52 45
65 52 45
67 52 45
76 52 45
83 52 45
84 52 45
4 44 51
74 44 51
80 44 51
100 44 51
0 48 49
3 48 49
12 48 49
24 48 49
46 48 49
54 48 49
62 48 49
66 48 49
67 48 49
73 48 49
2 50 47
27 50 47
28 50 47
35 50 47
36 50 47
44 50 47
51 50 47
52 50 47
57 50 47
68 50 47
71 50 47
2 47 53
27 47 53
28 47 53
35 47 53
36 47 53
44 47 53
51 47 53
52 47 53
57 47 53
68 47 53
71 47 53
2 53 40
27 53 40
28 53 40
35 53 40
36 53 40
44 53 40
51 53 40
52 53 40
57 53 40
68 53 40
71 53 40
2 40 34
27 40 34
28 40 34
31 40 34
33 40 34
36 40 34
44 40 34
51 40 34
52 40 34
57 40 34
68 40 34
71 40 34
13 54 143
14 54 143
20 54 143
22 54 143
48 54 143
77 54 143
79 54 143
30 57 55
38 57 55
41 57 55
59 57 55
61 57 55
81 57 55
82 57 55
85 57 55
97 57 55
23 56 58
25 56 58
49 56 58
72 56 58
91 56 58
95 56 58
30 59 57
38 59 57
41 59 57
59 59 57
61 59 57
81 59 57
82 59 57
85 59 57
97 59 57
23 58 60
25 58 60
49 58 60
72 58 60
91 58 60
95 58 60
23 60 141
25 60 141
49 60 141
72 60 141
91 60 141
95 60 141
30 142 59
38 142 59
41 142 59
59 142 59
61 142 59
81 142 59
82 142 59
85 142 59
97 142 59
13 48 61
14 48 61
20 48 61
22 48 61
48 48 61
77 48 61
79 48 61
13 61 62
14 61 62
20 61 62
22 61 62
48 61 62
77 61 62
79 61 62
13 62 63
14 62 63
20 62 63
22 62 63
48 62 63
77 62 63
79 62 63
34 66 65
35 66 65
39 66 65
43 66 65
51 66 65
52 66 65
68 66 65
71 66 65
88 66 65
34 67 66
35 67 66
39 67 66
43 67 66
51 67 66
52 67 66
68 67 66
71 67 66
88 67 66
34 68 67
35 68 67
39 68 67
43 68 67
51 68 67
52 68 67
68 68 67
71 68 67
88 68 67
34 144 68
35 144 68
39 144 68
43 144 68
51 144 68
52 144 68
68 144 68
71 144 68
88 144 68
15 64 51
24 64 51
34 64 51
37 64 51
40 64 51
43 64 51
46 64 51
65 64 51
66 64 51
76 64 51
83 64 51
88 64 51
13 63 54
14 63 54
20 63 54
22 63 54
48 63 54
77 63 54
79 63 54
34 65 49
35 65 49
39 65 49
43 65 49
51 65 49
52 65 49
68 65 49
71 65 49
88 65 49
15 50 64
24 50 64
34 50 64
37 50 64
40 50 64
43 50 64
46 50 64
65 50 64
66 50 64
76 50 64
83 50 64
88 50 64
10 25 33
47 25 33
74 25 33
86 25 33
87 25 33
10 33 69
47 33 69
74 33 69
86 33 69
87 33 69
10 69 71
47 69 71
74 69 71
86 69 71
87 69 71
10 71 73
47 71 73
74 71 73
86 71 73
87 71 73
10 73 75
47 73 75
74 73 75
86 73 75
87 73 75
10 75 77
47 75 77
74 75 77
86 75 77
87 75 77
10 77 31
47 77 31
74 77 31
86 77 31
87 77 31
4 40 80
29 40 80
35 40 80
50 40 80
58 40 80
63 40 80
4 80 38
29 80 38
35 80 38
50 80 38
58 80 38
63 80 38
11 38 36
29 38 36
35 38 36
42 38 36
50 38 36
58 38 36
63 38 36
78 38 36
1 36 78
11 36 78
26 36 78
37 36 78
42 36 78
78 36 78
84 36 78
1 78 76
11 78 76
26 78 76
37 78 76
42 78 76
78 78 76
84 78 76
1 76 74
11 76 74
26 76 74
37 76 74
42 76 74
78 76 74
84 76 74
1 74 72
11 74 72
26 74 72
37 74 72
42 74 72
78 74 72
84 74 72
1 72 70
11 72 70
26 72 70
37 72 70
42 72 70
78 72 70
84 72 70
1 70 39
11 70 39
26 70 39
37 70 39
42 70 39
78 70 39
84 70 39
1 39 30
11 39 30
26 39 30
37 39 30
42 39 30
78 39 30
84 39 30
5 32 79
10 32 79
17 32 79
53 32 79
64 32 79
73 32 79
5 79 34
10 79 34
17 79 34
53 79 34
64 79 34
73 79 34
0 148 95
5 148 95
11 148 95
13 148 95
17 148 95
42 148 95
53 148 95
64 148 95
73 148 95
78 148 95
80 148 95
100 148 95
8 94 147
15 94 147
29 94 147
35 94 147
40 94 147
45 94 147
47 94 147
50 94 147
58 94 147
60 94 147
63 94 147
65 94 147
76 94 147
83 94 147
86 94 147
87 94 147
1 152 100
3 152 100
8 152 100
26 152 100
45 152 100
48 152 100
54 152 100
60 152 100
67 152 100
84 152 100
4 101 151
24 101 151
34 101 151
43 101 151
46 101 151
66 101 151
74 101 151
80 101 151
88 101 151
100 101 151
2 154 98
15 154 98
27 154 98
28 154 98
36 154 98
37 154 98
40 154 98
44 154 98
57 154 98
65 154 98
76 154 98
83 154 98
0 99 153
3 99 153
12 99 153
39 99 153
54 99 153
62 99 153
67 99 153
73 99 153
10 96 149
27 96 149
28 96 149
31 96 149
33 96 149
36 96 149
44 96 149
52 96 149
68 96 149
71 96 149
4 150 97
14 150 97
29 150 97
79 150 97
4 97 35
14 97 35
29 97 35
79 97 35
0 95 32
5 95 32
11 95 32
13 95 32
17 95 32
42 95 32
53 95 32
64 95 32
73 95 32
78 95 32
80 95 32
100 95 32
8 31 94
15 31 94
29 31 94
35 31 94
40 31 94
45 31 94
47 31 94
50 31 94
58 31 94
60 31 94
63 31 94
65 31 94
76 31 94
83 31 94
86 31 94
87 31 94
10 34 96
27 34 96
28 34 96
31 34 96
33 34 96
36 34 96
44 34 96
52 34 96
68 34 96
71 34 96
4 51 101
24 51 101
34 51 101
43 51 101
46 51 101
66 51 101
74 51 101
80 51 101
88 51 101
100 51 101
1 100 52
3 100 52
8 100 52
26 100 52
45 100 52
48 100 52
54 100 52
60 100 52
67 100 52
84 100 52
2 98 50
15 98 50
27 98 50
28 98 50
36 98 50
37 98 50
40 98 50
44 98 50
57 98 50
65 98 50
76 98 50
83 98 50
0 49 99
3 49 99
12 49 99
39 49 99
54 49 99
62 49 99
67 49 99
73 49 99
2 35 81
5 35 81
17 35 81
51 35 81
53 35 81
57 35 81
64 35 81
2 81 82
5 81 82
17 81 82
51 81 82
53 81 82
57 81 82
64 81 82
2 82 83
5 82 83
17 82 83
51 82 83
53 82 83
57 82 83
64 82 83
2 83 84
5 83 84
17 83 84
51 83 84
53 83 84
57 83 84
64 83 84
2 84 85
5 84 85
17 84 85
51 84 85
53 84 85
57 84 85
64 84 85
2 85 86
5 85 86
17 85 86
51 85 86
53 85 86
57 85 86
64 85 86
12 93 92
20 93 92
22 93 92
24 93 92
31 93 92
33 93 92
46 93 92
50 93 92
58 93 92
62 93 92
63 93 92
66 93 92
77 93 92
12 92 91
20 92 91
22 92 91
24 92 91
31 92 91
33 92 91
46 92 91
50 92 91
58 92 91
62 92 91
63 92 91
66 92 91
77 92 91
12 91 90
20 91 90
22 91 90
24 91 90
31 91 90
33 91 90
46 91 90
50 91 90
58 91 90
62 91 90
63 91 90
66 91 90
77 91 90
12 90 89
20 90 89
22 90 89
24 90 89
31 90 89
33 90 89
46 90 89
50 90 89
58 90 89
62 90 89
63 90 89
66 90 89
77 90 89
12 89 88
20 89 88
22 89 88
24 89 88
31 89 88
33 89 88
46 89 88
50 89 88
58 89 88
62 89 88
63 89 88
66 89 88
77 89 88
12 88 87
20 88 87
22 88 87
24 88 87
31 88 87
33 88 87
46 88 87
50 88 87
58 88 87
62 88 87
63 88 87
66 88 87
77 88 87
12 87 41
20 87 41
22 87 41
24 87 41
31 87 41
33 87 41
46 87 41
50 87 41
58 87 41
62 87 41
63 87 41
66 87 41
77 87 41
2 86 139
5 86 139
17 86 139
51 86 139
53 86 139
57 86 139
64 86 139
12 140 93
20 140 93
22 140 93
24 140 93
31 140 93
33 140 93
46 140 93
50 140 93
58 140 93
62 140 93
63 140 93
66 140 93
77 140 93
1 108 145
6 108 145
7 108 145
11 108 145
21 108 145
26 108 145
37 108 145
42 108 145
56 108 145
70 108 145
75 108 145
78 108 145
84 108 145
96 108 145
99 108 145
9 146 107
10 146 107
32 146 107
47 146 107
49 146 107
72 146 107
74 146 107
86 146 107
87 146 107
89 146 107
95 146 107
23 11 56
25 11 56
49 11 56
72 11 56
91 11 56
95 11 56
23 2 11
25 2 11
91 2 11
9 107 18
10 107 18
32 107 18
47 107 18
49 107 18
72 107 18
74 107 18
86 107 18
87 107 18
89 107 18
95 107 18
9 18 8
10 18 8
32 18 8
47 18 8
74 18 8
86 18 8
87 18 8
89 18 8
6 9 19
7 9 19
21 9 19
56 9 19
70 9 19
75 9 19
96 9 19
99 9 19
1 19 108
6 19 108
7 19 108
11 19 108
21 19 108
26 19 108
37 19 108
42 19 108
56 19 108
70 19 108
75 19 108
78 19 108
84 19 108
96 19 108
99 19 108
30 55 106
38 55 106
41 55 106
59 55 106
61 55 106
81 55 106
82 55 106
85 55 106
97 55 106
30 106 1
38 106 1
41 106 1
59 106 1
61 106 1
81 106 1
82 106 1
85 106 1
97 106 1
30 1 121
38 1 121
41 1 121
59 1 121
61 1 121
81 1 121
82 1 121
85 1 121
97 1 121
30 121 122
38 121 122
41 121 122
59 121 122
61 121 122
81 121 122
82 121 122
85 121 122
97 121 122
23 109 2
25 109 2
91 109 2
23 110 109
25 110 109
91 110 109
23 104 102
25 104 102
91 104 102
23 102 114
25 102 114
91 102 114
9 115 102
32 115 102
89 115 102
9 102 103
32 102 103
89 102 103
6 105 104
7 105 104
21 105 104
23 105 104
25 105 104
56 105 104
70 105 104
75 105 104
91 105 104
96 105 104
99 105 104
6 104 134
7 104 134
21 104 134
56 104 134
70 104 134
75 104 134
96 104 134
99 104 134
6 134 133
7 134 133
21 134 133
56 134 133
70 134 133
75 134 133
96 134 133
99 134 133
9 116 115
32 116 115
89 116 115
9 8 117
32 8 117
89 8 117
9 117 118
32 117 118
89 117 118
9 118 119
32 118 119
89 118 119
9 119 120
32 119 120
89 119 120
9 120 116
32 120 116
89 120 116
6 133 132
7 133 132
21 133 132
56 133 132
70 133 132
75 133 132
96 133 132
99 133 132
6 132 131
7 132 131
21 132 131
56 132 131
70 132 131
75 132 131
96 132 131
99 132 131
6 131 130
7 131 130
21 131 130
56 131 130
70 131 130
75 131 130
96 131 130
99 131 130
6 130 129
7 130 129
21 130 129
56 130 129
70 130 129
75 130 129
96 130 129
99 130 129
6 129 128
7 129 128
21 129 128
56 129 128
70 129 128
75 129 128
96 129 128
99 129 128
6 128 9
7 128 9
21 128 9
56 128 9
70 128 9
75 128 9
96 128 9
99 128 9
30 122 123
38 122 123
41 122 123
59 122 123
61 122 123
81 122 123
82 122 123
85 122 123
97 122 123
30 123 124
38 123 124
41 123 124
59 123 124
61 123 124
81 123 124
82 123 124
85 123 124
97 123 124
30 124 125
38 124 125
41 124 125
59 124 125
61 124 125
81 124 125
82 124 125
85 124 125
97 124 125
30 125 126
38 125 126
41 125 126
59 125 126
61 125 126
81 125 126
82 125 126
85 125 126
97 125 126
30 126 127
38 126 127
41 126 127
59 126 127
61 126 127
81 126 127
82 126 127
85 126 127
97 126 127
30 127 103
38 127 103
41 127 103
59 127 103
61 127 103
81 127 103
82 127 103
85 127 103
97 127 103
23 114 113
25 114 113
91 114 113
23 113 112
25 113 112
91 113 112
23 112 111
25 112 111
91 112 111
23 111 110
25 111 110
91 111 110
9 103 135
30 103 135
32 103 135
38 103 135
41 103 135
59 103 135
61 103 135
81 103 135
82 103 135
85 103 135
89 103 135
97 103 135
9 135 137
30 135 137
32 135 137
38 135 137
41 135 137
59 135 137
61 135 137
81 135 137
82 135 137
85 135 137
89 135 137
97 135 137
6 138 136
7 138 136
21 138 136
23 138 136
25 138 136
56 138 136
70 138 136
75 138 136
91 138 136
96 138 136
99 138 136
6 136 105
7 136 105
21 136 105
23 136 105
25 136 105
56 136 105
70 136 105
75 136 105
91 136 105
96 136 105
99 136 105
;
;
set inFlight:=
0
1
2
3
4
5
6
7
8
9
10
11
12
13
14
15
17
21
23
24
26
30
32
37
38
;
param tini := 13.259850058883769;
