param nn:= 155;
set F:=
0
1
2
3
4
6
9
10
11
12
13
14
15
16
17
18
19
20
21
22
23
24
25
26
27
28
29
30
31
32
33
34
35
36
37
38
39
40
41
42
43
44
45
46
47
48
49
50
51
52
53
54
55
56
57
58
59
60
61
62
63
64
65
66
67
68
69
70
71
72
73
74
75
76
77
78
79
80
81
83
84
85
86
88
91
92
93
94
97
98
99
;
set AP:=
99
;
param: E: d:=
2 3 2.500000
3 4 2.500000
4 5 2.500000
5 6 2.500000
6 7 2.500000
7 0 2.500000
0 8 2.500000
9 10 2.500000
8 9 2.500000
12 11 2.500000
13 12 2.500000
14 13 2.500000
15 14 2.500000
16 15 2.500000
17 16 2.500000
18 17 2.500000
19 18 2.500000
20 19 2.500000
10 21 2.500000
21 22 2.500000
22 23 2.500000
23 24 2.500000
24 25 2.500000
26 20 2.500000
27 26 2.500000
28 27 2.500000
29 28 2.500000
30 29 2.500000
34 35 2.500000
36 31 2.500000
37 36 2.500000
41 40 2.500000
35 41 2.500000
41 42 2.500000
32 38 2.500000
38 43 2.500000
43 44 2.500000
45 37 2.500000
31 32 2.500000
45 44 2.500000
44 46 2.500000
46 47 2.500000
47 48 2.500000
42 48 2.500000
49 50 2.500000
51 52 2.500000
52 45 2.500000
44 51 2.500000
48 49 2.500000
50 47 2.500000
47 53 2.500000
53 40 2.500000
40 34 2.500000
54 143 1.500000
57 55 2.500000
56 58 2.500000
59 57 2.500000
58 60 2.500000
60 141 1.500000
142 59 1.500000
48 61 2.500000
61 62 2.500000
62 63 2.500000
66 65 2.500000
67 66 2.500000
68 67 2.500000
144 68 1.500000
2 1 2.500000
64 51 2.500000
63 54 2.500000
65 49 2.500000
50 64 2.500000
25 33 2.500000
33 69 2.500000
69 71 2.500000
71 73 2.500000
73 75 2.500000
75 77 2.500000
77 31 2.500000
40 80 2.500000
80 38 2.500000
38 36 2.500000
36 78 2.500000
78 76 2.500000
76 74 2.500000
74 72 2.500000
72 70 2.500000
70 39 2.500000
39 30 2.500000
32 79 2.500000
79 34 2.500000
148 95 1.500000
94 147 1.500000
152 100 1.500000
101 151 1.500000
154 98 1.500000
99 153 1.500000
96 149 1.500000
150 97 1.500000
97 35 2.500000
95 32 2.500000
31 94 2.500000
34 96 2.500000
51 101 2.500000
100 52 2.500000
98 50 2.500000
49 99 2.500000
35 81 2.500000
81 82 2.500000
82 83 2.500000
83 84 2.500000
84 85 2.500000
85 86 2.500000
93 92 2.500000
92 91 2.500000
91 90 2.500000
90 89 2.500000
89 88 2.500000
88 87 2.500000
87 41 2.500000
86 139 1.500000
140 93 1.500000
108 145 1.500000
146 107 1.500000
11 56 2.500000
2 11 2.500000
107 18 2.500000
18 8 2.500000
9 19 2.500000
19 108 2.500000
55 106 2.500000
106 1 2.500000
1 121 2.500000
121 122 2.500000
109 2 2.500000
110 109 2.500000
104 102 2.500000
102 114 2.500000
115 102 2.500000
102 103 2.500000
105 104 2.500000
104 134 2.500000
134 133 2.500000
103 105 2.500000
116 115 2.500000
8 117 2.500000
117 118 2.500000
118 119 2.500000
119 120 2.500000
120 116 2.500000
133 132 2.500000
132 131 2.500000
131 130 2.500000
130 129 2.500000
129 128 2.500000
128 9 2.500000
122 123 2.500000
123 124 2.500000
124 125 2.500000
125 126 2.500000
126 127 2.500000
127 103 2.500000
114 113 2.500000
113 112 2.500000
112 111 2.500000
111 110 2.500000
103 135 2.500000
135 137 1.500000
138 136 1.500000
136 105 2.500000
;
param s:=
0 154
1 142
2 146
3 144
4 152
6 148
9 140
10 144
11 142
12 146
13 152
14 140
15 140
16 146
17 148
18 142
19 146
20 142
21 154
22 154
23 148
24 142
25 152
26 154
27 150
28 146
29 140
30 138
31 144
32 142
33 142
34 148
35 146
36 148
37 150
38 138
39 142
40 144
41 154
42 154
43 144
44 142
45 138
46 140
47 148
48 146
49 146
50 148
51 140
52 146
53 148
54 140
55 142
56 150
57 150
58 154
59 152
60 138
61 144
62 144
63 138
64 138
65 152
66 140
67 138
68 140
69 144
70 150
71 144
72 154
73 138
74 144
75 150
76 142
77 148
78 150
79 138
80 142
81 138
83 140
84 138
85 148
86 142
88 138
91 140
92 152
93 144
94 154
97 152
98 152
99 154
;
param e:=
0 139
1 137
2 151
3 149
4 147
6 139
9 143
10 149
11 137
12 147
13 145
14 149
15 143
16 137
17 153
18 137
19 149
20 137
21 139
22 143
23 151
24 137
25 143
26 139
27 143
28 137
29 149
30 145
31 151
32 137
33 137
34 153
35 141
36 153
37 145
38 145
39 137
40 139
41 145
42 147
43 151
44 137
45 145
46 143
47 151
48 141
49 149
50 153
51 147
52 141
53 151
54 153
55 137
56 153
57 145
58 139
59 147
60 141
61 139
62 139
63 141
64 145
65 153
66 149
67 141
68 149
69 139
70 147
71 149
72 143
73 141
74 147
75 143
76 137
77 151
78 143
79 145
80 137
81 145
83 153
84 145
85 151
86 137
88 145
91 143
92 147
93 151
94 147
97 153
98 149
99 145
;
param v_min:=2.375
;
param v_max:=2.625
;
param :conflictsNodes: angle:=
0 7 8 1.000000
0 8 7 1.000000
1 2 121 1.154700
1 121 2 1.154700
1 2 106 1.000000
1 106 2 1.000000
1 106 121 1.000000
1 121 106 1.000000
2 3 11 1.000000
2 11 3 1.000000
2 3 109 1.154700
2 109 3 1.154700
2 1 3 1.000000
2 3 1 1.000000
2 1 11 1.000000
2 11 1 1.000000
2 1 109 1.000000
2 109 1 1.000000
2 11 109 1.000000
2 109 11 1.000000
3 2 4 1.000000
3 4 2 1.000000
4 3 5 1.000000
4 5 3 1.000000
5 4 6 1.000000
5 6 4 1.000000
6 5 7 1.000000
6 7 5 1.000000
7 0 6 1.000000
7 6 0 1.000000
8 0 9 1.000000
8 9 0 1.000000
8 0 117 1.154700
8 117 0 1.154700
8 0 18 1.000000
8 18 0 1.000000
8 9 117 1.000000
8 117 9 1.000000
8 9 18 1.000000
8 18 9 1.000000
8 18 117 1.000000
8 117 18 1.000000
9 8 10 1.000000
9 10 8 1.000000
9 8 19 1.000000
9 19 8 1.000000
9 8 128 1.154700
9 128 8 1.154700
9 10 19 1.000000
9 19 10 1.000000
9 10 128 1.000000
9 128 10 1.000000
9 19 128 1.000000
9 128 19 1.000000
10 9 21 1.000000
10 21 9 1.000000
11 2 12 1.000000
11 12 2 1.000000
11 2 56 1.000000
11 56 2 1.000000
11 12 56 1.000000
11 56 12 1.000000
12 11 13 1.000000
12 13 11 1.000000
13 12 14 1.000000
13 14 12 1.000000
14 13 15 1.000000
14 15 13 1.000000
15 14 16 1.000000
15 16 14 1.000000
16 15 17 1.000000
16 17 15 1.000000
17 16 18 1.000000
17 18 16 1.000000
18 17 19 1.000000
18 19 17 1.000000
18 17 107 1.000000
18 107 17 1.000000
18 8 17 1.000000
18 17 8 1.000000
18 8 19 1.000000
18 19 8 1.000000
18 8 107 1.000000
18 107 8 1.000000
18 19 107 1.000000
18 107 19 1.000000
19 9 18 1.000000
19 18 9 1.000000
19 9 108 1.000000
19 108 9 1.000000
19 9 20 1.000000
19 20 9 1.000000
19 18 108 1.000000
19 108 18 1.000000
19 18 20 1.000000
19 20 18 1.000000
19 20 108 1.000000
19 108 20 1.000000
20 19 26 1.000000
20 26 19 1.000000
21 10 22 1.000000
21 22 10 1.000000
22 21 23 1.000000
22 23 21 1.000000
23 22 24 1.000000
23 24 22 1.000000
24 23 25 1.000000
24 25 23 1.000000
25 24 33 1.000000
25 33 24 1.000000
26 20 27 1.000000
26 27 20 1.000000
27 26 28 1.000000
27 28 26 1.000000
28 27 29 1.000000
28 29 27 1.000000
29 28 30 1.000000
29 30 28 1.000000
30 29 39 1.000000
30 39 29 1.000000
31 36 94 1.000000
31 94 36 1.000000
31 36 77 1.000000
31 77 36 1.000000
31 32 36 1.000000
31 36 32 1.000000
31 32 94 1.000000
31 94 32 1.000000
31 32 77 1.000000
31 77 32 1.000000
31 77 94 1.000000
31 94 77 1.000000
32 31 38 1.000000
32 38 31 1.000000
32 31 79 1.000000
32 79 31 1.000000
32 31 95 1.000000
32 95 31 1.000000
32 38 79 1.000000
32 79 38 1.000000
32 38 95 1.000000
32 95 38 1.000000
32 79 95 1.000000
32 95 79 1.000000
33 25 69 1.000000
33 69 25 1.000000
34 35 96 1.000000
34 96 35 1.000000
34 35 40 1.000000
34 40 35 1.000000
34 35 79 1.000000
34 79 35 1.000000
34 40 96 1.000000
34 96 40 1.000000
34 40 79 1.000000
34 79 40 1.000000
34 79 96 1.000000
34 96 79 1.000000
35 34 41 1.000000
35 41 34 1.000000
35 34 81 1.000000
35 81 34 1.000000
35 34 97 1.000000
35 97 34 1.000000
35 41 81 1.000000
35 81 41 1.000000
35 41 97 1.000000
35 97 41 1.000000
35 81 97 1.189773
35 97 81 1.189773
36 31 78 1.000000
36 78 31 1.000000
36 31 37 1.000000
36 37 31 1.000000
36 31 38 1.000000
36 38 31 1.000000
36 37 78 1.000000
36 78 37 1.000000
36 37 38 1.000000
36 38 37 1.000000
36 38 78 1.000000
36 78 38 1.000000
37 36 45 1.000000
37 45 36 1.000000
38 32 43 1.000000
38 43 32 1.000000
38 32 36 1.000000
38 36 32 1.000000
38 32 80 1.000000
38 80 32 1.000000
38 43 80 1.000000
38 80 43 1.000000
38 36 43 1.000000
38 43 36 1.000000
38 36 80 1.000000
38 80 36 1.000000
39 30 70 1.000000
39 70 30 1.000000
40 41 80 1.000000
40 80 41 1.000000
40 41 53 1.000000
40 53 41 1.000000
40 34 41 1.000000
40 41 34 1.000000
40 34 80 1.000000
40 80 34 1.000000
40 34 53 1.000000
40 53 34 1.000000
40 53 80 1.000000
40 80 53 1.000000
41 35 40 1.000000
41 40 35 1.000000
41 35 42 1.000000
41 42 35 1.000000
41 35 87 1.189773
41 87 35 1.189773
41 40 42 1.000000
41 42 40 1.000000
41 40 87 1.000000
41 87 40 1.000000
41 42 87 1.000000
41 87 42 1.000000
42 41 48 1.000000
42 48 41 1.000000
43 38 44 1.000000
43 44 38 1.000000
44 43 46 1.000000
44 46 43 1.000000
44 43 51 1.000000
44 51 43 1.000000
44 43 45 1.000000
44 45 43 1.000000
44 46 51 1.000000
44 51 46 1.000000
44 45 46 1.000000
44 46 45 1.000000
44 45 51 1.000000
44 51 45 1.000000
45 37 44 1.000000
45 44 37 1.000000
45 37 52 1.000000
45 52 37 1.000000
45 44 52 1.000000
45 52 44 1.000000
46 44 47 1.000000
46 47 44 1.000000
47 46 48 1.000000
47 48 46 1.000000
47 46 53 1.000000
47 53 46 1.000000
47 46 50 1.000000
47 50 46 1.000000
47 48 53 1.000000
47 53 48 1.000000
47 48 50 1.000000
47 50 48 1.000000
47 50 53 1.000000
47 53 50 1.000000
48 42 47 1.000000
48 47 42 1.000000
48 42 49 1.000000
48 49 42 1.000000
48 42 61 1.000000
48 61 42 1.000000
48 47 49 1.000000
48 49 47 1.000000
48 47 61 1.000000
48 61 47 1.000000
48 49 61 1.000000
48 61 49 1.000000
49 48 50 1.000000
49 50 48 1.000000
49 48 99 1.000000
49 99 48 1.000000
49 48 65 1.000000
49 65 48 1.000000
49 50 99 1.000000
49 99 50 1.000000
49 50 65 1.000000
49 65 50 1.000000
49 65 99 1.000000
49 99 65 1.000000
50 49 64 1.000000
50 64 49 1.000000
50 49 98 1.000000
50 98 49 1.000000
50 47 49 1.000000
50 49 47 1.000000
50 47 64 1.000000
50 64 47 1.000000
50 47 98 1.000000
50 98 47 1.000000
50 64 98 1.000000
50 98 64 1.000000
51 44 52 1.000000
51 52 44 1.000000
51 44 101 1.000000
51 101 44 1.000000
51 44 64 1.000000
51 64 44 1.000000
51 52 101 1.000000
51 101 52 1.000000
51 52 64 1.000000
51 64 52 1.000000
51 64 101 1.000000
51 101 64 1.000000
52 51 100 1.000000
52 100 51 1.000000
52 45 51 1.000000
52 51 45 1.000000
52 45 100 1.000000
52 100 45 1.000000
53 40 47 1.000000
53 47 40 1.000000
55 57 106 1.000000
55 106 57 1.000000
56 11 58 1.000000
56 58 11 1.000000
57 55 59 1.000000
57 59 55 1.000000
58 56 60 1.000000
58 60 56 1.000000
61 48 62 1.000000
61 62 48 1.000000
62 61 63 1.000000
62 63 61 1.000000
63 54 62 1.000000
63 62 54 1.000000
64 50 51 1.000000
64 51 50 1.000000
65 49 66 1.000000
65 66 49 1.000000
66 65 67 1.000000
66 67 65 1.000000
67 66 68 1.000000
67 68 66 1.000000
69 33 71 1.000000
69 71 33 1.000000
70 39 72 1.000000
70 72 39 1.000000
71 69 73 1.000000
71 73 69 1.000000
72 70 74 1.000000
72 74 70 1.000000
73 71 75 1.000000
73 75 71 1.000000
74 72 76 1.000000
74 76 72 1.000000
75 73 77 1.000000
75 77 73 1.000000
76 74 78 1.000000
76 78 74 1.000000
77 31 75 1.000000
77 75 31 1.000000
78 36 76 1.000000
78 76 36 1.000000
79 32 34 1.000000
79 34 32 1.000000
80 38 40 1.000000
80 40 38 1.000000
81 35 82 1.000000
81 82 35 1.000000
82 81 83 1.000000
82 83 81 1.000000
83 82 84 1.000000
83 84 82 1.000000
84 83 85 1.000000
84 85 83 1.000000
85 84 86 1.000000
85 86 84 1.000000
87 41 88 1.000000
87 88 41 1.000000
88 87 89 1.000000
88 89 87 1.000000
89 88 90 1.000000
89 90 88 1.000000
90 89 91 1.000000
90 91 89 1.000000
91 90 92 1.000000
91 92 90 1.000000
92 91 93 1.000000
92 93 91 1.000000
102 104 114 1.000000
102 114 104 1.000000
102 104 115 1.000000
102 115 104 1.000000
102 114 115 1.154700
102 115 114 1.154700
102 103 104 1.154700
102 104 103 1.154700
102 103 114 1.000000
102 114 103 1.000000
102 103 115 1.000000
102 115 103 1.000000
103 102 105 1.000000
103 105 102 1.000000
103 102 135 1.000000
103 135 102 1.000000
103 102 127 1.154700
103 127 102 1.154700
103 105 135 1.154700
103 135 105 1.154700
103 105 127 1.000000
103 127 105 1.000000
103 127 135 1.000000
103 135 127 1.000000
104 102 134 1.154700
104 134 102 1.154700
104 102 105 1.000000
104 105 102 1.000000
104 105 134 1.000000
104 134 105 1.000000
105 103 104 1.154700
105 104 103 1.154700
105 103 136 1.000000
105 136 103 1.000000
105 104 136 1.000000
105 136 104 1.000000
106 1 55 1.000000
106 55 1 1.000000
109 2 110 1.000000
109 110 2 1.000000
110 109 111 1.000000
110 111 109 1.000000
111 110 112 1.000000
111 112 110 1.000000
112 111 113 1.000000
112 113 111 1.000000
113 112 114 1.000000
113 114 112 1.000000
114 102 113 1.000000
114 113 102 1.000000
115 102 116 1.000000
115 116 102 1.000000
116 115 120 1.000000
116 120 115 1.000000
117 8 118 1.000000
117 118 8 1.000000
118 117 119 1.000000
118 119 117 1.000000
119 118 120 1.000000
119 120 118 1.000000
120 116 119 1.000000
120 119 116 1.000000
121 1 122 1.000000
121 122 1 1.000000
122 121 123 1.000000
122 123 121 1.000000
123 122 124 1.000000
123 124 122 1.000000
124 123 125 1.000000
124 125 123 1.000000
125 124 126 1.000000
125 126 124 1.000000
126 125 127 1.000000
126 127 125 1.000000
127 103 126 1.000000
127 126 103 1.000000
128 9 129 1.000000
128 129 9 1.000000
129 128 130 1.000000
129 130 128 1.000000
130 129 131 1.000000
130 131 129 1.000000
131 130 132 1.000000
131 132 130 1.000000
132 131 133 1.000000
132 133 131 1.000000
133 132 134 1.000000
133 134 132 1.000000
134 104 133 1.000000
134 133 104 1.000000
;
param D:=0.5;
param t_hat_ear:=
0 154 2.0
0 98 3.0
0 50 4.0
0 47 5.0
0 53 6.0
0 40 7.0
0 34 8.0
0 35 9.0
0 81 10.0
0 82 11.0
0 83 12.0
0 84 13.0
0 85 14.0
0 86 15.0
0 139 16.0
1 142 2.0
1 59 3.0
1 57 4.0
1 55 5.0
1 106 6.0
1 1 7.0
1 121 8.0
1 122 9.0
1 123 10.0
1 124 11.0
1 125 12.0
1 126 13.0
1 127 14.0
1 103 15.0
1 135 16.0
1 137 17.0
2 146 4.0
2 107 5.0
2 18 6.0
2 8 7.0
2 9 8.0
2 10 9.0
2 21 10.0
2 22 11.0
2 23 12.0
2 24 13.0
2 25 14.0
2 33 15.0
2 69 16.0
2 71 17.0
2 73 18.0
2 75 19.0
2 77 20.0
2 31 21.0
2 32 22.0
2 38 23.0
2 43 24.0
2 44 25.0
2 51 26.0
2 101 27.0
2 151 28.0
3 144 6.0
3 68 7.0
3 67 8.0
3 66 9.0
3 65 10.0
3 49 11.0
3 50 12.0
3 47 13.0
3 53 14.0
3 40 15.0
3 34 16.0
3 96 17.0
3 149 18.0
4 152 2.0
4 100 3.0
4 52 4.0
4 45 5.0
4 37 6.0
4 36 7.0
4 31 8.0
4 94 9.0
4 147 10.0
6 148 0.0
6 95 1.0
6 32 2.0
6 79 3.0
6 34 4.0
6 35 5.0
6 81 6.0
6 82 7.0
6 83 8.0
6 84 9.0
6 85 10.0
6 86 11.0
6 139 12.0
9 140 5.0
9 93 6.0
9 92 7.0
9 91 8.0
9 90 9.0
9 89 10.0
9 88 11.0
9 87 12.0
9 41 13.0
9 42 14.0
9 48 15.0
9 61 16.0
9 62 17.0
9 63 18.0
9 54 19.0
9 143 20.0
10 144 0.0
10 68 1.0
10 67 2.0
10 66 3.0
10 65 4.0
10 49 5.0
10 50 6.0
10 47 7.0
10 53 8.0
10 40 9.0
10 34 10.0
10 96 11.0
10 149 12.0
11 142 0.0
11 59 1.0
11 57 2.0
11 55 3.0
11 106 4.0
11 1 5.0
11 121 6.0
11 122 7.0
11 123 8.0
11 124 9.0
11 125 10.0
11 126 11.0
11 127 12.0
11 103 13.0
11 135 14.0
11 137 15.0
12 146 6.0
12 107 7.0
12 18 8.0
12 8 9.0
12 9 10.0
12 10 11.0
12 21 12.0
12 22 13.0
12 23 14.0
12 24 15.0
12 25 16.0
12 33 17.0
12 69 18.0
12 71 19.0
12 73 20.0
12 75 21.0
12 77 22.0
12 31 23.0
12 94 24.0
12 147 25.0
13 152 4.0
13 100 5.0
13 52 6.0
13 45 7.0
13 37 8.0
13 36 9.0
13 78 10.0
13 76 11.0
13 74 12.0
13 72 13.0
13 70 14.0
13 39 15.0
13 30 16.0
13 29 17.0
13 28 18.0
13 27 19.0
13 26 20.0
13 20 21.0
13 19 22.0
13 108 23.0
13 145 24.0
14 140 2.0
14 93 3.0
14 92 4.0
14 91 5.0
14 90 6.0
14 89 7.0
14 88 8.0
14 87 9.0
14 41 10.0
14 40 11.0
14 34 12.0
14 96 13.0
14 149 14.0
15 140 0.0
15 93 1.0
15 92 2.0
15 91 3.0
15 90 4.0
15 89 5.0
15 88 6.0
15 87 7.0
15 41 8.0
15 42 9.0
15 48 10.0
15 61 11.0
15 62 12.0
15 63 13.0
15 54 14.0
15 143 15.0
16 146 0.0
16 107 1.0
16 18 2.0
16 8 3.0
16 117 4.0
16 118 5.0
16 119 6.0
16 120 7.0
16 116 8.0
16 115 9.0
16 102 10.0
16 103 11.0
16 135 12.0
16 137 13.0
17 148 4.0
17 95 5.0
17 32 6.0
17 38 7.0
17 43 8.0
17 44 9.0
17 46 10.0
17 47 11.0
17 48 12.0
17 49 13.0
17 99 14.0
17 153 15.0
18 142 4.0
18 59 5.0
18 57 6.0
18 55 7.0
18 106 8.0
18 1 9.0
18 121 10.0
18 122 11.0
18 123 12.0
18 124 13.0
18 125 14.0
18 126 15.0
18 127 16.0
18 103 17.0
18 135 18.0
18 137 19.0
19 146 2.0
19 107 3.0
19 18 4.0
19 8 5.0
19 9 6.0
19 10 7.0
19 21 8.0
19 22 9.0
19 23 10.0
19 24 11.0
19 25 12.0
19 33 13.0
19 69 14.0
19 71 15.0
19 73 16.0
19 75 17.0
19 77 18.0
19 31 19.0
19 32 20.0
19 79 21.0
19 34 22.0
19 96 23.0
19 149 24.0
20 142 16.0
20 59 17.0
20 57 18.0
20 55 19.0
20 106 20.0
20 1 21.0
20 121 22.0
20 122 23.0
20 123 24.0
20 124 25.0
20 125 26.0
20 126 27.0
20 127 28.0
20 103 29.0
20 135 30.0
20 137 31.0
21 154 27.0
21 98 28.0
21 50 29.0
21 47 30.0
21 53 31.0
21 40 32.0
21 34 33.0
21 35 34.0
21 81 35.0
21 82 36.0
21 83 37.0
21 84 38.0
21 85 39.0
21 86 40.0
21 139 41.0
22 154 15.0
22 98 16.0
22 50 17.0
22 47 18.0
22 48 19.0
22 61 20.0
22 62 21.0
22 63 22.0
22 54 23.0
22 143 24.0
23 148 10.0
23 95 11.0
23 32 12.0
23 38 13.0
23 43 14.0
23 44 15.0
23 51 16.0
23 101 17.0
23 151 18.0
24 142 10.0
24 59 11.0
24 57 12.0
24 55 13.0
24 106 14.0
24 1 15.0
24 121 16.0
24 122 17.0
24 123 18.0
24 124 19.0
24 125 20.0
24 126 21.0
24 127 22.0
24 103 23.0
24 135 24.0
24 137 25.0
25 152 18.0
25 100 19.0
25 52 20.0
25 45 21.0
25 44 22.0
25 46 23.0
25 47 24.0
25 48 25.0
25 61 26.0
25 62 27.0
25 63 28.0
25 54 29.0
25 143 30.0
26 154 12.0
26 98 13.0
26 50 14.0
26 47 15.0
26 53 16.0
26 40 17.0
26 34 18.0
26 35 19.0
26 81 20.0
26 82 21.0
26 83 22.0
26 84 23.0
26 85 24.0
26 86 25.0
26 139 26.0
27 150 12.0
27 97 13.0
27 35 14.0
27 41 15.0
27 42 16.0
27 48 17.0
27 61 18.0
27 62 19.0
27 63 20.0
27 54 21.0
27 143 22.0
28 146 10.0
28 107 11.0
28 18 12.0
28 8 13.0
28 117 14.0
28 118 15.0
28 119 16.0
28 120 17.0
28 116 18.0
28 115 19.0
28 102 20.0
28 103 21.0
28 135 22.0
28 137 23.0
29 140 14.0
29 93 15.0
29 92 16.0
29 91 17.0
29 90 18.0
29 89 19.0
29 88 20.0
29 87 21.0
29 41 22.0
29 40 23.0
29 34 24.0
29 96 25.0
29 149 26.0
30 138 12.0
30 136 13.0
30 105 14.0
30 104 15.0
30 134 16.0
30 133 17.0
30 132 18.0
30 131 19.0
30 130 20.0
30 129 21.0
30 128 22.0
30 9 23.0
30 19 24.0
30 108 25.0
30 145 26.0
31 144 13.0
31 68 14.0
31 67 15.0
31 66 16.0
31 65 17.0
31 49 18.0
31 50 19.0
31 64 20.0
31 51 21.0
31 101 22.0
31 151 23.0
32 142 18.0
32 59 19.0
32 57 20.0
32 55 21.0
32 106 22.0
32 1 23.0
32 121 24.0
32 122 25.0
32 123 26.0
32 124 27.0
32 125 28.0
32 126 29.0
32 127 30.0
32 103 31.0
32 135 32.0
32 137 33.0
33 142 14.0
33 59 15.0
33 57 16.0
33 55 17.0
33 106 18.0
33 1 19.0
33 121 20.0
33 122 21.0
33 123 22.0
33 124 23.0
33 125 24.0
33 126 25.0
33 127 26.0
33 103 27.0
33 135 28.0
33 137 29.0
34 148 13.0
34 95 14.0
34 32 15.0
34 38 16.0
34 43 17.0
34 44 18.0
34 46 19.0
34 47 20.0
34 48 21.0
34 49 22.0
34 99 23.0
34 153 24.0
35 146 12.0
35 107 13.0
35 18 14.0
35 17 15.0
35 16 16.0
35 15 17.0
35 14 18.0
35 13 19.0
35 12 20.0
35 11 21.0
35 56 22.0
35 58 23.0
35 60 24.0
35 141 25.0
36 148 15.0
36 95 16.0
36 32 17.0
36 38 18.0
36 43 19.0
36 44 20.0
36 46 21.0
36 47 22.0
36 48 23.0
36 49 24.0
36 99 25.0
36 153 26.0
37 150 15.0
37 97 16.0
37 35 17.0
37 41 18.0
37 40 19.0
37 80 20.0
37 38 21.0
37 36 22.0
37 78 23.0
37 76 24.0
37 74 25.0
37 72 26.0
37 70 27.0
37 39 28.0
37 30 29.0
37 29 30.0
37 28 31.0
37 27 32.0
37 26 33.0
37 20 34.0
37 19 35.0
37 108 36.0
37 145 37.0
38 138 14.0
38 136 15.0
38 105 16.0
38 104 17.0
38 134 18.0
38 133 19.0
38 132 20.0
38 131 21.0
38 130 22.0
38 129 23.0
38 128 24.0
38 9 25.0
38 19 26.0
38 108 27.0
38 145 28.0
39 142 12.0
39 59 13.0
39 57 14.0
39 55 15.0
39 106 16.0
39 1 17.0
39 121 18.0
39 122 19.0
39 123 20.0
39 124 21.0
39 125 22.0
39 126 23.0
39 127 24.0
39 103 25.0
39 135 26.0
39 137 27.0
40 144 29.0
40 68 30.0
40 67 31.0
40 66 32.0
40 65 33.0
40 49 34.0
40 50 35.0
40 47 36.0
40 53 37.0
40 40 38.0
40 34 39.0
40 35 40.0
40 81 41.0
40 82 42.0
40 83 43.0
40 84 44.0
40 85 45.0
40 86 46.0
40 139 47.0
41 154 29.0
41 98 30.0
41 50 31.0
41 47 32.0
41 53 33.0
41 40 34.0
41 80 35.0
41 38 36.0
41 36 37.0
41 78 38.0
41 76 39.0
41 74 40.0
41 72 41.0
41 70 42.0
41 39 43.0
41 30 44.0
41 29 45.0
41 28 46.0
41 27 47.0
41 26 48.0
41 20 49.0
41 19 50.0
41 108 51.0
41 145 52.0
42 154 20.0
42 98 21.0
42 50 22.0
42 64 23.0
42 51 24.0
42 52 25.0
42 45 26.0
42 37 27.0
42 36 28.0
42 31 29.0
42 94 30.0
42 147 31.0
43 144 27.0
43 68 28.0
43 67 29.0
43 66 30.0
43 65 31.0
43 49 32.0
43 50 33.0
43 64 34.0
43 51 35.0
43 101 36.0
43 151 37.0
44 142 20.0
44 59 21.0
44 57 22.0
44 55 23.0
44 106 24.0
44 1 25.0
44 121 26.0
44 122 27.0
44 123 28.0
44 124 29.0
44 125 30.0
44 126 31.0
44 127 32.0
44 103 33.0
44 135 34.0
44 137 35.0
45 138 25.0
45 136 26.0
45 105 27.0
45 104 28.0
45 134 29.0
45 133 30.0
45 132 31.0
45 131 32.0
45 130 33.0
45 129 34.0
45 128 35.0
45 9 36.0
45 19 37.0
45 108 38.0
45 145 39.0
46 140 23.0
46 93 24.0
46 92 25.0
46 91 26.0
46 90 27.0
46 89 28.0
46 88 29.0
46 87 30.0
46 41 31.0
46 42 32.0
46 48 33.0
46 61 34.0
46 62 35.0
46 63 36.0
46 54 37.0
46 143 38.0
47 148 24.0
47 95 25.0
47 32 26.0
47 38 27.0
47 43 28.0
47 44 29.0
47 51 30.0
47 101 31.0
47 151 32.0
48 146 20.0
48 107 21.0
48 18 22.0
48 17 23.0
48 16 24.0
48 15 25.0
48 14 26.0
48 13 27.0
48 12 28.0
48 11 29.0
48 56 30.0
48 58 31.0
48 60 32.0
48 141 33.0
49 146 25.0
49 107 26.0
49 18 27.0
49 8 28.0
49 9 29.0
49 10 30.0
49 21 31.0
49 22 32.0
49 23 33.0
49 24 34.0
49 25 35.0
49 33 36.0
49 69 37.0
49 71 38.0
49 73 39.0
49 75 40.0
49 77 41.0
49 31 42.0
49 32 43.0
49 79 44.0
49 34 45.0
49 96 46.0
49 149 47.0
50 148 27.0
50 95 28.0
50 32 29.0
50 38 30.0
50 43 31.0
50 44 32.0
50 46 33.0
50 47 34.0
50 48 35.0
50 49 36.0
50 99 37.0
50 153 38.0
51 140 27.0
51 93 28.0
51 92 29.0
51 91 30.0
51 90 31.0
51 89 32.0
51 88 33.0
51 87 34.0
51 41 35.0
51 40 36.0
51 80 37.0
51 38 38.0
51 36 39.0
51 31 40.0
51 94 41.0
51 147 42.0
52 146 22.0
52 107 23.0
52 18 24.0
52 17 25.0
52 16 26.0
52 15 27.0
52 14 28.0
52 13 29.0
52 12 30.0
52 11 31.0
52 56 32.0
52 58 33.0
52 60 34.0
52 141 35.0
53 148 22.0
53 95 23.0
53 32 24.0
53 38 25.0
53 43 26.0
53 44 27.0
53 51 28.0
53 101 29.0
53 151 30.0
54 140 29.0
54 93 30.0
54 92 31.0
54 91 32.0
54 90 33.0
54 89 34.0
54 88 35.0
54 87 36.0
54 41 37.0
54 42 38.0
54 48 39.0
54 49 40.0
54 99 41.0
54 153 42.0
55 142 29.0
55 59 30.0
55 57 31.0
55 55 32.0
55 106 33.0
55 1 34.0
55 121 35.0
55 122 36.0
55 123 37.0
55 124 38.0
55 125 39.0
55 126 40.0
55 127 41.0
55 103 42.0
55 135 43.0
55 137 44.0
56 150 22.0
56 97 23.0
56 35 24.0
56 41 25.0
56 42 26.0
56 48 27.0
56 49 28.0
56 99 29.0
56 153 30.0
57 150 26.0
57 97 27.0
57 35 28.0
57 41 29.0
57 40 30.0
57 80 31.0
57 38 32.0
57 36 33.0
57 78 34.0
57 76 35.0
57 74 36.0
57 72 37.0
57 70 38.0
57 39 39.0
57 30 40.0
57 29 41.0
57 28 42.0
57 27 43.0
57 26 44.0
57 20 45.0
57 19 46.0
57 108 47.0
57 145 48.0
58 154 23.0
58 98 24.0
58 50 25.0
58 47 26.0
58 53 27.0
58 40 28.0
58 34 29.0
58 35 30.0
58 81 31.0
58 82 32.0
58 83 33.0
58 84 34.0
58 85 35.0
58 86 36.0
58 139 37.0
59 152 21.0
59 100 22.0
59 52 23.0
59 45 24.0
59 37 25.0
59 36 26.0
59 31 27.0
59 94 28.0
59 147 29.0
60 138 30.0
60 136 31.0
60 105 32.0
60 104 33.0
60 102 34.0
60 114 35.0
60 113 36.0
60 112 37.0
60 111 38.0
60 110 39.0
60 109 40.0
60 2 41.0
60 11 42.0
60 56 43.0
60 58 44.0
60 60 45.0
60 141 46.0
61 144 49.0
61 68 50.0
61 67 51.0
61 66 52.0
61 65 53.0
61 49 54.0
61 50 55.0
61 47 56.0
61 53 57.0
61 40 58.0
61 34 59.0
61 35 60.0
61 81 61.0
61 82 62.0
61 83 63.0
61 84 64.0
61 85 65.0
61 86 66.0
61 139 67.0
62 144 33.0
62 68 34.0
62 67 35.0
62 66 36.0
62 65 37.0
62 49 38.0
62 50 39.0
62 47 40.0
62 53 41.0
62 40 42.0
62 34 43.0
62 35 44.0
62 81 45.0
62 82 46.0
62 83 47.0
62 84 48.0
62 85 49.0
62 86 50.0
62 139 51.0
63 138 32.0
63 136 33.0
63 105 34.0
63 104 35.0
63 102 36.0
63 114 37.0
63 113 38.0
63 112 39.0
63 111 40.0
63 110 41.0
63 109 42.0
63 2 43.0
63 11 44.0
63 56 45.0
63 58 46.0
63 60 47.0
63 141 48.0
64 138 41.0
64 136 42.0
64 105 43.0
64 104 44.0
64 134 45.0
64 133 46.0
64 132 47.0
64 131 48.0
64 130 49.0
64 129 50.0
64 128 51.0
64 9 52.0
64 19 53.0
64 108 54.0
64 145 55.0
65 152 38.0
65 100 39.0
65 52 40.0
65 45 41.0
65 44 42.0
65 46 43.0
65 47 44.0
65 48 45.0
65 49 46.0
65 99 47.0
65 153 48.0
66 140 47.0
66 93 48.0
66 92 49.0
66 91 50.0
66 90 51.0
66 89 52.0
66 88 53.0
66 87 54.0
66 41 55.0
66 40 56.0
66 34 57.0
66 96 58.0
66 149 59.0
67 138 39.0
67 136 40.0
67 105 41.0
67 104 42.0
67 102 43.0
67 114 44.0
67 113 45.0
67 112 46.0
67 111 47.0
67 110 48.0
67 109 49.0
67 2 50.0
67 11 51.0
67 56 52.0
67 58 53.0
67 60 54.0
67 141 55.0
68 140 37.0
68 93 38.0
68 92 39.0
68 91 40.0
68 90 41.0
68 89 42.0
68 88 43.0
68 87 44.0
68 41 45.0
68 40 46.0
68 34 47.0
68 96 48.0
68 149 49.0
69 144 39.0
69 68 40.0
69 67 41.0
69 66 42.0
69 65 43.0
69 49 44.0
69 50 45.0
69 47 46.0
69 53 47.0
69 40 48.0
69 34 49.0
69 35 50.0
69 81 51.0
69 82 52.0
69 83 53.0
69 84 54.0
69 85 55.0
69 86 56.0
69 139 57.0
70 150 36.0
70 97 37.0
70 35 38.0
70 41 39.0
70 40 40.0
70 80 41.0
70 38 42.0
70 36 43.0
70 31 44.0
70 94 45.0
70 147 46.0
71 144 43.0
71 68 44.0
71 67 45.0
71 66 46.0
71 65 47.0
71 49 48.0
71 50 49.0
71 47 50.0
71 53 51.0
71 40 52.0
71 34 53.0
71 96 54.0
71 149 55.0
72 154 39.0
72 98 40.0
72 50 41.0
72 47 42.0
72 48 43.0
72 61 44.0
72 62 45.0
72 63 46.0
72 54 47.0
72 143 48.0
73 138 34.0
73 136 35.0
73 105 36.0
73 104 37.0
73 102 38.0
73 114 39.0
73 113 40.0
73 112 41.0
73 111 42.0
73 110 43.0
73 109 44.0
73 2 45.0
73 11 46.0
73 56 47.0
73 58 48.0
73 60 49.0
73 141 50.0
74 144 45.0
74 68 46.0
74 67 47.0
74 66 48.0
74 65 49.0
74 49 50.0
74 50 51.0
74 47 52.0
74 53 53.0
74 40 54.0
74 80 55.0
74 38 56.0
74 36 57.0
74 31 58.0
74 94 59.0
74 147 60.0
75 150 44.0
75 97 45.0
75 35 46.0
75 41 47.0
75 42 48.0
75 48 49.0
75 61 50.0
75 62 51.0
75 63 52.0
75 54 53.0
75 143 54.0
76 142 39.0
76 59 40.0
76 57 41.0
76 55 42.0
76 106 43.0
76 1 44.0
76 121 45.0
76 122 46.0
76 123 47.0
76 124 48.0
76 125 49.0
76 126 50.0
76 127 51.0
76 103 52.0
76 135 53.0
76 137 54.0
77 148 31.0
77 95 32.0
77 32 33.0
77 38 34.0
77 43 35.0
77 44 36.0
77 51 37.0
77 101 38.0
77 151 39.0
78 150 46.0
78 97 47.0
78 35 48.0
78 41 49.0
78 42 50.0
78 48 51.0
78 61 52.0
78 62 53.0
78 63 54.0
78 54 55.0
78 143 56.0
79 138 36.0
79 136 37.0
79 105 38.0
79 104 39.0
79 134 40.0
79 133 41.0
79 132 42.0
79 131 43.0
79 130 44.0
79 129 45.0
79 128 46.0
79 9 47.0
79 19 48.0
79 108 49.0
79 145 50.0
80 142 41.0
80 59 42.0
80 57 43.0
80 55 44.0
80 106 45.0
80 1 46.0
80 121 47.0
80 122 48.0
80 123 49.0
80 124 50.0
80 125 51.0
80 126 52.0
80 127 53.0
80 103 54.0
80 135 55.0
80 137 56.0
81 138 43.0
81 136 44.0
81 105 45.0
81 104 46.0
81 134 47.0
81 133 48.0
81 132 49.0
81 131 50.0
81 130 51.0
81 129 52.0
81 128 53.0
81 9 54.0
81 19 55.0
81 108 56.0
81 145 57.0
83 140 49.0
83 93 50.0
83 92 51.0
83 91 52.0
83 90 53.0
83 89 54.0
83 88 55.0
83 87 56.0
83 41 57.0
83 42 58.0
83 48 59.0
83 49 60.0
83 99 61.0
83 153 62.0
84 138 47.0
84 136 48.0
84 105 49.0
84 104 50.0
84 134 51.0
84 133 52.0
84 132 53.0
84 131 54.0
84 130 55.0
84 129 56.0
84 128 57.0
84 9 58.0
84 19 59.0
84 108 60.0
84 145 61.0
85 148 45.0
85 95 46.0
85 32 47.0
85 38 48.0
85 43 49.0
85 44 50.0
85 51 51.0
85 101 52.0
85 151 53.0
86 142 43.0
86 59 44.0
86 57 45.0
86 55 46.0
86 106 47.0
86 1 48.0
86 121 49.0
86 122 50.0
86 123 51.0
86 124 52.0
86 125 53.0
86 126 54.0
86 127 55.0
86 103 56.0
86 135 57.0
86 137 58.0
88 138 49.0
88 136 50.0
88 105 51.0
88 104 52.0
88 134 53.0
88 133 54.0
88 132 55.0
88 131 56.0
88 130 57.0
88 129 58.0
88 128 59.0
88 9 60.0
88 19 61.0
88 108 62.0
88 145 63.0
91 140 43.0
91 93 44.0
91 92 45.0
91 91 46.0
91 90 47.0
91 89 48.0
91 88 49.0
91 87 50.0
91 41 51.0
91 42 52.0
91 48 53.0
91 61 54.0
91 62 55.0
91 63 56.0
91 54 57.0
91 143 58.0
92 152 40.0
92 100 41.0
92 52 42.0
92 45 43.0
92 37 44.0
92 36 45.0
92 31 46.0
92 94 47.0
92 147 48.0
93 144 47.0
93 68 48.0
93 67 49.0
93 66 50.0
93 65 51.0
93 49 52.0
93 50 53.0
93 64 54.0
93 51 55.0
93 101 56.0
93 151 57.0
94 154 41.0
94 98 42.0
94 50 43.0
94 64 44.0
94 51 45.0
94 52 46.0
94 45 47.0
94 37 48.0
94 36 49.0
94 31 50.0
94 94 51.0
94 147 52.0
97 152 48.0
97 100 49.0
97 52 50.0
97 45 51.0
97 44 52.0
97 46 53.0
97 47 54.0
97 48 55.0
97 49 56.0
97 99 57.0
97 153 58.0
98 152 42.0
98 100 43.0
98 52 44.0
98 45 45.0
98 44 46.0
98 46 47.0
98 47 48.0
98 53 49.0
98 40 50.0
98 34 51.0
98 96 52.0
98 149 53.0
99 154 11
99 98 12.0
99 50 13.0
99 47 14.0
99 53 15.0
99 40 16.0
99 80 17.0
99 38 18.0
99 36 19.0
99 78 20.0
99 76 21.0
99 74 22.0
99 72 23.0
99 70 24.0
99 39 25.0
99 30 26.0
99 29 27.0
99 28 28.0
99 27 29.0
99 26 30.0
99 20 31.0
99 19 32.0
99 108 33.0
99 145 34.0
;
param t_hat_lat:=
0 154 3.0
0 98 4.0
0 50 5.0
0 47 6.0
0 53 7.0
0 40 8.0
0 34 9.0
0 35 10.0
0 81 11.0
0 82 12.0
0 83 13.0
0 84 14.0
0 85 15.0
0 86 16.0
0 139 17.0
1 142 3.0
1 59 4.0
1 57 5.0
1 55 6.0
1 106 7.0
1 1 8.0
1 121 9.0
1 122 10.0
1 123 11.0
1 124 12.0
1 125 13.0
1 126 14.0
1 127 15.0
1 103 16.0
1 135 17.0
1 137 18.0
2 146 5.0
2 107 6.0
2 18 7.0
2 8 8.0
2 9 9.0
2 10 10.0
2 21 11.0
2 22 12.0
2 23 13.0
2 24 14.0
2 25 15.0
2 33 16.0
2 69 17.0
2 71 18.0
2 73 19.0
2 75 20.0
2 77 21.0
2 31 22.0
2 32 23.0
2 38 24.0
2 43 25.0
2 44 26.0
2 51 27.0
2 101 28.0
2 151 29.0
3 144 7.0
3 68 8.0
3 67 9.0
3 66 10.0
3 65 11.0
3 49 12.0
3 50 13.0
3 47 14.0
3 53 15.0
3 40 16.0
3 34 17.0
3 96 18.0
3 149 19.0
4 152 3.0
4 100 4.0
4 52 5.0
4 45 6.0
4 37 7.0
4 36 8.0
4 31 9.0
4 94 10.0
4 147 11.0
6 148 1.0
6 95 2.0
6 32 3.0
6 79 4.0
6 34 5.0
6 35 6.0
6 81 7.0
6 82 8.0
6 83 9.0
6 84 10.0
6 85 11.0
6 86 12.0
6 139 13.0
9 140 6.0
9 93 7.0
9 92 8.0
9 91 9.0
9 90 10.0
9 89 11.0
9 88 12.0
9 87 13.0
9 41 14.0
9 42 15.0
9 48 16.0
9 61 17.0
9 62 18.0
9 63 19.0
9 54 20.0
9 143 21.0
10 144 1.0
10 68 2.0
10 67 3.0
10 66 4.0
10 65 5.0
10 49 6.0
10 50 7.0
10 47 8.0
10 53 9.0
10 40 10.0
10 34 11.0
10 96 12.0
10 149 13.0
11 142 1.0
11 59 2.0
11 57 3.0
11 55 4.0
11 106 5.0
11 1 6.0
11 121 7.0
11 122 8.0
11 123 9.0
11 124 10.0
11 125 11.0
11 126 12.0
11 127 13.0
11 103 14.0
11 135 15.0
11 137 16.0
12 146 7.0
12 107 8.0
12 18 9.0
12 8 10.0
12 9 11.0
12 10 12.0
12 21 13.0
12 22 14.0
12 23 15.0
12 24 16.0
12 25 17.0
12 33 18.0
12 69 19.0
12 71 20.0
12 73 21.0
12 75 22.0
12 77 23.0
12 31 24.0
12 94 25.0
12 147 26.0
13 152 5.0
13 100 6.0
13 52 7.0
13 45 8.0
13 37 9.0
13 36 10.0
13 78 11.0
13 76 12.0
13 74 13.0
13 72 14.0
13 70 15.0
13 39 16.0
13 30 17.0
13 29 18.0
13 28 19.0
13 27 20.0
13 26 21.0
13 20 22.0
13 19 23.0
13 108 24.0
13 145 25.0
14 140 3.0
14 93 4.0
14 92 5.0
14 91 6.0
14 90 7.0
14 89 8.0
14 88 9.0
14 87 10.0
14 41 11.0
14 40 12.0
14 34 13.0
14 96 14.0
14 149 15.0
15 140 1.0
15 93 2.0
15 92 3.0
15 91 4.0
15 90 5.0
15 89 6.0
15 88 7.0
15 87 8.0
15 41 9.0
15 42 10.0
15 48 11.0
15 61 12.0
15 62 13.0
15 63 14.0
15 54 15.0
15 143 16.0
16 146 1.0
16 107 2.0
16 18 3.0
16 8 4.0
16 117 5.0
16 118 6.0
16 119 7.0
16 120 8.0
16 116 9.0
16 115 10.0
16 102 11.0
16 103 12.0
16 135 13.0
16 137 14.0
17 148 5.0
17 95 6.0
17 32 7.0
17 38 8.0
17 43 9.0
17 44 10.0
17 46 11.0
17 47 12.0
17 48 13.0
17 49 14.0
17 99 15.0
17 153 16.0
18 142 5.0
18 59 6.0
18 57 7.0
18 55 8.0
18 106 9.0
18 1 10.0
18 121 11.0
18 122 12.0
18 123 13.0
18 124 14.0
18 125 15.0
18 126 16.0
18 127 17.0
18 103 18.0
18 135 19.0
18 137 20.0
19 146 3.0
19 107 4.0
19 18 5.0
19 8 6.0
19 9 7.0
19 10 8.0
19 21 9.0
19 22 10.0
19 23 11.0
19 24 12.0
19 25 13.0
19 33 14.0
19 69 15.0
19 71 16.0
19 73 17.0
19 75 18.0
19 77 19.0
19 31 20.0
19 32 21.0
19 79 22.0
19 34 23.0
19 96 24.0
19 149 25.0
20 142 17.0
20 59 18.0
20 57 19.0
20 55 20.0
20 106 21.0
20 1 22.0
20 121 23.0
20 122 24.0
20 123 25.0
20 124 26.0
20 125 27.0
20 126 28.0
20 127 29.0
20 103 30.0
20 135 31.0
20 137 32.0
21 154 28.0
21 98 29.0
21 50 30.0
21 47 31.0
21 53 32.0
21 40 33.0
21 34 34.0
21 35 35.0
21 81 36.0
21 82 37.0
21 83 38.0
21 84 39.0
21 85 40.0
21 86 41.0
21 139 42.0
22 154 16.0
22 98 17.0
22 50 18.0
22 47 19.0
22 48 20.0
22 61 21.0
22 62 22.0
22 63 23.0
22 54 24.0
22 143 25.0
23 148 11.0
23 95 12.0
23 32 13.0
23 38 14.0
23 43 15.0
23 44 16.0
23 51 17.0
23 101 18.0
23 151 19.0
24 142 11.0
24 59 12.0
24 57 13.0
24 55 14.0
24 106 15.0
24 1 16.0
24 121 17.0
24 122 18.0
24 123 19.0
24 124 20.0
24 125 21.0
24 126 22.0
24 127 23.0
24 103 24.0
24 135 25.0
24 137 26.0
25 152 19.0
25 100 20.0
25 52 21.0
25 45 22.0
25 44 23.0
25 46 24.0
25 47 25.0
25 48 26.0
25 61 27.0
25 62 28.0
25 63 29.0
25 54 30.0
25 143 31.0
26 154 13.0
26 98 14.0
26 50 15.0
26 47 16.0
26 53 17.0
26 40 18.0
26 34 19.0
26 35 20.0
26 81 21.0
26 82 22.0
26 83 23.0
26 84 24.0
26 85 25.0
26 86 26.0
26 139 27.0
27 150 13.0
27 97 14.0
27 35 15.0
27 41 16.0
27 42 17.0
27 48 18.0
27 61 19.0
27 62 20.0
27 63 21.0
27 54 22.0
27 143 23.0
28 146 11.0
28 107 12.0
28 18 13.0
28 8 14.0
28 117 15.0
28 118 16.0
28 119 17.0
28 120 18.0
28 116 19.0
28 115 20.0
28 102 21.0
28 103 22.0
28 135 23.0
28 137 24.0
29 140 15.0
29 93 16.0
29 92 17.0
29 91 18.0
29 90 19.0
29 89 20.0
29 88 21.0
29 87 22.0
29 41 23.0
29 40 24.0
29 34 25.0
29 96 26.0
29 149 27.0
30 138 13.0
30 136 14.0
30 105 15.0
30 104 16.0
30 134 17.0
30 133 18.0
30 132 19.0
30 131 20.0
30 130 21.0
30 129 22.0
30 128 23.0
30 9 24.0
30 19 25.0
30 108 26.0
30 145 27.0
31 144 14.0
31 68 15.0
31 67 16.0
31 66 17.0
31 65 18.0
31 49 19.0
31 50 20.0
31 64 21.0
31 51 22.0
31 101 23.0
31 151 24.0
32 142 19.0
32 59 20.0
32 57 21.0
32 55 22.0
32 106 23.0
32 1 24.0
32 121 25.0
32 122 26.0
32 123 27.0
32 124 28.0
32 125 29.0
32 126 30.0
32 127 31.0
32 103 32.0
32 135 33.0
32 137 34.0
33 142 15.0
33 59 16.0
33 57 17.0
33 55 18.0
33 106 19.0
33 1 20.0
33 121 21.0
33 122 22.0
33 123 23.0
33 124 24.0
33 125 25.0
33 126 26.0
33 127 27.0
33 103 28.0
33 135 29.0
33 137 30.0
34 148 14.0
34 95 15.0
34 32 16.0
34 38 17.0
34 43 18.0
34 44 19.0
34 46 20.0
34 47 21.0
34 48 22.0
34 49 23.0
34 99 24.0
34 153 25.0
35 146 13.0
35 107 14.0
35 18 15.0
35 17 16.0
35 16 17.0
35 15 18.0
35 14 19.0
35 13 20.0
35 12 21.0
35 11 22.0
35 56 23.0
35 58 24.0
35 60 25.0
35 141 26.0
36 148 16.0
36 95 17.0
36 32 18.0
36 38 19.0
36 43 20.0
36 44 21.0
36 46 22.0
36 47 23.0
36 48 24.0
36 49 25.0
36 99 26.0
36 153 27.0
37 150 16.0
37 97 17.0
37 35 18.0
37 41 19.0
37 40 20.0
37 80 21.0
37 38 22.0
37 36 23.0
37 78 24.0
37 76 25.0
37 74 26.0
37 72 27.0
37 70 28.0
37 39 29.0
37 30 30.0
37 29 31.0
37 28 32.0
37 27 33.0
37 26 34.0
37 20 35.0
37 19 36.0
37 108 37.0
37 145 38.0
38 138 15.0
38 136 16.0
38 105 17.0
38 104 18.0
38 134 19.0
38 133 20.0
38 132 21.0
38 131 22.0
38 130 23.0
38 129 24.0
38 128 25.0
38 9 26.0
38 19 27.0
38 108 28.0
38 145 29.0
39 142 13.0
39 59 14.0
39 57 15.0
39 55 16.0
39 106 17.0
39 1 18.0
39 121 19.0
39 122 20.0
39 123 21.0
39 124 22.0
39 125 23.0
39 126 24.0
39 127 25.0
39 103 26.0
39 135 27.0
39 137 28.0
40 144 30.0
40 68 31.0
40 67 32.0
40 66 33.0
40 65 34.0
40 49 35.0
40 50 36.0
40 47 37.0
40 53 38.0
40 40 39.0
40 34 40.0
40 35 41.0
40 81 42.0
40 82 43.0
40 83 44.0
40 84 45.0
40 85 46.0
40 86 47.0
40 139 48.0
41 154 30.0
41 98 31.0
41 50 32.0
41 47 33.0
41 53 34.0
41 40 35.0
41 80 36.0
41 38 37.0
41 36 38.0
41 78 39.0
41 76 40.0
41 74 41.0
41 72 42.0
41 70 43.0
41 39 44.0
41 30 45.0
41 29 46.0
41 28 47.0
41 27 48.0
41 26 49.0
41 20 50.0
41 19 51.0
41 108 52.0
41 145 53.0
42 154 21.0
42 98 22.0
42 50 23.0
42 64 24.0
42 51 25.0
42 52 26.0
42 45 27.0
42 37 28.0
42 36 29.0
42 31 30.0
42 94 31.0
42 147 32.0
43 144 28.0
43 68 29.0
43 67 30.0
43 66 31.0
43 65 32.0
43 49 33.0
43 50 34.0
43 64 35.0
43 51 36.0
43 101 37.0
43 151 38.0
44 142 21.0
44 59 22.0
44 57 23.0
44 55 24.0
44 106 25.0
44 1 26.0
44 121 27.0
44 122 28.0
44 123 29.0
44 124 30.0
44 125 31.0
44 126 32.0
44 127 33.0
44 103 34.0
44 135 35.0
44 137 36.0
45 138 26.0
45 136 27.0
45 105 28.0
45 104 29.0
45 134 30.0
45 133 31.0
45 132 32.0
45 131 33.0
45 130 34.0
45 129 35.0
45 128 36.0
45 9 37.0
45 19 38.0
45 108 39.0
45 145 40.0
46 140 24.0
46 93 25.0
46 92 26.0
46 91 27.0
46 90 28.0
46 89 29.0
46 88 30.0
46 87 31.0
46 41 32.0
46 42 33.0
46 48 34.0
46 61 35.0
46 62 36.0
46 63 37.0
46 54 38.0
46 143 39.0
47 148 25.0
47 95 26.0
47 32 27.0
47 38 28.0
47 43 29.0
47 44 30.0
47 51 31.0
47 101 32.0
47 151 33.0
48 146 21.0
48 107 22.0
48 18 23.0
48 17 24.0
48 16 25.0
48 15 26.0
48 14 27.0
48 13 28.0
48 12 29.0
48 11 30.0
48 56 31.0
48 58 32.0
48 60 33.0
48 141 34.0
49 146 26.0
49 107 27.0
49 18 28.0
49 8 29.0
49 9 30.0
49 10 31.0
49 21 32.0
49 22 33.0
49 23 34.0
49 24 35.0
49 25 36.0
49 33 37.0
49 69 38.0
49 71 39.0
49 73 40.0
49 75 41.0
49 77 42.0
49 31 43.0
49 32 44.0
49 79 45.0
49 34 46.0
49 96 47.0
49 149 48.0
50 148 28.0
50 95 29.0
50 32 30.0
50 38 31.0
50 43 32.0
50 44 33.0
50 46 34.0
50 47 35.0
50 48 36.0
50 49 37.0
50 99 38.0
50 153 39.0
51 140 28.0
51 93 29.0
51 92 30.0
51 91 31.0
51 90 32.0
51 89 33.0
51 88 34.0
51 87 35.0
51 41 36.0
51 40 37.0
51 80 38.0
51 38 39.0
51 36 40.0
51 31 41.0
51 94 42.0
51 147 43.0
52 146 23.0
52 107 24.0
52 18 25.0
52 17 26.0
52 16 27.0
52 15 28.0
52 14 29.0
52 13 30.0
52 12 31.0
52 11 32.0
52 56 33.0
52 58 34.0
52 60 35.0
52 141 36.0
53 148 23.0
53 95 24.0
53 32 25.0
53 38 26.0
53 43 27.0
53 44 28.0
53 51 29.0
53 101 30.0
53 151 31.0
54 140 30.0
54 93 31.0
54 92 32.0
54 91 33.0
54 90 34.0
54 89 35.0
54 88 36.0
54 87 37.0
54 41 38.0
54 42 39.0
54 48 40.0
54 49 41.0
54 99 42.0
54 153 43.0
55 142 30.0
55 59 31.0
55 57 32.0
55 55 33.0
55 106 34.0
55 1 35.0
55 121 36.0
55 122 37.0
55 123 38.0
55 124 39.0
55 125 40.0
55 126 41.0
55 127 42.0
55 103 43.0
55 135 44.0
55 137 45.0
56 150 23.0
56 97 24.0
56 35 25.0
56 41 26.0
56 42 27.0
56 48 28.0
56 49 29.0
56 99 30.0
56 153 31.0
57 150 27.0
57 97 28.0
57 35 29.0
57 41 30.0
57 40 31.0
57 80 32.0
57 38 33.0
57 36 34.0
57 78 35.0
57 76 36.0
57 74 37.0
57 72 38.0
57 70 39.0
57 39 40.0
57 30 41.0
57 29 42.0
57 28 43.0
57 27 44.0
57 26 45.0
57 20 46.0
57 19 47.0
57 108 48.0
57 145 49.0
58 154 24.0
58 98 25.0
58 50 26.0
58 47 27.0
58 53 28.0
58 40 29.0
58 34 30.0
58 35 31.0
58 81 32.0
58 82 33.0
58 83 34.0
58 84 35.0
58 85 36.0
58 86 37.0
58 139 38.0
59 152 22.0
59 100 23.0
59 52 24.0
59 45 25.0
59 37 26.0
59 36 27.0
59 31 28.0
59 94 29.0
59 147 30.0
60 138 31.0
60 136 32.0
60 105 33.0
60 104 34.0
60 102 35.0
60 114 36.0
60 113 37.0
60 112 38.0
60 111 39.0
60 110 40.0
60 109 41.0
60 2 42.0
60 11 43.0
60 56 44.0
60 58 45.0
60 60 46.0
60 141 47.0
61 144 50.0
61 68 51.0
61 67 52.0
61 66 53.0
61 65 54.0
61 49 55.0
61 50 56.0
61 47 57.0
61 53 58.0
61 40 59.0
61 34 60.0
61 35 61.0
61 81 62.0
61 82 63.0
61 83 64.0
61 84 65.0
61 85 66.0
61 86 67.0
61 139 68.0
62 144 34.0
62 68 35.0
62 67 36.0
62 66 37.0
62 65 38.0
62 49 39.0
62 50 40.0
62 47 41.0
62 53 42.0
62 40 43.0
62 34 44.0
62 35 45.0
62 81 46.0
62 82 47.0
62 83 48.0
62 84 49.0
62 85 50.0
62 86 51.0
62 139 52.0
63 138 33.0
63 136 34.0
63 105 35.0
63 104 36.0
63 102 37.0
63 114 38.0
63 113 39.0
63 112 40.0
63 111 41.0
63 110 42.0
63 109 43.0
63 2 44.0
63 11 45.0
63 56 46.0
63 58 47.0
63 60 48.0
63 141 49.0
64 138 42.0
64 136 43.0
64 105 44.0
64 104 45.0
64 134 46.0
64 133 47.0
64 132 48.0
64 131 49.0
64 130 50.0
64 129 51.0
64 128 52.0
64 9 53.0
64 19 54.0
64 108 55.0
64 145 56.0
65 152 39.0
65 100 40.0
65 52 41.0
65 45 42.0
65 44 43.0
65 46 44.0
65 47 45.0
65 48 46.0
65 49 47.0
65 99 48.0
65 153 49.0
66 140 48.0
66 93 49.0
66 92 50.0
66 91 51.0
66 90 52.0
66 89 53.0
66 88 54.0
66 87 55.0
66 41 56.0
66 40 57.0
66 34 58.0
66 96 59.0
66 149 60.0
67 138 40.0
67 136 41.0
67 105 42.0
67 104 43.0
67 102 44.0
67 114 45.0
67 113 46.0
67 112 47.0
67 111 48.0
67 110 49.0
67 109 50.0
67 2 51.0
67 11 52.0
67 56 53.0
67 58 54.0
67 60 55.0
67 141 56.0
68 140 38.0
68 93 39.0
68 92 40.0
68 91 41.0
68 90 42.0
68 89 43.0
68 88 44.0
68 87 45.0
68 41 46.0
68 40 47.0
68 34 48.0
68 96 49.0
68 149 50.0
69 144 40.0
69 68 41.0
69 67 42.0
69 66 43.0
69 65 44.0
69 49 45.0
69 50 46.0
69 47 47.0
69 53 48.0
69 40 49.0
69 34 50.0
69 35 51.0
69 81 52.0
69 82 53.0
69 83 54.0
69 84 55.0
69 85 56.0
69 86 57.0
69 139 58.0
70 150 37.0
70 97 38.0
70 35 39.0
70 41 40.0
70 40 41.0
70 80 42.0
70 38 43.0
70 36 44.0
70 31 45.0
70 94 46.0
70 147 47.0
71 144 44.0
71 68 45.0
71 67 46.0
71 66 47.0
71 65 48.0
71 49 49.0
71 50 50.0
71 47 51.0
71 53 52.0
71 40 53.0
71 34 54.0
71 96 55.0
71 149 56.0
72 154 40.0
72 98 41.0
72 50 42.0
72 47 43.0
72 48 44.0
72 61 45.0
72 62 46.0
72 63 47.0
72 54 48.0
72 143 49.0
73 138 35.0
73 136 36.0
73 105 37.0
73 104 38.0
73 102 39.0
73 114 40.0
73 113 41.0
73 112 42.0
73 111 43.0
73 110 44.0
73 109 45.0
73 2 46.0
73 11 47.0
73 56 48.0
73 58 49.0
73 60 50.0
73 141 51.0
74 144 46.0
74 68 47.0
74 67 48.0
74 66 49.0
74 65 50.0
74 49 51.0
74 50 52.0
74 47 53.0
74 53 54.0
74 40 55.0
74 80 56.0
74 38 57.0
74 36 58.0
74 31 59.0
74 94 60.0
74 147 61.0
75 150 45.0
75 97 46.0
75 35 47.0
75 41 48.0
75 42 49.0
75 48 50.0
75 61 51.0
75 62 52.0
75 63 53.0
75 54 54.0
75 143 55.0
76 142 40.0
76 59 41.0
76 57 42.0
76 55 43.0
76 106 44.0
76 1 45.0
76 121 46.0
76 122 47.0
76 123 48.0
76 124 49.0
76 125 50.0
76 126 51.0
76 127 52.0
76 103 53.0
76 135 54.0
76 137 55.0
77 148 32.0
77 95 33.0
77 32 34.0
77 38 35.0
77 43 36.0
77 44 37.0
77 51 38.0
77 101 39.0
77 151 40.0
78 150 47.0
78 97 48.0
78 35 49.0
78 41 50.0
78 42 51.0
78 48 52.0
78 61 53.0
78 62 54.0
78 63 55.0
78 54 56.0
78 143 57.0
79 138 37.0
79 136 38.0
79 105 39.0
79 104 40.0
79 134 41.0
79 133 42.0
79 132 43.0
79 131 44.0
79 130 45.0
79 129 46.0
79 128 47.0
79 9 48.0
79 19 49.0
79 108 50.0
79 145 51.0
80 142 42.0
80 59 43.0
80 57 44.0
80 55 45.0
80 106 46.0
80 1 47.0
80 121 48.0
80 122 49.0
80 123 50.0
80 124 51.0
80 125 52.0
80 126 53.0
80 127 54.0
80 103 55.0
80 135 56.0
80 137 57.0
81 138 44.0
81 136 45.0
81 105 46.0
81 104 47.0
81 134 48.0
81 133 49.0
81 132 50.0
81 131 51.0
81 130 52.0
81 129 53.0
81 128 54.0
81 9 55.0
81 19 56.0
81 108 57.0
81 145 58.0
83 140 50.0
83 93 51.0
83 92 52.0
83 91 53.0
83 90 54.0
83 89 55.0
83 88 56.0
83 87 57.0
83 41 58.0
83 42 59.0
83 48 60.0
83 49 61.0
83 99 62.0
83 153 63.0
84 138 48.0
84 136 49.0
84 105 50.0
84 104 51.0
84 134 52.0
84 133 53.0
84 132 54.0
84 131 55.0
84 130 56.0
84 129 57.0
84 128 58.0
84 9 59.0
84 19 60.0
84 108 61.0
84 145 62.0
85 148 46.0
85 95 47.0
85 32 48.0
85 38 49.0
85 43 50.0
85 44 51.0
85 51 52.0
85 101 53.0
85 151 54.0
86 142 44.0
86 59 45.0
86 57 46.0
86 55 47.0
86 106 48.0
86 1 49.0
86 121 50.0
86 122 51.0
86 123 52.0
86 124 53.0
86 125 54.0
86 126 55.0
86 127 56.0
86 103 57.0
86 135 58.0
86 137 59.0
88 138 50.0
88 136 51.0
88 105 52.0
88 104 53.0
88 134 54.0
88 133 55.0
88 132 56.0
88 131 57.0
88 130 58.0
88 129 59.0
88 128 60.0
88 9 61.0
88 19 62.0
88 108 63.0
88 145 64.0
91 140 44.0
91 93 45.0
91 92 46.0
91 91 47.0
91 90 48.0
91 89 49.0
91 88 50.0
91 87 51.0
91 41 52.0
91 42 53.0
91 48 54.0
91 61 55.0
91 62 56.0
91 63 57.0
91 54 58.0
91 143 59.0
92 152 41.0
92 100 42.0
92 52 43.0
92 45 44.0
92 37 45.0
92 36 46.0
92 31 47.0
92 94 48.0
92 147 49.0
93 144 48.0
93 68 49.0
93 67 50.0
93 66 51.0
93 65 52.0
93 49 53.0
93 50 54.0
93 64 55.0
93 51 56.0
93 101 57.0
93 151 58.0
94 154 42.0
94 98 43.0
94 50 44.0
94 64 45.0
94 51 46.0
94 52 47.0
94 45 48.0
94 37 49.0
94 36 50.0
94 31 51.0
94 94 52.0
94 147 53.0
97 152 49.0
97 100 50.0
97 52 51.0
97 45 52.0
97 44 53.0
97 46 54.0
97 47 55.0
97 48 56.0
97 49 57.0
97 99 58.0
97 153 59.0
98 152 43.0
98 100 44.0
98 52 45.0
98 45 46.0
98 44 47.0
98 46 48.0
98 47 49.0
98 53 50.0
98 40 51.0
98 34 52.0
98 96 53.0
98 149 54.0
99 154 12
99 98 13.0
99 50 14.0
99 47 15.0
99 53 16.0
99 40 17.0
99 80 18.0
99 38 19.0
99 36 20.0
99 78 21.0
99 76 22.0
99 74 23.0
99 72 24.0
99 70 25.0
99 39 26.0
99 30 27.0
99 29 28.0
99 28 29.0
99 27 30.0
99 26 31.0
99 20 32.0
99 19 33.0
99 108 34.0
99 145 35.0
;
set fixedFlights :=
2 9 10
12 9 10
19 9 10
49 9 10
2 8 9
12 8 9
19 8 9
49 8 9
35 12 11
48 12 11
52 12 11
35 13 12
48 13 12
52 13 12
35 14 13
48 14 13
52 14 13
35 15 14
48 15 14
52 15 14
35 16 15
48 16 15
52 16 15
35 17 16
48 17 16
52 17 16
35 18 17
48 18 17
52 18 17
13 20 19
37 20 19
41 20 19
57 20 19
99 20 19
2 10 21
12 10 21
19 10 21
49 10 21
2 21 22
12 21 22
19 21 22
49 21 22
2 22 23
12 22 23
19 22 23
49 22 23
2 23 24
12 23 24
19 23 24
49 23 24
2 24 25
12 24 25
19 24 25
49 24 25
13 26 20
37 26 20
41 26 20
57 26 20
99 26 20
13 27 26
37 27 26
41 27 26
57 27 26
99 27 26
13 28 27
37 28 27
41 28 27
57 28 27
99 28 27
13 29 28
37 29 28
41 29 28
57 29 28
99 29 28
13 30 29
37 30 29
41 30 29
57 30 29
99 30 29
0 34 35
6 34 35
21 34 35
34 34 35
40 34 35
58 34 35
61 34 35
62 34 35
69 34 35
4 36 31
42 36 31
51 36 31
59 36 31
70 36 31
74 36 31
92 36 31
94 36 31
4 37 36
13 37 36
42 37 36
59 37 36
74 37 36
92 37 36
94 37 36
14 41 40
29 41 40
37 41 40
51 41 40
57 41 40
66 41 40
68 41 40
70 41 40
27 35 41
34 35 41
37 35 41
56 35 41
57 35 41
70 35 41
75 35 41
78 35 41
9 41 42
15 41 42
27 41 42
34 41 42
46 41 42
54 41 42
56 41 42
75 41 42
78 41 42
83 41 42
91 41 42
2 32 38
17 32 38
23 32 38
36 32 38
47 32 38
50 32 38
53 32 38
77 32 38
85 32 38
2 38 43
17 38 43
23 38 43
36 38 43
47 38 43
50 38 43
53 38 43
77 38 43
85 38 43
2 43 44
17 43 44
23 43 44
36 43 44
47 43 44
50 43 44
53 43 44
77 43 44
85 43 44
4 45 37
13 45 37
42 45 37
59 45 37
74 45 37
92 45 37
94 45 37
2 31 32
19 31 32
49 31 32
25 45 44
65 45 44
97 45 44
98 45 44
17 44 46
25 44 46
36 44 46
50 44 46
65 44 46
97 44 46
98 44 46
17 46 47
25 46 47
36 46 47
50 46 47
65 46 47
97 46 47
98 46 47
17 47 48
22 47 48
25 47 48
36 47 48
50 47 48
65 47 48
72 47 48
97 47 48
9 42 48
15 42 48
27 42 48
34 42 48
46 42 48
54 42 48
56 42 48
75 42 48
78 42 48
83 42 48
91 42 48
10 49 50
31 49 50
40 49 50
43 49 50
61 49 50
62 49 50
69 49 50
71 49 50
74 49 50
93 49 50
42 51 52
74 51 52
94 51 52
4 52 45
13 52 45
25 52 45
42 52 45
59 52 45
65 52 45
74 52 45
92 52 45
94 52 45
97 52 45
98 52 45
2 44 51
23 44 51
47 44 51
53 44 51
77 44 51
85 44 51
17 48 49
34 48 49
36 48 49
50 48 49
54 48 49
56 48 49
65 48 49
83 48 49
97 48 49
0 50 47
10 50 47
21 50 47
22 50 47
40 50 47
41 50 47
58 50 47
61 50 47
62 50 47
69 50 47
71 50 47
72 50 47
99 50 47
0 47 53
10 47 53
21 47 53
40 47 53
41 47 53
58 47 53
61 47 53
62 47 53
69 47 53
71 47 53
98 47 53
99 47 53
0 53 40
10 53 40
21 53 40
40 53 40
41 53 40
58 53 40
61 53 40
62 53 40
69 53 40
71 53 40
98 53 40
99 53 40
0 40 34
10 40 34
14 40 34
21 40 34
29 40 34
40 40 34
58 40 34
61 40 34
62 40 34
66 40 34
68 40 34
69 40 34
71 40 34
98 40 34
9 54 143
15 54 143
22 54 143
25 54 143
27 54 143
46 54 143
72 54 143
75 54 143
78 54 143
91 54 143
1 57 55
11 57 55
18 57 55
20 57 55
24 57 55
32 57 55
33 57 55
39 57 55
44 57 55
55 57 55
76 57 55
80 57 55
86 57 55
35 56 58
48 56 58
52 56 58
60 56 58
63 56 58
67 56 58
73 56 58
1 59 57
11 59 57
18 59 57
20 59 57
24 59 57
32 59 57
33 59 57
39 59 57
44 59 57
55 59 57
76 59 57
80 59 57
86 59 57
35 58 60
48 58 60
52 58 60
60 58 60
63 58 60
67 58 60
73 58 60
35 60 141
48 60 141
52 60 141
60 60 141
63 60 141
67 60 141
73 60 141
1 142 59
11 142 59
18 142 59
20 142 59
24 142 59
32 142 59
33 142 59
39 142 59
44 142 59
55 142 59
76 142 59
80 142 59
86 142 59
9 48 61
15 48 61
22 48 61
25 48 61
27 48 61
46 48 61
72 48 61
75 48 61
78 48 61
91 48 61
9 61 62
15 61 62
22 61 62
25 61 62
27 61 62
46 61 62
72 61 62
75 61 62
78 61 62
91 61 62
9 62 63
15 62 63
22 62 63
25 62 63
27 62 63
46 62 63
72 62 63
75 62 63
78 62 63
91 62 63
10 66 65
31 66 65
40 66 65
43 66 65
61 66 65
62 66 65
69 66 65
71 66 65
74 66 65
93 66 65
10 67 66
31 67 66
40 67 66
43 67 66
61 67 66
62 67 66
69 67 66
71 67 66
74 67 66
93 67 66
10 68 67
31 68 67
40 68 67
43 68 67
61 68 67
62 68 67
69 68 67
71 68 67
74 68 67
93 68 67
10 144 68
31 144 68
40 144 68
43 144 68
61 144 68
62 144 68
69 144 68
71 144 68
74 144 68
93 144 68
31 64 51
42 64 51
43 64 51
74 64 51
93 64 51
94 64 51
9 63 54
15 63 54
22 63 54
25 63 54
27 63 54
46 63 54
72 63 54
75 63 54
78 63 54
91 63 54
10 65 49
31 65 49
40 65 49
43 65 49
61 65 49
62 65 49
69 65 49
71 65 49
74 65 49
93 65 49
31 50 64
42 50 64
43 50 64
74 50 64
93 50 64
94 50 64
2 25 33
12 25 33
19 25 33
49 25 33
2 33 69
12 33 69
19 33 69
49 33 69
2 69 71
12 69 71
19 69 71
49 69 71
2 71 73
12 71 73
19 71 73
49 71 73
2 73 75
12 73 75
19 73 75
49 73 75
2 75 77
12 75 77
19 75 77
49 75 77
2 77 31
12 77 31
19 77 31
49 77 31
37 40 80
41 40 80
51 40 80
57 40 80
70 40 80
99 40 80
37 80 38
41 80 38
51 80 38
57 80 38
70 80 38
99 80 38
37 38 36
41 38 36
51 38 36
57 38 36
70 38 36
99 38 36
13 36 78
37 36 78
41 36 78
57 36 78
99 36 78
13 78 76
37 78 76
41 78 76
57 78 76
99 78 76
13 76 74
37 76 74
41 76 74
57 76 74
99 76 74
13 74 72
37 74 72
41 74 72
57 74 72
99 74 72
13 72 70
37 72 70
41 72 70
57 72 70
99 72 70
13 70 39
37 70 39
41 70 39
57 70 39
99 70 39
13 39 30
37 39 30
41 39 30
57 39 30
99 39 30
6 32 79
19 32 79
34 32 79
49 32 79
6 79 34
19 79 34
34 79 34
49 79 34
6 148 95
17 148 95
23 148 95
34 148 95
36 148 95
47 148 95
50 148 95
53 148 95
77 148 95
85 148 95
4 94 147
12 94 147
42 94 147
51 94 147
59 94 147
70 94 147
74 94 147
92 94 147
94 94 147
4 152 100
13 152 100
25 152 100
59 152 100
65 152 100
92 152 100
97 152 100
98 152 100
2 101 151
23 101 151
31 101 151
43 101 151
47 101 151
53 101 151
77 101 151
85 101 151
93 101 151
0 154 98
21 154 98
22 154 98
41 154 98
42 154 98
58 154 98
72 154 98
94 154 98
99 154 98
17 99 153
34 99 153
36 99 153
50 99 153
54 99 153
56 99 153
65 99 153
83 99 153
97 99 153
10 96 149
14 96 149
19 96 149
29 96 149
49 96 149
66 96 149
68 96 149
71 96 149
98 96 149
27 150 97
37 150 97
56 150 97
57 150 97
70 150 97
75 150 97
78 150 97
27 97 35
37 97 35
56 97 35
57 97 35
70 97 35
75 97 35
78 97 35
6 95 32
17 95 32
23 95 32
34 95 32
36 95 32
47 95 32
50 95 32
53 95 32
77 95 32
85 95 32
4 31 94
12 31 94
42 31 94
51 31 94
59 31 94
70 31 94
74 31 94
92 31 94
94 31 94
10 34 96
14 34 96
19 34 96
29 34 96
49 34 96
66 34 96
68 34 96
71 34 96
98 34 96
2 51 101
23 51 101
31 51 101
43 51 101
47 51 101
53 51 101
77 51 101
85 51 101
93 51 101
4 100 52
13 100 52
25 100 52
59 100 52
65 100 52
92 100 52
97 100 52
98 100 52
0 98 50
21 98 50
22 98 50
41 98 50
42 98 50
58 98 50
72 98 50
94 98 50
99 98 50
17 49 99
34 49 99
36 49 99
50 49 99
54 49 99
56 49 99
65 49 99
83 49 99
97 49 99
0 35 81
6 35 81
21 35 81
40 35 81
58 35 81
61 35 81
62 35 81
69 35 81
0 81 82
6 81 82
21 81 82
40 81 82
58 81 82
61 81 82
62 81 82
69 81 82
0 82 83
6 82 83
21 82 83
40 82 83
58 82 83
61 82 83
62 82 83
69 82 83
0 83 84
6 83 84
21 83 84
40 83 84
58 83 84
61 83 84
62 83 84
69 83 84
0 84 85
6 84 85
21 84 85
40 84 85
58 84 85
61 84 85
62 84 85
69 84 85
0 85 86
6 85 86
21 85 86
40 85 86
58 85 86
61 85 86
62 85 86
69 85 86
9 93 92
14 93 92
15 93 92
29 93 92
46 93 92
51 93 92
54 93 92
66 93 92
68 93 92
83 93 92
91 93 92
9 92 91
14 92 91
15 92 91
29 92 91
46 92 91
51 92 91
54 92 91
66 92 91
68 92 91
83 92 91
91 92 91
9 91 90
14 91 90
15 91 90
29 91 90
46 91 90
51 91 90
54 91 90
66 91 90
68 91 90
83 91 90
91 91 90
9 90 89
14 90 89
15 90 89
29 90 89
46 90 89
51 90 89
54 90 89
66 90 89
68 90 89
83 90 89
91 90 89
9 89 88
14 89 88
15 89 88
29 89 88
46 89 88
51 89 88
54 89 88
66 89 88
68 89 88
83 89 88
91 89 88
9 88 87
14 88 87
15 88 87
29 88 87
46 88 87
51 88 87
54 88 87
66 88 87
68 88 87
83 88 87
91 88 87
9 87 41
14 87 41
15 87 41
29 87 41
46 87 41
51 87 41
54 87 41
66 87 41
68 87 41
83 87 41
91 87 41
0 86 139
6 86 139
21 86 139
40 86 139
58 86 139
61 86 139
62 86 139
69 86 139
9 140 93
14 140 93
15 140 93
29 140 93
46 140 93
51 140 93
54 140 93
66 140 93
68 140 93
83 140 93
91 140 93
13 108 145
30 108 145
37 108 145
38 108 145
41 108 145
45 108 145
57 108 145
64 108 145
79 108 145
81 108 145
84 108 145
88 108 145
99 108 145
2 146 107
12 146 107
16 146 107
19 146 107
28 146 107
35 146 107
48 146 107
49 146 107
52 146 107
35 11 56
48 11 56
52 11 56
60 11 56
63 11 56
67 11 56
73 11 56
60 2 11
63 2 11
67 2 11
73 2 11
2 107 18
12 107 18
16 107 18
19 107 18
28 107 18
35 107 18
48 107 18
49 107 18
52 107 18
2 18 8
12 18 8
16 18 8
19 18 8
28 18 8
49 18 8
30 9 19
38 9 19
45 9 19
64 9 19
79 9 19
81 9 19
84 9 19
88 9 19
13 19 108
30 19 108
37 19 108
38 19 108
41 19 108
45 19 108
57 19 108
64 19 108
79 19 108
81 19 108
84 19 108
88 19 108
99 19 108
1 55 106
11 55 106
18 55 106
20 55 106
24 55 106
32 55 106
33 55 106
39 55 106
44 55 106
55 55 106
76 55 106
80 55 106
86 55 106
1 106 1
11 106 1
18 106 1
20 106 1
24 106 1
32 106 1
33 106 1
39 106 1
44 106 1
55 106 1
76 106 1
80 106 1
86 106 1
1 1 121
11 1 121
18 1 121
20 1 121
24 1 121
32 1 121
33 1 121
39 1 121
44 1 121
55 1 121
76 1 121
80 1 121
86 1 121
1 121 122
11 121 122
18 121 122
20 121 122
24 121 122
32 121 122
33 121 122
39 121 122
44 121 122
55 121 122
76 121 122
80 121 122
86 121 122
60 109 2
63 109 2
67 109 2
73 109 2
60 110 109
63 110 109
67 110 109
73 110 109
60 104 102
63 104 102
67 104 102
73 104 102
60 102 114
63 102 114
67 102 114
73 102 114
16 115 102
28 115 102
16 102 103
28 102 103
30 105 104
38 105 104
45 105 104
60 105 104
63 105 104
64 105 104
67 105 104
73 105 104
79 105 104
81 105 104
84 105 104
88 105 104
30 104 134
38 104 134
45 104 134
64 104 134
79 104 134
81 104 134
84 104 134
88 104 134
30 134 133
38 134 133
45 134 133
64 134 133
79 134 133
81 134 133
84 134 133
88 134 133
16 116 115
28 116 115
16 8 117
28 8 117
16 117 118
28 117 118
16 118 119
28 118 119
16 119 120
28 119 120
16 120 116
28 120 116
30 133 132
38 133 132
45 133 132
64 133 132
79 133 132
81 133 132
84 133 132
88 133 132
30 132 131
38 132 131
45 132 131
64 132 131
79 132 131
81 132 131
84 132 131
88 132 131
30 131 130
38 131 130
45 131 130
64 131 130
79 131 130
81 131 130
84 131 130
88 131 130
30 130 129
38 130 129
45 130 129
64 130 129
79 130 129
81 130 129
84 130 129
88 130 129
30 129 128
38 129 128
45 129 128
64 129 128
79 129 128
81 129 128
84 129 128
88 129 128
30 128 9
38 128 9
45 128 9
64 128 9
79 128 9
81 128 9
84 128 9
88 128 9
1 122 123
11 122 123
18 122 123
20 122 123
24 122 123
32 122 123
33 122 123
39 122 123
44 122 123
55 122 123
76 122 123
80 122 123
86 122 123
1 123 124
11 123 124
18 123 124
20 123 124
24 123 124
32 123 124
33 123 124
39 123 124
44 123 124
55 123 124
76 123 124
80 123 124
86 123 124
1 124 125
11 124 125
18 124 125
20 124 125
24 124 125
32 124 125
33 124 125
39 124 125
44 124 125
55 124 125
76 124 125
80 124 125
86 124 125
1 125 126
11 125 126
18 125 126
20 125 126
24 125 126
32 125 126
33 125 126
39 125 126
44 125 126
55 125 126
76 125 126
80 125 126
86 125 126
1 126 127
11 126 127
18 126 127
20 126 127
24 126 127
32 126 127
33 126 127
39 126 127
44 126 127
55 126 127
76 126 127
80 126 127
86 126 127
1 127 103
11 127 103
18 127 103
20 127 103
24 127 103
32 127 103
33 127 103
39 127 103
44 127 103
55 127 103
76 127 103
80 127 103
86 127 103
60 114 113
63 114 113
67 114 113
73 114 113
60 113 112
63 113 112
67 113 112
73 113 112
60 112 111
63 112 111
67 112 111
73 112 111
60 111 110
63 111 110
67 111 110
73 111 110
1 103 135
11 103 135
16 103 135
18 103 135
20 103 135
24 103 135
28 103 135
32 103 135
33 103 135
39 103 135
44 103 135
55 103 135
76 103 135
80 103 135
86 103 135
1 135 137
11 135 137
16 135 137
18 135 137
20 135 137
24 135 137
28 135 137
32 135 137
33 135 137
39 135 137
44 135 137
55 135 137
76 135 137
80 135 137
86 135 137
30 138 136
38 138 136
45 138 136
60 138 136
63 138 136
64 138 136
67 138 136
73 138 136
79 138 136
81 138 136
84 138 136
88 138 136
30 136 105
38 136 105
45 136 105
60 136 105
63 136 105
64 136 105
67 136 105
73 136 105
79 136 105
81 136 105
84 136 105
88 136 105
;
;
set inFlight:=
0
1
2
3
4
6
9
10
11
12
13
14
15
16
17
18
19
23
24
28
;
set passedFreeF:=
3 144 68
3 68 67
3 67 66
3 66 65
3 65 49
3 49 50
3 50 47
3 47 53
3 53 40
3 40 34
3 34 96
3 96 149
26 154 98
26 98 50
26 50 47
26 47 53
26 53 40
26 40 34
26 34 35
26 35 81
26 81 82
26 82 83
26 83 84
26 84 85
26 85 86
26 86 139
;
param tini := 10.79967505158756;
