param nn:= 155;
set F:=
0
2
3
4
5
6
7
8
9
10
11
12
13
14
15
16
17
19
20
21
22
23
24
25
26
27
28
30
31
32
33
34
35
36
37
38
39
40
41
42
43
44
45
46
47
48
49
50
51
52
53
54
55
56
57
58
59
60
61
63
64
65
66
67
68
69
70
71
72
73
74
75
76
77
78
79
80
81
82
83
85
86
87
88
92
95
96
97
98
99
;
set AP:=
99
;
param: E: d:=
2 3 2.500000
3 4 2.500000
4 5 2.500000
5 6 2.500000
6 7 2.500000
7 0 2.500000
0 8 2.500000
9 10 2.500000
8 9 2.500000
12 11 2.500000
13 12 2.500000
14 13 2.500000
15 14 2.500000
16 15 2.500000
17 16 2.500000
18 17 2.500000
19 18 2.500000
20 19 2.500000
10 21 2.500000
21 22 2.500000
22 23 2.500000
23 24 2.500000
24 25 2.500000
26 20 2.500000
27 26 2.500000
28 27 2.500000
29 28 2.500000
30 29 2.500000
34 35 2.500000
36 31 2.500000
37 36 2.500000
41 40 2.500000
35 41 2.500000
41 42 2.500000
32 38 2.500000
38 43 2.500000
43 44 2.500000
45 37 2.500000
31 32 2.500000
45 44 2.500000
44 46 2.500000
46 47 2.500000
47 48 2.500000
42 48 2.500000
49 50 2.500000
51 52 2.500000
52 45 2.500000
44 51 2.500000
48 49 2.500000
50 47 2.500000
47 53 2.500000
53 40 2.500000
40 34 2.500000
54 143 1.500000
57 55 2.500000
56 58 2.500000
59 57 2.500000
58 60 2.500000
60 141 1.500000
142 59 1.500000
48 61 2.500000
61 62 2.500000
62 63 2.500000
66 65 2.500000
67 66 2.500000
68 67 2.500000
144 68 1.500000
2 1 2.500000
64 51 2.500000
63 54 2.500000
65 49 2.500000
50 64 2.500000
25 33 2.500000
33 69 2.500000
69 71 2.500000
71 73 2.500000
73 75 2.500000
75 77 2.500000
77 31 2.500000
40 80 2.500000
80 38 2.500000
38 36 2.500000
36 78 2.500000
78 76 2.500000
76 74 2.500000
74 72 2.500000
72 70 2.500000
70 39 2.500000
39 30 2.500000
32 79 2.500000
79 34 2.500000
148 95 1.500000
94 147 1.500000
152 100 1.500000
101 151 1.500000
154 98 1.500000
99 153 1.500000
96 149 1.500000
150 97 1.500000
97 35 2.500000
95 32 2.500000
31 94 2.500000
34 96 2.500000
51 101 2.500000
100 52 2.500000
98 50 2.500000
49 99 2.500000
35 81 2.500000
81 82 2.500000
82 83 2.500000
83 84 2.500000
84 85 2.500000
85 86 2.500000
93 92 2.500000
92 91 2.500000
91 90 2.500000
90 89 2.500000
89 88 2.500000
88 87 2.500000
87 41 2.500000
86 139 1.500000
140 93 1.500000
108 145 1.500000
146 107 1.500000
11 56 2.500000
2 11 2.500000
107 18 2.500000
18 8 2.500000
9 19 2.500000
19 108 2.500000
55 106 2.500000
106 1 2.500000
1 121 2.500000
121 122 2.500000
109 2 2.500000
110 109 2.500000
104 102 2.500000
102 114 2.500000
115 102 2.500000
102 103 2.500000
105 104 2.500000
104 134 2.500000
134 133 2.500000
103 105 2.500000
116 115 2.500000
8 117 2.500000
117 118 2.500000
118 119 2.500000
119 120 2.500000
120 116 2.500000
133 132 2.500000
132 131 2.500000
131 130 2.500000
130 129 2.500000
129 128 2.500000
128 9 2.500000
122 123 2.500000
123 124 2.500000
124 125 2.500000
125 126 2.500000
126 127 2.500000
127 103 2.500000
114 113 2.500000
113 112 2.500000
112 111 2.500000
111 110 2.500000
103 135 2.500000
135 137 1.500000
138 136 1.500000
136 105 2.500000
;
param s:=
0 152
2 138
3 146
4 152
5 148
6 150
7 140
8 140
9 148
10 140
11 146
12 140
13 138
14 140
15 142
16 138
17 148
19 148
20 142
21 144
22 148
23 144
24 146
25 140
26 146
27 144
28 142
30 144
31 154
32 140
33 150
34 152
35 148
36 140
37 140
38 150
39 140
40 148
41 152
42 154
43 142
44 138
45 138
46 150
47 138
48 154
49 150
50 138
51 154
52 154
53 154
54 142
55 154
56 148
57 146
58 150
59 148
60 152
61 154
63 138
64 150
65 148
66 152
67 146
68 138
69 150
70 140
71 144
72 138
73 142
74 154
75 150
76 146
77 144
78 138
79 146
80 148
81 142
82 148
83 142
85 152
86 138
87 138
88 146
92 138
95 140
96 144
97 138
98 152
99 152
;
param e:=
0 153
2 145
3 151
4 153
5 151
6 139
7 149
8 151
9 139
10 151
11 151
12 153
13 145
14 153
15 137
16 141
17 151
19 151
20 137
21 149
22 151
23 139
24 141
25 151
26 149
27 153
28 137
30 139
31 149
32 147
33 153
34 145
35 143
36 153
37 153
38 151
39 147
40 143
41 149
42 145
43 137
44 141
45 141
46 143
47 145
48 139
49 143
50 141
51 147
52 143
53 149
54 137
55 147
56 151
57 141
58 153
59 139
60 145
61 139
63 145
64 139
65 151
66 143
67 147
68 141
69 139
70 153
71 151
72 145
73 137
74 147
75 151
76 137
77 149
78 145
79 151
80 139
81 137
82 153
83 137
85 153
86 141
87 141
88 141
92 141
95 143
96 139
97 145
98 147
99 153
;
param v_min:=2.375
;
param v_max:=2.625
;
param :conflictsNodes: angle:=
0 7 8 1.000000
0 8 7 1.000000
1 2 121 1.154701
1 121 2 1.154701
1 2 106 1.000000
1 106 2 1.000000
1 106 121 1.000000
1 121 106 1.000000
2 3 11 1.000000
2 11 3 1.000000
2 3 109 1.154701
2 109 3 1.154701
2 1 3 1.000000
2 3 1 1.000000
2 1 11 1.000000
2 11 1 1.000000
2 1 109 1.000000
2 109 1 1.000000
2 11 109 1.000000
2 109 11 1.000000
3 2 4 1.000000
3 4 2 1.000000
4 3 5 1.000000
4 5 3 1.000000
5 4 6 1.000000
5 6 4 1.000000
6 5 7 1.000000
6 7 5 1.000000
7 0 6 1.000000
7 6 0 1.000000
8 0 9 1.000000
8 9 0 1.000000
8 0 117 1.154701
8 117 0 1.154701
8 0 18 1.000000
8 18 0 1.000000
8 9 117 1.000000
8 117 9 1.000000
8 9 18 1.000000
8 18 9 1.000000
8 18 117 1.000000
8 117 18 1.000000
9 8 10 1.000000
9 10 8 1.000000
9 8 19 1.000000
9 19 8 1.000000
9 8 128 1.154701
9 128 8 1.154701
9 10 19 1.000000
9 19 10 1.000000
9 10 128 1.000000
9 128 10 1.000000
9 19 128 1.000000
9 128 19 1.000000
10 9 21 1.000000
10 21 9 1.000000
11 2 12 1.000000
11 12 2 1.000000
11 2 56 1.000000
11 56 2 1.000000
11 12 56 1.000000
11 56 12 1.000000
12 11 13 1.000000
12 13 11 1.000000
13 12 14 1.000000
13 14 12 1.000000
14 13 15 1.000000
14 15 13 1.000000
15 14 16 1.000000
15 16 14 1.000000
16 15 17 1.000000
16 17 15 1.000000
17 16 18 1.000000
17 18 16 1.000000
18 17 19 1.000000
18 19 17 1.000000
18 17 107 1.000000
18 107 17 1.000000
18 8 17 1.000000
18 17 8 1.000000
18 8 19 1.000000
18 19 8 1.000000
18 8 107 1.000000
18 107 8 1.000000
18 19 107 1.000000
18 107 19 1.000000
19 9 18 1.000000
19 18 9 1.000000
19 9 108 1.000000
19 108 9 1.000000
19 9 20 1.000000
19 20 9 1.000000
19 18 108 1.000000
19 108 18 1.000000
19 18 20 1.000000
19 20 18 1.000000
19 20 108 1.000000
19 108 20 1.000000
20 19 26 1.000000
20 26 19 1.000000
21 10 22 1.000000
21 22 10 1.000000
22 21 23 1.000000
22 23 21 1.000000
23 22 24 1.000000
23 24 22 1.000000
24 23 25 1.000000
24 25 23 1.000000
25 24 33 1.000000
25 33 24 1.000000
26 20 27 1.000000
26 27 20 1.000000
27 26 28 1.000000
27 28 26 1.000000
28 27 29 1.000000
28 29 27 1.000000
29 28 30 1.000000
29 30 28 1.000000
30 29 39 1.000000
30 39 29 1.000000
31 36 94 1.000000
31 94 36 1.000000
31 36 77 1.000000
31 77 36 1.000000
31 32 36 1.000000
31 36 32 1.000000
31 32 94 1.000000
31 94 32 1.000000
31 32 77 1.000000
31 77 32 1.000000
31 77 94 1.000000
31 94 77 1.000000
32 31 38 1.000000
32 38 31 1.000000
32 31 79 1.000000
32 79 31 1.000000
32 31 95 1.000000
32 95 31 1.000000
32 38 79 1.000000
32 79 38 1.000000
32 38 95 1.000000
32 95 38 1.000000
32 79 95 1.000000
32 95 79 1.000000
33 25 69 1.000000
33 69 25 1.000000
34 35 96 1.000000
34 96 35 1.000000
34 35 40 1.000000
34 40 35 1.000000
34 35 79 1.000000
34 79 35 1.000000
34 40 96 1.000000
34 96 40 1.000000
34 40 79 1.000000
34 79 40 1.000000
34 79 96 1.000000
34 96 79 1.000000
35 34 41 1.000000
35 41 34 1.000000
35 34 81 1.000000
35 81 34 1.000000
35 34 97 1.000000
35 97 34 1.000000
35 41 81 1.000000
35 81 41 1.000000
35 41 97 1.000000
35 97 41 1.000000
35 81 97 1.189773
35 97 81 1.189773
36 31 78 1.000000
36 78 31 1.000000
36 31 37 1.000000
36 37 31 1.000000
36 31 38 1.000000
36 38 31 1.000000
36 37 78 1.000000
36 78 37 1.000000
36 37 38 1.000000
36 38 37 1.000000
36 38 78 1.000000
36 78 38 1.000000
37 36 45 1.000000
37 45 36 1.000000
38 32 43 1.000000
38 43 32 1.000000
38 32 36 1.000000
38 36 32 1.000000
38 32 80 1.000000
38 80 32 1.000000
38 43 80 1.000000
38 80 43 1.000000
38 36 43 1.000000
38 43 36 1.000000
38 36 80 1.000000
38 80 36 1.000000
39 30 70 1.000000
39 70 30 1.000000
40 41 80 1.000000
40 80 41 1.000000
40 41 53 1.000000
40 53 41 1.000000
40 34 41 1.000000
40 41 34 1.000000
40 34 80 1.000000
40 80 34 1.000000
40 34 53 1.000000
40 53 34 1.000000
40 53 80 1.000000
40 80 53 1.000000
41 35 40 1.000000
41 40 35 1.000000
41 35 42 1.000000
41 42 35 1.000000
41 35 87 1.189773
41 87 35 1.189773
41 40 42 1.000000
41 42 40 1.000000
41 40 87 1.000000
41 87 40 1.000000
41 42 87 1.000000
41 87 42 1.000000
42 41 48 1.000000
42 48 41 1.000000
43 38 44 1.000000
43 44 38 1.000000
44 43 46 1.000000
44 46 43 1.000000
44 43 51 1.000000
44 51 43 1.000000
44 43 45 1.000000
44 45 43 1.000000
44 46 51 1.000000
44 51 46 1.000000
44 45 46 1.000000
44 46 45 1.000000
44 45 51 1.000000
44 51 45 1.000000
45 37 44 1.000000
45 44 37 1.000000
45 37 52 1.000000
45 52 37 1.000000
45 44 52 1.000000
45 52 44 1.000000
46 44 47 1.000000
46 47 44 1.000000
47 46 48 1.000000
47 48 46 1.000000
47 46 53 1.000000
47 53 46 1.000000
47 46 50 1.000000
47 50 46 1.000000
47 48 53 1.000000
47 53 48 1.000000
47 48 50 1.000000
47 50 48 1.000000
47 50 53 1.000000
47 53 50 1.000000
48 42 47 1.000000
48 47 42 1.000000
48 42 49 1.000000
48 49 42 1.000000
48 42 61 1.000000
48 61 42 1.000000
48 47 49 1.000000
48 49 47 1.000000
48 47 61 1.000000
48 61 47 1.000000
48 49 61 1.000000
48 61 49 1.000000
49 48 50 1.000000
49 50 48 1.000000
49 48 99 1.000000
49 99 48 1.000000
49 48 65 1.000000
49 65 48 1.000000
49 50 99 1.000000
49 99 50 1.000000
49 50 65 1.000000
49 65 50 1.000000
49 65 99 1.000000
49 99 65 1.000000
50 49 64 1.000000
50 64 49 1.000000
50 49 98 1.000000
50 98 49 1.000000
50 47 49 1.000000
50 49 47 1.000000
50 47 64 1.000000
50 64 47 1.000000
50 47 98 1.000000
50 98 47 1.000000
50 64 98 1.000000
50 98 64 1.000000
51 44 52 1.000000
51 52 44 1.000000
51 44 101 1.000000
51 101 44 1.000000
51 44 64 1.000000
51 64 44 1.000000
51 52 101 1.000000
51 101 52 1.000000
51 52 64 1.000000
51 64 52 1.000000
51 64 101 1.000000
51 101 64 1.000000
52 51 100 1.000000
52 100 51 1.000000
52 45 51 1.000000
52 51 45 1.000000
52 45 100 1.000000
52 100 45 1.000000
53 40 47 1.000000
53 47 40 1.000000
55 57 106 1.000000
55 106 57 1.000000
56 11 58 1.000000
56 58 11 1.000000
57 55 59 1.000000
57 59 55 1.000000
58 56 60 1.000000
58 60 56 1.000000
61 48 62 1.000000
61 62 48 1.000000
62 61 63 1.000000
62 63 61 1.000000
63 54 62 1.000000
63 62 54 1.000000
64 50 51 1.000000
64 51 50 1.000000
65 49 66 1.000000
65 66 49 1.000000
66 65 67 1.000000
66 67 65 1.000000
67 66 68 1.000000
67 68 66 1.000000
69 33 71 1.000000
69 71 33 1.000000
70 39 72 1.000000
70 72 39 1.000000
71 69 73 1.000000
71 73 69 1.000000
72 70 74 1.000000
72 74 70 1.000000
73 71 75 1.000000
73 75 71 1.000000
74 72 76 1.000000
74 76 72 1.000000
75 73 77 1.000000
75 77 73 1.000000
76 74 78 1.000000
76 78 74 1.000000
77 31 75 1.000000
77 75 31 1.000000
78 36 76 1.000000
78 76 36 1.000000
79 32 34 1.000000
79 34 32 1.000000
80 38 40 1.000000
80 40 38 1.000000
81 35 82 1.000000
81 82 35 1.000000
82 81 83 1.000000
82 83 81 1.000000
83 82 84 1.000000
83 84 82 1.000000
84 83 85 1.000000
84 85 83 1.000000
85 84 86 1.000000
85 86 84 1.000000
87 41 88 1.000000
87 88 41 1.000000
88 87 89 1.000000
88 89 87 1.000000
89 88 90 1.000000
89 90 88 1.000000
90 89 91 1.000000
90 91 89 1.000000
91 90 92 1.000000
91 92 90 1.000000
92 91 93 1.000000
92 93 91 1.000000
102 104 114 1.000000
102 114 104 1.000000
102 104 115 1.000000
102 115 104 1.000000
102 114 115 1.154701
102 115 114 1.154701
102 103 104 1.154701
102 104 103 1.154701
102 103 114 1.000000
102 114 103 1.000000
102 103 115 1.000000
102 115 103 1.000000
103 102 105 1.000000
103 105 102 1.000000
103 102 135 1.000000
103 135 102 1.000000
103 102 127 1.154701
103 127 102 1.154701
103 105 135 1.154701
103 135 105 1.154701
103 105 127 1.000000
103 127 105 1.000000
103 127 135 1.000000
103 135 127 1.000000
104 102 134 1.154701
104 134 102 1.154701
104 102 105 1.000000
104 105 102 1.000000
104 105 134 1.000000
104 134 105 1.000000
105 103 104 1.154701
105 104 103 1.154701
105 103 136 1.000000
105 136 103 1.000000
105 104 136 1.000000
105 136 104 1.000000
106 1 55 1.000000
106 55 1 1.000000
109 2 110 1.000000
109 110 2 1.000000
110 109 111 1.000000
110 111 109 1.000000
111 110 112 1.000000
111 112 110 1.000000
112 111 113 1.000000
112 113 111 1.000000
113 112 114 1.000000
113 114 112 1.000000
114 102 113 1.000000
114 113 102 1.000000
115 102 116 1.000000
115 116 102 1.000000
116 115 120 1.000000
116 120 115 1.000000
117 8 118 1.000000
117 118 8 1.000000
118 117 119 1.000000
118 119 117 1.000000
119 118 120 1.000000
119 120 118 1.000000
120 116 119 1.000000
120 119 116 1.000000
121 1 122 1.000000
121 122 1 1.000000
122 121 123 1.000000
122 123 121 1.000000
123 122 124 1.000000
123 124 122 1.000000
124 123 125 1.000000
124 125 123 1.000000
125 124 126 1.000000
125 126 124 1.000000
126 125 127 1.000000
126 127 125 1.000000
127 103 126 1.000000
127 126 103 1.000000
128 9 129 1.000000
128 129 9 1.000000
129 128 130 1.000000
129 130 128 1.000000
130 129 131 1.000000
130 131 129 1.000000
131 130 132 1.000000
131 132 130 1.000000
132 131 133 1.000000
132 133 131 1.000000
133 132 134 1.000000
133 134 132 1.000000
134 104 133 1.000000
134 133 104 1.000000
;
param D:=0.5;
param t_hat_ear:=
0 152 0.0
0 100 1.0
0 52 2.0
0 45 3.0
0 44 4.0
0 46 5.0
0 47 6.0
0 48 7.0
0 49 8.0
0 99 9.0
0 153 10.0
2 138 0.0
2 136 1.0
2 105 2.0
2 104 3.0
2 134 4.0
2 133 5.0
2 132 6.0
2 131 7.0
2 130 8.0
2 129 9.0
2 128 10.0
2 9 11.0
2 19 12.0
2 108 13.0
2 145 14.0
3 146 4.0
3 107 5.0
3 18 6.0
3 8 7.0
3 9 8.0
3 10 9.0
3 21 10.0
3 22 11.0
3 23 12.0
3 24 13.0
3 25 14.0
3 33 15.0
3 69 16.0
3 71 17.0
3 73 18.0
3 75 19.0
3 77 20.0
3 31 21.0
3 32 22.0
3 38 23.0
3 43 24.0
3 44 25.0
3 51 26.0
3 101 27.0
3 151 28.0
4 152 2.0
4 100 3.0
4 52 4.0
4 45 5.0
4 44 6.0
4 46 7.0
4 47 8.0
4 48 9.0
4 49 10.0
4 99 11.0
4 153 12.0
5 148 8.0
5 95 9.0
5 32 10.0
5 38 11.0
5 43 12.0
5 44 13.0
5 51 14.0
5 101 15.0
5 151 16.0
6 150 1.0
6 97 2.0
6 35 3.0
6 81 4.0
6 82 5.0
6 83 6.0
6 84 7.0
6 85 8.0
6 86 9.0
6 139 10.0
7 140 0.0
7 93 1.0
7 92 2.0
7 91 3.0
7 90 4.0
7 89 5.0
7 88 6.0
7 87 7.0
7 41 8.0
7 40 9.0
7 34 10.0
7 96 11.0
7 149 12.0
8 140 2.0
8 93 3.0
8 92 4.0
8 91 5.0
8 90 6.0
8 89 7.0
8 88 8.0
8 87 9.0
8 41 10.0
8 40 11.0
8 80 12.0
8 38 13.0
8 43 14.0
8 44 15.0
8 51 16.0
8 101 17.0
8 151 18.0
9 148 0.0
9 95 1.0
9 32 2.0
9 79 3.0
9 34 4.0
9 35 5.0
9 81 6.0
9 82 7.0
9 83 8.0
9 84 9.0
9 85 10.0
9 86 11.0
9 139 12.0
10 140 8.0
10 93 9.0
10 92 10.0
10 91 11.0
10 90 12.0
10 89 13.0
10 88 14.0
10 87 15.0
10 41 16.0
10 40 17.0
10 80 18.0
10 38 19.0
10 43 20.0
10 44 21.0
10 51 22.0
10 101 23.0
10 151 24.0
11 146 2.0
11 107 3.0
11 18 4.0
11 8 5.0
11 9 6.0
11 10 7.0
11 21 8.0
11 22 9.0
11 23 10.0
11 24 11.0
11 25 12.0
11 33 13.0
11 69 14.0
11 71 15.0
11 73 16.0
11 75 17.0
11 77 18.0
11 31 19.0
11 32 20.0
11 38 21.0
11 43 22.0
11 44 23.0
11 51 24.0
11 101 25.0
11 151 26.0
12 140 4.0
12 93 5.0
12 92 6.0
12 91 7.0
12 90 8.0
12 89 9.0
12 88 10.0
12 87 11.0
12 41 12.0
12 42 13.0
12 48 14.0
12 49 15.0
12 99 16.0
12 153 17.0
13 138 4.0
13 136 5.0
13 105 6.0
13 104 7.0
13 134 8.0
13 133 9.0
13 132 10.0
13 131 11.0
13 130 12.0
13 129 13.0
13 128 14.0
13 9 15.0
13 19 16.0
13 108 17.0
13 145 18.0
14 140 6.0
14 93 7.0
14 92 8.0
14 91 9.0
14 90 10.0
14 89 11.0
14 88 12.0
14 87 13.0
14 41 14.0
14 42 15.0
14 48 16.0
14 49 17.0
14 99 18.0
14 153 19.0
15 142 0.0
15 59 1.0
15 57 2.0
15 55 3.0
15 106 4.0
15 1 5.0
15 121 6.0
15 122 7.0
15 123 8.0
15 124 9.0
15 125 10.0
15 126 11.0
15 127 12.0
15 103 13.0
15 135 14.0
15 137 15.0
16 138 2.0
16 136 3.0
16 105 4.0
16 104 5.0
16 102 6.0
16 114 7.0
16 113 8.0
16 112 9.0
16 111 10.0
16 110 11.0
16 109 12.0
16 2 13.0
16 11 14.0
16 56 15.0
16 58 16.0
16 60 17.0
16 141 18.0
17 148 6.0
17 95 7.0
17 32 8.0
17 38 9.0
17 43 10.0
17 44 11.0
17 51 12.0
17 101 13.0
17 151 14.0
19 148 3.0
19 95 4.0
19 32 5.0
19 38 6.0
19 43 7.0
19 44 8.0
19 51 9.0
19 101 10.0
19 151 11.0
20 142 10.0
20 59 11.0
20 57 12.0
20 55 13.0
20 106 14.0
20 1 15.0
20 121 16.0
20 122 17.0
20 123 18.0
20 124 19.0
20 125 20.0
20 126 21.0
20 127 22.0
20 103 23.0
20 135 24.0
20 137 25.0
21 144 14.0
21 68 15.0
21 67 16.0
21 66 17.0
21 65 18.0
21 49 19.0
21 50 20.0
21 47 21.0
21 53 22.0
21 40 23.0
21 34 24.0
21 96 25.0
21 149 26.0
22 148 14.0
22 95 15.0
22 32 16.0
22 38 17.0
22 43 18.0
22 44 19.0
22 51 20.0
22 101 21.0
22 151 22.0
23 144 28.0
23 68 29.0
23 67 30.0
23 66 31.0
23 65 32.0
23 49 33.0
23 50 34.0
23 47 35.0
23 53 36.0
23 40 37.0
23 34 38.0
23 35 39.0
23 81 40.0
23 82 41.0
23 83 42.0
23 84 43.0
23 85 44.0
23 86 45.0
23 139 46.0
24 146 10.0
24 107 11.0
24 18 12.0
24 17 13.0
24 16 14.0
24 15 15.0
24 14 16.0
24 13 17.0
24 12 18.0
24 11 19.0
24 56 20.0
24 58 21.0
24 60 22.0
24 141 23.0
25 140 16.0
25 93 17.0
25 92 18.0
25 91 19.0
25 90 20.0
25 89 21.0
25 88 22.0
25 87 23.0
25 41 24.0
25 40 25.0
25 80 26.0
25 38 27.0
25 43 28.0
25 44 29.0
25 51 30.0
25 101 31.0
25 151 32.0
26 146 13.0
26 107 14.0
26 18 15.0
26 8 16.0
26 9 17.0
26 10 18.0
26 21 19.0
26 22 20.0
26 23 21.0
26 24 22.0
26 25 23.0
26 33 24.0
26 69 25.0
26 71 26.0
26 73 27.0
26 75 28.0
26 77 29.0
26 31 30.0
26 32 31.0
26 79 32.0
26 34 33.0
26 96 34.0
26 149 35.0
27 144 16.0
27 68 17.0
27 67 18.0
27 66 19.0
27 65 20.0
27 49 21.0
27 99 22.0
27 153 23.0
28 142 12.0
28 59 13.0
28 57 14.0
28 55 15.0
28 106 16.0
28 1 17.0
28 121 18.0
28 122 19.0
28 123 20.0
28 124 21.0
28 125 22.0
28 126 23.0
28 127 24.0
28 103 25.0
28 135 26.0
28 137 27.0
30 144 26.0
30 68 27.0
30 67 28.0
30 66 29.0
30 65 30.0
30 49 31.0
30 50 32.0
30 47 33.0
30 53 34.0
30 40 35.0
30 34 36.0
30 35 37.0
30 81 38.0
30 82 39.0
30 83 40.0
30 84 41.0
30 85 42.0
30 86 43.0
30 139 44.0
31 154 10.0
31 98 11.0
31 50 12.0
31 47 13.0
31 53 14.0
31 40 15.0
31 34 16.0
31 96 17.0
31 149 18.0
32 140 24.0
32 93 25.0
32 92 26.0
32 91 27.0
32 90 28.0
32 89 29.0
32 88 30.0
32 87 31.0
32 41 32.0
32 40 33.0
32 80 34.0
32 38 35.0
32 36 36.0
32 31 37.0
32 94 38.0
32 147 39.0
33 150 17.0
33 97 18.0
33 35 19.0
33 41 20.0
33 42 21.0
33 48 22.0
33 49 23.0
33 99 24.0
33 153 25.0
34 152 10.0
34 100 11.0
34 52 12.0
34 45 13.0
34 37 14.0
34 36 15.0
34 78 16.0
34 76 17.0
34 74 18.0
34 72 19.0
34 70 20.0
34 39 21.0
34 30 22.0
34 29 23.0
34 28 24.0
34 27 25.0
34 26 26.0
34 20 27.0
34 19 28.0
34 108 29.0
34 145 30.0
35 148 12.0
35 95 13.0
35 32 14.0
35 38 15.0
35 43 16.0
35 44 17.0
35 46 18.0
35 47 19.0
35 48 20.0
35 61 21.0
35 62 22.0
35 63 23.0
35 54 24.0
35 143 25.0
36 140 18.0
36 93 19.0
36 92 20.0
36 91 21.0
36 90 22.0
36 89 23.0
36 88 24.0
36 87 25.0
36 41 26.0
36 42 27.0
36 48 28.0
36 49 29.0
36 99 30.0
36 153 31.0
37 140 14.0
37 93 15.0
37 92 16.0
37 91 17.0
37 90 18.0
37 89 19.0
37 88 20.0
37 87 21.0
37 41 22.0
37 42 23.0
37 48 24.0
37 49 25.0
37 99 26.0
37 153 27.0
38 150 25.0
38 97 26.0
38 35 27.0
38 41 28.0
38 40 29.0
38 80 30.0
38 38 31.0
38 43 32.0
38 44 33.0
38 51 34.0
38 101 35.0
38 151 36.0
39 140 22.0
39 93 23.0
39 92 24.0
39 91 25.0
39 90 26.0
39 89 27.0
39 88 28.0
39 87 29.0
39 41 30.0
39 40 31.0
39 80 32.0
39 38 33.0
39 36 34.0
39 31 35.0
39 94 36.0
39 147 37.0
40 148 22.0
40 95 23.0
40 32 24.0
40 38 25.0
40 43 26.0
40 44 27.0
40 46 28.0
40 47 29.0
40 48 30.0
40 61 31.0
40 62 32.0
40 63 33.0
40 54 34.0
40 143 35.0
41 152 31.0
41 100 32.0
41 52 33.0
41 45 34.0
41 44 35.0
41 46 36.0
41 47 37.0
41 53 38.0
41 40 39.0
41 34 40.0
41 96 41.0
41 149 42.0
42 154 36.0
42 98 37.0
42 50 38.0
42 47 39.0
42 53 40.0
42 40 41.0
42 80 42.0
42 38 43.0
42 36 44.0
42 78 45.0
42 76 46.0
42 74 47.0
42 72 48.0
42 70 49.0
42 39 50.0
42 30 51.0
42 29 52.0
42 28 53.0
42 27 54.0
42 26 55.0
42 20 56.0
42 19 57.0
42 108 58.0
42 145 59.0
43 142 20.0
43 59 21.0
43 57 22.0
43 55 23.0
43 106 24.0
43 1 25.0
43 121 26.0
43 122 27.0
43 123 28.0
43 124 29.0
43 125 30.0
43 126 31.0
43 127 32.0
43 103 33.0
43 135 34.0
43 137 35.0
44 138 20.0
44 136 21.0
44 105 22.0
44 104 23.0
44 102 24.0
44 114 25.0
44 113 26.0
44 112 27.0
44 111 28.0
44 110 29.0
44 109 30.0
44 2 31.0
44 11 32.0
44 56 33.0
44 58 34.0
44 60 35.0
44 141 36.0
45 138 22.0
45 136 23.0
45 105 24.0
45 104 25.0
45 102 26.0
45 114 27.0
45 113 28.0
45 112 29.0
45 111 30.0
45 110 31.0
45 109 32.0
45 2 33.0
45 11 34.0
45 56 35.0
45 58 36.0
45 60 37.0
45 141 38.0
46 150 39.0
46 97 40.0
46 35 41.0
46 41 42.0
46 42 43.0
46 48 44.0
46 61 45.0
46 62 46.0
46 63 47.0
46 54 48.0
46 143 49.0
47 138 24.0
47 136 25.0
47 105 26.0
47 104 27.0
47 134 28.0
47 133 29.0
47 132 30.0
47 131 31.0
47 130 32.0
47 129 33.0
47 128 34.0
47 9 35.0
47 19 36.0
47 108 37.0
47 145 38.0
48 154 38.0
48 98 39.0
48 50 40.0
48 47 41.0
48 53 42.0
48 40 43.0
48 34 44.0
48 35 45.0
48 81 46.0
48 82 47.0
48 83 48.0
48 84 49.0
48 85 50.0
48 86 51.0
48 139 52.0
49 150 47.0
49 97 48.0
49 35 49.0
49 41 50.0
49 42 51.0
49 48 52.0
49 61 53.0
49 62 54.0
49 63 55.0
49 54 56.0
49 143 57.0
50 138 26.0
50 136 27.0
50 105 28.0
50 104 29.0
50 102 30.0
50 114 31.0
50 113 32.0
50 112 33.0
50 111 34.0
50 110 35.0
50 109 36.0
50 2 37.0
50 11 38.0
50 56 39.0
50 58 40.0
50 60 41.0
50 141 42.0
51 154 34.0
51 98 35.0
51 50 36.0
51 64 37.0
51 51 38.0
51 52 39.0
51 45 40.0
51 37 41.0
51 36 42.0
51 31 43.0
51 94 44.0
51 147 45.0
52 154 28.0
52 98 29.0
52 50 30.0
52 47 31.0
52 48 32.0
52 61 33.0
52 62 34.0
52 63 35.0
52 54 36.0
52 143 37.0
53 154 22.0
53 98 23.0
53 50 24.0
53 47 25.0
53 53 26.0
53 40 27.0
53 34 28.0
53 96 29.0
53 149 30.0
54 142 22.0
54 59 23.0
54 57 24.0
54 55 25.0
54 106 26.0
54 1 27.0
54 121 28.0
54 122 29.0
54 123 30.0
54 124 31.0
54 125 32.0
54 126 33.0
54 127 34.0
54 103 35.0
54 135 36.0
54 137 37.0
55 154 24.0
55 98 25.0
55 50 26.0
55 64 27.0
55 51 28.0
55 52 29.0
55 45 30.0
55 37 31.0
55 36 32.0
55 31 33.0
55 94 34.0
55 147 35.0
56 148 36.0
56 95 37.0
56 32 38.0
56 38 39.0
56 43 40.0
56 44 41.0
56 51 42.0
56 101 43.0
56 151 44.0
57 146 21.0
57 107 22.0
57 18 23.0
57 17 24.0
57 16 25.0
57 15 26.0
57 14 27.0
57 13 28.0
57 12 29.0
57 11 30.0
57 56 31.0
57 58 32.0
57 60 33.0
57 141 34.0
58 150 32.0
58 97 33.0
58 35 34.0
58 41 35.0
58 42 36.0
58 48 37.0
58 49 38.0
58 99 39.0
58 153 40.0
59 148 27.0
59 95 28.0
59 32 29.0
59 79 30.0
59 34 31.0
59 35 32.0
59 81 33.0
59 82 34.0
59 83 35.0
59 84 36.0
59 85 37.0
59 86 38.0
59 139 39.0
60 152 33.0
60 100 34.0
60 52 35.0
60 45 36.0
60 37 37.0
60 36 38.0
60 78 39.0
60 76 40.0
60 74 41.0
60 72 42.0
60 70 43.0
60 39 44.0
60 30 45.0
60 29 46.0
60 28 47.0
60 27 48.0
60 26 49.0
60 20 50.0
60 19 51.0
60 108 52.0
60 145 53.0
61 154 48.0
61 98 49.0
61 50 50.0
61 47 51.0
61 53 52.0
61 40 53.0
61 34 54.0
61 35 55.0
61 81 56.0
61 82 57.0
61 83 58.0
61 84 59.0
61 85 60.0
61 86 61.0
61 139 62.0
63 138 30.0
63 136 31.0
63 105 32.0
63 104 33.0
63 134 34.0
63 133 35.0
63 132 36.0
63 131 37.0
63 130 38.0
63 129 39.0
63 128 40.0
63 9 41.0
63 19 42.0
63 108 43.0
63 145 44.0
64 150 41.0
64 97 42.0
64 35 43.0
64 81 44.0
64 82 45.0
64 83 46.0
64 84 47.0
64 85 48.0
64 86 49.0
64 139 50.0
65 148 34.0
65 95 35.0
65 32 36.0
65 38 37.0
65 43 38.0
65 44 39.0
65 51 40.0
65 101 41.0
65 151 42.0
66 152 39.0
66 100 40.0
66 52 41.0
66 45 42.0
66 44 43.0
66 46 44.0
66 47 45.0
66 48 46.0
66 61 47.0
66 62 48.0
66 63 49.0
66 54 50.0
66 143 51.0
67 146 33.0
67 107 34.0
67 18 35.0
67 8 36.0
67 9 37.0
67 10 38.0
67 21 39.0
67 22 40.0
67 23 41.0
67 24 42.0
67 25 43.0
67 33 44.0
67 69 45.0
67 71 46.0
67 73 47.0
67 75 48.0
67 77 49.0
67 31 50.0
67 94 51.0
67 147 52.0
68 138 36.0
68 136 37.0
68 105 38.0
68 104 39.0
68 102 40.0
68 114 41.0
68 113 42.0
68 112 43.0
68 111 44.0
68 110 45.0
68 109 46.0
68 2 47.0
68 11 48.0
68 56 49.0
68 58 50.0
68 60 51.0
68 141 52.0
69 150 49.0
69 97 50.0
69 35 51.0
69 81 52.0
69 82 53.0
69 83 54.0
69 84 55.0
69 85 56.0
69 86 57.0
69 139 58.0
70 140 38.0
70 93 39.0
70 92 40.0
70 91 41.0
70 90 42.0
70 89 43.0
70 88 44.0
70 87 45.0
70 41 46.0
70 42 47.0
70 48 48.0
70 49 49.0
70 99 50.0
70 153 51.0
71 144 39.0
71 68 40.0
71 67 41.0
71 66 42.0
71 65 43.0
71 49 44.0
71 50 45.0
71 64 46.0
71 51 47.0
71 101 48.0
71 151 49.0
72 138 32.0
72 136 33.0
72 105 34.0
72 104 35.0
72 134 36.0
72 133 37.0
72 132 38.0
72 131 39.0
72 130 40.0
72 129 41.0
72 128 42.0
72 9 43.0
72 19 44.0
72 108 45.0
72 145 46.0
73 142 30.0
73 59 31.0
73 57 32.0
73 55 33.0
73 106 34.0
73 1 35.0
73 121 36.0
73 122 37.0
73 123 38.0
73 124 39.0
73 125 40.0
73 126 41.0
73 127 42.0
73 103 43.0
73 135 44.0
73 137 45.0
74 154 46.0
74 98 47.0
74 50 48.0
74 64 49.0
74 51 50.0
74 52 51.0
74 45 52.0
74 37 53.0
74 36 54.0
74 31 55.0
74 94 56.0
74 147 57.0
75 150 45.0
75 97 46.0
75 35 47.0
75 41 48.0
75 40 49.0
75 80 50.0
75 38 51.0
75 43 52.0
75 44 53.0
75 51 54.0
75 101 55.0
75 151 56.0
76 146 37.0
76 107 38.0
76 18 39.0
76 8 40.0
76 117 41.0
76 118 42.0
76 119 43.0
76 120 44.0
76 116 45.0
76 115 46.0
76 102 47.0
76 103 48.0
76 135 49.0
76 137 50.0
77 144 36.0
77 68 37.0
77 67 38.0
77 66 39.0
77 65 40.0
77 49 41.0
77 50 42.0
77 47 43.0
77 53 44.0
77 40 45.0
77 34 46.0
77 96 47.0
77 149 48.0
78 138 34.0
78 136 35.0
78 105 36.0
78 104 37.0
78 134 38.0
78 133 39.0
78 132 40.0
78 131 41.0
78 130 42.0
78 129 43.0
78 128 44.0
78 9 45.0
78 19 46.0
78 108 47.0
78 145 48.0
79 146 35.0
79 107 36.0
79 18 37.0
79 8 38.0
79 9 39.0
79 10 40.0
79 21 41.0
79 22 42.0
79 23 43.0
79 24 44.0
79 25 45.0
79 33 46.0
79 69 47.0
79 71 48.0
79 73 49.0
79 75 50.0
79 77 51.0
79 31 52.0
79 32 53.0
79 38 54.0
79 43 55.0
79 44 56.0
79 51 57.0
79 101 58.0
79 151 59.0
80 148 48.0
80 95 49.0
80 32 50.0
80 79 51.0
80 34 52.0
80 35 53.0
80 81 54.0
80 82 55.0
80 83 56.0
80 84 57.0
80 85 58.0
80 86 59.0
80 139 60.0
81 142 40.0
81 59 41.0
81 57 42.0
81 55 43.0
81 106 44.0
81 1 45.0
81 121 46.0
81 122 47.0
81 123 48.0
81 124 49.0
81 125 50.0
81 126 51.0
81 127 52.0
81 103 53.0
81 135 54.0
81 137 55.0
82 148 42.0
82 95 43.0
82 32 44.0
82 38 45.0
82 43 46.0
82 44 47.0
82 46 48.0
82 47 49.0
82 48 50.0
82 49 51.0
82 99 52.0
82 153 53.0
83 142 49.0
83 59 50.0
83 57 51.0
83 55 52.0
83 106 53.0
83 1 54.0
83 121 55.0
83 122 56.0
83 123 57.0
83 124 58.0
83 125 59.0
83 126 60.0
83 127 61.0
83 103 62.0
83 135 63.0
83 137 64.0
85 152 47.0
85 100 48.0
85 52 49.0
85 45 50.0
85 44 51.0
85 46 52.0
85 47 53.0
85 48 54.0
85 49 55.0
85 99 56.0
85 153 57.0
86 138 40.0
86 136 41.0
86 105 42.0
86 104 43.0
86 102 44.0
86 114 45.0
86 113 46.0
86 112 47.0
86 111 48.0
86 110 49.0
86 109 50.0
86 2 51.0
86 11 52.0
86 56 53.0
86 58 54.0
86 60 55.0
86 141 56.0
87 138 45.0
87 136 46.0
87 105 47.0
87 104 48.0
87 102 49.0
87 114 50.0
87 113 51.0
87 112 52.0
87 111 53.0
87 110 54.0
87 109 55.0
87 2 56.0
87 11 57.0
87 56 58.0
87 58 59.0
87 60 60.0
87 141 61.0
88 146 45.0
88 107 46.0
88 18 47.0
88 17 48.0
88 16 49.0
88 15 50.0
88 14 51.0
88 13 52.0
88 12 53.0
88 11 54.0
88 56 55.0
88 58 56.0
88 60 57.0
88 141 58.0
92 138 47.0
92 136 48.0
92 105 49.0
92 104 50.0
92 102 51.0
92 114 52.0
92 113 53.0
92 112 54.0
92 111 55.0
92 110 56.0
92 109 57.0
92 2 58.0
92 11 59.0
92 56 60.0
92 58 61.0
92 60 62.0
92 141 63.0
95 140 46.0
95 93 47.0
95 92 48.0
95 91 49.0
95 90 50.0
95 89 51.0
95 88 52.0
95 87 53.0
95 41 54.0
95 42 55.0
95 48 56.0
95 61 57.0
95 62 58.0
95 63 59.0
95 54 60.0
95 143 61.0
96 144 48.0
96 68 49.0
96 67 50.0
96 66 51.0
96 65 52.0
96 49 53.0
96 50 54.0
96 47 55.0
96 53 56.0
96 40 57.0
96 34 58.0
96 35 59.0
96 81 60.0
96 82 61.0
96 83 62.0
96 84 63.0
96 85 64.0
96 86 65.0
96 139 66.0
97 138 49.0
97 136 50.0
97 105 51.0
97 104 52.0
97 134 53.0
97 133 54.0
97 132 55.0
97 131 56.0
97 130 57.0
97 129 58.0
97 128 59.0
97 9 60.0
97 19 61.0
97 108 62.0
97 145 63.0
98 152 41.0
98 100 42.0
98 52 43.0
98 45 44.0
98 37 45.0
98 36 46.0
98 31 47.0
98 94 48.0
98 147 49.0
99 152 11
99 100 12.0
99 52 13.0
99 45 14.0
99 44 15.0
99 46 16.0
99 47 17.0
99 48 18.0
99 49 19.0
99 99 20.0
99 153 21.0
;
param t_hat_lat:=
0 152 1.0
0 100 2.0
0 52 3.0
0 45 4.0
0 44 5.0
0 46 6.0
0 47 7.0
0 48 8.0
0 49 9.0
0 99 10.0
0 153 11.0
2 138 1.0
2 136 2.0
2 105 3.0
2 104 4.0
2 134 5.0
2 133 6.0
2 132 7.0
2 131 8.0
2 130 9.0
2 129 10.0
2 128 11.0
2 9 12.0
2 19 13.0
2 108 14.0
2 145 15.0
3 146 5.0
3 107 6.0
3 18 7.0
3 8 8.0
3 9 9.0
3 10 10.0
3 21 11.0
3 22 12.0
3 23 13.0
3 24 14.0
3 25 15.0
3 33 16.0
3 69 17.0
3 71 18.0
3 73 19.0
3 75 20.0
3 77 21.0
3 31 22.0
3 32 23.0
3 38 24.0
3 43 25.0
3 44 26.0
3 51 27.0
3 101 28.0
3 151 29.0
4 152 3.0
4 100 4.0
4 52 5.0
4 45 6.0
4 44 7.0
4 46 8.0
4 47 9.0
4 48 10.0
4 49 11.0
4 99 12.0
4 153 13.0
5 148 9.0
5 95 10.0
5 32 11.0
5 38 12.0
5 43 13.0
5 44 14.0
5 51 15.0
5 101 16.0
5 151 17.0
6 150 2.0
6 97 3.0
6 35 4.0
6 81 5.0
6 82 6.0
6 83 7.0
6 84 8.0
6 85 9.0
6 86 10.0
6 139 11.0
7 140 1.0
7 93 2.0
7 92 3.0
7 91 4.0
7 90 5.0
7 89 6.0
7 88 7.0
7 87 8.0
7 41 9.0
7 40 10.0
7 34 11.0
7 96 12.0
7 149 13.0
8 140 3.0
8 93 4.0
8 92 5.0
8 91 6.0
8 90 7.0
8 89 8.0
8 88 9.0
8 87 10.0
8 41 11.0
8 40 12.0
8 80 13.0
8 38 14.0
8 43 15.0
8 44 16.0
8 51 17.0
8 101 18.0
8 151 19.0
9 148 1.0
9 95 2.0
9 32 3.0
9 79 4.0
9 34 5.0
9 35 6.0
9 81 7.0
9 82 8.0
9 83 9.0
9 84 10.0
9 85 11.0
9 86 12.0
9 139 13.0
10 140 9.0
10 93 10.0
10 92 11.0
10 91 12.0
10 90 13.0
10 89 14.0
10 88 15.0
10 87 16.0
10 41 17.0
10 40 18.0
10 80 19.0
10 38 20.0
10 43 21.0
10 44 22.0
10 51 23.0
10 101 24.0
10 151 25.0
11 146 3.0
11 107 4.0
11 18 5.0
11 8 6.0
11 9 7.0
11 10 8.0
11 21 9.0
11 22 10.0
11 23 11.0
11 24 12.0
11 25 13.0
11 33 14.0
11 69 15.0
11 71 16.0
11 73 17.0
11 75 18.0
11 77 19.0
11 31 20.0
11 32 21.0
11 38 22.0
11 43 23.0
11 44 24.0
11 51 25.0
11 101 26.0
11 151 27.0
12 140 5.0
12 93 6.0
12 92 7.0
12 91 8.0
12 90 9.0
12 89 10.0
12 88 11.0
12 87 12.0
12 41 13.0
12 42 14.0
12 48 15.0
12 49 16.0
12 99 17.0
12 153 18.0
13 138 5.0
13 136 6.0
13 105 7.0
13 104 8.0
13 134 9.0
13 133 10.0
13 132 11.0
13 131 12.0
13 130 13.0
13 129 14.0
13 128 15.0
13 9 16.0
13 19 17.0
13 108 18.0
13 145 19.0
14 140 7.0
14 93 8.0
14 92 9.0
14 91 10.0
14 90 11.0
14 89 12.0
14 88 13.0
14 87 14.0
14 41 15.0
14 42 16.0
14 48 17.0
14 49 18.0
14 99 19.0
14 153 20.0
15 142 1.0
15 59 2.0
15 57 3.0
15 55 4.0
15 106 5.0
15 1 6.0
15 121 7.0
15 122 8.0
15 123 9.0
15 124 10.0
15 125 11.0
15 126 12.0
15 127 13.0
15 103 14.0
15 135 15.0
15 137 16.0
16 138 3.0
16 136 4.0
16 105 5.0
16 104 6.0
16 102 7.0
16 114 8.0
16 113 9.0
16 112 10.0
16 111 11.0
16 110 12.0
16 109 13.0
16 2 14.0
16 11 15.0
16 56 16.0
16 58 17.0
16 60 18.0
16 141 19.0
17 148 7.0
17 95 8.0
17 32 9.0
17 38 10.0
17 43 11.0
17 44 12.0
17 51 13.0
17 101 14.0
17 151 15.0
19 148 4.0
19 95 5.0
19 32 6.0
19 38 7.0
19 43 8.0
19 44 9.0
19 51 10.0
19 101 11.0
19 151 12.0
20 142 11.0
20 59 12.0
20 57 13.0
20 55 14.0
20 106 15.0
20 1 16.0
20 121 17.0
20 122 18.0
20 123 19.0
20 124 20.0
20 125 21.0
20 126 22.0
20 127 23.0
20 103 24.0
20 135 25.0
20 137 26.0
21 144 15.0
21 68 16.0
21 67 17.0
21 66 18.0
21 65 19.0
21 49 20.0
21 50 21.0
21 47 22.0
21 53 23.0
21 40 24.0
21 34 25.0
21 96 26.0
21 149 27.0
22 148 15.0
22 95 16.0
22 32 17.0
22 38 18.0
22 43 19.0
22 44 20.0
22 51 21.0
22 101 22.0
22 151 23.0
23 144 29.0
23 68 30.0
23 67 31.0
23 66 32.0
23 65 33.0
23 49 34.0
23 50 35.0
23 47 36.0
23 53 37.0
23 40 38.0
23 34 39.0
23 35 40.0
23 81 41.0
23 82 42.0
23 83 43.0
23 84 44.0
23 85 45.0
23 86 46.0
23 139 47.0
24 146 11.0
24 107 12.0
24 18 13.0
24 17 14.0
24 16 15.0
24 15 16.0
24 14 17.0
24 13 18.0
24 12 19.0
24 11 20.0
24 56 21.0
24 58 22.0
24 60 23.0
24 141 24.0
25 140 17.0
25 93 18.0
25 92 19.0
25 91 20.0
25 90 21.0
25 89 22.0
25 88 23.0
25 87 24.0
25 41 25.0
25 40 26.0
25 80 27.0
25 38 28.0
25 43 29.0
25 44 30.0
25 51 31.0
25 101 32.0
25 151 33.0
26 146 14.0
26 107 15.0
26 18 16.0
26 8 17.0
26 9 18.0
26 10 19.0
26 21 20.0
26 22 21.0
26 23 22.0
26 24 23.0
26 25 24.0
26 33 25.0
26 69 26.0
26 71 27.0
26 73 28.0
26 75 29.0
26 77 30.0
26 31 31.0
26 32 32.0
26 79 33.0
26 34 34.0
26 96 35.0
26 149 36.0
27 144 17.0
27 68 18.0
27 67 19.0
27 66 20.0
27 65 21.0
27 49 22.0
27 99 23.0
27 153 24.0
28 142 13.0
28 59 14.0
28 57 15.0
28 55 16.0
28 106 17.0
28 1 18.0
28 121 19.0
28 122 20.0
28 123 21.0
28 124 22.0
28 125 23.0
28 126 24.0
28 127 25.0
28 103 26.0
28 135 27.0
28 137 28.0
30 144 27.0
30 68 28.0
30 67 29.0
30 66 30.0
30 65 31.0
30 49 32.0
30 50 33.0
30 47 34.0
30 53 35.0
30 40 36.0
30 34 37.0
30 35 38.0
30 81 39.0
30 82 40.0
30 83 41.0
30 84 42.0
30 85 43.0
30 86 44.0
30 139 45.0
31 154 11.0
31 98 12.0
31 50 13.0
31 47 14.0
31 53 15.0
31 40 16.0
31 34 17.0
31 96 18.0
31 149 19.0
32 140 25.0
32 93 26.0
32 92 27.0
32 91 28.0
32 90 29.0
32 89 30.0
32 88 31.0
32 87 32.0
32 41 33.0
32 40 34.0
32 80 35.0
32 38 36.0
32 36 37.0
32 31 38.0
32 94 39.0
32 147 40.0
33 150 18.0
33 97 19.0
33 35 20.0
33 41 21.0
33 42 22.0
33 48 23.0
33 49 24.0
33 99 25.0
33 153 26.0
34 152 11.0
34 100 12.0
34 52 13.0
34 45 14.0
34 37 15.0
34 36 16.0
34 78 17.0
34 76 18.0
34 74 19.0
34 72 20.0
34 70 21.0
34 39 22.0
34 30 23.0
34 29 24.0
34 28 25.0
34 27 26.0
34 26 27.0
34 20 28.0
34 19 29.0
34 108 30.0
34 145 31.0
35 148 13.0
35 95 14.0
35 32 15.0
35 38 16.0
35 43 17.0
35 44 18.0
35 46 19.0
35 47 20.0
35 48 21.0
35 61 22.0
35 62 23.0
35 63 24.0
35 54 25.0
35 143 26.0
36 140 19.0
36 93 20.0
36 92 21.0
36 91 22.0
36 90 23.0
36 89 24.0
36 88 25.0
36 87 26.0
36 41 27.0
36 42 28.0
36 48 29.0
36 49 30.0
36 99 31.0
36 153 32.0
37 140 15.0
37 93 16.0
37 92 17.0
37 91 18.0
37 90 19.0
37 89 20.0
37 88 21.0
37 87 22.0
37 41 23.0
37 42 24.0
37 48 25.0
37 49 26.0
37 99 27.0
37 153 28.0
38 150 26.0
38 97 27.0
38 35 28.0
38 41 29.0
38 40 30.0
38 80 31.0
38 38 32.0
38 43 33.0
38 44 34.0
38 51 35.0
38 101 36.0
38 151 37.0
39 140 23.0
39 93 24.0
39 92 25.0
39 91 26.0
39 90 27.0
39 89 28.0
39 88 29.0
39 87 30.0
39 41 31.0
39 40 32.0
39 80 33.0
39 38 34.0
39 36 35.0
39 31 36.0
39 94 37.0
39 147 38.0
40 148 23.0
40 95 24.0
40 32 25.0
40 38 26.0
40 43 27.0
40 44 28.0
40 46 29.0
40 47 30.0
40 48 31.0
40 61 32.0
40 62 33.0
40 63 34.0
40 54 35.0
40 143 36.0
41 152 32.0
41 100 33.0
41 52 34.0
41 45 35.0
41 44 36.0
41 46 37.0
41 47 38.0
41 53 39.0
41 40 40.0
41 34 41.0
41 96 42.0
41 149 43.0
42 154 37.0
42 98 38.0
42 50 39.0
42 47 40.0
42 53 41.0
42 40 42.0
42 80 43.0
42 38 44.0
42 36 45.0
42 78 46.0
42 76 47.0
42 74 48.0
42 72 49.0
42 70 50.0
42 39 51.0
42 30 52.0
42 29 53.0
42 28 54.0
42 27 55.0
42 26 56.0
42 20 57.0
42 19 58.0
42 108 59.0
42 145 60.0
43 142 21.0
43 59 22.0
43 57 23.0
43 55 24.0
43 106 25.0
43 1 26.0
43 121 27.0
43 122 28.0
43 123 29.0
43 124 30.0
43 125 31.0
43 126 32.0
43 127 33.0
43 103 34.0
43 135 35.0
43 137 36.0
44 138 21.0
44 136 22.0
44 105 23.0
44 104 24.0
44 102 25.0
44 114 26.0
44 113 27.0
44 112 28.0
44 111 29.0
44 110 30.0
44 109 31.0
44 2 32.0
44 11 33.0
44 56 34.0
44 58 35.0
44 60 36.0
44 141 37.0
45 138 23.0
45 136 24.0
45 105 25.0
45 104 26.0
45 102 27.0
45 114 28.0
45 113 29.0
45 112 30.0
45 111 31.0
45 110 32.0
45 109 33.0
45 2 34.0
45 11 35.0
45 56 36.0
45 58 37.0
45 60 38.0
45 141 39.0
46 150 40.0
46 97 41.0
46 35 42.0
46 41 43.0
46 42 44.0
46 48 45.0
46 61 46.0
46 62 47.0
46 63 48.0
46 54 49.0
46 143 50.0
47 138 25.0
47 136 26.0
47 105 27.0
47 104 28.0
47 134 29.0
47 133 30.0
47 132 31.0
47 131 32.0
47 130 33.0
47 129 34.0
47 128 35.0
47 9 36.0
47 19 37.0
47 108 38.0
47 145 39.0
48 154 39.0
48 98 40.0
48 50 41.0
48 47 42.0
48 53 43.0
48 40 44.0
48 34 45.0
48 35 46.0
48 81 47.0
48 82 48.0
48 83 49.0
48 84 50.0
48 85 51.0
48 86 52.0
48 139 53.0
49 150 48.0
49 97 49.0
49 35 50.0
49 41 51.0
49 42 52.0
49 48 53.0
49 61 54.0
49 62 55.0
49 63 56.0
49 54 57.0
49 143 58.0
50 138 27.0
50 136 28.0
50 105 29.0
50 104 30.0
50 102 31.0
50 114 32.0
50 113 33.0
50 112 34.0
50 111 35.0
50 110 36.0
50 109 37.0
50 2 38.0
50 11 39.0
50 56 40.0
50 58 41.0
50 60 42.0
50 141 43.0
51 154 35.0
51 98 36.0
51 50 37.0
51 64 38.0
51 51 39.0
51 52 40.0
51 45 41.0
51 37 42.0
51 36 43.0
51 31 44.0
51 94 45.0
51 147 46.0
52 154 29.0
52 98 30.0
52 50 31.0
52 47 32.0
52 48 33.0
52 61 34.0
52 62 35.0
52 63 36.0
52 54 37.0
52 143 38.0
53 154 23.0
53 98 24.0
53 50 25.0
53 47 26.0
53 53 27.0
53 40 28.0
53 34 29.0
53 96 30.0
53 149 31.0
54 142 23.0
54 59 24.0
54 57 25.0
54 55 26.0
54 106 27.0
54 1 28.0
54 121 29.0
54 122 30.0
54 123 31.0
54 124 32.0
54 125 33.0
54 126 34.0
54 127 35.0
54 103 36.0
54 135 37.0
54 137 38.0
55 154 25.0
55 98 26.0
55 50 27.0
55 64 28.0
55 51 29.0
55 52 30.0
55 45 31.0
55 37 32.0
55 36 33.0
55 31 34.0
55 94 35.0
55 147 36.0
56 148 37.0
56 95 38.0
56 32 39.0
56 38 40.0
56 43 41.0
56 44 42.0
56 51 43.0
56 101 44.0
56 151 45.0
57 146 22.0
57 107 23.0
57 18 24.0
57 17 25.0
57 16 26.0
57 15 27.0
57 14 28.0
57 13 29.0
57 12 30.0
57 11 31.0
57 56 32.0
57 58 33.0
57 60 34.0
57 141 35.0
58 150 33.0
58 97 34.0
58 35 35.0
58 41 36.0
58 42 37.0
58 48 38.0
58 49 39.0
58 99 40.0
58 153 41.0
59 148 28.0
59 95 29.0
59 32 30.0
59 79 31.0
59 34 32.0
59 35 33.0
59 81 34.0
59 82 35.0
59 83 36.0
59 84 37.0
59 85 38.0
59 86 39.0
59 139 40.0
60 152 34.0
60 100 35.0
60 52 36.0
60 45 37.0
60 37 38.0
60 36 39.0
60 78 40.0
60 76 41.0
60 74 42.0
60 72 43.0
60 70 44.0
60 39 45.0
60 30 46.0
60 29 47.0
60 28 48.0
60 27 49.0
60 26 50.0
60 20 51.0
60 19 52.0
60 108 53.0
60 145 54.0
61 154 49.0
61 98 50.0
61 50 51.0
61 47 52.0
61 53 53.0
61 40 54.0
61 34 55.0
61 35 56.0
61 81 57.0
61 82 58.0
61 83 59.0
61 84 60.0
61 85 61.0
61 86 62.0
61 139 63.0
63 138 31.0
63 136 32.0
63 105 33.0
63 104 34.0
63 134 35.0
63 133 36.0
63 132 37.0
63 131 38.0
63 130 39.0
63 129 40.0
63 128 41.0
63 9 42.0
63 19 43.0
63 108 44.0
63 145 45.0
64 150 42.0
64 97 43.0
64 35 44.0
64 81 45.0
64 82 46.0
64 83 47.0
64 84 48.0
64 85 49.0
64 86 50.0
64 139 51.0
65 148 35.0
65 95 36.0
65 32 37.0
65 38 38.0
65 43 39.0
65 44 40.0
65 51 41.0
65 101 42.0
65 151 43.0
66 152 40.0
66 100 41.0
66 52 42.0
66 45 43.0
66 44 44.0
66 46 45.0
66 47 46.0
66 48 47.0
66 61 48.0
66 62 49.0
66 63 50.0
66 54 51.0
66 143 52.0
67 146 34.0
67 107 35.0
67 18 36.0
67 8 37.0
67 9 38.0
67 10 39.0
67 21 40.0
67 22 41.0
67 23 42.0
67 24 43.0
67 25 44.0
67 33 45.0
67 69 46.0
67 71 47.0
67 73 48.0
67 75 49.0
67 77 50.0
67 31 51.0
67 94 52.0
67 147 53.0
68 138 37.0
68 136 38.0
68 105 39.0
68 104 40.0
68 102 41.0
68 114 42.0
68 113 43.0
68 112 44.0
68 111 45.0
68 110 46.0
68 109 47.0
68 2 48.0
68 11 49.0
68 56 50.0
68 58 51.0
68 60 52.0
68 141 53.0
69 150 50.0
69 97 51.0
69 35 52.0
69 81 53.0
69 82 54.0
69 83 55.0
69 84 56.0
69 85 57.0
69 86 58.0
69 139 59.0
70 140 39.0
70 93 40.0
70 92 41.0
70 91 42.0
70 90 43.0
70 89 44.0
70 88 45.0
70 87 46.0
70 41 47.0
70 42 48.0
70 48 49.0
70 49 50.0
70 99 51.0
70 153 52.0
71 144 40.0
71 68 41.0
71 67 42.0
71 66 43.0
71 65 44.0
71 49 45.0
71 50 46.0
71 64 47.0
71 51 48.0
71 101 49.0
71 151 50.0
72 138 33.0
72 136 34.0
72 105 35.0
72 104 36.0
72 134 37.0
72 133 38.0
72 132 39.0
72 131 40.0
72 130 41.0
72 129 42.0
72 128 43.0
72 9 44.0
72 19 45.0
72 108 46.0
72 145 47.0
73 142 31.0
73 59 32.0
73 57 33.0
73 55 34.0
73 106 35.0
73 1 36.0
73 121 37.0
73 122 38.0
73 123 39.0
73 124 40.0
73 125 41.0
73 126 42.0
73 127 43.0
73 103 44.0
73 135 45.0
73 137 46.0
74 154 47.0
74 98 48.0
74 50 49.0
74 64 50.0
74 51 51.0
74 52 52.0
74 45 53.0
74 37 54.0
74 36 55.0
74 31 56.0
74 94 57.0
74 147 58.0
75 150 46.0
75 97 47.0
75 35 48.0
75 41 49.0
75 40 50.0
75 80 51.0
75 38 52.0
75 43 53.0
75 44 54.0
75 51 55.0
75 101 56.0
75 151 57.0
76 146 38.0
76 107 39.0
76 18 40.0
76 8 41.0
76 117 42.0
76 118 43.0
76 119 44.0
76 120 45.0
76 116 46.0
76 115 47.0
76 102 48.0
76 103 49.0
76 135 50.0
76 137 51.0
77 144 37.0
77 68 38.0
77 67 39.0
77 66 40.0
77 65 41.0
77 49 42.0
77 50 43.0
77 47 44.0
77 53 45.0
77 40 46.0
77 34 47.0
77 96 48.0
77 149 49.0
78 138 35.0
78 136 36.0
78 105 37.0
78 104 38.0
78 134 39.0
78 133 40.0
78 132 41.0
78 131 42.0
78 130 43.0
78 129 44.0
78 128 45.0
78 9 46.0
78 19 47.0
78 108 48.0
78 145 49.0
79 146 36.0
79 107 37.0
79 18 38.0
79 8 39.0
79 9 40.0
79 10 41.0
79 21 42.0
79 22 43.0
79 23 44.0
79 24 45.0
79 25 46.0
79 33 47.0
79 69 48.0
79 71 49.0
79 73 50.0
79 75 51.0
79 77 52.0
79 31 53.0
79 32 54.0
79 38 55.0
79 43 56.0
79 44 57.0
79 51 58.0
79 101 59.0
79 151 60.0
80 148 49.0
80 95 50.0
80 32 51.0
80 79 52.0
80 34 53.0
80 35 54.0
80 81 55.0
80 82 56.0
80 83 57.0
80 84 58.0
80 85 59.0
80 86 60.0
80 139 61.0
81 142 41.0
81 59 42.0
81 57 43.0
81 55 44.0
81 106 45.0
81 1 46.0
81 121 47.0
81 122 48.0
81 123 49.0
81 124 50.0
81 125 51.0
81 126 52.0
81 127 53.0
81 103 54.0
81 135 55.0
81 137 56.0
82 148 43.0
82 95 44.0
82 32 45.0
82 38 46.0
82 43 47.0
82 44 48.0
82 46 49.0
82 47 50.0
82 48 51.0
82 49 52.0
82 99 53.0
82 153 54.0
83 142 50.0
83 59 51.0
83 57 52.0
83 55 53.0
83 106 54.0
83 1 55.0
83 121 56.0
83 122 57.0
83 123 58.0
83 124 59.0
83 125 60.0
83 126 61.0
83 127 62.0
83 103 63.0
83 135 64.0
83 137 65.0
85 152 48.0
85 100 49.0
85 52 50.0
85 45 51.0
85 44 52.0
85 46 53.0
85 47 54.0
85 48 55.0
85 49 56.0
85 99 57.0
85 153 58.0
86 138 41.0
86 136 42.0
86 105 43.0
86 104 44.0
86 102 45.0
86 114 46.0
86 113 47.0
86 112 48.0
86 111 49.0
86 110 50.0
86 109 51.0
86 2 52.0
86 11 53.0
86 56 54.0
86 58 55.0
86 60 56.0
86 141 57.0
87 138 46.0
87 136 47.0
87 105 48.0
87 104 49.0
87 102 50.0
87 114 51.0
87 113 52.0
87 112 53.0
87 111 54.0
87 110 55.0
87 109 56.0
87 2 57.0
87 11 58.0
87 56 59.0
87 58 60.0
87 60 61.0
87 141 62.0
88 146 46.0
88 107 47.0
88 18 48.0
88 17 49.0
88 16 50.0
88 15 51.0
88 14 52.0
88 13 53.0
88 12 54.0
88 11 55.0
88 56 56.0
88 58 57.0
88 60 58.0
88 141 59.0
92 138 48.0
92 136 49.0
92 105 50.0
92 104 51.0
92 102 52.0
92 114 53.0
92 113 54.0
92 112 55.0
92 111 56.0
92 110 57.0
92 109 58.0
92 2 59.0
92 11 60.0
92 56 61.0
92 58 62.0
92 60 63.0
92 141 64.0
95 140 47.0
95 93 48.0
95 92 49.0
95 91 50.0
95 90 51.0
95 89 52.0
95 88 53.0
95 87 54.0
95 41 55.0
95 42 56.0
95 48 57.0
95 61 58.0
95 62 59.0
95 63 60.0
95 54 61.0
95 143 62.0
96 144 49.0
96 68 50.0
96 67 51.0
96 66 52.0
96 65 53.0
96 49 54.0
96 50 55.0
96 47 56.0
96 53 57.0
96 40 58.0
96 34 59.0
96 35 60.0
96 81 61.0
96 82 62.0
96 83 63.0
96 84 64.0
96 85 65.0
96 86 66.0
96 139 67.0
97 138 50.0
97 136 51.0
97 105 52.0
97 104 53.0
97 134 54.0
97 133 55.0
97 132 56.0
97 131 57.0
97 130 58.0
97 129 59.0
97 128 60.0
97 9 61.0
97 19 62.0
97 108 63.0
97 145 64.0
98 152 42.0
98 100 43.0
98 52 44.0
98 45 45.0
98 37 46.0
98 36 47.0
98 31 48.0
98 94 49.0
98 147 50.0
99 152 12
99 100 13.0
99 52 14.0
99 45 15.0
99 44 16.0
99 46 17.0
99 47 18.0
99 48 19.0
99 49 20.0
99 99 21.0
99 153 22.0
;
set fixedFlights :=
3 9 10
11 9 10
26 9 10
67 9 10
79 9 10
3 8 9
11 8 9
26 8 9
67 8 9
79 8 9
24 12 11
57 12 11
88 12 11
24 13 12
57 13 12
88 13 12
24 14 13
57 14 13
88 14 13
24 15 14
57 15 14
88 15 14
24 16 15
57 16 15
88 16 15
24 17 16
57 17 16
88 17 16
24 18 17
57 18 17
88 18 17
42 20 19
60 20 19
3 10 21
11 10 21
26 10 21
67 10 21
79 10 21
3 21 22
11 21 22
26 21 22
67 21 22
79 21 22
3 22 23
11 22 23
26 22 23
67 22 23
79 22 23
3 23 24
11 23 24
26 23 24
67 23 24
79 23 24
3 24 25
11 24 25
26 24 25
67 24 25
79 24 25
42 26 20
60 26 20
42 27 26
60 27 26
42 28 27
60 28 27
42 29 28
60 29 28
42 30 29
60 30 29
9 34 35
23 34 35
30 34 35
35 34 35
40 34 35
48 34 35
59 34 35
61 34 35
80 34 35
96 34 35
32 36 31
39 36 31
41 36 31
51 36 31
55 36 31
74 36 31
98 36 31
41 37 36
42 37 36
51 37 36
55 37 36
60 37 36
74 37 36
98 37 36
7 41 40
8 41 40
10 41 40
25 41 40
32 41 40
38 41 40
39 41 40
75 41 40
33 35 41
35 35 41
38 35 41
40 35 41
46 35 41
49 35 41
58 35 41
75 35 41
12 41 42
14 41 42
33 41 42
35 41 42
36 41 42
37 41 42
40 41 42
46 41 42
49 41 42
58 41 42
70 41 42
95 41 42
3 32 38
5 32 38
11 32 38
17 32 38
19 32 38
22 32 38
56 32 38
65 32 38
79 32 38
82 32 38
3 38 43
5 38 43
8 38 43
10 38 43
11 38 43
17 38 43
19 38 43
22 38 43
25 38 43
38 38 43
56 38 43
65 38 43
75 38 43
79 38 43
82 38 43
3 43 44
5 43 44
8 43 44
10 43 44
11 43 44
17 43 44
19 43 44
22 43 44
25 43 44
38 43 44
56 43 44
65 43 44
75 43 44
79 43 44
82 43 44
41 45 37
42 45 37
51 45 37
55 45 37
60 45 37
74 45 37
98 45 37
3 31 32
11 31 32
26 31 32
41 31 32
79 31 32
0 45 44
4 45 44
66 45 44
85 45 44
99 45 44
0 44 46
4 44 46
66 44 46
82 44 46
85 44 46
99 44 46
0 46 47
4 46 47
66 46 47
82 46 47
85 46 47
99 46 47
0 47 48
4 47 48
52 47 48
66 47 48
82 47 48
85 47 48
99 47 48
12 42 48
14 42 48
33 42 48
35 42 48
36 42 48
37 42 48
40 42 48
46 42 48
49 42 48
58 42 48
70 42 48
95 42 48
21 49 50
23 49 50
30 49 50
71 49 50
77 49 50
96 49 50
42 51 52
51 51 52
55 51 52
74 51 52
0 52 45
4 52 45
41 52 45
42 52 45
51 52 45
55 52 45
60 52 45
66 52 45
74 52 45
85 52 45
98 52 45
99 52 45
3 44 51
5 44 51
8 44 51
10 44 51
11 44 51
17 44 51
19 44 51
22 44 51
25 44 51
38 44 51
56 44 51
65 44 51
75 44 51
79 44 51
0 48 49
4 48 49
12 48 49
14 48 49
33 48 49
36 48 49
37 48 49
58 48 49
70 48 49
82 48 49
85 48 49
99 48 49
21 50 47
23 50 47
30 50 47
31 50 47
48 50 47
52 50 47
53 50 47
61 50 47
77 50 47
96 50 47
21 47 53
23 47 53
30 47 53
31 47 53
48 47 53
53 47 53
61 47 53
77 47 53
96 47 53
21 53 40
23 53 40
30 53 40
31 53 40
48 53 40
53 53 40
61 53 40
77 53 40
96 53 40
7 40 34
21 40 34
23 40 34
30 40 34
31 40 34
48 40 34
53 40 34
61 40 34
77 40 34
96 40 34
35 54 143
40 54 143
46 54 143
49 54 143
52 54 143
66 54 143
95 54 143
15 57 55
20 57 55
28 57 55
43 57 55
54 57 55
73 57 55
81 57 55
83 57 55
16 56 58
24 56 58
44 56 58
45 56 58
50 56 58
57 56 58
68 56 58
86 56 58
87 56 58
88 56 58
92 56 58
15 59 57
20 59 57
28 59 57
43 59 57
54 59 57
73 59 57
81 59 57
83 59 57
16 58 60
24 58 60
44 58 60
45 58 60
50 58 60
57 58 60
68 58 60
86 58 60
87 58 60
88 58 60
92 58 60
16 60 141
24 60 141
44 60 141
45 60 141
50 60 141
57 60 141
68 60 141
86 60 141
87 60 141
88 60 141
92 60 141
15 142 59
20 142 59
28 142 59
43 142 59
54 142 59
73 142 59
81 142 59
83 142 59
35 48 61
40 48 61
46 48 61
49 48 61
52 48 61
66 48 61
95 48 61
35 61 62
40 61 62
46 61 62
49 61 62
52 61 62
66 61 62
95 61 62
35 62 63
40 62 63
46 62 63
49 62 63
52 62 63
66 62 63
95 62 63
21 66 65
23 66 65
27 66 65
30 66 65
71 66 65
77 66 65
96 66 65
21 67 66
23 67 66
27 67 66
30 67 66
71 67 66
77 67 66
96 67 66
21 68 67
23 68 67
27 68 67
30 68 67
71 68 67
77 68 67
96 68 67
21 144 68
23 144 68
27 144 68
30 144 68
71 144 68
77 144 68
96 144 68
42 64 51
51 64 51
55 64 51
71 64 51
74 64 51
35 63 54
40 63 54
46 63 54
49 63 54
52 63 54
66 63 54
95 63 54
21 65 49
23 65 49
27 65 49
30 65 49
71 65 49
77 65 49
96 65 49
42 50 64
51 50 64
55 50 64
71 50 64
74 50 64
3 25 33
11 25 33
26 25 33
67 25 33
79 25 33
3 33 69
11 33 69
26 33 69
67 33 69
79 33 69
3 69 71
11 69 71
26 69 71
67 69 71
79 69 71
3 71 73
11 71 73
26 71 73
67 71 73
79 71 73
3 73 75
11 73 75
26 73 75
67 73 75
79 73 75
3 75 77
11 75 77
26 75 77
67 75 77
79 75 77
3 77 31
11 77 31
26 77 31
67 77 31
79 77 31
8 40 80
10 40 80
25 40 80
32 40 80
38 40 80
39 40 80
75 40 80
8 80 38
10 80 38
25 80 38
32 80 38
38 80 38
39 80 38
75 80 38
32 38 36
39 38 36
42 36 78
60 36 78
42 78 76
60 78 76
42 76 74
60 76 74
42 74 72
60 74 72
42 72 70
60 72 70
42 70 39
60 70 39
42 39 30
60 39 30
9 32 79
26 32 79
35 32 79
40 32 79
41 32 79
59 32 79
80 32 79
9 79 34
26 79 34
35 79 34
40 79 34
41 79 34
59 79 34
80 79 34
5 148 95
9 148 95
17 148 95
19 148 95
22 148 95
35 148 95
40 148 95
56 148 95
59 148 95
65 148 95
80 148 95
82 148 95
32 94 147
39 94 147
51 94 147
55 94 147
67 94 147
74 94 147
98 94 147
0 152 100
4 152 100
41 152 100
60 152 100
66 152 100
85 152 100
98 152 100
99 152 100
3 101 151
5 101 151
8 101 151
10 101 151
11 101 151
17 101 151
19 101 151
22 101 151
25 101 151
38 101 151
56 101 151
65 101 151
71 101 151
75 101 151
79 101 151
31 154 98
42 154 98
48 154 98
51 154 98
52 154 98
53 154 98
55 154 98
61 154 98
74 154 98
0 99 153
4 99 153
12 99 153
14 99 153
27 99 153
33 99 153
36 99 153
37 99 153
58 99 153
70 99 153
82 99 153
85 99 153
99 99 153
7 96 149
21 96 149
26 96 149
31 96 149
41 96 149
53 96 149
77 96 149
6 150 97
33 150 97
38 150 97
46 150 97
49 150 97
58 150 97
64 150 97
69 150 97
75 150 97
6 97 35
33 97 35
38 97 35
46 97 35
49 97 35
58 97 35
64 97 35
69 97 35
75 97 35
5 95 32
9 95 32
17 95 32
19 95 32
22 95 32
35 95 32
40 95 32
56 95 32
59 95 32
65 95 32
80 95 32
82 95 32
32 31 94
39 31 94
51 31 94
55 31 94
67 31 94
74 31 94
98 31 94
7 34 96
21 34 96
26 34 96
31 34 96
41 34 96
53 34 96
77 34 96
3 51 101
5 51 101
8 51 101
10 51 101
11 51 101
17 51 101
19 51 101
22 51 101
25 51 101
38 51 101
56 51 101
65 51 101
71 51 101
75 51 101
79 51 101
0 100 52
4 100 52
41 100 52
60 100 52
66 100 52
85 100 52
98 100 52
99 100 52
31 98 50
42 98 50
48 98 50
51 98 50
52 98 50
53 98 50
55 98 50
61 98 50
74 98 50
0 49 99
4 49 99
12 49 99
14 49 99
27 49 99
33 49 99
36 49 99
37 49 99
58 49 99
70 49 99
82 49 99
85 49 99
99 49 99
6 35 81
9 35 81
23 35 81
30 35 81
48 35 81
59 35 81
61 35 81
64 35 81
69 35 81
80 35 81
96 35 81
6 81 82
9 81 82
23 81 82
30 81 82
48 81 82
59 81 82
61 81 82
64 81 82
69 81 82
80 81 82
96 81 82
6 82 83
9 82 83
23 82 83
30 82 83
48 82 83
59 82 83
61 82 83
64 82 83
69 82 83
80 82 83
96 82 83
6 83 84
9 83 84
23 83 84
30 83 84
48 83 84
59 83 84
61 83 84
64 83 84
69 83 84
80 83 84
96 83 84
6 84 85
9 84 85
23 84 85
30 84 85
48 84 85
59 84 85
61 84 85
64 84 85
69 84 85
80 84 85
96 84 85
6 85 86
9 85 86
23 85 86
30 85 86
48 85 86
59 85 86
61 85 86
64 85 86
69 85 86
80 85 86
96 85 86
7 93 92
8 93 92
10 93 92
12 93 92
14 93 92
25 93 92
32 93 92
36 93 92
37 93 92
39 93 92
70 93 92
95 93 92
7 92 91
8 92 91
10 92 91
12 92 91
14 92 91
25 92 91
32 92 91
36 92 91
37 92 91
39 92 91
70 92 91
95 92 91
7 91 90
8 91 90
10 91 90
12 91 90
14 91 90
25 91 90
32 91 90
36 91 90
37 91 90
39 91 90
70 91 90
95 91 90
7 90 89
8 90 89
10 90 89
12 90 89
14 90 89
25 90 89
32 90 89
36 90 89
37 90 89
39 90 89
70 90 89
95 90 89
7 89 88
8 89 88
10 89 88
12 89 88
14 89 88
25 89 88
32 89 88
36 89 88
37 89 88
39 89 88
70 89 88
95 89 88
7 88 87
8 88 87
10 88 87
12 88 87
14 88 87
25 88 87
32 88 87
36 88 87
37 88 87
39 88 87
70 88 87
95 88 87
7 87 41
8 87 41
10 87 41
12 87 41
14 87 41
25 87 41
32 87 41
36 87 41
37 87 41
39 87 41
70 87 41
95 87 41
6 86 139
9 86 139
23 86 139
30 86 139
48 86 139
59 86 139
61 86 139
64 86 139
69 86 139
80 86 139
96 86 139
7 140 93
8 140 93
10 140 93
12 140 93
14 140 93
25 140 93
32 140 93
36 140 93
37 140 93
39 140 93
70 140 93
95 140 93
2 108 145
13 108 145
42 108 145
47 108 145
60 108 145
63 108 145
72 108 145
78 108 145
97 108 145
3 146 107
11 146 107
24 146 107
26 146 107
57 146 107
67 146 107
76 146 107
79 146 107
88 146 107
16 11 56
24 11 56
44 11 56
45 11 56
50 11 56
57 11 56
68 11 56
86 11 56
87 11 56
88 11 56
92 11 56
16 2 11
44 2 11
45 2 11
50 2 11
68 2 11
86 2 11
87 2 11
92 2 11
3 107 18
11 107 18
24 107 18
26 107 18
57 107 18
67 107 18
76 107 18
79 107 18
88 107 18
3 18 8
11 18 8
26 18 8
67 18 8
76 18 8
79 18 8
2 9 19
13 9 19
47 9 19
63 9 19
72 9 19
78 9 19
97 9 19
2 19 108
13 19 108
42 19 108
47 19 108
60 19 108
63 19 108
72 19 108
78 19 108
97 19 108
15 55 106
20 55 106
28 55 106
43 55 106
54 55 106
73 55 106
81 55 106
83 55 106
15 106 1
20 106 1
28 106 1
43 106 1
54 106 1
73 106 1
81 106 1
83 106 1
15 1 121
20 1 121
28 1 121
43 1 121
54 1 121
73 1 121
81 1 121
83 1 121
15 121 122
20 121 122
28 121 122
43 121 122
54 121 122
73 121 122
81 121 122
83 121 122
16 109 2
44 109 2
45 109 2
50 109 2
68 109 2
86 109 2
87 109 2
92 109 2
16 110 109
44 110 109
45 110 109
50 110 109
68 110 109
86 110 109
87 110 109
92 110 109
16 104 102
44 104 102
45 104 102
50 104 102
68 104 102
86 104 102
87 104 102
92 104 102
16 102 114
44 102 114
45 102 114
50 102 114
68 102 114
86 102 114
87 102 114
92 102 114
76 115 102
76 102 103
2 105 104
13 105 104
16 105 104
44 105 104
45 105 104
47 105 104
50 105 104
63 105 104
68 105 104
72 105 104
78 105 104
86 105 104
87 105 104
92 105 104
97 105 104
2 104 134
13 104 134
47 104 134
63 104 134
72 104 134
78 104 134
97 104 134
2 134 133
13 134 133
47 134 133
63 134 133
72 134 133
78 134 133
97 134 133
76 116 115
76 8 117
76 117 118
76 118 119
76 119 120
76 120 116
2 133 132
13 133 132
47 133 132
63 133 132
72 133 132
78 133 132
97 133 132
2 132 131
13 132 131
47 132 131
63 132 131
72 132 131
78 132 131
97 132 131
2 131 130
13 131 130
47 131 130
63 131 130
72 131 130
78 131 130
97 131 130
2 130 129
13 130 129
47 130 129
63 130 129
72 130 129
78 130 129
97 130 129
2 129 128
13 129 128
47 129 128
63 129 128
72 129 128
78 129 128
97 129 128
2 128 9
13 128 9
47 128 9
63 128 9
72 128 9
78 128 9
97 128 9
15 122 123
20 122 123
28 122 123
43 122 123
54 122 123
73 122 123
81 122 123
83 122 123
15 123 124
20 123 124
28 123 124
43 123 124
54 123 124
73 123 124
81 123 124
83 123 124
15 124 125
20 124 125
28 124 125
43 124 125
54 124 125
73 124 125
81 124 125
83 124 125
15 125 126
20 125 126
28 125 126
43 125 126
54 125 126
73 125 126
81 125 126
83 125 126
15 126 127
20 126 127
28 126 127
43 126 127
54 126 127
73 126 127
81 126 127
83 126 127
15 127 103
20 127 103
28 127 103
43 127 103
54 127 103
73 127 103
81 127 103
83 127 103
16 114 113
44 114 113
45 114 113
50 114 113
68 114 113
86 114 113
87 114 113
92 114 113
16 113 112
44 113 112
45 113 112
50 113 112
68 113 112
86 113 112
87 113 112
92 113 112
16 112 111
44 112 111
45 112 111
50 112 111
68 112 111
86 112 111
87 112 111
92 112 111
16 111 110
44 111 110
45 111 110
50 111 110
68 111 110
86 111 110
87 111 110
92 111 110
15 103 135
20 103 135
28 103 135
43 103 135
54 103 135
73 103 135
76 103 135
81 103 135
83 103 135
15 135 137
20 135 137
28 135 137
43 135 137
54 135 137
73 135 137
76 135 137
81 135 137
83 135 137
2 138 136
13 138 136
16 138 136
44 138 136
45 138 136
47 138 136
50 138 136
63 138 136
68 138 136
72 138 136
78 138 136
86 138 136
87 138 136
92 138 136
97 138 136
2 136 105
13 136 105
16 136 105
44 136 105
45 136 105
47 136 105
50 136 105
63 136 105
68 136 105
72 136 105
78 136 105
86 136 105
87 136 105
92 136 105
97 136 105
;
;
set inFlight:=
0
2
3
4
5
6
7
8
9
10
11
12
13
14
15
16
17
19
20
24
31
34
;
set passedFreeF:=
34 152 100
34 100 52
34 52 45
34 45 37
34 37 36
34 36 78
34 78 76
34 76 74
34 74 72
34 72 70
34 70 39
34 39 30
34 30 29
34 29 28
34 28 27
34 27 26
34 26 20
34 20 19
34 19 108
34 108 145
;
param tini := 10.087921935728778;
