param nn:= 155;
set F:=
0
1
2
3
4
5
6
7
8
9
10
11
12
13
14
15
16
17
18
19
20
21
22
23
24
25
26
27
28
29
30
31
32
33
34
35
36
37
38
39
40
41
42
43
44
45
46
47
48
49
50
51
52
53
54
55
56
57
58
59
60
61
62
63
64
66
67
68
69
70
71
72
73
74
75
76
77
78
79
80
82
83
84
85
86
89
91
92
95
96
97
99
100
;
set AP:=
100
;
param: E: d:=
2 3 2.500000
3 4 2.500000
4 5 2.500000
5 6 2.500000
6 7 2.500000
7 0 2.500000
0 8 2.500000
9 10 2.500000
8 9 2.500000
12 11 2.500000
13 12 2.500000
14 13 2.500000
15 14 2.500000
16 15 2.500000
17 16 2.500000
18 17 2.500000
19 18 2.500000
20 19 2.500000
10 21 2.500000
21 22 2.500000
22 23 2.500000
23 24 2.500000
24 25 2.500000
26 20 2.500000
27 26 2.500000
28 27 2.500000
29 28 2.500000
30 29 2.500000
34 35 2.500000
36 31 2.500000
37 36 2.500000
41 40 2.500000
35 41 2.500000
41 42 2.500000
32 38 2.500000
38 43 2.500000
43 44 2.500000
45 37 2.500000
31 32 2.500000
45 44 2.500000
44 46 2.500000
46 47 2.500000
47 48 2.500000
42 48 2.500000
49 50 2.500000
51 52 2.500000
52 45 2.500000
44 51 2.500000
48 49 2.500000
50 47 2.500000
47 53 2.500000
53 40 2.500000
40 34 2.500000
54 143 1.500000
57 55 2.500000
56 58 2.500000
59 57 2.500000
58 60 2.500000
60 141 1.500000
142 59 1.500000
48 61 2.500000
61 62 2.500000
62 63 2.500000
66 65 2.500000
67 66 2.500000
68 67 2.500000
144 68 1.500000
2 1 2.500000
64 51 2.500000
63 54 2.500000
65 49 2.500000
50 64 2.500000
25 33 2.500000
33 69 2.500000
69 71 2.500000
71 73 2.500000
73 75 2.500000
75 77 2.500000
77 31 2.500000
40 80 2.500000
80 38 2.500000
38 36 2.500000
36 78 2.500000
78 76 2.500000
76 74 2.500000
74 72 2.500000
72 70 2.500000
70 39 2.500000
39 30 2.500000
32 79 2.500000
79 34 2.500000
148 95 1.500000
94 147 1.500000
152 100 1.500000
101 151 1.500000
154 98 1.500000
99 153 1.500000
96 149 1.500000
150 97 1.500000
97 35 2.500000
95 32 2.500000
31 94 2.500000
34 96 2.500000
51 101 2.500000
100 52 2.500000
98 50 2.500000
49 99 2.500000
35 81 2.500000
81 82 2.500000
82 83 2.500000
83 84 2.500000
84 85 2.500000
85 86 2.500000
93 92 2.500000
92 91 2.500000
91 90 2.500000
90 89 2.500000
89 88 2.500000
88 87 2.500000
87 41 2.500000
86 139 1.500000
140 93 1.500000
108 145 1.500000
146 107 1.500000
11 56 2.500000
2 11 2.500000
107 18 2.500000
18 8 2.500000
9 19 2.500000
19 108 2.500000
55 106 2.500000
106 1 2.500000
1 121 2.500000
121 122 2.500000
109 2 2.500000
110 109 2.500000
104 102 2.500000
102 114 2.500000
115 102 2.500000
102 103 2.500000
105 104 2.500000
104 134 2.500000
134 133 2.500000
103 105 2.500000
116 115 2.500000
8 117 2.500000
117 118 2.500000
118 119 2.500000
119 120 2.500000
120 116 2.500000
133 132 2.500000
132 131 2.500000
131 130 2.500000
130 129 2.500000
129 128 2.500000
128 9 2.500000
122 123 2.500000
123 124 2.500000
124 125 2.500000
125 126 2.500000
126 127 2.500000
127 103 2.500000
114 113 2.500000
113 112 2.500000
112 111 2.500000
111 110 2.500000
103 135 2.500000
135 137 1.500000
138 136 1.500000
136 105 2.500000
;
param s:=
0 152
1 142
2 152
3 140
4 154
5 144
6 142
7 148
8 148
9 150
10 148
11 152
12 148
13 146
14 154
15 148
16 152
17 142
18 154
19 146
20 150
21 152
22 146
23 142
24 140
25 148
26 154
27 142
28 148
29 148
30 154
31 148
32 142
33 142
34 138
35 152
36 152
37 148
38 150
39 144
40 144
41 146
42 148
43 142
44 138
45 144
46 152
47 150
48 154
49 142
50 150
51 144
52 154
53 140
54 144
55 140
56 146
57 150
58 138
59 154
60 154
61 150
62 142
63 146
64 144
66 148
67 140
68 140
69 144
70 144
71 142
72 152
73 146
74 138
75 144
76 154
77 144
78 142
79 144
80 150
82 138
83 148
84 146
85 150
86 138
89 144
91 148
92 142
95 148
96 146
97 146
99 148
100 152
;
param e:=
0 149
1 137
2 153
3 147
4 147
5 151
6 137
7 139
8 139
9 147
10 151
11 149
12 143
13 147
14 139
15 151
16 139
17 137
18 149
19 149
20 139
21 147
22 147
23 137
24 153
25 145
26 147
27 137
28 145
29 145
30 143
31 143
32 137
33 137
34 145
35 143
36 145
37 151
38 153
39 149
40 149
41 137
42 143
43 137
44 141
45 147
46 143
47 153
48 139
49 137
50 143
51 139
52 143
53 143
54 151
55 147
56 141
57 153
58 145
59 147
60 139
61 147
62 137
63 147
64 149
66 151
67 143
68 147
69 153
70 151
71 137
72 153
73 149
74 141
75 139
76 139
77 147
78 137
79 149
80 151
82 145
83 151
84 151
85 139
86 141
89 153
91 139
92 137
95 151
96 151
97 141
99 139
100 139
;
param v_min:=2.375
;
param v_max:=2.625
;
param :conflictsNodes: angle:=
0 7 8 1.000000
0 8 7 1.000000
1 2 121 1.154701
1 121 2 1.154701
1 2 106 1.000000
1 106 2 1.000000
1 106 121 1.000000
1 121 106 1.000000
2 3 11 1.000000
2 11 3 1.000000
2 3 109 1.154701
2 109 3 1.154701
2 1 3 1.000000
2 3 1 1.000000
2 1 11 1.000000
2 11 1 1.000000
2 1 109 1.000000
2 109 1 1.000000
2 11 109 1.000000
2 109 11 1.000000
3 2 4 1.000000
3 4 2 1.000000
4 3 5 1.000000
4 5 3 1.000000
5 4 6 1.000000
5 6 4 1.000000
6 5 7 1.000000
6 7 5 1.000000
7 0 6 1.000000
7 6 0 1.000000
8 0 9 1.000000
8 9 0 1.000000
8 0 117 1.154701
8 117 0 1.154701
8 0 18 1.000000
8 18 0 1.000000
8 9 117 1.000000
8 117 9 1.000000
8 9 18 1.000000
8 18 9 1.000000
8 18 117 1.000000
8 117 18 1.000000
9 8 10 1.000000
9 10 8 1.000000
9 8 19 1.000000
9 19 8 1.000000
9 8 128 1.154701
9 128 8 1.154701
9 10 19 1.000000
9 19 10 1.000000
9 10 128 1.000000
9 128 10 1.000000
9 19 128 1.000000
9 128 19 1.000000
10 9 21 1.000000
10 21 9 1.000000
11 2 12 1.000000
11 12 2 1.000000
11 2 56 1.000000
11 56 2 1.000000
11 12 56 1.000000
11 56 12 1.000000
12 11 13 1.000000
12 13 11 1.000000
13 12 14 1.000000
13 14 12 1.000000
14 13 15 1.000000
14 15 13 1.000000
15 14 16 1.000000
15 16 14 1.000000
16 15 17 1.000000
16 17 15 1.000000
17 16 18 1.000000
17 18 16 1.000000
18 17 19 1.000000
18 19 17 1.000000
18 17 107 1.000000
18 107 17 1.000000
18 8 17 1.000000
18 17 8 1.000000
18 8 19 1.000000
18 19 8 1.000000
18 8 107 1.000000
18 107 8 1.000000
18 19 107 1.000000
18 107 19 1.000000
19 9 18 1.000000
19 18 9 1.000000
19 9 108 1.000000
19 108 9 1.000000
19 9 20 1.000000
19 20 9 1.000000
19 18 108 1.000000
19 108 18 1.000000
19 18 20 1.000000
19 20 18 1.000000
19 20 108 1.000000
19 108 20 1.000000
20 19 26 1.000000
20 26 19 1.000000
21 10 22 1.000000
21 22 10 1.000000
22 21 23 1.000000
22 23 21 1.000000
23 22 24 1.000000
23 24 22 1.000000
24 23 25 1.000000
24 25 23 1.000000
25 24 33 1.000000
25 33 24 1.000000
26 20 27 1.000000
26 27 20 1.000000
27 26 28 1.000000
27 28 26 1.000000
28 27 29 1.000000
28 29 27 1.000000
29 28 30 1.000000
29 30 28 1.000000
30 29 39 1.000000
30 39 29 1.000000
31 36 94 1.000000
31 94 36 1.000000
31 36 77 1.000000
31 77 36 1.000000
31 32 36 1.000000
31 36 32 1.000000
31 32 94 1.000000
31 94 32 1.000000
31 32 77 1.000000
31 77 32 1.000000
31 77 94 1.000000
31 94 77 1.000000
32 31 38 1.000000
32 38 31 1.000000
32 31 79 1.000000
32 79 31 1.000000
32 31 95 1.000000
32 95 31 1.000000
32 38 79 1.000000
32 79 38 1.000000
32 38 95 1.000000
32 95 38 1.000000
32 79 95 1.000000
32 95 79 1.000000
33 25 69 1.000000
33 69 25 1.000000
34 35 96 1.000000
34 96 35 1.000000
34 35 40 1.000000
34 40 35 1.000000
34 35 79 1.000000
34 79 35 1.000000
34 40 96 1.000000
34 96 40 1.000000
34 40 79 1.000000
34 79 40 1.000000
34 79 96 1.000000
34 96 79 1.000000
35 34 41 1.000000
35 41 34 1.000000
35 34 81 1.000000
35 81 34 1.000000
35 34 97 1.000000
35 97 34 1.000000
35 41 81 1.000000
35 81 41 1.000000
35 41 97 1.000000
35 97 41 1.000000
35 81 97 1.189773
35 97 81 1.189773
36 31 78 1.000000
36 78 31 1.000000
36 31 37 1.000000
36 37 31 1.000000
36 31 38 1.000000
36 38 31 1.000000
36 37 78 1.000000
36 78 37 1.000000
36 37 38 1.000000
36 38 37 1.000000
36 38 78 1.000000
36 78 38 1.000000
37 36 45 1.000000
37 45 36 1.000000
38 32 43 1.000000
38 43 32 1.000000
38 32 36 1.000000
38 36 32 1.000000
38 32 80 1.000000
38 80 32 1.000000
38 43 80 1.000000
38 80 43 1.000000
38 36 43 1.000000
38 43 36 1.000000
38 36 80 1.000000
38 80 36 1.000000
39 30 70 1.000000
39 70 30 1.000000
40 41 80 1.000000
40 80 41 1.000000
40 41 53 1.000000
40 53 41 1.000000
40 34 41 1.000000
40 41 34 1.000000
40 34 80 1.000000
40 80 34 1.000000
40 34 53 1.000000
40 53 34 1.000000
40 53 80 1.000000
40 80 53 1.000000
41 35 40 1.000000
41 40 35 1.000000
41 35 42 1.000000
41 42 35 1.000000
41 35 87 1.189773
41 87 35 1.189773
41 40 42 1.000000
41 42 40 1.000000
41 40 87 1.000000
41 87 40 1.000000
41 42 87 1.000000
41 87 42 1.000000
42 41 48 1.000000
42 48 41 1.000000
43 38 44 1.000000
43 44 38 1.000000
44 43 46 1.000000
44 46 43 1.000000
44 43 51 1.000000
44 51 43 1.000000
44 43 45 1.000000
44 45 43 1.000000
44 46 51 1.000000
44 51 46 1.000000
44 45 46 1.000000
44 46 45 1.000000
44 45 51 1.000000
44 51 45 1.000000
45 37 44 1.000000
45 44 37 1.000000
45 37 52 1.000000
45 52 37 1.000000
45 44 52 1.000000
45 52 44 1.000000
46 44 47 1.000000
46 47 44 1.000000
47 46 48 1.000000
47 48 46 1.000000
47 46 53 1.000000
47 53 46 1.000000
47 46 50 1.000000
47 50 46 1.000000
47 48 53 1.000000
47 53 48 1.000000
47 48 50 1.000000
47 50 48 1.000000
47 50 53 1.000000
47 53 50 1.000000
48 42 47 1.000000
48 47 42 1.000000
48 42 49 1.000000
48 49 42 1.000000
48 42 61 1.000000
48 61 42 1.000000
48 47 49 1.000000
48 49 47 1.000000
48 47 61 1.000000
48 61 47 1.000000
48 49 61 1.000000
48 61 49 1.000000
49 48 50 1.000000
49 50 48 1.000000
49 48 99 1.000000
49 99 48 1.000000
49 48 65 1.000000
49 65 48 1.000000
49 50 99 1.000000
49 99 50 1.000000
49 50 65 1.000000
49 65 50 1.000000
49 65 99 1.000000
49 99 65 1.000000
50 49 64 1.000000
50 64 49 1.000000
50 49 98 1.000000
50 98 49 1.000000
50 47 49 1.000000
50 49 47 1.000000
50 47 64 1.000000
50 64 47 1.000000
50 47 98 1.000000
50 98 47 1.000000
50 64 98 1.000000
50 98 64 1.000000
51 44 52 1.000000
51 52 44 1.000000
51 44 101 1.000000
51 101 44 1.000000
51 44 64 1.000000
51 64 44 1.000000
51 52 101 1.000000
51 101 52 1.000000
51 52 64 1.000000
51 64 52 1.000000
51 64 101 1.000000
51 101 64 1.000000
52 51 100 1.000000
52 100 51 1.000000
52 45 51 1.000000
52 51 45 1.000000
52 45 100 1.000000
52 100 45 1.000000
53 40 47 1.000000
53 47 40 1.000000
55 57 106 1.000000
55 106 57 1.000000
56 11 58 1.000000
56 58 11 1.000000
57 55 59 1.000000
57 59 55 1.000000
58 56 60 1.000000
58 60 56 1.000000
61 48 62 1.000000
61 62 48 1.000000
62 61 63 1.000000
62 63 61 1.000000
63 54 62 1.000000
63 62 54 1.000000
64 50 51 1.000000
64 51 50 1.000000
65 49 66 1.000000
65 66 49 1.000000
66 65 67 1.000000
66 67 65 1.000000
67 66 68 1.000000
67 68 66 1.000000
69 33 71 1.000000
69 71 33 1.000000
70 39 72 1.000000
70 72 39 1.000000
71 69 73 1.000000
71 73 69 1.000000
72 70 74 1.000000
72 74 70 1.000000
73 71 75 1.000000
73 75 71 1.000000
74 72 76 1.000000
74 76 72 1.000000
75 73 77 1.000000
75 77 73 1.000000
76 74 78 1.000000
76 78 74 1.000000
77 31 75 1.000000
77 75 31 1.000000
78 36 76 1.000000
78 76 36 1.000000
79 32 34 1.000000
79 34 32 1.000000
80 38 40 1.000000
80 40 38 1.000000
81 35 82 1.000000
81 82 35 1.000000
82 81 83 1.000000
82 83 81 1.000000
83 82 84 1.000000
83 84 82 1.000000
84 83 85 1.000000
84 85 83 1.000000
85 84 86 1.000000
85 86 84 1.000000
87 41 88 1.000000
87 88 41 1.000000
88 87 89 1.000000
88 89 87 1.000000
89 88 90 1.000000
89 90 88 1.000000
90 89 91 1.000000
90 91 89 1.000000
91 90 92 1.000000
91 92 90 1.000000
92 91 93 1.000000
92 93 91 1.000000
102 104 114 1.000000
102 114 104 1.000000
102 104 115 1.000000
102 115 104 1.000000
102 114 115 1.154701
102 115 114 1.154701
102 103 104 1.154701
102 104 103 1.154701
102 103 114 1.000000
102 114 103 1.000000
102 103 115 1.000000
102 115 103 1.000000
103 102 105 1.000000
103 105 102 1.000000
103 102 135 1.000000
103 135 102 1.000000
103 102 127 1.154701
103 127 102 1.154701
103 105 135 1.154701
103 135 105 1.154701
103 105 127 1.000000
103 127 105 1.000000
103 127 135 1.000000
103 135 127 1.000000
104 102 134 1.154701
104 134 102 1.154701
104 102 105 1.000000
104 105 102 1.000000
104 105 134 1.000000
104 134 105 1.000000
105 103 104 1.154701
105 104 103 1.154701
105 103 136 1.000000
105 136 103 1.000000
105 104 136 1.000000
105 136 104 1.000000
106 1 55 1.000000
106 55 1 1.000000
109 2 110 1.000000
109 110 2 1.000000
110 109 111 1.000000
110 111 109 1.000000
111 110 112 1.000000
111 112 110 1.000000
112 111 113 1.000000
112 113 111 1.000000
113 112 114 1.000000
113 114 112 1.000000
114 102 113 1.000000
114 113 102 1.000000
115 102 116 1.000000
115 116 102 1.000000
116 115 120 1.000000
116 120 115 1.000000
117 8 118 1.000000
117 118 8 1.000000
118 117 119 1.000000
118 119 117 1.000000
119 118 120 1.000000
119 120 118 1.000000
120 116 119 1.000000
120 119 116 1.000000
121 1 122 1.000000
121 122 1 1.000000
122 121 123 1.000000
122 123 121 1.000000
123 122 124 1.000000
123 124 122 1.000000
124 123 125 1.000000
124 125 123 1.000000
125 124 126 1.000000
125 126 124 1.000000
126 125 127 1.000000
126 127 125 1.000000
127 103 126 1.000000
127 126 103 1.000000
128 9 129 1.000000
128 129 9 1.000000
129 128 130 1.000000
129 130 128 1.000000
130 129 131 1.000000
130 131 129 1.000000
131 130 132 1.000000
131 132 130 1.000000
132 131 133 1.000000
132 133 131 1.000000
133 132 134 1.000000
133 134 132 1.000000
134 104 133 1.000000
134 133 104 1.000000
;
param D:=0.5;
param t_hat_ear:=
0 152 8.0
0 100 9.0
0 52 10.0
0 45 11.0
0 44 12.0
0 46 13.0
0 47 14.0
0 53 15.0
0 40 16.0
0 34 17.0
0 96 18.0
0 149 19.0
1 142 9.0
1 59 10.0
1 57 11.0
1 55 12.0
1 106 13.0
1 1 14.0
1 121 15.0
1 122 16.0
1 123 17.0
1 124 18.0
1 125 19.0
1 126 20.0
1 127 21.0
1 103 22.0
1 135 23.0
1 137 24.0
2 152 2.0
2 100 3.0
2 52 4.0
2 45 5.0
2 44 6.0
2 46 7.0
2 47 8.0
2 48 9.0
2 49 10.0
2 99 11.0
2 153 12.0
3 140 9.0
3 93 10.0
3 92 11.0
3 91 12.0
3 90 13.0
3 89 14.0
3 88 15.0
3 87 16.0
3 41 17.0
3 40 18.0
3 80 19.0
3 38 20.0
3 36 21.0
3 31 22.0
3 94 23.0
3 147 24.0
4 154 3.0
4 98 4.0
4 50 5.0
4 64 6.0
4 51 7.0
4 52 8.0
4 45 9.0
4 37 10.0
4 36 11.0
4 31 12.0
4 94 13.0
4 147 14.0
5 144 1.0
5 68 2.0
5 67 3.0
5 66 4.0
5 65 5.0
5 49 6.0
5 50 7.0
5 64 8.0
5 51 9.0
5 101 10.0
5 151 11.0
6 142 7.0
6 59 8.0
6 57 9.0
6 55 10.0
6 106 11.0
6 1 12.0
6 121 13.0
6 122 14.0
6 123 15.0
6 124 16.0
6 125 17.0
6 126 18.0
6 127 19.0
6 103 20.0
6 135 21.0
6 137 22.0
7 148 7.0
7 95 8.0
7 32 9.0
7 79 10.0
7 34 11.0
7 35 12.0
7 81 13.0
7 82 14.0
7 83 15.0
7 84 16.0
7 85 17.0
7 86 18.0
7 139 19.0
8 148 1.0
8 95 2.0
8 32 3.0
8 79 4.0
8 34 5.0
8 35 6.0
8 81 7.0
8 82 8.0
8 83 9.0
8 84 10.0
8 85 11.0
8 86 12.0
8 139 13.0
9 150 0.0
9 97 1.0
9 35 2.0
9 41 3.0
9 40 4.0
9 80 5.0
9 38 6.0
9 36 7.0
9 31 8.0
9 94 9.0
9 147 10.0
10 148 13.0
10 95 14.0
10 32 15.0
10 38 16.0
10 43 17.0
10 44 18.0
10 51 19.0
10 101 20.0
10 151 21.0
11 152 4.0
11 100 5.0
11 52 6.0
11 45 7.0
11 44 8.0
11 46 9.0
11 47 10.0
11 53 11.0
11 40 12.0
11 34 13.0
11 96 14.0
11 149 15.0
12 148 9.0
12 95 10.0
12 32 11.0
12 38 12.0
12 43 13.0
12 44 14.0
12 46 15.0
12 47 16.0
12 48 17.0
12 61 18.0
12 62 19.0
12 63 20.0
12 54 21.0
12 143 22.0
13 146 7.0
13 107 8.0
13 18 9.0
13 8 10.0
13 9 11.0
13 10 12.0
13 21 13.0
13 22 14.0
13 23 15.0
13 24 16.0
13 25 17.0
13 33 18.0
13 69 19.0
13 71 20.0
13 73 21.0
13 75 22.0
13 77 23.0
13 31 24.0
13 94 25.0
13 147 26.0
14 154 9.0
14 98 10.0
14 50 11.0
14 47 12.0
14 53 13.0
14 40 14.0
14 34 15.0
14 35 16.0
14 81 17.0
14 82 18.0
14 83 19.0
14 84 20.0
14 85 21.0
14 86 22.0
14 139 23.0
15 148 5.0
15 95 6.0
15 32 7.0
15 38 8.0
15 43 9.0
15 44 10.0
15 51 11.0
15 101 12.0
15 151 13.0
16 152 0.0
16 100 1.0
16 52 2.0
16 45 3.0
16 44 4.0
16 46 5.0
16 47 6.0
16 53 7.0
16 40 8.0
16 34 9.0
16 35 10.0
16 81 11.0
16 82 12.0
16 83 13.0
16 84 14.0
16 85 15.0
16 86 16.0
16 139 17.0
17 142 0.0
17 59 1.0
17 57 2.0
17 55 3.0
17 106 4.0
17 1 5.0
17 121 6.0
17 122 7.0
17 123 8.0
17 124 9.0
17 125 10.0
17 126 11.0
17 127 12.0
17 103 13.0
17 135 14.0
17 137 15.0
18 154 1.0
18 98 2.0
18 50 3.0
18 47 4.0
18 53 5.0
18 40 6.0
18 34 7.0
18 96 8.0
18 149 9.0
19 146 0.0
19 107 1.0
19 18 2.0
19 8 3.0
19 9 4.0
19 10 5.0
19 21 6.0
19 22 7.0
19 23 8.0
19 24 9.0
19 25 10.0
19 33 11.0
19 69 12.0
19 71 13.0
19 73 14.0
19 75 15.0
19 77 16.0
19 31 17.0
19 32 18.0
19 79 19.0
19 34 20.0
19 96 21.0
19 149 22.0
20 150 12.0
20 97 13.0
20 35 14.0
20 81 15.0
20 82 16.0
20 83 17.0
20 84 18.0
20 85 19.0
20 86 20.0
20 139 21.0
21 152 14.0
21 100 15.0
21 52 16.0
21 45 17.0
21 37 18.0
21 36 19.0
21 31 20.0
21 94 21.0
21 147 22.0
22 146 15.0
22 107 16.0
22 18 17.0
22 8 18.0
22 9 19.0
22 10 20.0
22 21 21.0
22 22 22.0
22 23 23.0
22 24 24.0
22 25 25.0
22 33 26.0
22 69 27.0
22 71 28.0
22 73 29.0
22 75 30.0
22 77 31.0
22 31 32.0
22 94 33.0
22 147 34.0
23 142 11.0
23 59 12.0
23 57 13.0
23 55 14.0
23 106 15.0
23 1 16.0
23 121 17.0
23 122 18.0
23 123 19.0
23 124 20.0
23 125 21.0
23 126 22.0
23 127 23.0
23 103 24.0
23 135 25.0
23 137 26.0
24 140 15.0
24 93 16.0
24 92 17.0
24 91 18.0
24 90 19.0
24 89 20.0
24 88 21.0
24 87 22.0
24 41 23.0
24 42 24.0
24 48 25.0
24 49 26.0
24 99 27.0
24 153 28.0
25 148 11.0
25 95 12.0
25 32 13.0
25 38 14.0
25 36 15.0
25 78 16.0
25 76 17.0
25 74 18.0
25 72 19.0
25 70 20.0
25 39 21.0
25 30 22.0
25 29 23.0
25 28 24.0
25 27 25.0
25 26 26.0
25 20 27.0
25 19 28.0
25 108 29.0
25 145 30.0
26 154 19.0
26 98 20.0
26 50 21.0
26 64 22.0
26 51 23.0
26 52 24.0
26 45 25.0
26 37 26.0
26 36 27.0
26 31 28.0
26 94 29.0
26 147 30.0
27 142 13.0
27 59 14.0
27 57 15.0
27 55 16.0
27 106 17.0
27 1 18.0
27 121 19.0
27 122 20.0
27 123 21.0
27 124 22.0
27 125 23.0
27 126 24.0
27 127 25.0
27 103 26.0
27 135 27.0
27 137 28.0
28 148 27.0
28 95 28.0
28 32 29.0
28 38 30.0
28 36 31.0
28 78 32.0
28 76 33.0
28 74 34.0
28 72 35.0
28 70 36.0
28 39 37.0
28 30 38.0
28 29 39.0
28 28 40.0
28 27 41.0
28 26 42.0
28 20 43.0
28 19 44.0
28 108 45.0
28 145 46.0
29 148 29.0
29 95 30.0
29 32 31.0
29 38 32.0
29 36 33.0
29 78 34.0
29 76 35.0
29 74 36.0
29 72 37.0
29 70 38.0
29 39 39.0
29 30 40.0
29 29 41.0
29 28 42.0
29 27 43.0
29 26 44.0
29 20 45.0
29 19 46.0
29 108 47.0
29 145 48.0
30 154 17.0
30 98 18.0
30 50 19.0
30 47 20.0
30 48 21.0
30 61 22.0
30 62 23.0
30 63 24.0
30 54 25.0
30 143 26.0
31 148 19.0
31 95 20.0
31 32 21.0
31 38 22.0
31 43 23.0
31 44 24.0
31 46 25.0
31 47 26.0
31 48 27.0
31 61 28.0
31 62 29.0
31 63 30.0
31 54 31.0
31 143 32.0
32 142 15.0
32 59 16.0
32 57 17.0
32 55 18.0
32 106 19.0
32 1 20.0
32 121 21.0
32 122 22.0
32 123 23.0
32 124 24.0
32 125 25.0
32 126 26.0
32 127 27.0
32 103 28.0
32 135 29.0
32 137 30.0
33 142 17.0
33 59 18.0
33 57 19.0
33 55 20.0
33 106 21.0
33 1 22.0
33 121 23.0
33 122 24.0
33 123 25.0
33 124 26.0
33 125 27.0
33 126 28.0
33 127 29.0
33 103 30.0
33 135 31.0
33 137 32.0
34 138 13.0
34 136 14.0
34 105 15.0
34 104 16.0
34 134 17.0
34 133 18.0
34 132 19.0
34 131 20.0
34 130 21.0
34 129 22.0
34 128 23.0
34 9 24.0
34 19 25.0
34 108 26.0
34 145 27.0
35 152 12.0
35 100 13.0
35 52 14.0
35 45 15.0
35 44 16.0
35 46 17.0
35 47 18.0
35 48 19.0
35 61 20.0
35 62 21.0
35 63 22.0
35 54 23.0
35 143 24.0
36 152 19.0
36 100 20.0
36 52 21.0
36 45 22.0
36 37 23.0
36 36 24.0
36 78 25.0
36 76 26.0
36 74 27.0
36 72 28.0
36 70 29.0
36 39 30.0
36 30 31.0
36 29 32.0
36 28 33.0
36 27 34.0
36 26 35.0
36 20 36.0
36 19 37.0
36 108 38.0
36 145 39.0
37 148 23.0
37 95 24.0
37 32 25.0
37 38 26.0
37 43 27.0
37 44 28.0
37 51 29.0
37 101 30.0
37 151 31.0
38 150 18.0
38 97 19.0
38 35 20.0
38 41 21.0
38 42 22.0
38 48 23.0
38 49 24.0
38 99 25.0
38 153 26.0
39 144 17.0
39 68 18.0
39 67 19.0
39 66 20.0
39 65 21.0
39 49 22.0
39 50 23.0
39 47 24.0
39 53 25.0
39 40 26.0
39 34 27.0
39 96 28.0
39 149 29.0
40 144 31.0
40 68 32.0
40 67 33.0
40 66 34.0
40 65 35.0
40 49 36.0
40 50 37.0
40 47 38.0
40 53 39.0
40 40 40.0
40 34 41.0
40 96 42.0
40 149 43.0
41 146 21.0
41 107 22.0
41 18 23.0
41 8 24.0
41 117 25.0
41 118 26.0
41 119 27.0
41 120 28.0
41 116 29.0
41 115 30.0
41 102 31.0
41 103 32.0
41 135 33.0
41 137 34.0
42 148 25.0
42 95 26.0
42 32 27.0
42 38 28.0
42 43 29.0
42 44 30.0
42 46 31.0
42 47 32.0
42 48 33.0
42 61 34.0
42 62 35.0
42 63 36.0
42 54 37.0
42 143 38.0
43 142 21.0
43 59 22.0
43 57 23.0
43 55 24.0
43 106 25.0
43 1 26.0
43 121 27.0
43 122 28.0
43 123 29.0
43 124 30.0
43 125 31.0
43 126 32.0
43 127 33.0
43 103 34.0
43 135 35.0
43 137 36.0
44 138 29.0
44 136 30.0
44 105 31.0
44 104 32.0
44 102 33.0
44 114 34.0
44 113 35.0
44 112 36.0
44 111 37.0
44 110 38.0
44 109 39.0
44 2 40.0
44 11 41.0
44 56 42.0
44 58 43.0
44 60 44.0
44 141 45.0
45 144 29.0
45 68 30.0
45 67 31.0
45 66 32.0
45 65 33.0
45 49 34.0
45 50 35.0
45 47 36.0
45 53 37.0
45 40 38.0
45 80 39.0
45 38 40.0
45 36 41.0
45 31 42.0
45 94 43.0
45 147 44.0
46 152 28.0
46 100 29.0
46 52 30.0
46 45 31.0
46 44 32.0
46 46 33.0
46 47 34.0
46 48 35.0
46 61 36.0
46 62 37.0
46 63 38.0
46 54 39.0
46 143 40.0
47 150 24.0
47 97 25.0
47 35 26.0
47 41 27.0
47 42 28.0
47 48 29.0
47 49 30.0
47 99 31.0
47 153 32.0
48 154 25.0
48 98 26.0
48 50 27.0
48 47 28.0
48 53 29.0
48 40 30.0
48 34 31.0
48 35 32.0
48 81 33.0
48 82 34.0
48 83 35.0
48 84 36.0
48 85 37.0
48 86 38.0
48 139 39.0
49 142 23.0
49 59 24.0
49 57 25.0
49 55 26.0
49 106 27.0
49 1 28.0
49 121 29.0
49 122 30.0
49 123 31.0
49 124 32.0
49 125 33.0
49 126 34.0
49 127 35.0
49 103 36.0
49 135 37.0
49 137 38.0
50 150 26.0
50 97 27.0
50 35 28.0
50 41 29.0
50 42 30.0
50 48 31.0
50 61 32.0
50 62 33.0
50 63 34.0
50 54 35.0
50 143 36.0
51 144 23.0
51 68 24.0
51 67 25.0
51 66 26.0
51 65 27.0
51 49 28.0
51 50 29.0
51 47 30.0
51 53 31.0
51 40 32.0
51 34 33.0
51 35 34.0
51 81 35.0
51 82 36.0
51 83 37.0
51 84 38.0
51 85 39.0
51 86 40.0
51 139 41.0
52 154 39.0
52 98 40.0
52 50 41.0
52 47 42.0
52 48 43.0
52 61 44.0
52 62 45.0
52 63 46.0
52 54 47.0
52 143 48.0
53 140 29.0
53 93 30.0
53 92 31.0
53 91 32.0
53 90 33.0
53 89 34.0
53 88 35.0
53 87 36.0
53 41 37.0
53 42 38.0
53 48 39.0
53 61 40.0
53 62 41.0
53 63 42.0
53 54 43.0
53 143 44.0
54 144 27.0
54 68 28.0
54 67 29.0
54 66 30.0
54 65 31.0
54 49 32.0
54 50 33.0
54 64 34.0
54 51 35.0
54 101 36.0
54 151 37.0
55 140 27.0
55 93 28.0
55 92 29.0
55 91 30.0
55 90 31.0
55 89 32.0
55 88 33.0
55 87 34.0
55 41 35.0
55 40 36.0
55 80 37.0
55 38 38.0
55 36 39.0
55 31 40.0
55 94 41.0
55 147 42.0
56 146 23.0
56 107 24.0
56 18 25.0
56 17 26.0
56 16 27.0
56 15 28.0
56 14 29.0
56 13 30.0
56 12 31.0
56 11 32.0
56 56 33.0
56 58 34.0
56 60 35.0
56 141 36.0
57 150 36.0
57 97 37.0
57 35 38.0
57 41 39.0
57 42 40.0
57 48 41.0
57 49 42.0
57 99 43.0
57 153 44.0
58 138 20.0
58 136 21.0
58 105 22.0
58 104 23.0
58 134 24.0
58 133 25.0
58 132 26.0
58 131 27.0
58 130 28.0
58 129 29.0
58 128 30.0
58 9 31.0
58 19 32.0
58 108 33.0
58 145 34.0
59 154 29.0
59 98 30.0
59 50 31.0
59 64 32.0
59 51 33.0
59 52 34.0
59 45 35.0
59 37 36.0
59 36 37.0
59 31 38.0
59 94 39.0
59 147 40.0
60 154 47.0
60 98 48.0
60 50 49.0
60 47 50.0
60 53 51.0
60 40 52.0
60 34 53.0
60 35 54.0
60 81 55.0
60 82 56.0
60 83 57.0
60 84 58.0
60 85 59.0
60 86 60.0
60 139 61.0
61 150 38.0
61 97 39.0
61 35 40.0
61 41 41.0
61 40 42.0
61 80 43.0
61 38 44.0
61 36 45.0
61 31 46.0
61 94 47.0
61 147 48.0
62 142 30.0
62 59 31.0
62 57 32.0
62 55 33.0
62 106 34.0
62 1 35.0
62 121 36.0
62 122 37.0
62 123 38.0
62 124 39.0
62 125 40.0
62 126 41.0
62 127 42.0
62 103 43.0
62 135 44.0
62 137 45.0
63 146 31.0
63 107 32.0
63 18 33.0
63 8 34.0
63 9 35.0
63 10 36.0
63 21 37.0
63 22 38.0
63 23 39.0
63 24 40.0
63 25 41.0
63 33 42.0
63 69 43.0
63 71 44.0
63 73 45.0
63 75 46.0
63 77 47.0
63 31 48.0
63 94 49.0
63 147 50.0
64 144 39.0
64 68 40.0
64 67 41.0
64 66 42.0
64 65 43.0
64 49 44.0
64 50 45.0
64 47 46.0
64 53 47.0
64 40 48.0
64 34 49.0
64 96 50.0
64 149 51.0
66 148 31.0
66 95 32.0
66 32 33.0
66 38 34.0
66 43 35.0
66 44 36.0
66 51 37.0
66 101 38.0
66 151 39.0
67 140 39.0
67 93 40.0
67 92 41.0
67 91 42.0
67 90 43.0
67 89 44.0
67 88 45.0
67 87 46.0
67 41 47.0
67 42 48.0
67 48 49.0
67 61 50.0
67 62 51.0
67 63 52.0
67 54 53.0
67 143 54.0
68 140 37.0
68 93 38.0
68 92 39.0
68 91 40.0
68 90 41.0
68 89 42.0
68 88 43.0
68 87 44.0
68 41 45.0
68 40 46.0
68 80 47.0
68 38 48.0
68 36 49.0
68 31 50.0
68 94 51.0
68 147 52.0
69 144 35.0
69 68 36.0
69 67 37.0
69 66 38.0
69 65 39.0
69 49 40.0
69 99 41.0
69 153 42.0
70 144 33.0
70 68 34.0
70 67 35.0
70 66 36.0
70 65 37.0
70 49 38.0
70 50 39.0
70 64 40.0
70 51 41.0
70 101 42.0
70 151 43.0
71 142 32.0
71 59 33.0
71 57 34.0
71 55 35.0
71 106 36.0
71 1 37.0
71 121 38.0
71 122 39.0
71 123 40.0
71 124 41.0
71 125 42.0
71 126 43.0
71 127 44.0
71 103 45.0
71 135 46.0
71 137 47.0
72 152 38.0
72 100 39.0
72 52 40.0
72 45 41.0
72 44 42.0
72 46 43.0
72 47 44.0
72 48 45.0
72 49 46.0
72 99 47.0
72 153 48.0
73 146 35.0
73 107 36.0
73 18 37.0
73 8 38.0
73 9 39.0
73 10 40.0
73 21 41.0
73 22 42.0
73 23 43.0
73 24 44.0
73 25 45.0
73 33 46.0
73 69 47.0
73 71 48.0
73 73 49.0
73 75 50.0
73 77 51.0
73 31 52.0
73 32 53.0
73 79 54.0
73 34 55.0
73 96 56.0
73 149 57.0
74 138 39.0
74 136 40.0
74 105 41.0
74 104 42.0
74 102 43.0
74 114 44.0
74 113 45.0
74 112 46.0
74 111 47.0
74 110 48.0
74 109 49.0
74 2 50.0
74 11 51.0
74 56 52.0
74 58 53.0
74 60 54.0
74 141 55.0
75 144 49.0
75 68 50.0
75 67 51.0
75 66 52.0
75 65 53.0
75 49 54.0
75 50 55.0
75 47 56.0
75 53 57.0
75 40 58.0
75 34 59.0
75 35 60.0
75 81 61.0
75 82 62.0
75 83 63.0
75 84 64.0
75 85 65.0
75 86 66.0
75 139 67.0
76 154 45.0
76 98 46.0
76 50 47.0
76 47 48.0
76 53 49.0
76 40 50.0
76 34 51.0
76 35 52.0
76 81 53.0
76 82 54.0
76 83 55.0
76 84 56.0
76 85 57.0
76 86 58.0
76 139 59.0
77 144 45.0
77 68 46.0
77 67 47.0
77 66 48.0
77 65 49.0
77 49 50.0
77 50 51.0
77 47 52.0
77 53 53.0
77 40 54.0
77 80 55.0
77 38 56.0
77 36 57.0
77 31 58.0
77 94 59.0
77 147 60.0
78 142 34.0
78 59 35.0
78 57 36.0
78 55 37.0
78 106 38.0
78 1 39.0
78 121 40.0
78 122 41.0
78 123 42.0
78 124 43.0
78 125 44.0
78 126 45.0
78 127 46.0
78 103 47.0
78 135 48.0
78 137 49.0
79 144 47.0
79 68 48.0
79 67 49.0
79 66 50.0
79 65 51.0
79 49 52.0
79 50 53.0
79 47 54.0
79 53 55.0
79 40 56.0
79 34 57.0
79 96 58.0
79 149 59.0
80 150 40.0
80 97 41.0
80 35 42.0
80 41 43.0
80 40 44.0
80 80 45.0
80 38 46.0
80 43 47.0
80 44 48.0
80 51 49.0
80 101 50.0
80 151 51.0
82 138 41.0
82 136 42.0
82 105 43.0
82 104 44.0
82 134 45.0
82 133 46.0
82 132 47.0
82 131 48.0
82 130 49.0
82 129 50.0
82 128 51.0
82 9 52.0
82 19 53.0
82 108 54.0
82 145 55.0
83 148 47.0
83 95 48.0
83 32 49.0
83 38 50.0
83 43 51.0
83 44 52.0
83 51 53.0
83 101 54.0
83 151 55.0
84 146 43.0
84 107 44.0
84 18 45.0
84 8 46.0
84 9 47.0
84 10 48.0
84 21 49.0
84 22 50.0
84 23 51.0
84 24 52.0
84 25 53.0
84 33 54.0
84 69 55.0
84 71 56.0
84 73 57.0
84 75 58.0
84 77 59.0
84 31 60.0
84 32 61.0
84 38 62.0
84 43 63.0
84 44 64.0
84 51 65.0
84 101 66.0
84 151 67.0
85 150 42.0
85 97 43.0
85 35 44.0
85 81 45.0
85 82 46.0
85 83 47.0
85 84 48.0
85 85 49.0
85 86 50.0
85 139 51.0
86 138 43.0
86 136 44.0
86 105 45.0
86 104 46.0
86 102 47.0
86 114 48.0
86 113 49.0
86 112 50.0
86 111 51.0
86 110 52.0
86 109 53.0
86 2 54.0
86 11 55.0
86 56 56.0
86 58 57.0
86 60 58.0
86 141 59.0
89 144 43.0
89 68 44.0
89 67 45.0
89 66 46.0
89 65 47.0
89 49 48.0
89 99 49.0
89 153 50.0
91 148 43.0
91 95 44.0
91 32 45.0
91 79 46.0
91 34 47.0
91 35 48.0
91 81 49.0
91 82 50.0
91 83 51.0
91 84 52.0
91 85 53.0
91 86 54.0
91 139 55.0
92 142 40.0
92 59 41.0
92 57 42.0
92 55 43.0
92 106 44.0
92 1 45.0
92 121 46.0
92 122 47.0
92 123 48.0
92 124 49.0
92 125 50.0
92 126 51.0
92 127 52.0
92 103 53.0
92 135 54.0
92 137 55.0
95 148 49.0
95 95 50.0
95 32 51.0
95 38 52.0
95 43 53.0
95 44 54.0
95 51 55.0
95 101 56.0
95 151 57.0
96 146 45.0
96 107 46.0
96 18 47.0
96 8 48.0
96 9 49.0
96 10 50.0
96 21 51.0
96 22 52.0
96 23 53.0
96 24 54.0
96 25 55.0
96 33 56.0
96 69 57.0
96 71 58.0
96 73 59.0
96 75 60.0
96 77 61.0
96 31 62.0
96 32 63.0
96 38 64.0
96 43 65.0
96 44 66.0
96 51 67.0
96 101 68.0
96 151 69.0
97 146 49.0
97 107 50.0
97 18 51.0
97 17 52.0
97 16 53.0
97 15 54.0
97 14 55.0
97 13 56.0
97 12 57.0
97 11 58.0
97 56 59.0
97 58 60.0
97 60 61.0
97 141 62.0
99 148 41.0
99 95 42.0
99 32 43.0
99 79 44.0
99 34 45.0
99 35 46.0
99 81 47.0
99 82 48.0
99 83 49.0
99 84 50.0
99 85 51.0
99 86 52.0
99 139 53.0
100 152 8
100 100 9.0
100 52 10.0
100 45 11.0
100 44 12.0
100 46 13.0
100 47 14.0
100 53 15.0
100 40 16.0
100 34 17.0
100 35 18.0
100 81 19.0
100 82 20.0
100 83 21.0
100 84 22.0
100 85 23.0
100 86 24.0
100 139 25.0
;
param t_hat_lat:=
0 152 9.0
0 100 10.0
0 52 11.0
0 45 12.0
0 44 13.0
0 46 14.0
0 47 15.0
0 53 16.0
0 40 17.0
0 34 18.0
0 96 19.0
0 149 20.0
1 142 10.0
1 59 11.0
1 57 12.0
1 55 13.0
1 106 14.0
1 1 15.0
1 121 16.0
1 122 17.0
1 123 18.0
1 124 19.0
1 125 20.0
1 126 21.0
1 127 22.0
1 103 23.0
1 135 24.0
1 137 25.0
2 152 3.0
2 100 4.0
2 52 5.0
2 45 6.0
2 44 7.0
2 46 8.0
2 47 9.0
2 48 10.0
2 49 11.0
2 99 12.0
2 153 13.0
3 140 10.0
3 93 11.0
3 92 12.0
3 91 13.0
3 90 14.0
3 89 15.0
3 88 16.0
3 87 17.0
3 41 18.0
3 40 19.0
3 80 20.0
3 38 21.0
3 36 22.0
3 31 23.0
3 94 24.0
3 147 25.0
4 154 4.0
4 98 5.0
4 50 6.0
4 64 7.0
4 51 8.0
4 52 9.0
4 45 10.0
4 37 11.0
4 36 12.0
4 31 13.0
4 94 14.0
4 147 15.0
5 144 2.0
5 68 3.0
5 67 4.0
5 66 5.0
5 65 6.0
5 49 7.0
5 50 8.0
5 64 9.0
5 51 10.0
5 101 11.0
5 151 12.0
6 142 8.0
6 59 9.0
6 57 10.0
6 55 11.0
6 106 12.0
6 1 13.0
6 121 14.0
6 122 15.0
6 123 16.0
6 124 17.0
6 125 18.0
6 126 19.0
6 127 20.0
6 103 21.0
6 135 22.0
6 137 23.0
7 148 8.0
7 95 9.0
7 32 10.0
7 79 11.0
7 34 12.0
7 35 13.0
7 81 14.0
7 82 15.0
7 83 16.0
7 84 17.0
7 85 18.0
7 86 19.0
7 139 20.0
8 148 2.0
8 95 3.0
8 32 4.0
8 79 5.0
8 34 6.0
8 35 7.0
8 81 8.0
8 82 9.0
8 83 10.0
8 84 11.0
8 85 12.0
8 86 13.0
8 139 14.0
9 150 1.0
9 97 2.0
9 35 3.0
9 41 4.0
9 40 5.0
9 80 6.0
9 38 7.0
9 36 8.0
9 31 9.0
9 94 10.0
9 147 11.0
10 148 14.0
10 95 15.0
10 32 16.0
10 38 17.0
10 43 18.0
10 44 19.0
10 51 20.0
10 101 21.0
10 151 22.0
11 152 5.0
11 100 6.0
11 52 7.0
11 45 8.0
11 44 9.0
11 46 10.0
11 47 11.0
11 53 12.0
11 40 13.0
11 34 14.0
11 96 15.0
11 149 16.0
12 148 10.0
12 95 11.0
12 32 12.0
12 38 13.0
12 43 14.0
12 44 15.0
12 46 16.0
12 47 17.0
12 48 18.0
12 61 19.0
12 62 20.0
12 63 21.0
12 54 22.0
12 143 23.0
13 146 8.0
13 107 9.0
13 18 10.0
13 8 11.0
13 9 12.0
13 10 13.0
13 21 14.0
13 22 15.0
13 23 16.0
13 24 17.0
13 25 18.0
13 33 19.0
13 69 20.0
13 71 21.0
13 73 22.0
13 75 23.0
13 77 24.0
13 31 25.0
13 94 26.0
13 147 27.0
14 154 10.0
14 98 11.0
14 50 12.0
14 47 13.0
14 53 14.0
14 40 15.0
14 34 16.0
14 35 17.0
14 81 18.0
14 82 19.0
14 83 20.0
14 84 21.0
14 85 22.0
14 86 23.0
14 139 24.0
15 148 6.0
15 95 7.0
15 32 8.0
15 38 9.0
15 43 10.0
15 44 11.0
15 51 12.0
15 101 13.0
15 151 14.0
16 152 1.0
16 100 2.0
16 52 3.0
16 45 4.0
16 44 5.0
16 46 6.0
16 47 7.0
16 53 8.0
16 40 9.0
16 34 10.0
16 35 11.0
16 81 12.0
16 82 13.0
16 83 14.0
16 84 15.0
16 85 16.0
16 86 17.0
16 139 18.0
17 142 1.0
17 59 2.0
17 57 3.0
17 55 4.0
17 106 5.0
17 1 6.0
17 121 7.0
17 122 8.0
17 123 9.0
17 124 10.0
17 125 11.0
17 126 12.0
17 127 13.0
17 103 14.0
17 135 15.0
17 137 16.0
18 154 2.0
18 98 3.0
18 50 4.0
18 47 5.0
18 53 6.0
18 40 7.0
18 34 8.0
18 96 9.0
18 149 10.0
19 146 1.0
19 107 2.0
19 18 3.0
19 8 4.0
19 9 5.0
19 10 6.0
19 21 7.0
19 22 8.0
19 23 9.0
19 24 10.0
19 25 11.0
19 33 12.0
19 69 13.0
19 71 14.0
19 73 15.0
19 75 16.0
19 77 17.0
19 31 18.0
19 32 19.0
19 79 20.0
19 34 21.0
19 96 22.0
19 149 23.0
20 150 13.0
20 97 14.0
20 35 15.0
20 81 16.0
20 82 17.0
20 83 18.0
20 84 19.0
20 85 20.0
20 86 21.0
20 139 22.0
21 152 15.0
21 100 16.0
21 52 17.0
21 45 18.0
21 37 19.0
21 36 20.0
21 31 21.0
21 94 22.0
21 147 23.0
22 146 16.0
22 107 17.0
22 18 18.0
22 8 19.0
22 9 20.0
22 10 21.0
22 21 22.0
22 22 23.0
22 23 24.0
22 24 25.0
22 25 26.0
22 33 27.0
22 69 28.0
22 71 29.0
22 73 30.0
22 75 31.0
22 77 32.0
22 31 33.0
22 94 34.0
22 147 35.0
23 142 12.0
23 59 13.0
23 57 14.0
23 55 15.0
23 106 16.0
23 1 17.0
23 121 18.0
23 122 19.0
23 123 20.0
23 124 21.0
23 125 22.0
23 126 23.0
23 127 24.0
23 103 25.0
23 135 26.0
23 137 27.0
24 140 16.0
24 93 17.0
24 92 18.0
24 91 19.0
24 90 20.0
24 89 21.0
24 88 22.0
24 87 23.0
24 41 24.0
24 42 25.0
24 48 26.0
24 49 27.0
24 99 28.0
24 153 29.0
25 148 12.0
25 95 13.0
25 32 14.0
25 38 15.0
25 36 16.0
25 78 17.0
25 76 18.0
25 74 19.0
25 72 20.0
25 70 21.0
25 39 22.0
25 30 23.0
25 29 24.0
25 28 25.0
25 27 26.0
25 26 27.0
25 20 28.0
25 19 29.0
25 108 30.0
25 145 31.0
26 154 20.0
26 98 21.0
26 50 22.0
26 64 23.0
26 51 24.0
26 52 25.0
26 45 26.0
26 37 27.0
26 36 28.0
26 31 29.0
26 94 30.0
26 147 31.0
27 142 14.0
27 59 15.0
27 57 16.0
27 55 17.0
27 106 18.0
27 1 19.0
27 121 20.0
27 122 21.0
27 123 22.0
27 124 23.0
27 125 24.0
27 126 25.0
27 127 26.0
27 103 27.0
27 135 28.0
27 137 29.0
28 148 28.0
28 95 29.0
28 32 30.0
28 38 31.0
28 36 32.0
28 78 33.0
28 76 34.0
28 74 35.0
28 72 36.0
28 70 37.0
28 39 38.0
28 30 39.0
28 29 40.0
28 28 41.0
28 27 42.0
28 26 43.0
28 20 44.0
28 19 45.0
28 108 46.0
28 145 47.0
29 148 30.0
29 95 31.0
29 32 32.0
29 38 33.0
29 36 34.0
29 78 35.0
29 76 36.0
29 74 37.0
29 72 38.0
29 70 39.0
29 39 40.0
29 30 41.0
29 29 42.0
29 28 43.0
29 27 44.0
29 26 45.0
29 20 46.0
29 19 47.0
29 108 48.0
29 145 49.0
30 154 18.0
30 98 19.0
30 50 20.0
30 47 21.0
30 48 22.0
30 61 23.0
30 62 24.0
30 63 25.0
30 54 26.0
30 143 27.0
31 148 20.0
31 95 21.0
31 32 22.0
31 38 23.0
31 43 24.0
31 44 25.0
31 46 26.0
31 47 27.0
31 48 28.0
31 61 29.0
31 62 30.0
31 63 31.0
31 54 32.0
31 143 33.0
32 142 16.0
32 59 17.0
32 57 18.0
32 55 19.0
32 106 20.0
32 1 21.0
32 121 22.0
32 122 23.0
32 123 24.0
32 124 25.0
32 125 26.0
32 126 27.0
32 127 28.0
32 103 29.0
32 135 30.0
32 137 31.0
33 142 18.0
33 59 19.0
33 57 20.0
33 55 21.0
33 106 22.0
33 1 23.0
33 121 24.0
33 122 25.0
33 123 26.0
33 124 27.0
33 125 28.0
33 126 29.0
33 127 30.0
33 103 31.0
33 135 32.0
33 137 33.0
34 138 14.0
34 136 15.0
34 105 16.0
34 104 17.0
34 134 18.0
34 133 19.0
34 132 20.0
34 131 21.0
34 130 22.0
34 129 23.0
34 128 24.0
34 9 25.0
34 19 26.0
34 108 27.0
34 145 28.0
35 152 13.0
35 100 14.0
35 52 15.0
35 45 16.0
35 44 17.0
35 46 18.0
35 47 19.0
35 48 20.0
35 61 21.0
35 62 22.0
35 63 23.0
35 54 24.0
35 143 25.0
36 152 20.0
36 100 21.0
36 52 22.0
36 45 23.0
36 37 24.0
36 36 25.0
36 78 26.0
36 76 27.0
36 74 28.0
36 72 29.0
36 70 30.0
36 39 31.0
36 30 32.0
36 29 33.0
36 28 34.0
36 27 35.0
36 26 36.0
36 20 37.0
36 19 38.0
36 108 39.0
36 145 40.0
37 148 24.0
37 95 25.0
37 32 26.0
37 38 27.0
37 43 28.0
37 44 29.0
37 51 30.0
37 101 31.0
37 151 32.0
38 150 19.0
38 97 20.0
38 35 21.0
38 41 22.0
38 42 23.0
38 48 24.0
38 49 25.0
38 99 26.0
38 153 27.0
39 144 18.0
39 68 19.0
39 67 20.0
39 66 21.0
39 65 22.0
39 49 23.0
39 50 24.0
39 47 25.0
39 53 26.0
39 40 27.0
39 34 28.0
39 96 29.0
39 149 30.0
40 144 32.0
40 68 33.0
40 67 34.0
40 66 35.0
40 65 36.0
40 49 37.0
40 50 38.0
40 47 39.0
40 53 40.0
40 40 41.0
40 34 42.0
40 96 43.0
40 149 44.0
41 146 22.0
41 107 23.0
41 18 24.0
41 8 25.0
41 117 26.0
41 118 27.0
41 119 28.0
41 120 29.0
41 116 30.0
41 115 31.0
41 102 32.0
41 103 33.0
41 135 34.0
41 137 35.0
42 148 26.0
42 95 27.0
42 32 28.0
42 38 29.0
42 43 30.0
42 44 31.0
42 46 32.0
42 47 33.0
42 48 34.0
42 61 35.0
42 62 36.0
42 63 37.0
42 54 38.0
42 143 39.0
43 142 22.0
43 59 23.0
43 57 24.0
43 55 25.0
43 106 26.0
43 1 27.0
43 121 28.0
43 122 29.0
43 123 30.0
43 124 31.0
43 125 32.0
43 126 33.0
43 127 34.0
43 103 35.0
43 135 36.0
43 137 37.0
44 138 30.0
44 136 31.0
44 105 32.0
44 104 33.0
44 102 34.0
44 114 35.0
44 113 36.0
44 112 37.0
44 111 38.0
44 110 39.0
44 109 40.0
44 2 41.0
44 11 42.0
44 56 43.0
44 58 44.0
44 60 45.0
44 141 46.0
45 144 30.0
45 68 31.0
45 67 32.0
45 66 33.0
45 65 34.0
45 49 35.0
45 50 36.0
45 47 37.0
45 53 38.0
45 40 39.0
45 80 40.0
45 38 41.0
45 36 42.0
45 31 43.0
45 94 44.0
45 147 45.0
46 152 29.0
46 100 30.0
46 52 31.0
46 45 32.0
46 44 33.0
46 46 34.0
46 47 35.0
46 48 36.0
46 61 37.0
46 62 38.0
46 63 39.0
46 54 40.0
46 143 41.0
47 150 25.0
47 97 26.0
47 35 27.0
47 41 28.0
47 42 29.0
47 48 30.0
47 49 31.0
47 99 32.0
47 153 33.0
48 154 26.0
48 98 27.0
48 50 28.0
48 47 29.0
48 53 30.0
48 40 31.0
48 34 32.0
48 35 33.0
48 81 34.0
48 82 35.0
48 83 36.0
48 84 37.0
48 85 38.0
48 86 39.0
48 139 40.0
49 142 24.0
49 59 25.0
49 57 26.0
49 55 27.0
49 106 28.0
49 1 29.0
49 121 30.0
49 122 31.0
49 123 32.0
49 124 33.0
49 125 34.0
49 126 35.0
49 127 36.0
49 103 37.0
49 135 38.0
49 137 39.0
50 150 27.0
50 97 28.0
50 35 29.0
50 41 30.0
50 42 31.0
50 48 32.0
50 61 33.0
50 62 34.0
50 63 35.0
50 54 36.0
50 143 37.0
51 144 24.0
51 68 25.0
51 67 26.0
51 66 27.0
51 65 28.0
51 49 29.0
51 50 30.0
51 47 31.0
51 53 32.0
51 40 33.0
51 34 34.0
51 35 35.0
51 81 36.0
51 82 37.0
51 83 38.0
51 84 39.0
51 85 40.0
51 86 41.0
51 139 42.0
52 154 40.0
52 98 41.0
52 50 42.0
52 47 43.0
52 48 44.0
52 61 45.0
52 62 46.0
52 63 47.0
52 54 48.0
52 143 49.0
53 140 30.0
53 93 31.0
53 92 32.0
53 91 33.0
53 90 34.0
53 89 35.0
53 88 36.0
53 87 37.0
53 41 38.0
53 42 39.0
53 48 40.0
53 61 41.0
53 62 42.0
53 63 43.0
53 54 44.0
53 143 45.0
54 144 28.0
54 68 29.0
54 67 30.0
54 66 31.0
54 65 32.0
54 49 33.0
54 50 34.0
54 64 35.0
54 51 36.0
54 101 37.0
54 151 38.0
55 140 28.0
55 93 29.0
55 92 30.0
55 91 31.0
55 90 32.0
55 89 33.0
55 88 34.0
55 87 35.0
55 41 36.0
55 40 37.0
55 80 38.0
55 38 39.0
55 36 40.0
55 31 41.0
55 94 42.0
55 147 43.0
56 146 24.0
56 107 25.0
56 18 26.0
56 17 27.0
56 16 28.0
56 15 29.0
56 14 30.0
56 13 31.0
56 12 32.0
56 11 33.0
56 56 34.0
56 58 35.0
56 60 36.0
56 141 37.0
57 150 37.0
57 97 38.0
57 35 39.0
57 41 40.0
57 42 41.0
57 48 42.0
57 49 43.0
57 99 44.0
57 153 45.0
58 138 21.0
58 136 22.0
58 105 23.0
58 104 24.0
58 134 25.0
58 133 26.0
58 132 27.0
58 131 28.0
58 130 29.0
58 129 30.0
58 128 31.0
58 9 32.0
58 19 33.0
58 108 34.0
58 145 35.0
59 154 30.0
59 98 31.0
59 50 32.0
59 64 33.0
59 51 34.0
59 52 35.0
59 45 36.0
59 37 37.0
59 36 38.0
59 31 39.0
59 94 40.0
59 147 41.0
60 154 48.0
60 98 49.0
60 50 50.0
60 47 51.0
60 53 52.0
60 40 53.0
60 34 54.0
60 35 55.0
60 81 56.0
60 82 57.0
60 83 58.0
60 84 59.0
60 85 60.0
60 86 61.0
60 139 62.0
61 150 39.0
61 97 40.0
61 35 41.0
61 41 42.0
61 40 43.0
61 80 44.0
61 38 45.0
61 36 46.0
61 31 47.0
61 94 48.0
61 147 49.0
62 142 31.0
62 59 32.0
62 57 33.0
62 55 34.0
62 106 35.0
62 1 36.0
62 121 37.0
62 122 38.0
62 123 39.0
62 124 40.0
62 125 41.0
62 126 42.0
62 127 43.0
62 103 44.0
62 135 45.0
62 137 46.0
63 146 32.0
63 107 33.0
63 18 34.0
63 8 35.0
63 9 36.0
63 10 37.0
63 21 38.0
63 22 39.0
63 23 40.0
63 24 41.0
63 25 42.0
63 33 43.0
63 69 44.0
63 71 45.0
63 73 46.0
63 75 47.0
63 77 48.0
63 31 49.0
63 94 50.0
63 147 51.0
64 144 40.0
64 68 41.0
64 67 42.0
64 66 43.0
64 65 44.0
64 49 45.0
64 50 46.0
64 47 47.0
64 53 48.0
64 40 49.0
64 34 50.0
64 96 51.0
64 149 52.0
66 148 32.0
66 95 33.0
66 32 34.0
66 38 35.0
66 43 36.0
66 44 37.0
66 51 38.0
66 101 39.0
66 151 40.0
67 140 40.0
67 93 41.0
67 92 42.0
67 91 43.0
67 90 44.0
67 89 45.0
67 88 46.0
67 87 47.0
67 41 48.0
67 42 49.0
67 48 50.0
67 61 51.0
67 62 52.0
67 63 53.0
67 54 54.0
67 143 55.0
68 140 38.0
68 93 39.0
68 92 40.0
68 91 41.0
68 90 42.0
68 89 43.0
68 88 44.0
68 87 45.0
68 41 46.0
68 40 47.0
68 80 48.0
68 38 49.0
68 36 50.0
68 31 51.0
68 94 52.0
68 147 53.0
69 144 36.0
69 68 37.0
69 67 38.0
69 66 39.0
69 65 40.0
69 49 41.0
69 99 42.0
69 153 43.0
70 144 34.0
70 68 35.0
70 67 36.0
70 66 37.0
70 65 38.0
70 49 39.0
70 50 40.0
70 64 41.0
70 51 42.0
70 101 43.0
70 151 44.0
71 142 33.0
71 59 34.0
71 57 35.0
71 55 36.0
71 106 37.0
71 1 38.0
71 121 39.0
71 122 40.0
71 123 41.0
71 124 42.0
71 125 43.0
71 126 44.0
71 127 45.0
71 103 46.0
71 135 47.0
71 137 48.0
72 152 39.0
72 100 40.0
72 52 41.0
72 45 42.0
72 44 43.0
72 46 44.0
72 47 45.0
72 48 46.0
72 49 47.0
72 99 48.0
72 153 49.0
73 146 36.0
73 107 37.0
73 18 38.0
73 8 39.0
73 9 40.0
73 10 41.0
73 21 42.0
73 22 43.0
73 23 44.0
73 24 45.0
73 25 46.0
73 33 47.0
73 69 48.0
73 71 49.0
73 73 50.0
73 75 51.0
73 77 52.0
73 31 53.0
73 32 54.0
73 79 55.0
73 34 56.0
73 96 57.0
73 149 58.0
74 138 40.0
74 136 41.0
74 105 42.0
74 104 43.0
74 102 44.0
74 114 45.0
74 113 46.0
74 112 47.0
74 111 48.0
74 110 49.0
74 109 50.0
74 2 51.0
74 11 52.0
74 56 53.0
74 58 54.0
74 60 55.0
74 141 56.0
75 144 50.0
75 68 51.0
75 67 52.0
75 66 53.0
75 65 54.0
75 49 55.0
75 50 56.0
75 47 57.0
75 53 58.0
75 40 59.0
75 34 60.0
75 35 61.0
75 81 62.0
75 82 63.0
75 83 64.0
75 84 65.0
75 85 66.0
75 86 67.0
75 139 68.0
76 154 46.0
76 98 47.0
76 50 48.0
76 47 49.0
76 53 50.0
76 40 51.0
76 34 52.0
76 35 53.0
76 81 54.0
76 82 55.0
76 83 56.0
76 84 57.0
76 85 58.0
76 86 59.0
76 139 60.0
77 144 46.0
77 68 47.0
77 67 48.0
77 66 49.0
77 65 50.0
77 49 51.0
77 50 52.0
77 47 53.0
77 53 54.0
77 40 55.0
77 80 56.0
77 38 57.0
77 36 58.0
77 31 59.0
77 94 60.0
77 147 61.0
78 142 35.0
78 59 36.0
78 57 37.0
78 55 38.0
78 106 39.0
78 1 40.0
78 121 41.0
78 122 42.0
78 123 43.0
78 124 44.0
78 125 45.0
78 126 46.0
78 127 47.0
78 103 48.0
78 135 49.0
78 137 50.0
79 144 48.0
79 68 49.0
79 67 50.0
79 66 51.0
79 65 52.0
79 49 53.0
79 50 54.0
79 47 55.0
79 53 56.0
79 40 57.0
79 34 58.0
79 96 59.0
79 149 60.0
80 150 41.0
80 97 42.0
80 35 43.0
80 41 44.0
80 40 45.0
80 80 46.0
80 38 47.0
80 43 48.0
80 44 49.0
80 51 50.0
80 101 51.0
80 151 52.0
82 138 42.0
82 136 43.0
82 105 44.0
82 104 45.0
82 134 46.0
82 133 47.0
82 132 48.0
82 131 49.0
82 130 50.0
82 129 51.0
82 128 52.0
82 9 53.0
82 19 54.0
82 108 55.0
82 145 56.0
83 148 48.0
83 95 49.0
83 32 50.0
83 38 51.0
83 43 52.0
83 44 53.0
83 51 54.0
83 101 55.0
83 151 56.0
84 146 44.0
84 107 45.0
84 18 46.0
84 8 47.0
84 9 48.0
84 10 49.0
84 21 50.0
84 22 51.0
84 23 52.0
84 24 53.0
84 25 54.0
84 33 55.0
84 69 56.0
84 71 57.0
84 73 58.0
84 75 59.0
84 77 60.0
84 31 61.0
84 32 62.0
84 38 63.0
84 43 64.0
84 44 65.0
84 51 66.0
84 101 67.0
84 151 68.0
85 150 43.0
85 97 44.0
85 35 45.0
85 81 46.0
85 82 47.0
85 83 48.0
85 84 49.0
85 85 50.0
85 86 51.0
85 139 52.0
86 138 44.0
86 136 45.0
86 105 46.0
86 104 47.0
86 102 48.0
86 114 49.0
86 113 50.0
86 112 51.0
86 111 52.0
86 110 53.0
86 109 54.0
86 2 55.0
86 11 56.0
86 56 57.0
86 58 58.0
86 60 59.0
86 141 60.0
89 144 44.0
89 68 45.0
89 67 46.0
89 66 47.0
89 65 48.0
89 49 49.0
89 99 50.0
89 153 51.0
91 148 44.0
91 95 45.0
91 32 46.0
91 79 47.0
91 34 48.0
91 35 49.0
91 81 50.0
91 82 51.0
91 83 52.0
91 84 53.0
91 85 54.0
91 86 55.0
91 139 56.0
92 142 41.0
92 59 42.0
92 57 43.0
92 55 44.0
92 106 45.0
92 1 46.0
92 121 47.0
92 122 48.0
92 123 49.0
92 124 50.0
92 125 51.0
92 126 52.0
92 127 53.0
92 103 54.0
92 135 55.0
92 137 56.0
95 148 50.0
95 95 51.0
95 32 52.0
95 38 53.0
95 43 54.0
95 44 55.0
95 51 56.0
95 101 57.0
95 151 58.0
96 146 46.0
96 107 47.0
96 18 48.0
96 8 49.0
96 9 50.0
96 10 51.0
96 21 52.0
96 22 53.0
96 23 54.0
96 24 55.0
96 25 56.0
96 33 57.0
96 69 58.0
96 71 59.0
96 73 60.0
96 75 61.0
96 77 62.0
96 31 63.0
96 32 64.0
96 38 65.0
96 43 66.0
96 44 67.0
96 51 68.0
96 101 69.0
96 151 70.0
97 146 50.0
97 107 51.0
97 18 52.0
97 17 53.0
97 16 54.0
97 15 55.0
97 14 56.0
97 13 57.0
97 12 58.0
97 11 59.0
97 56 60.0
97 58 61.0
97 60 62.0
97 141 63.0
99 148 42.0
99 95 43.0
99 32 44.0
99 79 45.0
99 34 46.0
99 35 47.0
99 81 48.0
99 82 49.0
99 83 50.0
99 84 51.0
99 85 52.0
99 86 53.0
99 139 54.0
100 152 9
100 100 10.0
100 52 11.0
100 45 12.0
100 44 13.0
100 46 14.0
100 47 15.0
100 53 16.0
100 40 17.0
100 34 18.0
100 35 19.0
100 81 20.0
100 82 21.0
100 83 22.0
100 84 23.0
100 85 24.0
100 86 25.0
100 139 26.0
;
set fixedFlights :=
13 9 10
19 9 10
22 9 10
63 9 10
73 9 10
84 9 10
96 9 10
13 8 9
19 8 9
22 8 9
63 8 9
73 8 9
84 8 9
96 8 9
56 12 11
97 12 11
56 13 12
97 13 12
56 14 13
97 14 13
56 15 14
97 15 14
56 16 15
97 16 15
56 17 16
97 17 16
56 18 17
97 18 17
25 20 19
28 20 19
29 20 19
36 20 19
13 10 21
19 10 21
22 10 21
63 10 21
73 10 21
84 10 21
96 10 21
13 21 22
19 21 22
22 21 22
63 21 22
73 21 22
84 21 22
96 21 22
13 22 23
19 22 23
22 22 23
63 22 23
73 22 23
84 22 23
96 22 23
13 23 24
19 23 24
22 23 24
63 23 24
73 23 24
84 23 24
96 23 24
13 24 25
19 24 25
22 24 25
63 24 25
73 24 25
84 24 25
96 24 25
25 26 20
28 26 20
29 26 20
36 26 20
25 27 26
28 27 26
29 27 26
36 27 26
25 28 27
28 28 27
29 28 27
36 28 27
25 29 28
28 29 28
29 29 28
36 29 28
25 30 29
28 30 29
29 30 29
36 30 29
7 34 35
8 34 35
12 34 35
14 34 35
16 34 35
31 34 35
42 34 35
48 34 35
51 34 35
60 34 35
75 34 35
76 34 35
91 34 35
99 34 35
100 34 35
3 36 31
4 36 31
9 36 31
21 36 31
26 36 31
45 36 31
55 36 31
59 36 31
61 36 31
68 36 31
77 36 31
4 37 36
21 37 36
26 37 36
36 37 36
59 37 36
3 41 40
9 41 40
55 41 40
61 41 40
68 41 40
80 41 40
9 35 41
12 35 41
31 35 41
38 35 41
42 35 41
47 35 41
50 35 41
57 35 41
61 35 41
80 35 41
12 41 42
24 41 42
31 41 42
38 41 42
42 41 42
47 41 42
50 41 42
53 41 42
57 41 42
67 41 42
10 32 38
15 32 38
25 32 38
28 32 38
29 32 38
37 32 38
66 32 38
83 32 38
84 32 38
95 32 38
96 32 38
10 38 43
15 38 43
37 38 43
66 38 43
80 38 43
83 38 43
84 38 43
95 38 43
96 38 43
10 43 44
15 43 44
37 43 44
66 43 44
80 43 44
83 43 44
84 43 44
95 43 44
96 43 44
4 45 37
21 45 37
26 45 37
36 45 37
59 45 37
19 31 32
73 31 32
84 31 32
96 31 32
0 45 44
2 45 44
11 45 44
16 45 44
35 45 44
46 45 44
72 45 44
100 45 44
0 44 46
2 44 46
11 44 46
16 44 46
35 44 46
46 44 46
72 44 46
100 44 46
0 46 47
2 46 47
11 46 47
16 46 47
35 46 47
46 46 47
72 46 47
100 46 47
2 47 48
30 47 48
35 47 48
46 47 48
52 47 48
72 47 48
12 42 48
24 42 48
31 42 48
38 42 48
42 42 48
47 42 48
50 42 48
53 42 48
57 42 48
67 42 48
5 49 50
39 49 50
40 49 50
45 49 50
51 49 50
54 49 50
64 49 50
70 49 50
75 49 50
77 49 50
79 49 50
4 51 52
26 51 52
59 51 52
0 52 45
2 52 45
4 52 45
11 52 45
16 52 45
21 52 45
26 52 45
35 52 45
36 52 45
46 52 45
59 52 45
72 52 45
100 52 45
10 44 51
15 44 51
37 44 51
66 44 51
80 44 51
83 44 51
84 44 51
95 44 51
96 44 51
2 48 49
24 48 49
38 48 49
47 48 49
57 48 49
72 48 49
14 50 47
18 50 47
30 50 47
39 50 47
40 50 47
45 50 47
48 50 47
51 50 47
52 50 47
60 50 47
64 50 47
75 50 47
76 50 47
77 50 47
79 50 47
0 47 53
11 47 53
14 47 53
16 47 53
18 47 53
39 47 53
40 47 53
45 47 53
48 47 53
51 47 53
60 47 53
64 47 53
75 47 53
76 47 53
77 47 53
79 47 53
100 47 53
0 53 40
11 53 40
14 53 40
16 53 40
18 53 40
39 53 40
40 53 40
45 53 40
48 53 40
51 53 40
60 53 40
64 53 40
75 53 40
76 53 40
77 53 40
79 53 40
100 53 40
0 40 34
11 40 34
14 40 34
16 40 34
18 40 34
39 40 34
40 40 34
48 40 34
51 40 34
60 40 34
64 40 34
75 40 34
76 40 34
79 40 34
100 40 34
12 54 143
30 54 143
31 54 143
35 54 143
42 54 143
46 54 143
50 54 143
52 54 143
53 54 143
67 54 143
1 57 55
6 57 55
17 57 55
23 57 55
27 57 55
32 57 55
33 57 55
43 57 55
49 57 55
62 57 55
71 57 55
78 57 55
92 57 55
44 56 58
56 56 58
74 56 58
86 56 58
97 56 58
1 59 57
6 59 57
17 59 57
23 59 57
27 59 57
32 59 57
33 59 57
43 59 57
49 59 57
62 59 57
71 59 57
78 59 57
92 59 57
44 58 60
56 58 60
74 58 60
86 58 60
97 58 60
44 60 141
56 60 141
74 60 141
86 60 141
97 60 141
1 142 59
6 142 59
17 142 59
23 142 59
27 142 59
32 142 59
33 142 59
43 142 59
49 142 59
62 142 59
71 142 59
78 142 59
92 142 59
12 48 61
30 48 61
31 48 61
35 48 61
42 48 61
46 48 61
50 48 61
52 48 61
53 48 61
67 48 61
12 61 62
30 61 62
31 61 62
35 61 62
42 61 62
46 61 62
50 61 62
52 61 62
53 61 62
67 61 62
12 62 63
30 62 63
31 62 63
35 62 63
42 62 63
46 62 63
50 62 63
52 62 63
53 62 63
67 62 63
5 66 65
39 66 65
40 66 65
45 66 65
51 66 65
54 66 65
64 66 65
69 66 65
70 66 65
75 66 65
77 66 65
79 66 65
89 66 65
5 67 66
39 67 66
40 67 66
45 67 66
51 67 66
54 67 66
64 67 66
69 67 66
70 67 66
75 67 66
77 67 66
79 67 66
89 67 66
5 68 67
39 68 67
40 68 67
45 68 67
51 68 67
54 68 67
64 68 67
69 68 67
70 68 67
75 68 67
77 68 67
79 68 67
89 68 67
5 144 68
39 144 68
40 144 68
45 144 68
51 144 68
54 144 68
64 144 68
69 144 68
70 144 68
75 144 68
77 144 68
79 144 68
89 144 68
4 64 51
5 64 51
26 64 51
54 64 51
59 64 51
70 64 51
12 63 54
30 63 54
31 63 54
35 63 54
42 63 54
46 63 54
50 63 54
52 63 54
53 63 54
67 63 54
5 65 49
39 65 49
40 65 49
45 65 49
51 65 49
54 65 49
64 65 49
69 65 49
70 65 49
75 65 49
77 65 49
79 65 49
89 65 49
4 50 64
5 50 64
26 50 64
54 50 64
59 50 64
70 50 64
13 25 33
19 25 33
22 25 33
63 25 33
73 25 33
84 25 33
96 25 33
13 33 69
19 33 69
22 33 69
63 33 69
73 33 69
84 33 69
96 33 69
13 69 71
19 69 71
22 69 71
63 69 71
73 69 71
84 69 71
96 69 71
13 71 73
19 71 73
22 71 73
63 71 73
73 71 73
84 71 73
96 71 73
13 73 75
19 73 75
22 73 75
63 73 75
73 73 75
84 73 75
96 73 75
13 75 77
19 75 77
22 75 77
63 75 77
73 75 77
84 75 77
96 75 77
13 77 31
19 77 31
22 77 31
63 77 31
73 77 31
84 77 31
96 77 31
3 40 80
9 40 80
45 40 80
55 40 80
61 40 80
68 40 80
77 40 80
80 40 80
3 80 38
9 80 38
45 80 38
55 80 38
61 80 38
68 80 38
77 80 38
80 80 38
3 38 36
9 38 36
25 38 36
28 38 36
29 38 36
45 38 36
55 38 36
61 38 36
68 38 36
77 38 36
25 36 78
28 36 78
29 36 78
36 36 78
25 78 76
28 78 76
29 78 76
36 78 76
25 76 74
28 76 74
29 76 74
36 76 74
25 74 72
28 74 72
29 74 72
36 74 72
25 72 70
28 72 70
29 72 70
36 72 70
25 70 39
28 70 39
29 70 39
36 70 39
25 39 30
28 39 30
29 39 30
36 39 30
7 32 79
8 32 79
12 32 79
19 32 79
31 32 79
42 32 79
73 32 79
91 32 79
99 32 79
7 79 34
8 79 34
12 79 34
19 79 34
31 79 34
42 79 34
73 79 34
91 79 34
99 79 34
7 148 95
8 148 95
10 148 95
12 148 95
15 148 95
25 148 95
28 148 95
29 148 95
31 148 95
37 148 95
42 148 95
66 148 95
83 148 95
91 148 95
95 148 95
99 148 95
3 94 147
4 94 147
9 94 147
13 94 147
21 94 147
22 94 147
26 94 147
45 94 147
55 94 147
59 94 147
61 94 147
63 94 147
68 94 147
77 94 147
0 152 100
2 152 100
11 152 100
16 152 100
21 152 100
35 152 100
36 152 100
46 152 100
72 152 100
100 152 100
5 101 151
10 101 151
15 101 151
37 101 151
54 101 151
66 101 151
70 101 151
80 101 151
83 101 151
84 101 151
95 101 151
96 101 151
4 154 98
14 154 98
18 154 98
26 154 98
30 154 98
48 154 98
52 154 98
59 154 98
60 154 98
76 154 98
2 99 153
24 99 153
38 99 153
47 99 153
57 99 153
69 99 153
72 99 153
89 99 153
0 96 149
11 96 149
18 96 149
19 96 149
39 96 149
40 96 149
64 96 149
73 96 149
79 96 149
9 150 97
20 150 97
38 150 97
47 150 97
50 150 97
57 150 97
61 150 97
80 150 97
85 150 97
9 97 35
20 97 35
38 97 35
47 97 35
50 97 35
57 97 35
61 97 35
80 97 35
85 97 35
7 95 32
8 95 32
10 95 32
12 95 32
15 95 32
25 95 32
28 95 32
29 95 32
31 95 32
37 95 32
42 95 32
66 95 32
83 95 32
91 95 32
95 95 32
99 95 32
3 31 94
4 31 94
9 31 94
13 31 94
21 31 94
22 31 94
26 31 94
45 31 94
55 31 94
59 31 94
61 31 94
63 31 94
68 31 94
77 31 94
0 34 96
11 34 96
18 34 96
19 34 96
39 34 96
40 34 96
64 34 96
73 34 96
79 34 96
5 51 101
10 51 101
15 51 101
37 51 101
54 51 101
66 51 101
70 51 101
80 51 101
83 51 101
84 51 101
95 51 101
96 51 101
0 100 52
2 100 52
11 100 52
16 100 52
21 100 52
35 100 52
36 100 52
46 100 52
72 100 52
100 100 52
4 98 50
14 98 50
18 98 50
26 98 50
30 98 50
48 98 50
52 98 50
59 98 50
60 98 50
76 98 50
2 49 99
24 49 99
38 49 99
47 49 99
57 49 99
69 49 99
72 49 99
89 49 99
7 35 81
8 35 81
14 35 81
16 35 81
20 35 81
48 35 81
51 35 81
60 35 81
75 35 81
76 35 81
85 35 81
91 35 81
99 35 81
100 35 81
7 81 82
8 81 82
14 81 82
16 81 82
20 81 82
48 81 82
51 81 82
60 81 82
75 81 82
76 81 82
85 81 82
91 81 82
99 81 82
100 81 82
7 82 83
8 82 83
14 82 83
16 82 83
20 82 83
48 82 83
51 82 83
60 82 83
75 82 83
76 82 83
85 82 83
91 82 83
99 82 83
100 82 83
7 83 84
8 83 84
14 83 84
16 83 84
20 83 84
48 83 84
51 83 84
60 83 84
75 83 84
76 83 84
85 83 84
91 83 84
99 83 84
100 83 84
7 84 85
8 84 85
14 84 85
16 84 85
20 84 85
48 84 85
51 84 85
60 84 85
75 84 85
76 84 85
85 84 85
91 84 85
99 84 85
100 84 85
7 85 86
8 85 86
14 85 86
16 85 86
20 85 86
48 85 86
51 85 86
60 85 86
75 85 86
76 85 86
85 85 86
91 85 86
99 85 86
100 85 86
3 93 92
24 93 92
53 93 92
55 93 92
67 93 92
68 93 92
3 92 91
24 92 91
53 92 91
55 92 91
67 92 91
68 92 91
3 91 90
24 91 90
53 91 90
55 91 90
67 91 90
68 91 90
3 90 89
24 90 89
53 90 89
55 90 89
67 90 89
68 90 89
3 89 88
24 89 88
53 89 88
55 89 88
67 89 88
68 89 88
3 88 87
24 88 87
53 88 87
55 88 87
67 88 87
68 88 87
3 87 41
24 87 41
53 87 41
55 87 41
67 87 41
68 87 41
7 86 139
8 86 139
14 86 139
16 86 139
20 86 139
48 86 139
51 86 139
60 86 139
75 86 139
76 86 139
85 86 139
91 86 139
99 86 139
100 86 139
3 140 93
24 140 93
53 140 93
55 140 93
67 140 93
68 140 93
25 108 145
28 108 145
29 108 145
34 108 145
36 108 145
58 108 145
82 108 145
13 146 107
19 146 107
22 146 107
41 146 107
56 146 107
63 146 107
73 146 107
84 146 107
96 146 107
97 146 107
44 11 56
56 11 56
74 11 56
86 11 56
97 11 56
44 2 11
74 2 11
86 2 11
13 107 18
19 107 18
22 107 18
41 107 18
56 107 18
63 107 18
73 107 18
84 107 18
96 107 18
97 107 18
13 18 8
19 18 8
22 18 8
41 18 8
63 18 8
73 18 8
84 18 8
96 18 8
34 9 19
58 9 19
82 9 19
25 19 108
28 19 108
29 19 108
34 19 108
36 19 108
58 19 108
82 19 108
1 55 106
6 55 106
17 55 106
23 55 106
27 55 106
32 55 106
33 55 106
43 55 106
49 55 106
62 55 106
71 55 106
78 55 106
92 55 106
1 106 1
6 106 1
17 106 1
23 106 1
27 106 1
32 106 1
33 106 1
43 106 1
49 106 1
62 106 1
71 106 1
78 106 1
92 106 1
1 1 121
6 1 121
17 1 121
23 1 121
27 1 121
32 1 121
33 1 121
43 1 121
49 1 121
62 1 121
71 1 121
78 1 121
92 1 121
1 121 122
6 121 122
17 121 122
23 121 122
27 121 122
32 121 122
33 121 122
43 121 122
49 121 122
62 121 122
71 121 122
78 121 122
92 121 122
44 109 2
74 109 2
86 109 2
44 110 109
74 110 109
86 110 109
44 104 102
74 104 102
86 104 102
44 102 114
74 102 114
86 102 114
41 115 102
41 102 103
34 105 104
44 105 104
58 105 104
74 105 104
82 105 104
86 105 104
34 104 134
58 104 134
82 104 134
34 134 133
58 134 133
82 134 133
41 116 115
41 8 117
41 117 118
41 118 119
41 119 120
41 120 116
34 133 132
58 133 132
82 133 132
34 132 131
58 132 131
82 132 131
34 131 130
58 131 130
82 131 130
34 130 129
58 130 129
82 130 129
34 129 128
58 129 128
82 129 128
34 128 9
58 128 9
82 128 9
1 122 123
6 122 123
17 122 123
23 122 123
27 122 123
32 122 123
33 122 123
43 122 123
49 122 123
62 122 123
71 122 123
78 122 123
92 122 123
1 123 124
6 123 124
17 123 124
23 123 124
27 123 124
32 123 124
33 123 124
43 123 124
49 123 124
62 123 124
71 123 124
78 123 124
92 123 124
1 124 125
6 124 125
17 124 125
23 124 125
27 124 125
32 124 125
33 124 125
43 124 125
49 124 125
62 124 125
71 124 125
78 124 125
92 124 125
1 125 126
6 125 126
17 125 126
23 125 126
27 125 126
32 125 126
33 125 126
43 125 126
49 125 126
62 125 126
71 125 126
78 125 126
92 125 126
1 126 127
6 126 127
17 126 127
23 126 127
27 126 127
32 126 127
33 126 127
43 126 127
49 126 127
62 126 127
71 126 127
78 126 127
92 126 127
1 127 103
6 127 103
17 127 103
23 127 103
27 127 103
32 127 103
33 127 103
43 127 103
49 127 103
62 127 103
71 127 103
78 127 103
92 127 103
44 114 113
74 114 113
86 114 113
44 113 112
74 113 112
86 113 112
44 112 111
74 112 111
86 112 111
44 111 110
74 111 110
86 111 110
1 103 135
6 103 135
17 103 135
23 103 135
27 103 135
32 103 135
33 103 135
41 103 135
43 103 135
49 103 135
62 103 135
71 103 135
78 103 135
92 103 135
1 135 137
6 135 137
17 135 137
23 135 137
27 135 137
32 135 137
33 135 137
41 135 137
43 135 137
49 135 137
62 135 137
71 135 137
78 135 137
92 135 137
34 138 136
44 138 136
58 138 136
74 138 136
82 138 136
86 138 136
34 136 105
44 136 105
58 136 105
74 136 105
82 136 105
86 136 105
;
;
set inFlight:=
2
4
5
6
7
8
9
11
13
15
16
17
18
19
;
param tini := 7.7655484485743065;
